0 21
0 22
0 23
0 23
0 23
0 22
0 22
1 21
2 21
2 21
3 20
4 20
5 19
5 19
6 19
7 18
8 18
9 18
9 18
10 18
11 18
12 17
13 17
14 17
15 17
15 17
16 17
17 16
18 16
19 16
20 15
21 15
21 15
22 15
23 14
24 14
25 14
26 13
27 13
27 13
28 13
29 12
30 12
31 12
32 11
33 11
33 11
34 11
35 10
36 10
37 9
38 9
38 9
39 8
40 8
41 7
42 7
42 7
43 6
43 5
44 4
44 4
45 3
46 2
46 2
47 1
47 1
47 1
46 0
46 0
45 1
44 2
43 3
43 3
42 4
41 5
40 5
39 6
38 7
38 7
37 8
36 8
36 8
35 9
35 9
35 10
34 11
34 12
34 12
34 13
34 14
34 14
34 15
34 16
34 17
34 18
34 18
34 19
34 20
34 21
34 21
35 22
35 23
36 24
36 25
36 25
36 26
36 27
37 28
37 29
37 30
37 30
37 31
38 32
38 33
38 34
38 34
38 35
39 36
39 37
39 38
39 38
39 39
38 40
38 41
38 41
38 42
37 43
37 44
37 44
36 45
35 46
35 46
34 47
34 48
33 49
33 49
32 50
31 51
30 52
30 52
29 53
28 53
27 54
27 54
26 55
26 56
26 56
25 57
25 57
26 56
27 55
28 54
29 53
30 52
31 51
32 50
33 49
34 48
35 47
35 46
36 45
37 44
38 43
39 42
40 41
41 40
42 39
43 38
44 37
44 37
45 38
45 39
46 40
46 41
47 42
47 42
47 43
47 43
46 43
46 43
47 44
47 45
47 45
48 46
48 47
48 47
49 48
49 48
50 48
51 48
51 48
52 47
53 47
53 47
54 46
55 45
55 45
55 44
56 43
56 42
56 42
56 41
57 40
57 39
57 39
57 38
57 37
57 36
57 36
57 35
56 34
56 33
56 33
55 32
55 32
54 32
53 32
53 32
52 33
51 33
51 33
50 34
49 35
49 35
49 36
48 37
48 38
48 38
49 38
50 38
51 38
52 39
53 39
54 39
55 39
56 39
57 39
58 40
59 40
60 40
61 40
61 40
62 41
63 42
63 42
64 41
64 41
63 41
63 41
64 41
64 41
65 40
65 40
66 39
67 39
67 39
68 38
69 38
69 38
70 37
70 36
70 36
71 35
71 34
71 34
72 33
72 32
72 32
72 31
72 30
72 30
71 29
71 29
70 29
70 29
69 30
69 30
68 31
67 32
67 32
66 33
65 34
65 34
64 35
64 36
63 37
63 37
63 38
63 39
63 40
63 40
63 41
63 41
63 42
63 43
63 43
64 44
64 44
65 44
66 44
66 44
67 44
68 44
68 44
69 44
70 44
71 44
71 44
72 44
73 43
74 43
74 43
75 43
76 42
77 42
77 42
78 41
79 41
80 40
80 40
81 39
82 38
82 38
83 37
83 36
84 35
84 35
85 34
85 33
85 33
85 32
85 31
85 31
85 30
85 29
85 28
85 28
85 27
85 26
85 26
85 25
85 25
85 25
84 26
84 26
84 27
84 28
84 29
84 29
84 30
84 31
84 32
84 33
84 33
84 34
84 35
83 36
83 37
83 38
83 38
83 39
83 40
83 41
83 41
84 42
84 43
84 43
85 43
85 43
86 43
86 43
87 42
88 41
88 41
89 40
90 39
90 39
91 38
92 37
93 36
93 36
94 35
94 34
95 33
95 32
95 32
95 31
96 30
96 29
96 29
96 28
97 27
97 26
97 26
97 25
97 24
97 23
97 22
97 22
98 21
98 21
98 20
98 20
97 20
97 20
97 20
97 21
97 21
97 22
97 23
97 23
97 24
97 25
97 25
97 26
97 27
97 27
97 28
97 29
97 30
97 30
97 31
97 32
97 33
97 33
97 34
97 35
97 36
97 37
97 37
97 38
97 39
97 40
97 41
97 42
97 42
97 43
97 44
97 45
97 46
97 47
97 47
97 48
97 49
97 50
98 51
98 52
98 53
98 54
98 54
98 55
98 56
98 57
98 58
98 59
98 60
98 61
98 62
98 62
98 63
98 64
99 65
99 66
99 67
99 68
99 68
99 69
99 70
98 71
98 72
98 73
98 73
98 74
98 75
98 76
98 77
98 78
98 78
98 79
98 80
97 81
97 82
97 83
97 83
96 84
96 85
95 86
95 87
95 87
95 88
94 89
94 90
94 90
93 91
92 92
92 93
91 94
91 94
90 95
89 96
88 96
87 97
87 97
86 98
85 98
84 99
84 99
83 99
82 99
81 99
80 99
80 99
79 99
78 99
77 99
76 99
75 99
75 99
74 99
73 98
72 98
71 98
71 98
70 97
69 96
68 95
68 95
67 94
66 93
65 92
65 92
65 91
64 90
64 89
64 88
64 88
64 87
65 86
65 85
65 85
65 84
66 83
66 82
66 82
67 81
67 80
68 79
68 78
69 77
69 77
70 76
71 75
72 74
73 73
