7 25
6 25
5 25
4 25
4 25
3 24
2 24
2 24
1 25
0 26
0 26
0 27
0 28
0 28
0 29
0 29
1 30
1 30
2 31
2 31
3 30
4 30
5 29
6 29
6 29
7 28
8 28
9 27
10 27
11 26
11 26
12 25
13 25
14 24
15 24
16 23
17 23
18 22
18 22
19 21
20 21
21 20
22 19
23 18
24 18
25 17
25 17
26 16
27 15
28 14
29 14
30 13
31 12
31 12
32 11
33 11
34 10
35 10
36 9
37 9
38 8
38 8
39 7
40 6
41 5
42 4
42 4
43 3
44 3
45 2
45 2
46 1
47 1
47 1
48 0
48 0
47 1
47 1
46 2
45 3
45 3
44 4
43 5
42 5
41 6
41 6
40 7
39 8
38 8
37 9
37 9
36 10
35 11
34 12
33 13
33 13
32 14
31 15
31 16
30 17
30 17
29 18
28 19
28 20
27 21
27 21
27 22
27 23
26 24
26 25
26 26
26 27
26 27
26 28
26 29
26 30
26 31
26 32
26 33
26 33
26 34
26 35
26 36
26 37
26 38
26 39
26 40
26 41
26 41
26 42
26 43
26 44
26 45
26 46
26 47
26 48
26 49
26 50
26 50
26 51
26 52
26 53
26 54
25 55
25 56
25 57
25 58
25 59
25 59
25 60
25 61
25 62
24 63
24 64
24 65
24 66
24 66
24 67
24 68
23 69
23 70
23 71
23 72
23 72
23 73
22 74
22 75
22 76
21 77
21 78
21 78
20 79
20 80
20 80
19 81
19 81
19 81
19 80
20 79
20 78
21 77
21 76
21 75
22 74
22 73
22 72
23 71
23 70
24 69
24 68
24 67
25 66
25 65
26 64
26 63
26 62
27 61
27 60
27 59
28 58
28 57
29 56
29 55
29 55
30 55
31 54
32 54
33 53
34 53
34 53
34 54
34 54
34 55
34 55
35 56
35 57
36 58
36 58
36 59
37 60
37 61
37 61
37 62
38 63
38 64
38 64
38 65
39 66
39 67
39 67
40 68
40 69
40 69
41 69
42 69
42 69
43 69
43 69
44 68
45 67
45 67
46 66
46 65
47 64
47 63
47 63
48 62
48 61
49 60
49 59
49 59
49 58
50 57
50 56
50 55
50 55
50 54
50 53
50 52
50 52
49 51
49 50
49 50
48 49
47 48
47 48
46 48
45 48
44 48
44 48
43 49
42 49
41 50
41 50
40 51
39 52
38 53
38 53
37 54
37 55
36 56
36 57
36 57
35 58
35 59
34 60
34 60
35 60
36 60
37 60
38 60
39 60
40 61
41 61
42 61
43 61
44 61
45 61
46 61
47 61
48 61
49 61
50 62
51 62
52 62
53 62
54 62
55 62
55 62
56 63
56 64
57 65
57 66
57 66
57 65
57 64
57 64
57 64
58 63
59 63
59 63
60 62
61 61
62 60
62 60
63 59
64 58
65 58
66 57
66 57
67 56
67 55
68 54
68 53
68 53
69 52
69 51
70 50
70 50
70 49
71 48
71 47
71 47
71 46
71 45
71 44
71 44
70 43
70 42
70 42
69 42
68 42
68 42
67 43
66 43
66 43
65 44
64 45
64 45
64 46
63 47
63 48
62 49
62 50
62 50
62 51
61 52
61 53
60 54
60 55
60 55
60 56
60 57
60 58
60 59
60 60
60 60
60 61
60 62
60 63
60 64
60 64
60 65
61 66
61 67
61 67
62 68
63 68
63 68
64 68
65 67
66 67
66 67
67 66
68 66
69 65
70 65
70 65
71 64
72 63
72 62
73 61
73 61
74 60
75 59
75 58
76 57
77 56
77 56
78 55
79 54
79 53
80 52
81 51
81 51
82 50
82 49
83 48
83 47
83 47
84 46
85 45
85 44
86 43
86 43
86 42
87 41
87 40
87 39
87 39
87 38
87 38
87 38
86 39
86 39
86 40
86 41
86 42
86 43
86 43
86 44
85 45
85 46
84 47
84 48
84 48
84 49
84 50
84 51
84 52
84 53
84 54
84 54
84 55
84 56
84 57
84 58
84 59
84 59
84 60
84 61
84 61
85 62
86 62
86 62
87 61
87 61
88 60
88 59
89 58
89 58
90 57
91 56
91 55
92 54
92 54
92 53
93 52
93 51
94 50
94 49
94 49
94 48
95 47
95 46
96 45
96 44
96 44
96 43
97 42
97 41
98 40
98 39
98 39
98 38
98 37
99 36
99 35
99 34
99 34
99 33
99 32
99 31
99 30
99 30
98 29
98 29
98 29
97 30
97 30
97 31
97 32
97 32
97 33
96 34
96 35
96 36
96 36
96 37
96 38
96 39
96 39
96 40
96 41
96 42
96 43
96 44
96 44
96 45
96 46
96 47
96 48
96 48
96 49
96 50
97 51
97 52
97 53
97 54
97 54
97 55
97 56
97 57
97 58
97 59
97 60
97 60
97 61
97 62
97 63
98 64
98 65
98 66
98 67
98 67
98 68
98 69
98 70
98 71
98 72
98 73
98 74
98 74
98 75
98 76
98 77
97 78
97 79
97 80
97 81
97 81
97 82
96 83
96 84
95 85
95 86
95 86
94 87
94 88
93 89
93 90
92 91
92 91
91 92
91 93
90 94
90 95
89 96
89 96
88 96
87 97
86 97
85 98
84 98
84 98
83 98
82 99
81 99
81 99
80 99
79 99
78 99
77 99
77 99
76 98
75 97
75 97
74 96
74 95
74 95
74 94
74 93
74 92
74 91
74 90
74 90
74 89
75 88
75 87
75 86
76 85
76 84
76 84
77 83
77 82
78 81
78 80
79 79
79 78
80 77
80 77
81 76
81 75
82 74
83 73
83 72
84 71
84 70
85 69
