15 7
14 8
13 8
13 8
13 8
13 7
13 7
14 7
14 7
15 7
16 7
17 7
17 7
18 7
19 6
20 6
21 6
21 6
22 6
23 6
24 6
24 6
25 6
26 6
27 5
28 5
29 5
29 5
30 5
31 4
32 4
33 4
33 4
34 4
35 4
36 3
37 3
38 3
38 3
39 3
40 3
41 3
41 3
42 2
43 2
43 2
44 2
45 2
45 2
46 2
46 2
47 1
47 1
48 1
48 1
47 1
47 1
46 0
45 0
45 0
44 0
43 0
43 0
42 1
42 1
41 1
40 1
40 1
39 2
38 3
38 3
37 4
36 4
36 4
35 5
35 6
34 7
34 7
33 8
33 9
32 10
32 10
32 11
32 12
31 13
31 14
31 15
31 15
31 16
30 17
30 18
30 19
29 20
29 21
29 21
29 22
28 23
28 24
28 25
28 26
27 27
27 28
27 28
27 29
27 30
27 31
26 32
26 33
26 34
26 35
26 35
26 36
25 37
25 38
25 39
25 40
24 41
24 42
24 42
24 43
23 44
23 45
23 46
22 47
22 48
22 48
22 49
22 50
21 51
21 52
21 53
21 54
21 54
21 55
20 56
20 57
20 58
19 59
19 60
19 60
19 61
18 62
18 63
17 64
17 65
17 65
16 66
16 67
15 68
15 69
15 69
14 70
13 71
12 72
12 72
11 73
11 74
10 75
10 75
9 76
8 77
8 77
7 78
6 79
6 79
5 79
5 79
4 79
3 79
3 79
2 78
2 78
1 77
1 77
0 76
0 76
1 75
2 74
3 74
4 73
5 72
6 71
7 71
8 70
9 69
10 68
11 68
12 67
13 66
14 65
15 65
16 64
17 63
18 62
19 62
20 61
21 60
22 59
23 59
24 58
25 57
26 56
27 56
28 55
29 54
30 53
31 53
32 52
33 51
34 50
35 50
36 49
37 48
38 47
39 47
40 46
41 45
41 45
41 46
41 46
40 47
40 47
40 46
40 46
40 47
40 48
40 48
39 49
39 50
39 50
39 51
39 52
39 52
39 53
39 54
39 54
39 55
39 55
39 56
39 56
40 56
41 56
41 56
42 56
42 56
43 55
44 55
44 55
45 54
46 54
46 54
47 53
47 52
47 52
48 51
48 50
48 50
48 49
48 48
48 48
47 47
47 46
47 46
46 45
46 44
46 44
45 43
44 43
44 43
43 43
42 43
42 43
41 43
40 43
39 43
39 43
38 44
38 44
37 44
36 44
36 44
35 45
35 45
36 46
36 46
36 47
36 47
37 47
38 48
39 48
40 48
41 48
42 49
43 49
44 49
45 49
46 50
47 50
48 50
49 50
50 51
51 51
52 51
53 51
54 52
55 52
56 52
57 52
58 53
59 53
60 53
60 53
60 54
59 55
59 56
59 56
58 56
58 56
58 56
59 56
59 56
60 56
60 56
61 55
61 54
61 54
62 54
63 54
63 54
64 53
65 52
65 52
66 51
66 50
66 50
67 49
68 48
68 48
69 47
69 46
69 46
70 45
70 45
70 44
70 44
70 43
70 42
70 42
69 42
68 42
68 42
67 41
67 41
66 41
65 41
65 41
64 42
64 42
63 43
63 43
62 44
62 45
62 45
62 46
61 47
61 48
61 48
61 49
61 50
61 50
61 51
61 52
61 53
61 53
62 54
62 54
63 55
63 56
63 56
64 57
65 57
65 57
66 58
67 58
67 58
68 58
69 58
69 58
70 57
71 57
71 57
72 57
73 56
74 56
74 56
75 55
76 55
76 55
77 54
78 54
79 53
79 53
80 52
81 51
81 51
82 50
82 50
83 49
84 48
84 48
85 47
85 46
85 46
86 45
86 45
86 44
86 44
86 43
86 43
86 43
86 43
86 43
85 44
85 44
85 45
85 46
85 46
84 47
84 47
84 48
84 49
84 49
85 50
85 51
85 51
86 52
86 52
87 52
87 52
88 52
89 52
89 52
90 51
91 51
91 51
92 50
93 50
93 50
94 49
95 48
95 48
96 47
96 47
97 46
97 45
97 45
98 44
98 43
98 43
99 42
99 42
99 41
99 41
99 40
99 40
98 40
98 40
98 39
98 39
98 39
98 39
98 39
98 40
98 40
98 40
98 40
98 40
98 40
98 40
98 40
98 41
98 41
98 41
98 41
98 41
98 41
98 42
98 42
98 42
97 42
97 42
97 43
97 43
97 43
97 44
97 44
96 44
96 44
96 45
96 45
95 46
95 47
95 47
95 48
95 49
95 49
94 50
94 51
93 52
93 53
93 53
93 54
93 55
92 56
92 57
92 58
92 58
92 59
91 60
91 61
91 62
90 63
90 64
90 64
90 65
89 66
89 67
88 68
88 69
88 69
88 70
87 71
87 72
86 73
86 74
86 74
86 75
86 76
85 77
85 78
85 79
85 79
84 80
84 81
83 82
83 83
83 83
83 84
82 85
82 86
82 86
81 87
81 88
80 89
80 89
79 90
78 91
78 91
77 92
76 92
75 93
75 93
74 94
73 94
72 95
72 95
71 96
70 97
70 97
69 97
68 98
67 98
67 98
66 98
65 99
64 99
64 99
63 99
62 99
62 99
61 99
60 99
60 99
59 99
59 99
58 98
57 98
57 98
56 97
56 97
56 96
56 96
56 95
56 95
56 94
56 94
56 93
56 93
