0 8
0 9
0 10
0 10
1 9
1 9
2 8
2 7
2 7
3 7
4 7
4 7
5 7
6 6
7 6
7 6
8 6
9 5
10 5
10 5
11 5
12 4
13 4
13 4
14 3
15 3
15 3
16 2
17 2
17 2
18 2
19 2
19 2
20 1
21 1
21 1
22 1
22 1
22 0
22 0
23 0
23 0
22 0
22 0
22 0
22 1
22 1
21 1
21 1
20 2
20 2
19 3
19 3
18 4
18 4
18 5
18 6
18 7
18 7
18 8
17 9
17 10
17 10
17 11
17 12
17 13
17 14
17 14
17 15
17 16
17 17
17 18
17 18
17 19
17 20
17 21
17 22
17 23
17 23
17 24
17 25
17 26
17 27
17 28
17 28
17 29
17 30
18 31
18 32
18 33
18 34
18 34
18 35
18 36
18 37
18 38
18 39
18 40
18 40
18 41
18 42
18 43
18 44
18 45
18 45
18 46
18 47
18 48
18 49
18 50
18 50
18 51
18 52
18 53
18 54
18 55
18 55
18 56
18 57
17 58
17 59
17 60
17 60
17 61
16 62
16 63
16 64
16 64
16 65
16 66
15 67
15 68
15 69
15 69
15 70
14 71
14 72
14 73
14 73
13 74
12 75
12 75
11 76
11 77
10 78
10 78
9 79
8 79
8 79
7 79
6 79
6 79
5 78
4 77
4 77
3 76
3 75
3 75
4 74
5 73
6 72
7 71
8 70
9 70
10 69
11 68
12 67
13 66
14 65
15 64
16 63
17 62
18 61
19 60
20 60
21 59
22 58
23 57
24 56
25 55
26 54
27 53
28 52
29 51
30 50
31 50
32 49
33 48
34 47
35 46
36 45
36 45
36 45
36 46
36 46
36 46
36 47
36 47
35 48
35 49
35 49
34 50
34 51
34 51
34 52
34 53
34 53
34 54
33 55
33 56
33 56
33 57
33 58
33 59
33 59
33 60
33 61
33 62
33 62
33 63
33 63
34 64
34 64
35 64
35 64
36 63
37 63
37 63
38 62
38 62
39 61
39 60
39 60
39 59
40 58
40 57
40 57
40 56
41 55
41 54
41 54
41 53
41 52
41 52
41 51
41 50
41 49
41 49
41 48
40 47
40 46
40 46
40 45
39 44
39 43
39 43
38 42
38 42
37 41
37 41
36 41
35 41
35 41
34 42
34 42
33 42
33 42
33 43
33 43
33 43
34 44
34 44
35 45
36 45
36 45
37 45
38 45
38 45
39 45
40 45
41 45
42 45
42 45
43 45
44 44
45 44
45 44
46 44
47 43
48 43
48 43
49 43
50 42
51 42
52 42
53 42
54 41
55 41
56 41
57 41
58 40
59 40
60 40
60 40
60 41
60 42
60 42
59 43
59 43
58 44
58 44
58 45
58 45
57 46
57 47
57 47
57 48
57 48
58 49
58 49
58 50
58 50
59 51
59 51
60 51
60 51
61 51
61 51
62 51
62 51
63 50
64 50
64 50
65 49
65 48
65 48
66 47
67 46
67 46
68 45
68 44
68 44
68 43
68 42
68 42
69 41
69 40
69 40
69 39
69 38
69 38
68 37
68 36
68 36
68 35
68 35
67 35
67 35
66 35
66 35
65 36
64 36
64 36
63 37
63 38
63 38
62 39
61 40
61 40
61 41
60 42
60 43
60 43
60 44
59 45
59 46
59 46
59 47
59 48
59 48
59 49
59 50
59 51
59 51
59 52
60 53
60 54
60 54
61 55
61 56
61 56
62 57
62 58
62 58
63 59
64 59
64 59
65 59
66 60
67 60
67 60
68 60
69 59
70 59
70 59
71 58
72 58
73 57
73 57
74 56
75 56
76 55
76 55
77 54
78 53
79 52
79 52
80 51
81 51
82 50
82 50
83 49
83 48
84 47
84 47
85 46
85 45
86 44
86 44
86 43
87 42
87 41
87 40
87 40
88 39
88 38
88 38
89 37
89 36
89 36
89 35
89 35
89 35
88 35
88 35
88 36
88 36
88 37
88 37
87 38
87 39
87 39
87 40
87 41
87 42
87 42
87 43
86 44
86 45
86 45
86 46
86 47
86 47
86 48
86 49
86 50
86 50
87 51
87 52
87 52
88 53
88 54
88 54
89 54
89 54
90 54
90 54
91 53
91 52
91 52
92 51
92 51
93 50
94 49
94 49
94 48
95 47
95 46
95 46
95 45
96 44
96 43
96 42
96 42
96 41
97 40
97 39
97 39
97 38
98 37
98 36
98 36
98 35
98 34
98 34
99 33
99 33
99 33
98 33
98 33
98 34
98 35
98 35
98 36
97 37
97 38
97 38
97 39
97 40
97 41
97 42
97 42
97 43
97 44
96 45
96 46
96 47
96 47
96 48
96 49
96 50
96 51
96 52
96 52
96 53
96 54
96 55
95 56
95 57
95 58
95 59
95 59
95 60
95 61
95 62
94 63
94 64
94 65
94 66
94 67
94 67
94 68
94 69
94 70
94 71
94 72
94 73
94 73
94 74
94 75
93 76
93 77
93 78
93 79
93 79
93 80
93 81
92 82
92 83
92 84
92 84
92 85
92 86
91 87
91 88
91 89
91 89
91 90
90 91
90 92
90 92
90 93
89 94
89 95
89 95
88 96
88 97
87 98
87 98
86 99
85 99
85 99
84 99
83 99
83 99
82 99
81 99
81 99
80 99
79 99
79 99
78 98
77 97
77 97
76 96
76 95
76 95
76 94
75 93
75 92
75 92
75 91
76 90
76 89
76 88
76 88
76 87
77 86
77 85
78 84
78 83
78 83
78 82
79 81
79 80
80 79
80 78
80 78
80 77
81 76
81 75
82 74
82 73
82 73
83 72
84 71
84 70
85 69
86 68
86 68
87 67
88 66
89 65
89 64
90 63
91 62
