0 21
0 21
0 21
0 21
0 21
1 21
1 21
2 20
2 20
3 20
3 20
4 20
5 19
6 19
6 19
7 18
8 17
8 17
9 16
10 16
11 15
11 15
12 14
13 14
14 13
15 13
15 13
16 12
17 12
18 11
18 11
19 10
20 9
21 9
22 8
22 8
23 7
24 7
25 6
25 6
26 5
27 4
27 4
28 3
29 2
29 2
30 1
30 1
30 0
30 0
30 0
30 1
30 1
29 1
29 1
28 2
28 2
28 3
28 3
27 4
27 4
26 5
26 6
26 6
26 7
26 8
26 8
26 9
25 10
25 11
25 11
25 12
24 13
24 14
24 14
24 15
24 16
24 17
24 18
24 18
24 19
23 20
23 21
23 21
23 22
23 23
23 24
23 25
23 26
23 26
23 27
22 28
22 29
22 30
22 30
22 31
22 32
22 33
22 34
22 35
22 35
22 36
22 37
22 38
22 39
22 39
22 40
22 41
22 42
22 43
22 44
22 44
22 45
22 46
22 47
22 48
22 48
22 49
21 50
21 51
21 52
21 52
21 53
21 54
21 55
21 55
20 56
20 57
19 58
19 59
19 59
19 60
18 61
18 62
18 62
17 63
17 63
16 64
15 64
15 64
14 64
14 64
13 64
13 64
12 63
12 63
11 62
11 62
11 61
11 60
11 60
11 59
11 58
11 58
12 57
12 56
12 56
13 55
13 54
13 54
14 53
15 52
15 52
16 51
17 50
17 50
18 50
19 49
20 49
21 49
22 48
23 48
24 48
25 47
26 47
27 47
28 47
29 46
30 46
31 46
32 45
33 45
34 45
35 44
36 44
36 44
37 43
38 43
38 43
38 43
38 43
38 42
38 42
38 42
38 42
38 43
38 43
38 44
38 44
38 45
38 45
38 46
38 47
38 48
38 48
38 49
38 50
38 50
38 51
38 52
38 52
39 53
39 53
39 54
39 55
39 55
40 56
40 56
41 56
41 56
42 55
43 55
43 55
44 54
44 54
45 53
46 53
46 53
47 52
47 51
47 51
47 50
47 49
47 49
47 48
47 47
47 47
46 46
46 45
46 45
45 44
45 43
45 43
44 42
44 42
43 42
42 42
42 42
41 41
41 41
40 41
40 41
39 41
39 41
39 41
39 42
39 42
40 43
40 43
41 43
41 43
42 44
42 44
43 44
44 44
44 44
45 43
46 43
46 43
47 43
48 42
49 42
49 42
50 42
51 41
52 41
52 41
53 41
54 40
55 40
55 40
56 39
57 39
58 38
58 38
59 38
60 38
61 38
61 38
62 38
62 38
63 39
63 39
64 40
64 40
65 41
65 41
66 42
66 42
67 43
67 43
68 42
68 42
69 41
70 41
70 41
71 40
71 39
71 39
72 38
73 37
73 37
73 36
74 35
74 34
74 34
74 33
74 32
74 32
74 31
74 31
73 30
73 30
72 29
72 29
71 30
71 30
70 31
69 31
69 31
68 32
68 32
67 33
66 34
66 34
66 35
65 36
65 37
65 37
64 38
64 39
64 39
64 40
63 41
63 42
63 42
63 43
63 44
63 44
63 45
63 46
63 47
63 47
64 48
64 49
64 49
65 50
65 50
66 51
66 51
67 51
68 51
68 51
69 51
69 51
70 50
71 50
71 50
72 49
73 48
73 48
73 47
74 46
74 45
74 45
74 44
75 43
75 42
75 42
75 41
76 40
76 39
76 39
77 38
77 37
77 37
77 36
78 35
78 34
78 34
78 33
78 32
78 32
79 31
79 31
79 30
79 30
79 30
79 31
79 31
79 32
79 32
79 33
79 34
79 34
79 35
79 36
79 37
79 37
79 38
79 39
79 40
79 40
79 41
79 42
79 42
79 43
80 44
80 45
80 45
80 46
80 47
80 47
81 48
81 49
81 49
82 50
82 50
83 50
83 50
84 49
84 49
85 48
85 48
86 47
87 46
87 46
87 45
88 44
88 43
88 43
88 42
89 41
89 40
89 40
89 39
89 38
89 37
89 37
89 36
90 35
90 34
90 33
90 33
91 32
91 31
91 31
91 30
91 29
91 29
91 28
91 28
91 27
91 27
91 27
91 27
91 27
90 28
90 28
90 29
90 29
90 30
90 31
90 31
90 32
90 33
90 33
90 34
90 35
90 36
90 37
90 37
90 38
90 39
90 40
90 41
90 41
90 42
90 43
89 44
89 45
89 46
89 47
89 47
89 48
89 49
89 50
89 51
89 52
89 53
89 53
89 54
89 55
89 56
89 57
89 58
89 59
89 59
89 60
89 61
89 62
89 63
89 64
89 65
89 65
89 66
89 67
88 68
88 69
88 70
88 71
88 71
88 72
88 73
88 74
88 75
88 76
88 77
88 77
88 78
88 79
88 80
88 81
88 82
88 83
88 84
88 84
88 85
88 86
87 87
87 88
87 89
87 89
87 90
86 91
86 92
86 93
86 93
86 94
85 95
85 96
85 96
84 97
84 98
84 98
83 99
83 99
82 99
82 99
81 98
81 98
80 97
80 97
80 96
79 95
79 94
79 94
79 93
78 92
78 91
78 91
78 90
78 89
78 88
78 88
78 87
79 86
79 85
79 85
79 84
80 83
80 82
80 81
80 81
80 80
81 79
81 78
81 78
82 77
82 76
83 75
83 74
83 74
84 73
85 72
85 71
86 70
86 70
87 69
87 68
88 67
88 66
89 65
89 65
90 64
91 63
92 62
93 61
94 60
94 60
95 59
96 58
96 57
97 56
98 55
