3 1
2 2
2 2
1 2
1 2
1 1
1 0
1 0
1 1
1 1
1 2
1 3
1 3
0 4
0 5
0 5
0 6
0 7
0 8
0 9
0 9
0 10
0 11
0 12
0 13
0 14
0 14
0 15
0 16
0 17
0 18
0 19
0 20
0 21
0 21
0 22
0 23
0 24
0 25
0 26
0 27
0 28
0 29
0 29
0 30
0 31
0 32
0 33
0 34
0 35
0 36
0 37
0 37
0 38
0 39
0 40
0 41
1 42
1 43
1 44
1 45
1 46
1 46
1 47
1 48
1 49
1 50
2 51
2 52
2 53
2 54
2 55
2 56
2 56
2 57
2 58
2 59
3 60
3 61
3 62
3 63
3 64
3 64
3 65
3 66
3 67
4 68
4 69
4 70
4 71
4 72
4 72
4 73
4 74
5 75
5 76
5 77
5 78
5 78
5 79
5 80
6 81
6 82
6 83
6 84
6 84
6 85
6 86
7 87
7 88
7 89
7 90
7 90
8 91
8 92
9 93
9 94
9 94
10 95
11 96
11 96
12 97
13 97
13 97
14 97
15 97
15 97
16 96
16 95
17 94
17 94
18 93
18 92
19 91
19 90
19 90
20 89
20 88
21 87
21 86
22 85
22 85
22 84
22 83
22 82
23 81
23 80
23 79
23 78
23 77
23 77
23 76
24 75
24 74
24 73
24 72
25 71
25 70
25 69
25 69
25 68
25 67
25 66
26 65
26 64
26 63
26 62
26 61
26 61
26 60
26 59
26 58
26 57
27 56
27 55
27 54
27 53
27 52
27 51
27 51
27 50
27 49
27 48
27 47
28 46
28 45
28 44
28 43
28 42
28 41
28 41
28 40
28 39
28 38
28 37
28 36
28 35
28 34
28 34
28 33
28 32
28 31
28 30
28 29
28 28
28 28
28 27
28 26
28 25
28 24
28 23
28 22
28 22
28 21
28 20
28 19
28 19
28 18
28 17
28 16
28 16
28 15
28 15
28 15
28 15
28 16
28 16
28 17
29 18
29 19
29 19
29 20
29 21
29 22
29 23
29 24
29 24
29 25
29 26
30 27
30 28
30 29
30 30
30 30
30 31
30 32
30 33
30 34
30 35
30 36
30 37
30 37
30 38
30 39
30 40
31 41
31 42
31 43
31 44
31 44
31 45
31 46
31 47
31 48
31 49
31 50
31 51
31 51
31 52
31 53
31 54
31 55
31 56
31 57
31 58
31 59
31 59
31 60
31 61
31 62
31 63
31 64
31 65
31 66
31 66
31 67
31 68
32 69
32 70
32 71
32 72
32 72
32 73
32 74
32 75
32 76
32 77
32 78
32 78
32 79
32 80
33 81
33 82
33 83
33 84
33 84
33 85
34 86
34 87
34 88
34 88
35 89
35 90
36 91
36 92
36 92
36 93
37 94
37 95
37 95
38 95
39 95
40 95
40 95
41 94
42 94
42 94
43 93
44 92
45 91
45 91
46 90
47 89
47 88
48 87
48 87
48 86
49 85
49 84
50 83
50 82
50 82
50 81
51 80
51 79
52 78
52 77
52 77
52 76
53 75
53 74
53 73
53 72
54 71
54 70
54 69
54 69
54 68
55 67
55 66
55 65
55 64
56 63
56 62
56 61
56 61
56 60
56 59
56 58
56 57
57 56
57 55
57 54
57 53
57 52
57 51
57 51
57 50
57 49
57 48
58 47
58 46
58 45
58 44
58 43
58 43
58 42
58 41
58 40
58 39
58 38
58 37
58 36
58 36
58 35
58 34
59 33
59 32
59 31
59 30
59 30
59 29
59 28
59 27
59 26
59 25
59 25
59 24
59 23
59 22
59 22
59 21
59 20
59 20
59 19
59 19
59 19
59 19
59 20
59 21
59 21
59 22
59 23
59 24
59 25
59 25
59 26
59 27
59 28
59 29
59 30
59 31
59 32
59 32
59 33
59 34
60 35
60 36
60 37
60 38
60 38
60 39
60 40
60 41
60 42
60 43
60 44
60 45
60 45
60 46
60 47
60 48
59 49
59 50
59 51
59 52
59 52
59 53
59 54
59 55
59 56
59 57
59 58
59 59
59 59
59 60
59 61
59 62
59 63
59 64
59 65
59 66
59 66
59 67
59 68
59 69
59 70
59 71
59 72
59 72
59 73
59 74
59 75
59 76
59 77
59 77
59 78
59 79
60 80
60 81
60 82
60 82
60 83
61 84
61 85
62 86
62 87
62 87
63 88
63 89
64 90
64 90
65 91
66 92
67 93
67 93
68 93
69 93
70 93
70 93
71 93
72 93
73 93
73 93
74 93
75 93
76 93
76 93
77 92
78 92
79 91
79 91
80 90
80 89
81 88
81 88
82 87
83 86
83 85
84 84
84 84
84 83
85 82
85 81
86 80
86 79
86 79
86 78
87 77
87 76
87 75
87 75
87 74
87 73
87 72
87 71
87 71
87 70
87 69
87 68
87 68
87 67
87 66
87 66
86 65
85 65
85 65
84 65
84 65
83 66
82 66
82 66
81 67
80 68
80 68
80 69
79 70
79 71
79 71
79 72
78 73
78 74
78 75
78 75
78 76
78 77
78 78
78 79
78 79
78 80
78 81
78 82
78 83
78 84
78 84
78 85
78 86
79 87
79 88
79 89
79 89
79 90
80 91
80 92
80 93
80 93
81 94
81 95
82 96
82 97
82 97
83 98
84 98
85 99
85 99
86 99
87 99
88 99
89 99
89 99
90 99
91 99
92 99
93 99
93 99
94 99
95 98
96 98
96 98
97 97
98 97
99 96
99 96
98 95
97 94
96 93
95 92
94 91
93 90
92 89
91 88
90 88
89 87
88 86
87 85
86 84
85 83
84 82
83 81
82 80
81 79
80 78
79 77
78 76
77 75
76 74
75 73
74 72
73 72
72 71
71 70
70 69
69 68
68 67
67 66
66 65
65 64
64 63
63 62
62 61
61 60
60 59
59 58
58 57
57 56
56 56
55 55
54 54
53 53
52 52
51 51
50 50
49 49
48 48
48 48
47 48
46 48
46 48
45 49
45 49
44 48
44 47
44 47
44 47
44 47
44 47
45 47
45 47
46 47
47 47
47 47
48 47
49 47
49 47
50 47
51 47
52 47
52 47
53 47
54 46
55 46
55 46
56 46
57 46
58 46
58 46
59 46
60 46
61 46
61 46
62 46
63 46
64 46
