0 4
0 3
0 2
0 2
0 1
0 1
0 0
0 0
0 0
0 0
0 0
0 1
0 1
0 2
0 3
0 4
0 4
0 5
0 6
0 7
0 7
0 8
0 9
1 10
1 11
1 12
1 13
1 13
1 14
1 15
1 16
1 17
1 18
1 19
1 20
1 21
1 22
1 22
1 23
1 24
1 25
1 26
1 27
1 28
1 29
1 30
1 31
1 32
1 32
1 33
1 34
1 35
1 36
1 37
1 38
1 39
1 40
1 41
1 42
1 43
1 43
1 44
1 45
1 46
1 47
1 48
1 49
1 50
1 51
1 52
1 53
1 53
1 54
1 55
1 56
1 57
1 58
2 59
2 60
2 61
2 62
2 63
2 64
2 64
2 65
2 66
2 67
2 68
2 69
2 70
2 71
2 72
2 73
2 73
2 74
2 75
2 76
3 77
3 78
3 79
3 80
3 80
3 81
4 82
4 83
4 84
4 85
5 86
5 87
5 87
5 88
6 89
6 90
7 91
7 92
7 92
8 93
8 94
9 95
9 96
9 96
10 97
11 97
12 98
12 98
13 98
14 99
15 99
15 99
16 99
17 99
18 99
18 99
19 98
20 98
21 97
22 97
22 97
23 96
23 95
24 94
24 94
25 93
26 92
26 91
27 90
27 90
27 89
28 88
28 87
28 86
28 85
29 84
29 83
29 83
29 82
30 81
30 80
30 79
30 78
31 77
31 76
31 75
31 75
31 74
31 73
31 72
32 71
32 70
32 69
32 68
32 67
32 67
32 66
32 65
32 64
32 63
32 62
33 61
33 60
33 59
33 58
33 57
33 56
33 56
33 55
33 54
33 53
33 52
34 51
34 50
34 49
34 48
34 47
34 46
34 46
34 45
34 44
34 43
34 42
35 41
35 40
35 39
35 38
35 37
35 37
35 36
35 35
35 34
35 33
35 32
35 31
35 30
35 29
35 29
35 28
35 27
35 26
35 25
35 24
35 23
35 22
35 21
35 21
35 20
35 19
36 18
36 17
36 16
36 16
36 15
36 14
36 13
36 13
36 12
36 12
36 11
36 11
36 11
36 12
36 13
36 13
36 14
35 15
35 16
35 17
35 17
35 18
35 19
35 20
35 21
35 22
35 23
35 24
35 24
35 25
35 26
35 27
35 28
35 29
35 30
35 31
35 32
35 32
35 33
35 34
35 35
36 36
36 37
36 38
36 39
36 40
36 40
36 41
36 42
36 43
36 44
36 45
36 46
36 47
36 48
36 49
36 49
36 50
36 51
36 52
36 53
37 54
37 55
37 56
37 57
37 58
37 58
37 59
37 60
37 61
37 62
37 63
37 64
37 65
37 66
37 66
37 67
37 68
38 69
38 70
38 71
38 72
38 72
38 73
38 74
38 75
39 76
39 77
39 78
39 79
39 79
39 80
39 81
40 82
40 83
40 84
40 84
40 85
40 86
41 87
41 88
41 89
41 90
41 90
42 91
42 92
43 93
43 94
43 94
44 94
45 95
46 95
46 95
47 96
48 96
48 96
49 96
50 95
51 95
51 95
52 94
53 93
54 92
54 92
55 91
55 90
56 89
56 88
56 88
56 87
57 86
57 85
57 84
58 83
58 82
58 82
58 81
59 80
59 79
59 78
59 77
60 76
60 75
60 74
60 74
60 73
61 72
61 71
61 70
61 69
62 68
62 67
62 66
62 66
62 65
62 64
62 63
62 62
63 61
63 60
63 59
63 58
63 57
63 57
63 56
63 55
64 54
64 53
64 52
64 51
65 50
65 49
65 48
65 48
65 47
65 46
65 45
66 44
66 43
66 42
66 41
66 40
66 40
66 39
66 38
67 37
67 36
67 35
67 34
67 34
67 33
67 32
67 31
67 30
67 29
67 29
67 28
67 27
67 26
67 25
67 24
67 24
67 23
67 22
67 22
67 21
67 20
67 20
66 20
66 20
66 20
66 21
66 21
66 22
66 23
66 24
66 24
66 25
66 26
66 27
65 28
65 29
65 30
65 31
65 31
65 32
65 33
65 34
65 35
65 36
65 37
65 38
65 38
65 39
65 40
65 41
65 42
65 43
65 44
65 45
65 46
65 46
65 47
65 48
65 49
65 50
65 51
65 52
65 53
65 54
65 54
65 55
65 56
65 57
65 58
65 59
65 60
65 61
65 62
65 62
65 63
65 64
65 65
65 66
65 67
65 68
65 69
65 69
65 70
65 71
66 72
66 73
66 74
66 75
66 75
66 76
66 77
67 78
67 79
67 80
67 81
67 81
67 82
67 83
68 84
68 85
68 86
68 86
69 87
70 88
70 89
71 90
71 90
72 91
72 92
73 93
73 94
73 94
74 95
75 95
76 96
76 96
77 97
78 97
79 98
79 98
80 98
81 99
82 99
82 99
83 99
84 98
85 98
85 98
86 98
87 97
88 97
88 97
89 96
90 96
91 95
91 95
92 94
92 93
93 92
93 92
94 91
94 90
95 89
95 89
95 88
95 87
96 86
96 85
96 84
96 84
96 83
96 82
97 81
97 80
97 79
97 79
97 78
97 77
96 76
96 75
96 74
96 74
96 73
96 72
96 71
96 70
96 69
96 68
96 68
95 67
95 66
94 65
94 65
93 64
92 64
92 64
91 64
90 64
90 64
89 64
88 65
87 65
87 65
87 66
86 67
86 68
86 68
86 69
85 70
85 71
85 72
85 72
85 73
84 74
84 75
84 76
84 76
84 77
84 78
85 79
85 80
85 81
85 81
85 82
86 83
86 84
86 85
86 85
86 86
87 87
87 88
87 89
87 89
88 90
89 91
90 92
90 92
91 93
92 93
93 94
93 94
94 94
95 94
96 94
96 94
97 94
98 94
99 94
99 94
98 93
97 92
96 91
95 90
94 90
93 89
92 88
91 87
90 86
89 85
88 84
87 83
86 83
85 82
84 81
83 80
82 79
81 78
80 77
79 76
78 75
77 75
76 74
75 73
74 72
73 71
72 70
71 69
70 68
69 68
68 67
67 66
66 65
65 64
64 63
63 62
62 61
61 60
60 60
59 59
58 58
57 57
56 56
55 55
54 54
53 53
52 53
51 52
50 51
49 50
48 49
48 49
47 50
47 50
46 49
46 48
46 48
46 47
46 47
46 47
46 47
46 47
47 47
47 47
48 47
48 47
49 47
49 47
50 47
51 47
52 47
52 47
53 47
54 47
55 47
56 47
56 47
57 47
58 46
59 46
59 46
60 46
61 46
62 45
63 45
64 45
64 45
65 45
66 44
67 44
68 44
68 44
69 44
70 44
71 44
72 44
