0 9
1 8
1 7
2 6
2 5
2 5
2 4
1 3
1 2
1 1
1 1
1 0
1 0
1 1
1 1
1 1
0 1
0 1
0 2
0 2
0 3
0 3
0 4
0 5
0 5
0 6
0 7
0 8
0 9
0 9
0 10
0 11
0 12
0 13
0 13
0 14
0 15
0 16
0 17
0 18
0 18
0 19
0 20
0 21
0 22
0 23
0 24
0 24
0 25
0 26
0 27
0 28
0 29
0 30
0 30
0 31
0 32
0 33
0 34
0 35
0 36
0 37
0 38
0 38
0 39
0 40
0 41
1 42
1 43
1 44
1 45
1 45
1 46
1 47
1 48
1 49
1 50
1 51
1 52
1 52
1 53
1 54
1 55
1 56
2 57
2 58
2 59
2 60
2 61
2 61
2 62
2 63
2 64
3 65
3 66
3 67
3 68
3 69
3 69
3 70
3 71
3 72
4 73
4 74
4 75
4 76
4 77
4 77
4 78
4 79
5 80
5 81
5 82
5 83
5 83
5 84
5 85
6 86
6 87
6 88
6 88
6 89
7 90
7 91
7 92
7 92
8 93
8 94
9 95
9 95
9 96
10 97
10 98
10 98
11 99
12 99
12 99
13 99
14 99
14 99
15 99
16 99
17 99
17 99
18 98
19 97
19 97
20 96
20 95
21 94
21 93
21 93
22 92
22 91
23 90
23 90
23 89
24 88
24 87
25 86
25 85
25 85
25 84
26 83
26 82
26 81
27 80
27 79
27 79
27 78
28 77
28 76
28 75
28 74
29 73
29 72
29 72
29 71
29 70
29 69
30 68
30 67
30 66
30 65
30 64
30 64
30 63
30 62
31 61
31 60
31 59
31 58
32 57
32 56
32 55
32 55
32 54
32 53
32 52
32 51
32 50
33 49
33 48
33 47
33 46
33 45
33 44
33 44
33 43
33 42
33 41
34 40
34 39
34 38
34 37
34 36
34 36
34 35
34 34
34 33
34 32
34 31
34 30
34 29
34 28
34 27
34 27
34 26
34 25
34 24
33 23
33 22
33 21
33 20
33 19
33 19
33 18
33 17
33 16
33 15
33 14
33 14
33 13
32 12
32 11
32 10
32 10
32 9
32 9
32 9
32 10
32 10
32 11
32 12
32 13
32 13
32 14
32 15
33 16
33 17
33 18
33 19
33 19
33 20
33 21
33 22
33 23
33 24
33 25
33 26
33 27
33 27
33 28
33 29
33 30
33 31
33 32
33 33
33 34
33 35
33 35
33 36
33 37
33 38
33 39
33 40
33 41
33 42
33 43
33 44
33 44
33 45
33 46
33 47
33 48
33 49
33 50
33 51
33 52
33 52
33 53
33 54
33 55
33 56
33 57
33 58
33 59
33 60
33 60
33 61
33 62
33 63
33 64
33 65
33 66
33 66
33 67
33 68
33 69
33 70
33 71
33 71
33 72
33 73
33 74
33 75
33 76
33 76
33 77
33 78
33 79
33 80
33 80
33 81
34 82
34 83
34 83
34 84
34 85
34 86
34 86
35 87
35 88
35 88
36 89
36 89
37 90
38 91
38 91
39 91
39 91
40 92
40 92
41 93
42 93
42 93
43 93
43 93
44 94
45 94
45 94
46 94
46 94
47 95
47 95
48 95
48 95
48 95
49 95
49 95
50 95
50 95
51 94
51 94
52 93
52 93
53 92
53 91
53 91
54 90
54 89
55 88
55 88
55 87
56 86
56 85
56 85
56 84
56 83
57 82
57 81
57 80
57 80
57 79
57 78
58 77
58 76
58 75
58 74
58 74
58 73
58 72
58 71
59 70
59 69
59 68
59 67
59 67
59 66
59 65
59 64
59 63
59 62
59 61
59 60
59 59
59 58
59 58
59 57
59 56
59 55
59 54
60 53
60 52
60 51
60 50
60 49
60 49
60 48
60 47
60 46
60 45
60 44
60 43
60 42
60 41
60 40
60 40
60 39
60 38
60 37
61 36
61 35
61 34
61 33
61 32
61 32
61 31
61 30
61 29
61 28
61 27
61 26
61 25
61 24
61 24
61 23
61 22
60 21
60 20
60 19
60 19
60 18
60 17
60 16
60 15
60 15
60 14
60 13
60 13
60 12
60 12
60 12
60 12
60 13
60 13
60 14
60 15
60 16
60 17
60 17
60 18
60 19
60 20
60 21
60 22
60 23
60 23
60 24
60 25
60 26
60 27
60 28
60 29
60 30
60 31
60 31
60 32
60 33
60 34
60 35
60 36
60 37
60 38
60 39
60 39
60 40
60 41
60 42
60 43
60 44
60 45
60 46
60 47
60 48
60 48
60 49
60 50
60 51
60 52
60 53
60 54
60 55
60 56
60 57
60 57
60 58
60 59
60 60
60 61
60 62
60 63
60 63
60 64
60 65
61 66
61 67
61 68
61 69
61 69
61 70
61 71
61 72
61 73
61 74
61 75
61 75
61 76
61 77
62 78
62 79
62 80
62 80
62 81
63 82
63 83
63 84
63 84
64 85
64 86
65 87
65 87
66 88
66 89
67 90
67 90
68 91
69 91
70 92
70 92
71 92
72 93
73 93
73 93
74 93
75 93
76 93
76 93
77 92
78 92
79 91
79 91
80 90
81 90
81 90
82 89
83 88
84 87
84 87
85 86
85 85
86 84
86 84
86 83
87 82
87 81
87 80
87 80
87 79
87 78
87 77
87 76
87 75
87 75
87 74
87 73
87 72
87 71
87 71
87 70
86 69
86 68
86 68
85 67
85 66
85 66
84 66
83 66
83 66
82 67
82 67
81 68
80 68
80 68
80 69
79 70
79 71
79 71
79 72
79 73
79 74
79 74
79 75
79 76
79 77
79 78
79 78
79 79
79 80
79 81
79 81
80 82
80 83
81 84
81 84
82 85
82 86
82 86
83 87
84 87
85 88
85 88
86 88
87 89
88 89
89 89
89 89
90 89
91 89
92 89
93 89
93 89
94 89
95 89
96 88
97 88
98 88
99 88
99 88
98 87
97 87
96 86
95 85
94 85
93 84
92 84
91 83
90 82
89 82
88 81
87 80
86 80
85 79
84 79
83 78
82 77
81 77
80 76
79 75
78 75
77 74
76 73
75 73
74 72
73 72
72 71
71 70
70 70
69 69
68 68
67 68
66 67
65 66
64 66
63 65
62 65
61 64
60 63
59 63
58 62
57 61
56 61
55 60
54 60
53 59
52 58
51 58
50 57
50 57
50 56
50 55
50 54
50 54
49 53
49 53
49 53
49 53
49 53
50 53
50 53
51 53
51 53
52 53
53 53
53 53
54 53
55 53
55 53
56 53
57 54
58 54
58 54
59 54
60 55
61 55
61 55
62 56
63 56
63 56
64 57
65 57
65 57
66 57
67 58
68 58
