0 13
0 12
0 11
0 10
0 9
0 8
0 7
0 7
0 6
0 5
0 5
0 4
0 3
0 2
0 2
0 1
0 1
0 0
0 0
0 0
0 1
0 1
0 2
0 3
0 4
0 4
0 5
0 6
0 7
0 8
0 9
0 10
0 10
0 11
0 12
0 13
0 14
0 15
0 16
0 17
0 18
0 18
0 19
0 20
0 21
0 22
0 23
0 24
0 25
0 26
0 27
0 28
0 29
0 29
0 30
0 31
0 32
0 33
0 34
0 35
0 36
0 37
0 38
0 39
0 40
0 41
0 41
0 42
0 43
0 44
0 45
0 46
0 47
0 48
0 49
0 50
0 51
0 52
0 53
0 54
0 54
0 55
0 56
0 57
0 58
1 59
1 60
1 61
1 62
1 63
1 64
1 64
1 65
1 66
1 67
1 68
1 69
1 70
1 71
1 72
1 72
1 73
1 74
1 75
2 76
2 77
2 78
2 79
2 79
2 80
2 81
3 82
3 83
3 84
3 84
3 85
4 86
4 87
5 88
5 89
5 89
5 90
6 91
6 92
6 93
6 93
7 94
7 95
8 96
8 96
9 97
10 98
10 98
11 99
12 99
12 99
13 99
14 99
14 99
15 98
16 98
16 98
17 97
17 96
18 95
18 95
19 94
19 93
20 92
20 91
21 90
21 90
21 89
22 88
22 87
22 86
23 85
23 84
23 84
23 83
24 82
24 81
24 80
25 79
25 78
25 78
25 77
26 76
26 75
27 74
27 73
27 72
28 71
28 70
28 70
28 69
28 68
29 67
29 66
29 65
29 64
30 63
30 62
30 61
30 61
30 60
30 59
31 58
31 57
31 56
31 55
32 54
32 53
32 52
32 52
32 51
33 50
33 49
33 48
34 47
34 46
34 45
34 44
35 43
35 42
35 42
35 41
35 40
35 39
35 38
36 37
36 36
36 35
36 34
36 33
36 33
36 32
36 31
37 30
37 29
37 28
37 27
38 26
38 25
38 24
38 24
38 23
39 22
39 21
39 20
39 19
40 18
40 17
40 17
40 16
40 15
41 14
41 13
41 12
41 12
41 11
42 10
42 9
42 8
42 8
42 7
42 6
42 5
42 4
42 4
43 3
43 2
43 2
43 1
43 1
43 2
43 2
43 3
43 4
43 5
43 6
43 6
43 7
43 8
42 9
42 10
42 11
42 12
42 12
42 13
42 14
42 15
42 16
42 17
42 18
42 19
42 20
42 20
42 21
42 22
42 23
42 24
42 25
41 26
41 27
41 28
41 29
41 30
41 31
41 31
41 32
41 33
41 34
41 35
41 36
41 37
41 38
41 39
41 40
41 41
41 42
41 42
41 43
41 44
41 45
41 46
41 47
41 48
41 49
41 50
41 51
41 52
41 53
41 54
41 54
41 55
41 56
41 57
41 58
41 59
41 60
41 61
41 62
41 63
41 64
41 64
41 65
41 66
41 67
41 68
41 69
41 70
41 71
41 71
41 72
41 73
41 74
42 75
42 76
42 77
42 78
42 79
42 79
42 80
42 81
42 82
42 83
42 84
42 85
42 85
42 86
42 87
43 88
43 89
43 90
43 90
43 91
44 92
44 93
44 94
44 94
45 95
46 96
46 96
47 97
47 98
47 98
48 99
49 99
49 99
50 99
51 99
51 99
52 98
53 98
53 98
54 97
55 96
55 96
56 95
56 94
57 93
57 92
57 92
57 91
58 90
58 89
59 88
59 87
59 87
59 86
60 85
60 84
60 83
61 82
61 81
61 81
61 80
62 79
62 78
62 77
63 76
63 75
63 75
63 74
64 73
64 72
64 71
64 70
65 69
65 68
65 68
65 67
65 66
65 65
66 64
66 63
66 62
66 61
66 61
66 60
67 59
67 58
67 57
67 56
68 55
68 54
68 54
68 53
68 52
68 51
69 50
69 49
69 48
69 47
69 46
69 46
69 45
69 44
69 43
70 42
70 41
70 40
70 39
70 39
70 38
70 37
71 36
71 35
71 34
71 33
71 33
71 32
71 31
72 30
72 29
72 28
72 28
72 27
72 26
72 26
72 25
72 24
72 24
72 23
72 23
71 23
71 23
71 24
71 24
71 25
70 26
70 27
70 27
70 28
70 29
69 30
69 31
69 32
69 32
69 33
69 34
68 35
68 36
68 37
68 38
68 38
68 39
68 40
68 41
67 42
67 43
67 44
67 45
67 45
67 46
67 47
67 48
67 49
67 50
67 51
67 52
67 52
67 53
67 54
67 55
66 56
66 57
66 58
66 59
66 59
66 60
66 61
66 62
66 63
66 64
66 64
66 65
66 66
67 67
67 68
67 69
67 70
67 70
67 71
68 72
68 73
68 74
68 74
68 75
69 76
69 77
69 78
69 78
69 79
70 80
70 81
70 82
70 82
71 83
71 84
71 84
72 85
73 86
73 86
74 87
74 88
74 88
75 88
76 88
76 88
77 88
78 88
78 88
79 88
79 88
80 87
81 86
81 86
82 85
83 84
83 84
84 83
84 82
85 81
85 80
85 80
86 79
86 78
87 77
87 76
87 76
87 75
88 74
88 73
88 73
88 72
89 71
89 70
89 69
89 69
89 68
90 67
90 66
90 65
90 65
90 64
91 63
91 62
91 62
91 61
92 60
92 59
92 58
92 58
92 57
92 56
92 56
91 55
91 55
90 54
90 54
89 54
89 54
88 55
88 56
88 56
87 57
87 58
86 59
86 59
86 60
85 61
85 62
85 63
85 63
85 64
85 65
84 66
84 67
84 68
84 68
84 69
83 70
83 71
83 71
83 72
84 73
84 74
84 74
85 75
85 76
85 76
86 77
86 78
86 78
87 79
88 79
88 79
89 79
90 79
91 79
91 79
92 79
93 79
93 79
94 79
95 79
95 79
96 78
97 78
97 78
98 77
99 77
99 77
98 76
97 75
96 75
95 74
94 73
93 72
92 72
91 71
90 70
89 69
88 69
87 68
86 67
85 66
84 66
83 65
82 64
81 63
80 63
79 62
78 61
77 60
76 60
75 59
74 58
73 57
72 57
71 56
70 55
69 54
68 54
67 53
66 52
65 51
64 51
63 50
62 49
61 48
60 48
59 47
58 46
57 45
56 45
55 44
55 44
56 44
56 44
56 43
56 43
57 42
57 42
58 42
58 42
59 42
60 42
60 42
61 42
62 42
63 42
63 42
64 42
65 42
65 42
66 42
67 41
68 41
68 41
69 40
70 40
70 40
71 40
72 40
72 40
73 39
74 39
74 39
75 39
75 39
76 39
76 39
