3 3
3 3
2 2
2 2
2 1
2 0
2 0
2 1
2 2
2 3
2 4
2 4
2 5
2 6
2 7
2 8
2 9
2 9
2 10
2 11
1 12
1 13
1 14
1 14
1 15
1 16
1 17
1 18
1 19
1 20
1 21
1 22
1 23
1 23
1 24
1 25
1 26
1 27
1 28
0 29
0 30
0 31
0 32
0 33
0 34
0 34
0 35
0 36
0 37
0 38
0 39
0 40
0 41
0 42
0 43
0 44
0 45
0 46
0 47
0 47
0 48
0 49
0 50
0 51
0 52
0 53
0 54
0 55
0 56
0 57
0 58
0 59
0 60
0 61
0 61
0 62
0 63
0 64
0 65
0 66
0 67
1 68
1 69
1 70
1 71
1 72
1 73
1 74
1 74
1 75
1 76
1 77
1 78
2 79
2 80
2 81
2 82
2 83
2 84
2 84
2 85
2 86
2 87
3 88
3 89
3 90
3 91
3 91
4 92
4 93
5 94
5 94
6 95
7 96
7 96
8 97
9 97
9 97
10 96
10 95
11 94
11 94
12 93
13 92
13 91
14 90
14 90
14 89
15 88
15 87
16 86
16 85
16 84
17 83
17 82
17 82
17 81
17 80
18 79
18 78
18 77
18 76
18 75
18 74
19 73
19 72
19 71
19 71
19 70
20 69
20 68
20 67
20 66
21 65
21 64
21 63
21 62
22 61
22 60
22 59
22 59
22 58
22 57
23 56
23 55
23 54
23 53
24 52
24 51
24 50
24 49
24 48
25 47
25 46
25 45
25 45
25 44
25 43
26 42
26 41
26 40
26 39
26 38
26 37
27 36
27 35
27 34
27 33
27 33
27 32
27 31
27 30
27 29
27 28
28 27
28 26
28 25
28 24
28 23
28 22
28 21
28 21
28 20
28 19
28 18
29 17
29 16
29 15
29 14
29 14
29 13
30 12
30 11
30 11
30 10
30 9
30 9
29 9
29 9
29 8
29 8
29 8
29 9
29 10
29 10
29 11
29 12
29 12
29 13
29 14
29 15
29 16
29 17
29 17
29 18
29 19
29 20
28 21
28 22
28 23
28 24
28 24
28 25
28 26
28 27
28 28
28 29
28 30
28 31
28 31
28 32
28 33
28 34
28 35
28 36
28 37
28 38
28 39
28 40
28 40
28 41
28 42
28 43
28 44
28 45
28 46
28 47
28 48
28 48
28 49
28 50
28 51
28 52
28 53
28 54
28 55
28 56
28 57
28 57
28 58
28 59
28 60
28 61
27 62
27 63
27 64
27 65
27 66
27 66
27 67
27 68
27 69
28 70
28 71
28 72
28 73
28 74
28 74
28 75
28 76
28 77
28 78
29 79
29 80
29 81
29 82
29 83
29 84
29 84
29 85
30 86
30 87
30 88
31 89
31 90
31 90
31 91
32 92
32 93
32 94
32 94
33 95
33 96
34 97
34 97
35 98
35 99
35 99
36 99
37 99
37 99
38 99
39 99
39 99
40 98
41 97
41 97
41 96
42 95
42 94
42 94
43 93
43 92
44 91
44 90
44 90
45 89
45 88
46 87
46 86
46 86
46 85
47 84
47 83
47 82
47 82
48 81
48 80
49 79
49 78
49 78
49 77
50 76
50 75
50 74
50 74
50 73
51 72
51 71
51 70
51 70
51 69
52 68
52 67
52 66
52 66
52 65
52 64
53 63
53 62
53 61
53 61
53 60
53 59
53 58
53 57
53 57
53 56
54 55
54 54
54 53
54 53
55 52
55 51
55 51
55 50
55 50
55 49
55 49
55 49
55 49
55 48
55 48
55 48
55 48
55 48
55 48
55 48
55 48
55 48
55 48
55 47
55 47
55 47
55 46
55 46
55 46
55 45
55 45
55 44
55 44
55 43
55 43
55 42
55 41
55 41
55 40
55 39
55 38
55 38
55 37
56 36
56 35
56 34
56 34
56 33
56 32
56 31
56 31
56 30
56 29
56 29
57 28
57 28
57 28
57 28
56 28
56 28
56 28
56 29
56 29
56 30
56 31
56 31
56 32
56 33
56 34
56 35
56 35
56 36
56 37
56 38
56 39
56 39
56 40
56 41
55 42
55 43
55 44
55 44
55 45
55 46
55 47
55 48
55 49
55 49
55 50
55 51
55 52
55 53
55 54
55 54
55 55
55 56
55 57
55 58
55 59
55 60
55 60
55 61
55 62
55 63
55 64
55 65
55 66
55 66
55 67
55 68
55 69
55 70
55 70
55 71
55 72
55 73
55 74
55 75
55 75
55 76
55 77
56 78
56 79
56 80
56 80
57 81
57 82
57 82
58 83
58 84
58 84
59 85
59 85
60 86
61 86
61 86
62 86
62 86
63 85
64 85
64 85
65 84
65 83
66 82
66 82
67 81
68 80
68 79
69 78
69 78
70 77
70 76
71 75
71 74
71 74
72 73
72 72
73 71
73 70
73 70
73 69
74 68
74 67
75 66
75 65
75 65
75 64
75 63
76 62
76 61
76 60
76 60
76 59
77 58
77 57
77 57
77 56
77 55
77 54
77 54
77 53
77 53
77 52
77 52
76 51
76 51
76 50
76 50
75 50
75 50
75 50
74 50
74 50
73 51
73 51
72 52
72 52
72 53
71 54
71 55
71 55
71 56
70 57
70 58
70 58
70 59
70 60
70 61
70 62
70 62
70 63
70 64
70 65
70 65
70 66
70 67
70 67
71 68
71 69
71 69
72 70
72 71
72 71
73 72
74 72
74 72
75 73
76 73
76 73
77 74
78 74
78 74
79 75
80 75
80 75
81 75
82 75
82 75
83 76
84 76
84 76
85 77
85 77
86 77
87 77
87 77
88 77
88 77
89 76
89 76
90 76
91 76
91 76
92 75
93 75
93 75
94 75
94 75
95 75
95 75
96 75
96 75
97 75
97 75
97 75
98 75
98 75
98 74
98 74
99 74
99 74
99 74
99 74
98 73
97 73
96 72
95 72
94 71
93 70
92 70
91 69
90 68
89 68
88 67
87 67
86 66
85 65
84 65
83 64
82 63
81 63
80 62
79 62
78 61
77 60
76 60
75 59
74 58
73 58
72 57
71 57
70 56
69 55
68 55
67 54
66 53
65 53
64 52
63 52
62 51
61 50
60 50
59 49
58 48
57 48
56 47
55 47
54 46
54 46
53 45
53 45
52 45
52 45
51 45
51 45
51 45
50 45
50 45
50 45
50 45
50 45
50 45
51 45
51 45
52 46
53 46
53 46
54 47
55 47
55 47
56 47
57 48
58 48
59 48
59 48
60 48
61 49
62 49
62 49
63 49
64 50
65 50
65 50
66 50
67 50
67 50
68 50
68 50
