2 4
2 3
2 2
2 1
2 1
1 0
1 0
1 0
1 0
0 1
0 2
0 2
0 3
0 4
0 5
0 5
0 6
0 7
0 8
0 9
0 9
0 10
0 11
0 12
0 13
0 14
0 14
0 15
0 16
0 17
0 18
0 19
0 20
0 21
0 22
0 22
0 23
0 24
0 25
0 26
0 27
0 28
0 29
0 30
0 31
0 32
0 33
0 34
0 34
0 35
0 36
0 37
0 38
0 39
1 40
1 41
1 42
1 43
1 44
1 45
1 46
1 46
1 47
1 48
1 49
1 50
1 51
1 52
1 53
1 54
1 55
1 56
1 57
1 58
1 58
1 59
1 60
1 61
1 62
1 63
2 64
2 65
2 66
2 67
2 68
2 69
2 70
2 70
2 71
2 72
2 73
2 74
3 75
3 76
3 77
3 78
3 79
3 80
3 80
3 81
4 82
4 83
4 84
4 85
5 86
5 87
5 88
5 88
5 89
6 90
6 91
6 92
7 93
7 94
7 94
8 95
8 96
9 97
9 97
10 98
11 98
12 99
12 99
13 99
14 99
15 99
16 99
16 99
17 99
18 98
19 98
19 98
20 97
21 96
22 95
22 95
23 94
23 93
24 92
24 91
25 90
25 90
25 89
26 88
26 87
27 86
27 85
27 85
28 84
28 83
29 82
29 81
30 80
30 79
30 79
30 78
31 77
31 76
31 75
31 74
32 73
32 72
32 71
32 71
32 70
32 69
32 68
32 67
33 66
33 65
33 64
33 63
33 62
33 61
33 61
33 60
33 59
34 58
34 57
34 56
34 55
34 54
35 53
35 52
35 51
35 51
35 50
35 49
35 48
35 47
35 46
36 45
36 44
36 43
36 42
36 41
36 40
36 40
36 39
36 38
36 37
36 36
36 35
36 34
36 33
36 32
36 31
36 30
36 29
36 29
36 28
36 27
36 26
37 25
37 24
37 23
37 22
37 21
37 21
37 20
37 19
37 18
37 17
37 16
37 16
37 15
37 14
37 13
37 13
36 12
36 12
36 12
35 12
35 12
35 13
35 14
35 15
35 15
35 16
35 17
35 18
35 19
35 19
35 20
35 21
35 22
35 23
35 24
35 25
35 26
35 26
35 27
35 28
35 29
35 30
35 31
35 32
35 33
35 34
35 34
35 35
35 36
35 37
35 38
35 39
35 40
35 41
35 42
35 43
35 43
35 44
35 45
35 46
35 47
36 48
36 49
36 50
36 51
36 52
36 52
36 53
36 54
36 55
36 56
36 57
36 58
36 59
36 60
36 61
36 61
36 62
36 63
36 64
37 65
37 66
37 67
37 68
37 69
37 69
37 70
37 71
37 72
37 73
37 74
37 75
37 76
37 77
37 78
37 78
37 79
38 80
38 81
38 82
38 83
39 84
39 85
39 85
39 86
39 87
40 88
40 89
40 90
40 90
40 91
41 92
41 93
42 94
42 95
42 95
43 96
44 97
44 97
45 98
46 98
47 99
47 99
48 99
49 99
50 99
50 99
51 98
52 98
53 97
53 97
54 96
55 95
55 94
56 93
56 93
57 92
58 91
58 90
59 89
59 89
59 88
60 87
60 86
61 85
61 84
61 84
62 83
62 82
63 81
63 80
64 79
64 78
64 78
64 77
64 76
64 75
65 74
65 73
65 72
65 71
65 70
65 70
65 69
66 68
66 67
66 66
66 65
67 64
67 63
67 62
67 62
67 61
67 60
67 59
67 58
67 57
67 56
67 55
67 54
67 53
67 53
67 52
67 51
67 50
67 49
68 48
68 47
68 46
68 45
68 44
68 44
68 43
68 42
68 41
68 40
68 39
68 38
68 37
68 36
68 35
68 35
68 34
68 33
68 32
68 31
68 30
68 29
68 28
68 28
68 27
68 26
68 25
68 24
68 23
68 22
68 22
68 21
68 20
68 19
68 19
68 18
68 17
68 17
68 16
68 16
68 16
68 16
68 17
68 18
68 19
68 20
68 20
68 21
68 22
69 23
69 24
69 25
69 25
69 26
69 27
69 28
69 29
69 30
69 31
69 32
69 32
69 33
69 34
69 35
69 36
69 37
69 38
69 39
69 40
69 40
69 41
69 42
69 43
69 44
69 45
69 46
69 47
69 48
69 49
69 49
69 50
69 51
69 52
69 53
69 54
69 55
69 56
69 56
69 57
69 58
69 59
69 60
69 61
69 62
69 63
69 63
69 64
69 65
69 66
69 67
69 68
69 69
69 70
69 70
69 71
69 72
70 73
70 74
70 75
70 76
70 76
70 77
70 78
71 79
71 80
71 81
71 81
72 82
72 83
73 84
73 85
73 85
74 86
74 87
75 88
75 88
76 89
77 90
77 90
78 91
79 91
80 92
80 92
81 92
82 92
83 92
84 92
84 92
85 92
86 92
87 92
87 92
88 92
89 92
90 92
90 92
91 91
92 91
93 90
93 90
94 89
95 89
96 88
96 88
97 87
97 86
98 85
98 85
98 84
99 83
99 82
99 81
99 81
99 80
99 79
99 78
99 77
99 77
99 76
98 75
98 74
97 73
97 72
97 72
97 71
96 70
96 69
95 68
95 67
95 67
94 66
94 65
93 64
93 63
93 63
92 62
91 61
91 61
90 61
89 61
89 61
89 62
89 63
89 63
89 64
88 65
88 66
88 66
88 67
88 68
88 69
88 70
88 70
88 71
88 72
88 73
88 74
88 75
88 75
88 76
88 77
89 78
89 79
89 80
89 81
89 81
89 82
90 83
90 84
91 85
91 86
91 86
92 87
92 88
93 89
93 90
94 91
94 91
95 92
95 93
96 94
96 95
96 95
95 94
94 93
93 92
92 91
91 90
90 89
89 88
88 87
87 86
86 85
85 84
84 83
83 82
82 81
81 80
80 79
79 78
78 77
77 76
76 75
75 74
74 73
73 72
72 71
71 70
70 69
69 68
68 67
67 66
66 65
65 64
64 63
63 62
62 61
61 60
60 59
59 58
58 57
57 56
56 55
55 54
54 53
54 53
54 52
54 51
54 50
54 50
53 49
53 49
54 49
54 49
54 49
55 49
55 49
56 49
57 49
57 49
58 49
59 49
59 49
60 49
61 49
61 49
62 49
63 50
64 50
64 50
65 50
66 50
67 50
68 50
68 50
69 50
70 50
71 50
72 50
