2 3
1 2
1 1
1 1
1 0
1 0
1 0
1 0
1 1
1 1
1 2
1 3
1 3
1 4
1 5
1 6
1 6
1 7
1 8
0 9
0 10
0 11
0 11
0 12
0 13
0 14
0 15
0 16
0 16
0 17
0 18
0 19
0 20
0 21
0 22
0 22
0 23
0 24
0 25
0 26
0 27
0 28
0 29
0 30
0 30
0 31
0 32
0 33
0 34
0 35
0 36
0 37
0 37
0 38
0 39
0 40
0 41
0 42
0 43
0 44
0 45
0 46
0 46
0 47
0 48
0 49
0 50
0 51
0 52
0 53
0 53
0 54
0 55
0 56
0 57
0 58
0 59
0 60
0 61
0 61
0 62
0 63
0 64
1 65
1 66
1 67
1 68
1 68
1 69
1 70
1 71
1 72
1 73
1 74
1 75
1 75
1 76
1 77
2 78
2 79
2 80
2 81
2 81
2 82
2 83
3 84
3 85
3 86
3 87
3 87
3 88
3 89
4 90
4 91
4 92
4 92
4 93
4 94
5 95
5 96
5 97
5 97
6 98
7 99
7 99
8 99
9 99
9 99
10 99
11 99
11 99
12 98
13 97
13 97
14 96
14 95
15 94
15 93
15 93
16 92
16 91
17 90
17 89
18 88
18 88
18 87
19 86
19 85
20 84
20 83
20 83
20 82
21 81
21 80
21 79
22 78
22 77
22 77
22 76
22 75
22 74
23 73
23 72
23 71
23 70
23 70
23 69
24 68
24 67
24 66
24 65
25 64
25 63
25 62
25 62
25 61
25 60
25 59
25 58
26 57
26 56
26 55
26 54
26 53
26 53
26 52
26 51
26 50
26 49
26 48
26 47
26 46
26 45
26 45
26 44
26 43
26 42
27 41
27 40
27 39
27 38
27 37
27 37
27 36
27 35
27 34
27 33
27 32
27 31
27 30
27 29
27 29
27 28
27 27
28 26
28 25
28 24
28 24
28 23
28 22
28 21
28 20
28 20
28 19
28 19
28 19
28 19
28 19
28 20
28 21
28 22
28 22
28 23
28 24
28 25
28 25
28 26
28 27
28 28
28 29
28 30
28 31
28 31
28 32
28 33
28 34
28 35
28 36
28 37
28 37
28 38
28 39
28 40
28 41
28 42
28 43
28 44
28 44
28 45
28 46
28 47
28 48
28 49
28 50
28 50
28 51
28 52
28 53
28 54
28 55
28 56
28 57
28 57
28 58
28 59
29 60
29 61
29 62
29 63
29 63
29 64
29 65
29 66
29 67
29 68
29 69
29 70
29 70
29 71
29 72
30 73
30 74
30 75
30 75
30 76
30 77
30 78
30 79
30 80
30 81
30 81
31 82
31 83
32 84
32 85
32 85
32 86
33 87
33 88
33 89
33 89
34 90
34 91
35 92
35 93
35 93
36 94
37 95
37 95
38 95
39 95
40 95
40 95
41 95
42 95
43 95
43 95
44 94
45 93
46 92
46 92
47 91
47 90
48 89
48 88
48 88
49 87
50 86
50 85
51 84
51 84
51 83
52 82
52 81
53 80
53 79
53 79
53 78
54 77
54 76
54 75
55 74
55 73
55 73
55 72
56 71
56 70
56 69
56 68
57 67
57 66
57 65
57 65
57 64
58 63
58 62
58 61
58 60
59 59
59 58
59 57
59 57
59 56
59 55
59 54
60 53
60 52
60 51
60 50
60 49
60 49
60 48
60 47
60 46
61 45
61 44
61 43
61 42
61 41
61 41
61 40
61 39
61 38
61 37
61 36
61 35
61 34
61 33
61 33
61 32
61 31
61 30
61 29
61 28
61 28
61 27
61 26
61 25
61 25
61 24
61 24
61 24
61 24
62 25
62 25
62 26
62 27
62 28
62 28
62 29
63 30
63 31
63 32
63 32
63 33
63 34
63 35
63 36
63 37
63 37
63 38
63 39
64 40
64 41
64 42
64 43
64 43
64 44
64 45
64 46
64 47
64 48
64 49
64 49
64 50
64 51
63 52
63 53
63 54
63 55
63 55
63 56
63 57
63 58
63 59
63 60
63 61
63 62
63 62
63 63
63 64
63 65
63 66
63 67
63 68
63 69
63 69
63 70
63 71
63 72
63 73
63 74
63 74
63 75
64 76
64 77
64 78
64 78
64 79
65 80
65 81
65 82
65 82
66 83
66 84
66 84
67 85
67 86
68 87
68 87
69 88
70 88
70 88
71 88
72 89
73 89
73 89
74 89
75 89
75 89
76 89
77 89
78 89
78 89
79 88
80 87
80 87
81 87
82 86
83 86
83 86
84 85
84 84
85 83
85 83
86 82
86 81
87 80
87 79
87 79
87 78
88 77
88 76
88 75
88 75
88 74
89 73
89 72
89 71
89 71
89 70
89 69
90 68
90 67
90 66
90 66
90 65
89 64
89 63
89 62
89 62
89 61
89 60
89 60
88 59
87 59
87 59
86 59
86 59
85 60
85 61
84 62
84 62
83 63
82 64
82 64
82 65
82 66
82 67
82 68
82 68
82 69
82 70
82 71
82 72
82 72
82 73
82 74
82 75
82 76
82 77
82 77
82 78
82 79
83 80
83 81
83 82
83 82
84 83
84 84
85 85
85 86
85 86
86 87
86 88
87 89
87 90
88 91
88 91
89 92
90 93
91 94
91 94
92 95
93 95
94 96
94 96
95 96
96 96
97 97
98 97
99 97
99 97
98 96
97 95
96 94
95 93
95 92
94 91
93 90
92 89
91 88
90 87
89 86
88 85
87 84
86 83
86 82
85 81
84 80
83 79
82 78
81 77
80 76
79 75
78 74
77 73
77 72
76 71
75 70
74 69
73 68
72 67
71 66
70 65
69 64
68 63
68 62
67 61
66 60
65 59
64 58
63 57
62 56
61 55
60 54
59 53
59 52
58 51
57 50
56 49
55 48
55 48
55 47
54 46
54 45
54 44
54 44
53 44
53 44
52 45
52 45
51 45
51 45
51 45
51 45
51 45
51 45
52 45
52 45
53 45
53 45
54 45
54 45
55 46
56 46
56 46
57 46
58 46
58 46
59 47
60 47
60 47
61 47
62 47
62 47
63 47
64 47
64 47
65 47
66 47
66 47
67 47
68 47
