0 4
0 3
0 2
0 2
0 1
0 1
0 0
0 0
0 0
0 0
0 0
0 0
0 1
0 1
0 2
0 3
0 3
0 4
0 5
0 6
0 6
0 7
0 8
0 9
0 10
0 10
0 11
0 12
0 13
0 14
0 15
0 16
0 16
0 17
0 18
0 19
0 20
0 21
0 22
0 22
0 23
0 24
0 25
0 26
0 27
0 28
0 29
0 29
0 30
0 31
0 32
0 33
0 34
0 35
0 36
0 36
0 37
0 38
1 39
1 40
1 41
1 42
1 42
1 43
1 44
1 45
1 46
1 47
1 47
1 48
1 49
1 50
1 51
1 52
1 52
1 53
2 54
2 55
2 55
2 56
2 57
2 57
3 58
3 59
3 59
3 58
3 57
3 56
3 55
3 54
3 53
3 52
3 51
3 50
3 49
3 48
3 47
3 46
3 45
3 44
3 43
3 42
3 41
3 40
3 39
3 38
3 37
3 37
4 38
4 39
4 39
3 38
3 37
3 37
3 36
3 36
3 36
3 37
3 37
4 37
4 37
5 38
5 38
6 39
6 39
7 39
7 39
8 39
9 39
9 39
10 39
11 39
11 39
12 39
12 39
13 38
14 38
14 38
14 37
14 36
14 35
15 34
15 33
15 32
15 31
15 30
15 29
15 28
16 27
16 26
16 25
16 24
16 23
16 22
16 21
16 20
17 19
17 18
17 17
17 16
17 15
17 14
17 13
18 12
18 11
18 10
18 9
18 9
18 9
17 8
17 7
17 7
17 6
17 6
17 7
17 7
17 8
17 9
17 9
17 10
18 11
18 12
18 12
18 13
18 14
18 15
18 16
18 16
18 17
18 18
18 19
18 19
18 20
18 21
18 22
18 23
18 24
18 25
18 25
18 26
18 27
19 28
19 29
19 30
19 30
19 31
19 32
19 33
19 34
19 35
19 36
19 36
19 37
19 38
20 39
20 40
20 41
20 41
20 42
20 43
20 44
20 45
20 45
20 46
20 47
20 48
20 49
20 49
20 50
21 51
21 52
21 53
21 53
22 52
23 52
24 51
25 50
26 50
27 49
28 49
29 48
30 47
31 47
32 46
32 46
32 46
32 46
31 46
31 46
31 46
31 47
31 47
31 47
31 48
31 48
32 49
32 50
32 50
32 51
32 51
33 52
33 52
34 52
35 52
35 52
36 52
36 52
36 52
37 51
37 51
37 50
37 49
37 49
38 48
38 47
38 47
38 46
38 45
38 45
37 44
37 44
37 43
37 42
37 42
36 42
36 42
35 42
35 42
34 42
34 42
33 43
33 44
33 44
33 45
32 46
32 47
32 47
32 48
32 49
32 50
32 50
32 51
31 52
31 53
31 53
31 54
31 55
31 56
31 56
31 57
32 58
32 59
32 59
33 60
33 61
33 61
34 62
35 63
35 63
36 63
37 63
37 63
38 63
39 63
39 63
39 62
39 61
40 60
40 59
40 58
40 57
40 56
41 55
41 54
41 53
41 52
41 51
41 50
42 49
42 48
42 47
42 46
42 45
43 44
43 43
43 42
43 41
43 40
44 39
44 38
44 37
44 36
44 35
44 34
45 33
45 32
45 31
45 30
45 29
46 28
46 27
46 26
46 25
46 24
47 23
47 22
47 21
47 20
47 19
47 18
48 17
48 16
48 15
48 15
48 15
47 15
47 15
47 15
47 16
47 16
47 17
47 18
47 18
47 19
47 20
47 21
47 21
47 22
47 23
47 24
47 25
47 25
47 26
47 27
48 28
48 29
48 30
48 30
48 31
48 32
48 33
48 34
48 35
48 35
48 36
48 37
49 38
49 39
49 40
49 41
49 41
49 42
49 43
49 44
49 45
49 46
49 46
49 47
49 48
49 49
49 50
49 51
49 51
49 52
50 53
50 54
50 54
50 55
50 56
50 57
50 57
51 58
51 59
51 59
52 60
52 61
52 61
53 62
54 62
54 62
55 61
56 61
57 60
58 59
59 59
60 58
61 57
62 57
63 56
64 55
65 55
66 54
67 54
68 53
69 52
70 52
71 51
72 50
73 50
74 49
74 49
74 49
74 49
74 49
74 49
74 48
74 48
74 47
74 47
74 46
74 46
74 46
73 45
73 44
73 44
72 44
72 44
72 44
71 45
71 45
71 46
71 47
71 47
71 48
70 49
70 50
70 50
70 51
70 52
70 53
70 53
70 54
70 55
70 56
70 56
70 57
70 58
70 58
70 59
70 59
71 59
71 59
72 59
73 59
73 59
74 58
74 58
75 57
76 57
76 57
77 56
77 55
77 55
78 54
78 53
78 53
78 52
78 51
78 51
78 50
78 49
78 49
77 48
77 48
77 47
77 47
77 48
77 48
77 49
77 50
77 50
77 51
76 52
76 53
76 53
76 54
76 55
76 56
76 56
76 57
76 58
76 59
76 60
76 60
76 61
76 62
76 63
76 64
76 64
76 65
76 66
76 67
76 68
76 69
76 70
76 71
76 71
76 72
76 73
76 74
76 75
76 76
76 77
76 77
76 78
76 79
76 80
76 81
76 82
76 83
76 83
76 84
76 85
76 86
76 87
76 88
76 89
76 89
76 90
76 91
76 92
76 93
76 94
76 94
75 95
75 96
75 96
75 97
75 98
75 98
74 99
74 99
73 99
73 99
72 98
72 98
71 97
71 96
71 96
71 95
70 94
70 93
70 93
70 92
69 91
69 90
69 90
69 89
68 88
68 87
68 86
68 86
68 85
67 84
67 83
67 82
67 82
67 81
67 80
67 79
67 78
67 78
67 77
67 76
67 76
68 75
69 74
70 73
71 72
72 71
73 70
74 69
75 68
76 67
77 66
78 65
79 64
80 63
81 62
81 61
82 60
83 59
84 58
85 57
86 56
87 55
88 54
89 53
90 52
91 51
92 50
93 49
94 48
94 48
95 48
95 48
94 47
94 46
94 46
94 46
94 45
94 45
94 44
94 44
93 43
93 43
93 42
93 42
92 42
92 42
91 42
91 42
90 43
90 43
89 44
89 45
89 45
89 46
89 47
89 48
89 48
89 49
88 50
88 51
88 51
88 52
87 53
87 54
87 54
87 55
87 56
87 57
87 57
88 58
88 59
88 59
89 60
89 60
90 61
90 61
91 61
92 61
92 61
93 60
94 60
94 60
95 59
95 58
95 58
96 57
96 57
96 56
96 55
96 55
96 54
96 53
96 53
96 52
96 51
96 50
96 50
96 49
96 48
96 48
95 48
95 48
95 48
95 49
95 50
95 50
94 51
94 52
94 52
94 53
94 54
94 55
94 55
94 56
94 57
94 58
94 58
94 59
94 60
94 60
94 61
95 62
95 63
95 63
96 64
96 65
96 65
97 65
98 66
99 66
