0 5
0 4
0 4
0 3
0 3
0 2
0 2
0 1
0 1
0 1
0 0
0 0
0 0
0 1
0 1
0 2
0 3
0 3
0 4
0 5
0 6
0 7
0 7
0 8
0 9
0 10
0 11
0 12
0 13
0 13
0 14
0 15
0 16
0 17
0 18
0 19
0 19
0 20
0 21
0 22
0 23
0 24
0 25
0 26
0 27
0 28
0 28
0 29
0 30
0 31
0 32
0 33
0 34
0 35
0 36
0 36
0 37
0 38
0 39
0 40
0 41
0 42
0 43
0 44
0 45
0 45
0 46
0 47
0 48
0 49
0 50
0 51
0 52
0 53
0 53
0 54
0 55
0 56
0 57
0 58
0 59
0 59
0 60
0 61
0 62
0 63
0 64
0 64
0 65
0 66
0 67
0 67
0 68
0 69
0 69
0 69
0 69
0 68
0 68
0 67
0 66
0 65
0 64
0 63
0 62
0 61
0 60
0 59
0 58
0 57
0 56
0 55
1 54
1 53
1 52
1 51
1 50
1 49
1 48
1 47
1 46
1 45
1 44
1 43
1 42
1 41
1 41
2 41
2 41
2 41
3 40
3 40
4 40
4 40
5 41
6 41
6 41
7 41
7 41
8 41
9 41
9 41
10 41
10 41
11 41
11 41
12 40
13 40
13 40
14 40
14 40
15 39
15 38
15 38
15 37
15 36
15 35
15 34
16 33
16 32
16 31
16 30
16 29
16 28
16 27
16 26
16 25
17 24
17 23
17 22
17 21
17 20
17 19
17 18
17 17
17 16
18 15
18 14
18 13
18 12
18 11
18 11
18 10
18 10
19 9
19 9
19 8
19 8
19 8
19 8
19 8
19 8
19 9
19 9
19 10
19 11
19 11
19 12
19 13
19 14
19 14
19 15
19 16
19 17
19 18
19 19
19 20
19 20
19 21
19 22
18 23
18 24
18 25
18 26
18 26
18 27
18 28
18 29
18 30
18 31
18 32
18 33
18 33
18 34
18 35
18 36
18 37
18 38
18 39
18 40
18 40
18 41
18 42
19 43
19 44
19 45
19 46
19 46
19 47
19 48
19 49
19 50
19 51
19 52
19 52
19 53
19 54
19 55
19 56
19 56
19 57
20 58
20 59
20 59
20 60
20 61
20 61
20 62
20 63
20 63
21 63
21 63
21 63
21 63
21 63
21 63
21 62
21 62
22 61
23 60
24 59
25 58
26 57
27 56
28 55
29 54
30 53
31 52
32 51
32 51
32 51
32 52
32 52
32 52
32 53
32 53
33 53
33 53
34 53
34 53
35 52
35 51
35 51
36 50
36 49
36 49
37 48
37 47
37 47
37 46
37 45
37 44
37 44
37 43
37 43
37 42
37 41
37 41
37 40
37 40
37 40
36 40
36 40
35 41
35 41
34 42
34 43
34 43
34 44
33 45
33 46
33 46
33 47
32 48
32 49
32 49
32 50
31 51
31 52
31 53
31 53
31 54
31 55
31 56
31 56
31 57
31 58
31 58
32 59
32 59
33 60
33 60
34 61
34 61
35 61
35 61
36 61
37 61
37 61
38 61
38 61
39 61
39 61
39 61
40 61
40 61
40 61
40 61
39 61
39 61
39 60
39 60
39 59
40 58
40 57
40 56
40 55
41 54
41 53
41 52
41 51
42 50
42 49
42 48
43 47
43 46
43 45
43 44
44 43
44 42
44 41
44 40
45 39
45 38
45 37
46 36
46 35
46 34
46 33
47 32
47 31
47 30
48 29
48 28
48 27
48 26
49 25
49 24
49 23
49 22
50 21
50 20
50 19
51 18
51 17
51 16
51 15
52 14
52 13
52 12
52 11
53 10
53 9
53 9
53 9
53 9
53 9
53 9
53 9
53 9
53 9
53 10
53 11
53 11
53 12
53 13
53 13
53 14
53 15
53 16
53 16
53 17
52 18
52 19
52 20
52 20
52 21
52 22
52 23
52 24
52 25
52 25
52 26
52 27
52 28
52 29
52 30
52 30
52 31
52 32
52 33
52 34
52 35
52 35
52 36
52 37
51 38
51 39
51 40
51 40
51 41
51 42
51 43
51 44
51 44
52 45
52 46
52 46
52 47
52 48
52 48
52 49
52 50
52 50
53 51
53 51
53 52
53 53
53 53
53 54
53 54
54 55
54 55
55 55
55 55
55 56
55 56
56 56
56 56
57 56
57 56
57 55
57 55
58 55
58 55
59 55
59 55
59 55
59 55
59 55
59 55
58 55
58 55
59 54
60 53
61 52
62 52
63 51
64 50
65 49
66 48
67 47
68 46
69 46
70 45
71 44
72 43
72 43
72 43
72 43
72 43
72 42
72 42
72 41
72 41
72 40
72 40
73 39
73 39
73 38
73 38
73 37
73 37
73 36
73 36
73 35
73 35
73 35
72 34
72 34
72 34
72 34
72 34
72 34
72 34
71 34
71 34
71 34
71 34
70 35
70 35
70 36
70 36
70 36
70 37
70 37
69 38
69 38
69 39
69 39
68 40
68 41
68 41
68 42
68 42
68 43
68 44
68 44
67 45
67 46
67 46
67 47
67 48
67 48
67 49
67 50
67 50
67 51
67 51
68 52
68 53
68 53
68 54
68 54
68 55
68 55
69 56
69 56
69 57
69 57
70 57
70 57
70 56
70 56
71 55
71 55
72 54
72 54
73 53
73 52
73 52
74 51
74 50
74 50
74 49
74 48
74 48
75 47
75 46
75 46
75 45
75 45
75 44
75 44
75 44
75 43
75 43
75 42
75 42
75 42
75 41
75 41
74 41
74 41
74 42
74 42
74 42
74 43
74 44
74 44
73 45
73 45
73 46
73 47
73 47
73 48
73 49
73 50
73 50
74 51
74 52
74 52
74 53
74 54
74 55
74 56
74 56
74 57
74 58
74 58
74 59
74 60
74 61
74 61
74 62
74 63
74 64
74 65
74 65
74 66
74 67
74 68
74 69
74 69
74 70
74 71
73 72
73 73
73 74
73 74
73 75
73 76
73 77
73 77
73 78
73 79
73 80
73 80
73 81
72 82
72 83
72 84
72 84
72 85
72 86
72 87
72 87
71 88
71 89
71 89
70 90
70 91
70 91
70 92
70 93
69 94
69 95
69 96
69 96
68 97
68 98
68 98
67 99
67 99
66 99
66 99
65 99
65 99
65 98
65 98
64 97
64 96
64 96
64 95
64 94
64 94
64 93
64 93
64 92
64 92
64 91
64 91
65 90
65 89
66 88
67 87
67 86
68 85
69 84
69 83
70 82
71 81
71 80
72 79
72 78
73 77
74 76
74 75
75 74
76 73
76 72
77 71
78 70
78 69
79 68
80 67
80 66
81 65
82 64
82 63
83 62
84 61
84 60
85 59
85 58
86 57
87 56
87 55
88 54
89 53
89 52
90 51
90 51
90 51
90 51
90 51
90 51
90 50
90 50
90 49
90 49
90 49
90 49
90 49
91 49
91 49
91 49
91 48
91 48
91 48
91 47
91 47
91 47
91 46
91 46
91 46
91 46
90 45
90 45
90 45
90 44
90 44
90 44
90 43
90 43
89 43
89 43
89 43
89 43
88 44
88 44
88 44
87 45
87 45
87 46
87 47
87 47
87 48
86 49
86 50
86 50
86 51
86 52
86 53
86 53
86 54
85 55
85 56
85 56
85 57
85 58
85 58
85 59
85 60
85 60
85 61
85 62
85 62
86 63
86 63
86 64
86 65
86 65
87 66
87 66
87 66
88 66
88 66
89 65
89 65
90 64
90 64
90 63
90 62
90 62
91 61
91 60
91 60
92 59
92 58
92 58
92 57
92 56
92 55
92 55
93 54
93 54
93 53
93 53
93 52
93 52
93 51
93 51
93 51
93 51
92 50
92 50
92 50
92 50
92 50
92 50
92 50
92 51
92 51
92 52
92 52
92 53
92 53
92 54
92 55
92 55
92 56
92 56
92 57
92 58
92 58
92 59
92 59
92 60
92 60
93 61
93 61
93 62
93 62
94 63
94 63
94 63
95 64
95 64
96 64
96 64
96 64
97 64
97 64
98 64
98 64
98 64
98 64
99 64
99 64
