0 3
0 2
0 1
0 1
1 1
1 1
1 0
1 0
1 0
1 0
1 0
0 1
0 1
0 2
0 3
0 3
0 4
0 5
0 6
0 6
0 7
0 8
0 9
0 10
0 10
0 11
0 12
0 13
0 14
0 15
0 16
0 16
0 17
0 18
0 19
0 20
0 21
0 22
0 22
0 23
0 24
0 25
0 26
0 27
0 28
0 29
0 29
0 30
0 31
0 32
0 33
0 34
0 35
0 36
0 36
0 37
0 38
0 39
0 40
0 41
0 42
0 43
0 43
0 44
0 45
0 46
0 47
0 48
0 48
0 49
0 50
0 51
0 51
0 52
0 53
0 54
0 54
0 55
0 56
0 56
0 55
0 54
0 53
0 52
0 51
0 50
0 49
0 48
0 47
0 46
0 45
0 44
0 43
0 42
0 41
0 41
0 41
0 41
0 41
1 40
1 40
2 40
2 40
3 41
3 41
4 42
5 42
5 42
6 42
6 42
7 43
8 43
8 43
9 43
9 43
10 44
11 44
11 44
11 43
11 42
11 41
11 40
11 39
11 38
11 37
11 36
12 35
12 34
12 33
12 32
12 31
12 30
12 29
12 28
12 27
12 26
12 25
12 24
12 23
12 22
12 21
12 20
12 19
12 18
13 17
13 16
13 15
13 14
13 13
13 12
13 11
13 10
13 9
13 9
14 9
14 9
14 8
14 7
14 6
14 6
14 6
14 6
13 7
13 8
13 8
13 9
13 9
13 10
13 11
13 12
13 13
13 14
13 14
13 15
13 16
13 17
13 18
13 19
13 19
13 20
13 21
13 22
13 23
13 24
13 25
13 25
13 26
13 27
13 28
13 29
13 30
13 31
13 31
13 32
13 33
13 34
13 35
13 36
13 37
13 37
13 38
13 39
13 40
13 41
13 42
13 43
13 43
13 44
13 45
13 46
13 47
13 47
13 48
14 49
14 50
14 51
14 51
14 52
14 53
14 53
14 54
14 55
14 55
15 56
15 57
15 57
16 56
17 55
18 54
18 53
19 52
20 51
21 50
22 49
23 48
23 47
24 46
25 45
25 45
24 46
24 47
24 47
24 47
24 47
25 48
25 48
25 49
25 49
26 49
26 49
27 50
27 50
28 50
28 50
29 49
30 49
30 49
31 48
32 48
32 48
33 47
33 47
34 46
35 45
35 45
36 44
36 44
36 43
36 42
36 42
36 41
36 40
36 40
35 39
35 38
35 38
34 37
33 37
33 37
32 36
32 36
31 37
30 37
30 37
29 38
29 38
28 39
28 39
28 40
27 41
27 42
27 42
27 43
27 44
27 45
27 45
27 46
26 47
26 48
26 48
26 49
26 50
26 51
26 51
26 52
27 53
27 54
27 54
27 55
28 56
28 57
28 57
28 58
29 59
29 60
29 60
30 61
31 62
31 62
32 63
33 63
33 63
34 63
35 63
36 63
36 63
36 62
37 61
37 60
37 59
38 58
38 57
38 56
39 55
39 54
39 53
39 52
40 51
40 50
40 49
41 48
41 47
41 46
42 45
42 44
42 43
43 42
43 41
43 40
44 39
44 38
44 37
44 36
45 35
45 34
45 33
46 32
46 31
46 30
47 29
47 28
47 27
48 26
48 25
48 24
49 23
49 22
49 21
49 20
50 19
50 18
50 17
51 16
51 15
51 15
51 14
51 13
51 12
51 12
50 12
50 12
50 12
50 13
50 13
49 14
49 15
49 15
49 16
49 17
49 18
49 18
49 19
49 20
49 21
49 22
49 22
49 23
48 24
48 25
48 26
48 26
48 27
48 28
48 29
48 30
48 31
48 31
48 32
48 33
48 34
48 35
48 36
48 36
48 37
48 38
48 39
48 40
48 41
48 42
48 42
48 43
48 44
48 45
48 46
48 46
48 47
48 48
48 49
48 50
48 50
48 51
48 52
48 53
48 53
48 54
48 55
48 56
48 56
48 57
49 58
49 59
49 59
49 60
50 61
50 62
50 62
51 63
51 63
52 63
53 64
54 64
54 64
55 63
56 63
57 62
58 61
59 61
60 60
61 59
62 59
63 58
64 58
65 57
66 56
67 56
68 55
69 54
70 54
71 53
71 53
71 52
72 51
72 50
72 50
72 49
72 48
72 48
71 47
71 46
71 46
71 46
70 45
70 45
69 44
69 44
68 44
68 44
67 44
67 44
66 45
66 45
66 46
65 47
65 48
65 48
65 49
65 50
65 51
65 51
65 52
65 53
65 53
65 54
65 55
65 56
65 56
66 57
66 58
66 58
67 59
67 59
68 60
69 60
69 60
70 59
71 59
71 59
72 58
72 58
73 57
74 56
74 56
74 55
74 55
74 54
74 53
74 53
74 52
74 52
74 52
74 52
73 53
73 53
73 54
73 55
73 56
73 56
73 57
72 58
72 59
72 60
72 60
72 61
72 62
72 63
72 64
72 65
72 65
72 66
72 67
72 68
72 69
72 70
72 71
72 71
72 72
72 73
72 74
72 75
72 76
72 77
72 77
72 78
72 79
71 80
71 81
71 82
71 83
71 83
71 84
71 85
71 86
71 87
71 88
71 89
71 89
71 90
70 91
70 92
70 93
70 93
70 94
69 95
69 96
69 97
69 97
68 98
68 99
68 99
67 99
67 99
66 99
66 99
65 98
65 98
64 97
64 96
64 96
63 95
63 94
63 94
62 93
62 92
62 92
61 91
61 90
61 90
60 89
60 88
60 88
60 87
60 86
60 86
60 85
60 85
61 84
61 84
62 83
63 82
64 81
65 80
66 79
67 79
68 78
69 77
70 76
71 75
72 74
73 73
74 72
75 71
76 70
77 69
78 69
79 68
80 67
81 66
82 65
83 64
84 63
85 62
86 61
87 60
88 60
89 59
90 58
91 57
92 56
93 55
93 55
93 54
93 53
93 52
93 51
93 51
93 50
93 49
93 48
93 48
93 47
93 46
93 46
92 45
92 45
92 44
92 44
91 43
91 43
91 43
90 43
89 43
89 43
88 44
88 44
88 45
88 46
88 46
88 47
87 48
87 49
87 49
87 50
87 51
87 52
87 52
87 53
87 54
87 55
87 55
87 56
87 57
87 58
87 58
88 59
88 60
88 60
89 61
89 62
89 62
90 63
90 63
91 63
92 63
92 63
93 62
94 62
94 62
95 61
95 60
95 60
96 59
96 58
96 58
97 57
97 56
97 56
97 55
97 54
97 53
97 53
97 52
97 51
97 50
97 50
97 49
97 48
97 48
97 47
97 47
96 47
96 47
96 48
96 48
96 49
96 50
96 50
96 51
96 52
96 52
96 53
96 54
96 55
96 55
96 56
96 57
96 58
96 58
96 59
96 60
96 61
96 62
96 62
97 63
97 64
97 64
98 65
99 66
