0 5
0 4
0 3
0 2
0 1
0 1
0 0
0 0
0 1
0 1
0 2
0 3
0 3
0 4
0 5
0 6
0 7
0 8
0 8
0 9
0 10
0 11
0 12
0 13
0 14
0 15
0 15
0 16
0 17
0 18
0 19
0 20
0 21
0 22
0 23
0 23
0 24
0 25
0 26
0 27
0 28
0 29
0 30
0 31
0 32
0 32
0 33
0 34
0 35
0 36
0 37
0 38
0 39
0 40
0 40
0 41
0 42
0 43
0 44
0 45
0 46
0 47
0 47
0 48
0 49
0 50
0 51
0 52
0 53
0 53
0 54
1 55
1 56
1 57
1 57
1 58
1 59
1 59
1 58
1 57
2 56
2 55
2 54
2 53
2 52
2 51
3 50
3 49
3 48
3 47
3 46
3 45
4 44
4 43
4 42
4 41
4 40
4 39
5 38
5 37
5 36
5 36
5 36
5 36
5 36
5 36
5 36
5 36
5 36
6 35
6 35
7 35
7 35
8 35
8 35
9 34
10 34
10 34
11 33
12 33
12 33
13 32
13 32
14 31
15 31
15 31
16 31
16 31
17 30
17 30
18 30
18 30
18 29
18 28
18 27
19 26
19 25
19 24
19 23
19 22
19 21
20 20
20 19
20 18
20 17
20 16
20 15
21 14
21 13
21 12
21 11
21 11
21 10
22 9
22 8
22 8
22 7
22 7
22 7
22 7
22 8
22 9
22 9
22 10
22 11
22 12
22 12
22 13
23 14
23 15
23 16
23 16
23 17
23 18
23 19
23 20
23 21
23 21
23 22
23 23
23 24
23 25
23 26
23 27
23 27
23 28
23 29
23 30
23 31
23 32
23 33
23 34
23 34
23 35
23 36
24 37
24 38
24 39
24 40
24 40
24 41
24 42
24 43
24 44
24 45
24 45
24 46
24 47
24 48
24 49
24 50
24 51
24 51
24 52
24 53
24 54
24 55
24 55
24 56
24 57
24 58
24 59
24 59
25 58
26 57
27 56
28 55
29 54
30 53
31 52
32 51
33 50
34 49
34 49
34 49
34 49
34 50
34 50
35 51
35 51
35 51
36 51
36 51
36 51
37 50
37 50
38 49
38 48
38 48
39 47
40 46
40 46
41 45
41 44
41 44
42 43
42 42
42 42
42 41
42 41
42 40
42 40
42 39
42 39
42 38
42 38
41 38
41 38
40 37
40 37
40 37
40 37
39 38
39 38
39 39
39 40
39 41
39 41
39 42
39 43
39 44
39 44
39 45
39 46
39 47
39 48
39 48
39 49
40 50
40 51
40 52
40 52
40 53
40 54
40 54
40 55
41 56
41 57
41 57
42 58
42 58
43 58
43 58
43 57
44 56
44 55
45 54
45 53
46 52
46 51
46 50
47 49
47 48
48 47
48 46
49 45
49 44
49 43
50 42
50 41
51 40
51 39
52 38
52 37
52 36
53 35
53 34
54 33
54 32
55 31
55 30
55 29
56 28
56 27
57 26
57 25
58 24
58 23
58 22
59 21
59 20
60 19
60 18
61 17
61 16
61 16
61 15
61 14
61 13
61 13
61 12
61 12
60 11
60 11
60 12
60 12
60 13
60 14
60 14
60 15
60 16
60 17
60 18
60 18
60 19
60 20
60 21
60 22
60 23
60 23
60 24
60 25
59 26
59 27
59 28
59 29
59 29
59 30
59 31
59 32
59 33
59 34
59 35
59 35
59 36
59 37
59 38
59 39
59 39
59 40
59 41
59 42
59 43
59 43
59 44
59 45
59 46
59 46
59 47
60 48
60 49
60 49
60 50
60 51
60 52
60 52
61 53
61 53
62 54
62 54
63 53
64 53
65 52
66 52
67 51
68 50
69 50
70 49
71 48
72 48
73 47
74 47
75 46
76 45
77 45
78 44
79 44
80 43
80 43
80 42
79 41
79 40
79 40
79 39
79 38
79 37
79 37
79 36
79 36
79 35
79 35
78 35
78 35
78 35
77 36
77 36
77 37
77 38
77 38
77 39
76 40
76 41
76 41
76 42
76 43
76 44
76 44
76 45
76 46
76 47
76 47
76 48
76 49
76 49
76 50
76 51
76 51
76 52
76 52
76 53
76 53
77 53
77 53
77 52
77 52
78 51
78 50
78 50
78 49
78 48
78 48
79 47
79 46
79 46
79 45
79 44
79 44
79 43
79 43
79 43
79 43
79 43
79 43
79 44
79 45
79 45
79 46
79 47
79 47
79 48
79 49
79 49
79 50
79 51
79 52
79 53
79 53
79 54
79 55
79 56
79 57
79 57
79 58
79 59
79 60
79 61
79 62
79 62
79 63
79 64
79 65
79 66
79 67
79 68
79 69
79 69
79 70
79 71
79 72
79 73
79 74
79 75
79 76
79 76
79 77
79 78
79 79
79 80
79 81
79 82
79 82
79 83
79 84
79 85
79 86
79 87
79 87
79 88
79 89
78 90
78 91
78 92
78 92
78 93
78 94
78 95
78 95
78 96
78 97
78 98
78 98
77 99
77 99
76 99
76 99
76 99
75 98
75 98
74 97
74 97
74 96
73 95
73 94
73 94
73 93
73 92
73 92
73 91
73 90
73 90
73 89
73 89
73 88
73 88
74 87
74 86
75 85
75 84
76 83
76 82
77 81
78 80
78 79
79 78
79 77
80 76
80 75
81 74
81 73
82 72
83 71
83 70
84 69
84 68
85 67
85 66
86 65
87 64
87 63
88 62
88 61
89 60
89 59
90 58
91 57
91 56
92 55
92 54
93 53
93 52
94 51
94 50
95 49
96 48
96 47
97 46
97 45
98 44
98 43
99 42
99 42
99 41
99 40
99 39
99 39
98 38
98 38
98 37
98 36
98 36
98 35
98 35
98 34
98 33
98 33
97 32
97 32
96 32
96 32
96 33
96 34
96 34
96 35
95 36
95 37
95 37
95 38
94 39
94 40
94 41
94 41
94 42
94 43
94 44
94 45
94 45
94 46
93 47
93 48
93 48
93 49
93 50
93 51
93 51
94 52
94 52
94 53
94 53
95 54
95 54
96 53
96 53
96 52
96 51
96 51
96 50
97 49
97 48
97 48
97 47
98 46
98 45
98 45
98 44
98 44
98 43
98 43
98 43
98 44
98 45
98 45
98 46
98 47
98 47
98 48
98 49
98 50
98 51
98 51
98 52
98 53
98 54
98 54
98 55
98 56
