0 2
0 1
0 1
0 1
0 0
0 0
0 0
0 0
0 0
0 1
0 1
0 2
0 3
0 3
0 4
0 5
0 6
0 6
0 7
0 8
0 9
0 10
0 10
0 11
0 12
0 13
0 14
0 15
0 16
0 17
0 17
0 18
0 19
0 20
0 21
0 22
0 23
0 24
0 25
0 25
0 26
0 27
0 28
0 29
0 30
0 31
0 32
0 33
0 33
0 34
0 35
0 36
0 37
0 38
0 39
0 40
0 41
0 41
0 42
0 43
0 44
0 45
0 46
0 47
0 48
0 48
0 49
0 50
0 51
0 52
0 53
0 54
0 54
0 55
0 56
0 57
0 58
0 58
0 59
0 60
0 61
0 61
0 62
0 62
0 63
0 63
0 62
0 61
0 60
0 59
0 58
0 57
0 56
0 55
0 54
0 53
1 52
1 51
1 50
1 49
1 48
1 47
1 46
1 45
1 44
1 43
1 42
1 42
2 42
2 42
2 42
2 42
2 43
2 43
3 44
3 44
4 45
4 45
5 46
5 47
5 47
6 48
6 48
7 49
8 49
8 49
9 49
9 49
10 49
10 49
11 48
11 48
11 47
11 46
11 45
11 44
11 43
11 42
11 41
11 40
11 39
11 38
11 37
11 36
11 35
11 34
11 33
12 32
12 31
12 30
12 29
12 28
12 27
12 26
12 25
12 24
12 23
12 22
12 21
12 20
12 19
12 18
12 17
12 17
12 16
13 15
13 14
13 13
13 13
13 12
13 11
13 11
13 10
13 10
13 9
13 9
13 9
13 9
13 9
13 10
13 11
13 12
13 12
13 13
13 14
13 15
13 16
13 16
13 17
13 18
13 19
13 20
13 21
13 22
13 23
13 24
13 24
13 25
13 26
13 27
13 28
13 29
13 30
13 31
13 31
13 32
13 33
13 34
14 35
14 36
14 37
14 38
14 38
14 39
14 40
14 41
14 42
14 43
14 44
14 45
14 45
14 46
14 47
14 48
14 49
14 50
14 50
14 51
14 52
15 53
15 54
15 55
15 55
15 56
15 57
15 58
15 58
15 59
15 60
15 61
15 61
15 62
15 63
15 64
15 64
15 65
15 66
15 66
16 67
16 68
16 68
17 67
18 66
19 65
20 64
20 63
21 62
22 61
23 60
24 59
25 58
26 57
27 56
27 55
28 54
29 53
30 52
31 51
31 51
32 50
32 49
32 49
32 48
32 48
31 48
31 48
31 48
31 48
31 48
32 49
32 49
32 50
32 51
32 51
33 52
34 52
34 52
35 53
35 53
36 53
37 53
37 53
38 52
38 52
39 51
40 51
40 51
41 50
41 50
42 49
42 48
42 48
43 47
43 46
43 46
43 45
43 44
43 44
42 43
42 42
42 42
41 41
41 40
41 40
40 39
39 39
39 39
38 39
37 39
37 39
36 40
36 40
35 41
34 42
34 42
33 43
33 44
33 44
32 45
32 46
32 46
32 47
32 48
32 48
32 49
32 50
32 51
32 51
32 52
32 53
32 53
32 54
33 55
33 56
33 56
33 57
33 58
33 59
33 59
34 60
34 61
34 61
35 62
35 63
35 63
36 64
36 64
37 65
37 65
38 66
39 66
39 66
40 66
40 66
40 65
41 64
41 63
41 62
41 61
42 60
42 59
42 58
42 57
43 56
43 55
43 54
43 53
44 52
44 51
44 50
44 49
45 48
45 47
45 46
45 45
46 44
46 43
46 42
46 41
47 40
47 39
47 38
48 37
48 36
48 35
48 34
49 33
49 32
49 31
49 30
50 29
50 28
50 27
50 26
51 25
51 24
51 23
51 22
52 21
52 20
52 19
52 18
53 17
53 16
53 15
53 14
54 13
54 12
54 12
54 11
54 10
54 10
53 10
53 10
53 10
52 11
52 12
52 12
52 13
52 14
52 15
52 16
52 16
52 17
51 18
51 19
51 20
51 20
51 21
51 22
51 23
51 24
51 25
51 26
51 26
51 27
51 28
51 29
51 30
51 31
51 31
51 32
51 33
51 34
51 35
51 36
51 37
51 37
51 38
51 39
51 40
51 41
51 42
51 43
51 43
51 44
51 45
51 46
51 47
51 48
51 49
51 49
51 50
51 51
51 52
51 53
51 53
51 54
51 55
51 56
51 57
51 57
51 58
52 59
52 60
52 60
52 61
52 62
52 63
52 63
53 64
53 65
54 66
54 66
55 67
55 68
55 68
56 67
57 67
58 66
59 65
60 65
61 64
62 63
63 63
64 62
65 61
66 60
67 60
68 59
69 58
70 58
71 57
72 56
73 56
74 55
74 55
74 54
74 53
74 53
74 52
74 52
74 52
74 51
74 50
74 50
73 49
73 49
72 48
72 47
72 47
72 46
72 45
72 45
71 44
71 44
71 43
71 43
70 43
70 43
70 44
70 45
70 45
70 46
69 47
69 48
69 48
69 49
69 50
69 51
69 51
69 52
69 53
69 54
69 54
69 55
69 56
69 57
69 57
70 58
70 59
70 59
71 60
71 60
72 61
72 61
73 61
73 61
74 60
75 59
75 59
76 58
76 57
76 57
77 56
77 55
77 55
77 54
77 53
77 53
77 52
77 51
77 51
77 51
77 51
76 52
76 52
76 53
76 54
76 55
76 55
76 56
76 57
76 58
76 59
76 59
76 60
76 61
75 62
75 63
75 64
75 64
75 65
75 66
75 67
75 68
75 69
75 70
75 71
75 71
75 72
75 73
75 74
75 75
75 76
75 77
75 78
75 78
75 79
75 80
75 81
75 82
75 83
75 84
75 84
75 85
75 86
74 87
74 88
74 89
74 90
74 90
74 91
74 92
74 93
74 94
74 95
74 95
74 96
73 97
73 98
73 98
73 99
73 99
72 99
72 99
71 98
71 98
70 97
70 96
70 96
69 95
69 94
69 94
69 93
68 92
68 91
68 91
68 90
67 89
67 88
67 88
67 87
66 86
66 85
66 85
66 84
66 84
66 83
66 83
66 82
66 82
67 81
68 80
69 79
69 78
70 77
71 76
72 75
73 74
74 73
74 72
75 71
76 70
77 69
78 68
79 67
80 66
80 65
81 64
82 63
83 62
84 61
85 60
85 59
86 58
87 57
88 56
89 55
90 54
90 53
91 52
92 51
93 50
93 50
93 49
93 48
93 48
93 47
93 46
93 46
93 45
93 45
93 44
93 44
93 43
93 43
93 42
93 42
92 43
92 43
91 44
91 44
90 45
90 46
90 46
90 47
89 48
89 49
89 49
89 50
88 51
88 52
88 53
88 53
88 54
88 55
88 56
88 56
88 57
88 58
88 59
88 60
88 60
88 61
88 62
88 63
88 63
88 64
89 65
89 66
89 66
90 67
90 68
90 68
91 69
91 69
92 69
92 69
93 68
93 67
93 67
94 66
95 65
95 65
95 64
95 63
95 62
95 62
95 61
96 60
96 59
96 59
96 58
96 57
96 56
96 55
96 55
96 54
96 53
96 52
96 52
96 51
96 51
96 51
96 51
96 52
96 53
96 53
96 54
95 55
95 56
95 56
95 57
95 58
95 59
95 60
95 60
95 61
95 62
95 63
95 63
95 64
96 65
96 66
96 67
96 67
97 68
97 69
97 69
98 70
99 71
