0 3
1 2
1 2
1 1
1 1
1 1
1 1
1 1
1 2
1 2
0 3
0 4
0 4
0 5
0 6
0 7
0 7
0 8
0 9
0 10
0 11
0 12
0 12
0 13
0 14
0 15
0 16
0 16
0 17
0 18
0 19
0 20
0 21
0 22
0 23
0 23
0 24
0 25
0 26
0 27
0 28
0 29
0 30
0 30
0 31
0 32
0 33
0 34
0 35
0 36
0 37
0 37
0 38
0 39
0 40
0 41
0 42
0 43
0 43
0 44
0 45
0 46
0 47
0 48
0 49
0 49
0 50
0 51
0 52
0 53
0 54
0 55
0 55
0 56
0 57
0 58
0 58
0 59
0 60
0 60
0 59
0 58
0 57
0 56
0 55
0 54
0 53
0 52
0 51
0 50
0 49
0 48
0 47
0 46
0 45
0 44
0 43
0 43
0 43
0 42
0 42
0 42
0 42
0 42
0 42
0 42
1 43
1 43
2 43
2 43
3 44
3 44
4 45
4 45
5 45
6 45
6 45
7 45
7 45
8 45
8 45
9 45
9 45
10 45
10 45
11 44
11 44
11 43
11 42
11 41
11 40
11 39
11 38
11 37
11 36
11 35
11 34
11 33
11 32
11 31
11 30
11 29
12 28
12 27
12 26
12 25
12 24
12 23
12 22
12 21
12 20
12 19
12 18
12 17
12 16
12 15
12 14
12 13
12 12
12 12
12 11
13 10
13 9
13 8
13 8
13 7
13 6
13 6
13 5
13 5
13 4
13 4
13 4
13 4
13 4
13 5
13 6
13 6
13 7
13 8
13 9
13 9
13 10
13 11
13 12
13 13
13 14
13 15
13 15
13 16
13 17
13 18
13 19
13 20
13 20
13 21
13 22
13 23
13 24
13 25
13 26
13 26
13 27
13 28
13 29
13 30
13 31
13 32
13 33
13 33
13 34
13 35
13 36
13 37
13 38
13 39
13 39
13 40
13 41
13 42
13 43
13 44
13 44
13 45
13 46
14 47
14 48
14 49
14 49
14 50
14 51
14 52
14 53
14 53
14 54
14 55
14 56
14 56
15 57
15 58
15 58
16 57
17 56
18 55
19 55
20 54
21 53
22 52
23 51
24 50
25 50
26 49
27 48
28 47
28 47
28 48
28 48
28 48
28 47
28 47
28 47
28 47
28 47
28 48
28 48
29 48
29 48
30 48
31 48
31 48
32 48
32 48
33 47
33 47
34 46
34 46
34 45
34 45
34 44
34 44
34 43
34 43
34 42
34 41
34 41
33 40
33 40
32 39
31 39
31 39
30 39
30 39
29 39
29 39
28 40
28 40
27 41
27 42
27 42
27 43
27 44
27 44
27 45
27 46
27 47
27 47
27 48
27 49
27 50
27 51
27 51
27 52
27 53
27 54
27 55
27 55
27 56
28 57
28 58
28 58
29 59
29 60
29 60
30 61
30 62
30 62
31 63
32 63
32 63
33 63
34 63
34 63
35 63
35 63
35 62
35 61
36 60
36 59
36 58
36 57
37 56
37 55
37 54
37 53
37 52
38 51
38 50
38 49
38 48
38 47
39 46
39 45
39 44
39 43
40 42
40 41
40 40
40 39
40 38
41 37
41 36
41 35
41 34
42 33
42 32
42 31
42 30
42 29
43 28
43 27
43 26
43 25
44 24
44 23
44 22
44 21
44 20
45 19
45 18
45 17
45 16
45 15
46 14
46 13
46 12
46 11
47 10
47 9
47 8
47 8
47 7
47 6
47 5
47 4
47 4
47 3
47 2
47 2
47 1
47 0
47 0
48 0
48 0
48 0
48 1
48 1
48 2
48 3
48 3
48 4
48 5
48 6
48 6
48 7
48 8
48 9
48 10
48 10
48 11
48 12
48 13
48 14
48 14
48 15
48 16
48 17
48 18
48 19
48 19
48 20
48 21
49 22
49 23
49 24
49 24
49 25
49 26
49 27
49 28
49 29
49 29
49 30
49 31
49 32
49 33
49 34
49 34
49 35
49 36
49 37
49 38
49 38
49 39
49 40
49 41
49 42
49 43
49 43
49 44
49 45
49 46
49 47
49 47
49 48
49 49
49 50
49 51
49 51
49 52
49 53
49 54
49 55
49 55
49 56
50 57
50 58
50 58
50 59
50 60
50 60
51 61
51 62
51 62
52 62
53 62
53 62
54 61
55 60
56 60
57 59
58 58
59 57
60 57
61 56
62 55
63 54
64 54
65 53
66 52
67 51
68 51
69 50
70 49
70 49
70 48
70 48
70 48
70 47
70 47
70 46
70 46
70 45
70 45
70 44
70 44
70 43
70 43
70 42
70 41
70 41
70 40
70 40
69 39
69 39
69 38
69 38
68 38
68 38
68 39
68 39
67 40
67 41
67 41
67 42
66 43
66 44
66 44
66 45
66 46
66 47
66 47
66 48
66 49
66 50
66 50
66 51
66 52
66 53
66 53
67 54
67 55
67 55
68 56
68 56
69 57
69 57
70 56
71 56
71 56
72 55
72 55
72 54
72 53
72 53
73 52
73 52
73 51
73 50
73 50
72 49
72 49
72 48
72 48
72 48
72 49
72 49
72 50
72 51
72 52
72 52
72 53
71 54
71 55
71 56
71 56
71 57
71 58
71 59
71 60
71 61
71 61
71 62
71 63
71 64
71 65
71 66
71 66
71 67
71 68
71 69
71 70
71 71
71 72
71 73
71 73
71 74
71 75
71 76
70 77
70 78
70 79
70 80
70 81
70 81
70 82
70 83
70 84
70 85
70 86
70 87
70 87
70 88
70 89
69 90
69 91
69 92
69 92
69 93
69 94
69 95
69 96
69 96
68 97
68 98
68 98
68 99
68 99
67 99
67 99
67 98
67 98
66 97
66 96
66 96
66 95
65 94
65 93
65 93
64 92
64 91
64 91
64 90
63 89
63 88
63 88
62 87
62 86
62 86
62 85
62 85
62 84
61 83
61 82
61 82
61 82
62 81
63 80
64 79
64 78
65 77
66 76
67 75
68 74
69 73
70 72
70 71
71 70
72 69
73 68
74 67
75 66
76 65
76 64
77 63
78 62
79 61
80 60
81 59
81 58
82 57
83 56
84 55
85 54
86 53
87 52
87 51
88 50
89 49
90 48
90 48
91 47
91 46
91 46
91 45
91 44
91 43
91 43
91 42
91 42
91 42
91 41
91 41
91 41
91 40
91 40
90 40
90 40
90 40
89 40
89 40
89 41
89 41
88 42
88 42
87 43
87 44
87 44
86 45
86 46
86 46
86 47
86 48
86 48
86 49
86 50
86 51
86 51
86 52
86 53
86 54
86 54
86 55
87 56
87 57
87 57
87 58
87 59
87 59
88 60
88 61
88 61
89 62
89 62
90 62
90 62
91 61
91 61
92 60
92 59
92 59
93 58
93 57
93 57
93 56
93 55
93 54
93 54
93 53
93 52
93 51
93 50
93 50
93 49
93 48
93 48
93 47
93 46
93 46
93 45
93 45
93 45
93 45
93 46
93 47
93 47
93 48
93 49
93 50
93 50
93 51
93 52
93 53
93 53
93 54
93 55
93 55
93 56
94 57
94 58
94 58
94 59
95 60
95 61
95 61
96 62
96 63
96 63
97 64
97 65
97 65
98 66
99 67
