0 0
0 0
0 0
0 0
0 0
0 0
0 0
0 0
0 1
0 2
0 2
0 3
0 4
0 5
0 6
0 6
0 7
0 8
0 9
0 10
0 11
0 11
0 12
0 13
0 14
0 15
0 16
0 16
0 17
0 18
0 19
0 20
0 21
0 22
0 23
0 23
0 24
0 25
0 26
0 27
0 28
0 29
0 30
0 30
0 31
0 32
0 33
0 34
0 35
0 36
0 37
0 37
0 38
0 39
0 40
0 41
0 42
0 43
0 43
0 44
0 45
0 46
0 47
0 48
0 49
0 49
0 50
0 51
0 52
0 53
0 54
0 55
0 55
0 56
0 57
0 58
0 59
0 59
0 60
0 61
0 62
0 62
0 63
0 64
0 64
0 63
0 62
0 61
0 60
0 59
0 58
0 57
0 56
0 55
0 54
0 53
1 52
1 51
1 50
1 49
1 48
1 47
1 46
1 45
1 44
1 43
1 42
1 41
1 41
2 42
2 43
2 43
1 42
1 42
1 41
1 40
1 40
1 40
2 41
2 41
2 41
2 42
2 42
3 42
3 42
4 43
4 44
4 44
5 45
6 45
6 45
7 46
8 46
8 46
9 47
9 47
10 47
10 47
11 47
12 47
12 47
12 46
12 45
12 44
12 43
12 42
12 41
12 40
12 39
13 38
13 37
13 36
13 35
13 34
13 33
13 32
13 31
13 30
13 29
13 28
13 27
13 26
13 25
13 24
13 23
13 22
13 21
14 20
14 19
14 18
14 17
14 16
14 15
14 14
14 13
14 12
14 11
14 11
14 10
14 9
14 9
14 8
14 7
14 7
14 6
14 6
14 6
14 6
14 7
14 7
13 7
13 7
13 8
13 9
13 9
13 10
13 11
13 12
13 13
13 13
13 14
13 15
13 16
13 17
13 18
13 18
13 19
13 20
13 21
13 22
13 23
13 24
13 24
13 25
13 26
13 27
13 28
13 29
13 30
13 31
13 31
13 32
13 33
13 34
14 35
14 36
14 37
14 38
14 38
14 39
14 40
14 41
14 42
14 43
14 44
14 44
14 45
14 46
14 47
14 48
14 49
14 50
14 51
14 51
14 52
14 53
15 54
15 55
15 56
15 57
15 57
15 58
15 59
15 60
15 61
15 61
15 62
15 63
15 64
15 65
15 65
15 66
16 67
16 68
16 68
17 69
17 70
17 70
18 69
18 68
19 67
19 66
20 65
20 64
21 63
21 62
22 61
22 60
23 59
23 58
24 57
24 56
25 55
25 54
26 53
26 52
27 51
27 50
28 49
28 49
28 49
28 49
28 49
28 48
28 48
29 49
29 49
29 49
30 50
30 51
30 51
30 52
30 52
31 53
32 53
32 53
33 53
33 53
34 53
34 53
35 52
35 52
36 51
36 51
37 50
37 49
37 49
37 48
37 48
37 47
37 46
37 46
37 45
37 44
37 43
37 43
36 42
36 41
36 41
35 40
34 40
34 40
33 39
33 39
32 39
32 39
31 40
31 41
31 41
30 42
30 43
30 43
30 44
29 45
29 46
29 46
29 47
29 48
29 49
29 49
29 50
29 51
29 52
29 53
29 53
29 54
29 55
29 56
29 57
29 57
29 58
29 59
29 60
29 61
29 61
30 62
30 63
30 63
30 64
31 65
31 66
31 66
32 67
32 68
32 68
33 69
33 69
34 69
35 69
35 69
36 69
37 69
37 69
37 68
37 67
38 66
38 65
38 64
38 63
39 62
39 61
39 60
39 59
39 58
40 57
40 56
40 55
40 54
41 53
41 52
41 51
41 50
41 49
42 48
42 47
42 46
42 45
42 44
43 43
43 42
43 41
43 40
44 39
44 38
44 37
44 36
44 35
45 34
45 33
45 32
45 31
46 30
46 29
46 28
46 27
46 26
47 25
47 24
47 23
47 22
48 21
48 20
48 19
48 18
48 17
49 16
49 15
49 14
49 13
49 12
50 11
50 10
50 9
50 8
51 7
51 6
51 5
51 5
52 5
52 5
52 5
52 6
52 6
52 7
52 8
52 8
52 9
53 10
53 11
53 11
53 12
53 13
53 14
53 15
53 15
53 16
53 17
53 18
53 19
53 19
53 20
53 21
52 22
52 23
52 24
52 24
52 25
52 26
52 27
52 28
52 29
52 30
52 30
52 31
52 32
52 33
52 34
52 35
52 35
52 36
52 37
52 38
52 39
52 40
52 40
52 41
51 42
51 43
51 44
51 44
51 45
51 46
51 47
51 48
51 48
51 49
51 50
51 51
51 52
51 52
51 53
52 54
52 55
52 55
52 56
52 57
52 58
52 59
52 59
52 60
53 61
53 62
53 62
54 63
54 64
54 64
55 65
55 65
56 64
57 63
58 63
59 62
60 61
61 60
62 60
63 59
64 58
65 57
66 57
67 56
68 55
69 54
70 54
71 53
72 52
73 51
74 51
75 50
75 50
75 49
75 48
75 48
75 47
75 46
75 46
75 45
75 45
75 44
75 44
75 44
74 43
74 43
74 43
73 43
73 43
73 44
73 44
72 45
72 45
72 46
72 47
72 47
72 48
71 49
71 50
71 50
71 51
71 52
71 52
71 53
71 54
71 55
71 55
71 56
71 57
71 57
72 58
72 59
72 59
73 60
73 60
74 60
74 60
75 59
75 59
76 58
76 58
76 57
76 56
76 56
76 55
77 54
77 53
77 53
76 52
76 51
76 51
76 50
76 49
76 49
76 48
76 48
76 48
76 49
76 49
76 50
76 51
76 52
76 52
76 53
75 54
75 55
75 56
75 56
75 57
75 58
75 59
75 60
75 60
75 61
75 62
75 63
75 64
75 65
75 65
75 66
75 67
75 68
75 69
75 70
75 71
75 71
75 72
75 73
75 74
74 75
74 76
74 77
74 78
74 78
74 79
74 80
74 81
74 82
74 83
74 84
74 84
74 85
74 86
73 87
73 88
73 89
73 89
73 90
73 91
73 92
73 93
73 94
73 94
73 95
72 96
72 97
72 97
72 98
72 99
72 99
71 99
71 99
70 99
70 99
69 98
69 97
69 97
69 96
68 95
68 94
68 94
68 93
67 92
67 91
67 91
67 90
66 89
66 88
66 88
66 87
65 86
65 85
65 85
65 84
65 84
65 83
65 82
65 82
65 81
65 81
66 80
67 79
67 78
68 77
69 76
70 75
71 74
71 73
72 72
73 71
74 70
75 69
75 68
76 67
77 66
78 65
79 64
79 63
80 62
81 61
82 60
83 59
83 58
84 57
85 56
86 55
87 54
87 53
88 52
89 51
90 50
91 49
91 48
92 47
93 46
93 46
93 45
93 45
93 44
93 43
93 42
93 42
93 41
93 41
94 41
94 41
93 41
93 41
93 40
93 40
93 40
93 40
93 41
93 41
92 42
92 42
91 43
91 44
91 44
91 45
91 46
91 46
90 47
90 48
90 48
90 49
90 50
90 51
90 51
90 52
90 53
90 54
90 55
90 55
90 56
89 57
89 58
89 58
89 59
89 60
89 60
90 61
90 62
90 62
91 63
91 63
91 63
92 63
92 63
93 62
93 62
93 61
94 60
94 59
94 59
95 58
95 57
95 57
95 56
95 55
95 54
95 53
95 53
95 52
96 51
96 50
96 49
96 49
96 48
96 47
96 46
96 46
95 45
95 45
95 45
95 45
95 46
95 46
95 47
95 48
95 48
95 49
94 50
94 51
94 51
94 52
94 53
94 54
94 54
94 55
95 56
95 57
95 57
95 58
95 59
95 59
96 60
96 61
96 61
96 62
96 63
96 63
97 64
97 64
98 64
99 64
