0 0
0 0
0 1
0 2
0 2
0 3
1 4
1 5
1 5
1 6
1 7
2 8
2 9
2 10
2 10
2 11
2 12
2 13
3 14
3 15
3 16
3 17
3 17
3 18
3 19
4 20
4 21
4 22
4 23
5 24
5 25
5 26
5 26
5 27
5 28
5 29
5 30
6 31
6 32
6 33
6 34
6 35
6 35
6 36
6 37
7 38
7 39
7 40
7 41
7 42
8 43
8 44
8 45
8 45
8 46
8 47
8 48
8 49
9 50
9 51
9 52
9 53
9 54
9 54
9 55
9 56
9 57
10 58
10 59
10 60
10 61
10 61
10 62
10 63
11 64
11 65
11 66
11 67
11 67
11 68
12 69
12 70
12 71
12 71
12 72
13 73
13 74
13 74
13 73
13 72
13 71
13 70
13 69
13 68
13 67
13 66
13 65
13 64
13 63
13 62
13 61
13 60
13 59
13 58
13 57
13 56
13 55
13 54
13 53
13 52
13 51
13 50
13 49
13 48
13 47
13 46
13 45
13 44
13 43
13 42
13 41
13 40
13 39
13 38
13 37
13 36
13 35
13 34
13 33
13 32
13 31
13 30
13 29
13 28
13 28
13 27
13 26
13 25
13 24
12 23
12 22
12 21
12 20
12 19
12 18
12 18
12 17
12 16
12 15
12 14
12 14
11 14
11 14
11 15
11 16
11 16
11 17
11 18
11 19
11 20
11 21
11 21
11 22
11 23
11 24
10 25
10 26
10 27
10 28
10 28
10 29
10 30
10 31
9 32
9 33
9 34
9 35
9 35
9 36
9 37
8 38
8 39
8 40
8 41
7 42
7 43
7 44
7 44
7 45
7 46
7 47
6 48
6 49
6 50
6 51
6 52
6 52
6 53
6 54
5 55
5 56
5 57
5 58
4 59
4 60
4 61
4 61
4 62
4 63
3 64
3 65
3 66
3 67
3 67
3 68
2 69
2 70
2 71
2 71
2 72
2 73
2 74
2 75
2 75
2 76
2 76
3 76
3 76
3 75
4 74
4 73
4 72
4 71
5 70
5 69
5 68
5 67
6 66
6 65
6 64
7 63
7 62
7 61
7 60
8 59
8 58
8 57
9 56
9 55
9 54
9 53
10 52
10 51
10 50
10 49
11 48
11 47
11 46
12 45
12 44
12 43
12 42
13 41
13 40
13 39
13 38
14 37
14 36
14 36
14 35
15 34
15 33
15 32
16 31
16 30
16 29
16 28
17 27
17 26
17 26
17 25
18 24
18 23
18 23
18 22
18 21
18 20
18 19
18 19
19 18
19 17
19 17
20 16
20 16
20 16
21 17
21 18
21 18
21 19
22 20
22 21
22 21
22 22
22 23
23 24
23 25
23 26
23 26
23 27
23 28
24 29
24 30
24 31
24 31
24 32
24 33
24 34
24 35
24 36
24 37
24 37
24 38
25 39
25 40
25 41
25 41
25 42
25 43
26 44
26 45
26 46
26 46
26 47
27 48
27 49
27 49
27 50
28 51
28 52
28 52
29 53
29 54
29 54
29 55
29 55
29 54
29 53
30 52
30 51
30 50
30 49
30 48
31 47
31 46
31 45
31 44
31 43
32 42
32 41
32 40
32 39
33 38
33 37
33 36
33 35
33 34
34 33
34 32
34 31
34 30
34 29
35 28
35 27
35 26
35 25
35 24
36 23
36 22
36 21
36 21
36 20
37 19
37 18
38 17
38 16
38 16
38 15
38 14
38 14
38 14
38 14
38 14
37 15
37 16
37 16
36 17
36 18
36 18
36 19
35 20
35 21
35 22
35 22
35 23
34 24
34 25
34 26
34 26
34 27
34 28
33 29
33 30
33 31
33 31
33 32
32 33
32 34
32 35
32 35
32 36
31 37
31 38
31 39
31 39
31 40
31 41
31 42
31 43
31 44
31 44
31 45
31 46
31 47
31 48
31 49
31 50
31 51
31 51
31 52
31 53
31 54
30 55
30 56
30 57
30 58
30 59
30 59
30 60
30 61
30 62
30 63
30 64
30 65
30 66
30 66
30 67
30 68
30 69
30 70
30 71
30 72
30 73
30 73
30 74
30 75
30 76
30 77
30 78
30 79
30 80
30 80
30 81
30 82
30 83
30 84
30 85
30 86
30 86
30 87
30 88
31 89
31 90
31 91
31 91
31 92
31 93
31 94
31 94
32 95
32 96
32 96
32 95
33 94
33 93
34 92
34 91
34 90
35 89
35 88
35 87
36 86
36 85
37 84
37 83
37 82
38 81
38 80
38 79
39 78
39 77
40 76
40 75
40 74
41 73
41 72
41 71
42 70
42 69
43 68
43 67
43 66
44 65
44 64
44 63
45 62
45 61
46 60
46 59
46 58
47 57
47 56
47 55
48 54
48 53
49 52
49 51
49 51
50 51
51 51
52 51
52 51
52 50
52 50
51 49
51 49
51 48
51 47
51 47
50 46
50 46
50 45
50 44
50 44
49 43
49 42
49 42
48 41
48 41
47 41
47 41
46 42
46 43
46 43
46 44
45 45
45 46
45 47
45 47
45 48
44 49
44 50
44 51
44 51
44 52
44 53
44 54
43 55
43 56
43 57
43 58
43 59
43 59
43 60
43 61
43 62
42 63
42 64
42 65
42 66
42 66
42 67
42 68
42 69
42 70
42 71
42 72
42 72
42 73
42 74
42 75
42 76
42 77
42 78
42 78
42 79
42 80
42 81
42 82
42 83
42 83
42 84
42 85
42 86
42 87
42 87
43 88
43 89
43 89
44 89
45 89
45 89
46 88
46 87
46 87
47 86
47 85
48 84
48 83
48 83
48 82
49 81
49 80
49 79
50 78
50 77
50 77
50 76
51 75
51 74
51 73
51 72
52 71
52 70
52 69
52 69
52 68
52 67
52 66
53 65
53 64
53 63
53 62
53 61
53 61
53 60
53 59
54 58
54 57
54 56
54 55
55 54
55 53
55 52
55 52
55 51
55 50
55 49
55 48
56 47
56 46
56 45
56 44
56 43
56 43
56 42
56 41
57 40
57 39
57 38
57 37
57 37
57 36
58 35
58 34
58 33
58 33
58 32
58 31
58 31
58 30
58 30
58 29
58 29
58 30
58 30
58 31
58 31
58 32
58 33
58 34
58 35
58 35
58 36
58 37
58 38
58 39
58 40
58 40
58 41
58 42
58 43
58 44
58 45
58 46
58 47
58 47
58 48
58 49
58 50
57 51
57 52
57 53
57 54
57 55
57 55
57 56
57 57
57 58
57 59
57 60
57 61
57 62
57 63
57 64
57 64
57 65
57 66
57 67
56 68
56 69
56 70
56 71
56 71
56 72
56 73
56 74
56 75
56 76
56 77
56 77
56 78
56 79
56 80
56 81
56 82
56 83
56 83
56 84
56 85
56 86
56 86
56 87
56 88
56 88
57 89
57 89
57 89
57 88
57 87
57 87
57 86
58 85
58 84
58 84
58 83
58 82
59 81
59 80
59 79
59 78
59 78
59 77
59 76
60 75
60 74
60 73
60 73
60 72
61 71
61 70
61 70
61 69
61 68
61 68
61 67
61 67
62 67
62 67
62 68
62 68
62 69
62 70
62 71
62 71
62 72
62 73
62 74
62 74
62 75
62 76
62 77
62 78
62 78
62 79
62 80
62 81
62 82
62 83
62 83
62 84
63 85
63 86
63 87
63 87
63 88
63 89
63 90
63 90
63 91
64 92
64 93
64 93
65 94
66 94
66 94
67 94
67 94
68 93
68 92
69 91
69 91
70 90
70 89
71 88
71 87
71 87
71 86
72 85
72 84
73 83
73 82
73 82
73 81
74 80
74 79
75 78
75 77
75 77
75 76
75 75
76 74
76 73
76 72
76 71
76 71
76 70
76 69
76 68
76 67
76 67
76 66
76 65
76 65
76 64
76 63
76 63
75 62
75 61
75 61
75 60
75 60
74 60
74 60
73 60
73 60
72 61
72 61
72 62
72 63
72 64
72 64
72 65
71 66
71 67
71 67
71 68
71 69
70 70
70 71
70 72
70 72
70 73
70 74
70 75
70 76
70 77
70 78
70 78
70 79
70 80
69 81
69 82
69 83
69 84
69 84
69 85
69 86
69 87
69 88
69 89
69 89
69 90
70 91
70 92
70 92
70 93
70 94
70 94
71 95
71 95
72 95
72 95
73 94
73 94
73 93
74 92
74 91
74 91
74 90
75 89
75 88
75 87
75 87
75 86
75 85
76 84
76 83
76 82
76 81
76 81
76 80
76 79
76 78
76 77
76 77
76 76
77 75
77 74
77 74
77 73
77 72
77 71
77 71
77 71
77 72
77 72
77 73
77 74
77 74
77 75
77 76
77 77
77 78
77 78
77 79
78 80
78 81
78 82
78 82
78 83
78 84
78 85
78 86
78 86
78 87
79 88
79 89
79 89
79 90
80 91
80 92
80 92
81 93
81 94
81 94
82 94
83 94
83 94
84 93
85 93
85 93
85 92
86 91
86 90
86 90
87 89
87 88
88 87
88 87
88 86
89 85
89 84
90 83
90 82
90 82
90 81
91 80
91 79
91 78
91 78
91 77
91 76
92 75
92 74
92 73
92 73
92 72
93 71
93 70
93 70
94 69
94 68
94 68
93 67
93 67
93 66
93 66
93 66
93 67
93 67
93 68
93 69
93 69
93 70
93 71
93 72
93 72
93 73
92 74
92 75
92 76
92 76
92 77
92 78
92 79
92 80
92 80
92 81
92 82
92 83
92 84
92 85
92 85
92 86
92 87
92 88
92 89
92 89
92 90
93 91
93 92
93 93
93 93
93 94
94 95
94 96
94 96
95 97
95 98
95 98
96 99
96 99
97 99
97 99
98 99
99 99
99 99
99 98
99 97
99 96
99 95
99 94
98 93
98 92
98 91
98 90
98 89
98 88
98 87
98 86
98 85
98 84
98 83
98 82
97 81
97 80
97 79
97 78
97 77
97 76
97 75
97 74
97 73
97 72
97 71
97 70
96 69
96 68
96 67
96 66
96 65
96 64
96 63
96 62
96 61
96 60
96 59
96 58
95 57
95 56
95 55
95 54
95 53
95 52
95 51
95 50
95 49
95 48
95 47
95 46
94 45
94 44
94 43
94 42
94 41
94 40
94 39
94 38
94 37
94 36
94 35
94 34
93 33
93 32
93 31
93 30
93 29
93 28
93 28
93 28
93 28
93 27
93 27
93 28
93 28
93 29
93 30
93 30
93 31
93 32
93 33
93 33
94 34
94 35
94 35
94 36
94 37
94 37
94 38
94 39
