0 21
1 22
1 22
0 21
0 20
0 20
0 19
0 18
0 18
0 18
0 19
0 19
0 20
0 20
0 21
1 22
1 23
1 23
1 24
2 25
2 26
2 26
2 27
2 28
3 29
3 30
3 31
3 31
3 32
4 33
4 34
4 35
4 36
5 37
5 38
5 38
5 39
6 40
6 41
6 42
6 43
7 44
7 45
7 46
7 46
7 47
7 48
8 49
8 50
8 51
8 52
8 53
9 54
9 55
9 56
9 56
9 57
9 58
10 59
10 60
10 61
10 62
11 63
11 64
11 65
11 65
11 66
11 67
11 68
12 69
12 70
12 71
12 72
12 73
12 73
12 74
13 75
13 76
13 77
13 78
14 79
14 80
14 80
14 81
15 82
15 83
15 84
15 84
15 85
16 86
16 87
16 88
16 88
17 89
17 90
17 90
17 91
17 92
17 92
17 92
17 92
17 91
17 90
17 89
17 88
17 87
17 86
17 85
17 84
17 83
17 82
17 81
17 80
17 79
17 78
17 77
17 76
17 75
17 74
17 73
17 72
17 71
17 70
17 69
17 68
17 67
17 66
17 65
17 64
17 63
17 62
17 61
17 60
17 59
17 58
17 57
17 56
17 55
17 54
18 53
18 52
18 51
18 50
18 49
18 48
18 47
18 46
18 45
18 44
18 43
18 42
18 41
18 40
18 39
18 38
18 37
18 36
18 35
18 34
18 33
18 32
18 31
18 30
18 29
18 28
18 27
18 26
18 25
18 24
18 23
18 22
18 21
18 20
18 19
18 18
18 17
18 16
18 15
18 14
18 14
18 15
19 16
19 17
19 18
19 18
18 19
18 19
17 20
17 20
17 21
17 22
16 23
16 24
16 25
16 25
16 26
16 27
16 28
15 29
15 30
15 31
15 32
15 32
15 33
15 34
15 35
15 36
14 37
14 38
14 39
14 40
14 41
14 41
14 42
14 43
14 44
13 45
13 46
13 47
13 48
13 49
13 49
13 50
13 51
13 52
12 53
12 54
12 55
12 56
12 57
12 57
12 58
12 59
12 60
11 61
11 62
11 63
11 64
11 65
11 65
11 66
11 67
11 68
11 69
10 70
10 71
10 72
10 73
10 74
10 74
10 75
10 76
9 77
9 78
9 79
9 80
9 80
9 81
9 82
9 83
9 84
9 85
9 86
9 86
9 87
9 88
8 89
8 90
8 91
8 91
8 92
8 93
8 94
8 94
8 95
7 96
7 97
7 98
7 98
7 99
7 99
7 99
8 99
8 99
8 98
8 97
9 96
9 95
9 94
9 93
9 92
10 91
10 90
10 89
10 88
10 87
11 86
11 85
11 84
11 83
12 82
12 81
12 80
12 79
12 78
13 77
13 76
13 75
13 74
13 73
14 72
14 71
14 70
14 69
14 68
15 67
15 66
15 65
15 64
15 63
16 62
16 61
16 60
16 59
16 58
17 57
17 56
17 55
17 54
18 53
18 52
18 51
18 50
18 49
19 48
19 47
19 46
19 45
19 44
20 43
20 42
20 41
20 40
20 39
21 38
21 37
21 36
21 35
21 34
22 33
22 32
22 31
22 30
22 29
23 28
23 27
23 26
23 25
24 24
24 23
24 22
24 21
24 20
25 19
25 18
25 17
25 16
25 15
26 14
26 13
26 12
26 12
27 13
27 14
28 15
28 15
28 14
28 14
28 14
29 15
29 16
29 16
29 17
30 18
30 19
30 20
30 20
30 21
30 22
31 23
31 24
31 25
31 25
31 26
31 27
32 28
32 29
32 30
32 31
32 31
32 32
32 33
33 34
33 35
33 36
33 36
33 37
33 38
33 39
33 40
33 40
33 41
34 42
34 43
34 44
34 44
34 45
35 46
35 47
35 47
36 48
36 48
36 49
36 50
36 50
36 49
36 48
37 47
37 46
37 45
37 44
37 43
38 42
38 41
38 40
38 39
38 38
39 37
39 36
39 35
39 34
39 33
40 32
40 31
40 30
40 29
40 28
41 27
41 26
41 25
41 24
41 23
41 22
42 21
42 20
42 19
42 18
42 17
43 16
43 15
43 14
43 13
43 12
44 11
44 10
44 9
44 8
44 7
45 6
45 5
45 4
45 4
45 5
45 6
45 6
44 7
44 7
44 7
44 8
44 9
43 10
43 11
43 12
43 12
43 13
43 14
42 15
42 16
42 17
42 18
42 18
42 19
42 20
42 21
42 22
41 23
41 24
41 25
41 26
41 27
41 27
41 28
41 29
40 30
40 31
40 32
40 33
40 33
40 34
40 35
40 36
40 37
39 38
39 39
39 40
39 41
39 42
39 42
39 43
39 44
39 45
39 46
38 47
38 48
38 49
38 50
38 51
38 51
38 52
38 53
38 54
38 55
37 56
37 57
37 58
37 59
37 60
37 60
37 61
37 62
37 63
37 64
37 65
37 66
37 67
37 68
37 69
37 69
37 70
37 71
37 72
36 73
36 74
36 75
36 76
36 76
36 77
36 78
36 79
36 80
36 81
36 82
36 82
36 83
36 84
36 85
36 86
36 87
36 87
36 88
36 89
36 90
36 90
36 91
36 92
36 93
36 93
36 94
36 94
36 93
37 92
37 91
37 90
38 89
38 88
39 87
39 86
39 85
40 84
40 83
40 82
41 81
41 80
42 79
42 78
42 77
43 76
43 75
43 74
44 73
44 72
44 71
45 70
45 69
46 68
46 67
46 66
47 65
47 64
47 63
48 62
48 61
48 60
49 59
49 58
50 57
50 56
50 55
51 54
51 53
51 52
52 51
52 50
53 49
53 48
53 47
54 46
54 45
54 44
55 43
55 42
55 41
56 40
56 39
57 38
57 37
57 36
58 35
58 34
58 34
58 33
58 32
59 31
59 30
59 29
59 29
59 28
59 27
59 26
59 26
59 25
59 24
59 24
59 23
59 23
58 22
58 22
57 22
57 22
56 23
56 23
55 24
55 25
55 25
55 26
54 27
54 28
54 29
54 29
54 30
54 31
53 32
53 33
53 34
53 34
53 35
53 36
52 37
52 38
52 39
52 40
52 40
52 41
52 42
52 43
52 44
52 45
52 45
52 46
51 47
51 48
51 49
51 49
51 50
51 51
51 52
51 53
51 53
51 54
52 55
52 56
52 57
52 57
52 58
52 59
52 60
52 60
53 61
53 62
53 62
53 63
53 64
53 64
54 65
54 66
54 66
55 67
55 67
56 67
56 67
57 67
57 67
58 66
58 65
59 64
59 64
59 63
60 62
60 61
60 60
60 60
60 59
61 58
61 57
62 56
62 55
62 55
62 54
62 53
63 52
63 51
63 50
63 49
63 49
63 48
64 47
64 46
64 45
64 44
65 43
65 42
65 41
65 41
65 40
65 39
65 38
65 37
66 36
66 35
66 34
66 33
66 32
66 31
66 31
66 30
67 29
67 28
67 27
67 26
68 25
68 24
68 23
68 23
68 22
68 21
68 20
69 19
69 18
69 17
69 16
69 15
69 15
69 14
69 13
70 12
70 11
70 10
70 9
70 9
70 8
70 7
70 6
70 5
70 4
70 4
70 3
71 2
71 1
71 1
71 0
71 0
71 0
71 1
70 2
70 3
70 3
70 4
70 5
70 6
70 7
70 7
70 8
70 9
69 10
69 11
69 12
69 13
69 13
69 14
69 15
69 16
69 17
69 18
69 19
69 20
69 21
69 21
69 22
69 23
69 24
68 25
68 26
68 27
68 28
68 29
68 29
68 30
68 31
68 32
68 33
67 34
67 35
67 36
67 37
67 38
67 39
67 39
67 40
67 41
67 42
66 43
66 44
66 45
66 46
66 47
66 47
66 48
66 49
66 50
65 51
65 52
65 53
65 54
65 54
65 55
65 56
65 57
65 58
65 59
65 60
65 60
65 61
65 62
64 63
64 64
64 65
64 65
64 66
64 67
64 68
64 69
64 69
64 70
64 71
64 72
64 72
64 72
64 73
64 73
64 73
64 72
64 72
64 71
64 70
64 69
64 68
64 68
64 67
64 66
65 65
65 64
65 63
65 63
65 62
65 61
66 60
66 59
66 58
66 57
66 57
66 56
66 55
67 54
67 53
67 52
67 52
67 51
68 50
68 49
68 48
69 47
69 46
69 46
69 45
70 44
70 43
71 42
71 41
71 41
71 40
72 39
72 38
72 38
73 37
73 36
73 36
73 36
74 37
74 37
74 38
74 39
74 40
74 40
74 41
74 42
74 43
74 44
74 44
74 45
74 46
74 47
74 48
74 49
74 50
74 50
74 51
74 52
74 53
74 54
74 55
74 56
74 56
74 57
74 58
74 59
73 60
73 61
73 62
73 63
73 63
73 64
73 65
73 66
73 67
73 68
73 68
73 69
73 70
73 71
73 72
73 72
73 73
73 74
73 75
73 75
74 76
74 76
74 77
74 78
74 78
75 78
75 78
76 78
76 78
76 77
76 76
76 76
76 75
77 74
77 73
78 72
78 71
78 70
79 69
79 68
79 67
80 66
80 65
81 64
81 63
81 62
82 61
82 60
82 59
83 58
83 57
84 56
84 55
84 55
84 54
84 53
84 52
85 51
85 50
85 49
85 48
85 48
85 47
86 46
86 45
86 45
86 44
87 43
87 42
87 42
87 41
87 40
87 39
87 39
87 38
87 37
87 36
87 36
87 35
87 34
87 33
87 33
87 32
87 31
87 31
86 31
86 31
85 30
85 30
85 31
85 31
84 32
84 33
84 33
83 34
83 35
83 35
83 36
82 37
82 38
82 39
82 39
82 40
82 41
82 42
82 43
82 43
82 44
81 45
81 46
81 47
81 47
81 48
81 49
81 50
81 51
81 51
81 52
80 53
80 54
80 55
80 55
80 56
80 57
80 58
80 58
80 59
80 60
80 61
80 61
80 62
80 63
80 63
81 64
81 64
81 64
82 64
82 64
82 63
82 62
82 62
83 61
83 60
83 60
83 59
84 58
84 57
84 57
84 56
85 55
85 54
85 53
85 53
85 52
86 51
86 50
86 49
86 49
86 48
87 47
87 46
87 45
87 45
87 44
88 43
88 42
88 41
88 41
89 40
89 39
89 39
89 38
89 38
89 38
89 38
88 39
88 40
88 40
88 41
88 42
88 43
88 43
88 44
87 45
87 46
87 47
87 47
87 48
87 49
86 50
86 51
86 52
86 52
86 53
86 54
86 55
86 56
86 56
86 57
86 58
86 59
86 59
86 60
86 61
86 61
86 62
86 63
86 63
87 64
87 64
87 64
88 64
88 64
89 63
89 63
90 62
90 62
91 61
91 60
91 60
91 59
92 58
92 57
92 57
93 56
93 55
94 54
94 54
94 53
95 52
95 51
95 51
95 50
96 49
96 48
96 47
96 47
96 46
97 45
97 44
97 44
98 43
98 42
98 42
99 41
99 40
99 40
99 39
99 39
98 39
98 39
98 39
98 39
97 40
97 41
97 41
97 42
96 43
96 44
96 44
96 45
95 46
95 47
95 48
95 48
95 49
95 50
95 51
95 51
95 52
95 53
95 54
95 55
95 55
95 56
94 57
94 58
94 58
94 59
94 60
94 61
94 62
94 62
94 63
95 64
95 65
95 65
95 66
95 67
95 68
95 69
95 69
96 70
96 71
96 71
96 72
96 73
96 73
97 74
97 75
97 75
98 76
98 76
98 76
98 75
98 74
98 73
98 72
98 71
98 70
98 69
98 68
98 67
98 66
98 65
97 64
97 63
97 62
97 61
97 60
97 59
97 58
97 57
97 56
97 55
97 54
97 53
97 52
97 51
97 50
97 49
97 48
97 47
97 46
97 45
97 44
97 43
96 42
96 41
96 40
96 39
96 38
96 37
96 36
96 35
96 34
96 33
96 32
96 31
96 30
96 29
96 28
96 27
96 26
96 25
96 24
96 23
96 22
96 21
95 20
95 19
95 18
95 17
95 16
95 15
95 14
95 13
95 12
95 11
95 10
95 9
95 9
95 10
95 11
95 11
95 10
95 9
95 9
95 10
95 10
96 11
96 11
96 12
96 12
97 13
97 14
97 14
97 15
97 16
97 16
97 17
97 17
98 18
98 19
98 19
98 20
98 21
98 21
98 22
98 22
97 23
97 23
97 23
