0 14
0 14
0 13
0 12
0 11
0 11
0 10
0 10
0 10
0 11
0 11
0 12
0 12
0 13
1 14
1 15
1 15
1 16
2 17
2 18
2 18
2 19
2 20
3 21
3 22
3 23
3 24
3 24
3 25
3 26
3 27
4 28
4 29
4 30
4 31
4 32
4 32
4 33
4 34
5 35
5 36
5 37
5 38
5 39
6 40
6 41
6 42
6 42
6 43
6 44
6 45
6 46
6 47
7 48
7 49
7 50
7 51
7 52
7 53
7 53
7 54
7 55
8 56
8 57
8 58
8 59
9 60
9 61
9 62
9 62
9 63
9 64
9 65
9 66
10 67
10 68
10 69
10 70
10 71
10 71
10 72
11 73
11 74
11 75
12 76
12 77
12 77
12 78
13 79
13 80
13 81
13 81
13 82
14 83
14 84
14 85
14 85
14 86
15 87
15 88
15 88
15 89
15 90
15 90
16 90
16 90
16 90
16 89
16 88
16 87
16 86
16 85
16 84
16 83
16 82
16 81
16 80
16 79
16 78
16 77
16 76
16 75
16 74
16 73
17 72
17 71
17 70
17 69
17 68
17 67
17 66
17 65
17 64
17 63
17 62
17 61
17 60
17 59
17 58
17 57
17 56
17 55
17 54
17 53
17 52
17 51
17 50
17 49
17 48
17 47
17 46
17 45
17 44
17 43
17 42
17 41
17 40
17 39
17 38
17 37
18 36
18 35
18 34
18 33
18 32
18 31
18 30
18 29
18 28
18 27
18 26
18 25
18 24
18 23
18 22
18 21
18 20
18 19
18 19
18 18
18 17
18 17
17 16
17 15
17 15
17 15
16 16
16 17
16 17
16 18
16 19
15 20
15 21
15 22
15 22
15 23
15 24
14 25
14 26
14 27
14 27
14 28
14 29
14 30
13 31
13 32
13 33
13 34
13 34
13 35
12 36
12 37
12 38
12 39
11 40
11 41
11 42
11 42
11 43
11 44
11 45
10 46
10 47
10 48
10 49
10 50
10 50
10 51
10 52
10 53
10 54
9 55
9 56
9 57
9 58
9 59
9 60
9 60
9 61
9 62
9 63
9 64
8 65
8 66
8 67
8 68
8 69
8 69
8 70
8 71
8 72
7 73
7 74
7 75
7 76
7 76
7 77
7 78
7 79
6 80
6 81
6 82
6 83
6 83
6 84
6 85
5 86
5 87
5 88
5 88
5 89
5 90
5 91
5 91
5 92
5 93
5 93
5 94
5 94
5 94
5 93
5 92
6 91
6 90
6 89
6 88
7 87
7 86
7 85
7 84
8 83
8 82
8 81
8 80
9 79
9 78
9 77
9 76
9 75
10 74
10 73
10 72
10 71
11 70
11 69
11 68
11 67
12 66
12 65
12 64
12 63
13 62
13 61
13 60
13 59
13 58
14 57
14 56
14 55
14 54
15 53
15 52
15 51
15 50
16 49
16 48
16 47
16 46
16 45
17 44
17 43
17 42
17 41
18 40
18 39
18 38
18 37
19 36
19 35
19 34
19 33
20 32
20 31
20 30
20 29
20 28
21 27
21 26
21 25
21 24
22 23
22 22
22 21
22 20
23 19
23 18
23 17
23 16
24 15
24 14
24 13
24 13
24 14
25 15
25 16
25 16
26 16
26 16
26 16
26 17
27 18
27 19
27 20
27 20
27 21
28 22
28 23
29 24
29 25
29 25
29 26
29 27
29 28
30 29
30 30
30 31
30 32
30 32
30 33
30 34
31 35
31 36
31 37
31 37
31 38
32 39
32 40
32 40
32 41
32 42
32 43
32 44
32 44
33 45
33 46
33 46
34 47
34 48
34 48
35 49
35 50
35 50
35 51
35 51
35 50
35 49
36 48
36 47
36 46
36 45
37 44
37 43
37 42
37 41
38 40
38 39
38 38
38 37
38 36
39 35
39 34
39 33
39 32
40 31
40 30
40 29
40 28
40 27
41 26
41 25
41 24
41 23
42 22
42 21
42 20
42 19
43 18
43 17
43 16
43 16
43 15
44 14
44 13
44 12
44 11
45 10
45 9
45 8
45 8
46 7
46 6
46 6
46 6
45 7
45 7
45 8
44 9
44 10
44 11
44 11
44 12
44 13
43 14
43 15
43 16
43 17
43 17
43 18
43 19
43 20
42 21
42 22
42 23
42 24
42 25
42 25
42 26
42 27
41 28
41 29
41 30
41 31
40 32
40 33
40 34
40 34
40 35
40 36
40 37
40 38
39 39
39 40
39 41
39 42
39 43
39 44
39 44
39 45
39 46
39 47
39 48
38 49
38 50
38 51
38 52
38 53
38 53
38 54
38 55
38 56
38 57
37 58
37 59
37 60
37 61
37 62
37 63
37 63
37 64
37 65
37 66
37 67
36 68
36 69
36 70
36 71
36 72
36 72
36 73
36 74
36 75
35 76
35 77
35 78
35 79
35 80
35 80
35 81
35 82
35 83
35 84
35 85
35 86
35 87
35 87
35 88
35 89
34 90
34 91
34 92
34 92
34 93
34 94
34 95
34 95
34 96
34 97
34 97
35 98
35 99
35 99
35 99
35 98
36 97
36 96
36 95
37 94
37 93
38 92
38 91
38 90
39 89
39 88
39 87
40 86
40 85
41 84
41 83
41 82
42 81
42 80
42 79
43 78
43 77
44 76
44 75
44 74
45 73
45 72
45 71
46 70
46 69
46 68
47 67
47 66
48 65
48 64
48 63
49 62
49 61
49 60
50 59
50 58
51 57
51 56
51 55
52 54
52 53
52 52
53 51
53 50
54 49
54 48
54 47
55 46
55 45
55 45
56 44
56 43
57 42
57 41
58 40
58 40
59 39
59 38
59 38
59 37
59 36
59 35
59 35
59 34
59 33
59 33
58 32
58 31
58 31
58 30
58 30
57 29
57 29
56 29
55 29
55 29
54 30
54 31
54 31
54 32
53 33
53 34
53 35
53 35
53 36
53 37
52 38
52 39
52 40
52 40
52 41
52 42
52 43
51 44
51 45
51 46
51 47
51 48
51 48
51 49
51 50
51 51
51 52
51 53
51 54
51 54
51 55
51 56
50 57
50 58
50 59
50 59
50 60
51 61
51 62
51 63
51 63
51 64
51 65
51 66
51 66
52 67
52 68
52 68
53 69
53 70
53 70
54 70
54 70
55 70
55 70
56 69
57 68
57 68
57 67
58 66
58 65
58 65
58 64
59 63
59 62
60 61
60 60
60 60
60 59
61 58
61 57
61 56
62 55
62 54
62 54
62 53
63 52
63 51
63 50
63 49
64 48
64 47
64 46
64 46
64 45
65 44
65 43
65 42
66 41
66 40
66 39
66 38
67 37
67 36
67 36
67 35
67 34
67 33
67 32
68 31
68 30
68 29
68 28
68 27
68 26
68 26
68 25
68 24
69 23
69 22
69 21
69 20
70 19
70 18
70 17
70 17
70 16
70 15
70 14
70 13
71 12
71 11
71 10
71 9
71 8
71 8
71 7
71 6
72 5
72 4
72 3
72 3
72 2
72 1
72 0
72 0
72 0
72 1
72 1
72 2
72 3
72 4
72 5
72 5
72 6
72 7
71 8
71 9
71 10
71 11
71 11
71 12
71 13
71 14
71 15
70 16
70 17
70 18
70 19
70 20
70 21
70 21
70 22
70 23
69 24
69 25
69 26
69 27
69 28
68 29
68 30
68 31
68 31
68 32
68 33
68 34
68 35
68 36
67 37
67 38
67 39
67 40
67 41
67 42
67 42
67 43
67 44
66 45
66 46
66 47
66 48
65 49
65 50
65 51
65 51
65 52
65 53
65 54
64 55
64 56
64 57
64 58
64 58
64 59
64 60
64 61
64 62
64 63
64 63
64 64
63 65
63 66
63 67
63 67
63 68
63 69
63 69
63 70
63 70
63 70
63 69
63 69
63 68
63 68
63 67
64 66
64 65
64 64
64 64
64 63
64 62
65 61
65 60
65 59
65 58
65 58
65 57
66 56
66 55
66 54
66 53
67 52
67 51
67 51
67 50
67 49
68 48
68 47
68 46
68 45
68 45
68 44
69 43
69 42
69 41
69 41
70 40
70 39
70 39
71 38
71 38
71 39
71 39
71 40
71 41
71 41
71 42
71 43
71 44
71 45
71 46
71 46
71 47
71 48
71 49
71 50
71 51
71 52
71 52
71 53
71 54
71 55
71 56
71 57
71 58
71 58
71 59
71 60
71 61
71 62
71 63
71 64
71 64
71 65
71 66
71 67
71 68
71 68
71 69
71 70
71 71
71 71
72 72
72 73
72 73
72 74
72 74
73 74
73 74
74 73
74 72
74 72
75 71
75 70
76 69
76 69
77 68
77 67
78 66
78 66
78 65
79 64
79 63
80 62
80 61
80 61
81 60
81 59
82 58
82 57
82 57
83 56
83 55
84 54
84 53
84 53
84 52
84 51
85 50
85 49
85 48
85 48
85 47
86 46
86 45
86 44
86 44
86 43
87 42
87 41
87 40
87 40
87 39
87 38
87 37
87 37
86 36
86 35
86 35
86 34
86 34
85 34
85 34
84 35
84 36
84 36
84 37
83 38
83 39
83 39
82 40
82 41
81 42
81 43
81 43
81 44
80 45
80 46
80 47
80 47
80 48
80 49
79 50
79 51
79 52
79 52
79 53
79 54
79 55
79 56
79 56
79 57
78 58
78 59
78 60
78 60
79 61
79 62
79 62
79 63
79 64
79 64
79 65
79 65
80 65
80 65
81 65
81 65
81 64
81 64
82 63
82 62
83 61
83 61
83 60
84 59
84 58
84 57
84 57
85 56
85 55
86 54
86 53
86 53
86 52
86 51
87 50
87 49
87 48
87 48
87 47
88 46
88 45
88 44
88 44
88 43
88 42
88 41
88 41
89 40
89 40
89 40
89 40
88 41
88 42
88 42
88 43
88 44
88 45
88 45
88 46
88 47
87 48
87 49
87 50
87 50
87 51
87 52
86 53
86 54
86 55
86 55
86 56
86 57
86 58
86 59
86 59
86 60
86 61
86 62
86 63
86 64
86 64
86 65
86 66
86 66
86 67
86 68
86 68
86 69
86 69
87 69
87 69
88 69
88 69
89 68
89 67
89 67
90 66
90 65
90 65
90 64
91 63
91 62
91 62
91 61
92 60
92 59
92 58
92 58
92 57
93 56
93 55
94 54
94 53
94 53
94 52
94 51
95 50
95 49
95 48
95 48
95 47
96 46
96 45
96 44
96 44
97 43
97 42
97 42
97 42
97 42
96 43
96 43
96 44
96 45
96 46
96 46
96 47
96 48
95 49
95 50
95 51
95 51
95 52
95 53
94 54
94 55
94 56
94 57
94 57
94 58
94 59
94 60
94 61
94 62
94 63
94 63
94 64
94 65
94 66
94 67
94 68
94 68
94 69
94 70
94 71
94 72
94 72
94 73
95 74
95 75
95 75
96 76
96 77
96 77
96 78
96 79
96 79
97 80
97 80
98 80
98 80
99 79
99 79
99 78
99 77
99 76
99 75
99 74
99 73
98 72
98 71
98 70
98 69
98 68
98 67
98 66
98 65
98 64
98 63
98 62
98 61
97 60
97 59
97 58
97 57
97 56
97 55
97 54
97 53
97 52
97 51
97 50
97 49
96 48
96 47
96 46
96 45
96 44
96 43
96 42
96 41
96 40
96 39
96 38
96 37
95 36
95 35
95 34
95 33
95 32
95 31
95 30
95 29
95 28
95 27
95 26
95 25
94 24
94 23
94 22
94 21
94 20
94 19
94 18
94 18
94 18
94 17
94 16
94 16
94 15
94 15
94 15
94 16
94 16
95 17
95 17
95 18
95 18
95 19
95 19
96 20
96 21
96 21
96 22
96 22
97 23
97 24
97 24
97 24
97 24
97 24
