5 22
5 21
4 20
4 19
4 19
3 18
3 18
3 17
3 16
3 15
3 15
3 14
3 13
3 12
3 12
2 11
2 11
1 10
1 9
1 9
1 9
1 9
2 10
2 11
2 11
2 12
2 13
3 14
3 15
3 16
3 16
3 17
4 18
4 19
4 20
4 21
5 22
5 23
5 23
5 24
5 25
5 26
5 27
6 28
6 29
6 30
6 31
6 32
6 33
6 33
6 34
6 35
7 36
7 37
7 38
7 39
7 40
8 41
8 42
8 43
8 43
8 44
8 45
8 46
8 47
9 48
9 49
9 50
9 51
9 52
9 53
9 53
9 54
9 55
10 56
10 57
10 58
10 59
10 60
10 61
11 62
11 63
11 64
11 64
11 65
11 66
11 67
12 68
12 69
12 70
12 71
12 71
12 72
12 73
13 74
13 75
13 76
13 77
13 77
13 78
13 79
14 80
14 81
14 82
14 82
14 83
15 84
15 85
15 85
15 86
15 87
15 88
15 88
16 89
16 89
16 89
16 89
16 88
16 87
16 87
16 86
16 85
16 85
16 84
16 83
16 82
16 81
16 80
16 80
16 79
16 78
16 77
16 76
16 75
16 74
16 73
16 72
16 71
16 70
16 69
16 68
16 67
16 66
16 65
16 64
16 63
16 62
16 61
16 60
16 59
16 58
16 57
16 56
16 55
16 54
16 53
16 52
15 51
15 50
15 49
15 48
15 47
15 46
15 45
15 44
15 43
15 42
15 41
15 40
15 39
15 38
15 37
15 36
15 35
15 34
15 33
15 32
15 31
15 30
15 29
15 28
15 27
15 26
15 25
15 24
15 23
15 23
15 22
16 21
16 20
16 19
16 19
16 18
16 17
16 17
16 16
16 16
16 16
15 16
15 16
15 17
14 18
14 19
14 20
14 20
14 21
14 22
13 23
13 24
13 25
13 26
13 26
13 27
13 28
12 29
12 30
12 31
12 32
12 33
11 34
11 35
11 36
11 36
11 37
11 38
10 39
10 40
10 41
10 42
9 43
9 44
9 45
9 45
9 46
8 47
8 48
8 49
8 50
7 51
7 52
7 53
7 54
6 55
6 56
6 56
6 57
6 58
5 59
5 60
5 61
5 62
5 63
4 64
4 65
4 66
4 66
4 67
3 68
3 69
3 70
3 71
2 72
2 73
2 74
2 74
2 75
2 76
2 77
1 78
1 79
1 80
1 81
1 82
1 82
1 83
0 84
0 85
0 85
0 86
0 86
0 86
0 86
0 85
1 84
1 83
1 83
1 82
2 81
2 80
2 80
2 79
3 78
3 77
3 76
3 75
4 74
4 73
4 72
4 71
5 70
5 69
5 68
5 67
6 66
6 65
6 64
6 63
7 62
7 61
7 60
8 59
8 58
8 57
8 56
9 55
9 54
9 53
9 52
10 51
10 50
10 49
10 48
11 47
11 46
11 45
11 44
12 43
12 42
12 41
13 40
13 39
13 38
13 37
14 36
14 35
14 34
14 33
15 32
15 31
15 30
15 29
16 28
16 27
16 26
16 25
17 24
17 23
17 22
17 21
18 20
18 19
18 18
19 17
19 16
19 15
19 14
20 13
20 12
20 11
20 10
21 9
21 8
21 7
21 6
22 5
22 4
22 3
22 2
23 1
23 0
23 0
23 1
24 2
24 3
24 4
24 4
24 3
25 2
25 1
25 1
25 2
25 2
25 3
26 4
26 5
26 6
26 6
26 7
26 8
27 9
27 10
27 11
27 11
27 12
27 13
27 14
27 15
27 16
27 16
27 17
27 18
28 19
28 20
28 21
28 22
28 22
28 23
28 24
29 25
29 26
29 27
29 28
29 28
29 29
29 30
29 31
29 32
29 32
29 33
30 34
30 35
30 35
30 36
31 37
31 38
31 38
31 39
31 40
31 40
32 41
32 42
32 42
33 43
33 43
33 43
33 42
33 41
34 40
34 39
34 38
34 37
35 36
35 35
35 34
35 33
35 32
36 31
36 30
36 29
36 28
37 27
37 26
37 25
37 24
37 23
38 22
38 21
38 20
38 19
38 18
39 17
39 16
39 15
39 14
40 13
40 12
40 11
40 11
40 11
40 11
40 10
40 9
40 9
39 10
39 10
38 11
38 11
37 12
37 13
37 13
36 14
36 15
36 15
36 16
35 17
35 18
35 19
35 19
35 20
34 21
34 22
34 22
34 23
34 24
34 25
34 25
33 26
33 27
33 27
33 28
33 29
33 29
33 29
33 30
32 31
32 32
32 32
32 33
32 33
32 34
32 35
32 36
32 36
32 37
32 38
32 39
32 39
32 40
32 41
32 42
32 43
32 43
32 44
32 45
32 46
32 47
32 48
32 49
32 49
32 50
32 51
32 52
32 53
32 54
32 55
32 56
32 57
32 57
32 58
32 59
32 60
32 61
32 62
32 63
32 64
32 65
32 65
32 66
32 67
32 68
32 69
32 70
32 71
32 72
32 73
32 73
32 74
32 75
32 76
31 77
31 78
31 79
31 80
31 80
31 81
31 82
31 83
31 84
31 85
31 86
31 86
31 87
31 88
31 89
31 90
31 91
31 91
31 92
31 93
31 94
31 95
31 96
31 96
31 97
31 98
31 98
30 99
30 99
30 99
31 99
31 99
31 99
31 98
31 97
31 97
31 96
31 95
31 94
31 93
31 93
31 92
32 91
32 90
33 89
33 88
34 87
34 86
35 85
35 84
36 83
36 82
36 81
37 80
37 79
38 78
38 77
39 76
39 75
40 74
40 73
41 72
41 71
42 70
42 69
42 68
43 67
43 66
44 65
44 64
45 63
45 62
46 61
46 60
47 59
47 58
47 57
48 56
48 55
49 54
49 53
50 52
50 51
51 50
51 49
52 48
52 47
52 47
53 47
54 48
55 48
56 48
56 48
55 47
55 46
55 46
55 45
55 44
55 43
55 42
55 42
55 41
55 40
55 39
55 39
55 38
55 37
55 36
55 36
55 35
55 34
55 34
54 33
54 32
54 32
54 31
54 30
54 29
54 29
53 28
53 27
53 27
53 26
52 25
52 24
52 24
52 23
52 23
51 24
51 24
50 25
50 25
50 26
49 27
49 28
49 28
49 29
48 30
48 31
48 32
48 32
48 33
48 34
47 35
47 36
47 37
47 37
47 38
47 39
47 40
46 41
46 42
46 43
46 44
46 44
46 45
46 46
46 47
45 48
45 49
45 50
45 51
45 52
45 52
45 53
45 54
45 55
45 56
45 57
45 58
45 59
45 60
45 60
45 61
45 62
45 63
45 64
45 65
45 66
45 67
45 67
45 68
45 69
45 70
45 71
45 72
45 72
45 73
46 74
46 75
46 76
46 76
47 77
48 78
48 78
49 79
50 79
50 79
51 78
52 77
52 77
53 76
53 75
54 74
54 74
55 73
55 72
56 71
56 70
57 69
57 69
57 68
58 67
58 66
58 65
58 64
59 63
59 62
59 62
59 61
60 60
60 59
60 58
60 57
61 56
61 55
61 55
61 54
62 53
62 52
62 51
62 50
63 49
63 48
63 48
63 47
64 46
64 45
64 44
65 43
65 42
65 42
65 41
65 40
65 39
66 38
66 37
66 36
66 35
66 35
66 34
66 33
67 32
67 31
67 30
67 29
67 29
67 28
67 27
67 26
67 25
67 24
67 23
67 23
67 22
67 21
67 20
67 20
66 19
66 19
66 18
66 18
66 17
66 17
65 17
65 17
65 16
65 16
64 16
64 16
64 16
64 16
64 17
63 18
63 19
63 19
63 20
62 21
62 22
62 23
62 23
62 24
62 25
61 26
61 27
61 28
61 29
61 29
61 30
61 31
61 32
60 33
60 34
60 35
60 36
60 37
60 37
60 38
60 39
60 40
59 41
59 42
59 43
59 44
59 45
59 45
59 46
59 47
59 48
58 49
58 50
58 51
58 52
58 53
58 53
58 54
58 55
58 56
58 57
58 58
58 59
58 60
58 61
58 61
58 62
58 63
57 64
57 65
57 66
57 67
57 67
57 68
57 69
57 70
57 71
57 71
57 72
57 73
57 74
57 74
57 75
57 75
57 75
58 75
58 75
58 74
58 73
58 73
58 72
59 71
59 70
59 70
59 69
59 68
60 67
60 66
60 65
60 65
60 64
60 63
60 62
60 61
60 61
60 60
61 59
61 58
61 57
61 57
62 56
62 55
62 55
62 54
62 54
63 54
63 54
63 54
63 55
63 55
63 56
63 56
64 57
64 58
64 58
64 59
64 60
64 61
64 61
64 62
64 63
64 64
64 65
64 65
64 66
65 67
65 68
65 68
65 69
66 70
66 71
66 71
66 72
67 73
67 74
67 74
68 75
68 75
69 75
69 75
70 74
70 73
70 73
71 72
71 71
71 71
72 70
72 69
73 68
73 67
73 67
73 66
74 65
74 64
75 63
75 62
75 62
75 61
75 60
76 59
76 58
76 57
76 57
76 56
76 55
77 54
77 53
77 52
77 52
77 51
77 50
77 49
77 48
77 48
77 47
77 46
77 45
77 45
77 44
76 43
76 42
76 42
76 41
76 40
76 40
75 40
75 40
74 41
74 41
73 42
73 43
73 43
72 44
72 45
72 45
72 46
71 47
71 48
71 48
71 49
71 50
71 51
71 51
71 52
70 53
70 54
70 54
70 55
70 56
70 57
70 58
70 58
70 59
70 60
70 61
70 61
70 62
70 63
70 63
70 64
70 65
70 65
71 66
71 66
72 66
72 66
73 65
73 65
73 64
74 63
74 62
74 62
74 61
75 60
75 59
75 59
75 58
76 57
76 56
76 56
77 55
77 54
77 54
78 53
78 52
78 52
78 51
78 51
78 51
78 51
77 52
77 52
77 53
77 54
77 54
77 55
76 56
76 57
76 57
76 58
76 59
76 60
76 61
76 61
76 62
76 63
76 64
76 65
76 66
76 66
76 67
76 68
76 69
76 69
76 70
76 71
76 72
76 72
76 73
76 74
76 74
77 75
77 75
78 75
78 75
79 74
80 74
80 74
80 73
81 72
81 71
81 71
82 70
82 69
83 68
83 68
83 67
84 66
84 65
85 64
85 63
85 63
86 62
86 61
87 60
87 59
87 59
87 58
88 57
88 56
89 55
89 54
89 54
89 53
90 52
90 51
90 51
90 50
91 49
91 48
91 48
91 47
91 47
92 46
92 46
91 47
91 47
91 47
91 47
90 48
90 49
90 49
90 50
90 51
90 51
90 52
89 53
89 54
89 54
89 55
89 56
89 57
89 58
89 58
89 59
89 60
89 61
89 62
89 63
89 63
89 64
89 65
89 66
89 67
89 67
89 68
89 69
90 70
90 71
90 72
90 72
90 73
90 74
90 75
90 76
90 76
91 77
91 78
91 78
92 79
92 80
92 80
93 80
94 80
94 80
95 79
95 79
96 78
97 78
97 78
98 77
98 76
98 76
98 75
99 74
99 73
99 73
99 72
99 71
98 70
98 69
98 68
98 67
98 66
98 65
97 64
97 63
97 62
97 61
97 60
97 59
96 58
96 57
96 56
96 55
96 54
95 53
95 52
95 51
95 50
95 49
95 48
94 47
94 46
94 45
94 44
94 43
93 42
93 41
93 40
93 39
93 38
93 37
92 36
92 35
92 34
92 33
92 32
92 31
91 30
91 29
91 28
91 28
91 29
91 30
91 31
91 32
91 32
91 33
91 33
90 33
90 33
91 34
91 34
92 35
92 36
92 36
92 37
93 38
93 39
93 39
94 40
94 41
94 41
95 42
95 43
