0 6
0 5
0 4
0 3
0 3
0 2
0 2
0 2
0 1
0 1
0 1
0 1
0 2
0 3
0 3
0 4
1 5
1 6
1 6
1 7
1 8
2 9
2 10
2 11
2 12
2 12
2 13
2 14
2 15
3 16
3 17
3 18
3 19
3 19
3 20
3 21
3 22
3 23
4 24
4 25
4 26
4 27
4 28
4 29
4 29
4 30
4 31
4 32
4 33
5 34
5 35
5 36
5 37
5 38
5 39
5 39
5 40
5 41
5 42
5 43
5 44
6 45
6 46
6 47
6 48
6 49
6 50
6 50
6 51
6 52
6 53
6 54
6 55
7 56
7 57
7 58
7 59
7 60
7 61
7 61
7 62
7 63
7 64
8 65
8 66
8 67
8 68
8 68
8 69
8 70
8 71
9 72
9 73
9 74
9 75
9 75
9 76
9 77
9 78
9 79
9 80
9 80
9 81
9 82
10 83
10 84
10 85
10 85
10 86
10 87
10 88
10 89
10 90
10 90
10 91
11 92
11 93
11 93
11 94
11 95
11 96
11 96
11 97
11 98
11 98
11 99
11 99
11 99
11 99
11 98
11 97
11 96
11 95
11 94
11 93
11 92
11 91
11 90
11 89
11 88
11 87
11 86
11 85
11 84
11 83
11 82
11 81
11 80
11 79
11 78
11 77
11 76
11 75
11 74
11 73
11 72
11 71
11 70
11 69
11 68
11 67
11 66
11 65
11 64
11 63
11 62
11 61
11 60
11 59
11 58
11 57
11 56
11 55
11 54
11 53
11 52
11 51
11 50
11 49
11 48
11 47
11 46
11 45
11 44
11 43
11 42
11 41
11 40
11 39
11 38
11 38
11 37
11 36
11 35
11 34
12 33
12 32
12 31
12 30
12 29
12 28
12 28
12 27
12 26
12 25
12 24
12 24
12 23
12 22
12 21
12 20
12 20
12 19
12 18
12 18
12 17
12 17
12 17
12 18
12 19
12 20
12 20
12 21
12 22
12 23
12 24
12 24
12 25
12 26
12 27
11 28
11 29
11 30
11 31
11 31
11 32
11 33
11 34
11 35
10 36
10 37
10 38
10 39
10 40
10 40
10 41
10 42
10 43
10 44
9 45
9 46
9 47
9 48
9 49
9 49
9 50
9 51
8 52
8 53
8 54
8 55
7 56
7 57
7 58
7 58
7 59
6 60
6 61
6 62
6 63
5 64
5 65
5 66
5 66
5 67
5 68
5 69
4 70
4 71
4 72
4 73
4 74
4 74
4 75
4 76
3 77
3 78
3 79
3 79
3 80
2 81
2 82
2 83
2 83
2 84
2 85
2 86
2 86
2 86
2 87
2 87
2 87
3 87
3 87
3 86
3 86
4 85
4 85
4 84
4 83
4 82
5 81
5 80
5 79
5 78
5 77
5 76
6 75
6 74
6 73
6 72
6 71
6 70
7 69
7 68
7 67
7 66
7 65
7 64
7 63
8 62
8 61
8 60
8 59
8 58
8 57
9 56
9 55
9 54
9 53
9 52
9 51
9 50
10 49
10 48
10 47
10 46
10 45
10 44
11 43
11 42
11 41
11 40
11 39
11 38
12 37
12 36
12 35
12 34
12 33
12 32
12 31
13 30
13 29
13 28
13 27
13 26
13 25
14 24
14 23
14 22
14 21
14 20
14 19
14 18
15 17
15 16
15 15
15 14
15 13
15 12
16 11
16 10
16 9
16 8
16 7
16 6
17 5
17 4
17 3
17 2
17 2
18 1
18 0
18 0
18 0
18 1
19 2
19 3
19 3
19 4
19 5
19 6
19 6
19 7
19 8
20 9
20 10
20 11
20 12
20 12
20 13
20 14
20 15
20 16
20 17
20 18
20 18
20 19
20 20
21 21
21 22
21 23
21 24
21 24
21 25
22 26
22 27
22 28
22 28
22 29
23 30
23 31
23 32
23 32
23 33
23 34
23 35
23 36
23 36
23 37
24 38
24 39
24 39
24 40
25 41
25 42
25 43
25 43
25 44
25 45
25 46
25 46
26 47
26 48
26 48
26 49
26 49
26 48
26 47
27 46
27 45
27 44
27 43
27 42
27 41
28 40
28 39
28 38
28 37
28 36
28 35
29 34
29 33
29 32
29 31
29 30
29 29
30 28
30 27
30 26
30 25
30 25
30 24
30 23
30 22
31 21
31 20
31 19
31 18
31 18
31 17
31 17
31 16
31 15
31 15
31 14
31 14
31 14
31 14
31 14
30 15
30 15
30 16
30 17
30 17
30 18
30 19
30 20
30 20
30 21
29 22
29 23
29 23
29 24
29 25
29 25
29 26
28 27
28 28
28 28
28 29
28 30
28 31
28 31
28 32
28 33
28 33
28 34
28 35
27 36
27 37
27 38
27 38
27 39
27 40
27 41
27 42
27 43
27 43
27 44
27 45
27 46
27 47
27 48
27 49
27 50
27 50
27 51
27 52
26 53
26 54
26 55
26 56
26 56
26 57
26 58
26 59
26 60
26 61
26 61
26 62
26 63
26 64
26 65
26 66
26 67
26 67
26 68
26 69
27 70
27 71
27 72
27 72
27 73
27 74
27 75
27 76
27 77
27 77
27 78
27 79
27 80
27 81
27 82
27 82
27 83
27 84
27 85
27 86
27 87
27 87
27 88
27 89
27 90
27 91
27 91
27 92
27 93
27 94
27 94
27 95
27 96
27 96
27 97
27 97
27 98
27 98
27 98
27 98
27 97
27 96
27 96
27 95
27 94
27 94
28 93
28 92
29 91
29 90
30 89
30 88
31 87
31 86
32 85
32 84
33 83
34 82
34 81
35 80
35 79
36 78
36 77
37 76
37 75
38 74
38 73
39 72
39 71
40 70
41 69
41 68
42 67
42 66
43 65
43 64
44 63
44 62
45 61
45 60
46 59
46 59
47 59
48 59
48 59
49 58
49 58
49 57
49 57
49 56
49 55
49 55
49 54
49 53
49 52
49 52
49 51
49 50
49 49
49 49
49 48
49 47
49 46
49 46
49 45
49 44
49 43
49 43
49 42
49 41
49 40
49 40
48 39
48 38
48 38
48 37
48 37
47 37
47 37
46 38
46 39
46 39
45 40
45 41
45 41
45 42
45 43
45 44
45 45
45 46
45 46
45 47
45 48
44 49
44 50
44 51
44 51
44 52
44 53
43 54
43 55
43 56
43 57
43 57
43 58
43 59
43 60
43 61
43 62
43 63
43 64
43 64
43 65
43 66
43 67
43 68
43 69
43 70
43 70
43 71
43 72
43 73
43 74
43 75
43 75
43 76
43 77
44 78
44 79
44 80
44 80
44 81
45 82
45 83
45 83
46 84
47 85
47 85
48 86
48 86
49 85
50 85
50 85
51 84
51 83
51 83
52 82
52 81
53 80
53 80
53 79
53 78
54 77
54 76
54 75
54 75
54 74
55 73
55 72
55 71
56 70
56 69
56 69
56 68
56 67
57 66
57 65
57 64
57 63
57 63
57 62
57 61
57 60
58 59
58 58
58 57
58 56
58 56
58 55
58 54
58 53
59 52
59 51
59 50
59 49
59 48
59 48
59 47
59 46
59 45
60 44
60 43
60 42
60 41
60 41
60 40
60 39
60 38
60 37
60 36
60 35
60 35
60 34
60 33
60 32
60 31
60 30
60 29
60 29
60 28
60 27
60 26
60 25
60 25
60 24
60 23
60 22
60 22
60 21
60 20
60 19
60 19
60 19
60 18
60 18
60 18
60 18
60 18
60 19
59 20
59 21
59 21
59 22
59 23
59 24
59 25
59 26
59 26
59 27
59 28
59 29
59 30
59 31
59 32
59 33
59 33
59 34
59 35
59 36
58 37
58 38
58 39
58 40
58 41
58 41
58 42
58 43
58 44
58 45
57 46
57 47
57 48
57 49
57 50
57 51
57 51
57 52
57 53
57 54
57 55
57 56
57 57
57 58
57 59
57 59
57 60
57 61
57 62
56 63
56 64
56 65
56 66
56 66
56 67
56 68
56 69
56 70
56 71
56 71
56 72
56 73
56 74
56 74
56 75
56 76
56 76
56 76
57 76
57 76
57 75
57 75
57 74
57 73
57 72
57 72
57 71
57 70
57 69
57 68
57 68
57 67
58 66
58 65
58 64
58 64
58 63
58 62
58 61
58 61
59 60
59 59
59 59
59 58
59 57
59 56
59 56
59 55
59 54
59 54
59 53
59 52
59 52
60 51
60 51
60 50
60 49
60 49
60 49
60 49
61 49
61 49
61 49
61 50
61 50
61 51
61 52
61 52
62 53
62 54
62 54
62 55
62 56
62 56
62 57
62 58
62 59
62 59
62 60
62 61
62 62
62 62
62 63
62 64
62 65
62 65
62 66
62 67
62 68
62 68
62 69
62 70
62 70
62 71
63 72
63 73
63 73
63 74
63 75
63 75
64 76
64 77
64 77
65 78
65 78
66 78
67 78
67 78
68 77
68 77
69 76
70 76
70 76
70 75
71 74
71 73
71 73
72 72
72 71
72 71
72 70
73 69
73 68
73 68
74 67
74 66
74 66
74 65
74 64
74 63
74 63
74 62
74 61
74 60
74 60
74 59
74 58
74 57
74 57
74 56
74 55
74 54
74 53
74 53
74 52
74 51
74 50
74 49
74 49
74 48
74 47
74 46
74 46
73 45
73 45
73 44
73 44
72 45
72 45
71 46
71 47
71 47
71 48
70 49
70 50
70 51
70 51
70 52
70 53
69 54
69 55
69 56
69 56
69 57
68 58
68 59
67 60
67 61
67 61
67 62
67 63
67 64
67 65
67 66
67 67
67 67
67 68
66 69
66 70
66 71
66 71
66 72
66 73
66 74
66 75
66 75
67 76
67 77
67 77
68 78
68 78
69 78
69 78
70 77
70 77
71 76
71 75
71 75
72 74
72 73
72 73
73 72
73 71
73 71
74 70
74 69
74 69
74 68
74 67
74 66
74 66
74 65
74 64
74 64
74 63
75 62
75 61
75 61
75 60
75 59
75 59
75 58
75 57
75 57
75 56
75 56
75 56
75 56
75 57
75 57
75 58
75 59
75 59
75 60
74 61
74 62
74 62
74 63
74 64
74 65
74 65
74 66
74 67
74 68
74 68
74 69
74 70
74 71
74 72
74 72
74 73
74 74
74 74
74 75
75 76
75 77
75 77
76 78
76 78
77 79
77 79
78 79
78 79
79 78
79 78
80 77
80 76
81 75
81 75
81 74
81 73
82 72
82 71
82 70
82 70
82 69
83 68
83 67
83 66
83 66
84 65
84 64
85 63
85 62
85 62
85 61
86 60
86 59
86 58
86 58
86 57
87 56
87 55
87 54
87 54
87 53
87 52
87 51
87 51
88 50
88 49
88 49
88 48
88 47
88 47
88 46
88 46
87 46
87 46
87 47
87 48
87 48
86 49
86 50
86 50
86 51
86 52
86 53
86 54
86 54
86 55
86 56
86 57
86 58
86 58
86 59
86 60
86 61
86 62
86 63
86 63
86 64
86 65
86 66
86 67
86 68
86 68
86 69
86 70
87 71
87 72
87 73
87 74
87 74
87 75
87 76
88 77
88 78
88 79
88 79
88 80
89 81
89 82
89 83
89 83
89 84
90 85
90 86
91 87
91 88
91 88
91 89
92 90
92 91
92 92
93 93
93 94
93 94
94 94
95 94
95 94
96 95
96 95
97 94
98 93
98 93
98 92
99 91
99 90
99 89
99 89
99 88
99 87
98 86
98 85
98 84
98 83
97 82
97 81
97 80
97 79
97 78
96 77
96 76
96 75
96 74
95 73
95 72
95 71
95 70
94 69
94 68
94 67
94 66
94 65
93 64
93 63
93 62
93 61
92 60
92 59
92 58
92 57
92 56
91 55
91 54
91 53
91 52
90 51
90 50
90 49
90 48
90 47
89 46
89 45
89 44
89 43
88 42
88 41
88 40
88 39
87 38
87 37
87 36
87 35
87 34
86 33
86 32
86 31
86 30
85 29
85 28
85 27
85 27
85 28
85 29
85 30
86 31
86 32
86 33
86 34
86 34
86 35
86 36
86 36
87 37
88 38
88 38
89 39
89 40
89 40
89 41
90 42
90 43
