2 54
2 55
2 56
1 57
1 58
1 59
1 59
0 60
0 61
0 61
0 61
0 62
0 62
0 63
0 64
0 64
0 65
0 65
1 66
1 66
2 66
2 66
3 65
4 65
4 65
5 64
6 64
7 63
7 63
8 62
9 61
10 60
10 60
11 59
11 58
12 57
12 57
13 56
14 55
14 54
15 53
15 53
16 52
16 51
17 50
17 49
17 49
18 48
19 47
19 46
20 45
20 45
20 44
21 43
21 42
21 42
22 41
22 40
22 40
23 39
23 38
23 38
23 38
23 37
23 37
22 36
22 36
22 36
21 35
21 34
20 33
19 32
18 31
18 30
17 29
16 28
16 27
15 26
15 26
15 26
15 25
15 25
15 25
15 25
15 25
15 26
15 27
15 28
15 28
15 29
14 30
14 31
14 32
14 32
14 33
14 34
14 35
14 36
14 37
14 38
14 39
14 39
14 40
14 41
14 42
14 43
14 44
14 45
14 46
14 47
14 48
14 48
14 49
14 50
14 51
14 52
13 53
13 54
13 55
13 56
13 57
13 57
13 58
13 59
13 60
12 61
12 62
12 63
12 64
12 65
12 65
12 66
12 67
12 68
11 69
11 70
11 71
11 72
11 73
11 73
11 74
11 75
11 76
10 77
10 78
10 79
10 80
10 81
10 81
10 82
10 83
10 84
10 85
10 86
10 86
10 87
9 88
9 89
9 89
9 90
9 90
9 90
9 89
9 89
9 88
9 87
9 86
9 85
9 84
10 83
10 82
10 81
10 80
10 79
10 78
10 77
10 76
10 75
10 74
10 73
10 72
11 71
11 70
11 69
11 68
11 67
11 66
11 65
11 64
11 63
11 62
11 61
11 60
12 59
12 58
12 57
12 56
12 55
12 54
12 54
13 55
13 56
13 56
14 57
14 57
14 58
15 59
15 60
15 60
16 61
16 62
17 63
17 63
18 64
18 65
19 66
19 67
19 67
20 68
21 69
21 70
22 71
22 71
23 72
23 73
24 74
24 75
25 76
25 76
26 77
27 78
28 79
29 80
29 80
30 80
31 81
32 81
32 81
33 81
34 82
35 82
35 82
36 82
37 82
37 82
38 81
39 81
39 81
40 81
40 81
41 80
41 80
41 79
41 79
42 78
42 78
42 77
42 77
41 76
41 76
42 75
42 74
43 73
43 72
44 71
44 70
45 69
46 68
46 67
47 66
47 65
48 64
48 63
49 62
49 61
50 60
51 59
51 58
52 57
52 56
53 55
53 54
54 53
55 52
55 51
56 50
56 49
57 48
57 47
58 46
58 45
59 44
60 43
60 42
61 41
61 40
62 39
62 38
63 37
64 36
64 35
65 34
65 33
66 32
66 31
67 30
67 29
68 28
69 27
69 26
70 25
70 24
71 23
71 22
72 21
72 21
72 20
72 19
73 18
73 17
73 16
73 16
73 15
73 14
73 13
73 12
73 12
73 11
73 10
73 10
73 10
73 10
73 10
73 11
73 11
73 12
73 13
73 13
73 14
72 15
72 16
72 17
72 17
72 18
71 19
71 20
71 21
71 21
71 22
70 23
70 24
69 25
69 26
69 26
69 27
68 28
68 29
67 30
67 31
67 31
67 32
66 33
66 34
65 35
65 36
65 36
64 37
64 38
63 39
63 40
63 40
62 41
62 42
61 43
61 44
61 44
60 45
60 46
60 46
59 47
59 47
59 46
59 46
59 45
59 44
59 43
59 42
59 41
60 40
60 39
60 38
60 37
60 36
60 35
60 34
60 33
60 32
60 31
61 30
61 29
61 28
61 27
61 26
61 25
61 24
61 23
61 22
61 21
61 20
62 19
62 18
62 17
62 16
62 15
62 14
62 14
62 13
62 12
63 11
63 10
63 9
63 9
64 8
64 8
64 7
64 7
65 6
65 6
66 6
66 6
67 7
67 7
68 8
68 9
68 9
68 10
69 11
69 12
69 12
70 13
70 14
71 15
71 16
71 16
71 17
72 18
72 19
72 20
72 20
72 21
73 22
73 23
73 24
73 24
73 25
73 26
74 27
74 28
74 29
74 29
74 30
74 31
74 32
74 33
74 34
74 35
74 35
74 36
74 37
75 38
75 39
75 40
75 40
75 41
75 42
76 43
76 44
76 45
76 46
76 46
76 47
76 48
76 49
76 50
76 51
76 52
76 52
76 53
76 54
76 55
76 56
76 57
76 57
76 58
76 59
76 60
76 61
76 61
76 62
76 63
76 64
76 64
76 65
76 66
76 67
76 67
76 68
75 69
75 70
75 70
75 71
75 71
74 72
74 72
73 73
73 73
73 73
72 72
72 72
71 71
71 70
71 70
71 69
70 68
70 67
70 66
70 66
70 65
70 64
69 63
69 62
69 61
69 61
69 60
69 59
69 58
69 57
69 56
69 55
69 55
69 54
69 53
69 52
69 51
69 50
69 49
69 49
69 48
69 47
69 46
70 45
70 44
70 43
70 42
70 41
70 40
70 39
71 38
71 37
71 36
71 35
71 35
71 34
72 33
72 32
72 31
72 31
72 32
72 32
72 31
72 30
72 30
72 31
72 32
72 33
72 33
72 34
71 35
71 36
71 37
71 37
71 38
71 39
71 40
71 41
71 42
71 42
71 43
71 44
70 45
70 46
70 47
70 48
70 48
70 49
70 50
70 51
69 52
69 53
69 54
69 55
69 55
69 56
68 57
68 58
68 59
68 59
67 60
67 61
67 61
67 62
67 63
67 63
67 63
67 62
67 61
67 61
67 60
67 59
68 58
68 57
68 56
68 55
69 54
69 53
69 52
69 51
69 50
70 49
70 48
70 47
70 46
71 45
71 44
71 43
71 42
71 41
72 40
72 39
72 38
72 37
73 36
73 35
73 34
73 33
74 32
74 31
74 30
74 29
74 28
75 27
75 26
75 25
75 24
76 23
76 22
76 21
76 20
76 19
77 18
77 17
77 16
77 15
78 14
78 13
78 12
78 11
78 10
79 9
79 8
79 7
79 6
80 5
80 4
80 3
80 3
81 2
81 1
82 0
82 0
82 0
82 1
82 1
82 2
82 3
82 4
82 4
82 5
81 6
81 7
81 7
81 8
81 9
81 10
81 11
81 12
81 12
81 13
81 14
81 15
81 15
80 16
80 17
80 17
80 18
80 19
80 19
80 20
80 21
80 21
81 21
81 21
81 22
81 22
82 22
82 22
83 22
83 22
84 22
84 22
85 21
85 21
86 20
86 20
87 19
88 19
88 19
89 18
89 18
90 18
90 18
91 18
92 18
92 18
93 18
93 18
94 19
94 19
95 19
95 19
95 20
95 21
95 21
96 22
96 22
96 23
96 24
96 25
96 25
97 26
97 27
97 27
97 28
97 29
97 30
97 30
97 31
98 32
98 33
98 33
98 34
98 35
98 36
98 37
98 37
98 38
98 39
98 40
98 41
98 42
98 42
98 43
98 44
98 45
98 46
98 47
98 48
98 49
98 49
98 50
98 51
98 52
99 53
99 54
99 55
99 56
99 56
99 57
99 58
99 59
99 60
99 61
99 62
99 62
99 63
99 64
99 65
99 66
99 67
99 68
99 68
99 69
99 70
99 71
99 72
99 73
99 74
99 75
99 75
99 76
99 77
99 78
98 79
98 80
98 81
98 82
98 82
98 83
98 84
98 85
98 86
98 87
98 87
98 88
98 89
98 90
98 91
98 91
98 92
97 93
97 94
97 95
97 95
97 96
97 97
97 97
96 98
96 99
96 99
96 99
95 99
95 99
94 99
94 99
93 98
93 98
92 97
91 96
91 96
90 95
90 94
89 93
89 93
89 92
88 91
88 90
87 89
87 88
87 88
87 87
87 86
87 85
86 84
86 83
86 82
86 81
86 80
86 79
86 78
85 77
85 76
85 75
85 74
85 73
85 72
85 71
85 70
84 69
84 68
84 67
84 66
84 65
84 64
84 63
83 62
83 61
83 60
83 59
83 58
83 57
83 56
82 55
82 54
82 53
82 52
82 51
82 50
82 49
82 48
81 47
81 46
81 45
81 44
81 43
81 42
81 41
80 40
80 39
80 38
80 37
80 37
80 37
80 37
80 38
80 39
80 39
80 40
80 41
80 42
80 42
80 43
80 44
80 45
80 46
80 46
80 47
80 48
81 49
81 50
81 51
81 51
81 52
81 53
81 54
81 55
81 56
81 56
81 57
81 58
81 59
81 60
81 60
81 61
81 62
81 63
81 63
81 64
81 64
81 65
81 65
81 65
82 65
82 65
82 64
82 63
82 62
82 61
82 60
82 59
82 58
82 57
82 56
82 55
82 54
81 53
81 52
81 51
81 50
81 49
81 48
81 47
81 46
81 45
81 44
81 43
81 42
81 41
81 41
82 40
83 39
83 39
83 38
83 38
84 37
84 37
85 37
85 37
86 37
86 37
87 38
87 38
88 39
88 39
89 40
89 40
89 41
89 42
89 42
89 43
89 44
89 44
89 45
89 46
89 46
89 47
89 48
89 49
89 49
89 50
88 51
88 52
88 53
88 53
88 54
87 55
87 56
87 56
87 57
86 58
86 59
86 59
86 60
85 61
85 62
85 62
85 63
85 64
85 64
84 65
84 66
84 66
84 66
84 67
84 67
85 66
85 66
86 65
86 65
87 64
88 63
88 63
89 62
90 61
91 60
91 60
92 59
93 58
