0 45
0 45
0 45
0 45
0 45
0 45
0 45
0 45
0 45
0 46
0 46
1 45
1 45
1 45
2 44
3 44
3 44
4 43
4 43
5 42
5 41
5 41
6 40
7 40
7 40
8 39
9 38
9 38
10 37
11 36
11 36
12 35
13 34
13 34
14 33
15 33
16 32
16 32
17 31
18 31
19 30
19 30
20 29
21 28
21 28
22 27
23 27
23 27
24 26
25 26
25 26
26 25
27 25
27 25
28 24
28 24
29 24
29 24
29 24
29 24
29 24
28 23
27 22
27 21
26 20
25 19
24 18
24 17
23 16
22 15
21 14
20 13
20 12
19 11
18 10
17 9
17 8
16 7
15 6
15 6
15 5
15 4
15 4
15 3
15 2
15 2
14 2
14 2
14 2
14 3
14 3
14 4
14 5
14 5
14 6
14 7
14 8
14 8
14 9
14 10
14 11
14 12
14 13
14 13
14 14
14 15
14 16
14 17
14 18
14 19
14 20
14 20
14 21
14 22
14 23
14 24
14 25
14 26
14 27
14 28
14 28
14 29
14 30
14 31
13 32
13 33
13 34
13 35
13 35
13 36
13 37
13 38
13 39
13 40
13 41
13 42
13 43
13 43
13 44
13 45
13 46
12 47
12 48
12 49
12 50
12 51
12 51
12 52
11 53
11 54
11 55
11 56
10 57
10 58
10 59
10 59
10 60
10 61
10 62
9 63
9 64
9 65
9 66
9 67
9 67
9 68
9 69
8 70
8 71
8 72
8 73
8 73
8 74
8 75
8 76
7 77
7 78
7 79
7 80
7 80
7 81
6 82
6 83
6 84
5 85
5 86
5 86
5 87
4 88
4 89
3 90
3 91
3 91
3 92
2 93
2 94
2 94
1 95
1 96
1 96
0 97
0 98
0 98
0 99
0 99
0 99
0 98
1 97
1 96
1 95
1 94
2 93
2 92
2 91
3 90
3 89
3 88
4 87
4 86
4 85
4 84
5 83
5 82
5 81
6 80
6 79
6 78
6 77
7 76
7 75
7 74
8 73
8 72
8 71
8 70
9 69
9 68
9 67
10 66
10 65
10 64
11 63
11 62
11 61
11 60
12 59
12 58
12 57
13 56
13 55
13 54
13 53
14 52
14 51
14 51
15 50
16 49
16 49
16 49
17 50
17 50
18 51
18 52
18 52
19 53
19 54
19 54
19 55
20 56
20 57
20 58
20 58
21 59
21 60
22 61
22 61
22 62
23 63
23 64
23 65
23 65
24 66
24 67
25 68
25 69
25 69
26 70
26 71
27 72
27 73
27 73
27 74
27 75
28 76
28 77
28 78
28 78
29 79
29 80
30 81
30 82
30 82
31 83
31 84
32 85
32 86
32 86
32 87
33 88
33 89
33 90
33 90
33 91
34 92
34 93
34 93
35 94
35 95
36 96
36 96
37 97
37 97
38 98
38 99
38 99
39 99
40 99
40 99
41 99
41 99
41 98
42 97
42 96
42 95
43 94
43 93
43 92
43 91
44 90
44 89
44 88
45 87
45 86
45 85
46 84
46 83
46 82
47 81
47 80
47 79
47 78
48 77
48 76
48 75
49 74
49 73
49 72
50 71
50 70
50 69
51 68
51 67
51 66
51 65
52 64
52 63
52 62
53 61
53 60
53 59
54 58
54 57
54 56
55 55
55 54
55 53
56 52
56 51
56 50
56 49
57 48
57 47
57 46
58 45
58 44
58 43
59 42
59 41
59 40
60 39
60 38
60 37
60 36
61 35
61 34
61 33
62 32
62 31
62 30
63 29
63 28
63 27
64 26
64 25
64 24
64 23
65 22
65 21
65 20
66 19
66 18
66 17
67 16
67 15
67 14
68 13
68 12
68 11
68 10
69 9
69 8
69 7
70 6
70 5
70 5
69 4
69 4
69 3
69 2
69 2
69 2
69 3
69 3
68 4
68 4
68 5
67 6
67 7
67 7
66 8
66 9
65 10
65 10
65 11
65 12
64 13
64 14
64 15
64 15
64 16
63 17
63 18
63 19
62 20
62 21
62 21
62 22
62 23
62 24
61 25
61 26
61 27
61 28
61 28
61 29
60 30
60 31
60 32
59 33
59 34
59 34
59 35
59 36
58 37
58 38
58 39
58 39
58 40
57 41
57 42
57 43
57 43
57 44
56 45
56 46
56 46
55 47
55 48
55 48
55 49
55 50
55 50
55 49
55 48
55 47
55 46
55 45
55 44
55 43
55 42
55 41
55 40
55 39
55 38
55 37
55 36
55 35
55 34
55 33
56 32
56 31
56 30
56 29
56 28
56 27
56 26
56 25
56 24
56 23
56 22
56 21
56 20
56 19
56 18
56 17
56 16
56 15
56 15
57 14
57 13
57 13
58 12
58 11
58 11
58 11
59 12
59 13
59 13
60 14
60 15
60 15
61 16
61 17
62 18
62 19
62 19
62 20
62 21
63 22
63 23
63 24
63 25
63 25
63 26
63 27
63 28
64 29
64 30
64 31
64 32
64 32
64 33
64 34
64 35
64 36
64 37
64 38
64 39
64 39
64 40
64 41
64 42
65 43
65 44
65 45
65 46
65 47
65 47
65 48
65 49
65 50
65 51
65 52
65 53
65 54
65 55
65 55
65 56
65 57
65 58
65 59
65 60
65 61
65 62
65 62
65 63
65 64
65 65
65 66
65 67
65 68
65 69
65 69
65 70
65 71
64 72
64 73
64 74
64 75
64 75
64 76
64 77
64 78
64 79
64 80
64 80
64 81
63 82
63 83
63 83
63 84
62 85
62 86
62 86
62 87
61 88
61 89
61 89
60 90
60 90
59 91
59 91
59 91
58 91
58 91
57 90
57 90
56 89
56 88
56 88
55 87
55 86
55 86
55 85
55 84
55 84
55 83
55 82
55 81
55 81
55 80
55 79
55 78
55 77
55 77
55 76
56 75
56 74
56 73
56 73
56 72
56 71
56 70
56 69
56 68
56 68
56 67
57 66
57 65
57 65
57 64
58 63
58 62
58 62
58 61
59 60
59 59
59 59
59 58
60 57
60 56
60 56
60 55
61 54
61 53
61 53
61 52
62 51
62 50
62 50
62 49
63 48
63 47
63 47
64 46
64 45
64 45
65 44
65 43
65 43
65 43
65 42
65 42
65 42
65 41
65 41
65 41
64 41
64 41
64 42
64 43
64 43
63 44
63 45
63 45
63 46
62 47
62 48
62 48
62 49
61 50
61 51
61 52
61 52
61 53
60 54
60 55
60 56
60 56
60 57
59 58
59 59
59 59
59 60
59 61
59 62
59 62
59 63
59 63
59 64
59 64
59 65
59 65
59 65
59 65
59 64
60 63
60 62
61 61
61 60
61 59
62 58
62 57
63 56
63 55
63 54
64 53
64 52
64 51
65 50
65 49
66 48
66 47
66 46
67 45
67 44
68 43
68 42
68 41
69 40
69 39
70 38
70 37
70 36
71 35
71 34
72 33
72 32
72 31
73 30
73 29
73 28
74 27
74 26
75 25
75 24
75 23
76 22
76 21
77 20
77 19
77 18
78 17
78 16
79 15
79 14
79 13
80 12
80 11
80 10
81 9
81 8
82 7
82 6
82 5
83 4
83 3
84 2
84 1
84 1
84 2
84 3
84 4
84 4
84 3
83 2
83 1
83 0
83 0
83 0
83 1
82 2
82 3
82 3
82 4
81 5
81 6
81 7
81 7
81 8
81 9
80 10
80 11
80 12
80 12
80 13
79 14
79 15
78 16
78 17
78 17
78 18
78 19
77 20
77 21
77 22
77 22
77 23
77 24
77 25
77 25
76 26
76 27
76 27
76 28
76 29
76 29
76 30
76 30
76 30
77 30
77 30
78 30
78 30
79 29
79 29
80 28
81 27
81 27
82 26
82 25
83 24
83 24
83 23
84 22
84 21
84 21
85 20
86 19
87 18
87 18
88 17
88 16
89 15
89 15
90 14
91 13
91 13
92 12
92 12
93 13
94 13
94 13
95 14
95 15
95 15
96 16
96 17
96 17
96 18
96 19
97 20
97 21
97 22
97 22
97 23
97 24
97 25
97 26
97 27
97 28
97 28
97 29
97 30
97 31
98 32
98 33
98 34
98 35
98 35
98 36
98 37
98 38
98 39
98 40
98 41
98 42
98 43
98 43
98 44
98 45
98 46
98 47
99 48
99 49
99 50
99 51
99 52
99 52
99 53
99 54
99 55
99 56
98 57
98 58
98 59
98 60
98 61
98 62
98 62
98 63
98 64
98 65
97 66
97 67
97 68
97 69
97 70
97 70
97 71
97 72
97 73
97 74
97 75
97 76
97 77
97 77
97 78
97 79
96 80
96 81
96 82
96 83
96 83
96 84
95 85
95 86
95 86
95 87
94 88
94 89
94 89
94 90
94 91
94 91
93 92
93 93
93 93
92 94
92 94
91 94
91 94
91 93
90 92
90 91
90 90
90 89
89 88
89 87
89 86
89 85
88 84
88 83
88 82
88 81
87 80
87 79
87 78
87 77
86 76
86 75
86 74
86 73
85 72
85 71
85 70
85 69
84 68
84 67
84 66
84 65
83 64
83 63
83 62
83 61
82 60
82 59
82 58
82 57
81 56
81 55
81 54
81 53
80 52
80 51
80 50
80 49
79 48
79 47
79 46
79 46
79 47
79 48
79 49
79 50
79 51
79 52
79 52
79 53
79 54
79 54
79 55
79 56
79 56
79 57
78 58
78 59
78 60
78 60
78 61
78 62
78 63
78 64
78 65
78 65
78 66
78 67
78 68
78 68
78 69
78 70
78 70
78 71
78 72
78 72
78 72
78 72
78 72
78 72
78 71
78 70
78 69
78 69
78 68
79 67
79 66
79 66
79 65
79 64
79 63
79 62
79 62
79 61
80 60
80 59
80 58
80 58
80 57
81 56
81 55
81 55
81 54
82 53
82 52
82 52
83 51
83 50
83 50
84 49
84 48
84 48
85 47
85 47
86 46
86 46
87 45
87 45
88 45
88 45
88 45
89 46
89 46
89 47
89 48
89 48
89 49
88 50
88 51
88 51
88 52
87 53
87 54
87 55
87 55
87 56
86 57
86 58
86 59
86 59
86 60
85 61
85 62
85 63
85 63
85 64
84 65
84 66
84 66
83 67
83 68
83 68
82 69
82 70
82 70
82 71
82 72
82 72
82 73
82 73
82 73
82 73
82 73
83 73
83 73
84 72
84 71
84 71
85 70
85 70
86 69
87 68
87 68
88 67
88 67
89 66
90 66
90 66
91 66
91 66
91 66
92 66
92 66
92 66
92 66
92 66
91 66
