0 51
0 50
0 49
0 49
0 49
0 49
0 49
1 49
1 49
2 49
2 49
3 48
3 48
4 47
5 47
6 46
6 46
7 45
7 44
8 43
8 43
9 42
10 41
11 40
11 40
12 39
12 38
13 37
13 37
14 36
15 35
16 34
16 34
17 33
17 32
18 31
18 31
19 30
19 29
20 28
20 28
21 27
21 26
22 25
22 25
23 24
23 24
23 23
23 23
22 22
21 21
20 20
19 19
19 18
18 17
17 16
16 15
15 14
15 14
15 13
14 12
14 11
14 10
14 10
14 10
14 10
14 11
14 12
14 12
14 13
14 14
14 14
14 15
14 16
14 17
14 18
14 18
14 19
14 20
14 21
14 22
14 23
14 23
14 24
14 25
14 26
14 27
14 28
14 29
14 29
14 30
14 31
14 32
14 33
14 34
14 35
14 36
14 37
14 37
14 38
14 39
14 40
13 41
13 42
13 43
13 44
13 45
13 45
13 46
13 47
13 48
12 49
12 50
12 51
12 52
12 53
12 53
12 54
12 55
12 56
11 57
11 58
11 59
11 60
11 61
11 61
11 62
11 63
11 64
10 65
10 66
10 67
10 68
10 68
10 69
10 70
10 71
9 72
9 73
9 74
9 75
9 75
9 76
9 77
8 78
8 79
8 80
8 80
8 81
8 82
7 83
7 84
7 85
7 85
7 86
6 87
6 88
6 89
6 89
5 90
5 91
4 92
4 92
4 93
4 93
4 92
4 92
4 91
5 90
5 89
5 88
6 87
6 86
6 85
7 84
7 83
7 82
7 81
8 80
8 79
8 78
9 77
9 76
9 75
10 74
10 73
10 72
11 71
11 70
11 69
12 68
12 67
12 66
12 65
13 64
13 63
13 62
14 61
14 60
14 59
15 58
15 57
15 57
16 58
16 58
17 59
17 60
17 60
17 61
17 62
17 62
17 63
18 64
18 65
18 66
18 66
18 67
19 68
19 69
19 70
19 70
20 71
20 72
21 73
21 74
21 74
21 75
22 76
22 77
22 78
22 78
23 79
23 80
24 81
24 82
24 82
25 83
25 84
26 85
26 85
27 86
28 87
29 88
29 88
30 89
31 89
32 90
32 90
33 91
34 91
35 92
35 92
36 92
37 93
38 93
38 93
39 94
40 94
41 95
41 95
42 95
43 95
43 95
44 95
45 95
46 95
46 95
47 95
48 95
48 95
49 94
49 94
49 93
49 92
50 91
50 90
50 89
50 88
51 87
51 86
51 85
51 84
52 83
52 82
52 81
52 80
53 79
53 78
53 77
53 76
53 75
54 74
54 73
54 72
54 71
55 70
55 69
55 68
55 67
56 66
56 65
56 64
56 63
56 62
57 61
57 60
57 59
57 58
58 57
58 56
58 55
58 54
59 53
59 52
59 51
59 50
60 49
60 48
60 47
60 46
60 45
61 44
61 43
61 42
61 41
62 40
62 39
62 38
62 37
63 36
63 35
63 34
63 33
63 32
64 31
64 30
64 29
64 28
65 27
65 26
65 25
65 24
66 23
66 22
66 21
66 20
67 19
67 18
67 17
67 16
67 15
68 14
68 13
68 12
68 11
69 10
69 9
69 8
69 7
70 6
70 5
70 4
70 4
70 5
70 6
69 7
69 8
69 9
69 9
69 10
69 11
69 12
69 13
69 13
69 14
68 15
68 16
68 16
68 17
67 18
67 19
67 19
67 20
67 21
66 22
66 23
66 24
66 24
66 25
65 26
65 27
64 28
64 29
64 29
64 30
64 31
63 32
63 33
63 34
63 35
63 35
63 36
62 37
62 38
62 39
61 40
61 41
61 41
61 42
61 43
61 44
61 45
61 46
61 46
60 47
60 48
59 49
59 50
59 50
59 51
58 52
58 53
58 53
57 54
57 55
57 55
56 56
56 56
56 56
56 55
56 54
56 53
56 52
56 51
56 50
56 49
56 48
56 47
56 46
56 45
56 44
56 43
56 42
56 41
56 40
57 39
57 38
57 37
57 36
57 35
57 34
57 33
57 32
57 31
57 30
57 29
57 28
57 27
57 26
57 25
57 24
57 23
57 23
57 22
58 21
58 20
58 20
58 19
58 18
58 18
58 18
59 18
59 18
60 18
60 18
61 19
61 19
62 20
62 21
62 21
63 22
63 23
63 23
64 24
64 25
65 26
65 27
65 27
65 28
65 29
66 30
66 31
66 32
66 33
66 33
66 34
66 35
66 36
66 37
66 38
66 39
66 39
66 40
66 41
67 42
67 43
67 44
67 45
67 45
67 46
67 47
67 48
67 49
67 50
67 50
67 51
67 52
68 53
68 54
68 55
68 55
68 56
68 57
68 58
68 59
68 60
68 61
68 61
68 62
68 63
68 64
68 65
68 66
68 67
68 67
68 68
68 69
68 70
68 71
68 72
68 73
68 73
68 74
68 75
68 76
68 77
68 78
68 78
68 79
68 80
68 81
68 82
68 82
68 83
68 84
67 85
67 86
67 87
67 87
67 88
66 89
66 90
66 90
66 91
65 92
65 93
65 93
65 94
65 95
65 95
64 96
64 96
63 96
63 96
63 95
63 95
63 94
63 93
63 93
62 92
62 91
62 91
62 90
62 89
62 88
62 87
62 87
62 86
62 85
62 84
62 83
62 82
63 81
63 80
63 79
63 78
63 77
63 76
63 75
63 74
63 73
63 72
63 71
64 70
64 69
64 68
64 67
64 66
64 65
64 64
64 63
64 62
64 61
64 60
64 59
65 58
65 57
65 56
65 55
65 54
65 53
65 52
65 51
65 50
65 49
65 48
66 47
66 46
66 45
66 44
66 43
66 42
66 42
67 41
67 40
67 40
67 41
67 41
66 42
66 43
66 43
66 44
66 45
66 46
66 46
66 47
65 48
65 49
65 50
64 51
64 52
64 52
64 53
64 54
63 55
63 56
63 57
63 58
63 58
63 59
63 60
63 61
62 62
62 63
62 64
62 65
62 65
62 66
61 67
61 68
61 69
61 70
60 71
60 72
60 72
60 73
59 74
59 75
59 76
59 76
59 77
58 78
58 79
58 80
58 80
57 81
57 82
57 82
57 83
57 83
57 83
57 82
58 81
58 80
58 79
59 78
59 77
59 76
60 75
60 74
60 73
61 72
61 71
61 70
62 69
62 68
62 67
63 66
63 65
63 64
64 63
64 62
64 61
65 60
65 59
65 58
66 57
66 56
66 55
67 54
67 53
67 52
68 51
68 50
68 49
69 48
69 47
69 46
70 45
70 44
70 43
70 42
71 41
71 40
71 39
72 38
72 37
72 36
73 35
73 34
73 33
74 32
74 31
74 30
75 29
75 28
75 27
76 26
76 25
76 24
77 23
77 22
77 21
78 20
78 19
78 18
79 17
79 16
79 15
80 14
80 13
80 12
81 11
81 10
81 9
82 8
82 7
82 6
83 5
83 4
83 4
83 3
83 2
83 1
83 0
83 0
83 0
83 1
83 1
83 2
83 3
83 4
83 4
83 5
82 6
82 7
82 7
82 8
82 9
81 10
81 11
81 12
81 13
81 13
81 14
80 15
80 16
80 17
79 18
79 19
79 19
79 20
79 21
78 22
78 23
78 24
78 25
78 25
78 26
78 27
77 28
77 29
77 30
77 31
77 31
77 32
77 33
76 34
76 35
76 36
76 37
76 37
76 38
76 39
76 40
76 41
76 41
76 42
75 43
75 44
75 45
75 45
75 46
75 47
75 47
76 47
76 47
76 47
76 46
77 45
77 44
77 44
77 43
78 42
78 41
78 41
78 40
79 39
79 38
80 37
80 36
80 36
80 35
81 34
81 33
81 33
82 32
82 31
83 30
83 30
84 29
85 28
85 28
86 27
87 27
87 27
88 26
88 26
89 26
90 26
90 26
91 26
92 26
92 26
93 27
93 27
94 28
95 28
95 28
95 29
96 30
96 31
96 31
96 32
97 33
97 34
97 34
97 35
97 36
98 37
98 38
98 39
98 39
98 40
98 41
98 42
98 43
98 44
98 44
98 45
98 46
99 47
99 48
99 49
99 49
99 50
99 51
99 52
99 53
99 54
99 54
99 55
99 56
98 57
98 58
98 59
98 60
98 60
98 61
98 62
98 63
98 64
98 65
98 65
98 66
98 67
97 68
97 69
97 70
97 71
97 71
97 72
97 73
97 74
97 75
97 76
97 77
97 77
97 78
96 79
96 80
96 81
96 81
96 82
96 83
95 84
95 85
95 86
95 86
95 87
94 88
94 89
94 90
94 90
94 91
93 92
93 93
93 94
93 94
93 95
93 96
93 97
93 97
92 98
92 99
92 99
91 99
91 99
90 99
89 99
89 99
88 98
88 98
88 97
87 96
87 95
87 94
87 94
87 93
86 92
86 91
86 90
86 90
86 89
86 88
85 87
85 86
85 85
85 85
85 84
85 83
85 82
85 81
85 80
85 79
85 79
85 78
85 77
85 76
85 75
84 74
84 73
84 72
84 71
84 70
84 69
84 68
84 67
84 66
84 65
83 64
83 63
83 62
83 61
83 60
83 59
83 58
83 57
83 56
83 55
82 54
82 53
82 52
82 51
82 50
82 50
82 49
82 48
82 47
82 46
82 46
82 45
82 45
82 46
82 46
83 47
83 48
83 48
83 49
83 50
83 51
83 52
83 52
83 53
83 54
83 55
83 56
83 56
83 57
83 58
83 59
83 60
83 60
83 61
83 62
83 63
83 63
83 64
83 65
83 66
83 67
83 67
83 68
83 69
83 69
83 70
83 70
83 70
83 70
83 69
83 69
83 68
83 67
83 66
83 66
83 65
83 64
83 63
83 63
83 62
83 61
83 60
83 60
83 59
84 58
84 57
84 57
84 56
85 55
85 54
85 54
85 53
86 52
86 51
86 51
87 50
87 50
88 49
88 48
88 48
89 47
90 47
90 47
91 47
91 47
91 48
91 48
91 49
91 50
91 50
91 51
91 52
91 53
91 53
91 54
91 55
91 56
91 56
91 57
91 58
90 59
90 60
90 61
90 61
90 62
90 63
89 64
89 65
89 66
89 66
89 67
89 68
88 69
88 70
88 71
88 72
88 72
87 73
87 74
86 75
86 75
86 76
86 77
86 77
85 78
85 78
85 78
86 77
86 77
87 76
87 76
88 75
88 74
89 73
89 73
90 72
91 71
