0 54
0 54
0 54
0 54
0 54
1 53
2 53
2 53
3 52
4 52
4 52
5 51
6 50
6 50
7 49
8 49
9 48
9 48
10 47
11 47
12 46
12 46
13 45
13 44
14 43
14 43
15 42
16 41
17 40
17 40
18 39
19 38
19 38
19 37
18 36
18 35
17 34
17 33
16 32
16 31
16 30
15 29
15 28
14 27
14 26
13 25
13 24
13 24
13 24
13 24
13 25
13 26
13 26
13 27
13 28
13 29
13 29
13 30
13 31
13 32
13 33
13 33
13 34
13 35
12 36
12 37
12 38
12 38
12 39
12 40
12 41
12 42
12 43
12 44
12 45
12 45
12 46
12 47
11 48
11 49
11 50
11 51
11 51
11 52
11 53
11 54
10 55
10 56
10 57
10 58
10 58
10 59
10 60
10 61
9 62
9 63
9 64
9 65
9 65
9 66
8 67
8 68
8 69
8 70
7 71
7 72
7 72
7 73
7 74
7 75
6 76
6 77
6 78
6 79
6 79
6 80
6 81
5 82
5 83
5 84
5 85
5 85
5 86
5 87
4 88
4 89
4 90
4 91
4 91
4 92
3 93
3 94
3 94
3 95
2 96
2 97
2 97
2 96
2 95
2 94
2 93
2 92
3 91
3 90
3 89
3 88
3 87
3 86
3 85
3 84
3 83
3 82
3 81
4 80
4 79
4 78
4 77
4 76
4 75
4 74
4 73
4 72
4 71
4 70
5 69
5 68
5 67
5 66
5 65
5 64
5 64
6 63
7 62
7 62
8 62
8 62
9 63
9 63
10 64
11 65
11 65
11 66
12 67
12 68
12 68
13 69
13 70
14 71
14 71
14 72
15 73
15 74
15 75
15 75
16 76
16 77
17 78
17 78
18 79
19 80
20 81
20 81
21 82
21 83
22 84
22 85
22 85
23 86
24 87
25 88
25 88
26 89
27 90
27 90
28 91
29 92
30 93
30 93
31 94
32 94
32 94
33 95
34 95
34 95
35 96
36 96
36 96
36 95
37 94
37 93
37 92
38 91
38 90
39 89
39 88
39 87
40 86
40 85
40 84
41 83
41 82
41 81
42 80
42 79
42 78
43 77
43 76
44 75
44 74
44 73
45 72
45 71
45 70
46 69
46 68
46 67
47 66
47 65
47 64
48 63
48 62
49 61
49 60
49 59
50 58
50 57
50 56
51 55
51 54
51 53
52 52
52 51
52 50
53 49
53 48
54 47
54 46
54 45
55 44
55 43
55 42
56 41
56 40
56 39
57 38
57 37
57 36
58 35
58 34
59 33
59 32
59 31
60 30
60 29
60 28
61 27
61 26
61 25
62 24
62 23
62 22
63 21
63 20
64 19
64 18
64 17
65 16
65 15
65 14
66 13
66 12
66 12
67 11
67 11
67 11
66 12
66 12
65 13
65 14
65 14
65 15
64 16
64 17
64 18
64 18
64 19
63 20
63 21
63 22
63 22
63 23
63 24
62 25
62 26
62 27
62 27
62 28
61 29
61 30
60 31
60 32
60 32
60 33
60 34
59 35
59 36
59 37
59 37
59 38
58 39
58 40
57 41
57 42
57 42
57 43
57 44
56 45
56 46
56 47
56 47
55 48
55 49
54 50
54 51
54 51
54 52
53 53
53 54
53 54
52 55
51 56
51 56
51 55
51 54
51 53
51 52
51 51
51 50
51 49
52 48
52 47
52 46
52 45
52 44
52 43
52 42
52 41
52 40
52 39
52 38
52 37
52 36
52 35
53 34
53 33
53 32
53 31
53 30
53 29
53 28
53 27
53 27
54 26
54 25
55 24
55 24
56 24
56 24
57 23
57 23
58 24
58 24
59 25
59 25
60 26
60 26
60 27
61 28
61 29
61 29
61 30
62 31
62 32
62 33
62 33
62 34
63 35
63 36
63 37
63 37
63 38
63 39
64 40
64 41
64 42
64 43
64 43
64 44
64 45
64 46
64 47
64 48
64 49
64 49
64 50
64 51
64 52
64 53
64 54
64 55
64 56
64 56
64 57
64 58
64 59
64 60
64 61
64 62
64 63
64 63
64 64
64 65
64 66
64 67
64 68
64 69
64 70
64 70
64 71
64 72
64 73
64 74
64 75
64 75
64 76
64 77
64 78
64 79
64 80
64 80
64 81
64 82
64 83
64 84
64 84
64 85
64 86
64 87
64 88
64 88
64 89
64 90
64 90
63 91
63 92
63 92
63 93
63 93
62 93
62 93
62 92
62 92
62 91
61 90
61 89
61 89
61 88
61 87
61 86
61 85
61 85
61 84
61 83
61 82
61 81
61 80
61 79
61 79
61 78
61 77
61 76
61 75
61 74
61 73
61 72
61 72
61 71
61 70
61 69
62 68
62 67
62 66
62 65
62 64
62 64
62 63
62 62
62 61
62 60
62 59
62 58
62 58
62 57
62 56
63 55
63 54
63 53
63 53
63 52
63 51
63 50
63 50
64 49
64 48
64 48
64 47
64 47
64 47
63 48
63 48
63 49
63 50
63 50
63 51
62 52
62 53
62 53
62 54
62 55
61 56
61 57
61 58
61 58
61 59
61 60
60 61
60 62
60 63
60 64
60 64
60 65
60 66
60 67
59 68
59 69
59 70
59 71
59 71
59 72
58 73
58 74
57 75
57 76
57 76
57 77
57 78
56 79
56 80
56 81
56 81
56 82
55 83
55 84
55 85
55 85
54 86
54 87
53 88
53 89
53 89
53 90
53 90
53 89
54 88
54 87
54 86
55 85
55 84
55 83
56 82
56 81
57 80
57 79
57 78
58 77
58 76
58 75
59 74
59 73
59 72
60 71
60 70
60 69
61 68
61 67
61 66
62 65
62 64
63 63
63 62
63 61
64 60
64 59
64 58
65 57
65 56
65 55
66 54
66 53
66 52
67 51
67 50
67 49
68 48
68 47
69 46
69 45
69 44
70 43
70 42
70 41
71 40
71 39
71 38
72 37
72 36
72 35
73 34
73 33
73 32
74 31
74 30
74 29
75 28
75 27
76 26
76 25
76 24
77 23
77 22
77 21
78 20
78 19
78 18
79 17
79 16
79 15
80 14
80 13
80 12
81 11
81 10
82 9
82 8
82 7
83 6
83 5
83 4
84 3
84 2
84 2
85 1
85 1
85 1
84 0
84 0
84 1
84 1
84 2
83 3
83 4
83 4
83 5
82 6
82 7
82 7
82 8
81 9
81 10
81 11
81 11
81 12
81 13
80 14
80 15
80 16
80 16
80 17
80 18
79 19
79 20
79 21
79 21
79 22
79 23
78 24
78 25
78 26
78 26
78 27
77 28
77 29
77 29
77 30
77 31
77 32
77 32
76 33
76 33
77 34
77 34
77 34
78 33
78 33
79 32
80 32
80 32
81 31
81 30
81 30
82 29
83 28
83 28
84 27
85 26
85 26
86 25
87 25
87 25
88 25
89 24
90 24
90 24
91 23
92 23
92 23
93 23
93 23
94 24
95 25
95 25
96 26
96 26
97 27
97 28
97 28
97 29
98 30
98 31
98 32
98 32
98 33
98 34
98 35
98 36
98 36
98 37
98 38
99 39
99 40
99 41
99 41
99 42
99 43
98 44
98 45
98 46
98 46
98 47
98 48
98 49
98 50
98 51
98 52
98 52
98 53
98 54
98 55
98 56
98 57
98 58
98 58
98 59
98 60
98 61
98 62
98 63
98 64
98 64
98 65
98 66
97 67
97 68
97 69
97 70
97 70
97 71
97 72
97 73
97 74
97 75
97 76
97 77
97 77
97 78
97 79
97 80
97 81
97 82
97 82
97 83
97 84
96 85
96 86
96 87
96 87
96 88
96 89
96 90
96 91
96 92
96 92
96 93
96 94
96 95
96 95
95 96
95 97
95 97
94 98
94 99
94 99
93 99
93 99
92 99
92 99
92 99
91 98
91 98
90 97
90 96
90 96
89 95
89 95
88 94
88 93
88 93
88 92
87 91
87 90
87 90
87 89
87 88
86 87
86 86
86 85
86 84
86 83
85 82
85 81
85 80
85 79
85 78
85 77
84 76
84 75
84 74
84 73
84 72
83 71
83 70
83 69
83 68
83 67
82 66
82 65
82 64
82 63
82 62
81 61
81 60
81 59
81 58
81 57
81 56
80 55
80 54
80 53
80 52
80 51
79 50
79 49
79 48
79 48
80 47
80 46
80 46
80 46
80 45
80 45
81 45
81 45
81 46
81 47
81 47
81 48
81 48
82 49
82 50
82 50
82 51
82 52
82 53
82 53
82 54
82 55
82 56
82 56
82 57
82 58
82 59
82 59
82 60
81 61
81 62
81 62
81 63
81 64
81 65
81 65
81 66
81 67
81 68
81 68
81 69
81 70
81 70
81 70
81 70
81 70
81 69
82 68
82 67
82 67
82 66
82 65
82 65
82 64
83 63
83 62
83 61
83 61
83 60
83 59
83 58
83 58
84 57
84 56
84 56
84 55
85 54
85 53
85 53
85 52
86 51
86 50
86 50
87 49
87 48
87 48
88 47
89 46
89 46
90 45
90 45
91 45
91 45
92 45
92 45
92 46
92 47
92 47
92 48
92 49
92 50
92 50
92 51
92 52
92 53
92 54
92 54
92 55
91 56
91 57
91 58
91 58
91 59
91 60
90 61
90 62
90 63
90 63
90 64
89 65
89 66
89 67
89 67
89 68
88 69
88 70
88 70
88 71
87 72
87 73
87 73
87 73
87 73
87 73
88 72
88 72
89 71
90 70
90 70
91 69
91 68
92 67
92 67
93 66
94 65
