1 39
1 40
1 41
1 42
0 43
0 44
0 45
0 46
0 47
0 47
0 48
0 49
0 50
0 50
0 51
0 52
0 52
0 53
1 54
1 55
1 55
2 56
2 56
3 56
4 56
4 56
5 56
6 55
7 55
7 55
8 54
9 53
10 52
10 52
11 51
11 50
12 49
12 49
13 48
14 47
14 46
15 45
15 45
15 44
16 43
16 42
17 41
17 40
17 40
18 39
19 38
19 37
20 36
20 36
20 35
21 34
21 33
21 32
21 32
21 31
22 30
22 29
22 29
23 28
23 28
23 29
23 29
23 28
23 27
23 27
23 26
23 26
22 26
22 26
22 25
22 25
22 24
21 23
21 22
20 21
20 20
19 19
19 18
18 17
18 16
18 15
17 14
17 13
16 12
16 11
15 10
15 9
14 8
14 7
14 7
14 7
14 7
14 7
14 7
14 8
14 9
14 9
14 10
14 11
14 12
14 13
14 14
14 14
14 15
14 16
14 17
14 18
14 19
14 20
14 21
14 22
14 22
14 23
14 24
14 25
14 26
13 27
13 28
13 29
13 30
13 31
13 32
13 32
13 33
13 34
13 35
13 36
13 37
13 38
13 39
13 40
13 41
13 42
13 43
13 44
13 44
13 45
13 46
13 47
13 48
13 49
12 50
12 51
12 52
12 53
12 54
12 55
12 56
12 56
12 57
12 58
12 59
12 60
12 61
11 62
11 63
11 64
11 65
11 66
11 67
11 67
11 68
11 69
11 70
11 71
10 72
10 73
10 74
10 75
10 76
10 77
10 77
10 78
10 79
10 80
9 81
9 82
9 83
9 84
9 84
9 85
9 86
9 87
9 88
9 88
9 89
9 89
9 89
9 88
9 88
9 87
9 86
9 86
9 85
9 84
9 83
9 82
9 81
9 80
9 79
9 78
10 77
10 76
10 75
10 74
10 73
10 72
10 71
10 70
10 69
10 68
10 67
10 66
10 65
10 64
10 63
10 62
10 61
10 60
11 59
11 58
11 57
11 56
11 55
11 54
11 53
11 52
11 51
11 50
11 50
12 50
13 51
14 51
14 51
15 52
15 53
15 53
16 54
16 55
17 56
17 56
18 57
18 58
19 59
19 60
19 60
20 61
20 62
21 63
21 64
22 65
22 66
22 66
23 67
24 68
24 69
25 70
25 70
26 71
26 72
27 73
27 74
28 75
28 75
29 76
30 77
30 78
31 79
32 80
32 80
33 81
34 82
34 82
35 83
36 83
37 84
37 84
38 84
39 84
39 84
40 84
40 84
41 84
41 84
42 83
42 83
42 83
41 82
41 81
41 81
41 80
42 79
42 78
42 77
43 76
43 75
44 74
44 73
44 72
45 71
45 70
45 69
46 68
46 67
47 66
47 65
47 64
48 63
48 62
48 61
49 60
49 59
50 58
50 57
50 56
51 55
51 54
51 53
52 52
52 51
53 50
53 49
53 48
54 47
54 46
54 45
55 44
55 43
56 42
56 41
56 40
57 39
57 38
57 37
58 36
58 35
59 34
59 33
59 32
60 31
60 30
60 29
61 28
61 27
62 26
62 25
62 24
63 23
63 22
63 21
64 20
64 19
65 18
65 17
65 16
66 15
66 14
66 13
67 12
67 11
68 10
68 9
68 8
69 7
69 6
69 6
70 5
71 5
71 5
71 6
71 7
71 7
71 8
71 8
71 9
71 9
71 10
71 11
71 12
71 12
71 13
71 14
71 15
71 16
71 16
71 17
71 18
70 19
70 20
70 21
70 21
70 22
70 23
69 24
69 25
69 26
69 27
69 27
69 28
69 29
68 30
68 31
68 32
68 32
68 33
67 34
67 35
66 36
66 37
66 37
66 38
66 39
65 40
65 41
65 42
65 42
64 43
64 44
63 45
63 46
63 46
62 47
61 48
61 48
60 49
60 50
60 50
59 50
59 50
59 49
59 48
59 47
59 46
59 45
59 44
59 43
59 42
59 41
59 40
59 39
59 38
59 37
59 36
59 35
59 34
59 33
59 32
59 31
59 30
59 29
59 28
59 27
59 26
59 25
59 24
59 23
59 22
59 21
59 20
59 19
59 18
59 17
59 16
59 15
59 14
59 13
59 12
59 11
59 10
59 9
59 9
59 8
60 7
60 6
60 5
60 5
61 5
61 5
61 4
61 4
61 4
62 5
62 6
62 6
63 7
63 8
63 8
63 9
64 10
64 11
64 11
65 12
65 13
66 14
66 15
66 15
66 16
66 17
67 18
67 19
67 20
67 20
67 21
68 22
68 23
68 24
69 25
69 26
69 26
69 27
69 28
70 29
70 30
70 31
70 32
70 32
70 33
70 34
70 35
71 36
71 37
71 38
71 39
71 39
71 40
71 41
72 42
72 43
72 44
72 45
72 45
72 46
72 47
72 48
73 49
73 50
73 51
73 52
73 52
73 53
73 54
74 55
74 56
74 57
74 58
74 58
74 59
74 60
74 61
74 62
74 63
74 64
74 64
74 65
74 66
74 67
74 68
74 69
74 70
74 71
74 71
74 72
74 73
73 74
73 75
73 76
73 77
73 77
73 78
73 79
73 80
73 81
73 82
73 83
73 83
73 84
72 85
72 86
72 87
72 87
72 88
72 89
72 90
72 90
72 91
71 92
71 93
71 93
70 94
70 94
70 94
69 94
69 94
69 93
68 92
68 91
68 91
68 90
67 89
67 88
67 87
67 87
67 86
67 85
67 84
66 83
66 82
66 81
66 80
66 80
66 79
66 78
66 77
66 76
66 75
66 74
66 73
66 72
66 72
66 71
66 70
66 69
66 68
66 67
66 66
66 65
66 64
66 64
66 63
66 62
66 61
66 60
66 59
66 58
66 58
66 57
66 56
67 55
67 54
67 53
67 52
67 52
67 51
67 50
68 49
68 48
68 47
68 47
68 46
68 45
68 44
68 43
68 42
68 42
68 41
69 40
69 39
69 38
69 38
69 37
69 37
69 37
69 37
69 38
69 39
69 40
69 41
69 41
69 42
69 43
68 44
68 45
68 46
68 47
68 47
68 48
68 49
68 50
67 51
67 52
67 53
67 54
67 54
67 55
67 56
66 57
66 58
66 59
66 60
66 60
66 61
66 62
66 63
65 64
65 65
65 66
65 67
65 67
65 68
65 69
64 70
64 71
64 72
64 72
64 73
63 74
63 75
63 76
63 76
63 76
63 76
63 76
63 75
63 74
64 73
64 72
64 71
64 70
65 69
65 68
65 67
65 66
66 65
66 64
66 63
66 62
67 61
67 60
67 59
67 58
68 57
68 56
68 55
68 54
69 53
69 52
69 51
69 50
69 49
70 48
70 47
70 46
70 45
71 44
71 43
71 42
71 41
72 40
72 39
72 38
72 37
73 36
73 35
73 34
73 33
74 32
74 31
74 30
74 29
75 28
75 27
75 26
75 25
75 24
76 23
76 22
76 21
76 20
77 19
77 18
77 17
77 16
78 15
78 14
78 13
78 12
79 11
79 10
79 9
79 8
80 7
80 6
80 5
80 4
81 3
81 2
81 1
81 1
82 0
83 0
83 0
83 1
83 2
83 3
83 4
83 5
83 5
83 6
82 7
82 8
82 9
82 9
82 10
82 11
81 12
81 13
81 14
81 14
81 15
81 16
80 17
80 18
80 19
80 20
80 20
80 21
80 22
79 23
79 24
79 25
79 25
79 26
78 27
78 28
78 29
78 29
78 30
78 31
78 32
78 33
78 33
78 34
78 34
79 35
79 35
79 36
79 36
80 35
80 35
81 34
81 34
82 33
82 33
83 32
83 31
83 31
84 30
84 30
85 29
85 29
86 28
86 27
86 27
87 26
88 26
88 26
89 25
89 25
90 24
91 24
91 24
92 24
92 24
93 24
93 24
94 25
94 25
95 26
95 27
95 27
95 28
95 29
95 30
95 30
95 31
96 32
96 33
96 33
96 34
96 35
96 36
96 37
96 37
96 38
97 39
97 40
97 41
97 41
97 42
97 43
97 44
97 45
97 46
97 46
97 47
98 48
98 49
98 50
98 50
98 51
98 52
98 53
98 54
98 54
98 55
98 56
98 57
98 58
98 59
98 59
98 60
98 61
98 62
98 63
98 64
98 64
98 65
98 66
97 67
97 68
97 69
97 69
97 70
97 71
97 72
97 73
97 74
97 74
97 75
97 76
96 77
96 78
96 79
96 80
96 80
96 81
95 82
95 83
95 84
95 84
95 85
94 86
94 87
94 88
94 88
94 89
93 90
93 91
93 92
93 92
93 93
92 94
92 95
92 95
92 96
91 97
91 98
91 98
91 99
91 99
90 99
90 99
89 99
89 99
89 98
89 98
89 97
88 96
88 95
88 95
88 94
87 93
87 92
87 91
87 91
87 90
87 89
87 88
86 87
86 86
86 85
86 84
86 84
86 83
86 82
86 81
86 80
85 79
85 78
85 77
85 76
85 75
85 74
85 73
85 72
85 71
84 70
84 69
84 68
84 67
84 66
84 65
84 64
84 63
84 62
83 61
83 60
83 59
83 58
83 57
83 56
83 55
83 54
83 53
83 52
82 51
82 50
82 49
82 48
82 47
82 46
82 45
82 44
82 43
81 42
81 41
81 40
81 39
81 38
81 38
82 39
82 39
82 40
82 40
82 41
82 42
82 43
82 43
82 44
82 45
82 46
82 47
82 48
82 48
82 49
82 50
82 51
82 52
82 53
82 53
82 54
82 55
82 56
82 57
82 57
82 58
82 59
82 60
82 61
82 61
82 62
82 63
82 63
82 64
82 65
82 65
82 66
82 66
82 66
82 65
82 65
82 64
82 64
82 63
82 62
82 61
82 61
82 60
82 59
82 58
82 57
82 57
82 56
82 55
82 54
82 53
82 53
82 52
83 51
83 50
83 50
83 49
83 48
83 48
84 47
84 46
84 46
85 45
85 44
85 44
86 43
87 42
87 42
88 42
88 42
89 41
89 41
90 42
90 42
90 43
90 44
90 44
90 45
91 46
91 47
91 47
91 48
91 49
91 50
91 50
91 51
91 52
91 53
91 54
91 54
91 55
91 56
91 57
91 57
91 58
90 59
90 60
90 61
90 61
90 62
89 63
89 64
89 64
88 65
88 66
88 66
88 67
88 68
88 68
87 69
87 69
87 69
87 69
88 69
88 69
89 68
89 67
89 67
90 66
91 65
91 65
92 64
93 64
93 64
94 63
95 63
96 62
96 62
97 62
98 61
99 61
