2 37
2 38
2 39
1 40
1 41
1 42
1 42
0 43
0 43
0 44
0 45
0 45
0 46
0 47
0 48
0 48
0 49
0 50
0 51
0 51
0 52
0 53
0 53
1 54
1 55
1 55
2 56
2 56
3 55
3 55
4 54
5 53
5 53
6 52
7 51
8 50
8 50
9 49
10 48
10 47
11 46
11 46
12 45
13 44
13 43
14 42
14 42
15 41
16 40
16 39
17 38
17 38
18 37
19 36
19 35
20 34
20 34
21 33
22 32
23 31
23 31
24 30
24 29
25 28
25 28
26 27
26 26
26 26
26 25
26 24
26 24
26 24
26 24
26 25
26 25
25 25
25 25
24 26
24 26
23 26
23 26
23 25
22 24
22 23
22 22
21 21
21 20
21 19
20 18
20 17
20 16
20 15
19 14
19 13
19 12
18 11
18 10
18 9
17 8
17 7
17 7
16 6
16 5
16 5
16 5
16 5
16 6
16 6
16 7
16 8
16 9
16 9
16 10
16 11
16 12
16 13
16 13
16 14
16 15
16 16
16 17
16 18
16 19
16 20
16 20
16 21
16 22
16 23
16 24
16 25
16 26
16 27
16 28
16 29
16 29
16 30
16 31
16 32
16 33
15 34
15 35
15 36
15 37
15 38
15 38
15 39
15 40
15 41
15 42
15 43
14 44
14 45
14 46
14 47
14 48
14 49
14 49
14 50
14 51
13 52
13 53
13 54
13 55
13 56
13 57
12 58
12 59
12 60
12 61
12 61
12 62
12 63
12 64
12 65
11 66
11 67
11 68
11 69
11 70
11 70
11 71
11 72
11 73
11 74
10 75
10 76
10 77
10 78
10 79
10 79
10 80
10 81
9 82
9 83
9 84
9 85
9 85
9 86
8 87
8 88
8 89
8 89
8 90
8 91
8 92
8 92
8 93
8 93
8 93
7 93
7 93
7 92
7 92
7 91
7 90
7 90
7 89
7 88
7 87
8 86
8 85
8 84
8 83
8 82
8 81
9 80
9 79
9 78
9 77
9 76
9 75
10 74
10 73
10 72
10 71
10 70
10 69
11 68
11 67
11 66
11 65
11 64
11 63
12 62
12 61
12 60
12 59
12 58
12 57
13 56
13 55
13 54
13 53
13 53
14 54
14 54
15 55
15 56
15 56
15 57
15 57
16 58
16 59
16 59
16 60
17 61
17 62
17 62
18 63
19 64
19 64
19 65
20 66
20 67
20 67
21 68
21 69
22 70
22 70
23 71
24 72
25 73
25 73
26 74
26 75
27 76
27 76
28 77
29 78
30 79
30 79
31 80
32 80
33 81
33 81
34 81
35 82
36 82
36 82
37 82
38 82
39 82
39 82
40 82
41 82
42 82
42 82
43 82
44 81
45 81
45 81
46 80
47 80
47 80
48 79
49 79
49 79
49 79
49 79
49 78
50 77
50 76
50 75
51 74
51 73
52 72
52 71
52 70
53 69
53 68
53 67
54 66
54 65
54 64
55 63
55 62
55 61
56 60
56 59
57 58
57 57
57 56
58 55
58 54
58 53
59 52
59 51
59 50
60 49
60 48
60 47
61 46
61 45
62 44
62 43
62 42
63 41
63 40
63 39
64 38
64 37
64 36
65 35
65 34
65 33
66 32
66 31
67 30
67 29
67 28
68 27
68 26
68 25
69 24
69 23
69 22
70 21
70 20
70 19
71 18
71 17
72 16
72 15
72 14
73 13
73 12
73 12
74 12
74 12
75 11
75 11
75 10
75 9
75 9
75 9
75 9
75 10
75 11
75 11
75 12
74 13
74 14
74 14
74 15
73 16
73 17
73 18
73 18
73 19
73 20
72 21
72 22
72 23
72 24
72 24
72 25
72 26
71 27
71 28
71 29
71 29
70 30
70 31
69 32
69 33
69 33
69 34
68 35
68 36
68 36
68 37
67 38
67 39
67 39
66 40
65 41
65 41
64 42
64 42
63 43
63 43
63 42
63 42
63 41
63 40
63 39
63 38
63 37
63 36
63 35
63 34
63 33
63 32
63 31
63 30
63 29
63 28
63 27
63 26
64 25
64 24
64 23
64 22
64 21
64 20
64 19
64 18
64 17
64 16
64 15
64 14
64 13
64 12
64 11
64 10
64 9
64 9
65 8
65 7
66 6
66 5
66 5
66 4
66 3
66 3
67 2
67 2
68 2
68 2
69 3
69 3
69 4
69 4
70 5
70 6
70 6
70 7
71 8
71 9
71 10
71 10
71 11
72 12
72 13
72 14
72 14
72 15
72 16
73 17
73 18
73 19
73 19
73 20
73 21
74 22
74 23
74 24
74 24
74 25
74 26
74 27
75 28
75 29
75 30
75 31
75 31
75 32
75 33
76 34
76 35
76 36
76 37
76 37
76 38
76 39
77 40
77 41
77 42
77 42
77 43
77 44
77 45
77 46
77 47
77 48
77 48
77 49
77 50
77 51
77 52
77 53
77 54
77 54
77 55
77 56
77 57
77 58
77 59
77 60
77 61
77 61
77 62
77 63
77 64
77 65
77 66
77 66
77 67
77 68
77 69
77 70
77 70
77 71
76 72
76 73
76 74
76 74
76 75
76 76
76 77
76 77
76 78
76 79
76 80
76 80
75 81
75 81
75 82
75 82
74 83
74 83
74 83
73 83
73 83
72 82
72 82
72 81
72 80
72 80
72 79
71 78
71 77
71 77
71 76
71 75
70 74
70 73
70 72
70 71
70 71
70 70
70 69
70 68
70 67
70 66
70 65
70 64
70 64
70 63
70 62
70 61
70 60
70 59
70 58
70 57
70 56
70 55
70 54
70 53
71 52
71 51
71 50
71 49
71 48
71 47
71 46
71 45
71 44
71 43
71 42
71 41
71 41
71 40
71 39
71 38
72 37
72 36
72 35
72 34
72 34
72 33
72 33
72 32
72 32
72 32
72 33
72 34
72 34
72 35
72 36
72 36
72 37
72 38
71 39
71 40
71 41
71 41
71 42
71 43
70 44
70 45
70 46
70 47
70 47
70 48
70 49
69 50
69 51
69 52
69 53
69 53
69 54
69 55
69 56
68 57
68 58
68 59
68 60
68 60
68 61
68 62
67 63
67 64
67 65
67 65
67 66
67 67
67 68
67 69
67 69
66 70
66 71
66 71
66 71
67 71
67 71
67 70
67 69
68 68
68 67
68 66
68 65
69 64
69 63
69 62
69 61
69 60
70 59
70 58
70 57
70 56
70 55
71 54
71 53
71 52
71 51
72 50
72 49
72 48
72 47
72 46
73 45
73 44
73 43
73 42
73 41
74 40
74 39
74 38
74 37
75 36
75 35
75 34
75 33
75 32
76 31
76 30
76 29
76 28
76 27
77 26
77 25
77 24
77 23
78 22
78 21
78 20
78 19
78 18
79 17
79 16
79 15
79 14
79 13
80 12
80 11
80 10
80 9
81 8
81 7
81 6
81 6
82 5
82 4
83 3
83 3
83 2
83 1
83 0
83 0
83 0
83 1
83 2
83 2
83 3
83 4
83 5
83 6
83 6
83 7
83 8
82 9
82 10
82 11
82 11
82 12
82 13
82 14
82 15
82 16
82 17
82 17
82 18
82 19
81 20
81 21
81 22
81 22
81 23
81 24
81 25
81 26
81 26
81 27
81 28
81 29
81 30
81 30
81 31
81 31
81 32
81 32
81 32
82 31
82 30
82 30
83 29
83 28
83 28
84 27
84 26
84 26
84 25
85 24
85 23
85 23
86 22
87 21
87 21
88 20
88 20
89 19
89 19
90 18
90 18
91 17
92 17
92 17
93 17
93 17
93 17
94 18
94 18
95 19
95 19
95 20
95 21
95 21
96 22
96 22
96 23
96 24
96 24
96 25
97 26
97 27
97 27
97 28
97 29
97 30
97 31
97 31
97 32
97 33
97 34
97 35
97 35
97 36
98 37
98 38
98 39
98 39
98 40
98 41
98 42
98 43
98 44
98 44
98 45
98 46
98 47
98 48
98 48
98 49
98 50
98 51
98 52
98 53
98 53
98 54
98 55
98 56
98 57
98 58
98 59
98 59
98 60
99 61
99 62
99 63
99 63
99 64
99 65
99 66
99 67
99 68
99 68
99 69
99 70
98 71
98 72
98 73
98 73
98 74
98 75
98 76
98 77
98 78
98 78
98 79
98 80
98 81
98 82
98 82
98 83
98 84
98 85
98 86
98 87
98 87
98 88
98 89
98 90
98 91
98 91
98 92
97 93
97 94
97 95
97 95
97 96
97 97
97 97
97 98
97 98
97 99
97 99
97 99
96 99
96 99
96 99
95 98
95 98
95 97
95 96
95 96
94 95
93 94
93 94
93 93
93 92
92 91
92 90
92 89
92 89
91 88
91 87
90 86
90 85
89 84
89 83
89 83
89 82
89 81
88 80
88 79
88 78
88 77
88 76
88 75
87 74
87 73
87 72
87 71
87 70
87 69
86 68
86 67
86 66
86 65
86 64
86 63
85 62
85 61
85 60
85 59
85 58
85 57
84 56
84 55
84 54
84 53
84 53
84 52
84 51
84 50
84 49
84 48
84 47
84 46
84 46
84 45
84 45
83 45
83 45
83 45
83 45
83 46
83 47
83 47
83 48
83 49
83 50
83 50
83 51
83 52
83 53
83 54
83 55
83 55
83 56
83 57
83 58
83 59
83 59
83 60
83 61
83 62
83 63
83 63
83 64
83 65
83 66
83 66
83 67
83 67
83 68
83 68
83 68
84 67
84 66
84 66
84 65
84 64
84 64
84 63
85 62
85 61
85 61
85 60
85 59
85 58
85 57
85 56
85 56
85 55
85 54
85 53
85 52
85 52
85 51
85 50
85 49
85 48
85 47
85 47
85 46
85 45
85 44
85 44
85 43
85 42
85 42
85 41
85 40
85 40
86 39
86 39
86 38
86 38
87 38
87 38
88 38
88 38
89 39
89 39
90 40
90 40
91 41
91 41
92 42
92 43
92 43
92 44
92 45
92 45
92 46
92 47
92 48
92 48
92 49
92 50
92 50
92 51
91 52
91 53
91 53
91 54
90 55
90 56
90 57
90 57
89 58
89 59
89 59
89 60
88 61
88 62
88 62
88 63
88 63
87 64
87 64
87 64
87 64
87 64
88 64
88 64
89 63
90 62
90 62
91 61
91 60
92 59
92 59
93 58
93 57
94 56
94 55
95 54
95 54
96 53
97 52
97 51
98 50
