0 9
0 8
0 7
0 6
0 5
0 4
0 4
0 3
0 2
0 2
0 1
0 1
0 0
0 0
0 1
0 1
0 2
0 3
0 4
0 5
0 5
0 6
0 7
0 8
0 9
0 10
0 11
0 11
0 12
0 13
0 14
0 15
0 16
0 17
0 18
0 19
0 20
0 21
0 21
0 22
0 23
0 24
0 25
0 26
0 27
0 28
0 29
0 30
0 31
0 32
0 33
0 33
0 34
0 35
0 36
0 37
0 38
0 39
0 40
0 41
0 42
0 43
0 44
0 45
0 46
0 47
0 47
0 48
0 49
0 50
0 51
0 52
0 53
0 54
0 55
0 56
0 57
0 58
0 59
0 59
0 60
0 61
0 62
1 63
1 64
1 65
1 66
1 66
1 67
1 68
1 69
1 70
1 71
1 71
1 72
1 73
1 73
1 74
1 75
1 75
1 76
1 77
1 77
1 76
1 75
1 74
1 73
1 72
1 71
1 70
1 69
1 68
1 67
1 66
1 65
1 64
1 63
1 62
1 61
1 60
1 59
1 58
1 57
1 56
1 55
1 54
1 53
1 52
1 51
1 50
0 49
0 48
0 47
0 46
0 45
0 44
0 43
0 42
0 41
0 40
0 39
0 38
0 37
0 36
0 35
0 34
0 33
0 32
0 31
0 30
0 29
0 28
0 27
0 26
0 25
0 24
0 23
0 22
0 21
0 21
0 20
0 19
1 18
1 17
1 16
1 15
1 15
1 14
1 13
1 13
1 14
1 14
1 15
1 16
1 16
1 17
1 18
1 19
1 20
1 21
1 22
1 22
1 23
1 24
1 25
2 26
2 27
2 28
2 29
2 30
2 30
2 31
2 32
2 33
2 34
2 35
2 36
2 37
2 38
2 38
2 39
2 40
2 41
2 42
3 43
3 44
3 45
3 46
3 47
3 47
3 48
3 49
3 50
3 51
3 52
3 52
4 53
4 54
4 54
4 55
4 55
5 55
5 55
5 54
5 54
5 53
6 52
6 51
6 50
6 50
6 49
6 48
6 47
7 46
7 45
7 44
7 43
7 42
7 42
7 41
7 40
7 39
7 38
7 37
7 36
7 35
7 34
7 33
7 32
7 32
7 31
7 30
7 29
7 28
7 27
8 26
8 25
8 24
8 23
8 22
8 21
8 21
8 20
8 19
8 18
9 17
9 16
9 15
9 14
9 13
9 13
9 12
9 11
9 10
9 9
9 8
9 7
9 7
9 7
9 8
9 9
9 10
9 10
9 11
9 12
9 13
9 14
9 14
9 15
9 16
9 17
9 18
9 19
9 20
9 21
9 22
9 23
9 23
9 24
9 25
9 26
9 27
10 28
10 29
10 30
10 31
10 32
10 33
10 33
10 34
10 35
10 36
10 37
10 38
10 39
10 40
10 41
10 42
10 43
10 44
10 44
10 45
10 46
10 47
10 48
10 49
10 50
10 51
10 52
10 53
10 53
10 54
10 55
10 56
10 57
10 58
10 59
10 60
10 61
10 61
10 62
10 63
10 64
10 65
10 66
10 66
10 67
10 68
10 69
10 70
10 70
11 71
11 72
11 72
11 73
11 74
11 75
11 75
11 74
11 73
11 72
12 71
12 70
12 69
12 68
12 67
12 66
12 65
13 64
13 63
13 62
13 61
13 60
13 59
13 58
14 57
14 56
14 55
14 54
14 53
14 52
14 51
15 50
15 49
15 48
15 47
15 46
15 45
15 44
16 43
16 42
16 41
16 40
16 40
17 41
17 42
18 43
18 44
18 44
18 45
18 46
18 47
18 48
18 48
18 49
18 50
18 51
18 51
18 52
18 53
18 54
18 55
18 56
18 57
18 58
18 59
18 60
18 60
18 61
18 62
18 63
18 64
18 65
18 66
18 66
18 67
18 68
18 69
18 70
18 70
19 71
19 71
19 71
20 70
20 70
20 69
21 68
21 67
21 67
21 66
21 65
22 64
22 63
22 62
22 62
22 61
22 60
22 59
22 58
22 57
22 56
22 56
22 55
22 54
22 53
22 52
22 51
22 51
22 50
21 49
21 48
21 47
21 47
21 46
20 45
20 44
20 44
19 43
19 42
19 42
19 42
18 43
18 44
18 44
17 45
17 46
17 46
17 47
17 48
17 48
18 47
18 46
19 45
19 44
20 43
21 42
21 41
22 40
22 39
23 38
23 37
24 36
25 35
25 34
26 33
26 32
27 31
27 31
27 32
28 33
28 34
28 35
28 35
28 36
28 37
28 38
28 38
28 39
28 40
28 41
28 42
28 43
28 44
28 44
28 45
28 46
28 47
28 48
28 49
28 50
28 50
28 51
28 52
28 53
28 54
28 55
28 56
28 56
28 57
28 58
28 59
28 59
29 60
29 60
29 61
29 61
30 60
30 60
30 59
31 58
31 57
31 57
31 56
31 55
31 54
31 53
31 53
31 52
31 51
32 50
32 49
32 48
32 48
32 47
32 46
32 45
32 44
32 44
32 43
31 42
31 41
31 40
31 40
31 39
31 38
31 37
31 37
30 36
30 36
29 36
29 36
28 37
28 38
28 38
28 39
28 40
28 40
28 41
28 42
28 42
29 41
29 40
30 39
30 38
31 37
31 36
32 35
32 34
33 33
33 32
34 31
34 30
35 29
35 28
35 28
36 29
36 30
36 30
36 31
36 32
36 32
36 33
36 34
36 35
36 36
36 36
36 37
36 38
36 39
36 40
36 41
36 42
36 42
36 43
36 44
36 45
36 46
36 47
36 48
36 48
36 49
36 50
36 51
36 51
36 52
36 53
36 54
36 54
37 55
37 55
37 54
37 54
37 53
37 53
37 52
37 51
38 50
38 49
38 48
38 48
38 47
38 46
38 45
39 44
39 43
39 42
39 41
39 41
39 40
39 39
39 38
39 37
39 36
39 35
39 35
39 34
40 33
40 32
40 31
40 31
40 30
40 30
41 31
41 31
41 32
41 33
41 33
41 34
41 35
41 36
41 37
41 37
41 38
41 39
41 40
41 41
41 41
41 42
41 43
41 44
41 45
41 45
41 46
42 47
42 48
42 48
42 49
42 50
42 50
42 51
42 52
42 53
42 53
43 54
43 55
43 55
43 54
43 53
44 52
44 51
44 50
44 49
45 48
45 47
45 46
45 45
45 44
46 43
46 42
46 41
46 40
46 39
47 38
47 37
47 36
47 35
48 34
48 33
48 32
48 31
48 30
49 29
49 28
49 27
49 26
49 25
50 24
50 23
50 22
50 21
51 20
51 19
51 18
51 18
51 17
51 16
51 15
51 14
51 13
51 12
51 12
51 11
51 10
51 10
51 9
51 8
51 8
51 7
51 7
51 7
51 8
51 9
51 9
50 10
50 11
50 11
50 12
50 13
50 14
50 15
50 16
50 17
50 18
50 18
50 19
50 20
50 21
50 22
50 23
50 24
50 25
50 26
50 26
50 27
50 28
50 29
50 30
50 31
50 32
50 33
50 34
50 34
50 35
50 36
50 37
50 38
50 39
50 40
50 41
50 42
50 43
50 43
50 44
50 45
50 46
50 47
50 48
50 49
50 50
50 50
50 51
50 52
50 53
50 54
50 55
50 55
50 56
50 57
50 58
50 59
50 59
50 60
51 61
51 62
51 62
51 63
51 64
51 64
52 65
52 66
52 66
52 65
52 64
52 63
53 62
53 61
53 60
53 59
53 58
53 57
54 56
54 55
54 54
54 53
54 52
54 51
54 50
55 49
55 48
55 47
55 46
55 45
55 44
55 43
56 42
56 41
56 40
56 39
56 38
56 37
57 36
57 35
57 34
57 33
57 33
58 34
59 34
60 35
60 35
60 36
60 37
60 37
60 38
60 39
60 39
60 40
60 41
61 42
61 43
61 44
61 45
61 45
61 46
61 47
61 48
61 49
61 50
61 51
61 51
61 52
61 53
61 54
61 55
61 56
61 57
61 57
61 58
61 59
61 60
61 61
61 61
61 62
61 63
61 63
62 64
62 65
62 65
62 66
62 66
62 65
62 65
62 64
62 63
62 62
62 61
62 60
62 59
61 58
61 57
61 56
61 55
61 54
61 53
61 52
61 51
61 50
61 49
61 48
61 47
61 46
61 45
60 44
60 43
60 42
60 41
60 40
60 39
60 38
60 37
60 36
60 35
60 34
60 33
60 32
60 31
59 30
59 29
59 28
59 27
59 26
59 25
59 24
59 24
59 23
59 22
60 21
60 20
60 19
60 19
60 18
60 17
60 17
60 16
60 16
60 17
60 17
61 18
61 18
61 19
61 19
61 20
61 21
61 21
61 22
62 23
62 24
62 24
63 25
63 26
63 26
64 26
65 27
66 27
67 28
68 28
69 29
70 29
71 30
72 30
72 30
73 31
73 31
73 30
73 30
72 30
72 30
72 31
72 31
71 32
71 32
70 33
70 34
70 34
70 35
69 36
69 37
69 38
69 38
69 39
69 40
69 41
69 42
69 42
69 43
68 44
68 45
68 46
68 46
68 47
68 48
68 49
68 50
68 50
69 51
69 52
69 52
69 53
69 53
70 54
70 54
70 53
70 52
70 52
71 51
71 50
71 50
71 49
72 48
72 47
72 47
72 46
73 45
73 44
73 43
73 43
73 42
73 41
73 40
73 39
73 39
73 38
74 37
74 36
74 36
74 35
74 35
74 35
74 36
74 36
74 37
74 38
74 39
74 39
74 40
74 41
74 42
74 43
74 43
74 44
74 45
75 46
75 47
75 48
75 49
75 49
75 50
75 51
75 52
75 53
75 54
75 54
75 55
75 56
75 57
75 58
75 59
75 60
75 61
75 61
75 62
75 63
75 64
75 65
75 66
75 67
75 68
75 68
75 69
75 70
75 71
75 72
75 73
75 74
75 74
75 75
75 76
75 77
75 78
75 79
75 79
75 80
75 81
74 82
74 83
74 84
74 85
74 85
74 86
74 87
74 88
74 89
74 89
74 90
73 91
73 92
73 93
73 93
73 94
72 95
72 96
72 96
72 97
71 98
71 99
71 99
70 99
70 99
69 99
68 99
68 99
67 98
67 97
67 97
67 96
66 95
66 94
66 94
66 93
66 92
66 91
66 91
66 90
65 89
65 88
65 88
65 87
65 86
65 85
66 84
66 83
66 82
66 81
66 80
66 79
67 78
67 77
67 76
67 75
67 74
67 73
68 72
68 71
68 70
68 69
68 68
68 67
69 66
69 65
69 64
69 63
69 62
69 61
69 60
70 59
70 58
70 57
70 56
70 55
70 54
71 53
71 52
71 51
71 50
71 49
71 48
72 47
72 46
72 45
72 44
72 43
72 42
73 41
73 40
73 39
73 38
73 37
73 36
74 35
74 34
74 33
74 32
74 31
74 30
74 29
75 28
75 27
75 26
75 25
75 24
75 23
76 22
76 21
76 20
76 19
76 18
76 17
77 16
77 15
77 14
77 13
77 12
77 11
78 10
78 9
78 8
78 7
78 7
79 6
79 6
78 5
78 5
78 4
78 4
78 4
79 5
79 5
79 6
79 7
79 7
79 8
79 9
79 10
79 11
79 12
79 12
79 13
79 14
79 15
80 16
80 17
80 18
80 19
80 20
80 20
80 21
80 22
80 23
80 24
80 25
80 26
80 27
80 28
80 29
80 29
80 30
80 31
80 32
80 33
80 34
80 35
80 36
80 37
80 37
80 38
80 39
80 40
80 41
80 42
80 43
80 43
80 44
80 45
80 46
80 47
80 48
80 49
80 49
80 50
80 51
80 52
80 52
80 53
80 54
80 55
80 55
80 56
80 56
80 57
80 57
80 56
80 55
80 55
80 54
80 53
80 53
80 52
80 51
81 50
81 49
81 48
81 47
81 47
81 46
81 45
81 44
82 43
82 42
82 41
82 40
82 39
82 39
82 38
82 37
82 36
83 35
83 34
83 33
83 32
83 31
83 31
83 30
83 29
83 28
83 27
83 27
84 26
84 26
84 27
84 28
84 28
84 29
85 30
85 31
85 31
85 32
85 33
85 34
85 35
85 35
85 36
85 37
85 38
85 39
85 40
85 40
85 41
85 42
85 43
85 44
85 45
85 45
85 46
85 47
85 48
85 49
85 50
85 50
85 51
85 52
85 53
85 54
85 54
85 55
85 56
85 57
85 57
85 58
85 59
85 59
86 60
86 60
86 59
86 58
86 57
86 56
86 55
86 54
87 53
87 52
87 51
87 50
87 49
87 48
87 47
87 46
87 45
87 44
87 43
87 42
87 41
87 40
88 39
88 38
88 37
88 36
88 35
88 34
88 33
88 32
88 32
88 33
89 34
89 35
89 35
88 34
88 34
89 34
89 34
90 33
91 32
91 32
91 31
92 30
92 29
92 29
93 28
94 27
94 27
95 26
95 25
95 25
96 24
97 23
97 23
98 22
98 22
98 22
98 22
98 22
98 22
98 21
97 20
97 19
97 18
96 17
96 16
96 15
95 14
95 13
95 12
94 11
94 10
94 9
93 8
93 7
93 7
93 6
93 5
93 5
93 4
93 4
93 4
93 5
93 5
93 6
93 7
93 7
93 8
93 9
93 10
93 11
93 12
93 12
93 13
93 14
93 15
93 16
93 17
93 18
93 19
93 19
93 20
93 21
93 22
93 23
93 24
93 25
93 26
93 26
93 27
93 28
93 29
93 30
93 31
93 32
93 33
93 33
93 34
93 35
93 36
93 37
93 38
93 38
93 39
93 40
94 41
94 42
94 43
94 43
94 44
94 45
94 46
94 47
94 47
95 48
95 49
95 49
95 50
95 51
95 51
96 52
96 52
97 52
97 52
97 52
98 51
98 51
98 50
98 49
98 49
99 48
