0 10
1 11
1 11
0 11
0 11
0 12
0 13
0 14
0 15
0 15
0 16
0 17
0 18
0 19
0 20
0 20
0 21
0 22
0 23
0 24
0 25
0 26
0 27
0 27
0 28
0 29
0 30
0 31
0 32
0 33
0 34
0 35
0 36
0 36
0 37
0 38
0 39
0 40
0 41
0 42
0 43
0 44
0 45
0 45
0 46
0 47
0 48
0 49
0 50
0 51
0 52
0 53
0 54
0 54
0 55
0 56
0 57
0 58
0 59
0 60
0 61
0 61
0 62
0 63
0 64
0 65
0 66
0 67
0 67
0 68
0 69
0 70
0 71
0 71
0 72
0 73
0 74
0 74
0 75
0 75
0 75
0 74
0 74
0 73
0 72
0 71
0 70
0 69
0 68
0 67
0 66
0 65
0 64
0 63
0 62
0 61
0 60
0 59
0 58
0 57
0 56
0 55
0 54
0 53
0 52
0 51
0 50
0 49
0 48
1 47
1 46
1 45
1 44
1 43
1 42
1 41
1 40
1 39
1 38
1 37
1 36
1 35
1 34
1 33
1 32
1 31
1 30
1 29
1 28
1 27
1 26
1 25
1 24
1 23
1 22
1 21
1 21
1 20
1 19
1 18
1 17
1 16
1 15
1 14
1 14
1 13
1 12
1 12
1 12
1 12
1 13
1 13
1 14
1 14
1 15
2 16
2 17
2 17
2 18
2 19
2 20
2 21
2 22
2 22
2 23
3 24
3 25
3 26
3 26
3 27
3 28
4 29
4 30
4 31
4 31
4 32
4 33
4 34
4 35
4 36
4 36
4 37
4 38
5 39
5 40
5 41
5 41
5 42
6 43
6 44
6 45
6 45
6 46
7 47
7 48
7 48
7 49
8 50
8 51
8 51
9 52
9 52
9 52
10 52
10 52
11 51
11 50
11 50
11 49
11 48
11 47
11 47
11 46
12 45
12 44
12 43
12 43
12 42
12 41
12 40
12 39
12 38
12 38
12 37
12 36
12 35
13 34
13 33
13 32
13 31
13 31
13 30
13 29
13 28
14 27
14 26
14 25
14 24
14 24
14 23
14 22
15 21
15 20
15 19
15 19
15 18
15 17
15 16
15 15
15 14
15 13
15 13
15 12
16 11
16 10
16 9
16 9
16 8
16 7
16 7
16 6
16 6
16 6
16 6
16 6
16 7
16 8
16 8
16 9
16 10
16 10
16 11
16 12
16 13
16 14
16 15
16 15
16 16
16 17
16 18
16 19
16 20
16 20
16 21
16 22
16 23
16 24
16 25
16 26
16 26
16 27
16 28
16 29
16 30
16 31
16 32
16 32
16 33
16 34
16 35
16 36
16 37
16 38
16 39
16 39
16 40
16 41
16 42
16 43
16 44
16 45
16 45
16 46
16 47
16 48
16 49
16 50
16 51
16 51
16 52
17 53
17 54
17 55
17 55
17 56
17 57
17 58
17 59
17 59
17 60
17 61
17 61
17 62
17 62
18 62
18 62
18 61
19 60
19 59
19 58
19 57
20 56
20 55
20 54
21 53
21 52
21 51
21 50
22 49
22 48
22 47
22 46
23 45
23 44
23 43
24 42
24 41
24 40
24 39
25 38
25 37
25 37
25 38
25 38
24 38
24 38
24 39
24 39
24 40
24 41
24 41
23 42
23 43
23 43
23 44
23 45
23 46
23 47
23 47
23 48
23 49
23 50
23 50
23 51
23 52
23 53
23 54
23 54
23 55
23 56
23 57
23 58
23 58
24 59
24 60
24 60
24 61
24 61
25 62
25 62
25 61
25 61
26 60
26 59
26 59
26 58
26 57
26 57
26 56
27 55
27 54
27 54
27 53
27 52
27 51
27 51
27 50
27 49
27 48
27 48
27 47
27 46
27 45
27 45
27 44
27 43
27 42
27 42
27 41
27 40
27 40
26 39
26 39
26 38
26 38
25 38
25 38
24 39
24 39
23 40
23 40
23 41
23 41
23 41
23 42
23 42
23 42
23 43
23 43
24 44
24 44
25 43
26 43
27 42
28 42
29 41
30 41
31 40
32 40
32 40
33 39
33 39
33 38
33 38
33 38
33 38
33 38
33 38
33 38
32 39
32 39
32 40
32 40
32 41
32 41
32 42
32 43
32 43
32 44
32 45
32 46
32 46
32 47
32 48
32 48
32 49
32 50
32 50
32 51
32 52
32 53
32 53
32 54
32 55
32 55
33 56
33 56
33 57
33 57
34 57
34 57
34 56
34 55
34 55
35 54
35 53
35 53
36 52
36 51
36 51
36 50
36 49
36 49
36 48
36 47
36 47
36 46
36 45
36 44
36 44
36 43
36 42
36 42
36 41
36 40
36 40
35 39
35 39
35 38
35 38
34 38
34 38
33 39
33 39
32 40
32 40
32 41
32 41
32 41
32 41
33 40
34 40
35 39
36 38
37 38
38 37
39 36
40 36
41 35
41 35
40 35
40 35
40 35
40 35
39 35
39 35
39 35
39 35
39 36
39 36
39 37
39 38
39 38
39 39
39 40
39 41
39 41
39 42
39 43
39 44
39 44
39 45
39 46
39 47
39 47
39 48
39 49
39 50
39 50
39 51
39 52
39 53
39 53
39 54
39 55
39 55
39 56
39 57
39 57
39 57
39 57
39 57
39 56
39 56
39 55
40 54
40 53
40 53
40 52
40 51
40 50
40 50
40 49
41 48
41 47
41 47
41 46
41 45
41 44
41 43
41 43
41 42
41 41
41 41
42 40
42 39
42 39
42 38
42 38
43 37
43 37
43 37
43 38
43 38
44 39
44 40
44 40
44 41
44 42
44 43
44 43
44 44
44 45
44 46
44 46
44 47
44 48
44 49
44 49
44 50
44 51
44 52
44 52
44 53
44 54
44 55
44 56
44 56
44 57
44 58
44 58
44 59
44 59
44 59
44 59
44 58
44 57
44 56
45 55
45 54
45 53
45 52
45 51
45 50
46 49
46 48
46 47
46 46
46 45
46 44
47 43
47 42
47 41
47 40
47 39
47 38
48 37
48 36
48 35
48 34
48 33
48 32
49 31
49 30
49 29
49 28
49 27
49 26
50 25
50 24
50 23
50 22
50 21
50 20
51 19
51 18
51 17
51 16
51 15
51 14
52 13
52 12
52 11
52 10
52 9
52 8
53 7
53 6
53 5
53 4
53 4
53 3
53 2
53 2
53 1
53 1
53 1
53 1
53 2
53 2
53 3
53 4
53 4
53 5
53 6
53 7
53 8
53 8
53 9
53 10
53 11
53 12
53 12
53 13
53 14
53 15
53 16
53 17
53 17
53 18
53 19
53 20
53 21
53 22
53 22
53 23
53 24
53 25
53 26
53 27
53 28
53 29
53 29
53 30
53 31
53 32
53 33
53 34
53 35
53 36
53 37
53 37
53 38
53 39
53 40
53 41
53 42
53 43
53 43
53 44
53 45
53 46
53 47
53 48
53 48
53 49
53 50
53 51
53 52
53 53
53 53
53 54
53 55
53 56
53 56
53 57
53 58
53 58
53 59
53 59
53 59
53 58
53 58
53 57
54 56
54 55
54 54
54 53
55 52
55 51
55 50
55 49
56 48
56 47
56 46
57 45
57 44
57 43
57 42
58 41
58 40
58 39
59 38
59 37
59 36
59 35
60 34
60 33
60 32
60 31
61 30
61 29
61 29
61 30
61 30
61 31
61 31
61 31
61 31
61 32
61 32
61 33
61 33
61 34
61 35
61 35
61 36
61 37
61 37
61 38
61 39
61 40
61 40
61 41
61 42
61 43
61 43
61 44
61 45
61 45
61 46
61 47
61 48
61 48
61 49
61 50
61 50
61 51
61 52
61 52
61 53
61 53
61 53
61 54
61 54
61 54
61 53
61 53
61 52
61 51
61 50
61 49
61 48
61 47
61 46
61 45
61 44
61 43
61 42
61 41
61 40
61 39
61 38
61 37
61 36
61 35
61 34
61 33
61 32
61 31
61 30
61 29
61 28
61 27
61 26
61 25
61 24
61 23
61 22
61 21
61 20
61 19
61 18
61 18
61 17
61 17
61 16
61 15
61 14
61 14
61 13
61 13
61 14
61 14
61 14
61 14
62 15
62 15
62 16
62 16
62 17
62 17
62 18
63 19
63 20
64 21
64 22
65 23
65 24
65 25
66 26
66 27
67 28
67 29
68 30
68 31
68 32
69 33
69 34
70 35
70 36
71 37
71 38
71 38
71 38
71 38
71 38
71 37
71 37
71 36
71 35
71 35
71 34
71 33
71 33
70 32
70 31
70 31
70 30
70 29
70 29
70 28
70 27
70 27
69 26
69 26
69 26
69 27
69 27
69 28
69 29
69 29
69 30
69 31
69 32
69 32
69 33
69 34
68 35
68 36
68 37
68 37
68 38
68 39
68 40
68 41
68 41
68 42
68 43
68 44
68 45
68 45
68 46
68 47
68 48
68 49
68 49
68 50
68 51
68 52
68 52
68 53
68 54
68 54
69 55
69 55
69 56
69 56
69 56
69 56
70 55
70 54
70 54
70 53
70 52
70 52
70 51
70 50
70 49
70 49
70 48
70 47
70 47
70 46
70 45
70 45
70 44
70 44
70 44
70 44
71 45
71 45
71 46
71 47
71 47
71 48
71 49
71 50
71 50
71 51
71 52
71 53
71 53
71 54
71 55
71 56
71 56
71 57
71 58
72 59
72 60
72 61
72 61
72 62
72 63
72 64
72 65
72 66
72 66
72 67
72 68
72 69
72 70
72 71
72 71
72 72
72 73
72 74
72 75
72 76
72 76
72 77
71 78
71 79
71 80
71 80
71 81
71 82
71 83
71 84
71 84
71 85
70 86
70 87
70 88
70 88
70 89
70 90
70 90
70 91
69 92
69 93
69 93
68 94
68 95
68 95
67 96
66 97
66 97
65 98
65 99
65 99
64 99
63 99
63 99
62 99
62 99
61 98
61 98
60 97
60 97
60 96
59 95
59 94
59 94
59 93
58 92
58 91
58 90
58 90
58 89
59 88
59 87
59 86
59 85
60 84
60 83
60 82
60 81
61 80
61 79
61 78
61 77
62 76
62 75
62 74
62 73
63 72
63 71
63 70
63 69
64 68
64 67
64 66
64 65
65 64
65 63
65 62
65 61
66 60
66 59
66 58
66 57
67 56
67 55
67 54
67 53
68 52
68 51
68 50
68 49
69 48
69 47
69 46
69 45
70 44
70 43
70 42
70 41
71 40
71 39
71 38
71 37
72 36
72 35
72 34
72 33
73 32
73 31
73 30
73 29
74 28
74 27
74 26
74 25
75 24
75 23
75 22
75 21
76 20
76 19
76 18
76 17
77 16
77 15
77 14
77 13
78 12
78 11
78 10
78 9
79 8
79 7
79 6
79 5
80 4
80 3
80 2
80 2
80 2
80 1
80 1
80 0
80 0
80 0
80 1
80 1
80 1
80 2
80 3
80 3
80 4
80 5
80 5
80 6
80 7
80 8
80 9
80 9
80 10
80 11
79 12
79 13
79 14
79 15
79 15
79 16
79 17
79 18
79 19
79 20
79 21
79 22
79 22
79 23
79 24
79 25
79 26
79 27
79 28
79 29
79 29
79 30
79 31
79 32
79 33
79 34
79 35
79 36
79 36
79 37
79 38
79 39
78 40
78 41
78 42
78 43
78 43
78 44
78 45
78 46
78 47
78 48
78 49
78 49
78 50
78 51
78 52
78 53
78 54
78 54
78 55
77 56
77 57
77 58
77 58
77 59
77 60
77 61
77 61
77 62
77 63
77 63
77 63
78 63
78 63
78 62
78 62
78 61
78 60
78 60
78 59
78 58
78 57
78 57
78 56
79 55
79 54
79 53
79 53
79 52
79 51
79 50
79 49
79 48
79 48
79 47
80 46
80 45
80 44
80 44
80 43
80 42
80 41
80 41
80 40
81 39
81 38
81 38
82 37
82 36
82 36
82 35
82 35
83 35
83 35
83 36
83 36
83 37
84 38
84 39
84 39
84 40
84 41
84 42
84 42
84 43
84 44
84 45
84 45
84 46
85 47
85 48
85 48
85 49
85 50
85 51
85 51
85 52
85 53
85 54
85 55
85 55
85 56
85 57
85 57
85 58
85 59
85 59
85 60
85 60
86 60
86 60
86 59
86 58
86 57
86 56
87 55
87 54
87 53
87 52
87 51
87 50
87 49
87 48
88 47
88 46
88 45
88 44
88 43
88 42
88 41
88 40
89 39
89 38
89 37
89 36
89 35
89 35
89 35
89 35
89 35
90 34
90 34
90 33
90 33
91 32
91 32
92 31
92 31
93 30
93 30
94 29
94 29
95 28
95 28
96 27
96 27
96 26
96 26
97 26
97 26
98 25
98 25
98 24
98 24
98 24
98 24
98 24
98 24
98 23
97 22
97 21
96 20
96 19
95 18
95 17
95 17
95 16
95 16
95 16
94 16
94 16
94 17
94 17
94 18
94 19
94 19
94 20
94 21
94 22
94 22
94 23
94 24
94 25
94 26
94 26
94 27
93 28
93 29
93 30
93 30
93 31
93 32
93 33
93 34
93 35
93 35
93 36
93 37
93 38
93 39
93 40
93 40
93 41
93 42
93 43
93 44
93 45
93 45
93 46
93 47
93 48
93 49
93 49
93 50
93 51
93 52
93 53
93 53
93 54
94 55
94 56
94 56
94 57
94 58
94 58
95 58
95 58
95 59
95 59
96 58
96 58
97 57
97 57
97 56
97 55
97 55
98 54
98 53
98 53
99 52
99 51
