0 18
0 19
0 19
0 20
0 21
0 21
0 22
0 23
0 24
0 25
0 25
0 26
0 27
0 28
0 29
0 30
0 31
0 32
0 32
0 33
0 34
0 35
0 36
0 37
0 38
0 39
0 39
0 40
0 41
0 42
0 43
0 44
0 45
0 46
0 46
0 47
0 48
0 49
0 50
0 51
0 52
0 53
0 54
0 54
0 55
0 56
0 57
0 58
0 59
0 60
0 61
0 62
0 62
0 63
0 64
0 65
0 66
0 67
0 68
0 68
0 69
0 70
0 71
0 72
0 73
0 74
0 74
0 75
0 76
0 77
0 78
0 79
0 79
0 80
0 81
0 82
0 83
0 83
0 84
0 85
0 85
0 86
0 86
0 85
0 84
0 83
0 82
0 81
0 80
0 79
0 78
0 77
0 76
0 75
0 74
0 73
0 72
0 71
0 70
0 69
0 68
0 67
0 66
0 65
0 64
0 63
0 62
0 61
0 60
0 59
0 58
0 57
0 56
0 55
0 54
0 53
0 52
0 51
0 50
0 49
0 48
0 47
0 47
0 46
0 45
0 44
0 43
0 42
0 41
0 40
0 39
0 38
0 37
0 37
0 36
0 35
0 34
0 34
0 33
0 33
0 33
0 33
0 33
0 34
1 35
1 36
1 36
1 37
1 38
1 39
1 39
1 40
1 41
2 42
2 43
2 44
2 44
2 45
2 46
3 47
3 48
3 49
3 50
3 50
3 51
3 52
3 53
3 54
3 55
3 56
3 56
3 57
3 58
4 59
4 60
4 61
4 61
4 62
5 63
5 64
5 65
5 65
5 66
5 67
5 68
5 68
6 69
6 69
7 69
7 69
8 68
8 67
8 67
8 66
9 65
9 64
9 63
9 63
9 62
9 61
9 60
10 59
10 58
10 57
10 56
10 56
10 55
10 54
10 53
11 52
11 51
11 50
11 49
11 48
11 48
11 47
11 46
11 45
12 44
12 43
12 42
12 41
12 40
12 40
12 39
12 38
12 37
13 36
13 35
13 34
13 33
13 33
13 32
13 31
13 30
13 29
13 28
13 28
14 27
14 26
14 26
14 25
14 25
14 25
14 26
14 26
14 27
14 28
14 29
14 29
14 30
14 31
14 32
14 33
14 34
14 34
14 35
14 36
14 37
14 38
14 39
14 39
14 40
14 41
14 42
14 43
14 44
14 45
14 45
14 46
14 47
14 48
14 49
14 50
14 51
14 52
14 53
14 53
14 54
14 55
14 56
14 57
14 58
14 59
14 60
14 61
14 61
14 62
14 63
14 64
14 65
14 66
14 67
14 68
14 68
14 69
14 70
14 71
15 72
15 73
15 74
15 75
15 75
15 76
15 77
15 78
15 79
15 80
15 81
15 82
15 82
15 83
15 84
15 85
15 86
15 86
15 87
15 88
15 89
15 89
15 90
15 90
15 90
15 89
16 88
16 87
17 86
17 85
17 84
18 83
18 82
19 81
19 80
19 79
20 78
20 77
21 76
21 75
21 74
22 73
22 72
22 71
23 70
23 69
24 68
24 67
24 66
25 65
25 64
26 63
26 62
26 62
26 61
26 60
26 60
26 59
26 59
26 58
26 58
25 58
25 58
25 58
25 59
25 60
25 60
24 61
24 62
24 62
24 63
24 64
24 65
24 65
24 66
24 67
24 68
24 69
24 70
24 70
24 71
24 72
24 73
24 74
24 75
24 75
24 76
24 77
24 78
24 79
24 80
24 80
24 81
24 82
24 83
24 84
24 84
24 85
24 86
24 87
24 88
24 88
24 89
24 90
24 90
25 91
25 91
26 91
26 91
26 90
26 89
26 89
26 88
27 87
27 86
27 86
27 85
27 84
27 83
27 83
27 82
27 81
28 80
28 79
28 78
28 78
28 77
28 76
28 75
28 74
28 73
28 73
28 72
28 71
28 70
28 69
28 68
28 68
28 67
28 66
28 65
28 64
28 63
28 63
28 62
28 61
27 60
27 59
27 58
27 58
27 57
27 56
27 55
27 54
27 54
27 53
27 52
27 51
27 51
26 50
26 50
26 49
26 49
26 49
26 49
27 50
28 50
29 51
30 52
31 52
32 53
33 53
34 54
35 55
36 55
37 56
37 56
37 55
37 55
37 54
37 54
37 55
37 55
37 56
37 56
36 57
36 58
36 58
36 59
36 60
36 61
36 61
36 62
35 63
35 64
35 65
35 65
35 66
35 67
35 68
35 69
35 69
35 70
35 71
35 72
35 73
35 73
35 74
35 75
35 76
35 76
35 77
35 78
35 79
35 80
35 80
36 81
36 82
36 82
36 83
36 83
37 84
37 84
37 83
37 83
37 82
38 81
38 80
38 80
38 79
39 78
39 77
39 76
39 76
39 75
39 74
39 73
39 72
39 72
39 71
39 70
39 69
39 68
39 68
39 67
39 66
39 65
39 64
39 64
39 63
39 62
39 61
39 60
39 59
39 59
39 58
38 57
38 56
38 55
38 55
38 54
38 53
38 52
38 52
37 51
37 51
37 51
37 51
37 52
37 52
38 51
38 50
39 49
39 48
40 47
40 46
41 45
42 44
42 43
43 42
43 41
44 40
44 39
45 38
45 38
45 37
45 36
45 36
45 35
45 35
45 35
45 36
45 36
45 37
45 38
45 38
45 39
45 40
45 41
45 42
45 42
45 43
45 44
45 45
45 46
45 46
45 47
45 48
45 49
45 50
45 51
45 51
45 52
45 53
45 54
45 55
45 56
45 57
45 57
45 58
45 59
44 60
44 61
44 62
44 62
44 63
44 64
44 65
44 66
44 66
44 67
44 68
44 69
44 70
44 70
44 71
44 72
44 72
44 73
44 73
44 73
44 73
44 72
45 71
45 70
45 70
45 69
45 68
46 67
46 66
46 65
46 65
46 64
46 63
46 62
46 61
46 60
46 59
46 59
46 58
46 57
47 56
47 55
47 54
47 54
47 53
47 52
48 51
48 50
48 49
48 49
48 48
48 47
48 47
49 46
49 46
49 46
49 47
49 47
49 48
49 49
49 50
49 50
49 51
50 52
50 53
50 53
50 54
50 55
50 56
50 57
50 57
50 58
50 59
50 60
50 61
50 61
50 62
50 63
50 64
50 64
50 65
51 66
51 67
51 67
51 68
51 69
51 70
51 70
51 71
51 71
51 70
51 69
51 68
52 67
52 66
52 65
52 64
52 63
52 62
53 61
53 60
53 59
53 58
53 57
53 56
53 55
54 54
54 53
54 52
54 51
54 50
54 49
55 48
55 47
55 46
55 45
55 44
55 43
55 42
56 41
56 40
56 39
56 38
56 37
56 36
57 35
57 34
57 33
57 32
57 31
57 30
58 29
58 28
58 27
58 26
58 25
58 24
58 23
59 22
59 21
59 20
59 19
59 18
59 17
60 16
60 15
60 14
60 13
60 12
60 11
60 10
61 9
61 8
61 7
61 6
61 5
61 4
62 3
62 2
62 1
62 0
62 0
62 0
62 0
61 1
61 2
61 2
61 3
61 4
61 5
61 5
61 6
61 7
61 8
61 9
61 9
61 10
61 11
60 12
60 13
60 14
60 15
60 15
60 16
60 17
60 18
60 19
60 20
60 21
60 22
60 22
60 23
60 24
60 25
59 26
59 27
59 28
59 29
59 30
59 30
59 31
59 32
59 33
59 34
59 35
59 36
59 37
59 37
59 38
59 39
59 40
59 41
59 42
59 43
59 44
59 44
59 45
59 46
59 47
59 48
59 49
59 50
59 50
59 51
59 52
59 53
59 54
59 55
59 55
59 56
59 57
59 58
59 59
59 59
60 60
60 61
60 61
60 62
60 62
61 62
61 62
62 61
62 61
62 60
63 59
63 58
63 58
63 57
63 56
63 55
64 54
64 53
64 52
64 51
64 50
64 49
65 48
65 47
65 46
65 45
65 44
65 43
65 42
66 41
66 40
66 39
66 38
66 38
66 37
66 37
66 36
66 36
66 36
66 37
66 37
66 38
66 38
67 39
67 40
67 40
67 41
67 42
67 43
67 43
67 44
67 45
67 46
67 46
67 47
67 48
67 49
67 50
67 50
67 51
67 52
67 53
67 54
67 54
67 55
67 56
66 57
66 58
66 59
66 59
66 60
66 61
66 62
66 62
66 63
66 64
66 65
66 65
66 66
66 66
66 66
66 65
66 64
66 64
66 63
66 62
67 61
67 60
67 59
67 59
67 58
67 57
67 56
67 55
67 54
67 53
67 52
67 51
67 50
67 49
67 48
67 47
67 46
67 45
67 44
67 43
67 42
67 41
67 40
67 39
67 38
67 37
67 36
67 35
67 34
67 33
67 32
67 31
67 30
67 29
67 28
67 27
67 26
67 25
67 24
67 23
67 22
67 21
67 20
67 20
67 19
67 18
67 17
67 16
67 15
67 15
67 14
67 13
67 13
67 13
67 13
67 13
68 14
68 14
68 15
68 15
68 15
68 16
68 16
69 17
69 17
69 18
70 19
70 20
70 21
71 22
71 23
71 24
72 25
72 26
72 27
73 28
73 29
73 30
74 31
74 32
74 33
75 34
75 35
75 36
76 37
76 38
76 38
76 39
76 39
77 38
77 37
77 37
77 36
77 36
76 35
76 34
76 34
76 33
76 32
76 31
76 30
76 30
76 29
76 28
76 27
76 27
75 26
75 25
75 25
75 24
75 24
74 24
74 24
74 25
74 26
74 27
74 27
74 28
73 29
73 30
73 30
73 31
73 32
73 33
73 34
73 35
73 35
73 36
72 37
72 38
72 39
72 39
72 40
72 41
72 42
72 43
72 43
72 44
72 45
72 46
72 46
73 47
73 48
73 48
73 49
73 50
73 50
74 50
74 50
74 49
74 49
75 48
75 47
75 47
75 46
76 45
76 44
76 43
76 43
76 42
76 41
76 40
76 40
76 39
77 38
77 37
77 36
77 36
77 35
77 34
77 33
77 33
77 32
77 32
77 31
77 31
77 31
76 31
76 31
76 32
76 33
76 33
76 34
76 35
76 35
76 36
76 37
76 38
76 38
76 39
76 40
76 41
76 41
76 42
76 43
76 44
76 44
76 45
76 46
76 47
76 48
76 48
76 49
76 50
76 51
76 52
76 53
76 53
76 54
76 55
76 56
76 57
76 58
76 59
76 59
76 60
76 61
75 62
75 63
75 64
75 64
75 65
75 66
75 67
75 68
75 69
75 69
75 70
75 71
75 72
75 73
75 74
75 74
75 75
75 76
75 77
75 78
75 79
75 79
75 80
75 81
75 82
75 83
75 84
75 85
75 85
75 86
75 87
75 88
75 89
75 90
75 90
75 91
75 92
75 93
75 93
74 94
74 95
74 95
74 96
74 97
74 98
74 98
73 99
73 99
72 99
72 99
71 99
71 99
70 98
70 97
70 97
69 96
69 95
69 95
69 94
68 93
68 92
68 92
68 91
68 90
68 90
68 89
67 88
67 87
67 87
67 86
67 86
67 85
67 84
67 84
67 83
67 82
68 81
68 80
68 79
68 78
68 77
69 76
69 75
69 74
69 73
69 72
70 71
70 70
70 69
70 68
70 67
71 66
71 65
71 64
71 63
71 62
72 61
72 60
72 59
72 58
72 57
73 56
73 55
73 54
73 53
73 52
74 51
74 50
74 49
74 48
74 47
75 46
75 45
75 44
75 43
76 42
76 41
76 40
76 39
76 38
77 37
77 36
77 35
77 34
77 33
78 32
78 31
78 30
78 29
78 28
79 27
79 26
79 25
79 24
79 23
80 22
80 21
80 20
80 19
80 18
81 17
81 16
81 15
81 14
81 13
82 12
82 11
82 10
82 9
82 8
83 7
83 6
83 5
83 5
83 5
83 5
82 4
82 4
82 5
82 6
82 6
82 7
82 8
82 9
82 10
82 10
82 11
82 12
82 13
82 14
82 15
82 16
82 16
82 17
82 18
82 19
82 20
82 21
82 22
82 23
82 23
82 24
82 25
82 26
81 27
81 28
81 29
81 30
81 30
81 31
81 32
81 33
81 34
81 35
81 36
81 37
81 38
81 39
81 39
81 40
81 41
81 42
81 43
81 44
81 45
81 45
81 46
81 47
80 48
80 49
80 50
80 51
80 51
80 52
80 53
80 54
80 55
80 56
80 57
80 57
80 58
80 59
80 60
80 61
80 61
80 62
80 62
80 62
80 62
80 61
81 60
81 59
81 58
81 58
81 57
81 56
82 55
82 54
82 53
82 53
82 52
82 51
82 50
82 49
82 48
82 47
82 47
82 46
82 45
83 44
83 43
83 42
83 42
83 41
84 40
84 39
84 39
84 38
85 37
85 36
85 36
85 36
85 36
85 37
85 37
85 38
85 39
85 40
85 40
85 41
85 42
85 43
85 44
85 44
85 45
85 46
85 47
85 48
85 48
85 49
85 50
85 51
85 52
85 53
85 53
85 54
85 55
85 56
85 57
85 58
85 58
85 59
85 60
85 61
85 61
85 62
85 63
85 64
85 64
86 65
86 66
86 66
86 65
86 64
86 63
86 62
87 61
87 60
87 59
87 58
87 57
87 56
87 55
87 54
87 53
87 52
88 51
88 50
88 49
88 48
88 47
88 46
88 45
88 44
88 43
88 42
89 41
89 40
89 39
89 38
89 37
89 36
89 36
89 36
89 36
89 36
89 36
89 36
90 36
90 36
91 35
91 35
92 34
92 34
93 34
93 34
94 34
94 34
95 34
95 34
96 34
96 34
96 34
96 33
96 32
96 31
95 30
95 29
95 28
95 27
95 26
95 25
95 24
95 23
94 22
94 21
94 20
94 19
94 18
94 17
94 16
94 15
93 14
93 13
93 12
93 11
93 11
93 11
93 10
93 10
93 11
93 11
93 12
93 13
93 14
93 14
93 15
92 16
92 17
92 18
92 18
92 19
92 20
92 21
92 22
92 23
92 24
92 24
92 25
92 26
92 27
92 28
92 29
92 30
92 31
92 31
92 32
92 33
92 34
92 35
92 36
92 37
92 38
92 38
92 39
92 40
92 41
91 42
91 43
91 44
91 45
91 45
91 46
91 47
91 48
91 49
91 50
91 51
91 51
91 52
91 53
91 54
92 55
92 56
92 57
92 58
92 58
92 59
92 60
92 61
92 62
92 62
93 63
93 64
93 64
94 65
94 66
94 66
95 65
95 65
96 64
96 64
96 63
97 62
97 61
97 61
98 60
98 59
99 58
