1 21
1 20
1 19
1 18
1 17
1 16
1 16
1 15
1 14
1 13
1 12
1 12
1 11
2 10
2 9
2 9
2 9
2 10
2 11
2 11
2 12
2 13
2 14
2 15
2 16
2 16
2 17
2 18
2 19
2 20
2 21
2 22
2 23
2 24
2 25
2 25
2 26
2 27
2 28
2 29
2 30
2 31
2 32
2 33
2 34
2 35
2 36
2 36
2 37
2 38
2 39
2 40
2 41
2 42
2 43
2 44
2 45
2 46
2 47
2 47
2 48
2 49
2 50
2 51
2 52
2 53
2 54
2 55
2 55
2 56
2 57
2 58
2 59
2 60
2 61
2 61
2 62
2 63
2 64
2 65
2 65
2 66
2 67
2 68
2 68
2 69
3 70
3 71
3 71
3 72
3 73
3 73
3 72
3 71
3 70
3 69
3 68
3 67
3 66
3 65
2 64
2 63
2 62
2 61
2 60
2 59
2 58
2 57
2 56
2 55
2 54
2 53
2 52
2 51
2 50
2 49
2 48
1 47
1 46
1 45
1 44
1 43
1 42
1 41
1 40
1 39
1 38
1 37
1 36
1 35
1 34
1 33
1 32
1 31
0 30
0 29
0 28
0 27
0 26
0 25
0 24
0 23
0 22
0 22
0 21
0 20
0 20
0 19
0 19
0 18
0 18
1 19
1 19
2 20
2 21
2 21
2 22
3 23
3 24
3 24
3 25
3 26
4 27
4 28
4 29
4 29
4 30
4 31
5 32
5 33
5 34
5 34
5 35
5 36
5 37
5 38
5 38
5 39
6 40
6 41
6 42
6 42
6 43
6 44
6 45
6 45
7 46
7 47
7 47
7 48
7 48
7 48
7 48
7 47
8 46
8 45
8 44
8 44
8 43
8 42
9 41
9 40
9 39
9 38
9 38
9 37
9 36
9 35
9 34
9 33
9 32
9 31
9 31
9 30
9 29
9 28
10 27
10 26
10 25
10 24
10 23
10 23
10 22
10 21
10 20
10 19
10 18
10 17
10 17
10 16
10 15
11 14
11 13
11 12
11 12
11 11
11 11
11 12
11 12
12 13
12 13
12 14
12 15
12 16
12 17
12 17
12 18
12 19
12 20
12 21
12 22
12 22
12 23
12 24
12 25
12 26
12 27
12 28
12 29
12 29
12 30
12 31
12 32
12 33
12 34
12 35
12 35
12 36
12 37
12 38
12 39
12 40
12 41
12 42
12 42
12 43
12 44
12 45
12 46
12 47
12 48
12 48
12 49
12 50
13 51
13 52
13 53
13 53
13 54
13 55
13 56
13 57
13 58
13 58
13 59
13 60
13 61
13 62
13 62
13 63
13 64
13 65
13 66
13 66
13 67
13 68
13 68
13 69
13 70
13 71
13 71
14 72
14 72
14 71
14 70
14 69
14 68
15 67
15 66
15 65
15 64
15 63
15 62
15 61
15 60
15 59
16 58
16 57
16 56
16 55
16 54
16 53
16 52
16 51
16 50
17 49
17 48
17 47
17 46
17 45
17 44
17 43
17 42
17 41
18 40
18 39
18 38
18 37
18 36
18 36
19 37
20 37
20 37
20 38
20 39
20 39
20 40
20 40
20 41
20 42
20 43
20 44
20 45
20 46
20 47
20 47
20 48
20 49
19 50
19 51
19 52
19 52
19 53
19 54
19 55
19 56
19 57
19 57
19 58
19 59
19 60
19 60
19 61
19 62
19 62
20 63
20 63
21 63
21 63
21 62
22 61
22 60
22 59
22 59
22 58
23 57
23 56
23 55
23 55
23 54
23 53
23 52
23 51
23 51
23 50
23 49
23 48
23 48
23 47
23 46
23 45
23 44
23 44
23 43
23 42
22 41
22 40
22 39
22 39
21 38
20 37
20 37
19 37
19 37
19 38
19 38
18 39
18 40
18 40
18 41
18 42
18 43
18 43
18 44
18 45
18 46
18 47
18 47
19 46
20 45
21 44
22 43
23 42
23 41
24 40
25 39
26 38
27 37
27 37
27 38
27 39
27 40
27 41
27 42
27 43
27 43
27 44
27 45
27 46
27 46
27 47
27 48
27 49
27 50
27 51
27 51
27 52
26 53
26 54
26 55
26 55
26 56
26 57
26 58
26 58
26 59
27 60
27 61
27 61
27 62
27 62
28 62
28 62
28 61
29 60
29 59
29 59
30 58
30 57
31 56
31 56
31 55
31 54
31 53
31 52
31 52
31 51
31 50
31 49
31 49
31 48
31 47
31 46
31 45
31 45
31 44
30 43
30 42
30 42
30 41
29 40
29 39
29 38
29 38
28 37
28 37
27 37
27 37
27 38
27 39
27 39
26 40
26 41
26 41
26 42
26 43
26 44
26 44
27 43
27 42
28 41
29 40
30 39
30 38
31 37
32 36
33 35
33 34
34 33
34 33
35 33
35 33
35 32
35 32
35 33
35 33
36 34
36 35
36 35
36 36
36 37
36 38
36 38
36 39
36 40
36 41
36 42
36 42
36 43
36 44
36 45
36 46
36 47
36 47
36 48
36 49
36 50
36 51
36 51
36 52
36 53
36 54
36 54
36 55
36 55
36 55
36 55
36 54
37 53
37 52
37 52
37 51
37 50
38 49
38 48
38 47
38 47
38 46
38 45
39 44
39 43
39 42
39 41
39 41
39 40
39 39
39 38
39 37
39 37
40 36
40 35
40 35
40 35
40 35
41 36
41 37
41 37
41 38
41 39
41 40
41 40
41 41
41 42
41 43
41 43
41 44
41 45
41 46
41 47
41 48
41 48
41 49
41 50
41 51
41 51
41 52
42 53
42 54
42 54
42 55
42 56
42 57
42 57
42 56
42 55
43 54
43 53
43 52
43 51
43 50
44 49
44 48
44 47
44 46
44 45
44 44
45 43
45 42
45 41
45 40
45 39
46 38
46 37
46 36
46 35
46 34
47 33
47 32
47 31
47 30
47 29
47 28
48 27
48 26
48 25
48 24
48 23
49 22
49 21
49 20
49 19
49 18
50 17
50 16
50 15
50 14
50 13
50 12
51 11
51 10
51 9
51 9
52 10
52 11
52 11
52 10
52 9
51 8
51 7
51 6
51 6
51 5
51 5
51 6
51 6
51 7
51 8
51 9
51 9
51 10
51 11
51 12
51 13
51 14
51 14
51 15
51 16
51 17
51 18
51 19
51 20
51 21
51 22
51 22
51 23
51 24
51 25
51 26
50 27
50 28
50 29
50 30
50 31
50 31
50 32
50 33
50 34
50 35
50 36
50 37
50 38
50 39
50 39
50 40
50 41
50 42
50 43
50 44
50 45
50 46
50 46
50 47
50 48
50 49
50 50
50 51
50 52
50 52
50 53
50 54
50 55
50 55
50 56
50 57
50 58
50 58
50 59
50 60
50 61
50 61
50 62
50 63
50 63
51 64
51 65
51 65
51 66
51 66
51 65
52 64
52 63
52 62
52 61
53 60
53 59
53 58
54 57
54 56
54 55
55 54
55 53
55 52
55 51
56 50
56 49
56 48
57 47
57 46
57 45
57 44
58 43
58 42
58 41
59 40
59 39
59 38
60 37
60 36
60 35
60 34
61 33
61 32
61 32
61 33
61 34
62 35
62 36
62 37
62 38
62 38
62 38
62 39
62 40
62 41
62 42
61 43
61 44
61 45
61 46
61 47
61 47
61 48
61 49
61 50
61 51
61 51
61 52
61 52
61 53
61 54
61 55
61 55
61 56
61 57
61 57
61 58
61 59
61 59
61 60
61 61
61 61
61 62
61 62
61 62
61 62
61 61
61 60
61 59
61 58
61 57
61 56
61 55
61 54
61 53
61 52
61 51
61 50
61 49
61 48
61 47
61 46
61 45
60 44
60 43
60 42
60 41
60 40
60 39
60 38
60 37
60 36
60 35
60 34
60 33
60 32
60 31
60 30
60 29
60 28
60 27
60 27
61 26
61 25
61 25
61 24
61 23
61 22
61 21
61 20
61 20
62 19
62 18
62 18
62 18
62 18
62 18
62 18
62 19
62 19
63 20
63 21
63 21
63 22
63 23
63 23
64 24
64 25
65 26
65 27
66 28
66 29
67 30
68 31
68 32
69 33
69 34
70 35
70 36
71 37
71 38
72 39
72 39
73 38
74 38
74 38
74 37
74 36
74 36
74 35
74 34
74 34
73 34
73 34
73 33
73 33
72 33
71 33
71 33
70 34
70 34
69 35
69 36
69 36
69 37
68 38
68 39
68 39
68 40
67 41
67 42
67 42
67 43
67 44
67 45
67 46
67 46
67 47
67 48
67 48
68 49
68 49
68 50
68 50
69 49
69 49
70 48
70 48
70 47
71 46
71 45
71 45
72 44
72 43
72 43
72 42
73 41
73 40
73 40
73 39
73 39
73 38
73 38
74 39
74 39
74 40
74 41
74 42
74 42
74 43
74 44
74 44
74 45
74 46
74 46
74 47
74 48
75 49
75 50
75 51
75 51
75 52
75 53
75 54
75 55
75 56
75 57
75 57
75 58
75 59
75 60
75 61
75 62
75 63
75 64
75 64
75 65
75 66
75 67
75 68
75 69
75 70
75 71
75 71
75 72
75 73
75 74
75 75
75 76
75 77
75 77
75 78
75 79
75 80
75 81
75 82
75 83
75 83
75 84
75 85
75 86
75 87
75 88
75 88
74 89
74 90
73 91
73 92
73 92
73 93
72 94
72 95
72 96
72 96
71 97
70 98
70 98
69 99
69 99
68 99
67 99
67 99
66 99
66 99
65 98
65 97
65 97
64 96
64 96
64 95
64 94
64 94
64 93
64 92
64 92
64 91
64 90
65 89
65 88
65 87
65 86
65 85
66 84
66 83
66 82
66 81
66 80
67 79
67 78
67 77
67 76
67 75
67 74
68 73
68 72
68 71
68 70
68 69
69 68
69 67
69 66
69 65
69 64
70 63
70 62
70 61
70 60
70 59
71 58
71 57
71 56
71 55
71 54
72 53
72 52
72 51
72 50
72 49
73 48
73 47
73 46
73 45
73 44
73 43
74 42
74 41
74 40
74 39
74 38
75 37
75 36
75 35
75 34
75 33
76 32
76 31
76 30
76 29
76 28
77 27
77 26
77 25
77 24
77 23
78 22
78 21
78 20
78 19
78 18
78 17
79 16
79 15
79 14
79 13
79 12
80 11
80 10
80 9
80 8
80 7
81 6
81 5
81 4
81 4
81 5
82 6
82 7
82 7
82 6
82 5
82 4
82 3
82 2
82 1
82 1
82 0
82 0
82 1
82 2
82 3
82 3
82 4
82 5
82 6
82 6
82 7
82 8
82 9
82 10
82 11
82 12
82 12
82 13
82 14
82 15
82 16
82 17
82 18
82 19
82 19
82 20
82 21
82 22
82 23
81 24
81 25
81 26
81 27
81 28
81 28
81 29
81 30
81 31
81 32
81 33
81 34
81 35
81 35
81 36
81 37
81 38
81 39
81 40
81 41
81 41
81 42
81 43
81 44
81 45
81 46
81 47
81 47
81 48
81 49
81 50
81 50
81 51
81 52
81 52
81 53
81 53
81 53
81 53
81 52
81 52
81 51
81 50
81 49
81 48
81 48
81 47
81 46
82 45
82 44
82 43
82 43
82 42
82 41
82 40
82 39
82 38
82 37
82 37
82 36
82 35
83 34
83 33
83 32
83 32
84 31
84 30
85 29
85 29
85 28
85 28
86 29
86 29
86 30
86 31
86 31
86 32
86 33
86 33
86 34
86 35
86 36
86 37
86 37
86 38
86 39
86 40
86 41
86 41
86 42
86 43
86 44
86 45
86 46
86 46
86 47
86 48
86 49
86 49
86 50
86 51
86 51
86 52
86 53
86 53
87 54
87 55
87 55
87 56
87 56
87 56
87 55
87 54
87 53
88 52
88 51
88 50
88 49
88 48
88 47
88 46
89 45
89 44
89 43
89 42
89 41
89 40
89 39
90 38
90 37
90 36
90 35
90 35
90 36
90 37
90 37
90 36
90 36
90 35
90 35
90 34
90 34
91 33
92 32
92 32
93 31
93 31
94 30
94 29
94 29
95 28
96 28
96 28
97 27
97 26
97 26
98 26
98 26
98 25
98 25
99 25
99 25
99 26
99 26
98 26
98 26
98 27
98 27
98 26
98 25
97 24
97 23
97 22
97 21
97 20
96 19
96 18
96 17
96 16
95 15
95 14
95 13
95 12
95 11
94 10
94 9
94 8
94 8
94 7
95 6
95 5
95 5
95 4
95 4
95 5
95 6
95 6
95 7
94 8
94 9
94 9
94 10
94 11
94 12
94 13
94 13
94 14
94 15
93 16
93 17
93 18
93 19
93 19
93 20
93 21
93 22
93 23
93 24
93 25
93 26
93 26
93 27
93 28
93 29
92 30
92 31
92 32
92 33
92 33
92 34
92 35
92 36
92 37
92 38
92 38
92 39
92 40
93 41
93 42
93 43
93 43
93 44
93 45
93 46
93 47
93 47
93 48
94 49
94 50
94 50
94 51
95 52
95 53
95 53
95 53
96 53
96 53
97 53
97 53
98 53
98 53
