1 17
1 16
1 15
1 14
1 13
1 12
1 12
1 12
1 11
1 10
1 9
1 8
1 7
1 7
1 7
1 8
1 9
1 9
1 10
1 11
1 12
1 13
1 14
1 15
1 16
1 16
1 17
1 18
1 19
1 20
1 21
1 22
1 23
1 24
1 24
1 25
1 26
1 27
1 28
0 29
0 30
0 31
0 32
0 33
0 34
0 34
0 35
0 36
0 37
0 38
0 39
0 40
0 41
0 42
0 43
0 44
0 44
0 45
0 46
0 47
0 48
0 49
0 50
0 51
0 52
0 52
0 53
0 54
0 55
0 56
0 57
0 58
0 58
0 59
0 60
0 61
0 62
0 63
0 63
0 64
0 65
0 66
0 67
0 67
0 68
0 69
0 70
0 71
0 71
0 72
0 73
0 74
0 74
0 75
0 75
0 76
0 76
0 75
0 74
0 73
0 72
0 71
0 70
0 69
0 68
0 67
0 66
0 65
0 64
0 63
0 62
0 61
0 60
0 59
0 58
0 57
0 56
0 55
0 54
0 53
0 52
0 51
0 50
0 49
0 48
0 47
0 46
0 45
0 44
0 43
0 42
0 41
0 40
0 39
0 38
0 37
0 36
0 35
0 34
0 33
0 32
0 31
0 30
0 29
0 28
0 27
0 26
0 25
0 24
0 23
0 23
0 22
0 21
0 21
0 20
0 19
0 19
0 18
0 17
0 17
0 17
0 16
0 16
1 17
1 17
1 18
1 19
1 19
1 20
2 21
2 22
2 22
2 23
2 24
3 25
3 26
3 27
3 28
3 28
3 29
3 30
3 31
4 32
4 33
4 34
4 35
4 35
4 36
4 37
4 38
4 39
4 40
4 41
4 41
4 42
4 43
5 44
5 45
5 46
5 47
5 47
5 48
5 49
5 50
5 51
5 52
5 52
5 53
6 54
6 55
6 56
6 56
6 57
6 58
6 58
6 59
6 59
6 60
6 60
6 59
6 58
6 58
6 57
7 56
7 55
7 55
7 54
7 53
7 52
7 51
7 50
7 49
7 49
7 48
7 47
7 46
7 45
8 44
8 43
8 42
8 41
8 40
8 40
8 39
8 38
8 37
8 36
8 35
8 34
8 33
8 32
8 31
8 31
8 30
8 29
8 28
8 27
9 26
9 25
9 24
9 23
9 22
9 22
9 21
9 20
9 19
9 18
9 17
9 16
9 16
9 15
9 14
10 13
10 12
10 11
10 11
10 10
10 9
10 8
10 8
10 8
10 9
10 9
11 10
11 11
11 11
11 12
11 13
11 14
11 15
11 15
11 16
11 17
11 18
11 19
11 20
11 21
11 21
11 22
11 23
12 24
12 25
12 26
12 27
12 27
12 28
12 29
12 30
12 31
12 32
12 33
12 34
12 34
12 35
12 36
12 37
12 38
12 39
12 40
12 41
12 41
12 42
12 43
12 44
12 45
12 46
12 47
12 48
12 48
12 49
12 50
12 51
12 52
12 53
12 54
12 54
12 55
12 56
12 57
12 58
12 59
12 60
12 61
12 61
12 62
12 63
12 64
12 65
12 66
12 67
12 67
12 68
12 69
12 70
12 71
12 72
12 72
12 73
12 74
12 75
12 76
12 76
12 77
12 78
12 79
12 79
12 80
12 81
12 82
12 82
12 83
12 84
12 84
12 83
12 82
13 81
13 80
13 79
13 78
13 77
14 76
14 75
14 74
14 73
14 72
15 71
15 70
15 69
15 68
15 67
16 66
16 65
16 64
16 63
17 62
17 61
17 60
17 59
17 58
18 57
18 56
18 55
18 54
18 53
19 52
19 51
19 50
19 49
19 48
20 47
20 46
20 45
20 44
20 43
21 42
21 41
21 40
21 40
21 41
21 42
20 43
20 44
20 45
20 46
20 46
20 47
20 48
20 48
20 49
20 50
19 51
19 52
19 53
19 54
19 54
19 55
19 56
19 57
19 58
19 59
19 60
19 61
19 62
19 63
19 63
19 64
19 65
19 66
19 67
19 68
19 69
19 69
19 70
19 71
19 71
20 72
20 73
20 73
21 73
21 73
22 72
22 71
22 71
23 70
23 69
24 68
24 67
24 67
24 66
24 65
24 64
24 63
24 62
24 62
24 61
24 60
25 59
25 58
25 57
25 57
25 56
25 55
25 54
25 53
25 53
25 52
24 51
24 50
24 49
24 49
24 48
23 47
23 46
23 45
23 45
22 44
22 43
22 43
21 42
21 42
20 43
20 44
20 44
19 45
19 46
19 46
19 47
19 48
19 49
19 49
19 50
19 51
19 52
19 53
19 53
20 53
21 52
22 52
23 51
24 51
25 50
26 50
27 49
28 49
28 49
28 50
28 51
28 52
28 53
28 54
28 54
28 55
28 55
28 56
28 57
28 58
28 59
28 60
28 60
28 61
28 62
28 63
28 64
28 64
28 65
28 66
28 67
28 68
28 68
28 69
28 69
29 70
29 70
30 70
30 70
30 69
31 68
31 67
31 67
31 66
32 65
32 64
32 63
32 63
32 62
32 61
33 60
33 59
33 58
33 58
33 57
33 56
33 55
33 54
33 54
33 53
33 52
33 51
33 50
33 50
33 49
32 48
32 47
32 46
32 46
31 45
31 44
31 44
30 43
29 42
29 42
29 42
28 43
28 44
28 44
28 45
27 46
27 47
27 47
27 48
27 49
27 50
27 50
28 49
29 48
29 47
30 46
31 45
32 44
32 43
33 42
34 41
34 41
35 40
35 39
35 39
35 39
35 39
36 40
36 41
36 41
36 42
36 43
36 43
36 44
36 45
36 46
36 47
36 47
36 48
36 49
36 50
36 51
36 52
36 52
36 53
36 54
36 55
36 56
36 57
36 58
36 59
36 59
36 60
36 61
36 62
36 63
36 64
36 64
36 65
36 66
36 67
36 67
36 68
36 68
36 69
36 69
36 68
36 67
36 67
37 66
37 65
37 65
37 64
37 63
37 62
37 61
37 60
37 60
37 59
37 58
37 57
38 56
38 55
38 54
38 53
38 53
38 52
38 51
38 50
39 49
39 48
39 47
39 46
39 46
39 45
39 44
39 43
39 43
40 42
40 42
41 42
41 42
41 43
41 43
41 44
41 45
41 46
41 46
41 47
42 48
42 49
42 50
42 50
42 51
42 52
42 53
42 54
42 54
42 55
42 56
42 57
42 58
42 59
42 59
42 60
42 61
42 62
42 63
42 63
42 64
42 65
42 66
42 67
42 67
42 68
42 69
42 70
42 70
42 69
42 68
42 67
43 66
43 65
43 64
43 63
43 62
43 61
43 60
43 59
44 58
44 57
44 56
44 55
44 54
44 53
44 52
45 51
45 50
45 49
45 48
45 47
45 46
45 45
46 44
46 43
46 42
46 41
46 40
46 39
46 38
46 37
47 36
47 35
47 34
47 33
47 32
47 31
47 30
48 29
48 28
48 27
48 26
48 25
48 24
48 23
49 22
49 21
49 20
49 19
49 18
49 17
49 16
49 15
50 14
50 13
50 12
50 11
50 11
50 10
50 9
50 9
50 8
49 7
49 6
49 6
49 5
49 5
49 4
49 4
49 4
49 5
49 6
49 7
49 7
49 8
49 9
49 10
49 11
49 11
49 12
49 13
49 14
49 15
49 16
49 17
49 18
49 19
49 20
49 20
49 21
49 22
49 23
49 24
49 25
49 26
49 27
49 28
49 29
49 30
49 31
49 31
49 32
49 33
49 34
49 35
49 36
49 37
49 38
49 39
49 40
49 41
49 42
49 42
49 43
49 44
49 45
49 46
49 47
49 48
49 49
49 50
49 51
49 51
49 52
49 53
49 54
50 55
50 56
50 57
50 58
50 58
50 59
50 60
50 61
50 62
50 63
50 64
50 64
50 65
50 66
50 67
50 68
50 68
50 69
50 70
50 71
50 72
50 72
50 73
50 74
50 74
51 75
51 76
51 76
51 77
51 77
51 76
51 75
51 74
52 73
52 72
52 71
52 70
52 69
52 68
52 67
53 66
53 65
53 64
53 63
53 62
53 61
54 60
54 59
54 58
54 57
54 56
54 55
54 54
55 53
55 52
55 51
55 50
55 49
55 48
55 47
56 46
56 45
56 44
56 43
56 42
56 41
57 40
57 39
57 38
57 37
57 36
57 35
57 34
58 33
58 32
58 31
58 30
58 30
58 31
58 32
59 33
59 34
59 35
59 35
59 35
59 36
59 37
59 38
59 39
59 39
59 40
59 41
59 42
59 43
59 44
59 45
59 45
59 46
59 47
59 48
59 49
59 49
59 50
59 51
59 52
59 53
59 53
59 54
59 55
59 56
59 56
59 57
59 58
59 59
59 59
59 60
59 61
59 61
59 62
59 62
59 63
59 63
59 63
59 63
59 62
59 61
59 60
59 59
59 58
59 57
59 56
59 55
59 54
59 53
58 52
58 51
58 50
58 49
58 48
58 47
58 46
58 45
58 44
58 43
58 42
58 41
58 40
58 39
58 38
58 37
58 36
58 35
58 34
58 33
58 32
58 31
57 30
57 29
57 28
57 27
57 26
57 25
57 24
57 23
57 22
57 21
57 20
57 20
58 21
59 22
59 22
59 21
59 20
59 20
59 19
59 18
59 17
59 16
59 15
59 14
59 14
60 14
60 14
60 14
60 14
60 15
60 15
60 16
60 16
60 17
60 18
60 18
60 19
60 20
60 20
61 21
61 22
61 22
61 23
61 24
61 24
61 25
62 26
62 27
63 28
63 29
63 30
64 31
64 32
65 33
65 34
66 35
66 36
66 37
67 38
67 39
68 40
68 41
68 41
69 42
69 42
70 41
70 41
70 40
70 39
70 39
70 38
70 37
70 37
71 36
71 36
70 35
70 34
70 34
70 33
70 33
69 33
69 33
69 33
68 34
67 35
67 35
67 36
66 37
66 38
66 39
66 39
66 40
66 41
66 42
66 43
66 44
66 44
66 45
66 46
66 47
66 47
66 48
66 49
66 50
66 50
66 51
66 52
66 53
66 53
67 54
67 54
68 54
68 54
69 53
69 52
69 52
70 51
70 50
70 50
70 49
70 48
70 47
70 47
71 46
71 45
71 45
71 44
71 43
71 43
71 43
71 43
71 44
71 44
72 45
72 46
72 46
72 47
72 48
72 49
72 49
72 50
72 51
72 52
72 53
72 54
72 54
72 55
72 56
72 57
73 58
73 59
73 60
73 61
73 61
73 62
73 63
73 64
73 65
73 66
73 67
73 68
73 69
73 69
73 70
73 71
73 72
73 73
73 74
73 75
73 75
73 76
73 77
73 78
73 79
73 80
73 81
73 82
73 82
73 83
73 84
73 85
73 86
73 87
73 87
73 88
72 89
72 90
72 91
72 91
72 92
71 93
71 94
71 95
71 95
70 96
70 97
70 97
69 98
68 99
68 99
67 99
67 99
66 99
65 99
65 99
64 98
64 98
63 97
63 96
63 96
63 95
62 94
62 93
62 93
62 92
62 92
62 91
62 90
63 89
63 88
63 87
63 86
63 85
63 84
64 83
64 82
64 81
64 80
64 79
64 78
65 77
65 76
65 75
65 74
65 73
66 72
66 71
66 70
66 69
66 68
66 67
67 66
67 65
67 64
67 63
67 62
67 61
68 60
68 59
68 58
68 57
68 56
69 55
69 54
69 53
69 52
69 51
69 50
70 49
70 48
70 47
70 46
70 45
70 44
71 43
71 42
71 41
71 40
71 39
71 38
72 37
72 36
72 35
72 34
72 33
73 32
73 31
73 30
73 29
73 28
73 27
74 26
74 25
74 24
74 23
74 22
74 21
75 20
75 19
75 18
75 17
75 16
76 15
76 14
76 13
76 12
76 11
76 10
77 9
77 8
77 7
77 6
77 5
77 4
78 3
78 2
78 1
78 1
79 1
79 1
79 2
79 2
79 1
79 0
79 0
79 1
79 2
79 3
79 4
79 5
79 6
79 6
79 7
79 8
79 9
79 10
79 11
79 12
79 13
79 14
79 14
79 15
79 16
79 17
79 18
79 19
79 20
79 21
79 22
79 23
79 23
79 24
79 25
79 26
79 27
78 28
78 29
78 30
78 31
78 32
78 32
78 33
78 34
78 35
78 36
78 37
78 38
78 39
78 40
78 41
78 42
78 42
78 43
78 44
78 45
78 46
77 47
77 48
77 49
77 50
77 51
77 51
77 52
77 53
77 54
77 55
77 56
77 57
77 58
77 58
77 59
77 60
77 61
77 62
77 63
77 63
77 64
77 65
77 66
77 67
77 67
77 68
77 68
78 69
78 69
78 68
78 68
78 67
78 66
78 66
78 65
78 64
78 63
78 62
78 61
78 60
78 60
78 59
78 58
78 57
79 56
79 55
79 54
79 53
79 52
79 52
79 51
79 50
79 49
80 48
80 47
80 46
80 45
80 44
80 44
80 43
80 42
80 41
81 40
81 39
81 38
81 37
81 36
81 36
81 35
82 34
82 33
82 33
83 32
83 32
84 33
84 33
84 34
84 35
84 36
84 36
84 37
84 38
84 39
84 40
84 40
84 41
84 42
84 43
84 44
84 45
84 45
84 46
84 47
84 48
84 49
84 50
84 51
84 51
84 52
84 53
84 54
84 55
84 56
84 56
84 57
84 58
84 59
84 60
84 60
84 61
84 62
84 63
84 63
84 64
84 65
84 66
84 66
85 67
85 68
85 68
85 67
85 66
85 65
85 64
86 63
86 62
86 61
86 60
86 59
86 58
86 57
86 56
87 55
87 54
87 53
87 52
87 51
87 50
87 49
87 48
88 47
88 46
88 45
88 44
88 43
88 42
88 41
88 40
89 39
89 38
89 37
89 36
89 35
89 35
89 36
89 37
89 38
89 38
89 37
89 37
89 36
89 36
90 35
90 35
91 34
92 34
92 34
93 33
94 33
94 33
95 32
96 31
96 31
97 30
97 30
97 30
98 30
98 30
98 30
99 30
99 30
98 30
98 30
98 29
98 28
98 27
97 26
97 25
97 24
97 23
97 22
97 21
96 20
96 19
96 18
96 17
96 16
96 15
95 14
95 13
95 12
95 11
95 10
95 9
94 8
94 7
94 6
94 5
94 5
94 5
94 5
94 6
94 7
94 8
94 9
94 10
94 10
94 11
94 12
93 13
93 14
93 15
93 16
93 16
93 17
93 18
93 19
93 20
93 21
93 22
93 23
93 23
93 24
93 25
93 26
92 27
92 28
92 29
92 30
92 31
92 31
92 32
92 33
92 34
92 35
92 36
92 37
92 38
92 39
92 40
92 41
92 41
92 42
92 43
92 44
91 45
91 46
91 47
91 48
91 49
91 49
91 50
91 51
92 52
92 53
92 54
92 54
92 55
92 56
92 57
92 58
92 59
92 59
92 60
93 61
93 62
93 63
93 63
93 64
93 65
93 65
94 66
94 66
95 65
95 65
96 64
96 64
97 63
97 63
98 62
