1 18
1 17
1 16
1 15
1 15
1 14
1 13
1 13
1 12
1 11
1 11
1 11
1 11
1 12
1 12
1 13
1 14
1 15
1 16
1 16
1 17
1 18
1 19
1 20
1 21
1 22
1 22
1 23
1 24
1 25
1 26
1 27
1 28
1 29
1 30
1 30
1 31
1 32
1 33
1 34
1 35
1 36
1 37
1 38
1 39
1 39
1 40
1 41
1 42
0 43
0 44
0 45
0 46
0 47
0 47
0 48
0 49
0 50
0 51
0 52
0 53
0 54
0 54
0 55
0 56
0 57
0 58
0 59
0 59
0 60
0 61
0 62
0 63
0 64
0 65
0 65
0 66
0 67
0 68
0 69
0 69
0 70
0 71
0 72
0 72
1 73
1 73
1 72
1 71
1 70
1 69
1 68
1 67
1 66
1 65
1 64
1 63
1 62
1 61
1 60
1 59
1 58
1 57
1 56
1 55
1 54
1 53
1 52
1 51
1 50
1 49
0 48
0 47
0 46
0 45
0 44
0 43
0 42
0 41
0 40
0 39
0 38
0 37
0 36
0 35
0 34
0 33
0 32
0 31
0 30
0 29
0 28
0 27
0 26
0 25
0 24
0 24
0 23
0 23
0 22
0 21
0 21
0 20
0 20
0 20
1 20
1 20
2 21
2 21
2 22
2 23
2 24
2 24
2 25
3 26
3 27
3 28
3 28
3 29
3 30
4 31
4 32
4 33
4 33
4 34
4 35
4 36
4 37
4 38
4 38
4 39
4 40
5 41
5 42
5 43
5 44
5 44
5 45
5 46
5 47
5 48
5 49
5 49
5 50
6 51
6 52
6 52
6 53
6 54
6 54
7 55
7 55
7 55
7 54
7 54
7 53
7 52
7 51
7 51
7 50
7 49
8 48
8 47
8 46
8 45
8 45
8 44
8 43
8 42
8 41
8 40
8 39
8 38
8 38
8 37
8 36
8 35
9 34
9 33
9 32
9 31
9 31
9 30
9 29
9 28
10 27
10 26
10 25
10 24
10 24
10 23
10 22
10 21
10 20
10 19
10 18
10 18
10 17
11 16
11 15
11 15
11 15
11 16
11 16
11 17
12 18
12 19
12 19
12 20
12 21
12 22
12 23
12 24
12 25
12 25
12 26
12 27
12 28
12 29
12 30
12 31
12 32
12 32
12 33
12 34
12 35
12 36
12 37
12 38
12 38
12 39
12 40
12 41
12 42
12 43
12 44
12 45
12 45
12 46
12 47
12 48
13 49
13 50
13 51
13 52
13 52
13 53
13 54
13 55
13 56
13 57
13 57
13 58
13 59
13 60
13 61
13 62
13 62
13 63
13 64
13 65
13 66
13 66
13 67
13 68
13 69
13 70
13 70
14 71
14 72
14 72
14 73
14 73
14 72
14 71
14 70
15 69
15 68
15 67
15 66
15 65
15 64
16 63
16 62
16 61
16 60
16 59
16 58
17 57
17 56
17 55
17 54
17 53
17 52
18 51
18 50
18 49
18 48
18 47
18 46
19 45
19 44
19 43
19 42
19 42
19 43
19 44
19 45
19 46
19 47
19 48
19 49
19 50
19 51
19 51
19 51
19 52
19 53
18 54
18 55
18 56
18 57
18 57
18 58
18 59
18 60
18 61
18 62
18 62
18 63
19 64
19 65
19 66
19 66
19 67
19 68
19 68
20 68
20 68
21 68
21 68
21 67
22 66
22 65
22 65
22 64
23 63
23 62
23 61
23 61
23 60
24 59
24 58
24 57
24 57
24 56
24 55
24 54
24 54
24 53
23 52
23 51
23 50
23 50
23 49
22 48
22 47
22 46
22 46
22 45
21 44
21 43
21 42
21 42
20 41
19 41
19 41
19 42
19 42
18 43
18 44
18 44
18 45
17 46
17 47
17 47
18 47
19 47
20 47
21 47
22 47
23 47
24 47
25 47
26 47
26 47
26 48
26 49
26 50
26 50
26 51
26 52
26 53
26 53
26 54
27 55
27 56
27 57
27 57
27 58
27 59
27 60
27 60
28 61
28 62
28 62
28 63
28 63
29 63
29 63
30 62
30 61
30 61
31 60
31 59
32 58
32 58
32 57
32 56
32 55
32 55
32 54
33 53
33 52
33 52
33 51
32 50
32 49
32 49
32 48
32 47
32 46
32 45
32 45
31 44
31 43
30 42
30 42
29 41
29 40
29 40
28 40
28 40
27 41
27 42
27 42
27 43
27 44
27 44
27 45
26 46
26 47
26 48
26 48
26 49
26 50
26 51
26 51
27 50
28 49
29 48
30 47
31 46
31 45
32 44
33 43
34 42
35 41
35 41
36 40
36 39
36 39
36 38
36 38
36 38
37 39
37 39
37 40
37 41
37 41
37 42
37 43
37 44
37 45
37 45
37 46
37 47
37 48
37 49
37 49
37 50
37 51
37 52
37 53
37 53
37 54
37 55
37 56
37 57
37 57
37 58
37 59
37 60
37 60
37 61
37 61
37 62
37 62
37 62
38 61
38 61
38 60
38 59
38 58
38 57
38 57
38 56
38 55
38 54
38 53
38 53
38 52
38 51
39 50
39 49
39 48
39 47
39 47
39 46
39 45
39 44
39 43
39 42
39 42
39 41
40 40
40 39
40 38
40 38
41 37
41 37
41 38
41 38
42 39
42 40
42 40
42 41
42 42
42 43
42 44
42 44
42 45
42 46
42 47
42 48
42 49
42 49
42 50
42 51
42 52
42 53
42 53
42 54
42 55
42 56
42 57
42 57
42 58
42 59
42 60
42 61
42 61
42 62
43 63
43 64
43 64
43 65
43 66
43 67
43 67
43 66
43 65
43 64
43 63
44 62
44 61
44 60
44 59
44 58
44 57
44 56
44 55
44 54
45 53
45 52
45 51
45 50
45 49
45 48
45 47
45 46
45 45
46 44
46 43
46 42
46 41
46 40
46 39
46 38
46 37
47 36
47 35
47 34
47 33
47 32
47 31
47 30
47 29
47 28
48 27
48 26
48 25
48 24
48 23
48 22
48 21
48 20
48 19
49 18
49 17
49 16
49 15
49 14
49 14
50 13
50 12
50 12
49 12
49 12
49 11
49 11
50 10
50 9
50 9
50 10
50 11
50 12
50 12
50 13
50 14
50 15
50 16
50 17
50 17
50 18
50 19
50 20
50 21
50 22
50 23
50 24
50 24
50 25
50 26
50 27
49 28
49 29
49 30
49 31
49 32
49 32
49 33
49 34
49 35
49 36
49 37
49 38
49 39
49 40
49 40
49 41
49 42
49 43
49 44
49 45
49 46
49 47
49 48
49 48
49 49
49 50
49 51
49 52
49 53
49 54
49 54
49 55
49 56
49 57
49 58
49 59
49 59
49 60
50 61
50 62
50 63
50 63
50 64
50 65
50 66
50 66
50 67
50 68
50 68
51 69
51 70
51 70
51 70
51 69
51 68
52 67
52 66
52 65
52 64
53 63
53 62
53 61
53 60
53 59
54 58
54 57
54 56
54 55
55 54
55 53
55 52
55 51
55 50
56 49
56 48
56 47
56 46
57 45
57 44
57 43
57 42
57 41
58 40
58 39
58 38
58 37
59 36
59 35
59 34
59 34
59 35
60 36
60 37
60 38
60 38
60 39
60 40
60 40
60 41
60 42
60 43
60 44
60 44
60 45
60 46
60 47
60 48
60 49
60 49
60 50
60 51
60 52
60 53
60 54
60 54
60 55
60 56
60 57
60 58
60 58
60 59
60 60
60 61
60 61
60 62
60 63
60 64
60 64
60 65
60 65
60 66
60 66
60 66
60 65
60 65
60 64
60 63
60 62
60 61
60 60
60 59
60 58
60 57
60 56
60 55
60 54
60 53
60 52
60 51
60 50
60 49
59 48
59 47
59 46
59 45
59 44
59 43
59 42
59 41
59 40
59 39
59 38
59 37
59 36
59 35
59 34
59 33
59 32
59 31
59 31
59 30
59 29
59 28
59 27
59 26
59 26
59 25
59 24
59 24
59 23
60 22
60 21
60 21
60 21
60 20
60 20
60 20
61 21
61 21
61 22
61 22
61 23
61 23
61 24
61 25
61 25
62 26
63 27
64 28
64 29
65 30
66 31
67 32
68 33
69 34
69 35
70 36
71 37
71 37
72 38
72 38
72 37
72 37
71 36
71 36
71 35
71 35
71 35
70 35
70 35
69 36
69 36
68 37
68 38
68 38
68 39
67 40
67 41
67 42
67 42
67 43
67 44
67 45
67 46
67 46
67 47
66 48
66 49
66 50
66 50
66 51
67 52
67 53
67 53
67 54
67 54
67 55
67 55
68 54
68 54
69 53
69 53
70 52
70 51
70 51
70 50
70 49
70 48
70 48
70 47
71 46
71 45
71 45
71 44
71 43
71 43
72 42
72 42
72 43
72 43
72 44
72 44
72 45
73 46
73 47
73 47
73 48
73 49
73 50
73 51
73 51
73 52
73 53
73 54
73 55
73 56
73 56
73 57
73 58
73 59
73 60
73 61
73 62
73 62
73 63
73 64
73 65
73 66
73 67
73 68
73 68
73 69
73 70
73 71
73 72
73 73
73 74
73 75
73 75
73 76
73 77
73 78
73 79
73 80
73 80
73 81
73 82
73 83
73 84
73 85
73 86
73 86
73 87
73 88
72 89
72 90
72 91
72 91
72 92
71 93
71 94
71 94
70 95
70 96
69 97
69 97
68 98
68 99
68 99
67 99
66 99
66 99
65 99
65 99
64 98
63 98
63 98
63 97
62 96
62 95
62 95
62 94
61 93
61 92
61 92
60 91
60 90
60 90
60 89
60 88
60 88
60 87
60 86
61 85
61 84
61 83
61 82
62 81
62 80
62 79
62 78
63 77
63 76
63 75
63 74
64 73
64 72
64 71
64 70
65 69
65 68
65 67
65 66
65 65
66 64
66 63
66 62
66 61
67 60
67 59
67 58
67 57
68 56
68 55
68 54
68 53
69 52
69 51
69 50
69 49
69 48
70 47
70 46
70 45
70 44
71 43
71 42
71 41
71 40
72 39
72 38
72 37
72 36
73 35
73 34
73 33
73 32
74 31
74 30
74 29
74 28
74 27
75 26
75 25
75 24
75 23
76 22
76 21
76 20
76 19
77 18
77 17
77 16
77 15
78 14
78 13
78 12
78 12
78 12
79 11
79 11
79 10
79 9
79 9
79 10
79 11
79 11
79 12
79 13
79 14
79 15
79 15
79 16
79 17
79 18
79 19
79 20
79 20
79 21
79 22
79 23
79 24
79 25
79 26
79 26
79 27
79 28
79 29
79 30
79 31
79 32
79 33
79 33
79 34
79 35
78 36
78 37
78 38
78 38
78 39
78 40
78 41
78 42
78 43
78 44
78 44
78 45
78 46
78 47
78 48
78 48
78 49
78 50
78 51
78 52
78 52
78 53
78 54
78 55
78 55
78 56
78 56
78 56
78 56
78 55
78 55
78 54
79 53
79 52
79 52
79 51
79 50
80 49
80 48
80 47
80 47
80 46
80 45
81 44
81 43
81 42
81 42
81 41
81 40
82 39
82 38
82 37
82 36
82 36
82 35
82 34
82 33
82 33
83 32
83 32
83 33
83 33
84 34
84 34
84 35
84 36
84 37
84 37
84 38
84 39
84 40
84 41
84 41
84 42
84 43
84 44
84 45
84 45
84 46
84 47
84 48
84 48
84 49
84 50
84 51
84 51
84 52
84 53
84 53
84 54
84 55
84 55
84 56
84 56
84 55
84 54
84 53
84 52
85 51
85 50
85 49
85 48
85 47
85 46
85 45
85 44
86 43
86 42
86 41
86 40
86 39
86 38
86 37
86 36
87 35
87 34
87 33
87 32
87 31
87 31
87 32
87 32
87 31
87 31
87 31
88 30
88 30
89 29
90 29
90 29
91 28
91 28
92 27
93 27
93 27
94 26
95 26
95 26
96 25
96 25
96 24
96 24
97 24
97 24
97 24
97 24
97 23
97 22
96 21
96 20
96 19
96 18
96 17
96 16
95 15
95 14
95 13
95 12
95 11
95 10
94 9
94 8
94 7
94 6
94 5
94 4
93 3
93 2
93 1
93 0
93 0
93 1
93 2
93 3
93 4
93 4
93 5
93 6
93 6
93 7
93 8
92 9
92 10
92 11
92 11
92 12
92 13
92 14
92 15
92 16
92 17
92 18
92 18
92 19
92 20
91 21
91 22
91 23
91 24
91 24
91 25
91 26
91 27
91 28
91 29
91 30
91 31
91 31
91 32
91 33
91 34
91 35
91 36
91 37
91 38
91 38
91 39
91 40
91 41
91 42
91 43
91 43
91 44
92 45
92 46
92 47
92 47
92 48
92 49
92 50
92 51
92 51
93 52
93 53
93 53
94 53
95 53
95 53
96 53
96 53
97 53
97 53
98 52
98 52
99 51
