1 22
1 21
1 20
1 19
1 18
1 17
1 17
1 16
1 15
1 14
1 14
1 13
1 12
1 11
1 11
1 12
1 12
1 13
1 14
1 15
1 16
1 16
1 17
1 18
1 19
1 20
1 21
1 22
1 22
1 23
1 24
1 25
1 26
1 27
1 28
1 29
1 30
1 30
1 31
1 32
1 33
1 34
1 35
1 36
1 37
1 38
1 39
1 40
1 40
1 41
1 42
1 43
1 44
1 45
1 46
1 47
1 48
1 49
1 50
1 51
1 52
1 52
1 53
1 54
1 55
1 56
1 57
1 58
1 59
1 60
1 61
1 62
1 63
1 64
1 64
1 65
1 66
1 67
1 68
1 69
1 70
1 71
1 71
1 72
1 73
1 74
1 75
1 76
1 76
1 77
1 78
1 79
1 79
1 80
1 81
1 82
1 82
1 83
1 83
1 83
1 82
1 81
1 80
1 80
1 79
1 78
1 77
1 76
1 75
1 74
1 73
1 72
1 71
1 70
1 69
1 68
1 67
1 66
1 65
1 64
1 63
1 62
1 61
1 60
1 59
1 58
0 57
0 56
0 55
0 54
0 53
0 52
0 51
0 50
0 49
0 48
0 47
0 46
0 45
0 44
0 43
0 42
0 41
0 40
0 39
0 38
0 37
0 36
0 35
0 34
0 34
0 33
0 32
0 31
1 30
1 29
1 28
1 27
1 26
1 26
1 25
1 24
1 23
1 23
1 22
1 21
1 21
1 21
1 22
1 23
1 24
1 24
1 25
2 26
2 27
2 28
2 28
2 29
2 30
2 31
2 32
2 33
2 34
2 34
2 35
2 36
3 37
3 38
3 39
3 40
3 40
3 41
3 42
3 43
3 44
3 45
3 46
3 46
3 47
4 48
4 49
4 50
4 50
4 51
4 52
4 53
4 53
5 54
5 55
5 55
5 54
5 54
6 53
6 53
6 52
6 51
6 50
6 49
6 49
6 48
6 47
6 46
7 45
7 44
7 43
7 42
7 42
7 41
7 40
7 39
7 38
8 37
8 36
8 35
8 34
8 33
8 33
8 32
8 31
8 30
8 29
8 28
8 27
8 26
8 25
8 24
8 24
8 23
8 22
8 21
8 20
8 19
8 18
8 18
8 17
8 16
8 15
8 14
8 13
8 13
9 14
9 15
9 15
9 16
9 17
9 18
9 19
9 19
9 20
9 21
9 22
9 23
9 24
9 24
9 25
9 26
9 27
9 28
9 29
9 30
9 31
9 32
9 32
9 33
9 34
9 35
9 36
9 37
9 38
9 39
9 40
9 41
9 41
9 42
9 43
9 44
9 45
9 46
9 47
9 48
9 49
9 50
9 50
9 51
9 52
9 53
10 54
10 55
10 56
10 57
10 58
10 58
10 59
10 60
10 61
10 62
10 63
10 64
10 64
10 65
10 66
10 67
10 68
10 69
10 69
10 70
10 71
10 72
10 72
11 73
11 74
11 74
11 75
11 76
11 76
11 75
11 74
11 73
11 72
12 71
12 70
12 69
12 68
12 67
12 66
12 65
12 64
12 63
12 62
13 61
13 60
13 59
13 58
13 57
13 56
13 55
13 54
13 53
14 52
14 51
14 50
14 49
14 48
14 47
14 46
14 45
14 44
14 43
15 42
15 41
15 40
15 39
15 38
15 38
15 39
15 40
15 41
15 42
15 43
15 44
15 45
15 46
15 47
15 48
15 49
15 50
15 51
15 52
15 53
15 53
15 54
15 55
15 56
15 57
15 57
15 58
15 59
15 60
15 61
15 62
15 63
15 64
15 65
15 66
15 66
15 67
15 68
15 69
15 70
15 71
15 71
15 72
15 73
15 74
15 74
16 75
16 75
16 75
17 74
17 73
17 73
17 72
18 71
18 70
18 69
18 69
18 68
19 67
19 66
19 65
19 65
19 64
19 63
19 62
19 61
19 61
19 60
18 59
18 58
18 58
18 57
17 56
17 55
17 54
17 54
16 53
16 53
15 53
15 53
14 54
14 54
14 55
14 56
14 57
14 57
15 56
15 55
16 54
16 53
17 52
17 51
18 50
18 49
19 48
19 47
20 46
20 45
21 44
21 44
21 45
22 46
22 47
23 48
23 49
23 50
24 51
24 52
24 52
24 53
23 54
23 55
22 56
22 57
22 57
22 58
22 59
22 60
22 60
22 61
22 62
22 63
22 64
22 65
22 66
22 66
22 67
22 68
22 69
22 69
23 70
23 71
23 71
23 72
23 72
24 72
24 72
25 71
25 70
25 70
25 69
25 68
25 67
25 66
25 66
25 65
26 64
26 63
26 62
26 62
26 61
26 60
26 59
26 58
26 58
26 57
25 56
25 55
25 55
25 54
24 53
24 52
24 52
23 51
23 51
22 51
22 51
21 52
21 53
21 53
21 54
21 55
21 56
21 56
21 57
21 58
21 58
21 57
22 56
22 55
23 54
23 53
24 52
24 51
25 50
25 49
25 48
26 47
26 46
27 45
27 44
28 43
28 42
28 42
29 43
29 43
29 44
29 45
29 45
29 46
29 47
29 48
29 49
29 49
29 50
29 51
29 52
29 53
29 54
29 54
29 55
29 56
29 57
29 58
29 59
29 60
29 60
29 61
29 62
29 63
29 64
29 65
29 66
29 66
29 67
29 68
29 69
29 70
29 70
30 71
30 72
30 72
30 73
30 73
30 73
30 72
30 71
30 70
30 70
30 69
31 68
31 67
31 66
31 66
31 65
31 64
31 63
31 62
31 61
31 61
31 60
31 59
32 58
32 57
32 56
32 55
32 55
32 54
32 53
32 52
32 51
32 50
32 49
32 49
32 48
33 47
33 46
33 46
34 46
34 46
34 47
34 47
34 48
34 49
34 50
34 50
34 51
34 52
34 53
34 54
34 55
34 55
34 56
34 57
34 58
34 59
34 59
34 60
34 61
34 62
34 63
34 63
34 64
35 65
35 66
35 66
35 67
35 68
35 69
35 69
35 70
35 70
35 70
35 69
35 68
35 67
35 66
35 65
35 64
36 63
36 62
36 61
36 60
36 59
36 58
36 57
36 56
36 55
36 54
36 53
36 52
36 51
37 50
37 49
37 48
37 47
37 46
37 45
37 44
37 43
37 42
37 41
37 40
37 39
37 38
38 37
38 36
38 35
38 34
38 33
38 32
38 31
38 30
38 29
38 28
38 27
38 26
38 25
38 24
39 23
39 22
39 21
39 20
39 19
39 18
39 17
39 16
39 15
39 14
39 13
39 12
39 11
40 10
40 9
40 8
40 7
40 6
40 5
40 4
40 4
40 5
40 6
41 7
41 8
41 9
41 10
41 10
41 11
41 12
41 13
41 14
41 14
41 15
41 16
41 17
41 18
41 19
41 19
41 20
41 21
41 22
41 23
41 24
41 25
41 26
41 26
41 27
41 28
41 29
41 30
41 31
41 32
41 33
41 34
41 34
41 35
41 36
41 37
40 38
40 39
40 40
40 41
40 41
40 42
40 43
40 44
41 45
41 46
41 47
41 48
41 48
41 49
41 50
41 51
41 52
41 53
41 54
41 54
41 55
41 56
41 57
41 58
41 59
41 60
41 60
41 61
42 62
42 63
42 64
42 64
42 65
42 66
42 67
42 67
42 68
42 69
42 69
43 70
43 70
43 69
43 69
43 68
43 67
44 66
44 65
44 64
44 63
44 62
44 61
45 60
45 59
45 58
45 57
45 56
46 55
46 54
46 53
46 52
46 51
46 50
47 49
47 48
47 47
47 46
47 45
47 44
48 43
48 42
48 41
48 41
48 42
49 43
49 44
49 45
49 45
49 46
49 47
49 48
49 48
49 49
49 50
49 50
49 51
49 52
49 53
49 54
49 55
49 55
49 56
49 57
49 58
49 59
49 60
49 60
49 61
49 62
49 63
49 64
49 64
49 65
49 66
49 67
49 67
49 68
49 69
49 70
49 70
49 71
49 72
49 72
49 73
49 73
49 73
49 72
49 71
49 70
49 69
49 68
49 67
49 66
49 65
49 64
49 63
49 62
49 61
49 60
49 59
49 58
49 57
49 56
49 55
49 54
49 53
49 52
49 51
49 50
48 49
48 48
48 47
48 46
48 45
48 44
48 43
48 42
48 41
48 40
48 39
48 38
48 37
48 36
48 35
48 34
48 33
48 32
48 31
48 30
48 29
48 28
48 27
48 26
48 25
48 25
49 24
50 23
50 23
50 22
50 22
50 21
50 20
50 20
51 21
51 21
51 22
51 22
51 23
51 23
52 24
52 24
52 25
52 26
52 26
52 27
53 28
53 29
53 29
54 30
55 31
56 32
57 33
58 34
59 35
60 36
61 37
62 38
63 39
64 40
64 40
64 40
64 40
64 39
64 39
63 38
63 38
63 38
62 39
62 39
61 40
61 41
61 41
61 42
60 43
60 44
60 44
60 45
60 46
60 47
60 47
60 48
60 49
60 50
60 50
60 51
59 52
59 53
59 54
59 54
59 55
59 56
59 56
59 57
59 58
59 59
59 59
60 60
60 60
60 60
61 59
61 58
61 58
62 57
62 56
62 56
62 55
62 54
62 53
62 53
62 52
63 51
63 50
63 50
63 49
63 48
63 47
63 47
64 46
64 45
64 45
64 45
64 46
64 46
65 47
65 48
65 48
65 49
65 50
65 51
65 51
65 52
65 53
65 54
65 55
65 56
65 56
65 57
65 58
66 59
66 60
66 61
66 62
66 62
66 63
66 64
66 65
66 66
66 67
66 68
66 68
66 69
66 70
66 71
65 72
65 73
65 74
65 75
65 75
65 76
65 77
65 78
65 79
65 80
65 81
65 81
65 82
65 83
65 84
65 85
65 86
65 86
65 87
64 88
64 89
64 90
64 90
64 91
63 92
63 93
63 93
63 94
63 95
63 96
63 96
62 97
62 98
62 98
61 99
61 99
60 99
60 99
59 99
59 99
58 98
57 98
57 98
56 97
56 97
56 96
57 95
57 94
57 93
57 92
58 91
58 90
58 89
58 88
59 87
59 86
59 85
59 84
60 83
60 82
60 81
60 80
61 79
61 78
61 77
62 76
62 75
62 74
62 73
63 72
63 71
63 70
63 69
64 68
64 67
64 66
64 65
65 64
65 63
65 62
65 61
66 60
66 59
66 58
67 57
67 56
67 55
67 54
68 53
68 52
68 51
68 50
69 49
69 48
69 47
69 46
70 45
70 44
70 43
70 42
71 41
71 40
71 39
71 38
72 37
72 36
72 35
73 34
73 33
73 32
73 31
74 30
74 29
74 28
74 27
75 26
75 25
75 24
75 23
76 22
76 21
76 20
76 19
77 18
77 17
77 17
77 16
77 15
77 14
77 13
77 12
77 11
77 11
77 10
76 9
76 8
76 7
76 7
76 6
76 5
76 4
76 4
76 3
76 2
76 2
76 1
76 0
76 0
76 0
76 0
76 1
76 2
76 3
76 3
76 4
76 5
76 6
77 7
77 8
77 9
77 10
77 10
77 11
77 12
77 13
77 14
77 15
77 16
77 17
77 18
77 19
77 20
77 20
77 21
77 22
77 23
77 24
77 25
77 26
77 27
77 28
77 29
77 29
77 30
77 31
77 32
77 33
78 34
78 35
78 36
78 37
78 38
78 38
78 39
78 40
78 41
78 42
78 43
78 44
78 45
78 46
78 46
78 47
78 48
78 49
78 50
78 51
78 52
78 52
78 53
78 54
78 55
78 56
78 56
78 57
78 58
78 59
78 59
78 60
78 61
78 61
78 61
78 61
78 60
78 59
78 58
78 58
78 57
78 56
78 55
78 54
78 53
78 53
78 52
78 51
78 50
79 49
79 48
79 47
79 46
79 46
79 45
79 44
79 43
79 42
79 41
79 40
79 40
79 39
79 38
79 37
80 36
80 35
80 34
80 33
80 33
81 32
81 32
82 33
82 33
82 34
83 35
83 36
83 36
83 37
83 38
83 39
83 40
83 41
83 42
83 42
83 43
83 44
83 45
83 46
83 47
83 48
83 48
83 49
83 50
83 51
83 52
83 53
83 53
83 54
83 55
83 56
83 57
83 57
83 58
83 59
83 60
83 61
83 61
84 62
84 63
84 63
84 64
84 65
84 65
84 65
85 65
85 65
85 64
85 63
85 62
85 61
85 60
85 59
85 58
86 57
86 56
86 55
86 54
86 53
86 52
86 51
86 50
86 49
86 48
86 47
86 46
86 45
86 44
86 43
87 42
87 41
87 40
87 39
87 38
87 37
87 36
87 35
87 35
87 36
87 37
87 38
87 39
87 39
87 38
87 37
87 36
87 36
87 35
87 35
88 34
88 34
89 33
89 32
90 31
90 31
91 30
91 29
91 29
92 28
93 28
93 28
94 27
95 27
95 27
96 27
96 27
97 27
97 27
97 27
97 28
97 28
97 28
97 27
97 26
96 25
96 24
96 23
96 22
96 21
95 20
95 19
95 18
95 17
94 16
94 15
94 14
94 13
94 12
93 11
93 10
93 9
93 8
93 7
92 6
92 5
92 4
92 4
92 5
93 6
93 7
93 8
93 8
92 8
92 8
92 9
92 10
92 11
92 11
92 12
92 13
91 14
91 15
91 16
91 17
91 17
91 18
91 19
91 20
91 21
91 22
91 23
91 24
91 25
91 25
91 26
91 27
91 28
91 29
91 30
91 31
91 32
91 33
91 33
91 34
91 35
91 36
91 37
91 38
91 39
91 40
91 41
91 41
91 42
91 43
91 44
91 45
91 46
91 47
91 48
91 49
91 49
91 50
91 51
92 52
92 53
92 54
92 55
92 55
92 56
93 57
93 58
93 58
93 59
94 60
94 61
94 61
95 62
95 62
96 62
96 62
97 61
97 61
98 60
98 60
99 59
