0 12
0 11
0 10
0 9
0 8
0 8
0 7
0 6
0 6
0 5
0 5
0 5
0 6
0 6
0 7
0 8
0 9
0 10
0 11
0 11
0 12
0 13
0 14
0 15
0 16
0 17
0 17
0 18
0 19
0 20
0 21
0 22
0 23
0 24
0 25
0 26
0 27
0 27
0 28
0 29
0 30
0 31
0 32
0 33
0 34
0 35
0 36
0 37
0 37
0 38
0 39
0 40
0 41
0 42
0 43
0 44
0 45
0 46
0 47
0 48
0 48
0 49
0 50
0 51
0 52
0 53
0 54
0 55
0 56
0 57
0 58
0 59
0 59
0 60
0 61
0 62
0 63
0 64
0 65
0 66
0 67
0 68
0 69
0 69
0 70
0 71
0 72
0 73
0 74
0 75
0 76
0 76
0 77
1 78
1 79
1 80
1 80
1 81
1 82
1 83
1 83
1 84
1 85
1 85
2 86
2 87
2 87
2 87
2 86
2 85
2 84
2 83
2 82
2 81
2 80
2 79
2 78
2 77
2 76
2 75
2 74
2 73
2 72
2 71
2 70
2 69
1 68
1 67
1 66
1 65
1 64
1 63
1 62
1 61
1 60
1 59
1 58
1 57
1 56
1 55
1 54
1 53
1 52
1 51
1 50
1 49
1 48
1 47
1 46
1 45
1 44
1 43
1 42
1 41
1 40
1 39
1 38
1 37
1 36
1 35
1 34
1 33
1 32
1 31
0 30
0 29
0 28
0 27
0 26
0 25
0 24
0 23
0 22
0 21
0 20
0 19
0 18
0 17
0 16
0 15
0 14
0 13
0 12
0 12
0 11
0 10
0 9
0 8
0 8
0 7
0 7
0 8
0 8
0 9
0 10
0 11
0 11
0 12
0 13
1 14
1 15
1 16
1 16
1 17
1 18
1 19
1 20
1 21
1 22
1 23
1 23
1 24
1 25
1 26
1 27
2 28
2 29
2 30
2 31
2 32
2 32
2 33
2 34
2 35
3 36
3 37
3 38
3 39
3 40
3 40
3 41
3 42
3 43
4 44
4 45
4 46
4 47
4 47
4 48
4 49
5 50
5 51
5 52
5 53
5 53
5 54
6 55
6 56
6 56
6 57
6 58
6 58
6 59
6 59
6 59
6 58
6 57
6 57
6 56
6 55
6 54
6 54
6 53
6 52
6 51
6 50
6 49
6 48
6 48
6 47
6 46
6 45
6 44
7 43
7 42
7 41
7 40
7 39
7 39
7 38
7 37
7 36
7 35
7 34
7 33
7 32
7 31
7 30
7 29
7 29
7 28
7 27
7 26
7 25
7 24
7 23
7 22
7 21
7 20
7 20
7 19
7 18
7 17
7 16
7 15
7 14
7 14
7 13
8 12
8 11
8 10
8 10
8 10
8 11
8 12
8 13
8 13
8 14
8 15
9 16
9 17
9 18
9 18
9 19
9 20
9 21
9 22
9 23
9 24
9 25
9 26
9 27
9 27
9 28
9 29
9 30
9 31
10 32
10 33
10 34
10 35
10 36
10 37
10 37
10 38
10 39
10 40
10 41
10 42
10 43
10 44
10 45
10 46
10 47
10 47
10 48
10 49
10 50
10 51
10 52
10 53
10 54
10 55
10 55
10 56
10 57
10 58
11 59
11 60
11 61
11 62
11 62
11 63
11 64
11 65
11 66
11 67
11 67
11 68
11 69
11 70
11 71
11 71
11 72
11 73
11 74
11 74
11 75
11 76
11 77
11 77
12 78
12 78
12 78
12 77
12 76
12 75
12 74
12 73
13 72
13 71
13 70
13 69
13 68
13 67
13 66
13 65
13 64
13 63
14 62
14 61
14 60
14 59
14 58
14 57
14 56
14 55
14 54
14 53
14 52
15 51
15 50
15 49
15 48
15 47
15 46
15 46
15 47
15 48
16 49
16 50
16 51
16 52
16 52
16 53
16 54
16 55
16 56
16 56
16 57
16 58
16 59
16 60
16 61
16 62
16 63
16 63
16 64
16 65
16 66
16 67
16 68
16 69
16 69
16 70
16 71
16 72
16 73
16 73
16 74
16 74
17 74
17 74
18 73
18 73
18 72
19 71
19 70
19 70
19 69
19 68
19 67
19 66
19 65
19 65
19 64
20 63
20 62
20 61
20 61
20 60
19 59
19 58
19 58
19 57
19 56
19 56
18 55
18 55
17 54
17 54
16 55
16 55
16 56
16 57
16 57
16 58
15 59
15 60
15 60
15 61
16 62
16 63
16 63
16 62
17 61
17 60
18 59
18 58
18 57
19 56
19 55
20 54
20 53
21 52
21 51
21 50
22 49
22 48
23 47
23 46
23 46
23 47
24 48
24 49
24 50
24 50
24 50
24 51
23 52
23 53
23 54
23 54
23 55
23 56
23 57
23 58
23 59
23 60
23 60
23 61
23 62
23 63
23 64
23 65
23 65
23 66
23 67
23 68
23 69
23 69
23 70
24 71
24 72
24 72
25 73
25 73
25 72
25 72
26 71
26 70
26 70
26 69
27 68
27 67
27 66
27 66
27 65
27 64
27 63
27 62
27 62
27 61
27 60
27 59
27 59
27 58
26 57
26 56
26 56
25 55
25 54
25 54
24 53
24 53
23 53
23 53
23 54
23 55
23 55
23 56
23 57
23 57
23 58
23 59
23 60
23 60
23 61
23 62
23 63
23 63
23 62
24 61
24 60
24 59
25 58
25 57
26 56
26 55
26 54
27 53
27 52
27 51
28 50
28 49
29 48
29 47
29 46
30 45
30 44
30 44
31 45
31 45
31 45
31 46
31 47
31 47
31 48
31 49
31 50
31 50
31 51
31 52
31 53
31 54
31 55
31 55
31 56
31 57
32 58
32 59
32 60
32 61
32 61
32 62
32 63
32 64
32 65
32 66
32 67
32 68
32 68
32 69
32 70
32 71
32 71
32 72
32 73
32 73
32 74
32 74
33 74
33 74
33 73
33 72
33 72
33 71
33 70
34 69
34 68
34 67
34 67
34 66
34 65
34 64
34 63
34 62
34 61
34 61
34 60
34 59
35 58
35 57
35 56
35 55
35 55
35 54
35 53
35 52
35 51
35 51
35 50
35 49
35 49
36 49
36 49
36 50
36 51
36 51
36 52
36 53
36 54
36 54
36 55
36 56
36 57
36 58
36 59
36 59
36 60
37 61
37 62
37 63
37 63
37 64
37 65
37 66
37 67
37 67
37 68
37 69
37 70
37 70
38 71
38 72
38 72
38 73
38 74
38 74
39 74
39 74
39 73
39 73
39 72
39 71
39 70
39 69
39 68
39 67
39 66
39 65
39 64
39 63
39 62
39 61
39 60
39 59
39 58
40 57
40 56
40 55
40 54
40 53
40 52
40 51
40 50
40 49
40 48
40 47
40 46
40 45
40 44
40 43
40 42
40 41
40 40
40 39
40 38
40 37
40 36
40 35
40 34
40 33
40 32
40 31
40 30
40 29
40 28
40 27
41 26
41 25
41 24
41 23
41 22
41 21
41 20
41 19
41 18
41 17
41 16
41 15
41 14
41 13
41 12
41 11
41 11
42 12
42 12
42 13
43 14
43 15
43 15
43 16
43 16
43 17
43 18
43 19
43 20
43 21
43 22
43 23
43 23
43 24
43 25
43 26
43 27
43 28
43 29
43 30
43 30
43 31
43 32
43 33
43 34
43 35
43 36
43 37
43 37
43 38
43 39
43 40
43 41
43 42
43 43
43 44
43 45
43 46
43 47
43 47
43 48
43 49
43 50
44 51
44 52
44 53
44 54
44 54
44 55
44 56
44 57
44 58
44 59
44 60
44 60
44 61
44 62
45 63
45 64
45 65
45 65
45 66
45 67
45 68
45 68
45 69
46 70
46 71
46 72
46 72
46 73
46 73
46 74
46 74
47 73
47 73
47 72
47 71
47 70
48 69
48 68
48 67
48 66
48 65
48 64
48 63
49 62
49 61
49 60
49 59
49 58
49 57
49 56
50 55
50 54
50 53
50 52
50 51
50 50
50 49
51 48
51 47
51 46
51 45
51 44
51 43
51 42
52 41
52 40
52 39
52 38
52 38
52 39
52 40
52 41
53 42
53 43
53 44
53 45
53 45
53 44
53 43
53 43
53 44
53 45
53 46
53 46
53 47
53 48
53 49
53 50
53 51
53 52
53 53
53 53
53 54
53 55
53 56
53 57
53 57
53 58
53 59
53 60
53 60
53 61
53 62
53 62
53 63
53 64
53 65
53 65
53 66
53 66
53 66
53 66
53 65
53 64
53 63
53 62
53 61
53 60
53 59
53 58
53 57
53 56
53 55
53 54
53 53
53 52
53 51
53 50
53 49
53 48
53 47
53 46
53 45
52 44
52 43
52 42
52 41
52 40
52 39
52 38
52 37
52 36
52 35
52 34
52 33
52 32
52 31
52 30
52 29
52 28
52 27
52 26
52 25
52 24
52 23
52 22
52 22
53 21
53 20
53 20
53 19
53 18
53 17
53 17
53 16
53 16
54 17
54 17
54 17
54 18
54 18
54 19
54 20
54 20
55 21
55 22
55 22
55 23
55 24
55 25
55 25
56 26
56 27
57 28
58 29
58 30
59 31
60 32
60 33
61 34
62 35
62 36
63 37
64 38
64 39
65 40
65 40
65 41
66 42
66 43
66 44
66 44
66 43
66 42
66 41
66 40
66 40
66 39
66 39
66 39
66 38
66 38
66 37
66 37
65 37
65 37
65 37
65 38
64 39
64 40
64 40
64 41
63 42
63 43
63 43
63 44
62 45
62 46
62 47
62 47
62 48
62 49
62 50
62 51
62 52
62 52
62 53
62 54
62 55
62 55
62 56
62 57
62 58
62 58
62 59
62 60
62 60
63 60
63 60
64 60
64 60
64 59
64 58
64 58
65 57
65 56
65 56
65 55
66 54
66 53
66 52
66 52
66 51
67 50
67 49
67 49
67 48
67 47
67 47
67 46
67 45
67 45
68 45
68 45
68 46
68 47
68 47
68 48
68 49
68 49
68 50
68 51
68 52
68 52
68 53
68 54
68 55
68 56
68 57
68 57
68 58
68 59
68 60
68 61
68 62
68 63
68 63
68 64
68 65
68 66
68 67
68 68
68 69
68 69
68 70
68 71
68 72
68 73
68 74
68 75
68 75
68 76
68 77
68 78
68 79
68 80
68 80
68 81
68 82
67 83
67 84
67 85
67 86
67 86
67 87
67 88
67 89
67 90
67 90
67 91
66 92
66 93
66 93
66 94
66 95
66 95
65 96
65 97
65 97
64 98
64 98
63 99
63 99
62 99
62 99
61 99
61 99
60 99
59 99
59 99
59 98
59 97
60 96
60 95
60 94
60 93
60 92
61 91
61 90
61 89
61 88
61 87
62 86
62 85
62 84
62 83
62 82
62 81
63 80
63 79
63 78
63 77
63 76
64 75
64 74
64 73
64 72
64 71
65 70
65 69
65 68
65 67
65 66
66 65
66 64
66 63
66 62
66 61
67 60
67 59
67 58
67 57
67 56
67 55
68 54
68 53
68 52
68 51
68 50
69 49
69 48
69 47
69 46
69 45
70 44
70 43
70 42
70 41
70 40
71 39
71 38
71 37
71 36
71 35
72 34
72 33
72 32
72 31
72 30
72 29
73 28
73 27
73 26
73 25
73 24
74 23
74 22
74 21
74 20
74 19
75 18
75 17
75 16
75 16
75 15
75 14
75 13
75 12
75 11
75 10
75 9
75 9
75 8
75 7
75 7
74 6
74 5
74 5
74 4
74 4
74 5
74 5
74 6
74 7
74 8
74 8
74 9
74 10
75 11
75 12
75 13
75 13
75 14
75 15
75 16
75 17
75 18
75 19
75 20
75 21
75 22
75 22
75 23
75 24
75 25
75 26
76 27
76 28
76 29
76 30
76 31
76 31
76 32
76 33
76 34
76 35
76 36
76 37
76 38
76 39
76 40
76 40
76 41
76 42
76 43
76 44
76 45
76 46
76 47
76 48
76 49
76 49
76 50
76 51
76 52
77 53
77 54
77 55
77 56
77 56
77 57
77 58
77 59
77 60
77 61
77 61
77 62
77 63
77 64
77 65
77 65
77 66
77 67
77 67
77 68
77 68
77 68
77 67
77 66
77 66
77 65
77 64
77 63
77 62
77 62
77 61
77 60
77 59
77 58
77 57
77 56
77 55
77 55
77 54
77 53
77 52
78 51
78 50
78 49
78 48
78 47
78 47
78 46
78 45
78 44
78 43
78 42
78 41
78 40
78 39
78 38
78 38
78 37
78 36
79 35
79 34
79 33
79 33
80 32
80 31
80 31
81 32
81 32
81 33
81 34
81 35
81 36
81 36
81 37
81 38
82 39
82 40
82 41
82 41
82 42
82 43
82 44
82 45
82 46
82 47
82 47
82 48
82 49
82 50
82 51
82 52
82 53
82 53
82 54
82 55
82 56
82 57
82 58
82 58
82 59
82 60
83 61
83 62
83 63
83 63
83 64
83 65
83 66
83 67
83 67
83 68
83 69
83 69
84 70
84 70
85 70
85 70
85 69
85 68
85 67
85 66
85 65
85 64
85 63
85 62
85 61
85 60
85 59
85 58
85 57
85 56
86 55
86 54
86 53
86 52
86 51
86 50
86 49
86 48
86 47
86 46
86 45
86 44
86 43
86 42
86 41
86 40
86 40
86 41
86 42
86 43
86 43
86 42
86 41
86 40
86 39
86 39
86 38
86 38
87 37
88 37
88 37
89 36
89 35
89 35
90 34
90 33
91 32
91 32
92 31
93 31
93 31
94 30
94 29
94 29
95 29
96 29
96 29
97 29
97 29
97 29
97 29
97 28
97 27
96 26
96 25
96 24
96 23
96 22
96 21
95 20
95 19
95 18
95 17
95 16
94 15
94 14
94 13
94 12
94 11
94 10
93 9
93 8
93 7
93 6
93 5
93 4
92 3
92 2
92 1
92 1
92 2
92 3
92 4
92 5
92 6
92 6
92 7
92 7
92 8
92 9
92 10
92 11
92 12
92 12
92 13
92 14
92 15
91 16
91 17
91 18
91 19
91 20
91 20
91 21
91 22
91 23
91 24
91 25
91 26
91 27
91 28
91 29
91 29
91 30
91 31
91 32
91 33
91 34
91 35
91 36
91 37
91 37
91 38
91 39
91 40
91 41
91 42
91 43
91 44
91 45
91 45
91 46
91 47
91 48
92 49
92 50
92 51
92 52
92 52
92 53
93 54
93 55
93 56
93 56
93 57
94 58
94 59
94 59
95 60
95 60
96 60
96 60
97 60
97 60
98 59
98 59
99 58
