3 15
3 14
3 13
3 12
3 12
3 11
3 10
3 10
3 9
3 8
3 8
3 7
3 7
3 8
3 8
3 9
3 10
3 11
3 12
3 12
3 13
3 14
3 15
3 16
3 17
3 18
3 19
3 20
3 20
3 21
3 22
3 23
3 24
2 25
2 26
2 27
2 28
2 29
2 30
2 30
2 31
2 32
2 33
2 34
2 35
2 36
2 37
2 38
2 39
2 40
2 41
2 42
2 43
2 43
2 44
2 45
2 46
2 47
2 48
2 49
2 50
2 51
2 52
2 53
2 53
2 54
2 55
2 56
2 57
2 58
2 59
2 60
2 61
2 62
2 63
2 63
2 64
2 65
2 66
2 67
2 67
2 68
2 69
2 70
2 71
2 71
2 72
2 73
2 73
2 74
2 75
2 75
2 75
2 74
2 74
2 73
2 72
2 71
2 70
2 69
2 68
2 67
2 66
2 65
2 64
1 63
1 62
1 61
1 60
1 59
1 58
1 57
1 56
1 55
1 54
1 53
1 52
1 51
1 50
1 49
1 48
1 47
1 46
1 45
1 44
0 43
0 42
0 41
0 40
0 39
0 38
0 37
0 36
0 35
0 34
0 33
0 33
0 32
0 31
0 30
0 29
0 28
0 27
0 26
0 25
0 24
0 23
0 23
0 22
0 21
0 20
0 19
0 18
0 17
0 17
0 16
0 15
0 14
0 14
1 13
1 12
1 12
1 11
1 11
1 12
2 13
2 14
2 14
2 15
2 16
3 17
3 18
3 19
3 19
3 20
3 21
3 22
3 23
3 24
3 25
3 26
3 26
3 27
3 28
3 29
3 30
4 31
4 32
4 33
4 34
4 35
4 35
4 36
4 37
4 38
5 39
5 40
5 41
5 42
5 43
5 43
5 44
5 45
5 46
5 47
5 48
5 49
5 49
5 50
5 51
5 52
5 53
5 53
6 54
6 55
6 55
6 55
6 55
6 54
6 53
6 52
6 52
6 51
6 50
7 49
7 48
7 47
7 47
7 46
7 45
7 44
7 43
8 42
8 41
8 40
8 39
8 38
8 38
8 37
8 36
8 35
8 34
8 33
8 32
8 31
8 30
8 29
8 29
8 28
8 27
8 26
8 25
9 24
9 23
9 22
9 21
9 20
9 19
9 19
9 18
9 17
9 16
9 15
9 14
9 14
10 14
10 14
10 15
10 16
10 16
10 17
10 18
10 19
10 20
10 21
10 21
10 22
10 23
10 24
10 25
10 26
10 27
10 28
10 29
10 29
10 30
10 31
10 32
10 33
10 34
10 35
10 36
10 37
10 38
10 39
10 40
10 40
10 41
10 42
10 43
10 44
10 45
10 46
10 47
10 48
10 49
10 50
10 51
10 51
10 52
10 53
10 54
10 55
10 56
10 57
10 58
10 59
10 60
10 61
10 62
10 62
10 63
10 64
10 65
11 66
11 67
11 68
11 69
11 70
11 70
11 71
11 72
11 73
11 74
11 75
11 75
11 76
11 77
11 78
11 79
11 80
11 80
11 81
11 82
11 83
11 84
11 84
11 85
12 86
12 87
12 87
12 88
12 89
12 89
12 89
12 88
12 87
12 86
13 85
13 84
13 83
13 82
13 81
13 80
13 79
14 78
14 77
14 76
14 75
14 74
14 73
14 72
15 71
15 70
15 69
15 68
15 67
15 66
16 65
16 64
16 63
16 62
16 61
16 60
16 59
17 58
17 57
17 56
17 55
17 54
17 53
17 52
18 51
18 50
18 49
18 48
18 47
18 46
18 45
19 44
19 43
19 42
19 41
19 41
19 42
19 43
19 44
19 45
19 46
19 47
19 48
19 49
19 50
19 51
19 52
19 53
19 53
19 54
19 55
19 56
19 57
19 58
19 59
19 60
19 60
19 61
19 62
19 63
18 64
18 65
18 66
18 67
18 68
18 68
18 69
18 70
18 71
17 72
17 73
17 74
17 75
17 76
17 76
17 77
17 78
17 79
17 80
17 81
17 82
17 82
17 83
17 84
18 85
18 86
18 87
18 87
18 88
18 88
19 87
19 87
20 86
20 85
20 85
20 84
20 83
21 82
21 81
21 80
21 80
21 79
21 78
22 77
22 76
22 75
22 74
22 74
22 73
22 72
23 71
23 70
23 69
23 68
23 68
23 67
22 66
22 65
22 64
22 64
22 63
22 62
22 61
22 60
22 59
22 59
22 58
21 57
21 56
21 55
21 55
20 54
19 54
19 54
18 55
18 55
18 56
18 57
18 57
18 58
17 59
17 60
17 60
17 61
17 62
17 63
17 63
18 62
18 61
19 60
20 59
20 58
21 57
22 56
23 55
23 54
24 53
25 52
25 51
26 50
26 50
26 51
26 52
26 53
26 54
27 55
27 56
27 57
27 58
27 59
27 60
27 60
27 61
27 62
27 63
27 64
27 65
27 66
27 66
27 67
27 68
27 69
27 70
27 71
27 71
27 72
27 73
27 74
27 75
27 76
27 76
27 77
27 78
27 79
27 80
27 80
27 81
27 82
27 82
28 83
28 83
28 82
28 81
28 81
28 80
29 79
29 78
29 78
29 77
29 76
30 75
30 74
30 73
30 73
30 72
31 71
31 70
31 69
31 69
31 68
31 67
30 66
30 65
30 64
30 64
30 63
30 62
30 61
30 60
30 60
30 59
29 58
29 57
29 56
29 56
28 55
28 55
27 56
27 56
27 57
27 58
27 58
27 59
26 60
26 61
26 61
26 62
26 63
26 63
26 64
26 65
26 66
26 66
26 65
27 64
27 63
28 62
28 61
29 60
29 59
29 58
30 57
30 56
31 55
31 54
31 53
32 52
32 51
33 50
33 49
34 48
34 47
34 47
34 48
34 48
34 48
35 49
35 50
35 50
35 51
35 52
35 53
35 54
35 55
35 55
35 56
35 57
35 58
35 59
35 60
35 61
35 61
35 62
35 63
35 64
35 65
35 65
35 66
35 67
35 68
35 69
35 69
35 70
35 71
35 72
35 72
35 73
35 74
35 74
35 74
35 74
35 73
36 72
36 71
36 71
36 70
36 69
37 68
37 67
37 66
37 66
37 65
37 64
37 63
37 62
37 61
37 60
37 60
37 59
37 58
38 57
38 56
38 55
38 54
38 54
38 53
39 52
39 51
39 51
39 50
39 49
39 49
39 50
39 51
39 51
39 52
40 53
40 54
40 54
40 55
40 56
40 57
40 58
40 59
40 59
40 60
40 61
40 62
40 63
40 63
40 64
40 65
40 66
40 67
40 67
40 68
40 69
40 70
40 71
40 71
40 72
40 73
40 73
40 74
40 75
40 75
41 76
41 77
41 77
41 77
41 76
41 75
41 74
41 73
41 72
42 71
42 70
42 69
42 68
42 67
42 66
42 65
42 64
42 63
42 62
42 61
43 60
43 59
43 58
43 57
43 56
43 55
43 54
43 53
43 52
43 51
43 50
44 49
44 48
44 47
44 46
44 45
44 44
44 43
44 42
44 41
44 40
45 39
45 38
45 37
45 36
45 35
45 34
45 33
45 32
45 31
45 30
45 29
46 28
46 27
46 26
46 25
46 24
46 23
46 22
46 21
46 20
46 19
46 18
47 17
47 16
47 15
47 14
47 13
47 12
47 12
47 13
48 14
48 15
48 16
48 16
48 17
48 18
48 18
48 19
48 20
47 21
47 22
47 23
47 23
47 24
47 25
47 26
47 27
47 28
47 29
47 30
47 31
47 31
47 32
47 33
47 34
47 35
47 36
47 37
47 38
47 38
47 39
47 40
47 41
47 42
47 43
47 44
47 45
47 46
47 46
47 47
47 48
46 49
46 50
46 51
46 52
46 52
46 53
46 54
46 55
47 56
47 57
47 58
47 59
47 59
47 60
47 61
47 62
47 63
47 63
47 64
47 65
47 66
47 67
47 67
48 68
48 69
48 69
48 70
48 71
48 71
49 72
49 72
49 71
49 70
50 69
50 68
50 67
50 66
50 65
51 64
51 63
51 62
51 61
51 60
52 59
52 58
52 57
52 56
52 55
53 54
53 53
53 52
53 51
53 50
54 49
54 48
54 47
54 46
54 45
55 44
55 43
55 42
55 42
56 43
56 44
56 44
56 45
56 46
56 46
56 47
56 48
56 49
56 50
56 50
56 51
56 52
56 53
56 54
56 55
56 55
56 56
56 57
55 58
55 59
55 60
55 60
55 61
55 62
55 63
55 63
55 64
55 65
55 66
55 66
55 67
55 68
55 68
55 69
55 70
55 70
55 71
55 71
55 71
55 70
55 69
55 68
55 67
55 66
55 65
55 64
55 63
55 62
55 61
55 60
55 59
55 58
55 57
55 56
55 55
55 54
55 53
55 52
55 51
55 50
55 49
55 48
56 47
56 46
56 45
56 44
56 43
56 42
56 41
56 40
56 39
56 38
56 37
56 36
56 35
56 34
56 33
56 32
56 31
56 30
56 29
56 28
56 27
56 26
56 25
56 24
56 23
56 23
57 22
58 22
58 22
58 21
58 21
58 21
58 21
58 21
58 21
58 21
59 22
59 22
59 23
59 23
59 24
60 25
60 26
61 27
61 28
61 29
62 30
62 31
63 32
63 33
64 34
64 35
64 36
65 37
65 38
66 39
66 40
66 41
67 42
67 43
68 44
68 45
68 45
68 45
68 44
68 43
68 43
68 42
68 41
68 41
68 41
68 40
68 40
68 40
67 41
67 41
66 42
66 43
66 43
66 44
65 45
65 46
65 46
65 47
64 48
64 49
64 49
64 50
64 51
64 52
64 53
64 53
64 54
64 55
64 56
64 56
64 57
64 58
64 59
64 59
64 60
64 60
65 61
65 62
65 62
66 61
66 61
67 60
67 59
67 59
67 58
67 57
67 56
67 56
67 55
68 54
68 53
68 53
68 52
69 51
69 50
69 50
70 49
70 48
70 48
70 47
70 47
70 47
71 48
71 49
71 49
71 50
71 51
71 52
71 52
71 53
71 54
71 55
71 55
71 56
71 57
71 58
71 59
71 60
71 60
71 61
71 62
71 63
71 64
71 65
71 66
71 67
71 68
71 68
71 69
71 70
70 71
70 72
70 73
70 74
70 74
70 75
70 76
70 77
70 78
70 79
70 80
70 80
70 81
70 82
69 83
69 84
69 85
69 85
69 86
69 87
69 88
69 89
69 90
69 90
69 91
68 92
68 93
68 93
68 94
67 95
67 96
67 96
66 97
66 98
66 98
65 99
65 99
64 99
64 99
63 99
63 99
62 98
62 98
61 97
61 96
61 96
61 95
62 94
62 93
62 92
63 91
63 90
63 89
64 88
64 87
64 86
64 85
65 84
65 83
65 82
66 81
66 80
66 79
67 78
67 77
67 76
68 75
68 74
68 73
69 72
69 71
69 70
69 69
70 68
70 67
70 66
71 65
71 64
71 63
72 62
72 61
72 60
73 59
73 58
73 57
74 56
74 55
74 54
74 53
75 52
75 51
75 50
76 49
76 48
76 47
77 46
77 45
77 44
78 43
78 42
78 41
79 40
79 39
79 38
79 37
80 36
80 35
80 34
81 33
81 32
81 32
81 31
81 30
81 29
81 28
81 27
81 26
81 25
81 24
81 23
81 23
81 22
81 21
81 20
81 19
81 19
81 18
81 17
81 16
81 15
81 15
81 14
81 13
81 12
81 11
81 11
81 10
81 9
81 8
81 7
81 6
81 6
81 5
81 4
81 3
81 3
81 2
81 1
81 1
81 0
81 0
81 1
81 1
80 2
80 3
80 3
80 4
80 5
80 6
80 7
80 8
80 9
80 9
80 10
80 11
80 12
80 13
80 14
80 15
80 16
80 16
80 17
80 18
80 19
80 20
80 21
80 22
80 23
80 24
80 25
80 26
80 26
80 27
80 28
80 29
80 30
80 31
80 32
80 33
80 34
80 35
80 36
80 36
80 37
80 38
80 39
80 40
80 41
80 42
80 43
80 44
80 45
80 45
80 46
80 47
80 48
80 49
80 50
80 51
80 52
80 53
80 53
80 54
80 55
80 56
80 57
80 58
80 58
80 59
80 60
80 61
80 61
80 62
80 63
80 64
80 64
80 65
80 65
80 65
80 65
80 64
80 63
80 63
80 62
80 61
80 60
80 59
80 59
80 58
80 57
80 56
81 55
81 54
81 53
81 52
81 52
81 51
81 50
81 49
82 48
82 47
82 46
82 45
82 45
82 44
82 43
83 42
83 41
83 40
83 39
83 39
83 38
84 37
84 36
84 36
84 35
84 35
85 36
85 37
85 37
85 38
85 39
85 40
85 41
85 41
85 42
85 43
85 44
85 45
85 46
85 46
85 47
85 48
85 49
85 50
85 51
85 52
85 52
85 53
85 54
85 55
85 56
85 57
85 58
85 58
85 59
85 60
85 61
85 62
85 62
85 63
85 64
85 65
85 66
85 66
85 67
85 68
85 68
86 69
86 69
86 70
86 70
86 69
86 68
87 67
87 66
87 65
87 64
87 63
87 62
88 61
88 60
88 59
88 58
88 57
88 56
89 55
89 54
89 53
89 52
89 51
89 50
90 49
90 48
90 47
90 46
90 46
89 47
89 48
89 48
89 47
89 46
89 46
89 46
90 46
90 46
91 46
91 46
91 45
92 44
92 43
92 42
92 42
93 41
94 40
94 40
95 40
96 40
96 40
97 39
97 39
98 39
98 39
98 39
98 40
98 40
98 40
98 39
97 38
97 37
97 36
97 35
96 34
96 33
96 32
96 31
95 30
95 29
95 28
95 27
94 26
94 25
94 25
94 24
94 23
94 22
94 21
94 21
94 20
94 19
94 19
94 18
94 17
94 17
94 17
94 18
94 19
94 19
94 20
93 21
93 22
93 23
93 23
93 24
93 25
93 26
93 27
93 28
93 29
93 30
93 30
93 31
93 32
93 33
93 34
93 35
93 36
93 37
93 38
93 38
93 39
93 40
93 41
93 42
93 43
93 44
93 45
93 46
93 47
93 47
93 48
93 49
93 50
93 51
93 52
93 53
93 54
93 54
93 55
93 56
94 57
94 58
94 59
94 60
94 60
94 61
94 62
94 63
94 64
94 64
95 65
95 66
95 66
96 67
96 67
97 67
97 67
97 67
98 66
98 66
99 65
