0 13
1 12
1 12
1 11
1 10
1 9
1 8
1 8
1 8
1 9
1 9
1 10
1 11
1 12
1 12
1 13
1 14
1 15
1 16
1 17
1 18
1 18
1 19
1 20
1 21
1 22
1 23
1 24
1 25
1 25
1 26
1 27
1 28
1 29
1 30
1 31
1 32
1 33
1 33
1 34
1 35
1 36
1 37
1 38
1 39
1 40
1 40
1 41
1 42
1 43
1 44
1 45
1 46
1 46
1 47
1 48
1 49
1 50
1 50
1 51
1 52
1 53
1 54
1 54
1 55
1 56
1 57
1 58
1 58
1 59
1 60
1 61
1 61
2 62
2 62
2 63
2 63
2 62
2 61
2 60
2 59
2 58
2 57
2 56
2 55
2 54
2 53
1 52
1 51
1 50
1 49
1 48
1 47
1 46
1 45
1 44
1 43
1 42
1 41
1 40
1 39
1 38
1 37
1 36
1 35
1 34
1 33
1 32
0 31
0 30
0 29
0 28
0 27
0 26
0 25
0 24
0 23
0 22
0 21
0 21
0 20
0 19
0 19
0 19
0 18
0 18
1 18
1 18
1 19
1 19
2 20
2 20
2 21
2 22
2 23
2 24
2 24
2 25
2 26
3 27
3 28
3 29
3 29
3 30
3 31
4 32
4 33
4 34
4 35
4 35
4 36
4 37
4 38
4 39
4 40
4 40
4 41
5 42
5 43
5 44
5 44
5 45
5 46
5 47
5 47
6 48
6 49
6 49
6 50
6 50
6 51
6 51
6 51
6 50
6 49
6 49
6 48
6 47
6 46
6 46
6 45
6 44
7 43
7 42
7 41
7 41
7 40
7 39
7 38
7 37
7 36
7 35
7 34
7 34
7 33
7 32
7 31
8 30
8 29
8 28
8 27
8 27
8 26
8 25
8 24
9 23
9 22
9 21
9 20
9 19
9 19
9 18
9 17
10 16
10 15
10 14
10 14
10 13
10 12
10 11
10 11
10 11
11 11
11 11
11 12
11 12
11 13
11 14
11 15
11 15
11 16
11 17
11 18
11 19
11 20
11 20
11 21
11 22
11 23
11 24
11 25
11 26
11 26
11 27
11 28
11 29
11 30
11 31
11 32
11 33
11 33
11 34
11 35
11 36
12 37
12 38
12 39
12 40
12 41
12 41
12 42
12 43
12 44
12 45
12 46
12 47
12 48
12 48
12 49
12 50
12 51
12 52
12 53
12 54
12 55
12 56
12 56
12 57
12 58
12 59
12 60
12 61
12 61
12 62
12 63
13 64
13 65
13 66
13 66
13 67
13 68
13 69
13 69
13 70
13 71
13 71
13 72
13 73
13 73
13 74
13 74
13 74
13 74
13 73
13 72
14 71
14 70
14 69
14 68
14 67
14 66
15 65
15 64
15 63
15 62
15 61
15 60
16 59
16 58
16 57
16 56
16 55
16 54
17 53
17 52
17 51
17 50
17 49
17 48
18 47
18 46
18 45
18 44
18 43
18 42
19 41
19 40
19 39
19 38
19 38
19 39
20 40
20 41
20 41
20 42
19 43
19 44
19 44
19 45
19 46
19 47
19 47
19 48
19 49
19 50
18 51
18 52
18 53
18 54
18 54
18 55
18 56
18 57
18 58
18 59
18 60
18 60
18 61
18 62
18 63
18 64
18 64
18 65
18 66
18 66
19 67
19 67
20 68
20 68
21 67
21 66
21 66
21 65
22 64
22 63
22 63
22 62
22 61
22 60
22 59
22 58
22 58
22 57
22 56
22 55
22 55
22 54
22 53
22 52
22 52
22 51
21 50
21 49
21 48
21 48
21 47
20 46
20 45
20 45
19 44
19 44
18 44
18 44
17 45
17 45
18 45
19 44
20 44
21 44
22 43
23 43
24 43
25 43
26 42
27 42
27 42
27 43
27 44
27 45
27 46
27 47
27 47
27 48
27 48
27 49
27 50
27 51
27 52
27 52
27 53
27 54
26 55
26 56
26 57
26 58
26 58
26 59
26 60
26 61
26 61
26 62
27 63
27 64
27 64
28 65
28 65
29 65
29 65
30 64
30 63
30 63
30 62
31 61
31 60
31 60
31 59
32 58
32 57
32 56
32 56
32 55
32 54
32 53
32 52
32 52
32 51
32 50
32 49
32 48
32 48
32 47
31 46
31 45
31 45
31 44
30 43
30 42
30 42
29 41
29 40
29 40
28 40
28 40
28 40
27 41
27 42
27 42
28 41
29 40
30 39
31 39
32 38
33 37
34 36
34 36
35 36
35 36
35 36
35 37
35 38
35 38
35 39
35 39
35 40
36 41
36 42
36 42
36 43
36 44
36 45
36 45
36 46
36 47
36 48
36 49
36 49
36 50
36 51
36 52
36 53
36 54
36 54
36 55
36 56
36 57
36 58
36 58
36 59
36 60
36 61
36 61
36 62
36 63
36 63
36 63
36 63
36 63
36 62
37 61
37 60
37 60
37 59
37 58
37 57
37 56
37 55
37 54
37 54
37 53
37 52
37 51
37 50
37 49
37 48
37 48
37 47
38 46
38 45
38 44
38 44
38 43
39 42
39 41
39 41
39 40
39 40
40 40
40 40
40 41
40 42
40 42
40 43
41 44
41 45
41 45
41 46
41 47
41 48
41 48
41 49
41 50
41 51
41 52
41 52
41 53
41 54
41 55
41 56
41 56
41 57
41 58
41 59
41 59
41 60
42 61
42 62
42 62
42 63
42 64
42 64
42 63
42 62
42 61
43 60
43 59
43 58
43 57
43 56
43 55
44 54
44 53
44 52
44 51
44 50
44 49
45 48
45 47
45 46
45 45
45 44
45 43
46 42
46 41
46 40
46 39
46 38
46 37
46 36
47 35
47 34
47 33
47 32
47 31
47 30
48 29
48 28
48 27
48 26
48 25
48 24
49 23
49 22
49 21
49 20
49 20
49 20
49 19
49 18
49 17
49 16
49 15
49 15
49 14
49 13
49 12
49 12
48 11
48 11
48 10
48 9
48 9
48 9
48 9
48 10
48 11
48 11
48 12
48 13
49 14
49 15
49 16
49 16
49 17
49 18
49 19
49 20
49 21
49 22
49 22
49 23
49 24
49 25
49 26
49 27
49 28
49 29
49 30
49 30
49 31
49 32
49 33
49 34
49 35
49 36
49 37
49 37
49 38
49 39
49 40
49 41
49 42
49 43
49 44
49 44
49 45
49 46
50 47
50 48
50 49
50 49
50 50
50 51
50 52
50 53
50 53
50 54
50 55
50 56
50 57
50 57
50 58
50 59
50 60
50 60
50 61
50 62
50 63
50 63
50 64
50 65
50 65
50 66
50 67
50 67
50 66
50 65
51 64
51 63
51 62
51 61
52 60
52 59
52 58
52 57
53 56
53 55
53 54
53 53
54 52
54 51
54 50
54 49
55 48
55 47
55 46
55 45
55 44
56 43
56 42
56 41
56 40
57 39
57 38
57 37
57 36
58 35
58 34
58 33
58 32
59 31
59 30
59 29
59 29
59 30
59 31
60 32
60 33
60 34
60 35
60 35
60 36
60 37
60 37
60 38
60 39
59 40
59 41
59 42
59 42
59 43
59 44
59 45
59 46
59 46
59 47
59 48
59 49
59 49
59 50
59 51
59 52
59 52
59 53
59 54
59 54
59 55
59 56
59 56
59 57
59 57
59 58
59 58
59 58
59 58
59 57
59 56
59 55
59 54
59 53
59 52
59 51
59 50
59 49
59 48
59 47
59 46
59 45
59 44
59 43
59 42
59 41
59 40
58 39
58 38
58 37
58 36
58 35
58 34
58 33
58 32
58 31
58 30
58 29
58 28
58 27
58 26
58 25
58 24
58 23
58 22
58 21
58 21
58 20
58 20
58 19
59 18
59 17
59 16
59 16
59 15
59 15
59 15
59 15
59 15
59 15
59 16
59 16
59 16
59 17
59 18
59 18
59 19
59 19
60 20
60 21
61 22
61 23
62 24
63 25
63 26
64 27
65 28
65 29
66 30
66 31
67 32
68 33
68 34
69 35
69 36
70 37
70 37
71 38
71 38
71 37
71 36
71 36
72 35
72 35
72 34
72 33
72 33
71 32
71 31
71 31
71 30
71 29
71 29
70 29
70 29
69 30
69 30
68 31
68 32
68 32
68 33
68 34
68 35
68 35
68 36
67 37
67 38
67 39
67 39
67 40
67 41
67 42
67 42
67 43
67 44
67 44
68 45
68 46
68 46
68 47
68 47
69 46
69 46
70 45
70 45
71 44
71 43
71 43
71 42
71 41
71 40
71 40
72 39
72 38
72 38
72 37
72 37
72 36
72 36
72 37
72 37
72 38
72 38
72 39
73 40
73 41
73 41
73 42
73 43
73 44
73 45
73 45
73 46
73 47
73 48
73 49
73 50
73 51
73 51
73 52
73 53
73 54
73 55
73 56
73 57
73 58
73 59
73 59
73 60
73 61
73 62
73 63
73 64
73 65
73 66
73 67
73 67
73 68
73 69
73 70
73 71
73 72
73 73
73 74
73 75
73 75
73 76
73 77
73 78
73 79
73 80
73 81
73 82
73 82
73 83
73 84
73 85
73 86
73 87
73 87
73 88
73 89
72 90
72 91
72 92
72 92
72 93
71 94
71 95
71 95
71 96
70 97
70 98
70 98
69 99
68 99
68 99
67 99
67 99
66 98
66 98
65 97
64 96
64 96
64 95
63 94
63 93
63 93
63 92
62 91
62 90
62 90
62 89
62 89
62 88
62 87
63 86
63 85
63 84
63 83
63 82
63 81
64 80
64 79
64 78
64 77
64 76
65 75
65 74
65 73
65 72
65 71
65 70
66 69
66 68
66 67
66 66
66 65
67 64
67 63
67 62
67 61
67 60
68 59
68 58
68 57
68 56
68 55
68 54
69 53
69 52
69 51
69 50
69 49
70 48
70 47
70 46
70 45
70 44
70 43
71 42
71 41
71 40
71 39
71 38
72 37
72 36
72 35
72 34
72 33
72 32
73 31
73 30
73 29
73 28
73 27
74 26
74 25
74 24
74 23
74 22
75 21
75 20
75 19
75 18
75 17
75 16
76 15
76 14
76 13
76 12
76 11
77 10
77 9
77 8
77 7
77 6
77 5
78 4
78 3
78 2
78 2
78 1
78 0
78 0
79 0
79 0
79 1
79 2
79 3
79 4
79 4
79 5
79 6
79 7
79 8
79 9
79 10
79 10
79 11
79 12
79 13
79 13
79 14
79 15
79 16
79 17
79 18
79 19
79 19
79 20
79 21
79 22
79 23
79 24
79 25
79 26
79 27
79 28
79 28
79 29
79 30
79 31
79 32
79 33
79 34
79 35
79 36
79 37
79 37
79 38
79 39
79 40
79 41
79 42
79 43
79 44
79 44
79 45
79 46
79 47
79 48
79 49
79 49
79 50
79 51
79 52
79 53
79 53
79 54
79 55
79 55
79 56
79 57
79 57
79 57
79 57
79 56
79 56
79 55
79 54
79 53
79 52
79 51
79 51
79 50
79 49
79 48
79 47
79 46
79 45
79 45
79 44
79 43
79 42
80 41
80 40
80 39
80 38
80 38
80 37
80 36
80 35
80 34
80 33
80 33
80 32
81 31
81 30
81 30
82 29
82 28
82 28
83 29
83 29
83 30
83 31
83 31
83 32
84 33
84 34
84 35
84 35
84 36
84 37
84 38
84 39
84 39
84 40
84 41
84 42
84 43
84 43
84 44
84 45
84 46
84 47
84 47
84 48
84 49
84 50
84 50
84 51
85 52
85 53
85 53
85 54
85 54
85 55
85 56
85 56
85 56
85 55
85 54
85 53
85 52
85 51
85 50
86 49
86 48
86 47
86 46
86 45
86 44
86 43
86 42
86 41
86 40
86 39
86 38
86 37
87 36
87 35
87 34
87 33
87 32
87 31
87 30
87 30
87 31
88 32
88 33
88 34
88 34
88 33
88 33
89 32
89 31
89 31
90 30
90 30
91 29
91 28
91 28
92 27
93 26
93 26
94 25
95 25
95 25
96 24
96 23
96 23
97 22
97 21
97 21
98 21
98 21
98 20
98 20
99 20
99 20
98 20
98 20
98 19
97 18
97 17
97 16
96 15
96 14
96 13
95 12
95 11
95 10
94 9
94 8
94 7
93 6
93 5
93 5
93 6
93 7
93 7
93 7
93 6
93 5
93 5
93 6
93 7
93 8
93 8
93 9
93 10
93 11
93 12
93 13
93 13
93 14
93 15
92 16
92 17
92 18
92 19
92 19
92 20
92 21
92 22
92 23
92 24
92 25
92 26
92 27
92 27
92 28
92 29
92 30
91 31
91 32
91 33
91 34
91 35
91 35
91 36
91 37
91 38
91 39
91 40
91 41
91 42
91 42
91 43
91 44
91 45
91 46
91 47
91 47
91 48
92 49
92 50
92 51
92 51
92 52
92 53
92 54
92 54
93 55
93 55
94 56
94 56
95 55
95 55
96 54
96 53
96 53
97 52
97 52
97 51
97 51
98 50
