0 25
0 24
0 24
0 23
0 22
0 22
0 22
0 22
0 22
0 22
0 23
0 24
0 24
0 25
0 26
0 27
0 28
0 28
0 29
0 30
0 31
0 32
0 33
0 34
0 34
0 35
0 36
0 37
0 38
0 39
0 40
0 41
0 41
0 42
0 43
0 44
0 45
0 46
0 47
0 48
0 49
0 50
0 50
0 51
0 52
0 53
0 54
0 55
0 56
0 57
0 58
0 59
0 59
0 60
0 61
0 62
0 63
0 64
0 65
0 66
0 67
0 68
0 68
0 69
0 70
0 71
0 72
0 73
0 74
0 75
0 75
0 76
0 77
0 78
0 79
0 80
0 81
0 81
0 82
0 83
0 84
0 85
0 85
0 86
0 87
0 87
0 88
0 88
0 88
0 87
0 86
0 86
0 85
0 84
0 83
0 82
0 81
0 80
0 79
0 78
0 77
0 76
0 75
0 74
0 73
0 72
0 71
0 70
0 69
0 68
0 67
0 66
0 65
0 64
0 63
0 62
0 61
0 60
1 59
1 58
1 57
1 56
1 55
1 54
1 53
1 52
1 51
1 50
1 49
1 48
1 47
1 46
1 45
1 44
1 43
1 42
1 41
1 40
1 39
1 38
1 37
1 36
1 35
1 34
1 33
1 32
1 32
1 31
1 30
1 29
1 28
1 27
1 26
1 25
1 25
1 24
1 24
1 24
1 25
1 25
2 26
2 27
2 27
2 28
2 29
2 30
2 30
2 31
2 32
3 33
3 34
3 35
3 35
3 36
3 37
3 38
3 39
3 39
3 40
3 41
4 42
4 43
4 44
4 45
4 45
4 46
4 47
5 48
5 49
5 50
5 51
5 51
5 52
5 53
6 54
6 55
6 56
6 56
6 57
6 58
6 59
6 60
6 60
7 61
7 62
7 62
7 63
7 64
7 64
8 64
8 64
8 64
8 63
9 62
9 61
9 61
9 60
10 59
10 58
10 57
10 57
10 56
10 55
10 54
10 53
10 52
10 52
10 51
10 50
10 49
11 48
11 47
11 46
11 45
11 45
11 44
11 43
11 42
11 41
11 40
11 39
11 38
11 37
11 37
11 36
11 35
11 34
12 33
12 32
12 31
12 30
12 29
12 29
12 28
12 27
12 26
12 25
12 24
12 23
12 22
12 22
12 21
12 20
13 19
13 18
13 17
13 16
13 16
13 15
13 14
13 13
13 13
14 12
14 12
14 12
14 12
14 13
14 14
14 15
14 15
14 16
14 17
14 18
14 19
14 19
14 20
14 21
14 22
14 23
14 24
14 25
14 25
14 26
14 27
14 28
14 29
14 30
14 31
14 32
14 33
14 33
14 34
14 35
14 36
14 37
14 38
14 39
14 40
14 41
14 42
14 43
14 43
14 44
14 45
14 46
14 47
14 48
14 49
14 50
14 51
14 52
14 53
14 53
14 54
14 55
14 56
14 57
14 58
14 59
14 60
14 61
14 62
14 62
14 63
14 64
14 65
15 66
15 67
15 68
15 69
15 69
15 70
15 71
15 72
15 73
15 74
15 75
15 75
15 76
15 77
15 78
15 78
15 79
15 80
15 80
16 81
16 81
16 80
16 79
17 78
17 77
17 76
17 75
18 74
18 73
18 72
18 71
19 70
19 69
19 68
19 67
20 66
20 65
20 64
20 63
20 62
21 61
21 60
21 59
21 58
22 57
22 56
22 55
22 54
23 53
23 52
23 51
23 51
22 50
22 49
22 49
22 49
22 49
22 49
22 49
21 50
21 51
21 51
21 52
21 53
21 53
21 54
21 55
21 56
21 57
21 57
21 58
21 59
21 60
21 61
21 61
21 62
21 63
21 64
21 65
21 65
21 66
21 67
21 68
21 69
21 70
21 70
21 71
21 72
21 73
21 74
21 74
21 75
21 76
21 77
21 78
21 78
22 78
22 78
22 78
23 78
23 78
23 77
23 76
23 76
23 75
24 74
24 73
24 73
24 72
25 71
25 70
25 69
25 69
25 68
25 67
25 66
25 66
25 65
25 64
25 63
25 63
25 62
25 61
25 60
25 60
25 59
25 58
25 58
25 57
25 56
25 55
25 55
24 54
24 54
24 54
23 54
23 54
22 55
22 55
22 56
22 56
22 57
22 57
23 57
24 56
25 56
26 55
27 55
28 55
29 54
30 54
31 53
32 53
32 53
31 52
31 52
31 52
31 51
31 51
31 51
31 51
31 51
30 51
30 51
30 52
30 52
30 53
30 53
30 54
30 55
30 55
30 56
30 57
30 57
30 58
30 59
30 59
30 60
30 61
30 62
30 62
30 63
30 64
30 65
30 65
30 66
30 67
30 67
31 68
31 69
31 69
31 70
31 70
31 70
32 70
32 70
32 69
32 69
33 68
33 67
33 67
34 66
34 65
34 65
34 64
34 63
34 63
34 62
34 61
34 61
34 60
34 59
34 58
34 58
34 57
34 56
34 56
34 55
34 54
34 53
34 53
33 52
33 52
33 51
33 51
33 51
32 52
32 52
31 53
31 53
31 54
31 54
31 55
31 55
31 55
32 54
33 53
33 52
34 51
35 50
36 49
37 48
37 47
38 46
39 45
39 45
39 45
39 45
39 45
39 46
39 46
39 47
39 47
39 48
39 48
39 49
38 50
38 51
38 51
38 52
38 53
38 54
38 54
38 55
38 56
38 57
38 58
38 58
38 59
38 60
38 60
38 61
38 62
38 63
38 63
38 64
38 65
38 65
38 66
38 67
38 67
39 67
39 67
39 68
39 68
39 68
39 67
39 67
39 66
39 66
39 65
39 64
39 63
39 63
39 62
40 61
40 60
40 60
40 59
40 58
40 57
40 56
40 56
40 55
41 54
41 53
41 52
41 52
41 51
41 50
41 50
42 49
42 49
42 48
42 48
43 49
43 49
43 50
43 50
43 51
43 52
43 52
43 53
43 54
43 54
43 55
44 56
44 57
44 57
44 58
44 59
44 60
44 60
44 61
44 62
44 63
44 63
44 64
44 65
44 65
44 66
44 67
44 67
44 68
44 68
44 69
44 69
45 69
45 69
45 68
45 67
45 66
46 65
46 64
46 63
46 62
46 61
46 60
46 59
47 58
47 57
47 56
47 55
47 54
47 53
47 52
48 51
48 50
48 49
48 48
48 47
48 46
48 45
49 44
49 43
49 42
49 41
49 40
49 39
50 38
50 37
50 36
50 35
50 34
50 33
50 32
51 31
51 30
51 29
51 28
51 27
51 26
51 25
52 24
52 23
52 22
52 21
52 20
52 19
52 18
53 17
53 16
53 15
53 14
53 14
53 13
53 12
53 12
53 11
53 11
53 11
53 11
53 11
53 12
53 13
53 13
53 14
53 15
53 16
53 16
53 17
53 18
53 19
53 19
53 20
53 21
53 22
53 23
53 24
53 25
53 25
53 26
53 27
53 28
52 29
52 30
52 31
52 32
52 32
52 33
52 34
52 35
52 36
52 37
52 37
52 38
52 39
52 40
52 41
52 42
52 43
52 43
52 44
52 45
52 46
52 47
52 48
52 49
52 50
52 51
52 51
52 52
52 53
52 54
52 55
52 56
52 57
52 57
52 58
52 59
52 60
52 61
52 62
52 62
52 63
52 64
52 65
52 66
52 66
52 67
53 68
53 69
53 70
53 70
53 71
53 72
53 72
53 73
53 74
53 74
53 74
53 74
53 73
54 72
54 71
54 70
55 69
55 68
55 67
56 66
56 65
56 64
57 63
57 62
57 61
58 60
58 59
58 58
59 57
59 56
60 55
60 54
60 53
61 52
61 51
61 50
62 49
62 48
62 47
63 46
63 45
63 44
64 43
64 42
64 41
65 40
65 39
65 39
64 40
64 40
64 41
64 41
64 41
64 42
64 43
64 43
64 44
64 44
64 45
64 46
64 47
64 47
64 48
64 49
64 50
64 50
64 51
64 52
64 52
64 53
64 54
64 55
64 55
64 56
64 57
64 57
65 58
65 59
65 59
65 60
65 60
65 61
65 61
65 61
65 61
65 61
65 60
65 59
65 59
65 58
65 57
65 56
65 55
65 54
65 53
65 52
65 51
65 50
65 49
65 48
65 47
65 46
65 45
65 44
65 43
65 42
65 41
65 40
65 39
65 38
65 37
65 36
65 35
65 34
65 33
65 32
65 32
65 31
65 30
65 29
65 28
65 28
65 27
65 26
65 25
65 25
65 24
65 23
65 23
65 23
65 23
65 23
65 23
65 24
65 24
66 25
66 25
66 26
66 26
67 27
67 28
68 29
68 30
69 31
69 32
70 33
70 34
71 35
71 36
72 37
72 38
73 39
73 40
74 41
74 42
75 43
75 43
75 44
75 44
75 43
75 43
75 42
75 42
75 42
75 41
75 41
75 40
75 40
75 39
75 39
75 38
75 38
74 37
74 36
74 36
74 35
74 35
74 34
74 34
74 33
74 32
74 32
74 31
74 31
74 31
73 30
73 30
73 30
73 31
73 31
72 32
72 32
72 33
72 33
72 34
72 35
72 36
72 36
72 37
72 38
72 39
72 39
72 40
71 41
71 42
71 43
71 43
71 44
71 45
71 46
71 47
71 47
71 48
71 49
71 50
71 51
71 52
71 52
71 53
71 54
71 55
71 55
71 56
71 57
71 58
71 58
71 59
71 60
71 60
71 61
71 61
72 61
72 61
72 61
72 60
72 60
72 59
72 58
72 58
73 57
73 56
73 56
73 55
73 54
73 53
73 53
73 52
73 51
73 50
73 49
73 49
73 48
74 47
74 46
74 46
74 45
74 44
74 44
74 43
74 42
74 42
74 42
74 42
74 42
74 43
74 43
74 44
74 44
74 45
74 46
74 47
74 47
74 48
74 49
74 50
74 51
74 51
74 52
74 53
74 54
74 55
74 56
74 56
74 57
74 58
74 59
74 60
74 60
74 61
74 62
74 63
74 64
74 65
74 66
74 66
74 67
74 68
74 69
74 70
74 71
74 71
74 72
74 73
74 74
74 75
74 76
74 77
74 77
74 78
74 79
73 80
73 81
73 82
73 83
73 83
73 84
73 85
73 86
73 87
73 87
73 88
72 89
72 90
72 91
72 91
72 92
72 93
72 94
72 95
72 95
71 96
71 97
71 97
70 98
70 98
69 99
69 99
68 99
68 99
67 99
67 99
66 98
66 98
65 97
65 97
64 97
64 97
63 96
63 96
63 95
63 95
63 94
63 94
63 93
63 92
63 91
63 91
63 90
63 89
64 88
64 87
64 86
64 85
65 84
65 83
65 82
65 81
66 80
66 79
66 78
66 77
66 76
67 75
67 74
67 73
67 72
68 71
68 70
68 69
68 68
69 67
69 66
69 65
69 64
69 63
70 62
70 61
70 60
70 59
71 58
71 57
71 56
71 55
72 54
72 53
72 52
72 51
72 50
73 49
73 48
73 47
73 46
74 45
74 44
74 43
74 42
75 41
75 40
75 39
75 38
75 37
76 36
76 35
76 34
76 33
77 32
77 31
77 30
77 29
78 28
78 27
78 26
78 25
78 24
79 23
79 22
79 21
79 20
80 19
80 18
80 17
80 16
81 15
81 14
81 13
81 12
81 11
82 10
82 9
82 8
82 7
83 6
83 5
83 4
83 3
84 2
84 1
84 0
84 0
84 0
84 0
84 0
83 0
83 0
83 1
83 1
83 2
83 3
83 4
83 4
83 5
83 6
83 7
83 7
83 8
82 9
82 10
82 11
82 11
82 12
82 13
82 14
82 15
82 16
82 16
82 17
82 18
82 19
82 20
82 21
82 22
82 23
82 23
82 24
82 25
82 26
82 27
82 28
82 29
82 29
82 30
82 31
82 32
81 33
81 34
81 35
81 36
81 36
81 37
81 38
81 39
81 40
81 41
81 42
81 42
81 43
81 44
81 45
81 46
81 47
81 47
81 48
81 49
81 50
81 51
81 51
81 52
80 53
80 54
80 54
80 55
80 56
80 56
80 57
80 57
80 58
80 58
80 58
80 58
80 57
80 56
80 56
80 55
80 54
80 54
80 53
81 52
81 51
81 51
81 50
81 49
81 48
81 47
81 47
81 46
81 45
81 44
81 43
81 43
81 42
82 41
82 40
82 40
82 39
82 38
82 37
82 37
83 36
83 35
83 35
83 34
83 33
83 33
84 33
84 33
84 33
84 33
85 34
85 35
85 35
85 36
85 37
85 38
85 38
85 39
85 40
85 41
85 42
85 42
85 43
86 44
86 45
86 46
86 46
86 47
86 48
86 49
86 50
86 50
86 51
86 52
86 53
86 54
86 54
86 55
86 56
86 56
86 57
86 58
86 58
86 59
86 59
86 60
86 60
86 60
86 59
86 58
86 57
87 56
87 55
87 54
87 53
87 52
87 51
88 50
88 49
88 48
88 47
88 46
88 45
88 44
89 43
89 42
89 41
89 40
89 39
89 38
90 37
90 36
90 35
90 34
90 34
89 35
89 35
89 35
89 35
89 35
89 34
89 34
89 34
90 34
90 34
91 33
91 33
92 33
92 33
93 32
93 32
94 31
94 31
95 30
95 30
96 29
96 29
96 29
97 28
97 28
97 28
98 27
98 27
98 27
97 27
97 27
97 27
97 27
97 26
97 25
96 24
96 23
96 22
96 21
96 20
96 19
95 18
95 17
95 16
95 16
95 16
95 15
95 15
95 15
95 15
94 16
94 17
94 17
94 18
94 19
94 19
94 20
94 21
94 22
94 22
94 23
94 24
94 25
94 26
94 27
94 27
94 28
94 29
93 30
93 31
93 32
93 32
93 33
93 34
93 35
93 36
93 37
93 38
93 39
93 39
93 40
93 41
93 42
93 43
93 44
93 45
93 45
93 46
93 47
93 48
93 49
93 50
93 51
93 51
93 52
93 53
93 54
93 55
93 55
93 56
93 57
93 58
93 58
94 59
94 60
94 60
94 61
94 62
94 62
95 62
95 62
96 61
96 61
97 60
97 60
98 59
98 58
98 58
98 57
99 56
99 55
