2 22
2 23
2 24
2 24
1 25
1 25
1 26
1 27
1 28
1 29
1 29
1 30
1 31
1 32
1 33
1 34
1 34
1 35
1 36
1 37
1 38
1 39
1 39
1 40
1 41
1 42
1 43
1 44
1 45
1 45
1 46
1 47
1 48
0 49
0 50
0 51
0 52
0 52
0 53
0 54
0 55
0 56
0 57
0 58
0 58
0 59
0 60
0 61
0 62
0 63
0 64
0 65
0 65
0 66
0 67
0 68
0 69
0 70
0 71
0 71
0 72
0 73
0 74
0 75
0 76
0 77
0 77
0 78
0 79
0 80
0 81
0 81
0 82
0 83
0 84
0 84
0 85
0 86
0 86
0 87
0 87
0 87
0 86
0 85
0 84
0 83
0 82
0 81
0 80
0 79
0 78
0 77
1 76
1 75
1 74
1 73
1 72
1 71
1 70
1 69
1 68
1 67
1 66
1 65
1 64
1 63
1 62
1 61
1 60
1 59
1 58
1 57
1 56
2 55
2 54
2 53
2 52
2 51
2 50
2 49
2 48
2 47
2 46
2 45
2 44
2 43
2 42
2 41
2 40
2 39
2 38
2 37
2 36
2 35
3 34
3 33
3 32
3 31
3 30
3 29
3 28
3 27
3 26
3 25
3 24
3 24
3 25
3 25
3 24
3 24
3 24
3 25
3 25
3 26
3 27
3 28
3 28
4 29
4 30
4 30
4 31
4 32
4 33
4 33
4 34
4 35
4 36
4 37
4 37
4 38
4 39
4 40
4 40
4 41
4 42
4 43
4 44
4 44
4 45
4 46
4 47
4 48
4 48
4 49
5 50
5 51
5 52
5 52
5 53
5 54
5 55
5 55
5 56
5 57
5 58
5 58
5 59
6 60
6 61
6 61
6 62
6 62
7 63
7 63
7 64
7 64
8 63
8 63
8 62
8 62
8 61
8 60
8 59
8 59
8 58
9 57
9 56
9 56
9 55
9 54
9 53
9 52
9 52
9 51
9 50
10 49
10 48
10 47
10 47
10 46
10 45
11 44
11 43
11 42
11 42
11 41
11 40
11 39
11 38
11 37
11 36
11 36
11 35
11 34
12 33
12 32
12 31
12 30
12 30
12 29
12 28
12 27
12 26
12 26
13 25
13 24
13 24
13 23
13 23
13 24
13 24
14 25
14 25
14 26
14 27
14 28
14 29
14 30
14 30
14 31
14 32
14 33
15 34
15 35
15 36
15 37
15 37
15 38
15 39
15 40
15 41
15 42
15 43
15 44
15 45
15 46
15 47
15 47
15 48
15 49
15 50
15 51
15 52
15 53
15 54
15 55
15 56
15 56
15 57
15 58
15 59
15 60
16 61
16 62
16 63
16 64
16 65
16 66
16 66
16 67
16 68
16 69
16 70
16 71
16 72
16 73
16 74
16 74
16 75
16 76
16 77
16 78
16 79
16 80
16 80
16 81
16 82
16 83
16 84
16 84
16 85
16 86
16 87
16 87
17 88
17 89
17 89
17 90
17 90
17 91
17 91
17 90
17 90
17 89
17 88
17 87
18 86
18 85
18 84
18 83
18 82
18 81
19 80
19 79
19 78
19 77
19 76
19 75
20 74
20 73
20 72
20 71
20 70
20 69
21 68
21 67
21 66
21 65
21 64
21 63
21 62
22 61
22 60
22 59
22 58
22 57
22 56
23 55
23 54
23 53
23 52
23 51
23 50
24 49
24 48
24 47
24 46
24 46
24 46
24 46
24 46
24 46
24 46
24 47
24 48
24 48
24 49
24 50
24 50
24 51
24 52
24 52
24 53
24 54
24 55
24 55
24 56
24 57
24 58
24 58
24 59
24 60
24 61
24 61
24 62
24 63
24 63
24 64
24 65
24 66
24 66
25 67
25 67
25 68
25 68
25 68
26 68
26 68
27 67
27 66
27 66
27 65
28 64
28 63
28 63
28 62
28 61
28 60
28 60
28 59
29 58
29 57
29 57
29 56
29 55
29 54
29 53
29 53
30 52
30 51
30 51
30 50
29 49
29 48
29 48
29 47
29 46
29 46
29 45
29 44
29 44
28 43
28 43
28 43
27 44
27 44
27 45
27 45
26 46
26 47
26 47
26 48
26 49
26 49
26 50
26 50
27 49
28 49
29 48
30 47
31 46
32 46
33 45
34 44
35 44
36 43
36 43
36 44
36 44
36 45
36 46
36 46
36 47
36 47
36 48
36 49
36 50
36 50
36 51
36 52
36 53
36 53
36 54
36 55
36 55
36 56
36 57
36 57
36 58
36 58
36 59
36 59
36 60
36 60
37 60
37 60
37 59
37 59
38 58
38 57
38 57
38 56
39 55
39 54
39 54
39 53
39 52
39 52
39 51
39 50
39 49
39 49
39 48
39 47
39 46
39 46
39 45
39 45
38 44
38 44
37 44
37 44
37 45
37 45
36 46
36 47
36 47
36 48
36 48
35 49
35 50
35 50
36 49
36 48
37 47
37 46
38 45
39 44
39 43
40 42
41 41
41 40
42 39
42 38
43 37
43 37
43 37
43 37
43 38
43 38
43 39
43 39
43 40
43 41
43 42
43 42
43 43
43 44
43 45
43 45
43 46
43 47
43 48
43 48
43 49
43 50
43 51
43 51
43 52
43 53
43 54
43 55
43 55
43 56
43 57
43 58
43 58
43 59
43 60
43 60
43 61
43 62
43 63
43 63
43 63
43 64
43 64
43 64
43 63
43 63
43 62
44 61
44 60
44 60
44 59
44 58
44 57
44 57
44 56
45 55
45 54
45 54
45 53
45 52
45 51
45 51
46 50
46 49
46 49
46 48
46 48
47 48
47 48
47 49
47 49
48 50
48 51
48 51
48 52
48 53
48 54
48 55
48 55
48 56
48 57
48 58
48 59
48 60
48 60
48 61
48 62
48 63
48 64
48 65
48 65
48 66
48 67
48 68
48 69
48 69
48 70
48 71
48 72
48 73
48 73
48 74
48 75
48 76
48 76
48 77
48 78
48 78
48 79
48 79
48 79
48 78
48 77
48 76
48 75
49 74
49 73
49 72
49 71
49 70
49 69
49 68
49 67
50 66
50 65
50 64
50 63
50 62
50 61
50 60
50 59
50 58
51 57
51 56
51 55
51 54
51 53
51 52
51 51
51 50
52 49
52 48
52 47
52 46
52 45
52 44
52 43
52 42
52 41
53 40
53 39
53 38
53 37
53 36
53 35
53 34
53 33
54 32
54 31
54 30
54 29
54 28
54 27
54 26
54 25
54 24
55 23
55 22
55 21
55 20
55 19
55 18
55 17
55 16
56 15
56 14
56 13
56 12
56 11
56 11
56 10
56 9
56 9
56 8
56 8
56 7
56 7
56 7
56 7
56 7
56 8
56 9
56 9
56 10
56 11
56 12
56 12
56 13
56 14
56 15
56 16
56 17
56 18
56 18
56 19
56 20
56 21
56 22
56 23
56 24
56 25
56 25
56 26
56 27
56 28
56 29
56 30
56 31
56 32
56 33
56 33
56 34
56 35
56 36
56 37
56 38
56 39
56 40
56 41
56 41
56 42
56 43
56 44
55 45
55 46
55 47
55 48
55 49
55 49
55 50
55 51
55 52
55 53
55 54
55 55
55 56
55 56
55 57
55 58
55 59
55 60
55 61
55 62
55 63
55 63
55 64
55 65
55 66
55 67
55 68
55 68
55 69
55 70
55 71
55 72
55 73
55 73
55 74
55 75
55 76
55 77
55 77
55 78
55 79
55 79
55 80
55 81
55 81
55 82
55 83
55 83
55 83
55 83
56 82
56 82
56 81
56 80
56 79
57 78
57 77
57 76
57 75
57 74
57 73
58 72
58 71
58 70
58 69
58 68
58 67
59 66
59 65
59 64
59 63
59 62
59 61
60 60
60 59
60 58
60 57
60 56
60 55
61 54
61 53
61 52
61 51
61 50
61 49
62 48
62 47
62 46
62 45
62 44
62 43
63 42
63 41
63 40
63 39
63 39
64 40
64 40
64 40
64 41
64 42
64 43
64 43
64 44
63 45
63 46
63 47
63 47
63 48
63 49
63 50
63 51
63 52
63 52
63 53
63 54
63 55
63 56
63 57
63 57
63 58
63 59
63 60
63 61
63 61
63 62
63 63
63 64
63 65
63 65
63 66
63 67
63 68
63 69
63 69
63 70
63 71
63 72
63 72
63 73
63 74
63 74
63 75
63 75
63 76
63 76
63 76
63 75
63 75
63 74
63 73
63 72
63 71
63 70
63 69
63 68
63 67
63 66
63 65
63 64
63 63
63 62
63 61
63 60
63 59
63 58
63 57
63 56
63 55
63 54
63 53
63 52
63 51
63 50
63 49
63 48
63 47
63 46
63 45
63 44
63 43
63 42
63 41
63 40
63 39
63 38
63 37
63 36
63 35
63 34
63 33
63 32
63 31
63 30
63 29
63 28
63 27
63 26
63 25
63 24
63 23
63 22
63 21
63 20
63 19
63 19
63 18
63 17
63 16
63 15
63 15
63 15
63 14
63 14
63 14
63 15
63 15
63 16
63 16
63 17
63 17
64 17
64 17
64 17
64 16
64 16
64 17
65 18
65 19
65 20
66 21
66 22
67 23
67 24
67 25
68 26
68 27
68 28
69 29
69 30
69 31
70 32
70 33
70 34
71 35
71 36
72 37
72 38
72 39
73 40
73 41
73 41
73 40
73 40
73 39
72 38
72 37
72 37
72 36
72 35
72 35
72 34
72 34
71 34
71 34
71 35
71 35
70 35
70 35
70 36
70 37
70 37
70 38
70 39
70 40
70 40
70 41
69 42
69 43
69 43
69 44
69 45
69 46
69 46
69 47
69 48
69 49
69 49
68 50
68 51
68 51
69 52
69 53
69 53
69 54
69 54
69 54
70 53
70 53
70 52
70 51
70 51
70 50
71 49
71 48
71 48
71 47
72 46
72 45
72 45
72 44
72 43
72 42
72 42
73 41
73 40
73 40
73 39
73 39
73 39
73 40
73 40
73 41
73 42
73 43
73 43
73 44
73 45
73 46
73 47
73 48
73 48
73 49
73 50
72 51
72 52
72 53
72 54
72 54
72 55
72 56
72 57
72 58
72 59
72 60
72 60
72 61
72 62
72 63
72 64
72 65
72 66
72 67
72 68
72 68
72 69
72 70
72 71
72 72
72 73
72 74
72 74
72 75
72 76
72 77
72 78
72 79
72 80
72 80
72 81
72 82
72 83
72 84
72 85
72 85
72 86
72 87
72 88
72 89
72 89
72 90
72 91
72 92
72 93
72 93
72 94
72 95
72 96
72 96
72 97
72 98
72 98
71 99
71 99
71 99
70 99
70 99
69 99
69 99
68 99
68 99
67 99
67 99
67 98
67 98
66 98
66 98
66 97
66 97
66 96
66 96
66 95
67 94
67 93
67 93
67 92
67 91
67 91
67 90
68 89
68 88
68 87
68 87
68 86
69 85
69 84
69 84
69 83
70 82
70 81
70 81
70 80
71 79
71 78
71 78
71 77
71 76
71 75
72 74
72 73
72 72
72 71
72 70
72 69
72 68
73 67
73 66
73 65
73 64
73 63
73 62
74 61
74 60
74 59
74 58
74 57
74 56
74 55
75 54
75 53
75 52
75 51
75 50
75 49
75 48
76 47
76 46
76 45
76 44
76 43
76 42
77 41
77 40
77 39
77 38
77 37
77 36
77 35
78 34
78 33
78 32
78 31
78 30
78 29
78 28
79 27
79 26
79 25
79 24
79 23
79 22
80 21
80 20
80 19
80 18
80 17
80 16
80 15
81 14
81 13
81 12
81 11
81 11
81 10
81 9
81 8
81 8
81 7
81 7
81 7
81 7
81 8
81 8
81 9
81 10
81 10
81 11
81 12
81 13
81 13
81 14
81 15
81 16
81 17
81 17
81 18
81 19
81 20
81 21
81 22
81 23
81 23
81 24
81 25
81 26
81 27
81 28
81 29
81 30
81 31
81 31
81 32
81 33
81 34
81 35
81 36
81 37
81 37
81 38
81 39
80 40
80 41
80 42
80 43
80 43
80 44
80 45
80 46
80 47
80 48
80 49
80 49
80 50
80 51
80 52
80 53
80 53
80 54
79 55
79 56
79 57
79 57
79 58
79 59
79 60
79 60
79 61
79 62
79 62
79 63
79 64
79 64
79 65
79 65
79 66
79 66
79 66
79 66
79 65
79 65
79 64
79 63
79 63
79 62
79 61
79 61
79 60
79 59
79 58
79 58
79 57
80 56
80 55
80 54
80 54
80 53
81 52
81 51
81 51
81 50
81 49
81 48
81 48
82 47
82 46
82 46
82 45
82 45
83 44
83 44
83 44
83 44
83 45
83 46
83 46
83 47
83 48
83 48
83 49
83 50
83 51
83 51
83 52
83 53
83 54
83 55
83 55
83 56
83 57
83 58
83 59
83 60
83 60
83 61
83 62
83 63
83 64
83 64
83 65
83 66
83 67
83 68
83 69
83 69
83 70
83 71
83 72
83 72
83 73
83 74
83 74
83 75
83 76
83 76
83 76
83 75
83 74
83 73
84 72
84 71
84 70
84 69
84 68
84 67
84 66
84 65
85 64
85 63
85 62
85 61
85 60
85 59
85 58
86 57
86 56
86 55
86 54
86 53
86 52
86 51
87 50
87 49
87 48
87 47
87 46
87 45
87 44
87 43
88 42
88 41
88 40
88 39
88 38
88 37
88 36
89 35
89 34
89 33
89 32
89 31
89 30
89 29
90 28
90 27
90 26
90 25
90 24
90 23
90 22
90 21
91 20
91 19
91 18
91 17
91 17
91 16
91 15
91 14
91 14
91 13
91 13
92 12
92 12
92 12
92 12
92 11
92 11
92 11
92 11
92 11
92 11
92 11
92 11
92 11
92 11
92 11
92 10
92 10
92 10
92 10
92 11
92 12
92 13
92 14
91 15
91 16
91 17
91 18
91 19
91 20
91 21
91 22
90 23
90 24
90 25
90 26
90 27
90 28
90 29
90 30
90 31
89 32
89 33
89 34
89 35
89 36
89 37
89 38
89 39
88 40
88 41
88 42
88 43
88 44
88 44
88 43
88 42
88 42
88 42
89 41
89 41
89 40
89 39
89 39
89 38
90 37
90 36
90 36
91 35
91 34
91 34
91 33
91 32
91 32
92 31
92 30
92 30
93 29
93 28
93 28
94 27
94 26
94 26
95 25
95 25
96 24
96 24
97 23
97 23
98 22
98 22
98 22
99 22
99 22
99 21
99 20
98 19
98 18
98 17
98 16
97 15
97 14
97 13
97 12
96 11
96 10
96 9
96 8
96 7
95 6
95 5
95 4
95 3
94 2
94 1
94 0
94 0
94 0
94 0
94 1
94 2
94 3
94 3
94 4
94 5
94 6
94 7
94 8
94 8
94 9
94 10
93 11
93 12
93 13
93 14
93 14
93 15
93 16
93 17
93 18
93 19
93 20
93 20
93 21
93 22
93 23
92 24
92 25
92 26
92 27
92 27
92 28
92 29
92 30
92 31
92 32
92 33
92 34
92 34
92 35
92 36
92 37
91 38
91 39
91 40
91 41
91 41
91 42
91 43
91 44
91 45
91 46
91 47
91 47
91 48
91 49
90 50
90 51
90 52
90 53
90 53
90 54
90 55
90 56
90 57
90 57
90 58
90 59
90 60
90 60
90 61
90 62
90 63
90 63
91 64
91 65
91 65
91 66
91 66
92 67
92 67
93 66
93 66
94 66
94 66
94 65
94 64
94 64
95 64
95 64
96 63
96 63
96 63
