4 24
3 25
3 26
3 26
3 25
3 24
3 23
3 22
3 22
3 22
3 23
3 23
4 24
4 24
5 25
5 26
5 26
5 27
6 28
6 29
6 29
6 30
6 31
7 32
7 33
7 34
7 35
7 35
7 36
7 37
7 38
7 39
7 40
7 41
7 41
7 42
7 43
7 44
8 45
8 46
8 47
8 48
8 49
8 49
8 50
8 51
8 52
7 53
7 54
7 55
7 56
7 56
7 57
7 58
7 59
7 60
7 61
7 62
7 63
7 64
7 64
7 65
6 66
6 67
6 68
6 69
5 70
5 71
5 71
5 72
5 73
5 74
4 75
4 76
4 77
4 78
4 79
4 79
4 80
4 81
3 82
3 83
3 84
3 85
3 85
3 86
2 87
2 88
1 89
1 90
1 90
1 91
0 92
0 93
0 94
0 94
0 95
0 96
0 97
0 97
0 98
0 99
0 99
0 98
0 97
0 96
0 95
0 94
1 93
1 92
1 91
1 90
1 89
1 88
1 87
1 86
1 85
1 84
2 83
2 82
2 81
2 80
2 79
2 78
2 77
2 76
2 75
2 74
3 73
3 72
3 71
3 70
3 69
3 68
3 67
3 66
3 65
3 64
4 63
4 62
4 61
4 60
4 59
4 58
4 57
4 56
4 55
4 54
5 53
5 52
5 51
5 50
5 49
5 48
5 47
5 46
5 45
5 44
6 43
6 42
6 41
6 40
6 39
6 38
6 37
6 36
6 35
6 34
7 33
7 32
7 31
7 30
7 29
7 28
7 28
8 29
8 29
8 28
8 28
7 27
7 27
8 26
8 26
9 25
9 25
10 24
11 23
11 23
12 22
13 21
14 20
14 20
15 19
16 18
16 18
17 17
18 16
18 16
19 15
20 15
20 15
21 14
22 14
22 14
23 14
23 14
23 14
24 15
24 15
24 15
24 16
24 16
24 17
24 17
25 18
25 19
25 19
25 20
25 21
25 22
25 22
25 23
25 24
25 25
25 26
25 26
25 27
25 28
25 29
25 30
25 30
25 31
25 32
25 33
25 34
25 34
25 35
25 36
25 37
25 38
25 39
25 39
25 40
25 41
26 42
26 43
26 44
26 45
26 45
26 46
26 47
27 48
27 49
27 50
27 50
27 51
27 52
27 53
27 54
27 55
27 55
27 56
27 57
28 58
28 59
28 60
28 61
28 61
28 62
28 63
28 64
28 65
28 66
28 67
28 67
28 68
28 69
29 70
29 71
29 72
29 72
29 73
29 74
29 75
29 76
29 77
29 77
29 78
29 79
30 80
30 81
30 82
30 82
30 83
30 84
30 85
30 86
30 86
30 87
30 88
30 89
30 89
30 90
30 91
30 92
30 92
30 93
30 94
30 94
30 95
30 95
29 96
29 96
29 97
29 97
28 98
28 98
27 98
27 98
26 98
26 98
25 97
24 97
24 97
23 96
23 96
22 95
21 95
20 94
20 94
19 93
18 92
18 92
17 91
16 90
16 90
16 89
15 88
15 87
15 87
15 86
15 85
14 84
14 83
14 82
14 81
14 80
14 79
13 78
13 77
13 76
13 75
13 74
13 73
12 72
12 71
12 70
12 69
12 68
12 67
11 66
11 65
11 64
11 63
11 62
11 61
10 60
10 59
10 58
10 57
10 56
10 55
9 54
9 53
9 52
9 51
9 51
9 52
9 53
9 53
9 53
9 53
10 53
10 53
11 52
11 52
12 51
13 51
13 51
14 50
15 50
15 50
16 49
17 49
17 49
18 49
19 48
20 48
20 48
21 48
22 47
23 47
23 47
24 48
24 48
23 49
23 50
22 51
21 52
20 53
20 54
19 55
18 56
18 57
17 58
16 59
16 60
15 61
14 62
13 63
13 64
12 65
12 65
12 66
12 67
11 68
11 69
11 70
11 71
11 71
10 72
10 72
10 71
10 71
11 71
11 71
12 70
13 70
13 70
14 69
15 69
15 69
16 68
17 67
18 66
18 66
19 65
20 65
21 64
21 64
22 64
23 63
24 63
24 63
25 62
25 62
26 62
26 62
27 61
27 60
28 59
29 58
29 57
30 56
31 55
31 54
32 53
32 52
33 51
34 50
34 49
35 48
36 47
36 46
37 45
38 44
38 43
39 42
40 41
40 40
41 39
42 38
42 37
43 36
44 35
44 34
45 33
45 32
46 31
47 30
47 29
48 28
49 27
49 26
50 25
51 24
51 23
52 22
53 21
53 20
54 19
55 18
55 17
56 16
57 15
57 14
58 13
58 12
59 11
60 10
60 9
61 8
62 7
62 6
63 5
63 5
64 4
64 4
64 3
64 3
64 2
64 2
65 1
65 1
65 1
65 0
65 0
66 1
66 1
66 2
66 3
66 3
66 4
67 5
67 6
67 6
67 7
67 8
67 9
67 10
67 10
67 11
67 12
67 13
67 13
67 14
67 15
67 16
67 17
67 18
67 19
67 20
67 20
67 21
66 22
66 23
66 23
66 24
66 25
66 25
66 26
66 27
66 28
66 28
66 29
66 30
66 30
66 31
66 32
66 32
66 33
66 34
66 34
66 35
66 35
66 35
65 34
65 33
64 32
63 31
63 30
62 29
61 28
61 27
60 26
59 25
58 24
58 23
57 22
56 21
56 20
55 19
54 18
54 17
53 16
53 16
54 17
54 17
54 17
54 18
54 18
54 19
54 20
54 20
55 21
55 22
55 22
56 23
56 24
56 24
56 25
56 26
56 26
56 27
56 27
57 28
57 28
57 29
57 29
58 29
58 29
59 29
60 29
60 29
61 28
62 27
62 26
63 25
64 24
65 23
66 22
67 21
67 20
68 19
69 18
70 17
71 16
71 15
72 14
73 13
73 13
74 13
75 13
76 12
77 12
78 12
78 12
79 12
79 12
79 13
79 13
79 14
79 14
79 15
79 15
78 16
78 17
78 17
77 18
77 19
77 19
76 20
75 21
75 21
75 22
74 23
74 24
74 24
73 25
73 26
73 26
72 27
72 28
71 29
71 29
71 30
70 31
70 32
70 32
69 33
69 34
68 35
68 35
67 36
66 37
66 37
65 38
64 39
63 39
62 40
61 41
60 42
59 43
58 44
57 44
56 45
55 46
54 47
53 48
52 48
51 49
50 50
50 50
49 51
49 52
49 52
49 53
49 53
49 52
49 52
50 52
50 52
51 52
51 52
52 51
53 51
53 51
54 50
55 50
56 49
57 49
57 49
58 48
59 47
60 47
61 46
61 46
62 45
63 44
64 43
65 42
65 42
66 41
67 41
68 40
69 40
70 39
70 39
71 38
72 37
73 37
74 36
74 36
75 35
76 35
77 34
77 34
78 33
79 32
79 32
80 31
80 31
81 31
81 31
81 31
80 32
79 32
78 33
77 33
76 34
75 35
74 35
73 36
72 36
71 37
70 37
69 38
69 38
69 39
68 40
68 41
67 42
67 43
67 43
66 44
66 45
66 45
66 46
65 47
65 48
65 48
65 49
64 50
64 51
64 52
64 52
64 53
64 54
63 55
63 56
63 57
63 57
63 58
63 59
62 60
62 61
62 62
62 62
62 63
62 64
62 65
61 66
61 67
61 68
61 69
61 69
61 70
60 71
60 72
59 73
59 74
59 74
59 75
59 76
58 77
58 78
58 79
58 79
58 80
58 81
58 82
58 83
58 83
58 84
58 85
57 86
57 87
57 88
57 88
57 89
56 90
56 91
56 91
56 92
56 93
56 93
56 94
56 95
56 95
56 96
56 97
56 97
56 98
56 98
56 97
57 96
57 95
57 94
58 93
58 92
58 91
59 90
59 89
59 88
60 87
60 86
61 85
61 84
61 83
62 82
62 81
62 80
63 79
63 78
63 77
64 76
64 75
64 74
65 73
65 72
65 71
66 70
66 69
66 68
67 67
67 66
67 65
68 64
68 63
68 62
69 61
69 60
70 59
70 58
70 57
71 56
71 55
71 54
72 53
72 52
72 51
73 50
73 49
73 48
74 47
74 46
74 46
74 47
73 48
73 49
73 50
73 50
73 51
73 52
73 52
72 53
72 54
72 54
72 55
72 56
71 57
71 58
71 59
71 59
71 60
71 61
70 62
70 63
70 64
70 64
70 65
70 66
70 67
70 68
70 69
70 69
70 70
70 71
70 72
70 73
70 73
70 74
70 75
70 76
70 77
70 77
70 78
71 79
71 80
71 80
71 81
72 82
72 83
72 83
72 84
72 85
72 85
73 86
74 87
74 87
75 88
75 88
76 89
77 89
77 89
78 89
79 89
79 89
80 89
81 89
81 89
82 88
83 88
83 88
84 88
85 88
85 88
86 87
87 87
88 86
88 86
89 85
90 85
90 85
91 85
92 85
92 85
93 84
93 84
94 83
94 83
95 82
95 82
96 81
96 81
97 80
97 79
97 79
97 78
97 77
97 77
98 76
98 75
98 75
98 74
99 73
99 72
99 72
99 71
99 70
99 69
99 68
99 68
99 67
99 66
99 65
99 64
99 63
99 63
99 62
98 61
98 60
98 59
