5 24
5 23
5 22
5 21
5 20
5 19
5 19
5 18
5 18
5 18
5 19
5 20
5 21
5 21
5 22
6 23
6 24
6 24
6 25
6 26
6 27
7 28
7 29
7 30
7 31
7 31
7 32
7 33
7 34
7 35
7 36
7 37
7 38
7 39
7 40
7 40
7 41
7 42
7 43
7 44
8 45
8 46
8 47
8 48
8 49
8 50
8 50
8 51
8 52
8 53
8 54
8 55
8 56
8 57
8 58
8 58
8 59
8 60
8 61
8 62
7 63
7 64
7 65
7 66
7 67
7 67
7 68
6 69
6 70
6 71
6 72
5 73
5 74
5 74
5 75
5 76
5 77
4 78
4 79
4 80
4 81
4 81
4 82
3 83
3 84
2 85
2 86
2 86
2 87
1 88
1 89
1 90
1 90
1 91
0 92
0 93
0 93
0 94
0 95
0 95
0 94
0 93
0 92
0 91
0 90
0 89
1 88
1 87
1 86
1 85
1 84
1 83
1 82
1 81
1 80
1 79
1 78
1 77
1 76
2 75
2 74
2 73
2 72
2 71
2 70
2 69
2 68
2 67
2 66
2 65
2 64
3 63
3 62
3 61
3 60
3 59
3 58
3 57
3 56
3 55
3 54
3 53
3 52
3 51
4 50
4 49
4 48
4 47
4 46
4 45
4 44
4 43
4 42
4 41
4 40
4 39
4 38
5 37
5 36
5 35
5 34
5 33
5 32
5 31
5 31
5 30
5 29
5 28
5 28
5 27
6 26
6 25
6 24
6 24
7 23
7 22
7 22
8 21
9 20
10 19
10 19
11 18
11 17
12 16
12 15
12 15
13 14
14 14
15 13
16 13
16 13
17 12
18 12
19 11
19 11
20 10
21 10
21 10
22 10
23 10
23 10
24 10
24 10
25 11
25 11
26 12
26 12
27 13
27 14
27 14
27 15
27 16
27 17
27 17
27 18
27 19
27 20
27 21
27 21
27 22
27 23
27 24
27 25
27 26
27 27
27 28
27 28
27 29
27 30
27 31
27 32
27 33
27 34
27 35
27 35
27 36
27 37
27 38
28 39
28 40
28 41
28 42
28 42
28 43
28 44
28 45
28 46
28 47
28 48
28 49
28 50
28 50
28 51
28 52
28 53
29 54
29 55
29 56
29 57
29 58
29 58
29 59
29 60
29 61
30 62
30 63
30 64
30 65
30 65
30 66
30 67
30 68
31 69
31 70
31 71
31 72
31 73
31 73
31 74
31 75
31 76
31 77
31 78
31 79
31 79
31 80
31 81
32 82
32 83
32 84
32 84
32 85
32 86
32 87
32 88
32 89
32 89
31 90
31 91
31 91
31 92
31 93
31 94
31 94
31 95
31 96
31 96
30 97
30 98
30 98
29 99
29 99
28 99
27 99
27 99
26 99
25 99
25 99
24 98
23 98
23 98
22 97
21 97
21 97
20 96
19 95
19 95
18 94
17 93
17 93
16 92
15 91
15 91
14 90
13 89
13 89
13 88
13 87
13 86
13 85
13 84
13 83
13 82
13 81
13 80
13 79
13 78
12 77
12 76
12 75
12 74
12 73
12 72
12 71
12 70
12 69
12 68
12 67
12 66
12 65
12 64
12 63
12 62
12 61
12 60
12 59
12 58
12 57
12 56
12 55
12 54
11 53
11 52
11 51
11 50
11 49
11 48
11 47
11 46
11 45
11 44
11 43
11 42
11 42
11 43
12 44
12 45
13 46
13 47
13 47
13 46
13 45
13 45
13 44
13 44
14 44
14 44
15 43
16 42
16 42
17 41
18 40
19 39
19 39
20 38
21 37
22 36
22 36
23 36
24 35
25 35
25 35
26 35
26 35
25 36
25 37
24 38
23 39
22 40
22 41
21 42
20 43
19 44
19 45
18 46
17 47
16 48
16 49
15 50
14 51
13 52
13 53
12 54
12 54
12 55
12 56
12 57
12 58
12 59
12 60
12 61
12 62
12 63
12 63
12 64
12 65
12 65
12 65
13 65
14 65
14 65
15 64
16 64
16 64
17 63
18 62
18 61
19 60
19 60
20 59
21 58
22 57
22 57
23 56
24 55
25 55
26 54
26 54
27 53
28 52
28 52
29 52
30 52
30 52
31 51
31 50
32 49
33 48
34 47
34 46
35 45
36 44
36 43
37 42
38 41
39 40
39 39
40 38
41 37
41 36
42 35
43 34
44 33
44 32
45 31
46 30
46 29
47 28
48 27
49 26
49 25
50 24
51 23
51 22
52 21
53 20
54 19
54 18
55 17
56 16
56 15
57 14
58 13
59 12
59 11
60 10
61 9
61 8
62 7
63 6
64 5
64 4
65 3
65 3
66 2
67 2
67 2
68 1
68 0
68 0
69 1
69 2
69 2
69 3
69 4
69 5
69 6
69 6
69 7
70 8
70 9
70 10
70 10
70 11
70 12
70 13
70 14
70 14
70 15
70 16
70 17
70 18
70 18
70 19
70 20
70 21
70 22
70 23
70 23
70 24
70 25
70 26
70 27
70 27
70 28
70 29
70 30
70 30
70 31
70 32
70 33
70 33
70 34
71 35
71 36
71 36
71 37
71 38
71 38
71 39
71 40
71 40
71 39
70 38
70 37
69 36
69 35
68 34
68 33
67 32
67 31
66 30
66 29
65 28
65 27
64 26
64 25
63 24
63 23
62 22
62 21
61 20
61 19
60 18
60 17
59 16
59 15
58 14
58 13
58 13
58 14
58 15
58 16
58 17
59 18
59 19
59 20
59 21
59 22
59 22
59 23
59 24
59 25
59 25
60 25
60 25
60 26
60 27
60 28
60 29
60 29
60 30
60 31
60 31
60 32
60 33
60 33
60 34
60 34
61 35
61 35
62 36
62 36
63 35
63 34
64 33
65 32
65 31
66 30
67 29
67 28
68 27
69 26
69 25
70 24
70 23
71 22
72 21
72 20
73 19
74 18
74 17
75 16
76 15
76 14
77 13
77 13
78 13
79 14
80 14
80 14
80 14
80 15
80 16
80 16
80 17
80 18
80 18
80 19
79 20
79 21
79 21
79 22
78 23
78 24
78 24
78 25
77 26
77 27
76 28
76 29
76 29
75 30
75 31
74 32
74 33
74 33
74 34
73 35
73 36
72 37
72 38
72 38
71 39
71 40
70 41
70 42
69 43
69 44
69 44
68 45
67 46
66 47
65 48
64 48
63 49
62 50
61 51
60 52
59 53
58 54
57 55
56 55
55 56
54 57
53 58
53 58
53 59
53 60
53 60
53 60
53 60
54 59
55 59
55 59
56 58
56 57
57 56
57 56
58 55
59 54
60 53
61 52
61 52
62 51
63 50
64 50
65 49
66 48
66 48
67 47
68 46
69 45
70 44
71 43
71 43
72 42
73 41
74 41
75 40
76 39
76 39
77 38
78 37
79 37
80 36
80 36
81 35
82 35
83 34
83 34
84 34
85 34
85 34
86 33
86 33
86 34
86 34
85 35
84 35
83 36
82 36
81 37
80 37
79 38
78 38
77 39
76 39
75 40
75 40
75 41
75 42
74 43
74 44
74 45
74 46
74 46
73 47
72 47
72 47
72 48
72 49
71 50
71 51
71 52
71 53
71 53
71 54
70 55
70 56
69 57
69 58
69 58
69 59
68 60
68 61
67 62
67 63
67 63
67 64
67 65
67 66
66 67
66 68
66 69
66 70
66 70
66 71
65 72
65 73
64 74
64 75
64 75
64 76
64 77
64 78
64 79
64 80
64 80
64 81
64 82
63 83
63 84
63 85
63 85
63 86
63 87
63 88
63 88
63 89
62 90
62 91
62 91
62 92
62 93
62 93
62 94
62 94
63 95
63 95
63 94
64 93
64 92
64 91
64 90
65 89
65 88
65 87
66 86
66 85
66 84
66 83
67 82
67 81
67 80
68 79
68 78
68 77
68 76
69 75
69 74
69 73
69 72
70 71
70 70
70 69
71 68
71 67
71 66
71 65
72 64
72 63
72 62
73 61
73 60
73 59
73 58
74 57
74 56
74 56
75 56
76 57
77 57
77 57
76 56
76 55
76 55
76 56
76 57
76 57
76 58
76 59
76 60
76 60
76 61
76 62
75 63
75 64
75 65
75 65
75 66
74 67
74 68
74 69
74 69
74 70
73 71
73 72
73 73
73 73
73 74
73 75
73 76
73 77
73 77
73 78
74 79
74 80
74 81
74 81
74 82
75 83
75 84
75 84
76 85
76 86
76 86
77 87
77 87
78 88
79 88
79 88
80 89
80 89
81 89
82 89
83 89
83 89
84 89
85 89
85 89
86 89
87 89
88 89
88 89
89 88
90 87
90 87
91 86
92 86
92 86
93 85
94 84
94 84
95 83
95 82
95 82
96 81
96 80
96 80
97 79
97 78
97 78
97 77
97 76
97 75
97 75
97 74
98 73
98 72
98 72
98 71
98 70
98 69
98 69
98 68
98 67
98 66
98 65
98 65
98 64
99 63
99 62
99 61
99 61
99 60
99 59
99 58
99 57
