0 24
1 24
2 24
2 24
1 23
1 22
1 22
1 21
1 20
1 19
1 18
1 18
2 18
2 18
3 18
3 18
4 18
4 18
4 19
5 20
5 21
5 21
5 22
6 23
6 24
7 25
7 26
7 26
7 27
7 28
7 29
7 30
7 31
7 32
7 33
7 34
7 34
7 35
7 36
7 37
7 38
8 39
8 40
8 41
8 42
8 43
8 44
8 44
8 45
8 46
8 47
8 48
8 49
7 50
7 51
7 52
7 53
7 54
7 55
7 55
7 56
7 57
7 58
7 59
7 60
7 61
7 62
7 63
7 64
7 65
7 66
7 66
7 67
7 68
7 69
7 70
6 71
6 72
6 73
6 74
6 75
6 76
6 76
6 77
6 78
6 79
5 80
5 81
5 82
5 83
5 83
5 84
4 85
4 86
4 87
4 87
4 88
3 89
3 90
2 91
2 92
2 92
2 93
2 94
2 95
2 96
2 96
2 97
1 98
1 99
1 99
1 99
1 98
1 97
1 96
1 95
1 94
1 93
1 92
1 91
1 90
1 89
1 88
1 87
1 86
1 85
1 84
1 83
1 82
1 81
1 80
1 79
1 78
1 77
1 76
1 75
1 74
1 73
1 72
1 71
1 70
1 69
1 68
1 67
1 66
1 65
1 64
1 63
1 62
1 61
1 60
1 59
1 58
1 57
1 56
1 55
1 54
1 53
1 52
1 51
1 50
1 49
1 48
1 47
1 46
1 45
1 44
1 43
1 42
1 41
1 40
1 39
1 38
1 37
1 36
1 35
1 34
1 33
1 32
1 31
1 30
1 29
1 28
1 27
1 26
1 25
1 25
2 25
3 26
4 26
5 26
5 26
5 25
6 24
6 23
6 23
6 22
6 21
6 20
6 20
7 19
7 18
8 17
8 17
9 16
10 15
10 14
11 13
11 13
12 12
13 12
14 11
15 11
15 11
16 10
17 10
18 9
18 9
19 9
20 8
21 8
21 8
22 8
23 7
24 7
24 7
25 7
26 7
27 7
27 7
28 7
28 7
29 8
29 8
30 9
30 9
30 10
30 11
30 11
30 12
30 13
30 13
30 14
30 15
30 16
30 17
30 17
30 18
30 19
29 20
29 21
29 22
29 23
29 23
29 24
29 25
29 26
29 27
29 28
29 29
29 29
29 30
29 31
29 32
29 33
29 34
29 35
29 36
29 36
29 37
29 38
29 39
29 40
29 41
29 42
29 43
29 44
29 44
29 45
29 46
29 47
29 48
29 49
29 50
29 51
29 52
29 53
29 53
29 54
29 55
29 56
30 57
30 58
30 59
30 60
30 61
30 61
30 62
30 63
30 64
31 65
31 66
31 67
31 68
31 68
31 69
32 70
32 71
32 72
33 73
33 74
33 74
33 75
33 76
34 77
34 78
34 79
34 79
34 80
34 81
34 82
34 83
34 83
34 84
35 85
35 86
35 87
35 87
35 88
35 89
35 90
35 91
35 91
35 92
35 93
35 94
35 94
35 95
35 96
35 96
34 97
34 97
33 98
33 98
32 99
31 99
31 99
30 99
29 99
29 99
28 99
27 99
26 99
26 99
25 98
24 98
24 98
23 97
22 97
21 96
21 96
20 95
19 95
18 94
18 94
17 93
16 92
16 92
16 91
16 90
16 89
15 88
15 87
15 86
15 85
15 84
15 83
15 82
15 81
14 80
14 79
14 78
14 77
14 76
14 75
14 74
14 73
13 72
13 71
13 70
13 69
13 68
13 67
13 66
13 65
12 64
12 63
12 62
12 61
12 60
12 59
12 58
12 57
11 56
11 55
11 54
11 53
11 52
11 52
12 51
12 51
12 50
13 49
13 48
13 48
14 47
15 46
15 46
16 45
17 44
18 44
19 43
19 43
20 42
21 42
22 41
23 41
23 41
24 40
25 39
26 38
26 38
27 38
27 38
26 39
26 40
25 41
25 42
24 43
23 44
23 45
22 46
21 47
21 48
20 49
20 50
19 51
18 52
18 53
17 54
17 55
16 56
16 56
16 57
16 58
16 59
16 60
15 61
15 62
15 63
15 64
15 65
15 65
14 66
14 66
14 65
14 65
15 65
15 65
16 64
17 64
17 64
18 63
19 62
20 61
20 61
21 60
22 59
23 58
23 58
24 57
25 56
26 55
26 55
27 54
28 54
29 53
29 53
30 52
30 51
31 50
32 49
32 48
33 47
34 46
34 45
35 44
36 43
36 42
37 41
38 40
39 39
39 38
40 37
41 36
41 35
42 34
43 33
43 32
44 31
45 30
45 29
46 28
47 27
47 26
48 25
49 24
49 23
50 22
51 21
51 20
52 19
53 18
53 17
54 16
55 15
55 14
56 13
57 12
58 11
58 10
59 9
60 8
60 7
61 6
62 5
62 4
63 3
64 2
64 1
65 0
65 0
66 0
67 1
68 1
68 1
69 2
69 2
70 3
70 3
70 4
71 5
71 6
71 6
71 7
71 8
71 9
71 10
71 10
71 11
71 12
71 13
71 14
71 15
71 15
71 16
70 17
70 18
70 19
70 19
70 20
70 21
70 22
70 23
70 23
70 24
70 25
70 26
70 27
70 27
70 28
70 29
70 30
70 30
70 31
70 32
70 33
70 33
70 34
70 35
70 35
70 36
70 37
70 37
69 38
69 38
69 37
68 36
68 35
67 34
67 33
66 32
66 31
65 30
65 29
64 28
64 27
63 26
63 25
62 24
62 23
61 22
61 21
60 20
60 19
59 18
59 17
58 16
58 15
57 14
57 13
57 13
57 14
58 15
58 16
58 17
59 18
59 19
59 19
58 20
57 20
57 20
57 21
57 22
57 22
58 23
58 24
58 24
59 25
59 25
60 26
60 26
60 27
60 27
61 28
61 28
62 28
62 28
63 28
64 28
64 28
65 27
65 27
66 26
67 25
68 24
69 23
69 22
70 21
71 20
72 19
73 18
74 17
75 16
76 15
77 14
78 13
78 12
79 11
80 10
81 9
82 8
82 8
83 8
84 8
85 9
86 9
87 9
88 9
88 9
87 10
87 10
87 11
87 11
87 12
86 13
86 14
86 14
85 15
85 16
85 16
84 17
84 18
83 19
83 19
82 20
81 21
81 22
80 23
80 23
79 24
79 25
78 26
78 27
78 27
77 28
77 29
76 30
76 31
76 31
76 32
75 33
75 34
74 35
74 36
74 36
73 37
72 38
71 38
70 39
69 40
68 41
67 42
66 42
65 43
64 44
63 45
62 45
61 46
60 47
59 48
58 49
57 49
56 50
55 51
55 51
55 51
55 51
55 51
56 50
56 50
57 49
58 49
59 48
59 48
60 47
61 46
62 45
62 45
63 44
64 44
65 43
66 43
67 42
67 42
68 41
69 41
70 40
71 40
71 40
72 39
73 38
74 38
75 37
75 37
76 36
77 35
78 35
79 34
79 34
80 33
81 32
82 31
82 31
83 31
84 30
85 30
85 30
86 29
87 29
87 29
88 29
88 29
87 30
86 30
85 31
84 31
83 32
82 33
81 33
80 34
79 34
78 35
78 35
78 36
77 37
77 38
77 39
76 40
76 41
76 41
75 42
74 43
74 43
74 44
74 45
73 46
73 47
73 48
73 48
73 49
72 50
72 51
72 52
71 53
71 54
71 54
71 55
70 56
70 57
70 58
69 59
69 60
69 60
69 61
68 62
68 63
68 64
67 65
67 66
67 66
67 67
67 68
67 69
66 70
66 71
66 72
66 73
66 73
66 74
66 75
65 76
65 77
65 78
65 79
65 79
65 80
65 81
64 82
64 83
64 84
64 84
64 85
63 86
63 87
63 88
63 88
63 89
63 90
63 91
63 92
63 92
63 93
63 94
63 95
63 95
63 96
63 97
63 97
63 98
63 98
63 98
63 98
63 97
63 96
63 96
63 95
64 94
64 93
64 92
65 91
65 90
65 89
66 88
66 87
66 86
67 85
67 84
67 83
68 82
68 81
68 80
69 79
69 78
69 77
69 76
70 75
70 74
70 73
71 72
71 71
71 70
72 69
72 68
72 67
73 66
73 65
73 64
74 63
74 62
74 61
75 60
75 59
75 59
76 58
77 57
77 57
77 57
76 58
76 58
76 59
76 60
76 61
76 61
76 62
75 63
75 64
75 65
75 65
75 66
74 67
74 68
74 69
74 69
74 70
74 71
73 72
73 73
73 74
73 74
73 75
73 76
73 77
73 77
73 78
73 79
73 79
73 80
74 81
74 82
74 82
75 83
75 84
75 84
76 85
77 85
77 85
78 86
78 86
79 86
80 86
80 86
81 86
82 86
82 86
83 86
84 85
85 85
85 85
86 84
87 84
87 84
88 84
89 83
90 83
90 83
91 82
92 81
92 81
93 80
94 80
94 80
95 79
96 78
96 78
97 77
97 77
97 76
97 75
97 75
98 74
98 73
98 73
98 72
98 71
98 71
98 70
98 69
98 68
98 68
98 67
99 66
99 65
99 65
99 64
99 63
99 62
99 62
99 61
99 60
99 60
99 59
98 58
98 57
98 57
98 56
98 55
