1 24
1 24
1 24
1 24
1 24
1 23
1 23
1 22
1 22
2 23
2 23
2 24
2 24
2 25
3 26
3 27
3 27
4 28
4 29
5 30
5 31
5 31
5 32
5 33
5 34
5 35
5 36
5 37
5 38
5 38
5 39
5 40
6 41
6 42
6 43
6 44
6 44
6 45
6 46
6 47
7 48
7 49
7 50
7 51
7 52
7 52
7 53
7 54
7 55
7 56
7 57
7 58
7 59
7 60
7 60
7 61
7 62
7 63
6 64
6 65
6 66
6 67
6 68
6 68
6 69
6 70
6 71
5 72
5 73
5 74
5 75
5 75
5 76
5 77
4 78
4 79
4 80
4 81
4 81
4 82
4 83
3 84
3 85
3 86
3 87
3 87
3 88
3 89
2 90
2 91
2 92
2 92
2 93
1 94
1 95
1 96
1 96
0 97
0 98
0 98
0 99
0 99
0 98
0 97
0 96
0 95
0 94
0 93
0 92
0 91
0 90
1 89
1 88
1 87
1 86
1 85
1 84
1 83
1 82
1 81
1 80
1 79
1 78
1 77
1 76
1 75
1 74
1 73
1 72
2 71
2 70
2 69
2 68
2 67
2 66
2 65
2 64
2 63
2 62
2 61
2 60
2 59
2 58
2 57
2 56
2 55
2 54
3 53
3 52
3 51
3 50
3 49
3 48
3 47
3 46
3 45
3 44
3 43
3 42
3 41
3 40
3 39
3 38
3 37
3 36
4 35
4 34
4 33
4 32
4 31
4 30
4 29
4 28
4 27
4 26
4 26
5 26
5 26
6 26
6 26
6 25
6 24
6 24
7 23
7 23
8 22
9 21
9 21
10 20
11 20
12 19
12 19
13 18
14 18
15 17
15 17
16 16
17 15
17 15
18 15
19 15
19 15
20 14
21 14
21 14
22 14
22 14
23 14
23 14
24 14
24 14
24 14
25 15
25 15
25 15
25 16
25 16
25 17
25 18
25 18
25 19
25 19
25 20
25 21
25 21
25 22
25 23
25 24
25 24
25 25
25 26
25 27
25 27
25 28
25 29
25 30
25 30
25 31
25 32
26 33
26 34
26 35
26 35
26 36
26 37
26 38
26 39
26 40
26 40
26 41
26 42
26 43
26 44
26 45
26 45
26 46
26 47
27 48
27 49
27 50
27 50
27 51
27 52
27 53
27 54
27 55
27 55
27 56
27 57
28 58
28 59
28 60
28 61
28 61
28 62
28 63
28 64
28 65
28 65
28 66
28 67
28 68
28 69
28 69
28 70
29 71
29 72
29 73
29 73
29 74
29 75
29 76
29 77
29 77
29 78
29 79
29 80
29 80
29 81
29 82
29 82
29 83
29 84
29 84
28 85
28 86
28 86
28 87
28 87
28 88
28 89
28 89
27 90
27 90
27 91
27 91
27 91
27 91
26 91
26 91
25 91
25 91
24 90
24 90
23 89
22 89
22 89
21 88
21 87
21 87
20 86
19 85
18 84
18 84
17 83
16 82
16 82
15 81
14 80
13 79
13 79
12 78
11 77
11 77
11 76
11 75
11 74
11 73
11 72
11 71
11 70
11 69
10 68
10 67
10 66
10 65
10 64
10 63
10 62
10 61
10 60
10 59
10 58
10 57
10 56
10 55
10 54
10 53
9 52
9 51
9 50
9 49
9 48
9 47
9 46
9 45
9 44
9 44
9 45
9 45
9 44
9 44
9 44
10 44
10 44
11 43
11 43
12 42
13 41
13 41
14 40
15 40
16 39
16 39
17 39
18 38
19 38
19 38
20 37
21 37
21 37
22 37
22 37
23 37
23 37
22 38
22 39
21 40
20 41
20 42
19 43
19 44
18 45
17 46
17 47
16 48
15 49
15 50
14 51
14 52
13 53
12 54
12 55
11 56
10 57
10 58
9 59
9 60
8 61
8 61
8 62
8 63
8 64
8 65
8 66
8 66
8 65
8 65
8 65
9 65
9 65
10 64
11 63
11 63
12 62
13 61
14 61
15 60
15 60
16 59
17 59
18 58
18 58
19 57
20 57
21 56
21 56
22 56
22 56
23 56
23 56
24 55
25 54
25 53
26 52
27 51
28 50
29 49
30 48
30 47
31 46
32 45
33 44
34 43
35 42
35 41
36 40
37 39
38 38
39 37
40 36
40 35
41 34
42 33
43 32
44 31
45 30
45 29
46 28
47 27
48 26
49 25
50 24
50 23
51 22
52 21
53 20
54 19
55 18
55 17
56 16
57 15
58 14
59 13
60 12
60 11
61 10
62 9
63 8
64 7
65 6
65 5
66 4
67 3
67 3
67 3
67 2
67 2
67 1
67 1
67 0
67 0
67 0
68 1
68 2
68 2
69 3
69 4
69 4
69 5
69 6
69 7
69 8
69 8
69 9
69 10
69 11
69 12
69 13
69 13
69 14
69 15
69 16
69 17
69 18
69 19
69 19
69 20
69 21
69 22
69 23
69 23
69 24
69 25
69 26
69 26
69 27
69 28
69 29
69 29
69 30
69 31
69 31
69 32
69 33
69 33
69 34
69 35
69 36
69 36
68 37
68 37
68 37
67 36
67 35
66 34
66 33
65 32
65 31
64 30
64 29
63 28
62 27
62 26
61 25
61 24
60 23
60 22
59 21
59 20
58 19
58 18
57 17
57 17
57 18
58 19
58 20
58 20
59 21
59 21
58 22
58 22
58 23
58 24
58 24
59 25
59 26
59 26
59 27
59 27
60 28
60 28
60 29
60 29
61 30
61 30
61 30
62 30
62 30
63 29
64 28
64 27
65 26
66 25
67 24
67 23
68 22
69 21
70 20
70 19
71 18
72 17
73 16
73 15
74 14
75 13
76 12
76 11
77 10
77 10
78 10
79 10
80 10
81 10
82 10
82 10
83 10
83 10
84 11
84 11
84 12
84 13
84 13
83 14
83 15
83 15
82 16
82 17
81 18
81 18
80 19
80 20
79 21
79 21
78 22
78 23
77 24
77 24
76 25
76 26
76 26
75 27
75 28
74 29
74 29
73 30
73 31
72 32
72 32
72 33
71 34
71 35
71 35
70 36
69 37
68 38
67 39
66 40
65 41
64 42
63 43
62 44
61 44
60 45
59 46
58 47
57 48
56 49
55 50
54 51
53 52
52 53
52 53
52 53
52 54
52 54
53 53
53 53
54 52
54 52
55 51
56 50
56 50
57 50
58 49
59 49
60 48
61 48
61 48
62 47
63 46
64 46
65 45
65 45
66 44
67 44
68 43
69 43
70 42
70 42
71 41
72 41
73 40
74 40
75 39
76 39
76 39
77 38
78 38
79 37
80 37
81 36
81 36
82 36
83 35
84 35
85 35
85 35
86 34
87 34
88 33
88 33
89 33
89 33
90 33
90 33
90 34
90 34
89 34
89 34
88 35
87 35
86 36
85 36
84 37
83 37
82 38
81 38
80 39
79 39
78 40
77 40
76 41
75 41
74 42
73 42
72 43
72 43
72 44
71 45
71 46
71 46
71 47
71 48
71 48
71 49
70 50
70 51
70 51
70 52
69 53
69 54
69 55
69 55
69 56
69 57
69 58
69 59
69 60
69 60
69 61
68 62
68 63
67 64
67 65
67 65
67 66
66 67
66 68
65 69
65 70
65 70
65 71
65 72
64 73
64 74
64 75
64 76
64 76
64 77
63 78
63 79
62 80
62 81
62 81
62 82
61 83
61 84
61 85
61 85
60 86
60 87
59 88
59 89
59 89
59 90
59 91
59 92
59 92
58 93
58 94
58 94
58 95
58 96
58 96
58 96
59 96
59 96
60 95
60 95
60 94
61 93
61 92
62 91
62 90
62 89
63 88
63 87
63 86
64 85
64 84
65 83
65 82
65 81
66 80
66 79
66 78
67 77
67 76
68 75
68 74
68 73
69 72
69 71
69 70
70 69
70 68
71 67
71 66
71 65
72 64
72 63
72 62
73 61
73 60
74 59
74 58
74 57
75 56
75 55
75 54
76 53
76 52
77 51
77 50
77 50
77 51
78 52
78 53
78 53
78 54
78 54
78 55
78 55
78 56
77 57
77 58
77 59
77 59
77 60
77 61
77 62
77 63
77 63
77 64
76 65
76 66
76 66
76 67
76 68
76 69
76 70
76 71
76 71
76 72
76 73
76 74
76 75
76 76
76 76
76 77
76 78
76 79
76 79
76 80
76 81
76 82
76 82
76 83
76 84
76 85
76 85
77 86
77 87
77 87
78 88
78 89
78 89
79 90
79 90
80 91
80 91
81 91
82 91
82 91
83 91
84 91
84 91
85 91
86 90
87 90
87 90
88 89
89 88
89 88
90 87
91 87
91 87
92 86
93 86
93 86
94 86
95 86
95 86
95 85
95 85
96 85
96 85
96 84
96 84
97 83
97 83
97 82
97 81
97 81
97 80
97 79
97 78
97 78
97 77
97 76
97 75
97 75
97 74
97 73
98 72
98 71
98 70
98 70
98 69
98 68
98 67
98 66
98 66
98 65
98 64
99 63
99 62
99 61
