8 13
9 12
9 11
9 11
9 12
9 12
9 13
9 13
9 14
9 14
10 15
10 15
10 16
10 17
10 17
11 18
11 19
11 19
11 20
11 21
11 21
11 22
11 23
11 24
11 24
11 25
11 26
11 27
11 28
11 28
11 29
11 30
11 31
11 32
11 32
11 33
11 34
11 35
11 36
11 36
11 37
11 38
11 39
11 40
11 41
11 42
11 42
11 43
11 44
11 45
11 46
11 47
11 47
11 48
11 49
10 50
10 51
10 52
10 53
10 53
10 54
10 55
10 56
10 57
10 58
10 59
10 59
10 60
10 61
9 62
9 63
9 64
9 65
9 65
9 66
9 67
8 68
8 69
8 70
8 71
8 71
8 72
8 73
7 74
7 75
7 76
7 77
7 77
7 78
7 79
6 80
6 81
6 82
6 83
6 83
6 84
5 85
5 86
5 87
4 88
4 89
4 89
4 90
4 91
3 92
3 93
3 94
3 94
2 95
2 96
1 97
1 98
1 98
0 99
0 99
0 99
0 98
0 97
0 96
1 95
1 94
1 93
1 92
1 91
1 90
2 89
2 88
2 87
2 86
2 85
2 84
3 83
3 82
3 81
3 80
3 79
3 78
3 77
4 76
4 75
4 74
4 73
4 72
4 71
5 70
5 69
5 68
5 67
5 66
5 65
5 64
6 63
6 62
6 61
6 60
6 59
6 58
7 57
7 56
7 55
7 54
7 53
7 52
8 51
8 50
8 49
8 48
8 47
8 46
8 45
9 44
9 43
9 42
9 41
9 40
9 39
10 38
10 37
10 36
10 35
10 34
10 33
10 32
11 31
11 30
11 29
11 28
11 27
11 26
12 25
12 24
12 23
12 22
12 21
12 20
13 19
13 18
13 17
13 16
13 16
14 15
14 14
14 14
15 13
16 12
16 12
17 11
17 10
17 10
18 9
19 9
19 9
20 8
21 7
21 7
22 6
23 6
23 6
24 6
24 6
25 6
25 6
26 6
26 6
27 6
27 6
28 6
28 6
29 6
29 6
30 6
30 6
30 7
30 7
31 7
31 7
31 7
31 7
31 7
31 7
31 8
31 9
31 9
31 9
31 9
31 9
31 9
31 10
31 10
32 10
32 10
32 11
32 11
32 12
32 12
32 13
32 13
32 14
32 14
32 15
32 15
32 16
32 16
32 17
32 17
32 18
32 18
32 19
32 20
32 20
32 21
32 22
32 22
32 23
32 24
32 24
32 25
32 26
32 26
32 27
32 28
32 28
32 29
32 30
32 30
33 31
33 32
33 32
33 33
33 34
33 34
33 35
33 36
33 37
33 37
33 38
33 39
33 39
33 40
33 41
33 42
33 42
33 43
33 44
33 44
33 45
33 46
33 47
33 47
33 48
33 49
33 49
33 50
34 51
34 52
34 52
34 53
34 54
34 54
34 55
34 56
34 57
34 57
34 58
34 59
34 59
34 60
34 61
34 62
34 62
34 63
34 64
34 64
34 65
34 66
34 67
34 67
34 68
34 69
34 70
34 70
34 71
34 72
34 73
34 73
34 74
34 75
34 75
34 76
34 77
34 78
34 78
34 79
34 80
34 80
34 81
34 82
34 82
34 83
34 84
34 84
34 85
34 86
34 86
34 87
34 88
34 88
34 89
34 90
34 90
34 91
34 92
34 93
34 93
34 94
34 95
34 95
34 96
34 96
34 97
34 98
34 98
34 99
34 99
34 99
33 99
33 99
33 99
32 99
31 99
31 99
30 99
30 99
29 99
29 99
28 98
28 98
27 98
26 98
26 98
26 97
26 96
26 95
25 94
25 93
25 92
25 91
25 90
25 89
25 88
25 87
24 86
24 85
24 84
24 83
24 82
24 81
24 80
24 79
23 78
23 77
23 76
23 75
23 74
23 73
23 72
22 71
22 70
22 69
22 68
22 67
22 66
22 65
22 64
21 63
21 62
21 61
21 60
21 59
21 58
21 57
21 56
20 55
20 54
20 53
20 52
20 51
20 50
20 49
19 48
19 47
19 46
19 45
19 44
19 43
19 42
19 41
18 40
18 39
18 38
18 37
18 36
18 35
18 34
18 33
17 32
17 31
17 30
17 29
17 29
16 28
16 28
15 28
15 28
15 28
15 28
15 28
16 28
16 28
17 28
17 28
18 28
18 28
19 28
20 28
20 28
21 27
22 27
22 27
23 26
24 26
24 26
25 25
26 25
26 25
27 25
28 25
28 25
29 25
29 25
30 25
30 25
30 25
30 25
30 25
30 25
29 26
29 27
29 27
28 28
28 29
27 30
27 31
26 32
26 33
25 34
24 35
24 36
23 37
23 38
22 39
22 40
21 41
20 42
20 43
19 44
19 45
18 46
18 47
17 48
17 48
16 49
16 50
15 51
15 51
14 52
14 52
14 53
14 53
13 53
13 53
13 54
13 54
14 54
14 54
14 54
15 54
15 54
16 53
17 53
17 53
18 52
19 52
19 52
20 52
21 51
22 51
22 51
23 51
24 51
24 51
25 50
26 50
26 50
27 50
28 50
28 50
29 50
30 50
30 50
31 50
31 50
31 50
31 50
32 49
32 48
33 47
33 46
34 45
35 44
35 43
36 42
36 41
37 40
38 39
38 38
39 37
39 36
40 35
41 34
41 33
42 32
42 31
43 30
44 29
44 28
45 27
45 26
46 25
47 24
47 23
48 22
48 21
49 20
50 19
50 18
51 17
51 16
52 15
53 14
53 13
54 12
54 11
55 10
56 9
56 8
57 7
57 6
58 5
59 4
59 3
60 2
60 1
61 0
61 0
61 0
61 0
61 0
61 0
61 0
61 0
61 0
61 0
61 0
61 1
61 2
61 2
61 3
61 3
61 3
61 4
61 4
61 4
61 4
61 5
61 5
61 5
61 5
61 6
61 6
61 7
61 7
61 8
61 8
61 9
61 9
61 10
61 11
61 11
61 12
61 13
61 14
61 14
61 15
61 16
61 17
61 17
61 18
61 19
61 20
61 20
61 21
61 22
61 23
61 24
61 24
61 25
61 26
61 27
61 27
61 28
61 29
61 30
61 30
61 31
61 32
61 33
61 33
61 34
61 35
61 36
61 36
61 37
61 38
61 38
61 39
61 39
61 40
61 40
61 40
61 40
60 40
60 40
59 39
59 38
58 37
58 36
57 35
57 34
56 33
56 32
55 31
55 30
54 29
54 28
53 27
53 26
52 25
52 24
51 23
51 22
50 21
50 20
49 19
49 18
49 18
49 18
49 18
49 18
49 18
49 18
49 19
49 20
49 20
50 21
50 21
50 22
50 23
50 23
50 24
50 25
50 25
50 26
51 27
51 28
51 28
51 29
51 30
51 30
52 31
52 32
52 32
52 33
52 34
52 34
53 35
53 36
53 36
53 37
53 38
53 38
53 39
53 39
54 39
54 39
54 40
54 40
54 40
55 39
55 39
56 38
56 37
57 36
57 35
58 34
58 33
59 32
59 31
60 30
60 29
61 28
61 27
62 26
62 25
63 24
63 23
64 22
64 21
65 20
65 19
66 18
66 17
67 16
67 15
68 14
68 13
68 13
69 12
70 12
70 12
70 11
70 11
70 11
70 11
70 11
70 11
70 11
70 11
71 12
71 12
71 13
71 13
70 14
70 14
70 15
70 16
70 16
70 17
70 17
69 18
69 19
69 19
68 20
68 21
68 21
68 22
68 23
68 23
67 24
67 25
67 25
66 26
65 27
65 27
64 28
63 29
62 30
62 31
61 32
60 33
59 34
58 35
57 36
57 37
56 38
55 39
54 40
53 41
52 42
52 43
51 44
50 45
49 46
49 46
48 46
48 46
47 46
47 46
47 46
47 47
47 47
47 47
47 47
47 47
47 47
47 47
47 47
47 47
47 47
47 47
47 47
48 47
48 47
49 46
49 46
50 45
50 45
51 44
52 44
52 44
53 43
54 43
55 42
55 42
56 41
57 41
57 41
58 40
59 40
60 39
60 39
61 39
62 38
63 38
63 38
64 37
65 37
66 36
66 36
67 36
68 35
69 35
69 35
70 35
71 34
72 34
72 34
73 33
74 33
74 33
75 33
76 33
76 33
77 33
77 33
77 32
77 32
77 32
77 32
77 31
77 31
76 31
75 32
74 32
73 33
72 33
71 34
70 34
69 34
68 35
67 35
66 36
65 36
64 37
63 37
63 37
63 37
62 38
62 38
62 38
62 39
62 39
61 39
61 39
61 40
61 41
61 41
60 42
60 42
60 43
59 44
59 45
59 45
59 46
59 47
59 47
59 48
58 49
58 50
58 50
58 51
57 52
57 53
57 54
57 54
56 55
56 56
55 57
55 58
55 58
55 59
54 60
54 61
54 62
54 62
54 63
53 64
53 65
53 66
53 66
53 67
52 68
52 69
52 70
52 70
52 71
52 72
52 73
52 73
51 74
51 75
51 75
51 76
51 77
51 77
51 78
51 78
50 79
50 79
50 80
50 80
50 80
50 80
51 81
51 81
51 80
51 80
51 79
52 78
52 77
52 76
53 75
53 74
53 73
54 72
54 71
55 70
55 69
55 68
56 67
56 66
56 65
57 64
57 63
57 62
58 61
58 60
58 59
59 58
59 57
59 56
60 55
60 54
60 53
61 52
61 51
62 50
62 49
62 48
63 47
63 46
63 45
64 44
64 43
64 43
64 43
64 43
64 43
64 44
64 44
64 45
64 45
64 46
64 46
63 47
63 47
63 48
63 48
63 49
63 49
63 50
63 50
63 51
63 51
63 52
63 53
63 53
63 54
63 54
63 55
63 56
63 56
63 57
63 57
63 58
63 59
63 59
63 60
63 60
63 61
63 61
63 62
63 63
63 63
63 64
63 64
64 65
64 65
64 66
64 67
64 67
64 68
64 68
64 69
64 69
64 70
64 70
65 71
65 71
65 72
65 72
66 72
66 72
66 73
66 73
67 74
67 74
68 74
68 74
68 74
69 74
69 74
70 75
70 75
71 75
71 75
72 75
72 75
73 75
73 75
74 75
74 75
75 75
75 75
76 75
76 75
77 75
77 75
77 75
78 74
79 74
79 74
80 74
80 74
81 73
81 73
82 73
82 73
83 72
83 72
84 72
84 72
85 71
85 71
86 70
86 70
87 69
87 69
88 69
88 69
89 68
89 68
90 67
90 67
91 66
91 66
92 65
92 64
92 64
93 63
93 62
93 62
94 61
95 61
95 61
96 60
96 59
96 59
96 58
96 58
97 57
97 56
97 56
98 55
98 55
98 54
98 53
98 53
98 52
98 51
98 50
98 50
99 49
99 48
99 48
99 47
99 46
99 45
99 45
99 44
99 43
99 43
99 42
99 41
99 40
99 40
98 39
98 38
98 38
98 37
98 36
98 36
98 35
98 34
98 33
98 33
97 32
97 31
