5 22
5 22
5 22
5 21
5 20
5 19
5 19
5 19
5 19
5 20
5 20
5 21
6 22
6 23
6 24
6 24
6 25
6 26
6 27
6 28
6 29
6 30
6 31
6 31
6 32
6 33
6 34
6 35
6 36
6 37
6 38
6 38
6 39
6 40
6 41
6 42
6 43
6 44
6 45
6 46
6 47
6 47
6 48
6 49
6 50
6 51
6 52
6 53
6 54
6 55
6 55
6 56
6 57
6 58
5 59
5 60
5 61
5 62
5 62
5 63
5 64
4 65
4 66
4 67
4 68
4 68
4 69
4 70
3 71
3 72
3 73
3 73
3 74
3 75
2 76
2 77
2 78
2 78
2 79
1 80
1 81
1 82
1 82
1 83
0 84
0 85
0 85
0 86
0 87
0 87
0 86
0 85
0 84
0 83
0 82
0 81
0 80
0 79
0 78
0 77
0 76
0 75
0 74
0 73
0 72
0 71
0 70
0 69
0 68
0 67
0 66
0 65
0 64
0 63
0 62
0 61
0 60
0 59
0 58
0 57
0 56
0 55
0 54
0 53
0 52
0 51
0 50
0 49
0 48
0 47
0 46
0 45
0 44
0 43
0 42
0 41
0 40
0 39
0 38
0 37
0 36
0 35
0 34
0 33
0 32
0 31
0 30
0 29
0 28
0 27
0 26
0 25
0 24
0 24
1 23
2 22
2 22
3 21
3 20
3 20
3 19
3 18
3 18
4 17
5 17
5 17
6 16
7 15
7 15
8 14
9 14
10 13
10 13
11 12
12 11
12 11
13 11
14 10
15 10
15 10
16 9
17 9
17 9
18 9
19 8
20 8
20 8
21 8
22 8
22 8
23 8
23 8
24 9
24 9
24 10
24 10
24 11
24 12
24 13
24 13
24 14
24 15
24 16
24 16
24 17
24 18
24 19
24 20
24 20
24 21
24 22
24 23
24 24
24 25
24 26
24 26
24 27
24 28
24 29
24 30
24 31
24 32
24 32
24 33
24 34
24 35
24 36
24 37
24 38
24 39
24 40
24 41
24 41
24 42
24 43
24 44
24 45
25 46
25 47
25 48
25 49
25 50
25 51
25 51
25 52
25 53
25 54
25 55
25 56
26 57
26 58
26 59
26 60
26 61
26 62
26 62
26 63
26 64
26 65
27 66
27 67
27 68
27 69
27 70
27 70
27 71
27 72
27 73
28 74
28 75
28 76
28 77
28 78
28 78
28 79
28 80
29 81
29 82
29 83
29 84
29 84
29 85
29 86
30 87
30 88
30 89
30 89
30 90
30 91
30 92
30 93
30 93
30 94
30 95
30 96
30 96
29 97
29 98
29 98
28 99
28 99
27 99
27 99
26 99
26 99
25 99
24 98
23 98
23 98
22 97
21 96
21 96
20 95
19 94
18 93
18 93
17 92
17 91
16 90
16 90
15 89
15 88
14 87
14 86
14 86
13 85
13 84
12 83
12 83
12 82
12 81
12 80
12 79
11 78
11 77
11 76
11 75
11 74
11 73
11 72
11 71
10 70
10 69
10 68
10 67
10 66
10 65
10 64
10 63
10 62
9 61
9 60
9 59
9 58
9 57
9 56
9 55
9 54
9 53
8 52
8 51
8 50
8 49
8 48
8 47
8 46
8 45
7 44
7 43
7 42
7 41
7 40
7 40
7 41
8 42
8 43
8 43
8 42
8 41
7 40
7 39
7 38
7 38
8 38
8 38
9 37
10 37
10 37
11 36
12 35
13 34
13 34
14 33
15 33
16 32
17 32
17 32
18 32
19 32
19 32
19 32
18 33
18 34
17 35
17 36
16 37
16 38
15 39
15 40
14 41
14 42
13 43
13 44
12 45
12 46
11 47
11 48
10 49
10 50
9 51
9 52
8 53
8 54
8 54
8 55
8 56
8 57
8 58
8 59
8 59
8 58
8 58
8 58
9 58
10 58
11 58
11 58
12 57
13 56
14 55
14 55
15 54
16 53
17 52
17 52
18 51
19 50
19 49
20 48
20 48
21 47
22 46
23 45
23 45
24 45
25 44
26 44
26 44
27 43
28 42
29 41
30 40
31 39
32 38
33 37
34 36
35 35
36 34
37 33
38 32
39 31
40 30
41 29
42 28
43 27
44 26
45 25
46 24
47 23
48 22
49 21
50 20
51 19
52 18
53 17
54 16
55 15
56 14
57 13
58 12
59 11
60 10
61 9
62 8
63 7
64 6
64 6
65 5
65 4
66 3
66 3
67 2
68 2
68 2
68 1
68 1
69 0
69 0
69 1
69 2
69 2
69 3
69 3
69 4
69 5
69 6
69 7
69 7
69 8
69 9
69 10
69 11
69 11
69 12
69 13
69 14
69 15
69 15
69 16
69 17
69 18
69 19
69 19
69 20
69 21
69 22
69 22
69 23
69 24
69 25
69 25
69 26
69 27
69 28
69 28
69 29
69 30
69 30
69 31
69 31
69 31
69 32
69 32
68 32
68 32
68 31
67 30
67 29
67 28
66 27
66 26
65 25
65 24
65 23
64 22
64 21
64 20
63 19
63 18
63 17
62 16
62 15
62 14
61 13
61 12
60 11
60 10
60 9
59 8
59 7
59 7
59 8
59 9
60 10
60 11
60 12
60 12
60 13
60 14
60 14
60 15
60 16
60 16
60 17
61 18
61 19
61 20
61 20
61 21
61 22
61 22
61 23
61 24
61 25
61 25
62 26
62 27
62 27
62 28
62 29
62 29
63 30
63 30
63 31
63 31
64 32
64 32
65 31
65 30
66 29
67 28
67 27
68 26
68 25
69 24
70 23
70 22
71 21
72 20
72 19
73 18
74 17
74 16
75 15
76 14
76 13
77 12
77 11
78 10
79 9
79 8
80 7
80 7
81 8
82 8
83 9
84 9
84 9
84 9
84 10
84 11
84 11
83 12
83 13
82 14
82 14
82 15
81 16
81 17
81 17
80 18
80 19
79 20
79 21
79 21
78 22
78 23
77 24
77 25
77 25
76 26
76 27
75 28
75 29
74 30
74 30
73 31
72 32
72 33
71 34
71 34
70 35
69 36
68 36
67 37
66 38
65 39
64 39
63 40
62 41
61 42
60 42
59 43
58 44
57 45
56 45
55 46
54 47
53 48
52 48
51 49
50 50
49 51
48 51
47 52
46 53
46 53
47 54
48 54
48 54
48 53
48 53
49 53
50 52
51 52
51 52
52 51
53 51
54 50
54 50
55 49
56 48
57 48
58 47
59 46
59 46
60 45
61 45
62 44
63 43
64 43
65 42
65 42
66 41
67 41
68 40
69 39
70 39
71 38
71 38
72 37
73 36
74 36
75 35
76 34
76 34
77 33
78 33
79 32
80 32
81 31
81 31
82 30
83 30
84 29
84 29
85 29
86 28
87 28
87 28
88 28
88 28
87 28
86 29
85 29
84 30
83 30
82 30
81 31
80 31
79 31
78 32
77 32
76 33
75 33
75 33
75 34
75 35
74 36
74 37
74 38
74 38
73 39
73 39
72 40
72 41
71 42
71 43
71 43
71 44
70 45
70 46
70 47
70 48
69 49
69 50
69 50
69 51
68 52
68 53
68 54
67 55
67 56
67 56
67 57
67 58
67 59
66 60
66 61
66 62
66 63
66 63
66 64
66 65
65 66
65 67
65 68
65 69
65 69
65 70
65 71
64 72
64 73
64 74
64 75
64 75
64 76
64 77
63 78
63 79
63 80
63 80
63 81
63 82
62 83
62 84
62 85
62 85
62 86
62 87
61 88
61 89
61 90
61 90
61 91
61 92
61 93
61 93
61 94
61 95
61 95
61 96
61 96
62 95
62 95
62 94
63 93
63 92
63 91
63 90
64 89
64 88
64 87
65 86
65 85
65 84
66 83
66 82
66 81
66 80
67 79
67 78
67 77
68 76
68 75
68 74
68 73
69 72
69 71
69 70
70 69
70 68
70 67
70 66
71 65
71 64
71 63
72 62
72 61
72 60
73 59
73 58
73 57
73 56
74 55
74 54
74 53
75 52
75 51
75 50
75 49
76 48
76 47
76 47
77 48
78 49
78 49
77 49
77 49
77 50
76 51
76 52
76 53
76 53
76 54
75 55
75 56
75 57
74 58
74 59
74 59
74 60
74 61
73 62
73 63
73 64
73 65
73 65
73 66
73 67
73 68
73 69
73 70
73 70
73 71
73 72
73 73
73 74
73 74
73 75
73 76
73 77
73 77
73 78
74 79
74 80
74 80
75 81
75 82
75 82
76 83
76 83
77 84
77 84
78 84
79 84
79 84
80 84
81 84
81 84
82 84
83 84
83 84
84 84
85 83
86 83
86 83
87 82
88 82
88 82
89 82
90 81
91 81
91 81
92 80
93 79
93 79
94 78
95 77
95 77
96 76
97 76
97 76
98 75
98 74
98 74
99 73
99 72
99 72
99 71
99 70
99 70
99 69
98 68
98 67
98 67
98 66
98 65
98 64
98 63
98 63
98 62
97 61
97 60
97 59
