5 13
6 14
7 15
7 15
6 16
6 16
7 17
7 17
7 18
7 19
7 20
7 21
7 22
7 22
7 23
7 24
8 25
8 26
8 27
8 28
8 28
8 29
8 30
8 31
9 32
9 33
9 34
9 35
9 35
9 36
9 37
9 38
10 39
10 40
10 41
10 42
10 42
10 43
10 44
10 45
10 46
10 47
10 48
10 49
10 49
10 50
10 51
10 52
10 53
10 54
10 55
10 56
10 56
10 57
10 58
10 59
9 60
9 61
9 62
9 63
9 63
9 64
9 65
9 66
8 67
8 68
8 69
8 70
8 70
8 71
7 72
7 73
7 74
6 75
6 76
6 76
6 77
5 78
5 79
5 80
5 81
4 82
4 83
4 83
3 84
3 85
2 86
2 87
2 87
1 88
1 89
0 90
0 90
0 90
0 89
0 88
0 87
0 86
1 85
1 84
1 83
1 82
1 81
1 80
1 79
1 78
1 77
2 76
2 75
2 74
2 73
2 72
2 71
2 70
2 69
2 68
3 67
3 66
3 65
3 64
3 63
3 62
3 61
3 60
4 59
4 58
4 57
4 56
4 55
4 54
4 53
4 52
4 51
5 50
5 49
5 48
5 47
5 46
5 45
5 44
5 43
5 42
6 41
6 40
6 39
6 38
6 37
6 36
6 35
6 34
6 33
7 32
7 31
7 30
7 29
7 28
7 28
8 29
8 29
8 28
9 27
9 26
9 26
9 25
10 24
10 23
10 23
11 22
12 21
12 21
13 20
14 19
14 19
15 18
16 17
17 16
17 16
18 15
19 15
20 14
21 14
21 14
22 13
23 12
24 11
24 11
25 10
26 10
27 9
27 9
28 8
29 8
29 8
30 7
30 7
31 7
31 7
31 7
31 8
31 8
31 9
31 9
31 10
31 10
31 11
31 12
31 13
31 13
31 14
31 15
31 16
31 16
31 17
31 18
31 19
31 19
31 20
31 21
31 22
31 23
31 24
31 24
31 25
31 26
31 27
31 28
31 29
31 30
31 30
31 31
31 32
31 33
31 34
31 35
31 36
31 36
31 37
31 38
31 39
31 40
31 41
31 42
31 43
31 43
31 44
31 45
31 46
31 47
31 48
31 49
31 50
31 51
31 51
31 52
31 53
31 54
32 55
32 56
32 57
32 58
32 58
32 59
32 60
33 61
33 62
33 63
33 64
33 64
33 65
33 66
33 67
33 68
33 69
33 70
33 71
33 72
33 72
33 73
33 74
33 75
34 76
34 77
34 78
34 79
34 79
34 80
34 81
34 82
34 83
34 84
34 85
34 85
34 86
34 87
34 88
34 89
34 89
34 90
34 91
34 92
34 93
34 93
34 94
34 95
34 96
34 97
34 97
34 98
34 99
34 99
34 99
34 99
33 98
33 98
33 97
32 96
32 95
32 94
31 93
31 92
30 91
30 90
30 89
29 88
29 87
29 86
28 85
28 84
28 83
27 82
27 81
27 80
26 79
26 78
25 77
25 76
25 75
24 74
24 73
24 72
23 71
23 70
23 69
22 68
22 67
22 66
21 65
21 64
20 63
20 62
20 61
19 60
19 59
19 58
18 57
18 56
18 55
17 54
17 53
17 52
16 51
16 50
15 49
15 48
15 47
14 46
14 45
14 45
14 46
14 47
14 47
14 46
14 46
14 45
14 45
15 44
16 44
16 44
17 43
18 42
18 42
19 41
20 41
21 40
21 40
22 40
23 39
24 39
24 39
25 38
26 37
26 37
26 36
26 36
27 36
27 36
26 37
26 38
25 39
24 40
24 41
23 42
22 43
22 44
21 45
20 46
20 47
19 48
18 49
18 50
17 51
16 52
16 53
15 54
14 55
14 56
13 57
12 58
12 59
11 60
10 61
10 62
9 63
9 63
9 64
9 65
9 66
9 67
9 68
9 68
9 68
10 69
10 69
11 70
11 71
11 71
12 72
12 73
12 73
13 74
14 74
14 74
15 74
15 74
16 73
17 73
18 72
18 72
19 71
19 70
20 69
20 69
21 68
22 67
22 66
23 65
24 64
24 64
25 63
26 62
26 61
27 60
27 60
28 59
28 58
29 57
29 57
30 56
30 55
30 55
31 55
31 55
31 55
32 54
32 53
33 52
34 51
34 50
35 49
36 48
37 47
37 46
38 45
39 44
39 43
40 42
41 41
41 40
42 39
43 38
43 37
44 36
45 35
46 34
46 33
47 32
48 31
48 30
49 29
50 28
50 27
51 26
52 25
52 24
53 23
54 22
54 21
55 20
56 19
57 18
57 17
58 16
59 15
59 14
60 13
61 12
61 11
62 10
63 9
63 8
64 7
65 6
66 5
66 4
67 3
68 2
68 1
69 0
69 0
70 1
70 2
70 2
69 1
69 1
69 2
69 3
69 4
69 5
69 5
69 6
69 7
69 8
69 9
69 10
69 10
69 11
69 12
69 13
69 14
69 15
69 15
69 16
69 17
69 18
69 19
69 20
69 20
69 21
69 22
69 23
69 24
69 25
69 25
69 26
69 27
69 28
69 29
69 29
69 30
68 31
68 32
68 32
68 33
68 34
68 35
68 35
68 36
68 36
68 37
68 37
68 37
67 36
67 35
66 34
65 33
65 32
64 31
63 30
62 29
62 28
61 27
60 26
60 25
59 24
59 24
59 24
59 25
59 25
59 26
59 26
59 27
60 28
60 29
60 29
60 30
60 31
60 32
60 32
60 33
61 34
61 35
61 35
62 36
62 36
62 37
62 38
62 38
63 38
63 38
64 39
64 39
65 38
65 37
66 36
66 35
67 34
68 33
68 32
69 31
69 30
70 29
71 28
71 27
72 26
72 25
73 24
74 23
74 22
75 21
75 20
76 19
76 19
77 18
77 18
77 18
78 18
78 18
78 19
78 19
78 19
77 20
77 21
77 21
76 22
76 23
76 23
76 24
76 25
76 25
76 26
75 27
75 28
75 28
75 29
74 30
74 31
74 31
74 32
73 33
73 34
73 34
73 35
72 36
72 37
72 37
71 38
70 39
70 39
70 40
69 41
69 42
69 42
68 43
67 44
66 45
65 45
64 46
63 47
62 48
61 49
60 50
59 50
58 51
57 52
56 53
55 54
54 55
53 55
52 56
51 57
50 58
50 58
50 59
49 60
49 61
49 61
49 60
49 59
49 59
49 58
49 58
50 58
50 58
51 57
52 57
52 57
53 56
54 55
54 55
55 54
56 53
57 52
57 52
58 51
59 50
60 49
60 49
61 48
62 47
63 47
64 46
64 46
65 45
66 44
66 43
67 42
67 42
68 41
69 41
70 40
71 40
71 40
72 39
73 39
74 38
74 38
75 37
76 36
76 36
77 35
78 35
78 35
78 35
78 35
77 36
76 37
75 38
74 39
73 40
72 41
71 41
70 42
69 43
68 44
67 45
66 46
66 46
66 47
66 48
66 49
66 50
66 50
66 51
66 51
65 52
64 52
64 52
64 53
64 54
64 55
64 56
64 56
64 57
64 58
64 59
64 60
64 60
64 61
63 62
63 63
63 63
63 64
63 65
63 66
63 67
63 67
63 68
63 69
63 70
63 71
63 71
63 72
62 73
62 74
62 75
62 75
62 76
61 77
61 78
61 78
61 79
61 80
61 81
61 82
61 82
60 83
60 84
60 84
59 85
59 85
58 86
58 86
58 85
59 84
59 83
60 82
60 81
60 80
61 79
61 78
61 77
62 76
62 75
63 74
63 73
63 72
64 71
64 70
65 69
65 68
65 67
66 66
66 65
66 64
67 63
67 62
68 61
68 60
68 59
69 58
69 57
69 56
70 55
70 54
71 53
71 52
71 52
72 53
72 53
72 53
72 53
72 54
72 55
72 55
73 56
73 56
73 57
73 58
73 58
73 59
73 60
73 61
73 61
73 62
72 63
72 64
72 65
72 65
72 66
72 67
72 68
72 68
72 69
71 70
71 71
71 71
71 72
71 73
71 73
71 74
71 75
71 75
71 76
71 76
72 77
72 78
72 78
73 79
73 79
74 80
74 80
75 80
76 80
76 80
77 80
77 80
78 79
79 79
79 79
80 78
81 78
81 78
82 77
83 77
84 76
84 76
85 76
86 75
87 75
87 75
88 74
89 74
89 74
90 73
91 73
91 73
92 72
93 72
93 72
94 72
94 72
95 71
95 71
96 71
96 71
96 71
96 71
97 71
97 71
97 71
97 71
97 70
97 70
98 70
98 70
98 69
98 68
98 68
98 67
98 67
99 66
99 65
99 65
99 64
99 63
99 62
99 61
99 60
99 60
99 59
99 58
98 57
98 56
98 55
