3 27
2 28
2 28
1 28
1 28
0 28
0 28
0 28
0 28
0 28
0 28
0 28
0 27
0 27
1 27
1 27
2 26
2 26
3 26
4 25
5 25
5 25
6 24
7 24
7 24
8 23
9 23
10 22
11 22
11 22
12 21
13 20
14 20
15 19
15 19
16 18
17 18
18 17
19 17
19 17
20 16
21 16
22 15
23 15
24 14
24 14
25 13
26 13
27 12
27 12
28 11
29 10
29 10
30 10
30 10
30 9
30 9
30 9
29 9
29 9
28 10
27 10
27 10
26 11
25 11
25 11
24 11
23 11
22 11
22 11
21 11
20 12
19 12
19 12
18 12
17 13
16 13
16 13
15 13
14 13
13 13
13 13
12 12
11 12
11 12
10 12
9 12
9 12
8 11
8 11
8 10
8 10
7 10
7 10
8 11
8 11
8 11
9 12
9 13
9 13
9 14
10 15
10 16
10 16
11 17
11 18
11 18
12 19
12 20
13 21
13 21
14 22
14 23
14 23
15 24
15 25
15 25
16 26
16 26
17 26
17 26
17 26
18 25
18 25
18 24
18 24
18 23
19 22
19 21
19 21
20 20
20 19
20 19
21 18
21 17
21 17
21 16
22 15
22 14
22 13
22 13
22 12
23 11
23 10
23 9
23 9
23 8
24 7
24 6
24 6
24 5
25 4
25 3
25 3
25 2
25 2
26 2
26 2
26 2
26 3
26 3
26 4
26 5
26 5
26 6
26 7
26 8
26 9
26 9
26 10
25 11
25 12
25 12
25 13
24 14
24 15
24 15
24 16
24 17
24 18
24 18
24 19
23 20
23 21
23 21
23 22
22 23
22 24
22 24
22 25
22 26
22 26
22 27
21 28
21 29
21 29
20 30
20 31
19 32
19 33
18 34
18 35
17 36
17 37
16 38
16 39
15 40
15 41
14 42
14 43
13 44
13 44
12 45
12 46
11 47
11 48
10 49
10 49
9 50
8 50
8 50
7 51
7 51
6 52
6 52
6 52
6 51
6 51
7 50
7 50
8 49
8 49
9 48
10 47
10 47
11 46
12 45
12 45
13 44
13 43
14 42
14 42
15 41
16 41
17 40
17 40
18 39
19 39
19 39
20 38
21 38
21 38
22 37
23 37
23 37
24 37
24 37
25 37
25 37
26 37
26 37
27 38
27 39
27 39
28 40
28 41
28 41
28 42
28 43
28 44
28 44
28 45
28 46
28 47
28 47
28 48
28 49
28 50
28 51
28 51
28 52
28 53
28 54
28 55
28 55
28 56
28 57
27 58
27 59
27 60
27 60
27 61
26 62
26 63
26 64
26 64
26 65
25 66
25 67
25 68
25 68
25 69
24 70
24 71
24 72
24 72
24 73
23 74
23 75
23 76
23 76
22 77
22 78
22 78
22 79
22 79
22 80
22 80
22 80
21 79
21 79
21 78
21 78
21 77
21 76
21 75
21 75
21 74
21 73
21 72
21 71
21 71
21 70
21 69
21 68
21 67
21 67
21 66
21 65
21 64
21 63
21 62
21 62
21 61
21 60
21 59
21 58
21 57
21 56
21 56
21 55
21 54
22 53
22 52
22 51
22 50
22 50
22 49
22 48
22 47
22 46
22 45
22 44
22 44
22 43
22 42
22 41
22 40
22 39
22 39
22 38
22 37
22 36
22 35
22 34
22 34
22 33
22 32
22 32
22 31
22 31
22 30
22 30
22 30
23 31
23 32
23 32
23 33
22 34
22 35
22 35
22 36
22 37
22 38
22 38
22 39
22 40
21 41
21 42
21 43
21 43
21 44
21 45
20 46
20 47
20 48
20 48
20 49
19 50
19 51
18 52
18 53
18 53
18 54
17 55
17 56
16 57
16 58
16 58
16 59
15 60
15 61
15 62
15 62
15 63
14 64
14 65
14 65
14 66
14 67
14 67
13 68
13 68
12 68
12 68
12 68
11 68
11 68
11 67
11 67
10 66
10 66
10 65
9 64
9 63
8 62
8 61
8 61
7 60
6 59
6 59
5 60
5 60
4 60
4 60
4 61
4 61
4 61
4 62
4 62
5 62
5 62
6 62
6 62
7 62
7 62
8 61
9 60
9 60
10 59
11 58
11 58
12 57
13 56
14 55
14 55
15 54
16 53
16 53
17 52
18 52
19 51
19 51
20 50
21 50
21 50
22 49
23 49
23 49
24 50
24 50
25 50
26 50
26 50
27 51
27 51
28 52
28 52
29 53
29 53
29 54
29 54
30 54
30 54
31 54
31 54
32 54
32 54
33 53
33 53
34 52
35 52
35 52
36 51
36 50
36 50
37 49
37 49
37 49
38 48
38 48
38 48
39 47
39 47
39 46
40 45
40 44
40 43
41 42
41 41
41 40
42 39
42 38
43 37
43 36
43 35
44 34
44 33
44 32
45 31
45 30
45 29
46 28
46 27
46 26
47 25
47 24
48 23
48 22
48 21
49 20
49 19
49 18
50 17
50 16
50 15
51 14
51 13
51 12
52 11
52 10
53 9
53 8
53 7
54 6
54 5
54 4
55 3
55 2
55 2
56 1
56 1
56 0
56 0
56 0
56 1
56 1
56 2
56 2
56 3
56 3
56 4
56 5
56 5
56 6
55 7
55 8
55 8
55 9
55 10
55 11
55 12
55 12
55 13
54 14
54 15
54 16
54 16
54 17
54 18
53 19
53 20
53 21
53 22
53 22
53 23
53 24
52 25
52 26
52 27
52 27
52 28
51 29
51 30
50 31
50 32
50 32
50 33
49 34
49 35
48 36
48 37
48 37
48 38
47 39
47 40
46 41
46 42
46 42
45 43
45 44
44 45
44 45
43 46
43 47
42 48
42 48
41 49
40 50
40 50
39 51
38 51
38 51
37 52
36 52
36 52
35 51
35 51
35 50
35 50
35 49
35 48
35 47
35 47
35 46
36 45
36 44
36 44
36 43
37 42
37 41
38 40
38 39
38 39
39 38
39 37
40 36
40 35
40 35
41 34
42 33
42 32
43 31
44 30
44 30
45 29
45 28
46 27
46 26
47 25
47 25
48 24
49 23
50 23
51 22
52 21
52 21
53 20
54 19
54 18
55 17
55 17
56 16
57 15
57 14
58 13
58 13
59 12
60 12
61 11
61 11
62 10
62 10
63 10
63 10
64 10
64 10
64 10
64 10
64 11
64 11
63 12
62 13
62 13
61 14
61 15
61 15
60 16
59 17
59 17
58 18
57 19
57 19
56 20
56 21
55 22
55 22
55 23
54 24
54 25
54 25
53 26
53 27
53 27
53 28
52 29
52 30
52 30
52 31
51 32
51 33
51 33
51 34
51 35
51 36
51 36
51 37
50 38
50 39
50 40
50 40
50 41
49 42
49 43
49 44
49 44
49 45
49 46
49 47
49 48
49 48
49 49
48 50
48 51
48 52
48 52
48 53
48 54
48 55
48 56
48 56
48 57
47 58
47 59
47 59
47 60
47 61
47 61
47 62
47 63
47 63
47 64
47 65
47 65
47 65
47 66
47 66
47 65
47 65
46 65
46 65
46 64
46 63
46 63
47 62
47 61
47 61
47 60
47 59
47 58
47 58
47 57
47 56
47 55
47 54
47 54
47 53
48 52
48 51
48 50
48 50
48 49
48 48
49 47
49 46
49 45
49 45
49 44
49 43
49 42
49 41
49 41
49 40
50 39
50 38
50 37
50 37
50 36
51 35
51 34
51 34
51 33
51 32
51 31
51 31
52 30
52 29
52 29
53 28
53 27
53 27
53 26
53 26
53 26
54 26
54 26
54 26
54 27
54 27
55 28
55 28
55 29
55 30
55 30
55 31
56 32
56 33
56 33
56 34
56 35
56 36
56 36
56 37
56 38
56 39
56 39
56 40
56 41
56 42
56 42
56 43
56 44
56 45
56 46
56 46
56 47
56 48
56 49
56 50
56 50
56 51
56 52
56 53
56 54
56 54
56 55
56 56
56 57
56 58
56 59
56 59
56 60
56 61
56 62
56 63
56 64
56 65
56 65
56 66
56 67
56 68
56 69
56 70
56 70
56 71
56 72
56 73
56 74
56 75
56 75
56 76
56 77
56 78
56 79
56 80
56 81
56 81
56 82
57 83
57 84
57 85
57 85
57 86
57 87
57 88
57 88
57 89
57 90
57 91
57 92
57 92
57 93
56 94
56 95
56 95
56 96
56 97
56 97
56 98
56 99
56 99
56 99
56 99
56 99
55 98
55 98
55 97
55 96
55 96
55 95
54 94
54 93
54 93
54 92
54 91
54 90
54 90
54 89
54 88
53 87
53 86
53 85
53 85
53 84
53 83
52 82
52 81
52 80
52 80
52 79
52 78
51 77
51 76
51 75
51 74
51 74
51 73
51 72
51 71
50 70
50 69
50 68
50 67
50 67
50 66
50 65
50 64
50 63
50 62
50 61
50 61
50 60
49 59
49 58
49 57
49 57
49 56
49 55
49 54
49 53
49 53
49 52
49 51
49 51
49 50
49 49
49 49
50 48
50 47
50 47
51 46
51 45
51 45
52 44
52 44
53 43
54 43
54 43
55 43
55 43
56 43
56 43
57 44
57 44
57 45
57 45
56 46
56 47
56 47
55 48
55 49
55 49
55 50
54 51
54 52
54 52
53 53
53 54
53 54
52 55
51 55
51 55
50 56
50 57
50 57
50 58
50 58
50 58
50 57
50 57
51 57
51 57
52 56
53 55
53 55
54 54
55 53
55 53
56 52
57 51
57 51
58 50
59 49
59 49
60 48
60 48
61 47
61 46
62 45
62 44
63 43
63 42
64 41
64 40
65 39
65 38
66 37
66 36
67 35
67 34
68 33
68 32
69 31
69 30
70 29
70 28
71 27
71 26
72 25
72 25
72 24
72 24
72 23
72 23
71 23
71 23
71 23
71 23
71 24
71 24
72 25
72 25
72 26
72 26
72 27
72 28
72 28
72 29
72 30
72 30
72 31
72 32
73 33
73 34
73 35
73 35
73 36
73 37
73 38
73 39
73 39
73 40
73 41
73 42
73 43
73 43
73 44
72 45
72 46
72 47
72 47
72 48
72 49
72 50
72 51
72 51
72 52
71 53
71 54
71 55
71 55
71 56
70 57
70 58
70 59
70 59
70 60
69 61
69 62
69 62
68 63
68 64
68 64
67 65
67 66
67 66
67 66
66 65
66 65
66 64
66 63
66 63
66 62
66 61
66 60
66 60
66 59
67 58
67 57
67 57
67 56
67 55
67 54
67 53
67 53
67 52
67 51
68 50
68 49
68 48
68 48
68 47
68 46
68 45
68 44
68 43
68 43
68 42
68 41
69 40
69 39
69 38
69 38
69 37
69 36
70 35
70 34
70 33
70 33
70 32
70 31
70 30
70 29
70 29
70 28
71 27
71 26
71 25
71 25
71 24
72 23
72 22
72 22
72 21
73 20
73 19
73 19
74 18
74 17
74 17
75 16
75 15
75 15
75 14
76 13
76 12
76 12
77 11
77 11
78 10
78 9
78 9
79 8
79 8
79 8
80 8
80 8
80 8
80 8
81 9
81 9
81 10
81 11
81 11
81 12
80 13
80 14
80 14
80 15
80 16
80 17
80 17
80 18
80 19
80 20
80 20
80 21
79 22
79 23
79 24
79 24
79 25
79 26
79 27
79 28
79 28
79 29
79 30
79 31
79 32
79 32
79 33
79 34
79 35
79 36
79 37
79 37
79 38
79 39
79 40
79 41
79 42
79 42
79 43
79 44
79 45
79 46
79 47
79 47
79 48
79 49
79 50
79 51
79 52
79 52
79 53
79 54
79 55
79 56
79 57
79 57
79 58
79 59
79 60
79 61
79 62
79 63
79 63
79 64
79 65
79 66
79 67
79 68
79 68
79 69
79 70
79 71
79 72
79 72
79 73
79 74
79 75
79 76
79 76
79 77
80 78
80 79
80 80
80 80
80 81
80 82
80 82
80 83
80 84
80 84
80 85
80 85
80 86
80 86
80 86
80 86
79 85
79 85
79 84
79 84
79 83
78 82
78 81
78 81
78 80
77 79
77 78
77 77
77 77
77 76
77 75
77 74
77 73
77 72
77 72
77 71
77 70
76 69
76 68
76 67
76 67
76 66
76 65
75 64
75 63
75 62
75 61
75 61
75 60
75 59
74 58
74 57
74 56
74 55
74 55
74 54
74 53
73 52
73 51
73 50
73 49
73 49
73 48
73 47
72 46
72 45
72 44
72 44
72 43
72 42
72 41
72 41
72 40
72 39
72 39
72 38
72 37
72 37
72 36
72 36
73 35
73 35
74 34
74 34
75 34
76 34
76 34
77 35
77 35
77 36
77 36
77 37
77 38
77 38
77 39
77 39
77 40
76 41
76 42
76 42
75 43
75 44
74 45
74 45
73 46
73 47
73 47
72 48
72 48
71 49
71 49
71 50
71 50
71 50
71 49
71 49
72 48
72 48
73 47
73 47
74 46
75 45
75 45
76 44
76 43
76 43
77 42
77 41
77 41
78 40
78 39
78 39
79 38
79 37
79 37
80 36
80 35
80 35
81 34
81 33
81 33
81 32
81 31
81 31
81 30
81 29
81 28
81 28
81 27
81 26
81 26
81 25
81 24
81 23
81 23
81 22
81 22
81 21
81 21
81 20
81 20
82 20
82 20
82 19
82 19
82 19
83 19
83 19
83 20
83 20
84 21
84 21
85 22
85 23
85 23
85 24
85 25
85 25
85 26
86 27
86 28
86 28
86 29
86 30
86 31
86 31
86 32
86 33
86 34
86 34
86 35
86 36
86 37
86 38
86 38
86 39
86 40
86 41
86 42
86 42
86 43
86 44
86 45
86 46
86 47
86 47
86 48
86 49
86 50
86 51
86 51
86 52
86 53
85 54
85 55
85 56
85 57
85 57
85 58
85 59
84 60
84 61
84 62
84 62
84 63
83 64
83 65
83 66
83 66
83 67
82 68
82 69
82 70
82 70
82 71
81 72
81 73
81 73
81 74
81 75
81 76
81 76
80 77
80 77
80 77
80 76
80 76
80 75
80 74
80 73
80 73
80 72
81 71
81 70
81 70
81 69
81 68
82 67
82 66
82 65
82 65
82 64
82 63
82 62
82 61
82 60
83 59
83 58
83 57
83 56
83 55
83 54
83 53
83 52
83 51
83 50
83 49
84 48
84 47
84 46
84 45
84 44
84 43
84 42
84 41
84 40
84 39
84 38
85 37
85 36
85 35
85 34
85 33
85 32
85 31
85 30
85 29
85 28
85 27
86 26
86 25
86 24
86 23
86 22
86 21
86 21
86 20
86 19
86 18
86 17
86 17
86 16
86 15
86 15
86 14
86 13
86 13
86 12
86 12
87 11
87 10
87 10
88 9
88 9
88 8
88 8
89 7
89 6
89 6
90 5
90 5
90 5
91 4
91 4
91 4
92 4
92 4
92 4
93 5
93 5
93 6
93 6
93 7
93 8
93 8
94 9
94 10
94 10
94 11
94 12
94 13
94 13
94 14
94 15
94 15
94 16
94 17
94 18
94 19
94 19
94 20
94 21
94 22
94 22
94 23
94 24
94 25
94 26
94 27
94 27
94 28
94 29
94 30
94 31
94 31
94 32
94 33
94 34
94 35
94 36
94 36
94 37
94 38
93 39
93 40
93 41
93 41
93 42
93 43
93 44
93 45
93 46
93 46
93 47
93 48
93 49
93 50
93 51
93 51
93 52
93 53
94 54
94 55
94 56
94 57
94 57
94 58
94 59
94 60
94 61
94 62
94 63
94 63
94 64
94 65
94 66
94 67
94 68
94 68
94 69
94 70
94 71
94 72
94 72
94 73
94 74
94 75
94 76
94 77
94 77
94 78
94 79
94 80
94 80
94 81
94 82
94 83
94 84
94 84
94 85
94 86
94 86
94 87
94 88
94 88
94 88
94 89
94 89
94 89
94 88
94 88
94 87
94 87
93 86
93 85
93 85
93 84
93 83
93 82
93 82
93 81
93 80
92 79
92 78
92 77
92 77
92 76
92 75
91 74
91 73
91 72
91 72
91 71
91 70
91 69
91 68
91 67
91 66
91 65
91 65
91 64
90 63
90 62
90 61
89 60
89 59
89 59
89 58
89 57
89 56
88 55
88 54
88 53
88 52
88 52
88 51
88 50
87 49
87 48
87 47
87 46
87 46
86 45
86 44
85 43
85 42
85 42
85 41
84 40
84 39
84 39
83 38
83 37
83 37
83 36
83 36
83 35
83 35
84 34
85 33
85 33
86 32
86 32
87 32
88 32
88 32
89 31
90 31
90 31
91 31
92 31
92 31
93 32
93 32
94 33
94 33
95 34
95 35
95 35
94 36
94 37
94 37
93 38
93 39
93 39
92 40
92 41
91 42
91 42
90 43
90 44
89 45
89 45
88 46
88 47
87 48
87 48
86 49
85 50
85 50
85 51
85 51
84 51
84 51
85 51
85 51
86 50
87 50
87 50
88 49
89 49
89 49
90 48
91 48
92 47
92 47
93 46
94 46
95 45
95 45
96 44
97 44
97 44
98 44
99 44
