0 24
0 23
0 23
1 22
1 21
1 21
2 20
2 20
3 19
4 18
4 18
5 17
6 16
6 16
7 15
8 15
9 14
9 14
10 13
11 13
12 12
12 12
13 11
14 10
14 10
15 9
16 9
17 8
17 8
18 7
19 7
19 7
20 6
21 6
21 6
22 5
22 4
22 4
23 4
23 4
22 4
21 5
20 5
19 5
18 5
17 6
16 6
15 6
14 7
13 7
12 7
11 7
10 8
9 8
9 8
8 9
7 9
7 9
7 9
6 9
6 9
7 10
7 10
7 11
7 12
7 12
7 13
7 14
7 15
7 15
7 16
8 17
8 18
8 18
8 19
8 20
8 21
8 21
9 22
9 23
9 23
9 24
9 25
9 25
10 26
10 27
10 27
10 28
10 29
10 29
11 29
11 29
11 28
12 27
12 26
12 25
13 24
13 23
13 22
14 21
14 20
14 19
15 18
15 17
16 16
16 15
16 14
17 13
17 12
17 11
18 10
18 9
18 8
19 7
19 6
19 6
19 5
20 4
20 3
21 2
21 1
21 1
21 0
21 0
21 1
21 1
21 2
21 2
21 3
21 3
21 4
21 5
21 6
21 6
21 7
20 8
20 9
20 10
20 10
20 11
19 12
19 13
19 14
19 14
19 15
19 16
19 17
19 17
19 18
18 19
18 20
18 21
18 21
18 22
17 23
17 24
17 24
17 25
17 26
17 27
17 28
17 28
17 29
16 30
16 31
16 32
16 32
16 33
15 34
15 35
14 36
14 37
13 38
13 39
12 40
12 41
11 42
11 43
10 44
10 45
9 46
9 47
8 48
8 49
7 50
7 51
6 52
6 53
5 54
5 55
4 56
4 57
3 58
3 59
2 60
2 61
2 61
2 62
2 63
2 63
1 62
1 62
1 61
1 61
2 61
2 61
3 60
3 59
3 59
4 58
4 57
4 57
5 56
5 55
6 54
6 54
7 53
8 52
8 52
9 51
10 50
11 49
11 49
12 48
13 47
13 47
14 46
15 46
15 46
16 45
17 44
17 44
18 44
19 44
19 44
20 44
21 44
21 44
22 45
22 45
23 46
23 47
23 47
23 48
23 49
23 50
23 50
23 51
24 52
24 53
24 54
24 54
24 55
24 56
24 57
24 58
24 59
24 59
24 60
24 61
23 62
23 63
23 64
23 64
23 65
23 66
23 67
23 68
23 69
23 70
23 70
23 71
23 72
23 73
23 74
23 74
23 75
23 76
23 77
23 78
23 79
23 79
23 80
23 81
23 82
23 83
23 83
23 84
23 85
23 86
23 86
23 87
23 88
23 89
23 89
23 90
23 91
23 91
22 92
22 93
22 93
22 93
22 92
22 92
21 91
21 91
21 90
21 89
21 88
21 88
21 87
20 86
20 85
20 84
20 84
20 83
20 82
20 81
20 80
20 79
20 79
20 78
20 77
19 76
19 75
19 74
19 73
19 73
19 72
19 71
19 70
19 69
19 68
19 67
19 67
19 66
19 65
18 64
18 63
18 62
18 61
18 61
18 60
18 59
18 58
18 57
18 56
18 55
18 55
18 54
18 53
18 52
17 51
17 50
17 49
17 48
17 48
17 47
17 46
17 45
17 44
17 44
17 43
16 42
16 41
16 40
16 40
16 39
16 38
16 38
16 37
16 37
16 38
16 38
16 39
16 39
16 40
16 41
16 42
16 42
16 43
16 44
15 45
15 46
15 47
15 47
15 48
15 49
15 50
15 51
15 52
15 52
15 53
15 54
15 55
15 56
15 57
15 58
15 58
15 59
15 60
15 61
15 62
15 63
15 64
15 64
15 65
15 66
15 67
15 68
15 69
15 70
15 70
15 71
15 72
14 73
14 74
14 75
14 76
14 76
14 77
14 78
14 79
14 80
14 81
14 81
14 82
13 83
13 84
13 85
13 85
13 86
13 87
13 88
13 88
13 89
12 90
12 91
12 91
11 92
11 93
11 93
11 94
11 94
10 94
10 94
9 94
8 94
8 94
7 93
7 93
6 92
6 92
5 91
5 90
5 90
4 89
4 89
4 88
4 88
4 87
4 87
4 86
4 85
4 85
5 84
5 84
6 83
6 82
7 81
7 81
7 80
8 79
8 78
8 78
9 77
10 76
11 75
11 75
12 74
13 73
13 72
14 71
14 71
15 70
16 69
17 68
17 68
18 67
19 66
19 65
20 64
20 64
21 63
22 62
23 61
23 61
24 60
25 60
26 59
26 59
27 58
28 58
29 57
29 57
30 57
31 57
31 57
32 56
33 56
33 56
34 56
34 56
34 55
35 54
35 53
35 52
36 51
36 50
37 49
37 48
37 47
38 46
38 45
38 44
39 43
39 42
39 41
40 40
40 39
40 38
41 37
41 36
42 35
42 34
42 33
43 32
43 31
43 30
44 29
44 28
44 27
45 26
45 25
46 24
46 23
46 22
47 21
47 20
47 19
48 18
48 17
48 16
49 15
49 14
49 13
50 12
50 11
51 10
51 9
51 8
52 7
52 6
52 6
52 5
52 5
52 4
52 4
52 5
52 5
52 6
52 7
52 7
51 8
51 9
51 9
51 10
51 11
51 12
51 13
51 13
51 14
50 15
50 16
50 17
50 17
50 18
50 19
50 20
50 21
50 22
50 22
50 23
49 24
49 25
49 26
49 26
49 27
48 28
48 29
47 30
47 31
47 31
47 32
47 33
46 34
46 35
46 36
46 36
46 37
45 38
45 39
44 40
44 41
44 41
44 42
44 43
43 44
43 45
43 46
43 46
43 47
42 48
42 49
42 50
42 50
41 51
41 52
40 53
40 53
39 54
39 55
39 55
38 56
38 57
38 57
37 58
37 58
36 58
36 58
35 57
35 57
35 56
35 56
34 55
34 55
34 54
34 54
34 53
34 52
34 52
35 51
35 51
36 50
36 49
36 49
36 48
37 47
37 46
37 46
38 45
38 44
39 43
39 43
40 42
40 41
41 40
41 40
42 39
43 38
43 37
44 36
44 36
45 35
45 34
46 33
46 33
47 32
47 31
48 30
48 29
48 29
49 28
50 27
50 26
51 25
51 25
52 24
52 23
53 22
53 22
54 21
55 21
56 20
56 20
57 19
57 18
57 18
58 17
59 16
59 16
60 15
60 15
60 15
60 15
60 16
60 16
59 17
59 18
58 19
58 20
57 21
56 22
56 23
55 24
55 25
54 26
54 27
53 28
53 28
52 29
52 30
52 30
52 31
52 31
52 31
52 32
52 32
51 33
51 34
51 34
51 35
51 36
51 36
51 37
51 38
51 39
51 40
51 40
51 41
50 42
50 43
50 44
50 44
50 45
50 46
50 47
50 48
50 49
50 49
50 50
50 51
50 52
50 53
50 54
50 54
50 55
50 56
49 57
49 58
49 59
49 60
49 60
49 61
49 62
48 63
48 64
48 65
48 66
48 66
48 67
48 68
48 69
48 70
48 71
48 71
48 72
47 73
47 74
47 75
47 75
47 76
47 77
47 78
47 78
47 79
47 80
47 81
47 81
47 82
47 83
47 84
47 84
47 85
47 85
47 85
47 85
47 84
47 84
47 83
47 82
47 81
47 81
47 80
47 79
47 78
47 77
47 76
47 76
47 75
47 74
47 73
47 72
47 71
47 71
47 70
47 69
47 68
47 67
47 66
47 66
47 65
47 64
48 63
48 62
48 61
48 60
48 60
48 59
48 58
48 57
48 56
48 56
48 55
48 54
48 53
48 52
48 52
48 51
49 50
49 49
49 48
49 48
49 47
49 46
49 45
49 45
49 44
49 43
49 43
49 42
49 41
49 40
49 40
49 39
50 38
50 37
50 37
51 36
51 35
51 35
51 34
51 33
51 33
52 32
52 31
52 31
53 31
53 31
53 30
53 30
54 31
54 31
55 32
55 32
56 33
56 33
56 34
56 35
56 35
56 36
57 37
57 38
57 38
57 39
57 40
57 41
57 42
57 42
57 43
58 44
58 45
58 46
58 46
58 47
58 48
58 49
58 50
58 50
58 51
59 52
59 53
59 54
59 54
59 55
59 56
59 57
59 58
59 59
59 59
59 60
59 61
60 62
60 63
60 64
60 64
60 65
60 66
60 67
60 68
60 69
60 69
60 70
60 71
60 72
60 73
60 74
60 74
60 75
60 76
61 77
61 78
61 79
61 79
61 80
61 81
61 82
61 83
61 84
61 84
61 85
61 86
61 87
61 88
61 88
61 89
62 90
62 91
62 92
62 92
62 93
62 94
62 95
62 95
62 96
62 97
62 97
62 98
62 99
62 99
62 99
62 99
62 99
62 99
61 98
61 97
61 97
61 96
61 95
61 94
61 94
61 93
60 92
60 91
60 91
60 90
59 89
59 88
59 87
59 86
58 85
58 84
58 83
58 82
57 81
57 80
57 79
56 78
56 77
56 76
56 75
55 74
55 73
55 72
54 71
54 70
54 69
54 68
53 67
53 66
53 65
53 64
52 63
52 62
52 62
51 61
51 60
50 59
50 59
49 58
49 57
49 57
48 56
48 56
48 55
48 55
48 55
48 54
48 54
49 53
49 52
49 52
50 51
50 50
50 50
51 49
52 49
52 49
53 48
54 47
54 47
55 46
55 46
56 46
57 46
57 46
58 46
58 46
58 47
58 48
58 48
58 49
58 50
58 50
58 51
58 52
58 53
58 54
58 54
58 55
57 56
57 57
57 58
57 58
57 59
56 60
56 61
56 62
56 62
56 63
55 64
55 65
54 66
54 67
54 67
53 68
53 69
53 69
52 70
52 71
52 71
52 72
52 72
52 72
52 72
53 71
53 70
53 70
54 69
54 68
54 68
55 67
55 66
56 65
56 65
57 64
57 63
58 62
58 61
58 61
58 60
59 59
59 58
59 57
60 56
60 55
60 54
61 53
61 52
61 51
62 50
62 49
62 48
63 47
63 46
63 45
64 44
64 43
64 42
65 41
65 40
66 39
66 38
66 37
67 36
67 35
67 34
68 33
68 32
68 31
69 30
69 29
69 28
70 27
70 26
70 25
71 24
71 23
71 22
72 21
72 20
72 19
73 18
73 17
73 17
74 16
74 16
74 15
74 15
74 15
74 15
74 16
74 16
74 17
74 17
74 18
74 19
74 20
74 20
74 21
74 22
74 23
74 24
74 24
74 25
74 26
74 27
74 28
74 29
74 29
74 30
74 31
74 32
74 33
74 34
74 35
74 36
74 36
74 37
74 38
73 39
73 40
73 41
73 42
73 42
73 43
73 44
73 45
73 46
73 47
73 48
73 49
73 49
73 50
73 51
72 52
72 53
72 54
72 55
72 55
72 56
72 57
72 58
72 59
72 60
72 60
72 61
72 62
72 63
72 64
72 65
72 65
72 66
72 67
72 68
72 68
72 69
72 70
72 70
71 71
71 71
71 72
71 72
71 71
71 71
71 70
71 69
71 68
71 67
71 66
71 65
71 64
71 63
71 62
71 61
71 60
71 59
71 58
71 57
71 56
71 55
71 54
71 53
72 52
72 51
72 50
72 49
72 48
72 47
72 46
72 45
72 44
72 43
72 42
72 41
72 40
72 39
72 38
72 37
72 36
72 35
72 34
72 33
72 33
72 32
72 31
72 30
72 29
72 28
72 27
72 26
72 26
72 25
72 24
72 24
72 23
72 22
72 22
72 21
72 20
72 20
73 19
73 18
73 18
73 17
73 16
73 16
74 15
74 14
74 14
75 13
75 13
76 12
76 12
77 12
77 12
77 12
78 13
78 13
79 14
79 15
79 15
79 16
79 17
79 18
79 19
79 19
79 20
79 21
79 22
79 22
79 23
80 24
80 25
80 25
80 26
80 27
80 28
80 29
80 29
80 30
80 31
80 32
80 33
80 33
80 34
81 35
81 36
81 37
81 37
81 38
81 39
81 40
81 41
81 42
81 43
81 43
81 44
81 45
81 46
81 47
81 48
81 48
81 49
81 50
81 51
81 52
81 53
81 53
81 54
81 55
81 56
81 57
81 58
81 58
81 59
81 60
81 61
81 62
81 63
81 63
81 64
82 65
82 66
82 67
82 67
82 68
82 69
82 70
82 70
82 71
82 72
82 73
82 73
82 74
82 74
82 75
82 75
82 75
82 75
81 74
81 74
81 73
81 73
80 72
80 71
80 71
80 70
80 69
80 68
80 68
80 67
79 66
79 65
79 65
79 64
79 63
79 62
79 62
79 61
78 60
78 59
78 58
78 58
78 57
77 56
77 55
77 55
77 54
76 53
76 52
76 51
76 51
76 50
75 49
75 48
75 47
75 47
75 46
74 45
74 44
74 44
74 43
73 42
73 41
73 41
73 40
72 39
72 38
72 38
72 37
72 36
72 36
71 36
71 36
72 35
72 35
72 35
72 34
72 34
73 34
73 34
74 34
74 34
75 35
75 35
75 36
75 36
76 37
76 37
77 38
77 39
77 39
77 40
77 41
77 42
77 42
77 43
77 44
77 45
77 45
77 46
77 47
77 48
77 48
77 49
76 50
76 51
76 51
76 52
75 53
75 54
75 54
75 55
75 56
75 57
75 57
74 58
74 59
74 59
74 60
74 60
74 60
74 59
74 59
75 58
75 57
75 57
75 56
76 55
76 54
76 54
76 53
77 52
77 51
78 50
78 49
78 49
78 48
79 47
79 46
79 45
79 45
79 44
80 43
80 42
81 41
81 40
81 40
81 39
82 38
82 37
83 36
83 35
83 35
83 34
83 33
84 32
84 31
84 30
84 30
84 29
85 28
85 27
86 26
86 25
86 25
86 24
86 23
86 22
86 21
86 21
86 20
87 19
87 18
87 18
87 17
87 16
87 16
87 16
87 16
87 16
87 17
87 18
87 18
87 19
87 20
87 20
87 21
87 22
87 22
87 23
87 24
87 25
87 25
87 26
87 27
87 28
87 29
87 29
87 30
87 31
87 32
87 33
87 34
87 34
87 35
87 36
87 37
87 38
87 39
87 39
87 40
87 41
87 42
87 43
87 44
87 44
87 45
87 46
87 47
87 48
87 49
87 50
87 50
87 51
87 52
87 53
87 54
87 55
87 56
87 57
87 57
87 58
87 59
86 60
86 61
86 62
86 62
86 63
86 64
86 65
86 66
86 67
86 67
86 68
85 69
85 70
85 70
85 71
85 72
85 73
85 73
85 74
85 75
85 75
85 75
85 75
85 74
85 74
85 73
85 72
85 71
85 70
85 69
85 68
85 67
85 66
85 65
85 64
85 63
85 62
85 61
85 60
85 59
85 58
85 57
85 56
85 55
85 54
85 53
85 52
85 51
85 50
85 49
85 48
86 47
86 46
86 45
86 44
86 43
86 42
86 41
86 40
86 39
86 38
86 37
86 36
86 35
86 34
86 33
86 32
86 31
86 30
86 29
86 28
86 27
86 26
86 25
86 24
86 23
86 22
86 21
86 20
86 20
86 19
86 18
86 17
86 16
86 15
86 15
86 14
86 14
86 13
86 12
86 12
87 11
87 11
87 11
88 10
88 10
88 10
89 9
89 9
89 9
90 9
90 9
90 9
91 8
91 8
92 8
92 8
92 8
93 9
93 9
93 9
94 10
94 11
94 11
94 12
94 12
94 13
94 14
94 14
94 15
95 16
95 17
95 17
95 18
95 19
95 20
95 20
95 21
95 22
95 23
95 23
95 24
96 25
96 26
96 26
96 27
96 28
96 29
96 30
96 31
96 31
96 32
96 33
96 34
96 35
96 36
96 36
96 37
96 38
96 39
96 40
96 41
96 41
96 42
96 43
96 44
96 45
96 46
96 47
96 47
96 48
96 49
96 50
96 51
96 52
96 52
96 53
96 54
96 55
96 56
96 57
96 58
96 58
96 59
96 60
96 61
96 62
96 63
96 64
96 64
96 65
96 66
96 67
96 68
96 69
96 69
96 70
96 71
96 72
96 73
96 74
96 74
96 75
97 76
97 77
97 77
97 78
97 79
97 80
97 81
97 82
97 82
97 83
97 84
97 85
97 86
97 86
97 87
98 88
98 89
98 90
98 90
98 91
98 92
98 93
98 94
98 94
98 95
98 96
98 96
98 97
98 97
98 98
98 98
98 97
98 97
97 96
97 96
96 95
96 94
96 94
96 93
96 92
96 91
96 90
96 90
96 89
95 88
95 87
95 86
95 86
95 85
94 84
94 83
94 82
94 82
94 81
93 80
93 79
93 78
93 78
93 77
93 76
92 75
92 74
92 73
92 73
92 72
91 71
91 70
91 69
91 69
91 68
91 67
91 66
90 65
90 64
90 63
90 62
90 61
90 60
89 59
89 58
89 57
89 56
89 55
89 54
89 53
88 52
88 51
88 50
88 49
88 48
88 47
87 46
87 45
87 44
87 43
87 43
87 42
86 41
86 40
86 40
86 39
86 39
86 38
86 38
85 38
85 38
86 38
86 38
86 37
86 37
87 36
87 36
88 35
88 35
89 34
90 33
90 33
91 32
91 32
92 32
93 32
93 32
94 32
94 32
95 32
95 32
95 33
95 33
95 34
95 35
95 35
95 36
94 37
94 38
94 39
94 39
94 40
94 41
93 42
93 43
93 44
93 44
93 45
92 46
92 47
92 48
92 48
92 49
91 50
91 51
91 52
91 52
91 53
90 54
90 55
90 55
89 56
89 57
89 57
89 58
89 58
90 58
90 58
90 57
90 57
91 56
91 55
91 55
92 54
93 53
93 53
94 52
94 51
95 50
95 50
96 49
97 48
97 48
98 47
99 46
