7 46
7 46
6 45
6 45
6 44
6 44
6 45
6 45
6 45
6 44
6 44
7 44
7 44
8 43
8 43
9 42
10 41
10 41
11 40
12 39
12 39
13 39
14 38
15 38
15 38
16 37
17 37
18 36
18 36
19 35
19 34
20 33
20 33
21 32
22 31
22 31
23 30
24 29
24 29
25 28
26 28
26 28
27 27
28 26
28 26
29 25
29 25
30 25
30 25
30 25
29 25
29 25
28 25
28 25
27 24
26 24
25 23
24 23
23 22
22 22
21 21
20 21
19 20
18 20
17 19
16 19
16 19
15 19
14 19
13 19
13 19
12 18
12 18
11 19
11 19
10 20
10 20
10 21
11 22
11 23
11 23
11 24
12 25
12 26
12 27
12 27
12 28
12 29
13 30
13 31
13 32
13 32
13 33
14 34
14 35
14 36
14 36
14 37
15 38
15 39
15 39
16 40
17 41
17 41
18 42
18 42
19 43
19 43
20 43
20 43
20 43
21 42
21 41
21 41
22 40
22 39
22 39
22 39
22 38
23 37
23 36
23 35
23 34
24 33
24 32
24 31
24 30
25 29
25 28
25 27
25 27
25 26
26 25
26 24
26 23
26 23
26 22
26 21
26 20
26 20
27 19
27 19
27 19
27 19
27 20
27 20
27 21
27 22
27 22
27 23
27 24
27 25
27 25
27 26
26 27
26 28
26 29
26 29
26 30
25 31
25 32
25 33
25 33
25 34
25 35
24 36
24 37
24 38
24 38
24 39
23 40
23 41
22 42
22 43
22 43
21 44
21 45
20 46
20 47
20 47
20 48
19 49
19 50
18 51
18 52
18 52
17 53
17 54
16 55
16 56
16 56
15 57
15 58
14 59
14 60
14 60
13 61
13 62
12 63
12 64
12 64
11 65
11 66
10 67
10 68
10 68
9 69
9 70
8 71
8 71
7 72
7 73
7 73
6 74
6 75
6 75
5 76
5 76
5 76
5 76
6 75
6 75
7 74
7 73
7 73
8 72
9 71
9 71
10 70
10 69
11 68
11 68
12 67
13 66
13 65
14 64
14 64
15 63
16 62
17 61
17 61
18 60
18 59
19 58
19 58
20 57
21 57
22 56
22 56
23 55
24 54
24 54
25 54
26 54
26 54
27 55
27 55
28 56
29 57
29 57
29 58
29 59
29 60
29 61
29 62
29 62
29 63
29 64
29 65
29 66
29 67
29 67
29 68
29 69
30 70
30 71
30 72
30 72
30 73
30 74
30 75
30 76
30 76
30 77
30 78
30 79
30 79
30 80
30 81
30 82
30 82
30 83
29 84
29 85
29 85
29 86
29 87
29 88
29 88
29 89
28 90
28 91
28 91
28 92
28 93
28 94
28 94
27 95
27 96
27 96
26 97
26 97
25 98
25 98
25 97
25 97
24 96
24 96
24 95
24 94
24 94
24 93
24 92
24 91
24 90
23 89
23 88
23 87
23 86
23 85
23 84
23 83
23 82
23 81
22 80
22 79
22 78
22 77
22 76
22 75
22 74
22 73
22 72
21 71
21 70
21 69
21 68
21 67
21 66
21 65
21 64
21 63
20 62
20 61
20 60
20 59
20 58
20 57
20 56
20 55
20 54
19 53
19 52
19 51
19 50
19 49
19 49
19 48
19 47
19 46
19 45
19 44
19 43
19 43
19 42
19 41
19 41
19 40
19 40
19 40
19 41
19 42
19 42
19 43
19 44
19 45
19 46
19 46
19 47
19 48
19 49
19 50
19 51
19 52
19 52
19 53
19 54
19 55
19 56
19 57
19 58
19 58
19 59
19 60
19 61
19 62
19 63
19 64
19 65
19 65
19 66
19 67
19 68
19 69
19 70
19 71
19 71
19 72
19 73
19 74
19 75
19 76
19 76
19 77
19 78
19 79
19 80
19 81
19 81
19 82
19 83
19 84
19 84
19 85
19 86
19 87
19 87
18 88
18 89
18 89
18 90
18 90
17 91
17 91
17 91
16 90
16 90
15 89
15 89
14 88
13 87
13 87
12 86
11 85
11 85
10 84
9 83
9 83
8 82
7 82
6 81
6 81
5 80
4 80
4 80
3 80
2 80
2 80
1 81
1 81
0 82
0 82
0 83
0 83
0 83
0 84
0 84
0 84
1 84
1 84
2 84
3 84
3 84
4 83
5 83
6 82
6 82
7 81
8 80
9 79
9 79
10 78
11 77
12 76
13 75
13 75
14 74
15 73
16 72
17 71
17 71
18 70
19 69
20 69
21 68
22 67
22 67
23 66
24 65
25 65
26 64
26 64
27 64
28 63
29 63
30 62
31 62
31 62
32 62
33 61
34 61
35 61
35 61
36 61
37 60
38 60
38 60
39 60
40 60
41 60
41 60
42 60
43 60
43 60
44 61
45 61
45 61
46 61
46 61
47 62
47 62
47 62
47 63
47 63
47 63
47 62
47 61
47 60
48 59
48 58
48 57
48 56
48 55
48 54
49 53
49 52
49 51
49 50
49 49
49 48
50 47
50 46
50 45
50 44
50 43
50 42
50 41
51 40
51 39
51 38
51 37
51 36
51 35
52 34
52 33
52 32
52 31
52 30
52 29
53 28
53 27
53 26
53 25
53 24
53 23
53 22
54 21
54 20
54 19
54 18
54 17
54 16
55 15
55 14
55 13
55 12
55 11
55 10
56 9
56 8
56 7
56 6
56 6
57 5
57 4
58 3
58 3
59 2
59 1
59 1
59 0
59 0
59 1
59 1
59 1
59 2
59 2
58 3
58 4
58 4
58 5
58 6
58 7
58 7
58 8
58 9
57 10
57 11
57 12
57 12
57 13
56 14
56 15
56 16
55 17
55 18
55 18
55 19
54 20
54 21
54 22
54 23
53 24
53 25
53 25
53 26
52 27
52 28
52 29
51 30
51 31
51 31
50 32
50 33
49 34
49 35
48 36
48 37
48 37
48 38
47 39
47 40
46 41
46 42
46 42
45 43
45 44
44 45
44 46
43 47
43 47
42 48
41 49
40 50
40 50
39 51
38 52
38 53
37 54
37 54
36 55
35 55
35 55
34 56
33 56
33 56
32 56
31 56
31 56
30 55
30 55
29 54
29 53
29 53
29 52
29 51
29 51
29 50
30 49
30 48
30 47
30 47
30 46
31 45
31 44
31 44
32 43
33 42
33 41
34 40
34 40
35 39
36 38
36 37
37 36
37 36
38 35
39 34
40 33
40 33
41 32
42 31
43 30
44 29
44 29
45 28
46 27
46 26
47 25
47 25
48 24
49 24
50 23
51 23
51 23
52 22
53 21
54 21
55 20
55 20
56 19
57 19
57 19
58 18
59 18
60 17
60 17
61 17
62 17
62 17
63 16
63 16
64 16
64 16
65 16
65 16
65 16
65 17
65 17
64 18
64 18
63 19
63 20
63 20
62 21
61 22
61 22
60 23
59 23
59 23
59 24
58 25
58 26
58 26
57 27
57 28
56 29
56 30
56 30
56 31
55 32
55 33
55 34
54 35
54 36
54 36
54 37
53 38
53 39
53 40
53 41
52 42
52 43
52 43
52 44
52 45
51 46
51 47
51 48
51 49
50 50
50 51
50 52
50 52
50 53
50 54
50 55
49 56
49 57
49 58
49 59
49 60
49 60
49 61
49 62
49 63
48 64
48 65
48 66
48 67
48 67
48 68
48 69
48 70
47 71
47 72
47 73
47 74
47 74
47 75
47 76
47 77
47 78
47 79
47 80
47 80
47 81
46 82
46 83
46 84
46 84
46 85
46 86
46 87
46 88
46 88
46 89
46 90
46 91
46 91
46 92
46 93
46 94
46 94
46 95
46 96
46 96
46 97
46 98
46 98
47 99
47 99
47 99
48 99
48 99
48 99
48 98
48 97
48 97
48 96
49 95
49 94
49 94
49 93
49 92
49 91
49 91
49 90
49 89
49 88
49 87
49 86
49 86
49 85
49 84
50 83
50 82
50 81
50 80
50 80
50 79
50 78
50 77
50 76
50 75
50 75
50 74
50 73
51 72
51 71
51 70
51 69
51 69
51 68
51 67
51 66
51 65
51 64
51 64
51 63
51 62
51 61
51 60
51 60
51 59
51 58
51 57
51 56
51 56
51 55
52 54
52 53
52 52
52 52
52 51
52 50
52 49
52 49
52 48
53 47
53 46
53 45
53 45
54 44
54 43
54 43
55 42
56 41
56 41
57 40
57 39
57 39
58 40
58 40
58 41
58 42
58 42
58 43
58 44
58 45
58 46
58 46
58 47
58 48
59 49
59 50
59 51
59 52
59 52
59 53
59 54
59 55
59 56
59 57
59 58
59 58
59 59
59 60
59 61
59 62
59 63
59 64
59 65
59 65
59 66
59 67
59 68
59 69
59 70
59 70
59 71
59 72
60 73
60 74
60 75
60 75
60 76
60 77
60 78
60 78
60 79
60 80
60 81
60 82
60 82
59 83
59 84
59 84
59 85
59 86
59 86
58 87
58 88
58 88
58 88
57 88
57 88
56 88
56 88
55 87
55 87
54 86
54 85
54 85
54 84
53 83
53 82
53 82
53 81
52 80
52 79
52 78
52 78
52 77
51 76
51 75
51 75
51 74
50 73
50 72
50 71
50 71
50 70
49 69
49 68
49 67
49 67
49 66
49 65
49 64
49 64
50 63
50 62
50 62
50 61
50 60
50 59
50 59
51 58
51 57
51 57
52 56
52 55
52 55
53 54
53 54
53 54
53 54
53 55
53 55
53 56
53 57
53 57
53 58
53 59
53 59
53 60
53 61
53 62
53 62
53 63
53 64
53 65
53 65
53 66
53 67
53 67
53 68
53 68
53 69
53 69
54 70
54 70
55 69
55 69
56 68
56 68
57 67
58 66
58 66
59 65
59 64
60 63
60 63
61 62
62 61
62 60
63 59
63 59
64 58
64 57
65 56
65 55
65 55
66 54
67 53
67 52
68 51
68 51
69 50
69 49
70 48
70 47
71 46
71 46
72 45
73 44
73 44
74 43
74 42
75 41
75 41
75 40
76 39
76 38
76 37
76 37
77 36
77 36
78 35
78 34
78 34
78 33
78 33
79 32
79 32
79 32
78 32
78 32
78 32
78 32
78 32
77 33
77 33
76 34
76 35
76 35
76 36
75 37
75 38
75 39
75 39
75 40
75 41
74 42
74 43
74 44
74 44
74 45
74 46
74 47
74 48
74 49
74 50
74 51
74 51
74 52
74 53
74 54
73 55
73 56
73 57
73 58
73 58
73 59
73 60
73 61
73 62
73 63
73 64
73 65
73 65
73 66
73 67
73 68
73 69
73 70
73 70
73 71
73 72
73 73
73 73
73 74
73 75
73 75
73 76
73 77
73 78
73 78
73 79
73 79
73 79
73 79
73 79
73 79
73 78
73 77
73 77
73 76
73 75
73 75
73 74
73 73
73 72
73 72
73 71
74 70
74 69
74 68
74 68
74 67
74 66
74 65
74 64
74 63
74 63
74 62
74 61
75 60
75 59
75 58
75 57
75 57
75 56
75 55
75 54
75 53
75 52
75 52
75 51
75 50
75 49
75 48
75 47
75 47
75 46
75 45
75 44
75 43
75 42
75 42
75 41
76 40
76 39
76 38
76 38
76 37
76 36
76 35
76 35
76 34
77 33
77 32
77 32
77 31
78 30
78 29
78 29
79 28
79 27
79 27
80 26
80 26
81 26
81 26
81 27
81 27
81 28
81 29
81 30
81 30
81 31
81 32
81 33
81 33
81 34
81 35
81 36
81 37
81 38
81 39
81 40
81 40
81 41
81 42
81 43
81 44
81 45
81 46
81 46
81 47
81 48
81 49
82 50
82 51
82 52
82 53
82 54
82 54
82 55
82 56
82 57
82 58
82 59
82 59
82 60
82 61
82 62
82 63
82 64
82 64
82 65
82 66
82 67
82 68
82 68
82 69
82 70
82 71
82 71
82 72
82 73
82 73
82 74
82 74
81 75
81 75
81 75
80 75
80 75
79 74
79 74
78 73
78 72
78 72
77 71
77 70
77 70
77 69
76 68
76 67
76 67
76 66
76 65
76 64
76 64
76 63
75 62
75 61
75 60
75 60
75 59
75 58
75 57
75 56
75 56
75 55
75 54
75 53
75 53
75 52
75 51
75 50
75 49
75 49
76 48
76 47
76 47
77 46
77 45
77 45
78 44
78 44
78 43
78 43
79 42
79 42
80 43
80 43
80 44
80 44
80 45
80 46
80 47
80 47
79 48
79 49
79 49
79 50
79 51
79 52
79 53
79 53
79 54
78 55
78 56
78 56
77 57
77 58
77 58
77 59
77 59
77 60
77 60
77 60
78 60
78 60
79 59
79 59
79 58
79 57
79 57
80 56
80 55
81 54
81 54
81 53
82 52
82 51
82 50
82 50
83 49
83 48
84 47
84 46
84 46
85 45
85 44
86 43
86 42
86 42
86 41
86 40
87 39
87 38
87 37
87 37
88 36
88 35
89 34
89 34
89 33
90 32
90 31
90 30
90 30
90 29
91 28
91 27
91 27
92 26
92 25
92 25
92 24
92 23
92 23
93 22
93 22
93 22
93 22
93 22
93 23
93 23
92 24
92 25
92 25
92 26
92 27
92 28
92 28
92 29
92 30
92 31
91 32
91 33
91 34
91 35
91 35
91 36
91 37
91 38
90 39
90 40
90 41
90 42
90 42
90 43
90 44
90 45
90 46
90 47
90 48
90 49
90 50
90 51
90 51
90 52
90 53
89 54
89 55
89 56
89 57
89 57
89 58
89 59
89 60
89 61
89 62
89 62
89 63
89 64
89 65
89 66
89 66
89 67
89 68
89 69
89 70
89 70
89 71
89 72
89 72
89 73
89 74
89 74
89 75
89 75
89 75
89 75
89 74
89 74
89 73
89 73
89 72
90 71
90 70
90 70
90 69
90 68
90 67
90 67
90 66
90 65
90 64
90 63
90 63
90 62
90 61
91 60
91 59
91 58
91 58
91 57
91 56
91 55
91 54
91 53
91 52
91 52
91 51
91 50
91 49
91 48
91 47
91 47
91 46
91 45
91 44
92 43
92 42
92 41
92 40
92 40
92 39
92 38
92 37
92 36
92 35
92 35
92 34
92 33
93 32
93 31
93 30
93 30
93 29
93 28
93 27
93 26
93 26
93 25
94 24
94 23
94 23
94 22
95 21
95 20
95 20
96 19
96 18
96 18
96 17
96 17
97 17
97 17
97 18
97 18
98 19
98 20
98 20
98 21
98 22
98 23
98 24
98 24
98 25
98 26
98 27
99 28
99 29
99 30
99 31
99 31
99 32
99 33
99 34
98 35
98 36
98 37
98 38
98 39
98 39
98 40
98 41
98 42
98 43
98 44
98 45
98 46
98 47
98 48
98 48
98 49
98 50
98 51
98 52
98 53
98 54
98 55
98 56
98 56
98 57
98 58
98 59
98 60
98 61
98 62
98 62
98 63
98 64
97 65
97 66
97 67
97 68
97 68
97 69
97 70
97 71
97 72
97 73
97 73
97 74
97 75
96 76
96 77
96 78
96 78
96 79
96 80
96 81
96 82
96 82
96 83
95 84
95 85
95 86
95 86
94 87
94 88
94 88
93 89
92 90
92 90
91 91
91 91
90 92
89 92
89 92
88 91
88 91
87 90
87 89
87 89
87 88
86 87
86 86
86 86
86 85
86 84
85 83
85 82
85 81
85 81
85 80
85 79
85 78
85 77
85 76
85 76
85 75
85 74
85 73
85 72
85 71
85 70
85 70
85 69
85 68
85 67
85 66
85 65
85 65
85 64
85 63
85 62
85 61
85 60
85 60
85 59
85 58
86 57
86 56
86 55
86 55
86 54
86 53
87 52
87 51
87 50
87 50
87 49
88 48
88 47
88 46
88 46
88 45
89 44
89 43
89 43
90 42
91 41
91 41
92 40
92 39
92 39
93 39
93 39
94 39
94 39
95 40
95 41
95 41
95 42
95 43
95 44
95 44
95 45
94 46
94 47
94 47
94 48
93 49
93 50
93 51
93 51
93 52
92 53
92 54
92 54
92 55
91 56
91 57
91 57
91 58
91 59
91 59
90 60
90 60
90 60
91 60
91 60
91 60
92 60
92 60
93 59
93 59
94 58
94 57
94 57
95 56
96 56
96 56
97 55
98 54
