0 27
0 28
0 29
0 30
0 30
0 30
0 30
0 30
1 29
1 29
2 29
3 28
4 28
4 28
5 27
5 26
6 25
6 25
7 24
8 23
9 23
10 22
10 22
11 21
12 21
13 20
14 20
15 19
15 19
16 18
17 17
18 17
19 16
19 16
20 15
21 14
22 14
23 13
23 13
24 12
25 12
26 11
27 11
27 11
28 10
29 10
30 9
30 9
31 9
32 9
32 9
33 9
33 9
33 9
33 9
32 9
32 9
31 10
30 10
30 10
29 11
28 11
28 11
27 12
26 12
26 12
25 12
24 13
23 13
23 13
22 13
21 13
20 13
20 13
19 13
18 12
17 12
17 12
16 12
15 12
15 12
14 11
14 11
13 11
13 11
13 11
13 11
13 12
13 12
14 13
14 14
14 14
14 15
15 16
15 17
15 17
15 18
16 19
16 20
16 20
17 21
17 22
17 22
17 23
17 24
17 24
18 25
18 25
18 25
18 25
19 25
19 25
19 24
19 24
19 23
20 22
20 21
20 21
20 20
21 19
21 18
21 17
21 17
21 16
22 15
22 14
23 13
23 12
23 12
23 11
24 10
24 9
25 8
25 7
25 7
26 6
26 5
27 4
27 3
27 3
28 2
28 2
28 1
28 0
28 0
29 1
29 1
29 2
29 2
29 3
29 3
29 4
28 5
28 6
28 6
28 7
27 8
27 9
27 10
27 10
27 11
26 12
26 13
26 14
26 14
26 15
25 16
25 17
24 18
24 19
24 19
24 20
23 21
23 22
23 23
23 23
23 24
23 25
23 25
23 26
23 27
23 27
23 28
22 29
22 30
21 31
21 32
20 33
20 34
19 35
19 36
19 37
18 38
18 39
17 40
17 41
16 42
16 43
15 44
15 45
14 46
14 47
14 48
13 49
13 50
12 51
12 52
11 53
11 54
10 55
10 56
10 56
9 56
9 56
9 56
9 56
9 56
9 56
9 56
8 55
8 55
9 55
9 55
10 54
10 54
11 53
11 52
11 52
12 51
12 50
13 49
13 49
14 48
15 47
15 47
16 46
17 45
18 44
18 44
19 43
20 42
20 42
21 41
22 41
23 40
23 40
24 39
25 39
25 39
26 39
27 39
27 39
28 40
29 40
29 40
30 41
30 41
30 42
31 43
31 44
31 44
31 45
31 46
31 47
31 47
31 48
31 49
31 50
31 51
31 52
31 52
31 53
31 54
31 55
31 56
31 57
31 57
31 58
31 59
30 60
30 61
30 62
30 63
30 63
30 64
29 65
29 66
29 67
28 68
28 69
28 69
28 70
27 71
27 72
27 73
27 73
26 74
26 75
25 76
25 77
25 77
24 78
24 79
24 79
24 80
24 80
23 80
23 80
23 79
23 79
23 78
23 77
23 76
23 75
23 75
23 74
23 73
23 72
23 71
23 70
23 70
23 69
23 68
23 67
24 66
24 65
24 64
24 63
24 63
24 62
24 61
24 60
25 59
25 58
25 57
25 56
25 56
25 55
25 54
25 53
25 52
25 51
25 50
25 49
25 48
25 48
25 47
25 46
26 45
26 44
26 43
26 42
26 42
26 41
26 40
27 39
27 38
27 37
27 37
27 36
27 35
27 34
27 34
27 33
27 32
27 32
27 32
27 32
27 33
27 34
27 35
27 35
27 36
26 37
26 38
26 39
26 39
26 40
26 41
25 42
25 43
25 44
25 44
25 45
24 46
24 47
24 48
23 49
23 50
23 50
23 51
22 52
22 53
22 54
21 55
21 56
21 56
21 57
20 58
20 59
19 60
19 61
19 61
19 62
18 63
18 64
18 65
18 65
17 66
17 67
16 68
16 69
16 69
15 70
15 71
15 71
14 72
14 73
14 73
13 73
13 73
13 73
12 72
12 72
12 71
12 71
12 70
13 69
13 68
13 68
13 67
13 66
13 65
13 65
14 64
14 63
14 63
14 62
14 61
14 61
15 60
15 60
15 59
15 59
15 59
15 59
14 59
14 59
13 60
13 60
12 61
12 61
11 62
11 63
11 63
10 64
10 64
9 65
9 66
9 66
8 67
8 67
8 67
8 67
9 67
9 67
10 66
10 65
10 65
11 64
12 63
13 62
13 62
14 61
15 60
16 59
17 58
17 58
18 57
19 56
20 55
21 54
21 54
22 53
23 52
24 52
25 51
25 51
26 51
27 50
28 50
28 50
29 50
30 50
31 50
31 50
32 51
33 52
33 52
34 53
34 54
34 54
35 55
35 56
35 56
36 57
36 58
36 58
37 59
37 59
38 60
39 60
39 60
40 59
40 59
41 58
41 58
42 57
42 57
43 56
43 56
44 55
44 55
44 55
44 54
44 53
45 52
45 51
45 50
45 49
45 48
46 47
46 46
46 45
46 44
46 43
47 42
47 41
47 40
47 39
47 38
48 37
48 36
48 35
48 34
48 33
49 32
49 31
49 30
49 29
49 28
50 27
50 26
50 25
50 24
50 23
51 22
51 21
51 20
51 19
51 18
52 17
52 16
52 15
52 14
52 13
53 12
53 11
53 10
53 10
54 9
54 8
54 8
54 7
54 7
54 7
54 8
54 8
54 9
54 9
54 10
55 11
55 12
55 12
55 13
55 14
55 15
55 15
55 16
55 17
55 18
55 19
55 19
55 20
55 21
54 22
54 23
54 24
54 24
54 25
54 26
54 27
54 28
54 29
54 29
54 30
54 31
54 32
53 33
53 34
53 35
53 36
53 36
53 37
52 38
52 39
52 40
52 41
51 42
51 43
51 43
51 44
50 45
50 46
49 47
49 48
48 49
48 50
48 50
48 51
47 52
47 53
47 54
46 55
46 56
46 56
45 57
45 58
44 59
44 60
43 61
43 61
42 62
41 63
41 64
40 65
40 65
39 66
38 66
37 67
37 67
36 68
35 69
35 69
34 68
34 68
34 67
33 66
33 65
33 65
33 64
34 63
34 62
34 61
34 61
34 60
34 59
35 58
35 57
35 56
35 56
36 55
36 54
37 53
37 52
38 51
38 51
38 50
39 49
39 48
40 47
40 46
41 45
41 44
41 44
42 43
43 42
43 41
44 40
45 39
45 39
46 38
46 37
47 36
48 35
48 34
49 33
49 33
50 32
50 31
51 30
52 29
52 28
53 27
53 27
54 26
55 25
56 24
57 23
58 22
58 22
59 21
60 20
61 19
62 18
62 18
63 17
64 16
65 15
65 15
66 14
67 14
68 13
68 13
69 12
70 12
70 12
71 12
71 12
71 11
71 11
71 11
71 11
71 11
71 11
70 12
70 12
69 13
69 13
68 14
68 15
67 16
66 17
66 18
65 19
64 20
64 21
63 22
62 23
62 24
61 25
61 25
60 26
60 27
60 27
59 28
59 29
59 29
59 29
58 30
58 31
58 31
58 32
58 32
58 33
58 34
58 35
58 35
58 36
58 37
58 38
58 38
58 39
58 40
58 41
58 42
58 42
58 43
58 44
58 45
58 46
58 46
58 47
58 48
58 49
58 50
58 50
58 51
58 52
57 53
57 54
57 55
57 55
57 56
57 57
57 58
57 59
57 60
57 60
57 61
56 62
56 63
56 64
56 64
56 65
56 66
56 67
56 67
55 68
55 69
55 69
55 70
55 70
55 70
55 70
55 69
55 69
55 68
55 67
55 67
55 66
55 65
55 64
55 64
55 63
55 62
55 61
55 60
55 60
55 59
55 58
56 57
56 56
56 55
56 55
56 54
57 53
57 52
57 51
57 51
57 50
58 49
58 48
58 47
58 47
58 46
58 45
58 44
58 43
58 43
58 42
59 41
59 40
59 40
59 39
60 38
60 37
60 37
60 36
60 35
60 35
61 34
61 33
61 33
62 32
62 31
62 31
62 30
62 30
63 30
63 30
63 30
64 31
64 31
64 32
64 32
65 33
65 33
65 34
65 35
65 36
65 36
65 37
66 38
66 39
66 39
66 40
66 41
66 42
66 42
66 43
67 44
67 45
67 46
67 46
67 47
67 48
67 49
67 50
67 51
67 51
67 52
67 53
68 54
68 55
68 56
68 56
68 57
68 58
68 59
68 60
68 61
68 62
68 62
68 63
68 64
69 65
69 66
69 67
69 68
69 68
69 69
69 70
69 71
69 72
69 73
69 74
69 74
69 75
69 76
70 77
70 78
70 79
70 80
70 80
70 81
70 82
70 83
70 84
70 85
70 85
70 86
71 87
71 88
71 89
71 89
71 90
71 91
71 92
71 93
71 94
71 94
71 95
71 96
71 96
71 97
71 98
71 98
71 99
71 99
71 99
70 99
70 99
69 99
69 99
68 98
68 97
68 97
67 96
66 95
66 95
66 94
66 93
65 92
65 91
65 90
65 90
65 89
64 88
64 87
63 86
63 85
63 85
63 84
62 83
62 82
62 81
62 80
61 79
61 78
61 78
61 77
61 76
60 75
60 74
60 73
60 72
60 72
60 71
60 70
59 69
59 68
59 67
59 67
59 66
58 65
58 64
58 63
58 63
58 62
58 61
58 61
58 60
58 59
58 59
58 58
58 57
58 57
59 56
59 55
59 55
60 54
61 53
61 53
62 52
62 52
63 51
64 51
64 51
65 51
65 51
66 52
66 52
66 53
66 53
65 54
65 55
65 55
65 56
64 57
64 58
64 58
63 59
63 60
62 61
62 61
62 62
61 63
61 64
61 64
60 65
59 66
59 66
58 67
58 67
58 68
58 68
58 68
58 68
59 67
60 67
60 67
61 66
62 65
62 65
63 64
63 63
64 62
64 62
65 61
66 61
67 60
67 60
68 59
69 59
69 59
70 58
71 58
71 58
71 58
71 57
72 56
72 55
72 54
73 53
73 52
74 51
74 50
74 49
75 48
75 47
75 46
76 45
76 44
76 43
77 42
77 41
77 40
78 39
78 38
79 37
79 36
79 35
80 34
80 33
80 33
81 33
81 33
81 33
81 32
81 32
81 33
81 33
82 34
82 34
82 35
82 35
82 36
83 37
83 38
83 38
83 39
83 40
83 41
83 42
83 42
83 43
83 44
83 45
83 46
83 46
83 47
83 48
83 49
83 50
83 50
83 51
83 52
83 53
83 54
83 54
83 55
82 56
82 57
82 58
82 58
82 59
82 60
82 61
82 61
81 62
81 63
81 63
81 64
81 64
80 65
80 65
80 64
80 64
80 63
80 63
79 62
79 61
79 61
79 60
79 59
79 58
79 58
79 57
80 56
80 55
80 55
80 54
80 53
80 52
80 51
80 50
80 50
80 49
80 48
81 47
81 46
81 45
81 45
81 44
81 43
81 42
81 41
81 40
81 40
81 39
82 38
82 37
82 36
82 36
82 35
83 34
83 33
83 32
83 32
83 31
83 30
83 30
84 29
84 28
84 28
84 27
84 26
84 26
85 25
85 24
85 24
86 23
86 23
86 22
86 22
86 22
87 22
87 22
87 23
87 23
87 24
87 25
87 25
87 26
87 27
87 27
87 28
87 29
87 29
87 30
87 31
87 32
87 32
87 33
87 34
87 35
87 36
87 36
87 37
87 38
87 39
87 40
87 40
87 41
87 42
87 43
87 44
87 44
87 45
87 46
87 47
87 48
87 49
87 50
87 50
87 51
87 52
87 53
87 54
87 55
87 55
87 56
87 57
87 58
87 59
87 60
87 61
87 61
87 62
87 63
87 64
87 65
87 66
87 66
87 67
87 68
87 69
87 70
87 71
87 72
87 72
87 73
88 74
88 75
88 76
88 76
88 77
88 78
88 79
88 80
88 80
89 81
89 82
89 82
89 83
89 84
89 85
89 85
89 86
89 87
89 87
89 88
89 88
88 89
88 89
88 90
88 90
88 90
87 89
87 89
86 88
86 87
86 87
86 86
85 85
85 84
85 83
85 83
85 82
85 81
85 80
85 79
85 79
85 78
85 77
84 76
84 75
84 74
84 73
84 73
84 72
84 71
83 70
83 69
83 68
83 67
83 67
83 66
83 65
82 64
82 63
82 62
82 62
82 61
82 60
82 59
82 58
82 58
81 57
81 56
81 56
81 55
81 54
81 54
81 53
81 53
81 52
81 52
81 51
81 51
82 51
82 51
82 51
83 51
83 51
83 52
83 52
83 53
83 53
83 54
83 55
83 55
83 56
83 56
82 57
82 58
82 58
82 59
82 59
82 60
82 60
82 60
82 59
82 59
82 58
82 58
83 57
83 56
83 56
83 55
84 54
84 53
84 52
84 52
84 51
85 50
85 49
85 48
85 48
86 47
86 46
87 45
87 44
87 44
87 43
87 42
88 41
88 40
88 39
88 39
88 38
88 37
88 36
88 35
88 35
88 34
89 33
89 32
89 32
89 31
90 30
90 29
90 29
90 28
90 28
91 28
91 28
91 28
91 28
92 29
92 30
92 30
92 31
92 31
92 32
92 33
92 34
92 34
92 35
93 36
93 37
93 37
93 38
93 39
93 40
93 40
93 41
93 42
93 43
93 44
93 44
93 45
93 46
93 47
93 48
93 48
93 49
93 50
92 51
92 52
92 53
92 53
92 54
92 55
92 56
92 57
92 58
92 58
92 59
92 60
92 61
92 62
92 63
92 63
92 64
92 65
91 66
91 67
91 68
91 68
91 69
91 70
90 71
90 72
90 73
90 73
90 74
89 75
89 76
89 77
89 77
89 78
89 79
89 80
89 80
88 81
88 81
88 81
88 81
88 80
88 79
88 79
88 78
88 77
88 76
88 76
88 75
89 74
89 73
89 72
89 72
89 71
89 70
89 69
89 68
89 67
89 66
89 66
89 65
89 64
90 63
90 62
90 61
90 60
90 60
90 59
90 58
90 57
90 56
90 55
90 54
90 53
90 53
90 52
90 51
91 50
91 49
91 48
91 47
91 47
91 46
91 45
92 44
92 43
92 42
92 42
92 41
92 40
92 39
92 38
92 38
92 37
92 36
92 35
92 34
92 34
92 33
93 32
93 31
93 31
93 30
93 29
93 28
93 28
93 27
94 26
94 25
94 25
95 24
95 23
95 23
95 22
95 21
95 21
95 21
95 20
95 20
95 20
96 20
96 20
96 21
96 21
96 21
97 22
97 22
97 23
97 24
97 24
97 25
97 26
97 26
97 27
97 28
97 28
97 29
98 30
98 31
98 31
98 32
98 33
98 34
98 34
98 35
98 36
98 37
98 37
98 38
98 39
98 40
98 41
98 41
98 42
98 43
97 44
97 45
97 46
97 46
97 47
97 48
97 49
97 50
97 50
97 51
97 52
97 53
97 54
97 55
97 56
97 56
97 57
97 58
97 59
97 60
97 61
97 61
97 62
97 63
97 64
97 65
97 66
97 66
97 67
97 68
97 69
97 70
97 71
97 71
97 72
97 73
97 74
97 75
97 76
97 76
97 77
97 78
97 79
97 80
97 80
97 81
97 82
97 83
97 84
97 84
97 85
98 86
98 87
98 87
98 88
98 89
98 90
98 90
98 91
98 92
98 92
98 93
98 93
98 94
98 94
98 94
98 93
98 93
98 92
98 92
97 91
97 90
97 90
97 89
97 88
97 87
97 87
97 86
96 85
96 84
96 83
96 83
96 82
96 81
95 80
95 79
95 78
95 78
95 77
95 76
94 75
94 74
94 73
94 72
94 72
94 71
93 70
93 69
93 68
93 67
92 66
92 65
92 65
92 64
92 63
91 62
91 61
91 60
91 59
91 59
90 58
90 57
89 56
89 55
89 55
88 54
88 53
88 53
87 52
87 51
87 51
87 50
87 49
87 49
87 48
87 47
87 46
87 46
88 45
89 44
89 44
90 43
90 43
91 42
92 42
92 42
93 42
93 42
94 42
94 42
95 42
96 42
96 42
96 42
96 43
96 43
96 44
96 44
96 45
95 46
95 47
95 47
95 48
94 49
94 50
94 50
93 51
93 52
92 53
92 54
92 54
91 55
90 56
90 56
89 57
89 58
89 58
89 58
90 57
90 57
91 56
92 56
92 56
93 55
94 55
95 54
95 54
96 53
97 53
97 53
98 52
99 52
