1 24
0 25
0 26
0 26
0 27
0 27
0 26
0 26
0 27
0 27
0 28
0 28
0 29
0 29
1 29
1 29
2 29
2 29
3 28
4 28
4 28
5 27
6 27
6 27
7 26
8 26
9 25
9 25
10 24
11 24
12 23
12 23
13 22
14 21
15 21
16 20
16 20
17 19
18 18
19 18
20 17
20 17
21 16
22 16
23 15
23 15
24 14
25 14
26 13
26 13
27 12
28 11
28 11
29 11
29 11
28 11
28 11
28 11
27 11
27 11
26 12
25 12
25 12
24 12
23 12
22 12
22 12
21 12
20 12
20 12
19 12
18 12
17 12
17 12
16 12
15 12
15 12
14 12
13 12
13 12
13 12
12 12
12 12
13 13
13 13
13 14
13 15
13 15
14 16
14 17
14 17
14 18
15 19
15 20
15 20
15 21
16 22
16 23
16 24
16 24
16 25
16 26
16 27
16 27
17 28
17 29
17 29
17 30
17 31
17 31
18 31
18 31
18 31
18 30
18 30
19 29
19 28
19 28
19 27
20 26
20 25
20 24
20 24
20 23
21 22
21 21
21 20
21 20
21 19
22 18
22 17
23 16
23 15
23 15
23 14
24 13
24 12
24 11
25 10
25 9
25 9
25 8
26 7
26 6
27 5
27 4
27 4
28 3
28 2
28 2
29 1
29 0
29 0
29 1
29 1
29 2
29 2
30 3
30 4
30 4
30 5
29 6
29 7
29 7
29 8
29 9
29 10
29 11
29 12
29 12
29 13
28 14
28 15
28 16
28 16
28 17
27 18
27 19
27 20
27 20
27 21
26 22
26 23
26 23
26 24
25 25
25 26
25 26
24 27
24 28
24 28
23 29
23 30
23 30
22 31
22 32
21 33
21 34
20 35
20 36
19 37
18 38
18 39
17 40
17 41
16 42
16 43
15 44
14 45
14 46
13 47
13 48
12 49
12 50
11 51
11 51
12 52
12 52
12 52
12 52
13 51
13 50
13 50
14 49
15 49
15 49
16 48
17 47
17 47
18 46
18 45
19 44
19 44
20 43
21 42
21 42
22 41
23 40
23 40
24 40
25 40
25 40
26 40
26 40
27 41
27 42
27 42
28 43
28 44
28 44
29 45
29 46
29 46
29 47
29 48
29 49
29 49
29 50
29 51
29 52
29 53
29 54
29 54
29 55
29 56
28 57
28 58
28 59
28 59
28 60
28 61
27 62
27 63
27 64
27 64
27 65
27 66
26 67
26 68
26 69
26 70
26 70
26 71
25 72
25 73
24 74
24 75
24 75
23 76
23 77
22 78
22 78
21 79
21 80
21 80
20 81
20 82
20 82
20 82
19 81
19 80
19 80
19 79
19 78
19 77
19 77
19 76
19 75
20 74
20 73
20 72
20 72
20 71
20 70
20 69
20 68
20 67
20 66
20 66
20 65
20 64
20 63
21 62
21 61
21 60
21 59
21 59
21 58
21 57
21 56
22 55
22 54
22 53
22 52
22 51
22 51
22 50
23 49
23 48
23 47
23 46
24 45
24 44
24 44
24 43
24 42
25 41
25 40
25 39
25 39
25 38
26 37
26 36
26 36
26 35
26 35
26 35
26 36
26 36
26 37
26 38
26 39
26 39
26 40
26 41
26 42
26 43
26 43
26 44
25 45
25 46
24 47
24 48
24 48
24 49
24 50
23 51
23 52
23 53
23 54
23 54
23 55
22 56
22 57
22 58
21 59
21 60
21 60
20 61
20 62
19 63
19 64
18 65
18 66
18 66
18 67
18 68
17 69
17 70
17 71
17 71
16 72
16 73
15 74
15 75
15 75
14 76
14 76
14 77
14 77
13 77
13 77
13 76
13 76
13 75
13 75
13 74
13 73
13 73
13 72
13 71
13 71
13 70
13 69
13 69
12 68
12 67
11 66
11 65
10 64
9 63
9 62
8 61
8 60
7 59
7 59
7 60
7 60
7 60
7 60
7 60
8 61
8 62
8 62
9 63
9 64
9 64
9 65
9 66
9 66
10 67
10 67
11 67
11 67
12 66
12 66
13 65
13 65
14 64
14 63
14 63
15 62
15 61
15 61
16 60
17 59
17 59
18 58
19 58
19 58
20 57
21 56
21 56
22 55
23 55
23 55
24 55
25 55
25 55
26 55
27 55
27 55
28 56
28 56
29 57
29 58
29 58
29 59
29 60
29 61
29 61
29 62
30 63
30 64
30 64
31 65
31 66
31 66
32 67
32 67
33 68
33 68
34 67
34 67
35 66
36 65
36 65
37 64
37 63
38 62
38 62
39 61
40 61
41 60
41 60
42 59
43 58
44 57
44 57
45 56
46 56
46 56
47 56
47 56
48 56
48 56
48 55
48 54
48 53
49 52
49 51
49 50
49 49
49 48
49 47
49 46
49 45
50 44
50 43
50 42
50 41
50 40
50 39
50 38
50 37
51 36
51 35
51 34
51 33
51 32
51 31
51 30
51 29
52 28
52 27
52 26
52 25
52 24
52 23
52 22
52 21
53 20
53 19
53 18
53 17
53 16
53 15
53 14
53 13
54 12
54 11
54 10
54 9
54 9
55 8
55 8
54 8
54 8
54 9
54 9
54 10
54 10
54 11
55 12
55 13
55 13
55 14
55 15
55 15
55 16
55 17
55 18
55 19
55 19
55 20
56 21
56 22
56 22
56 23
55 24
55 25
55 25
55 26
55 27
55 28
55 29
55 30
55 30
55 31
54 32
54 33
54 34
54 34
54 35
53 36
53 37
52 38
52 39
52 39
51 40
50 41
50 42
49 43
49 43
49 44
48 45
48 46
47 47
47 48
47 48
46 49
45 50
44 51
44 51
43 52
43 53
42 54
42 54
41 55
40 55
40 55
39 55
38 55
38 55
37 54
37 53
37 53
37 52
37 51
37 51
37 50
38 49
38 48
38 47
38 47
38 46
39 45
39 44
39 43
39 43
40 42
41 41
41 40
42 39
42 39
43 38
43 37
44 36
44 35
45 34
45 34
46 33
47 32
48 31
49 30
49 30
50 29
51 28
52 28
53 27
53 27
54 26
55 25
55 24
56 23
56 23
57 22
58 22
59 21
59 21
60 20
61 20
61 20
62 19
63 19
63 19
64 18
64 18
65 18
65 18
65 18
65 18
64 18
64 18
64 19
64 19
63 20
62 20
62 20
61 21
61 21
60 22
59 22
59 22
58 23
58 23
57 24
56 24
56 24
55 25
55 26
55 26
55 27
55 27
54 28
54 29
54 29
54 30
54 31
54 32
54 32
54 33
54 34
54 34
54 35
54 36
54 37
54 37
54 38
54 39
54 40
54 40
54 41
54 42
54 43
54 43
54 44
54 45
54 46
54 47
54 47
54 48
54 49
54 50
54 51
54 51
54 52
54 53
54 54
54 55
54 55
54 56
53 57
53 58
53 59
53 59
53 60
53 61
53 62
53 62
53 63
52 64
52 65
52 66
52 66
52 67
52 68
52 68
52 69
51 70
51 71
51 71
50 71
50 71
50 72
50 72
50 71
50 71
50 70
50 70
50 69
50 68
50 68
50 67
50 66
50 65
50 65
50 64
50 63
50 62
50 61
50 61
50 60
50 59
51 58
51 57
51 56
51 56
51 55
51 54
52 53
52 52
52 51
52 51
52 50
52 49
52 48
52 47
52 47
52 46
53 45
53 44
53 44
53 43
53 42
53 41
53 41
54 40
54 39
54 39
54 38
54 38
54 38
55 37
55 37
55 37
55 37
55 37
55 38
55 38
56 39
56 39
56 40
56 40
57 41
57 42
57 42
57 43
57 44
57 44
57 45
58 46
58 47
58 47
58 48
58 49
58 50
58 51
58 51
58 52
58 53
58 54
58 55
58 55
58 56
58 57
58 58
58 58
58 59
58 60
58 61
58 62
58 63
58 63
58 64
58 65
58 66
58 67
58 67
58 68
58 69
59 70
59 71
59 72
59 73
59 73
59 74
59 75
59 76
59 77
59 77
59 78
60 79
60 80
60 81
60 81
60 82
60 83
60 84
60 85
60 85
60 86
61 87
61 88
61 88
61 89
61 90
61 91
61 91
62 92
62 93
62 93
62 94
62 95
62 95
62 96
62 97
62 97
62 98
62 98
62 98
62 98
61 98
61 98
60 97
60 96
60 96
59 95
59 94
59 94
58 93
58 92
57 91
57 91
56 90
56 89
55 88
55 87
55 87
55 86
55 85
54 84
54 83
54 82
54 82
54 81
53 80
53 79
53 78
52 77
52 76
52 76
52 75
51 74
51 73
51 72
50 71
50 70
50 70
50 69
50 68
49 67
49 66
49 65
49 65
49 64
49 63
49 62
49 61
49 61
49 60
49 59
49 59
50 58
50 57
50 57
51 56
51 56
52 55
52 55
53 55
53 55
54 55
54 55
55 56
55 56
56 57
56 57
56 58
56 58
56 59
56 60
56 60
56 61
55 62
55 63
55 63
54 64
54 65
53 66
53 66
52 67
52 68
52 68
51 69
51 70
51 70
51 71
51 71
51 71
51 71
52 71
52 71
53 70
53 70
54 69
54 69
55 68
56 67
56 67
57 66
57 66
58 65
59 65
59 65
60 65
60 65
61 65
61 65
61 65
62 65
62 65
63 66
63 66
63 66
63 65
64 64
64 63
64 62
64 61
65 60
65 59
65 58
65 57
66 56
66 55
66 54
66 53
67 52
67 51
67 50
67 49
68 48
68 47
68 46
68 45
69 44
69 43
69 42
69 41
70 40
70 39
70 38
70 37
71 36
71 35
71 34
71 33
72 32
72 31
72 30
72 30
72 31
72 31
72 31
72 31
72 31
72 32
72 33
72 33
73 34
73 35
73 35
73 36
74 37
74 38
74 38
74 39
74 40
74 41
74 41
74 42
75 43
75 44
75 44
75 45
75 46
75 47
75 48
75 48
75 49
75 50
75 51
75 52
75 52
75 53
75 54
75 55
75 56
75 56
75 57
74 58
74 59
74 60
74 60
74 61
73 62
73 63
73 64
73 64
73 65
72 66
72 67
72 68
72 68
71 69
71 70
71 70
71 71
71 71
71 70
71 70
71 69
71 68
71 68
71 67
71 66
71 65
71 65
71 64
72 63
72 62
72 61
72 61
72 60
72 59
73 58
73 57
73 56
73 56
73 55
73 54
74 53
74 52
74 51
74 51
74 50
74 49
75 48
75 47
75 46
75 46
75 45
75 44
75 43
75 42
75 41
75 41
75 40
75 39
76 38
76 37
76 36
76 36
76 35
76 34
76 33
76 33
76 32
76 31
76 31
76 30
77 29
77 28
77 28
77 27
77 26
77 26
78 25
78 24
78 24
79 23
79 23
80 22
80 22
80 22
81 22
81 22
82 22
82 22
82 23
82 23
82 24
82 24
82 25
82 25
82 26
82 27
82 28
82 28
82 29
82 30
82 31
82 31
82 32
81 33
81 34
81 34
81 35
81 36
81 37
81 38
81 39
81 39
81 40
80 41
80 42
80 43
80 43
80 44
80 45
80 46
80 47
80 48
80 48
80 49
80 50
79 51
79 52
79 53
79 54
79 54
79 55
79 56
79 57
79 58
79 59
79 59
79 60
79 61
79 62
79 63
79 64
79 65
79 65
79 66
79 67
79 68
79 69
79 70
79 70
79 71
79 72
79 73
79 74
79 75
79 75
79 76
79 77
79 78
79 79
79 80
79 80
79 81
79 82
79 83
79 83
79 84
79 85
79 86
79 87
79 87
79 88
79 88
79 89
79 89
79 89
78 88
78 88
77 87
77 86
77 86
77 85
77 84
77 83
77 83
77 82
77 81
76 80
76 79
76 78
76 78
76 77
76 76
75 75
75 74
75 73
75 73
75 72
75 71
74 70
74 69
74 68
74 68
74 67
74 66
74 65
74 64
74 63
74 63
74 62
74 61
73 60
73 59
73 58
73 58
73 57
72 56
72 55
72 54
72 54
71 53
71 52
71 52
71 51
71 50
71 50
72 49
72 49
72 48
72 48
73 48
74 48
74 48
75 47
75 47
76 48
76 48
77 49
77 49
78 50
78 50
78 51
78 52
78 52
77 53
77 54
77 54
77 55
77 56
77 56
76 57
76 57
75 58
75 59
75 59
75 60
75 60
74 60
74 60
74 60
74 60
75 59
75 59
75 58
76 57
76 56
76 56
77 55
77 54
78 53
78 53
78 52
79 51
79 50
79 50
80 49
81 48
81 48
81 47
81 46
81 46
81 45
82 44
82 43
82 43
82 42
82 41
82 41
82 40
82 39
82 39
82 38
82 37
82 36
82 36
82 35
82 34
82 34
82 33
82 32
82 31
82 31
83 30
83 30
83 29
83 28
83 28
84 27
84 27
85 27
85 27
86 27
86 27
87 27
87 27
87 27
88 28
88 29
88 29
89 30
89 30
89 31
89 32
89 33
89 33
89 34
89 35
89 36
89 36
89 37
89 38
89 39
89 39
89 40
89 41
89 42
89 43
89 43
89 44
88 45
88 46
88 47
88 47
88 48
88 49
87 50
87 51
87 52
87 52
87 53
87 54
86 55
86 56
86 57
86 57
86 58
85 59
85 60
85 61
85 61
85 62
84 63
84 64
84 64
84 65
83 66
83 67
83 67
82 68
82 69
82 69
82 69
81 69
81 69
81 68
81 67
81 67
81 66
81 65
81 64
81 64
81 63
82 62
82 61
82 61
82 60
82 59
82 58
82 57
82 56
82 56
82 55
82 54
83 53
83 52
83 51
83 51
83 50
83 49
84 48
84 47
84 46
84 46
84 45
85 44
85 43
85 42
85 42
85 41
85 40
85 39
85 38
85 38
85 37
86 36
86 35
86 35
86 34
86 33
86 32
86 32
86 31
86 30
86 30
86 29
87 28
87 27
87 27
87 26
88 25
88 24
88 24
89 23
89 22
89 22
89 21
89 20
89 20
90 19
90 19
91 18
91 18
92 17
92 17
92 17
93 16
93 16
94 16
94 16
95 16
95 16
95 16
96 16
96 16
97 17
97 17
97 18
97 19
97 19
97 20
97 21
97 21
98 22
98 23
98 23
98 24
98 25
98 26
98 26
98 27
98 28
98 29
98 29
98 30
98 31
98 32
98 32
98 33
98 34
98 35
98 36
98 36
98 37
97 38
97 39
97 40
97 40
97 41
97 42
97 43
97 44
97 44
97 45
97 46
97 47
97 48
97 49
97 49
97 50
97 51
97 52
97 53
97 54
97 55
97 55
97 56
97 57
97 58
97 59
97 60
97 60
97 61
97 62
98 63
98 64
98 65
98 66
98 66
98 67
98 68
98 69
98 70
98 71
98 72
98 72
98 73
98 74
98 75
98 76
98 77
98 78
98 78
98 79
98 80
98 81
98 82
98 83
98 83
98 84
98 85
98 86
98 87
98 88
98 89
98 89
98 90
99 91
99 92
99 92
99 93
99 94
99 95
99 95
98 96
98 97
98 97
98 98
98 99
98 99
98 99
98 99
98 99
97 98
97 98
97 97
96 96
96 95
96 95
96 94
95 93
95 92
95 91
95 91
95 90
95 89
94 88
94 87
94 86
94 86
94 85
93 84
93 83
93 82
93 81
92 80
92 79
92 79
92 78
92 77
92 76
91 75
91 74
91 73
91 72
91 72
91 71
90 70
90 69
90 68
90 67
89 66
89 65
89 64
89 64
89 63
89 62
89 61
88 60
88 59
88 58
88 57
88 57
88 56
88 55
87 54
87 53
87 52
87 52
87 51
86 50
86 49
86 48
86 48
86 47
85 46
85 45
85 44
85 44
85 43
85 42
85 42
86 41
86 40
86 40
87 39
87 38
87 38
88 38
88 38
89 38
90 38
90 38
91 39
92 39
92 39
93 40
93 40
93 41
93 42
93 42
93 43
93 44
93 44
92 45
92 46
91 47
91 48
91 48
91 49
90 50
90 51
90 52
90 52
89 53
89 54
88 55
88 56
88 56
87 57
87 58
86 59
86 60
86 60
85 61
85 62
84 63
84 64
84 64
83 65
83 65
84 65
84 65
85 64
85 63
85 63
86 62
87 61
88 60
88 60
89 59
90 59
91 58
91 58
92 57
93 56
94 56
95 55
95 55
96 55
97 54
98 54
