2 40
1 41
1 42
1 42
0 43
0 43
0 43
0 44
0 44
0 44
0 44
0 44
0 43
0 43
1 42
2 42
2 42
3 41
3 40
3 40
4 39
5 39
6 38
6 38
7 37
7 36
8 35
8 34
8 34
9 33
10 32
11 31
11 31
12 30
13 30
14 29
14 29
15 28
16 28
17 27
17 27
18 26
19 25
19 25
20 24
21 23
21 23
22 22
23 22
23 22
24 21
24 21
25 20
25 20
26 19
26 19
26 18
26 18
26 18
26 17
26 17
26 17
25 17
25 17
24 17
24 17
23 17
22 17
21 17
20 18
19 18
18 18
17 18
16 18
16 18
15 18
14 18
14 18
13 18
13 18
12 18
12 18
12 19
12 19
11 19
11 19
11 20
11 20
11 21
11 21
11 22
11 22
11 23
11 24
11 25
11 25
11 26
11 27
11 27
11 28
12 29
12 30
12 31
12 31
12 32
13 33
13 34
13 34
13 35
13 36
13 37
13 37
14 38
14 39
14 39
15 40
15 41
15 41
15 42
15 42
16 43
16 43
16 43
17 43
17 43
17 42
17 42
17 41
18 40
18 39
18 39
18 38
18 37
18 36
18 36
18 35
19 34
19 33
19 32
19 32
19 31
19 30
19 29
19 28
19 28
19 27
20 26
20 25
20 24
20 24
20 23
21 22
21 21
21 21
21 20
21 19
21 18
21 18
21 17
22 16
22 15
22 15
22 14
22 13
22 13
22 12
22 12
23 12
23 12
23 12
23 11
23 11
23 12
23 12
23 12
23 13
23 13
23 14
23 15
23 15
23 16
23 17
23 18
23 18
23 19
23 20
23 20
23 21
22 22
22 23
22 23
22 24
22 25
22 26
22 26
22 27
22 28
22 28
22 29
22 30
22 31
22 31
22 32
22 33
22 33
21 34
21 35
21 35
21 36
21 37
21 37
21 38
21 39
21 40
21 40
21 41
20 42
20 43
20 43
20 44
19 45
19 46
19 46
18 47
18 48
18 48
17 49
17 50
16 51
16 51
16 52
15 53
15 54
15 54
14 55
14 56
14 56
13 57
13 58
13 58
12 59
12 59
11 59
11 59
11 59
10 60
10 60
10 60
10 60
10 60
10 60
11 59
11 59
11 58
11 58
12 57
12 57
13 56
13 55
13 55
14 54
15 53
15 53
16 52
16 51
16 51
17 50
17 49
18 48
18 48
19 47
20 47
20 47
21 46
21 45
21 45
22 45
23 45
23 45
24 45
24 45
25 45
25 45
26 46
26 47
26 47
26 48
26 49
26 49
26 50
26 51
26 52
26 52
26 53
26 54
26 55
26 56
26 56
26 57
26 58
26 59
26 60
26 60
26 61
26 62
25 63
25 64
25 65
25 65
25 66
24 67
24 68
24 69
24 69
24 70
24 71
23 72
23 73
23 74
23 74
23 75
22 76
22 77
22 78
22 78
22 79
21 80
21 81
21 82
21 82
21 83
20 84
20 85
20 85
19 86
19 87
19 87
18 88
18 88
18 88
17 87
17 87
17 86
17 85
17 85
17 84
17 83
17 82
17 81
17 81
17 80
17 79
17 78
17 77
17 76
17 76
17 75
17 74
17 73
17 72
17 71
17 70
17 70
17 69
17 68
18 67
18 66
18 65
18 65
18 64
18 63
18 62
18 61
18 60
18 59
18 59
18 58
18 57
19 56
19 55
19 54
19 53
19 53
19 52
20 51
20 50
20 49
20 49
20 48
21 47
21 46
21 45
21 45
21 44
21 43
21 42
21 42
21 41
22 40
22 39
22 39
22 38
22 37
22 37
22 37
22 36
22 36
22 37
22 37
22 38
22 38
22 39
22 40
22 40
22 41
22 42
22 43
22 43
22 44
22 45
22 46
22 46
22 47
22 48
22 49
22 50
22 51
22 51
22 52
22 53
21 54
21 55
21 56
21 56
21 57
21 58
21 59
21 60
21 61
21 61
21 62
21 63
20 64
20 65
20 66
20 66
20 67
19 68
19 69
19 70
19 70
19 71
18 72
18 73
18 74
18 74
18 75
17 76
17 77
17 78
17 78
17 79
16 80
16 81
16 82
16 82
16 83
15 84
15 85
15 85
15 86
14 87
14 88
14 88
13 89
13 90
13 90
12 91
12 91
11 91
11 91
10 90
10 89
10 89
9 88
9 87
9 87
9 86
8 85
8 84
8 84
8 83
7 82
7 81
7 80
7 80
6 79
6 78
6 78
6 77
6 76
6 76
6 75
6 75
6 74
6 74
6 74
6 74
6 74
6 74
6 74
7 74
7 74
8 74
8 74
9 74
9 74
10 73
10 73
11 73
12 73
12 73
13 73
13 73
14 72
15 72
15 72
16 71
17 71
17 71
18 71
18 71
19 70
20 70
20 70
21 69
21 69
22 68
22 68
23 67
23 66
23 66
24 65
24 64
24 64
25 63
25 62
25 62
26 61
26 60
26 60
26 59
27 58
27 57
27 57
27 56
27 56
28 55
28 54
28 54
28 54
28 53
28 53
29 53
29 53
29 54
29 54
29 54
30 55
30 55
30 55
31 56
31 56
32 57
32 57
32 58
32 58
32 58
33 59
33 59
33 60
33 60
33 60
33 60
34 61
34 61
34 61
34 61
34 61
34 61
34 61
34 60
34 60
34 60
34 60
34 60
34 60
34 60
34 60
34 60
34 60
34 60
34 60
34 60
34 60
33 60
33 60
33 60
33 60
33 60
33 60
33 60
33 60
33 60
33 60
33 60
33 59
33 59
33 59
33 58
33 58
34 57
34 57
35 56
35 55
35 55
35 54
36 53
36 52
36 51
37 50
37 49
37 48
38 47
38 46
38 45
39 44
39 43
39 42
39 41
40 40
40 39
40 38
41 37
41 36
41 35
42 34
42 33
42 32
43 31
43 30
43 29
44 28
44 27
44 26
45 25
45 24
45 23
46 22
46 21
46 20
47 19
47 18
47 17
48 16
48 15
48 14
48 13
49 12
49 11
49 10
50 9
50 8
50 7
51 6
51 5
51 4
52 3
52 2
52 2
52 2
52 1
52 1
52 1
52 1
52 1
52 1
52 1
52 1
52 1
52 1
52 1
52 1
52 1
52 1
52 1
52 2
52 2
52 3
52 3
52 4
52 4
52 5
52 5
52 6
52 7
52 8
52 8
51 9
51 10
51 10
51 11
51 12
51 13
51 13
51 14
51 15
51 16
51 16
51 17
50 18
50 19
50 20
50 20
50 21
50 22
50 23
50 23
50 24
49 25
49 26
49 27
49 27
49 28
49 29
49 30
49 30
49 31
48 32
48 33
48 34
48 34
48 35
47 36
47 37
47 38
47 38
47 39
46 40
46 41
46 41
46 42
45 43
45 44
45 44
44 45
44 46
43 47
43 47
42 48
42 49
42 49
41 50
40 51
40 51
39 52
39 53
39 53
38 53
38 53
37 53
37 53
36 53
36 53
35 52
35 52
34 51
34 51
34 50
34 49
34 49
34 48
34 48
34 47
34 47
34 46
34 46
34 45
34 44
34 44
34 43
34 42
34 42
35 41
35 40
35 40
36 39
36 38
36 38
37 37
37 36
37 36
38 35
39 34
39 34
40 33
41 32
41 32
42 31
42 30
43 29
43 29
44 28
45 27
45 27
46 26
47 25
48 24
48 24
49 23
50 22
50 22
51 21
51 20
52 19
52 19
53 18
54 18
55 17
55 17
56 16
57 15
57 15
58 14
59 13
59 13
60 12
60 12
61 11
61 10
61 10
62 9
62 9
63 9
63 9
63 8
63 8
63 8
63 8
62 8
62 8
61 9
61 9
60 9
60 9
59 10
59 10
58 11
58 12
58 12
57 13
57 13
57 14
57 15
57 15
56 16
56 16
56 17
56 18
56 18
55 19
55 20
55 20
55 21
55 22
55 22
54 23
54 24
54 24
54 25
54 26
54 27
54 27
54 28
53 29
53 30
53 31
53 31
53 32
53 33
52 34
52 35
52 36
52 36
52 37
52 38
52 39
52 40
52 41
52 41
52 42
52 43
51 44
51 45
51 46
51 46
51 47
51 48
51 49
51 50
51 50
51 51
51 52
50 53
50 54
50 55
50 56
50 56
50 57
50 58
50 59
50 60
50 61
50 62
50 62
50 63
50 64
50 65
50 66
50 67
50 68
50 68
50 69
50 70
50 71
50 72
50 73
50 73
50 74
50 75
50 76
50 77
50 78
50 78
50 79
50 80
50 81
50 82
50 82
50 83
50 84
50 85
50 86
50 86
50 87
50 88
50 88
50 89
50 90
50 90
50 91
50 91
50 91
50 91
50 91
50 90
50 90
50 89
50 89
50 88
50 87
50 87
50 86
50 86
49 85
49 84
49 84
49 83
49 82
49 82
49 81
49 80
49 79
49 79
49 78
49 77
49 76
49 75
49 75
49 74
49 73
49 72
49 71
49 71
49 70
49 69
49 68
49 67
49 66
49 66
49 65
49 64
49 63
49 62
49 61
49 61
49 60
49 59
49 58
49 58
49 57
49 56
49 55
49 54
49 54
49 53
49 52
50 51
50 50
50 49
50 49
50 48
50 47
50 46
50 45
50 45
50 44
51 43
51 42
51 42
51 41
52 40
52 39
52 39
52 38
52 37
52 37
52 36
53 35
53 34
53 34
54 33
54 32
54 32
55 31
55 30
55 30
55 29
55 28
55 28
56 27
56 27
57 26
57 25
57 25
57 25
58 25
58 25
58 25
58 26
58 26
58 27
58 27
59 28
59 28
59 29
59 30
59 31
59 31
59 32
59 33
59 34
59 34
59 35
59 36
59 37
59 37
59 38
59 39
59 40
59 41
59 42
59 42
59 43
59 44
59 45
59 46
59 47
59 47
59 48
59 49
59 50
59 51
59 52
59 52
59 53
59 54
59 55
59 56
59 57
59 58
59 58
59 59
59 60
59 61
59 62
59 63
59 64
59 64
59 65
59 66
59 67
59 68
59 69
59 70
59 70
59 71
59 72
59 73
59 74
59 75
59 75
59 76
59 77
59 78
59 79
59 80
59 80
59 81
59 82
59 83
59 84
59 85
59 85
59 86
58 87
58 88
58 89
58 89
58 90
58 91
58 92
58 93
58 93
58 94
58 95
58 95
58 96
58 97
58 97
58 98
58 99
58 99
58 99
57 99
57 99
57 99
56 98
56 97
56 97
56 96
55 95
55 94
55 94
55 93
55 92
55 92
55 91
54 90
54 89
54 88
54 88
54 87
54 86
54 85
54 85
54 84
54 83
54 82
54 82
54 81
53 80
53 79
53 78
53 78
53 77
53 76
53 75
53 74
53 74
53 73
53 72
53 71
53 70
53 70
53 69
52 68
52 67
52 66
52 66
52 65
52 64
52 63
52 63
52 62
51 61
51 60
51 60
51 59
51 59
50 58
50 57
50 57
50 56
50 56
50 55
50 55
50 55
49 54
49 54
49 53
49 53
50 53
50 53
50 52
50 52
50 51
50 50
50 50
51 49
51 49
52 48
52 48
53 47
54 47
54 47
55 46
55 46
56 45
56 44
56 44
57 44
58 44
58 44
58 44
59 44
59 44
59 44
59 44
59 45
59 45
59 46
59 47
59 47
59 48
59 49
59 49
59 50
58 51
58 52
58 52
57 53
57 54
56 55
56 55
56 56
55 57
55 58
55 58
55 59
54 60
54 61
54 62
54 62
53 63
53 64
53 64
52 65
52 66
52 66
52 67
52 67
52 68
52 68
52 68
53 67
53 67
54 66
54 65
54 65
55 64
55 63
55 63
55 62
56 61
56 60
56 60
57 59
57 58
57 58
58 57
58 57
59 56
59 55
59 55
60 54
60 54
60 53
61 52
61 51
61 50
62 49
62 48
62 47
63 46
63 45
63 44
64 43
64 42
64 41
65 40
65 39
65 38
65 37
66 36
66 35
66 34
67 33
67 32
67 31
68 30
68 29
68 28
69 27
69 26
69 26
69 25
69 25
69 24
69 24
69 24
69 24
69 24
69 24
70 24
70 24
70 25
70 25
70 25
70 26
70 26
70 27
70 27
71 28
71 29
71 29
71 30
71 31
71 31
71 32
71 33
71 34
71 34
71 35
72 36
72 37
72 37
72 38
72 39
72 40
72 40
72 41
72 42
72 43
72 44
72 44
72 45
71 46
71 47
71 47
71 48
71 49
71 50
71 51
71 51
71 52
70 53
70 54
70 55
70 55
70 56
69 57
69 58
69 59
69 59
69 60
69 61
69 62
69 63
69 63
68 64
68 65
67 66
67 67
67 67
67 68
66 69
66 70
66 70
66 71
66 72
66 72
65 73
65 73
65 74
65 74
65 74
65 73
65 73
65 72
65 72
65 71
65 70
65 69
65 69
65 68
65 67
65 66
65 65
65 64
65 63
65 62
65 61
65 60
66 59
66 58
66 57
66 56
66 55
66 54
66 53
66 52
66 51
66 50
66 49
66 48
66 47
66 46
66 45
66 44
66 43
66 42
67 41
67 40
67 39
67 38
67 37
67 36
67 35
67 34
67 33
67 32
67 32
67 31
67 30
67 29
67 28
67 28
67 27
67 26
67 26
68 25
68 25
68 24
68 24
69 23
69 22
69 22
70 21
70 21
71 20
71 19
71 19
72 18
73 17
73 17
74 16
74 16
75 15
75 15
76 14
76 14
77 14
77 14
77 13
77 13
78 13
78 13
78 13
78 14
78 14
78 14
78 14
78 15
78 15
77 16
77 16
77 17
77 17
77 18
77 19
77 19
77 20
77 21
77 21
77 22
77 22
77 23
77 24
77 24
77 25
77 26
77 26
77 27
77 28
77 28
77 29
77 30
77 31
77 31
77 32
77 33
77 34
77 34
77 35
77 36
77 37
77 38
77 38
77 39
77 40
77 41
77 42
77 42
77 43
77 44
77 45
77 46
77 46
77 47
77 48
77 49
77 50
77 50
77 51
77 52
77 53
77 54
77 54
77 55
77 56
77 57
77 58
77 58
77 59
77 60
77 61
77 62
77 62
77 63
78 64
78 65
78 65
78 66
78 67
78 68
78 68
78 69
78 70
78 71
78 71
79 72
79 73
79 73
79 74
79 75
79 76
79 76
79 77
79 78
79 78
79 79
79 79
79 80
79 80
79 80
79 80
79 80
78 80
78 80
78 79
78 79
77 78
77 77
77 77
76 76
76 75
76 75
76 74
76 74
75 73
75 72
75 72
74 71
74 70
74 70
74 69
73 68
73 67
73 67
73 66
72 65
72 64
72 64
72 63
72 62
72 61
72 61
72 60
71 59
71 58
71 58
71 57
71 56
71 55
71 55
70 54
70 53
70 53
70 52
70 51
70 51
70 51
70 50
70 50
69 49
69 49
69 49
69 48
69 48
70 47
70 47
71 46
71 46
72 45
72 45
73 44
73 44
74 43
74 42
74 42
75 41
75 41
76 40
77 40
77 40
78 39
78 39
79 38
79 38
79 38
80 38
80 38
80 38
80 38
80 39
80 40
80 40
79 41
79 42
79 42
79 43
78 44
78 45
78 45
77 46
76 47
76 47
76 48
75 49
75 50
75 50
74 51
74 52
73 53
73 53
73 54
72 55
72 56
72 56
71 57
71 58
71 58
71 59
71 59
70 60
70 60
71 60
71 60
71 59
71 59
72 58
72 58
73 57
74 56
74 56
75 55
75 54
75 54
76 53
76 52
77 51
77 51
78 50
78 49
79 48
79 48
80 47
80 46
81 45
81 44
81 44
82 43
82 42
83 41
83 41
83 40
84 39
84 38
84 37
84 37
85 36
85 35
86 34
86 34
86 33
87 32
87 31
87 30
87 30
87 29
88 28
88 27
88 27
88 26
89 25
89 24
89 23
89 23
90 22
90 21
90 21
90 20
90 20
90 19
90 18
90 18
90 18
89 17
89 17
89 17
89 18
89 18
89 19
89 19
89 20
89 21
89 21
88 22
88 23
88 23
88 24
88 25
88 26
88 26
88 27
88 28
88 29
88 29
88 30
88 31
88 32
88 33
88 34
88 34
88 35
88 36
87 37
87 38
87 39
87 39
87 40
87 41
87 42
87 43
87 44
87 45
87 45
87 46
87 47
87 48
87 49
87 50
87 50
87 51
87 52
86 53
86 54
86 55
86 55
86 56
86 57
86 58
86 59
86 60
86 61
86 62
86 62
86 63
86 64
85 65
85 66
85 67
85 68
85 68
85 69
85 70
84 71
84 72
84 73
84 73
84 74
83 75
83 76
83 77
83 77
83 78
83 79
83 80
83 81
83 81
82 82
82 83
82 83
81 84
81 85
81 85
80 85
80 85
80 84
80 84
79 83
79 82
79 82
79 81
79 80
79 79
79 79
79 78
78 77
78 76
78 75
78 75
78 74
78 73
78 72
78 71
78 70
78 69
78 69
78 68
78 67
78 66
78 65
78 64
78 63
78 63
78 62
78 61
78 60
78 59
78 58
78 57
78 57
78 56
78 55
78 54
79 53
79 52
79 51
79 50
79 50
79 49
79 48
80 47
80 46
80 45
80 44
80 44
80 43
80 42
80 41
80 40
80 39
80 38
80 37
80 37
80 36
80 35
81 34
81 33
81 32
81 31
81 31
81 30
81 29
82 28
82 27
82 26
82 26
82 25
83 24
83 23
83 22
83 22
83 21
84 20
84 19
84 18
84 18
84 17
85 16
85 15
85 15
85 14
86 13
86 12
86 12
87 11
87 10
87 10
87 9
88 8
88 7
88 7
89 6
89 5
89 5
90 4
90 3
90 3
91 2
91 2
92 2
92 2
93 1
93 1
94 1
94 1
95 0
95 0
96 0
96 0
96 0
97 0
97 0
97 1
97 1
98 1
98 1
98 1
98 2
98 2
99 3
99 3
99 4
99 5
99 5
99 6
99 6
98 7
98 8
98 8
98 9
98 10
98 10
98 11
98 12
98 12
98 13
98 14
98 15
98 15
98 16
98 17
98 18
98 18
98 19
98 20
98 21
98 22
98 22
98 23
98 24
98 25
98 25
98 26
98 27
98 28
98 29
98 29
98 30
98 31
98 32
98 33
98 34
98 34
98 35
98 36
98 37
98 38
98 38
98 39
98 40
98 41
98 42
98 43
98 43
98 44
98 45
97 46
97 47
97 48
97 48
97 49
97 50
97 51
97 52
97 52
97 53
97 54
97 55
97 56
97 57
97 57
97 58
97 59
97 60
97 61
97 62
97 62
97 63
97 64
97 65
97 66
97 67
97 67
97 68
97 69
97 70
97 71
97 72
97 72
97 73
97 74
97 75
97 76
97 77
97 77
97 78
97 79
97 80
97 81
97 82
97 82
97 83
97 84
97 85
97 86
97 86
97 87
97 88
97 89
97 90
97 90
97 91
97 92
97 93
97 94
97 94
97 95
97 96
97 96
97 97
97 97
97 98
97 98
96 98
96 98
96 99
96 99
96 99
96 98
96 98
96 98
95 98
95 98
95 98
94 97
94 97
94 96
94 96
93 95
93 95
93 94
92 93
92 92
92 91
92 91
92 90
92 89
92 88
92 87
92 87
92 86
92 85
91 84
91 83
91 82
91 82
91 81
91 80
91 79
91 78
91 77
91 76
91 76
91 75
91 74
91 73
90 72
90 71
90 70
90 69
90 69
90 68
90 67
89 66
89 65
89 64
89 64
89 63
89 62
88 61
88 60
88 59
88 58
88 58
88 57
88 56
88 55
88 54
88 54
88 53
88 52
87 51
87 50
87 49
87 49
87 48
87 47
87 46
87 46
86 45
86 44
86 44
86 43
86 42
86 42
86 41
86 40
86 40
86 39
86 39
86 39
86 38
86 38
86 38
86 38
86 38
86 37
86 37
87 37
87 37
88 37
88 37
89 36
89 36
90 35
90 35
91 34
91 34
92 33
92 33
93 33
93 33
94 33
94 33
95 33
95 33
96 33
96 33
96 33
96 34
96 34
96 34
96 35
96 36
96 36
95 37
95 37
94 38
94 39
94 39
94 40
93 41
93 42
93 42
92 43
92 44
92 44
91 45
91 46
90 47
90 47
89 48
89 49
89 49
88 50
88 51
88 51
87 52
87 53
87 53
87 54
87 54
88 55
88 55
89 55
89 55
90 54
90 54
91 53
91 53
92 52
93 52
93 52
94 51
94 51
95 50
96 49
96 49
97 48
