0 27
0 28
0 28
0 28
0 28
0 28
0 28
1 27
2 27
2 27
3 26
4 25
4 25
5 24
6 23
6 23
7 22
8 22
9 21
9 21
10 20
11 19
12 19
13 18
13 18
14 17
15 16
16 15
16 15
17 14
18 13
19 12
19 12
20 11
21 11
22 10
22 10
23 9
24 9
25 8
25 8
26 7
26 6
26 6
27 5
28 5
28 5
28 5
29 4
29 4
28 3
28 3
27 3
27 3
26 3
25 3
25 3
24 3
23 3
23 3
22 3
21 4
20 4
20 4
19 4
18 4
18 4
17 4
16 4
15 4
15 4
14 4
13 4
13 4
12 4
12 4
11 5
11 5
11 6
11 6
11 7
11 8
11 8
11 9
11 10
11 11
11 11
11 12
12 13
12 14
12 14
12 15
12 16
12 17
12 18
12 18
12 19
13 20
13 21
13 21
14 22
14 23
14 23
14 24
14 25
14 25
15 26
15 26
15 27
15 27
15 27
16 26
16 26
16 25
16 25
17 24
17 23
17 23
17 22
17 21
17 21
17 20
18 19
18 18
18 18
18 17
19 16
19 15
19 14
19 14
19 13
20 12
20 11
20 10
20 10
20 9
21 8
21 7
21 6
21 6
21 5
22 4
22 3
22 3
23 2
23 2
23 1
23 1
24 1
24 1
24 2
24 2
24 3
24 4
24 4
24 5
24 6
24 7
24 7
24 8
23 9
23 10
23 10
23 11
23 12
23 13
23 13
23 14
22 15
22 16
22 16
22 17
22 18
22 19
22 19
22 20
21 21
21 22
21 22
21 23
21 24
21 25
21 25
20 26
20 27
19 28
19 29
18 30
18 31
17 32
17 33
16 34
16 35
15 36
15 37
15 37
14 38
13 39
13 40
12 41
11 42
11 42
10 43
10 44
10 44
9 45
9 45
8 45
8 45
8 45
8 45
8 45
9 44
9 44
10 43
11 42
11 42
12 41
12 41
13 40
14 39
14 39
15 38
16 37
16 37
17 36
18 36
19 35
19 35
20 34
21 33
21 33
22 32
22 32
23 32
24 32
24 32
25 32
25 32
26 32
26 32
26 33
26 33
27 34
27 35
27 35
28 36
28 37
28 37
28 38
28 39
28 40
28 40
28 41
28 42
28 43
28 44
28 44
28 45
28 46
27 47
27 48
27 49
27 49
27 50
27 51
27 52
27 53
27 53
27 54
27 55
26 56
26 57
26 58
26 58
26 59
26 60
26 61
26 62
26 63
26 63
26 64
26 65
25 66
25 67
25 68
25 68
25 69
24 70
24 71
24 72
24 72
24 73
24 74
24 75
24 76
24 77
24 77
24 78
23 79
23 80
23 80
23 81
22 82
22 83
22 83
21 84
21 85
21 85
21 86
21 86
21 87
21 87
21 87
20 86
20 85
20 85
20 84
20 83
20 83
20 82
20 81
20 80
20 80
20 79
20 78
20 77
20 76
20 75
20 75
20 74
20 73
20 72
20 71
20 70
20 69
20 69
20 68
20 67
21 66
21 65
21 64
21 63
21 63
21 62
21 61
21 60
21 59
21 58
21 57
21 57
21 56
21 55
21 54
21 53
21 52
21 51
21 50
21 50
21 49
21 48
21 47
21 46
21 45
21 44
21 44
21 43
21 42
21 41
21 40
21 39
21 39
21 38
22 37
22 36
22 36
22 35
22 34
22 34
22 33
22 32
22 32
22 31
22 31
22 31
22 32
22 32
22 33
22 34
22 34
22 35
21 36
21 37
21 38
21 38
21 39
20 40
20 41
20 42
20 42
20 43
19 44
19 45
19 46
19 46
19 47
19 48
18 49
18 50
18 51
18 52
18 52
18 53
17 54
17 55
16 56
16 57
16 57
16 58
15 59
15 60
14 61
14 62
14 62
14 63
13 64
13 65
13 66
13 66
12 67
12 68
11 69
11 69
11 70
11 71
11 71
10 72
10 72
10 73
10 73
9 72
9 72
9 71
9 71
9 70
9 70
9 69
9 68
9 68
9 67
9 67
9 66
9 65
8 64
8 63
8 62
8 62
8 61
8 61
7 61
7 61
7 61
7 62
7 62
7 63
7 63
7 64
7 64
8 65
8 65
8 65
9 65
9 65
10 64
11 64
11 64
12 63
12 62
12 62
13 61
14 60
14 60
15 59
15 58
16 57
16 57
17 56
18 55
19 54
19 54
20 53
21 52
21 52
22 51
23 50
23 50
24 50
25 50
25 50
26 50
26 50
27 51
28 51
28 51
28 52
28 53
28 53
29 54
29 55
29 55
30 56
30 56
31 57
31 58
31 58
31 59
31 59
32 60
32 60
33 60
33 60
34 60
34 60
35 59
35 59
36 58
36 57
36 57
37 56
37 56
38 55
38 54
38 54
39 53
39 53
39 52
40 51
40 50
40 49
40 48
41 47
41 46
41 45
42 44
42 43
42 42
42 41
43 40
43 39
43 38
44 37
44 36
44 35
44 34
45 33
45 32
45 31
46 30
46 29
46 28
46 27
47 26
47 25
47 24
47 23
48 22
48 21
48 20
49 19
49 18
49 17
49 16
50 15
50 14
50 13
51 12
51 11
51 10
51 9
52 8
52 7
52 6
53 5
53 4
53 3
53 2
54 1
54 0
54 0
54 1
54 1
53 1
53 1
52 2
52 3
52 3
52 4
52 5
52 5
52 6
51 7
51 8
51 8
51 9
51 10
51 11
51 12
51 12
51 13
51 14
51 15
51 16
51 17
51 17
51 18
50 19
50 20
50 21
50 21
50 22
50 23
49 24
49 25
49 26
49 26
49 27
48 28
48 29
48 30
48 30
48 31
47 32
47 33
46 34
46 35
46 35
46 36
45 37
45 38
45 39
45 39
44 40
44 41
43 42
43 42
42 43
42 44
41 45
41 45
40 46
40 47
39 48
39 48
38 49
38 49
37 50
36 50
36 50
35 50
35 50
34 49
34 49
34 48
34 48
35 47
35 46
35 46
35 45
35 44
35 43
35 42
35 42
36 41
36 40
37 39
37 38
37 38
38 37
38 36
39 35
39 34
40 33
40 32
40 32
41 31
41 30
42 29
42 28
43 27
43 27
44 26
44 25
45 24
45 23
46 22
46 22
47 21
48 20
48 19
49 18
49 18
50 17
51 16
52 15
53 14
53 14
54 13
54 12
55 11
55 11
56 10
57 10
58 9
58 9
59 8
59 8
60 7
60 7
61 7
61 7
61 8
61 8
61 8
60 9
60 10
60 10
59 11
59 12
59 12
58 13
58 14
57 15
57 15
57 16
56 17
56 18
56 18
55 19
55 20
54 21
54 22
54 22
54 23
53 24
53 25
53 26
53 26
53 27
52 28
52 29
52 29
52 30
52 31
51 32
51 33
51 34
51 34
51 35
50 36
50 37
50 38
50 38
50 39
50 40
50 41
50 42
50 43
50 44
50 44
50 45
49 46
49 47
49 48
49 48
49 49
49 50
49 51
49 52
49 52
49 53
49 54
49 55
49 56
49 56
49 57
49 58
49 59
49 60
49 60
49 61
49 62
49 63
49 63
48 64
48 65
48 65
48 66
48 67
48 67
48 68
48 68
48 68
48 68
48 68
48 67
48 66
48 66
47 65
47 64
47 64
47 63
47 62
47 61
47 61
47 60
47 59
47 58
47 58
47 57
48 56
48 55
48 54
48 54
48 53
48 52
48 51
48 50
48 49
48 49
48 48
48 47
48 46
48 45
48 44
48 44
48 43
49 42
49 41
49 40
49 40
49 39
49 38
49 37
49 37
49 36
50 35
50 34
50 34
51 33
51 32
51 32
52 31
52 30
52 30
52 29
52 28
52 28
53 27
53 27
54 27
54 27
54 27
54 27
55 28
55 29
55 29
55 30
55 30
55 31
55 32
55 32
55 33
56 34
56 35
56 35
56 36
56 37
56 37
56 38
56 39
56 40
56 40
56 41
56 42
56 43
56 44
56 44
56 45
56 46
56 47
56 48
56 48
56 49
56 50
56 51
56 52
56 52
56 53
56 54
56 55
56 56
56 57
56 57
56 58
56 59
56 60
56 61
56 61
56 62
56 63
56 64
56 65
56 65
56 66
56 67
56 68
56 69
56 70
56 70
56 71
56 72
56 73
56 74
56 75
56 75
56 76
56 77
57 78
57 79
57 80
57 80
57 81
57 82
57 83
57 84
57 84
57 85
57 86
57 87
57 87
57 88
57 89
57 90
57 91
57 91
57 92
57 93
57 93
57 94
57 94
57 95
57 95
57 95
56 95
56 95
56 94
56 94
55 93
55 92
55 92
55 91
55 90
55 90
55 89
54 88
54 87
54 86
54 86
54 85
54 84
53 83
53 82
53 81
53 81
53 80
53 79
52 78
52 77
52 76
52 75
52 75
52 74
52 73
51 72
51 71
51 70
51 69
51 69
51 68
51 67
50 66
50 65
50 64
50 63
50 63
50 62
50 61
50 60
50 59
50 58
50 58
50 57
49 56
49 55
49 54
49 54
49 53
49 52
49 51
49 51
50 50
50 49
50 49
50 48
50 48
51 47
51 47
52 46
52 46
53 45
53 45
54 45
54 45
55 46
55 46
55 47
55 47
55 48
55 49
55 49
55 50
54 51
54 52
54 52
53 53
53 54
52 55
52 55
51 56
51 57
51 57
50 58
50 59
50 59
49 60
49 61
49 61
49 61
49 61
50 60
50 60
51 59
52 59
52 59
53 58
53 57
54 56
54 56
55 55
55 54
56 53
56 53
57 52
58 52
59 51
59 51
60 50
60 50
61 49
62 49
62 49
63 48
63 48
63 47
64 46
64 45
64 44
65 43
65 42
65 41
66 40
66 39
66 38
67 37
67 36
67 35
67 34
68 33
68 32
68 31
69 30
69 29
69 28
70 27
70 26
70 25
71 24
71 23
71 23
71 23
71 23
71 23
71 22
71 22
72 22
72 22
72 22
72 23
72 23
72 23
72 24
72 24
73 25
73 26
73 26
73 27
73 28
73 28
73 29
73 30
73 31
73 31
73 32
73 33
73 34
73 34
73 35
72 36
72 37
72 38
72 38
72 39
72 40
72 41
72 42
72 42
72 43
72 44
72 45
72 46
72 47
72 47
72 48
71 49
71 50
71 50
71 51
70 52
70 53
70 54
70 54
70 55
70 56
69 57
69 58
69 59
69 59
69 60
69 61
69 62
69 62
69 63
68 64
68 65
68 65
67 66
67 67
67 67
67 68
67 69
67 69
67 69
66 69
66 69
66 68
66 67
66 67
66 66
66 65
66 65
66 64
67 63
67 62
67 62
67 61
67 60
67 59
67 58
67 58
67 57
67 56
68 55
68 54
68 53
68 53
68 52
68 51
69 50
69 49
69 48
69 48
69 47
69 46
69 45
69 44
69 43
69 42
69 42
69 41
69 40
70 39
70 38
70 37
70 37
70 36
70 35
70 34
70 33
70 32
70 32
70 31
70 30
71 29
71 28
71 27
71 27
71 26
71 25
71 24
71 23
71 23
71 22
72 21
72 20
72 20
72 19
72 18
72 17
72 17
73 16
73 16
73 15
74 14
74 13
74 13
75 12
75 11
75 11
75 10
75 9
75 9
76 8
76 8
77 7
77 7
78 6
78 6
79 6
79 6
79 5
79 5
80 6
80 6
80 6
80 7
80 7
81 8
81 9
81 9
81 10
81 11
81 11
81 12
81 13
81 14
81 14
81 15
80 16
80 17
80 17
80 18
80 19
80 20
80 20
80 21
80 22
80 23
80 24
80 24
80 25
80 26
80 27
80 28
80 28
80 29
80 30
80 31
80 32
80 32
80 33
80 34
79 35
79 36
79 37
79 37
79 38
79 39
79 40
79 41
79 42
79 43
79 43
79 44
79 45
79 46
79 47
79 48
79 48
79 49
79 50
79 51
79 52
79 53
79 53
79 54
79 55
79 56
79 57
79 58
79 58
79 59
79 60
80 61
80 62
80 63
80 64
80 64
80 65
80 66
80 67
80 68
80 69
80 69
80 70
80 71
80 72
80 73
80 73
80 74
80 75
80 76
80 77
80 78
80 78
80 79
80 80
80 81
80 81
80 82
80 83
80 84
80 85
80 85
80 86
80 87
80 87
80 88
80 89
80 89
80 90
80 90
80 91
80 91
80 90
80 90
80 90
79 89
79 88
79 88
79 87
79 86
79 85
79 85
79 84
79 83
79 82
79 82
79 81
79 80
78 79
78 78
78 77
78 77
78 76
78 75
77 74
77 73
77 72
77 71
77 71
77 70
77 69
77 68
77 67
77 66
77 65
77 65
77 64
77 63
76 62
76 61
76 60
76 59
76 59
76 58
76 57
75 56
75 55
75 54
75 53
75 53
75 52
75 51
74 50
74 49
74 48
74 48
74 47
73 46
73 45
73 44
73 44
72 43
72 42
72 42
72 41
72 40
72 40
71 39
71 39
72 38
72 38
72 37
72 37
73 36
73 36
74 35
74 35
75 35
75 35
76 35
76 35
77 36
77 36
78 36
78 36
78 37
78 37
78 38
77 39
77 40
77 40
77 41
77 42
77 42
76 43
76 44
75 45
75 45
75 46
74 47
74 48
74 48
73 49
72 50
72 50
71 51
71 52
71 52
70 53
70 53
70 54
70 54
70 54
71 53
71 53
72 52
72 51
72 51
73 50
74 49
74 49
75 48
76 47
76 47
77 46
78 45
79 44
79 44
80 43
80 42
80 42
81 41
82 40
82 40
83 39
83 38
83 38
84 37
84 36
84 36
84 35
84 34
84 34
84 33
85 32
85 31
85 31
85 30
85 29
85 28
85 28
85 27
85 26
85 25
85 25
85 24
85 23
85 22
85 22
85 21
85 20
85 19
85 19
85 18
85 18
85 17
85 16
85 16
85 16
85 16
86 16
86 16
86 17
86 17
87 18
87 18
87 19
87 20
87 20
87 21
87 22
87 23
87 23
87 24
87 25
87 26
87 26
87 27
88 28
88 29
88 30
88 30
88 31
88 32
88 33
88 34
88 34
88 35
88 36
88 37
88 38
88 39
88 39
88 40
88 41
87 42
87 43
87 44
87 44
87 45
87 46
87 47
87 48
87 49
87 49
87 50
87 51
86 52
86 53
86 54
86 54
86 55
86 56
85 57
85 58
85 59
85 60
85 60
85 61
85 62
84 63
84 64
84 65
84 65
84 66
84 67
84 68
84 69
84 70
84 70
84 71
83 72
83 73
83 73
82 74
82 75
82 75
81 76
81 76
81 75
81 75
81 74
81 73
81 73
81 72
81 71
81 70
81 70
81 69
81 68
81 67
81 67
81 66
81 65
82 64
82 63
82 62
82 62
82 61
82 60
82 59
82 58
83 57
83 56
83 55
83 54
83 53
83 52
83 51
83 50
84 49
84 48
84 47
84 46
84 45
84 44
84 43
84 42
85 41
85 40
85 39
85 38
85 37
85 36
85 35
85 34
86 33
86 32
86 31
86 30
86 29
86 29
86 28
86 27
86 26
87 25
87 24
87 23
87 22
87 21
87 21
87 20
88 19
88 18
88 18
88 17
88 16
88 16
89 15
89 14
89 14
90 13
90 12
90 12
90 11
90 10
90 10
91 9
91 8
91 8
92 7
92 7
93 6
93 5
93 5
94 4
94 4
95 3
95 3
96 2
96 2
96 2
96 2
97 2
97 2
97 2
97 3
97 3
97 4
97 4
97 5
97 6
97 6
97 7
97 8
97 8
97 9
96 10
96 11
96 11
96 12
96 13
96 14
96 15
96 15
96 16
96 17
96 18
96 19
96 19
96 20
95 21
95 22
95 23
95 23
95 24
95 25
95 26
95 27
95 28
95 28
95 29
95 30
95 31
95 32
95 33
95 33
95 34
95 35
95 36
95 37
95 38
95 38
95 39
95 40
95 41
96 42
96 43
96 44
96 45
96 45
96 46
96 47
96 48
96 49
96 50
96 50
96 51
96 52
96 53
96 54
96 55
96 56
96 57
96 57
96 58
96 59
96 60
97 61
97 62
97 63
97 64
97 64
97 65
97 66
97 67
97 68
97 69
97 70
97 70
97 71
97 72
97 73
97 74
97 75
97 76
97 76
97 77
97 78
98 79
98 80
98 81
98 82
98 82
98 83
98 84
98 85
98 86
98 87
98 87
98 88
98 89
98 90
98 90
98 91
99 92
99 93
99 94
99 94
99 95
99 96
99 96
99 97
99 98
99 98
98 99
98 99
98 99
98 99
98 99
97 98
97 97
97 97
97 96
97 95
97 94
97 94
97 93
96 92
96 91
96 90
96 90
96 89
96 88
95 87
95 86
95 85
95 84
95 84
95 83
95 82
95 81
94 80
94 79
94 78
94 77
94 77
94 76
94 75
94 74
93 73
93 72
93 71
93 70
93 70
93 69
93 68
93 67
92 66
92 65
92 64
92 63
92 62
92 62
92 61
92 60
92 59
91 58
91 57
91 56
91 55
91 54
91 54
91 53
91 52
91 51
90 50
90 49
90 48
90 47
90 47
90 46
89 45
89 44
88 43
88 42
88 42
88 41
87 40
87 39
87 38
87 38
86 37
86 36
86 36
85 35
85 34
85 34
85 33
85 33
86 32
86 32
87 31
87 31
88 31
88 31
89 30
89 30
90 31
91 31
91 31
92 31
92 31
93 32
93 32
93 33
93 33
93 34
93 35
93 36
93 36
92 37
92 38
92 38
92 39
91 40
91 41
91 41
91 42
90 43
90 44
90 44
89 45
89 46
88 47
88 47
87 48
87 49
87 49
86 50
86 50
86 50
86 50
87 50
87 50
88 49
89 49
89 49
90 48
91 48
91 48
92 47
93 46
93 46
94 45
95 45
95 45
96 45
96 45
97 45
