3 21
2 22
1 22
1 22
0 23
0 23
0 23
0 24
0 24
0 24
0 24
0 24
1 24
1 24
2 23
2 23
3 22
3 22
4 21
5 21
6 20
6 20
7 19
8 18
8 18
9 17
10 17
11 16
11 16
12 15
13 14
13 14
14 14
15 13
16 13
16 13
17 12
18 11
18 11
19 10
19 10
20 9
21 9
21 9
22 8
22 8
23 7
23 7
24 6
24 5
24 5
24 5
24 5
24 4
24 4
23 5
23 5
22 5
21 5
20 5
19 5
18 5
17 5
16 5
15 5
14 5
13 5
12 5
12 5
11 6
11 6
11 6
11 6
10 7
10 7
10 7
10 8
10 9
10 9
10 10
10 10
10 11
10 12
10 13
10 13
10 14
10 15
10 15
10 16
10 17
10 18
10 18
10 19
10 20
10 21
10 21
10 22
10 23
10 24
10 24
10 25
10 26
10 26
10 27
10 28
10 28
10 29
10 30
10 30
10 31
10 31
10 32
10 32
10 32
11 31
11 31
11 30
11 29
11 29
11 28
11 27
11 26
11 26
11 25
11 24
11 23
11 22
11 22
11 21
11 20
12 19
12 18
12 17
12 17
12 16
13 15
13 14
13 13
13 13
13 12
13 11
13 10
13 10
13 9
14 8
14 7
14 7
15 6
15 6
15 5
15 4
15 4
16 4
16 4
16 4
16 4
16 4
16 5
16 6
16 6
16 7
16 8
16 8
16 9
16 10
16 10
16 11
16 12
16 13
16 13
16 14
15 15
15 16
15 16
15 17
15 18
15 19
15 19
15 20
15 21
15 21
14 22
14 23
14 23
14 24
14 25
14 25
14 26
14 26
13 27
13 28
12 29
11 30
11 31
10 32
10 33
9 34
8 35
8 36
7 37
7 37
6 38
6 39
6 39
6 39
5 40
5 40
4 41
4 41
4 41
3 42
3 42
3 42
2 43
2 43
2 43
2 43
2 43
3 43
3 43
3 43
3 42
3 42
4 41
4 41
5 41
5 41
6 40
6 40
7 39
7 39
8 38
8 38
9 37
9 36
9 36
10 35
11 35
11 35
12 34
13 34
13 34
14 33
14 33
15 32
16 32
16 32
17 31
17 31
18 32
18 32
19 32
19 32
20 33
20 34
20 34
20 35
20 36
20 36
21 37
21 38
21 38
21 39
21 40
21 41
21 42
21 42
21 43
20 44
20 45
20 45
20 46
20 47
20 48
20 49
20 50
20 50
20 51
19 52
19 53
19 54
19 54
19 55
18 56
18 57
18 58
18 58
18 59
17 60
17 61
17 62
17 62
17 63
16 64
16 65
16 65
15 66
15 67
14 68
14 68
14 69
13 70
13 71
13 71
12 72
12 73
12 73
11 74
11 74
10 75
10 75
9 74
9 74
8 73
8 73
8 72
8 71
8 71
8 70
8 69
8 68
8 68
8 67
8 66
8 65
8 65
8 64
8 63
8 62
8 61
8 60
8 60
8 59
8 58
9 57
9 56
9 55
9 55
9 54
9 53
9 52
9 51
9 50
9 50
9 49
10 48
10 47
10 46
10 46
10 45
10 44
11 43
11 42
11 41
11 41
11 40
12 39
12 38
12 38
12 37
13 36
13 35
13 34
13 34
13 33
13 32
13 31
13 31
13 30
14 29
14 28
14 27
14 27
14 26
15 25
15 24
15 24
16 23
16 23
16 22
16 22
16 22
16 22
16 23
16 23
16 24
16 24
16 25
16 26
16 26
16 27
16 28
16 29
16 29
16 30
16 31
16 32
16 32
16 33
16 34
16 35
16 36
16 36
16 37
16 38
16 39
16 40
16 40
16 41
15 42
15 43
15 44
15 44
15 45
14 46
14 47
14 48
14 48
14 49
13 50
13 51
13 52
13 52
13 53
13 54
12 55
12 56
12 57
12 57
12 58
11 59
11 60
11 60
10 61
10 62
9 63
9 63
9 64
8 65
8 66
8 67
8 67
7 68
6 69
6 69
5 70
5 70
4 70
4 70
3 69
3 69
2 68
2 67
2 67
2 66
1 65
1 64
1 63
1 63
1 62
1 61
1 60
1 60
1 59
1 58
1 57
1 57
1 56
1 56
1 55
1 54
1 54
1 54
1 53
1 53
1 53
1 53
1 53
2 54
2 54
2 55
2 55
3 56
3 56
4 57
4 57
5 58
5 58
6 59
6 59
7 59
7 59
8 59
8 59
9 58
10 58
10 58
11 58
11 58
12 57
12 57
13 56
14 56
14 56
15 55
15 55
16 54
16 53
16 53
17 52
18 51
18 51
19 50
19 49
19 49
20 48
20 47
20 47
21 46
21 45
21 45
22 44
22 43
22 43
23 43
23 43
24 42
24 42
24 43
24 43
25 43
25 43
26 44
26 44
26 45
26 46
26 46
27 47
27 47
27 48
27 49
27 49
27 50
27 51
27 51
28 52
28 52
28 53
28 53
28 54
28 54
28 55
28 55
28 55
29 54
29 54
29 53
29 53
29 52
29 51
29 50
29 50
29 49
30 48
30 47
30 46
31 45
31 44
32 43
32 42
32 41
33 40
33 39
33 38
34 37
34 36
34 35
35 34
35 33
35 32
36 31
36 30
37 29
37 28
37 27
38 26
38 25
38 24
39 23
39 22
39 21
40 20
40 19
41 18
41 17
41 16
42 15
42 14
42 13
43 12
43 11
43 10
44 9
44 8
44 7
45 6
45 5
46 4
46 3
46 2
47 1
47 0
47 0
47 1
47 2
47 2
47 2
47 1
47 1
47 1
47 1
47 1
47 1
47 1
47 1
47 1
47 2
47 2
47 2
47 2
47 2
47 3
47 3
47 3
47 4
47 4
47 5
47 5
47 6
47 7
47 7
47 8
47 9
47 9
46 10
46 11
46 11
46 12
46 13
46 14
46 14
46 15
46 16
46 17
46 17
46 18
45 19
45 20
45 20
45 21
45 22
45 23
45 23
45 24
44 25
44 26
44 27
44 27
44 28
44 29
44 30
44 30
44 31
43 32
43 33
43 33
43 34
42 35
42 36
42 36
41 37
41 38
40 39
40 39
40 40
39 41
39 42
39 42
38 43
37 44
37 44
36 45
36 46
36 46
35 47
34 48
34 48
33 49
32 50
32 50
31 50
31 50
30 50
30 50
29 49
29 49
28 48
28 48
28 47
28 47
28 46
28 46
29 45
29 44
29 44
29 43
29 43
30 42
30 41
30 41
31 40
32 39
32 39
33 38
33 37
33 37
34 36
35 35
36 34
36 34
37 33
37 32
38 31
38 31
39 30
40 29
41 28
41 28
42 27
43 26
44 25
44 25
45 24
46 23
47 22
47 22
48 21
49 20
49 20
50 19
51 18
51 18
52 17
53 17
53 17
54 16
54 16
55 15
55 15
55 15
56 15
56 15
55 15
55 15
55 15
55 15
54 16
54 16
53 17
53 17
52 18
52 19
52 19
52 20
52 20
51 21
51 21
51 22
51 22
50 23
50 24
50 24
50 25
49 26
49 27
49 27
49 28
48 29
48 30
48 30
48 31
48 32
48 33
48 33
48 34
47 35
47 36
47 37
47 37
47 38
46 39
46 40
46 40
46 41
46 42
46 43
46 44
46 44
46 45
46 46
45 47
45 48
45 49
45 49
45 50
45 51
45 52
45 53
45 53
45 54
45 55
45 56
45 57
45 58
45 58
45 59
44 60
44 61
44 62
44 62
44 63
44 64
44 65
44 66
44 67
44 67
44 68
44 69
44 70
44 71
44 71
44 72
44 73
44 74
44 75
44 75
44 76
44 77
44 78
44 78
44 79
44 80
44 80
44 81
44 82
44 82
45 83
45 84
45 84
45 85
45 85
45 85
45 85
45 85
45 84
45 84
45 83
45 83
45 82
45 81
45 81
45 80
45 80
45 79
45 78
45 77
45 77
45 76
45 75
45 75
45 74
45 73
45 72
45 72
45 71
45 70
45 69
45 68
45 68
45 67
45 66
45 65
45 64
45 64
45 63
45 62
45 61
45 60
45 60
45 59
45 58
45 57
45 56
45 56
45 55
46 54
46 53
46 52
46 52
46 51
46 50
46 49
46 48
46 48
46 47
46 46
46 45
46 45
46 44
47 43
47 42
47 42
47 41
48 40
48 39
48 39
48 38
48 37
48 37
48 36
49 35
49 34
49 34
49 33
49 32
49 32
50 31
50 31
51 30
51 30
51 29
51 29
52 28
52 28
53 27
53 27
53 27
54 26
54 26
55 26
55 26
56 26
56 26
56 27
56 27
56 28
56 28
57 29
57 30
57 30
57 31
57 32
57 32
57 33
57 34
57 35
57 35
57 36
57 37
57 38
57 38
57 39
58 40
58 41
58 41
58 42
58 43
58 44
58 45
58 45
58 46
58 47
58 48
58 49
58 50
58 50
58 51
58 52
58 53
58 54
58 55
58 56
58 56
58 57
58 58
58 59
58 60
58 61
58 61
58 62
58 63
58 64
58 65
58 66
58 66
58 67
58 68
58 69
58 70
58 70
58 71
58 72
58 73
58 74
58 74
58 75
58 76
58 77
58 77
58 78
58 79
58 80
58 80
58 81
58 82
58 82
57 83
57 83
57 84
57 84
57 84
57 84
56 83
56 83
56 82
56 81
56 80
56 80
56 79
55 78
55 77
55 77
55 76
55 75
55 74
55 74
55 73
54 72
54 71
54 71
54 70
53 69
53 68
53 67
53 67
53 66
52 65
52 64
52 64
52 63
52 62
52 61
52 61
52 60
51 59
51 58
51 58
50 57
50 56
50 56
50 55
50 54
50 53
50 53
49 52
49 51
49 51
49 50
49 50
48 49
48 49
48 48
48 48
48 47
48 47
48 47
48 46
48 46
49 45
49 45
49 45
50 44
50 44
50 44
51 43
51 43
52 42
52 42
53 41
54 41
54 41
55 40
55 40
56 40
56 40
57 40
57 40
57 41
57 41
57 42
57 42
57 43
57 43
57 44
57 45
57 45
56 46
56 47
56 47
55 48
55 49
54 50
54 50
54 51
53 52
53 53
53 53
52 54
52 55
51 56
51 56
50 57
50 58
50 58
49 59
49 59
48 60
48 60
48 61
48 61
49 60
49 60
50 59
50 59
51 58
51 57
51 57
52 56
53 55
53 55
54 54
55 53
56 52
56 52
57 51
57 50
58 49
58 49
59 48
59 47
60 46
60 45
61 44
62 43
62 42
63 41
63 40
64 39
65 38
65 37
66 36
66 35
67 34
68 33
68 32
69 31
69 30
70 29
71 28
71 27
72 26
72 25
73 24
73 24
72 23
72 23
72 23
72 23
72 23
72 23
72 24
72 24
72 24
72 25
72 25
72 26
72 27
72 27
72 28
72 28
72 29
73 30
73 31
73 31
73 32
73 33
73 33
73 34
73 35
73 36
73 36
73 37
73 38
73 39
73 39
73 40
73 41
73 42
73 43
73 43
73 44
72 45
72 46
72 47
72 47
72 48
72 49
72 50
72 51
72 51
72 52
71 53
71 54
71 55
71 55
71 56
70 57
70 58
70 59
70 59
69 60
69 61
68 62
68 62
68 63
67 64
67 65
67 65
67 66
66 67
66 68
66 68
66 69
66 70
66 70
65 71
65 71
64 71
64 71
64 70
64 70
64 69
64 69
64 68
64 67
64 66
64 66
64 65
65 64
65 63
65 62
65 62
65 61
65 60
65 59
66 58
66 57
66 56
66 55
66 54
66 53
66 52
67 51
67 50
67 49
67 48
67 47
67 46
67 45
68 44
68 43
68 42
68 41
68 40
68 39
68 38
69 37
69 36
69 35
69 34
69 34
69 33
69 32
70 31
70 30
70 29
70 29
70 28
70 27
70 27
70 26
70 25
70 25
70 24
70 24
71 23
71 22
71 22
72 21
72 20
72 20
72 19
73 18
73 17
73 17
73 16
73 16
74 15
74 14
74 14
75 13
75 13
76 13
76 13
76 12
76 12
77 12
77 12
77 13
77 13
78 13
78 13
78 14
78 14
79 15
79 15
79 16
79 17
79 17
79 18
79 19
79 20
79 20
79 21
79 22
79 22
79 23
78 24
78 25
78 26
78 26
78 27
78 28
78 29
78 30
78 30
78 31
78 32
78 33
78 34
78 34
78 35
78 36
78 37
78 38
78 38
78 39
78 40
78 41
78 42
78 43
78 43
78 44
78 45
78 46
78 47
78 48
78 48
78 49
78 50
78 51
78 52
78 53
78 53
78 54
78 55
78 56
78 57
78 58
78 58
78 59
78 60
78 61
78 62
78 62
78 63
78 64
78 65
78 65
78 66
78 67
78 68
78 68
78 69
78 70
78 70
77 71
77 71
77 71
77 71
77 70
77 70
76 69
76 68
76 68
76 67
76 67
75 66
75 65
75 65
74 64
74 63
74 63
73 62
73 61
73 61
72 60
72 59
72 59
71 58
71 57
71 57
71 56
71 55
71 55
71 54
70 53
70 52
70 52
70 51
69 50
69 49
69 49
69 48
69 48
69 47
69 46
69 46
69 45
69 45
69 44
69 44
70 43
70 43
71 42
71 41
71 41
72 40
72 40
73 39
74 39
74 39
75 38
75 38
76 37
77 36
77 36
78 35
78 35
79 35
79 35
80 34
80 34
81 34
81 34
81 35
81 35
81 36
81 36
80 37
80 38
80 38
79 39
79 40
79 40
79 41
78 42
78 43
78 43
77 44
77 45
76 46
76 47
76 47
76 48
75 49
75 50
75 50
74 51
74 52
73 53
73 53
72 54
72 55
72 55
72 56
72 56
71 57
71 57
71 57
72 56
72 56
72 56
73 55
73 54
73 54
74 53
75 52
75 52
76 51
77 50
77 50
77 49
78 48
78 47
78 47
79 46
80 45
80 45
80 44
81 43
81 42
81 41
81 40
82 39
82 38
82 37
83 36
83 35
83 34
84 33
84 32
84 31
84 30
85 29
85 28
85 27
86 26
86 25
86 24
87 23
87 22
87 21
87 20
88 19
88 18
88 18
88 18
87 18
87 18
87 18
87 19
87 19
87 19
87 20
87 20
87 21
87 21
87 22
87 22
87 23
87 24
87 24
87 25
87 26
87 26
87 27
87 28
87 29
87 29
87 30
87 31
87 32
87 32
87 33
86 34
86 35
86 36
86 36
86 37
86 38
86 39
86 40
86 40
86 41
86 42
86 43
86 44
86 44
86 45
86 46
85 47
85 48
85 49
85 49
85 50
85 51
84 52
84 53
84 54
84 54
84 55
84 56
84 57
84 58
84 58
84 59
84 60
83 61
83 62
83 63
83 63
83 64
83 65
83 66
83 67
83 67
83 68
82 69
82 70
82 71
82 71
82 72
81 73
81 74
81 74
81 75
80 76
80 77
80 77
80 78
80 79
80 80
80 80
79 81
79 82
79 82
78 83
78 83
77 83
77 83
77 82
77 82
76 81
76 81
76 80
75 79
75 78
75 78
75 77
75 76
75 75
75 74
75 74
75 73
75 72
75 71
75 70
75 70
75 69
75 68
75 67
75 66
75 65
75 65
75 64
75 63
75 62
75 61
75 60
75 59
76 58
76 57
76 56
76 55
76 54
76 53
76 52
76 51
76 50
76 49
76 48
76 47
77 46
77 45
77 44
77 43
77 42
77 41
77 40
77 39
77 38
77 37
77 36
77 35
78 34
78 33
78 32
78 31
78 30
78 29
78 28
78 28
78 27
79 26
79 25
79 24
80 23
80 22
80 22
81 21
81 20
81 20
82 19
82 18
82 18
83 17
83 16
83 16
84 15
84 14
84 14
84 13
84 12
84 12
85 11
86 11
86 11
87 10
87 10
88 9
88 8
88 8
89 7
90 7
90 7
91 6
91 6
92 5
93 5
93 5
94 4
94 4
95 4
95 4
96 4
96 4
97 5
97 5
97 6
97 6
98 7
98 7
98 8
98 8
98 9
98 10
98 10
99 11
99 12
99 12
99 13
98 14
98 15
98 15
98 16
98 17
98 17
98 18
98 19
98 20
98 20
98 21
98 22
98 23
98 23
98 24
98 25
98 26
98 26
98 27
97 28
97 29
97 30
97 30
97 31
97 32
97 33
97 34
97 34
97 35
97 36
97 37
97 38
97 38
97 39
97 40
97 41
97 42
97 42
97 43
96 44
96 45
96 46
96 46
96 47
96 48
96 49
96 50
96 50
96 51
96 52
96 53
96 54
96 54
96 55
96 56
95 57
95 58
95 59
95 59
95 60
95 61
95 62
95 63
95 63
95 64
95 65
95 66
95 67
95 67
95 68
95 69
95 70
95 71
95 71
95 72
95 73
95 74
95 75
95 75
95 76
95 77
95 78
95 79
95 79
95 80
95 81
95 81
95 82
96 83
96 84
96 84
96 85
96 86
96 86
96 87
96 88
96 88
96 89
96 90
96 90
96 91
96 92
96 92
95 93
95 94
95 94
95 95
95 96
95 96
95 97
95 98
95 98
95 99
95 99
94 99
94 99
94 99
94 98
94 98
94 97
94 97
94 96
93 95
93 94
93 93
93 93
93 92
93 91
93 90
93 90
93 89
93 88
92 87
92 86
92 85
92 85
92 84
92 83
92 82
92 81
92 80
92 80
92 79
92 78
91 77
91 76
91 75
91 75
91 74
91 73
91 72
91 71
91 70
91 70
91 69
91 68
90 67
90 66
90 65
90 65
90 64
90 63
90 62
89 61
89 60
89 59
89 58
89 57
89 56
89 55
88 54
88 53
88 52
88 51
88 50
88 49
88 48
87 47
87 46
87 45
87 44
87 44
87 43
87 42
87 41
87 41
87 40
87 40
87 39
87 39
87 38
87 38
88 38
88 38
88 37
88 37
88 36
88 36
89 36
89 36
89 36
90 35
90 35
91 35
91 35
92 35
92 35
93 34
93 34
94 33
94 33
95 33
95 33
96 33
96 33
97 34
97 34
97 35
97 35
96 36
96 36
96 37
96 38
96 38
95 39
95 40
94 41
94 41
93 42
93 43
93 43
92 44
92 45
91 46
91 46
90 47
90 48
89 49
89 49
88 50
87 51
87 51
86 52
86 53
86 53
86 54
86 54
86 55
86 55
86 55
87 55
87 55
88 54
89 54
89 54
90 54
91 53
92 53
92 53
93 52
94 52
95 51
