2 38
2 39
2 39
1 38
1 38
0 37
0 37
0 37
0 37
1 37
1 37
2 36
2 36
3 35
4 35
4 35
5 34
6 34
6 34
7 33
8 33
9 32
9 32
10 31
11 31
11 31
12 31
13 30
14 30
14 30
15 29
16 29
17 28
17 28
18 27
19 26
19 26
20 26
21 25
22 25
22 25
23 24
24 23
24 23
25 22
26 22
26 22
27 22
27 22
28 21
29 21
29 21
29 20
29 20
29 20
29 20
28 20
28 20
27 20
26 20
25 19
24 19
23 19
22 19
21 19
20 18
19 18
18 18
18 18
17 18
16 18
15 17
14 17
13 17
13 17
12 16
11 16
11 16
10 15
10 14
10 14
10 14
9 14
9 14
9 15
9 15
9 16
9 17
9 17
9 18
10 19
10 20
10 20
10 21
11 22
11 23
11 24
11 24
11 25
12 26
12 27
12 27
12 28
13 29
13 30
13 30
14 31
14 31
15 32
16 32
16 32
17 32
17 32
18 32
19 32
19 32
20 31
21 30
21 30
22 29
23 29
23 29
23 28
24 27
24 26
24 26
24 25
25 24
25 23
25 23
26 22
26 21
27 20
27 20
27 19
28 18
28 17
28 16
28 16
29 15
29 14
29 14
30 13
30 12
30 12
31 11
31 10
31 10
31 10
32 11
32 11
32 11
32 12
32 13
32 13
32 14
31 15
31 16
31 16
31 17
30 18
30 19
30 20
30 20
30 21
29 22
29 23
29 23
28 24
28 25
27 26
27 27
27 27
26 28
26 29
25 30
25 31
25 31
24 32
23 33
22 34
22 34
21 35
20 36
20 37
19 38
19 38
18 39
17 40
17 41
16 42
16 42
15 43
14 44
14 45
13 46
13 46
12 47
11 48
10 49
10 49
9 50
9 51
8 52
8 52
7 53
7 54
6 55
6 55
5 56
5 57
5 57
5 58
5 59
5 59
4 59
4 59
4 59
4 59
5 59
5 59
5 58
5 58
6 58
6 58
7 57
7 56
7 56
8 55
8 55
9 54
10 53
10 53
11 52
12 51
13 50
13 50
14 49
15 48
16 47
16 47
17 46
18 45
19 45
20 44
20 44
21 43
22 42
23 41
23 41
24 40
25 40
26 39
26 39
27 38
28 37
28 37
29 37
30 37
30 37
31 38
32 38
32 38
33 39
33 40
33 40
33 41
34 42
34 43
34 44
34 44
34 45
34 46
35 47
35 48
35 49
35 49
35 50
35 51
36 52
36 53
36 54
36 55
36 55
36 56
36 57
36 58
36 59
36 59
36 60
36 61
36 62
36 63
36 63
36 64
36 65
36 66
36 67
36 67
36 68
36 69
36 70
36 71
36 71
36 72
35 73
35 74
35 74
35 75
35 76
35 76
34 77
34 78
34 78
33 79
33 80
33 80
33 80
32 81
32 81
31 80
31 80
30 79
30 79
30 78
30 77
30 76
29 75
29 74
29 73
29 72
29 71
29 70
29 69
29 68
28 67
28 66
28 65
28 64
28 63
28 62
28 61
28 60
27 59
27 58
27 57
27 56
27 55
27 54
27 53
27 52
26 51
26 50
26 49
26 48
26 48
26 47
26 46
26 45
26 44
26 43
25 42
25 41
25 40
25 39
25 38
25 37
25 37
25 36
25 35
25 34
25 34
25 33
25 32
25 31
25 31
24 30
24 29
24 29
24 29
24 29
24 30
24 31
24 32
24 32
24 33
24 34
24 35
24 36
24 36
24 37
24 38
23 39
23 40
23 41
23 42
23 42
23 43
23 44
23 45
23 46
23 47
23 48
23 49
23 49
23 50
23 51
23 52
23 53
23 54
23 55
23 56
23 57
23 57
23 58
23 59
22 60
22 61
22 62
22 63
22 63
22 64
22 65
22 66
22 67
22 67
22 68
22 69
22 70
22 70
22 71
22 72
22 72
21 73
21 73
21 73
20 73
20 73
19 73
19 73
18 72
17 72
17 72
16 71
15 70
15 70
14 69
13 69
13 69
12 69
11 69
10 69
10 69
9 69
8 69
8 69
7 69
6 70
5 70
5 70
4 71
3 72
3 72
2 73
1 73
1 73
0 74
0 75
0 75
0 76
0 76
0 76
0 76
1 75
2 75
2 75
3 74
4 73
4 73
5 72
6 71
7 70
7 70
8 69
9 68
10 68
11 67
11 67
12 66
13 65
14 64
15 63
16 62
16 62
17 61
18 61
19 60
20 60
21 59
21 59
22 58
23 57
24 57
25 56
26 55
26 55
27 54
28 54
29 53
30 53
31 52
31 52
32 52
33 51
34 51
35 50
36 50
36 50
37 49
38 49
39 48
39 48
40 48
41 48
42 48
42 48
43 48
44 48
44 48
45 48
46 48
46 48
46 48
47 49
47 49
47 49
47 49
47 48
48 47
48 46
48 45
48 44
49 43
49 42
49 41
50 40
50 39
50 38
50 37
51 36
51 35
51 34
51 33
52 32
52 31
52 30
53 29
53 28
53 27
53 26
54 25
54 24
54 23
55 22
55 21
55 20
55 19
56 18
56 17
56 16
56 15
57 14
57 13
57 12
58 11
58 10
58 9
58 8
59 7
59 6
59 6
60 5
60 4
60 4
60 3
61 2
61 1
61 1
61 0
61 0
62 1
62 1
62 1
62 2
62 2
62 3
62 4
62 4
62 5
61 6
61 7
61 7
61 8
60 9
60 10
60 11
60 11
60 12
59 13
59 14
59 15
58 16
58 17
58 17
58 18
57 19
57 20
56 21
56 22
56 22
56 23
55 24
55 25
54 26
54 27
54 27
53 28
53 29
52 30
52 31
52 31
51 32
51 33
50 34
50 35
50 35
49 36
48 37
48 38
47 39
47 39
46 40
46 41
45 42
45 42
44 43
43 44
42 45
42 45
41 46
40 46
39 47
39 47
38 48
37 49
37 49
36 49
36 49
35 48
35 48
35 47
35 47
36 46
36 45
36 45
36 44
37 43
37 42
37 42
38 41
38 40
39 39
39 38
39 38
40 37
41 36
42 35
42 35
43 34
44 33
45 32
45 32
46 31
47 30
47 29
48 28
48 28
49 27
50 26
51 25
51 25
52 24
53 23
54 22
54 22
55 21
56 21
57 20
57 20
58 19
59 19
60 18
60 18
61 17
62 17
63 16
63 16
64 16
65 15
66 15
66 15
67 14
68 14
68 14
69 14
69 14
70 14
70 14
70 14
70 14
70 15
70 15
69 15
69 15
68 16
68 16
67 17
66 17
66 17
65 18
65 19
65 19
64 20
63 20
63 20
62 21
62 22
62 22
61 23
60 24
59 25
59 25
59 26
58 27
58 28
58 29
58 29
57 30
57 31
56 32
56 33
56 33
56 34
56 35
55 36
55 37
55 38
55 39
55 39
55 40
55 41
54 42
54 43
54 44
54 45
54 45
54 46
54 47
54 48
54 49
54 50
54 51
54 51
54 52
54 53
54 54
54 55
54 56
54 56
54 57
54 58
54 59
54 60
54 61
54 61
54 62
53 63
53 64
53 65
53 65
53 66
53 67
53 68
53 69
53 69
53 70
53 71
53 72
53 72
53 73
54 74
54 75
54 75
54 76
54 77
54 77
54 78
54 78
54 79
54 79
55 79
55 79
55 79
55 79
55 78
55 78
55 77
55 76
55 76
55 75
55 74
55 73
55 73
55 72
55 71
55 70
55 70
55 69
55 68
55 67
55 66
55 65
55 65
55 64
55 63
55 62
55 61
55 60
56 59
56 58
56 57
56 56
56 55
56 54
56 53
56 52
56 51
56 50
57 49
57 48
57 47
57 46
57 45
57 44
57 44
57 43
57 42
58 41
58 40
58 39
58 38
58 38
59 37
59 36
59 36
60 35
60 34
60 34
61 33
61 32
61 32
62 32
63 32
63 32
64 32
64 32
65 33
65 34
65 34
65 35
65 36
65 37
65 37
65 38
65 39
65 40
65 41
65 42
65 42
65 43
65 44
65 45
65 46
65 47
65 48
65 49
65 49
65 50
65 51
65 52
65 53
65 54
65 55
65 55
65 56
65 57
65 58
65 59
65 60
65 60
65 61
65 62
65 63
65 63
65 64
65 65
65 66
65 66
65 67
65 68
65 68
65 69
65 70
65 70
64 70
64 70
63 71
63 71
62 71
62 71
61 71
61 71
60 70
59 70
59 70
58 69
58 69
57 68
57 67
57 67
57 66
56 65
56 64
56 64
56 63
56 62
56 61
56 61
56 60
56 59
56 58
56 57
56 56
56 56
56 55
57 54
57 53
57 52
57 52
57 51
58 50
58 49
58 49
58 48
58 47
58 46
58 46
59 45
60 44
60 44
61 43
61 42
61 42
62 41
62 41
63 41
63 41
63 41
64 41
64 41
64 42
64 43
64 43
64 44
64 45
64 45
63 46
63 47
63 47
63 48
63 49
63 50
63 50
62 51
61 52
61 52
61 53
60 54
60 55
60 55
60 56
60 56
59 57
59 57
59 57
60 57
60 57
60 57
61 56
61 56
62 55
63 54
63 54
64 53
64 52
64 52
64 51
65 50
65 49
66 48
66 47
67 46
67 45
68 44
68 43
69 42
69 41
70 40
70 39
71 38
71 37
72 36
72 35
73 34
73 33
74 32
74 31
74 31
75 30
75 29
75 29
75 28
75 28
75 27
75 26
75 26
76 26
76 26
76 25
76 25
76 25
75 25
75 25
75 25
75 26
75 26
75 27
74 28
74 29
74 29
74 30
73 31
73 32
73 32
73 33
73 34
73 35
73 36
73 37
73 38
73 38
73 39
73 40
72 41
72 42
72 43
72 44
72 44
72 45
72 46
72 47
72 48
72 49
72 50
72 50
72 51
72 52
72 53
72 54
72 54
72 55
72 56
72 57
72 58
72 58
72 59
71 60
71 61
71 61
71 62
71 63
71 63
71 64
71 65
71 65
71 66
71 66
71 67
71 67
71 67
71 66
71 66
71 65
71 64
71 64
71 63
71 62
71 61
71 61
71 60
72 59
72 58
72 58
72 57
72 56
73 55
73 54
73 53
73 53
73 52
73 51
73 50
73 49
73 48
73 48
73 47
73 46
74 45
74 44
74 43
74 42
74 42
74 41
74 40
74 39
74 38
74 37
74 37
74 36
74 35
74 34
74 33
74 33
74 32
75 31
75 30
75 29
75 29
75 28
76 27
76 26
76 25
76 25
76 24
77 23
77 22
77 22
78 21
78 20
79 19
79 19
80 18
80 17
80 17
81 16
81 16
82 16
82 16
82 17
82 18
82 18
82 19
82 20
82 21
82 22
82 23
82 23
82 24
82 25
82 26
82 27
82 28
82 29
82 30
82 30
82 31
82 32
82 33
82 34
82 35
82 36
82 37
82 38
82 38
82 39
82 40
82 41
82 42
81 43
81 44
81 45
81 46
81 47
81 47
81 48
81 49
81 50
81 51
81 52
81 53
81 54
81 54
81 55
81 56
81 57
81 58
81 59
81 59
81 60
81 61
81 62
81 63
81 63
81 64
81 65
81 66
81 66
80 67
80 68
80 68
80 69
80 70
80 70
79 71
79 71
78 71
78 71
77 70
77 70
77 69
77 68
77 67
77 67
77 66
77 65
77 64
77 64
77 63
77 62
77 61
77 60
77 59
77 59
77 58
77 57
77 56
77 55
77 55
77 54
77 53
78 52
78 51
78 50
78 49
78 49
78 48
78 47
78 46
78 45
78 45
78 44
78 43
78 42
78 41
78 41
78 40
78 39
78 38
78 38
78 37
79 36
79 35
79 35
79 34
79 33
79 33
80 32
80 32
81 31
81 31
82 32
82 32
82 32
82 33
82 34
82 35
82 35
82 36
81 37
81 38
81 38
81 39
80 40
80 41
80 42
80 42
80 43
79 44
79 45
79 45
78 46
78 47
78 47
77 48
77 48
77 49
77 49
77 49
77 49
78 48
78 48
79 47
79 46
79 46
80 45
80 44
80 44
81 43
81 42
82 41
82 41
83 40
83 39
84 38
84 37
84 37
85 36
85 35
86 34
86 33
86 33
87 32
87 31
88 30
88 29
88 29
89 28
89 27
90 26
90 25
90 25
91 24
91 23
92 22
92 21
92 21
92 20
93 19
93 18
93 18
94 17
95 16
95 16
96 15
96 14
96 14
96 13
96 13
96 13
96 13
96 13
96 14
96 15
96 15
96 16
95 17
95 18
95 18
95 19
95 20
94 21
94 22
94 23
94 23
94 24
93 25
93 26
93 27
93 28
92 29
92 30
92 31
92 31
92 32
92 33
92 34
91 35
91 36
91 37
91 38
91 39
91 39
91 40
91 41
91 42
90 43
90 44
90 45
90 46
90 47
90 47
90 48
90 49
89 50
89 51
89 52
89 52
89 53
89 54
88 55
88 56
88 57
88 57
88 58
88 59
88 60
88 61
88 61
88 62
88 63
88 63
87 64
87 64
87 65
87 65
87 66
87 66
87 66
87 65
87 65
87 64
87 63
87 63
87 62
87 61
87 60
87 60
87 59
88 58
88 57
88 56
88 56
88 55
88 54
88 53
88 52
88 52
88 51
88 50
89 49
89 48
89 47
89 46
89 46
89 45
89 44
90 43
90 42
90 41
90 41
90 40
90 39
91 38
91 37
91 36
91 36
91 35
91 34
92 33
92 32
92 31
92 31
92 30
92 29
93 28
93 27
93 26
93 26
93 25
93 24
93 23
93 23
93 22
94 21
94 20
94 20
95 19
95 18
95 18
95 17
95 16
95 16
96 15
96 15
97 14
97 14
97 14
98 15
98 15
98 16
98 17
98 17
98 18
98 19
98 20
98 21
98 22
98 22
98 23
98 24
98 25
97 26
97 27
97 28
97 29
97 29
97 30
97 31
97 32
97 33
96 34
96 35
96 36
96 37
96 38
96 39
96 39
96 40
96 41
96 42
96 43
96 44
96 45
96 46
96 47
96 48
96 48
96 49
96 50
96 51
96 52
96 53
96 54
96 55
96 56
96 57
96 58
96 58
96 59
96 60
96 61
96 62
96 63
96 64
96 65
96 65
96 66
96 67
96 68
96 69
96 70
96 71
96 72
96 72
96 73
96 74
96 75
96 76
96 77
96 78
96 79
96 79
96 80
96 81
95 82
95 83
95 84
95 84
95 85
95 86
95 87
95 88
95 88
95 89
95 90
94 91
94 92
94 93
94 93
93 94
93 95
93 95
92 96
92 97
92 97
91 98
91 99
91 99
90 99
90 99
89 99
89 99
88 98
88 98
88 97
88 96
88 95
88 95
88 94
88 93
88 92
88 91
88 90
88 90
88 89
88 88
88 87
88 86
88 85
88 85
88 84
88 83
88 82
88 81
88 80
88 79
88 79
88 78
88 77
88 76
88 75
88 74
88 73
88 73
88 72
88 71
88 70
87 69
87 68
87 67
87 66
87 66
87 65
87 64
86 63
86 62
86 61
86 60
86 60
86 59
86 58
85 57
85 56
85 55
85 54
85 54
85 53
85 52
85 51
85 50
85 49
85 49
85 48
85 47
85 46
85 45
85 45
85 44
85 43
86 42
86 41
86 40
86 40
87 39
87 38
88 37
88 36
88 36
88 35
89 34
89 33
89 33
90 32
91 31
91 31
92 30
93 30
93 30
94 29
94 29
95 30
95 30
96 31
96 31
96 32
96 33
96 34
96 34
96 35
95 36
95 37
95 37
95 38
94 39
94 40
94 41
94 41
94 42
94 43
93 44
93 45
93 46
93 46
92 47
92 48
91 49
91 49
91 50
90 51
90 52
90 52
90 53
90 53
90 54
90 54
90 54
91 54
91 54
92 53
92 53
93 52
94 52
94 52
95 51
96 50
96 50
97 49
98 49
99 48
