0 28
0 29
0 30
0 30
0 30
0 30
0 31
0 31
1 31
1 31
2 31
2 31
3 30
4 30
4 30
5 29
6 29
6 29
7 28
8 27
8 27
9 26
10 26
11 25
11 25
12 24
13 23
14 23
15 22
15 22
16 21
17 21
18 20
18 20
19 19
20 19
21 18
22 18
22 18
23 17
24 16
24 16
25 16
26 15
27 15
27 15
28 14
29 14
29 14
30 14
30 14
30 14
30 14
30 14
29 14
29 14
28 14
28 14
27 13
27 13
26 13
25 13
25 13
24 12
23 12
23 12
22 11
21 11
21 11
20 10
19 10
19 10
18 9
17 9
17 9
16 10
16 10
15 10
15 10
14 11
14 11
14 12
14 13
14 13
14 14
14 15
14 16
14 16
14 17
14 18
14 19
14 19
14 20
14 21
14 22
14 22
14 23
15 24
15 25
15 25
15 26
15 27
15 27
15 28
15 29
15 29
16 30
16 30
16 30
17 29
17 29
18 28
18 28
18 27
19 26
19 25
19 24
19 24
19 23
20 22
20 21
20 20
20 20
20 19
21 18
21 17
22 16
22 15
22 15
22 14
23 13
23 12
24 11
24 10
24 10
24 9
25 8
25 7
26 6
26 5
26 5
26 4
27 3
27 2
27 2
28 1
28 0
28 0
28 0
28 1
28 1
28 2
28 3
28 3
28 4
28 5
28 6
28 6
28 7
28 8
27 9
27 10
27 11
27 11
27 12
27 13
26 14
26 15
26 16
26 16
26 17
25 18
25 19
25 20
25 20
25 21
24 22
24 23
24 23
24 24
24 25
24 26
24 26
23 27
23 28
23 28
23 29
23 29
22 30
22 31
22 31
21 32
20 33
20 34
19 35
18 36
17 37
17 38
16 39
15 40
14 41
14 42
13 43
12 44
11 45
11 46
10 47
9 48
9 48
10 49
10 49
9 48
9 48
9 48
10 47
11 47
11 47
12 46
12 46
13 45
14 44
14 44
15 43
16 42
16 42
17 41
18 41
19 40
19 40
20 39
21 39
21 39
22 39
23 39
23 39
24 39
24 39
25 40
25 40
26 41
26 42
26 42
26 43
26 44
26 45
26 45
26 46
26 47
26 48
26 48
26 49
26 50
26 51
26 52
26 52
26 53
25 54
25 55
25 56
25 56
25 57
25 58
24 59
24 60
24 61
24 62
24 62
24 63
23 64
23 65
23 66
23 66
23 67
22 68
22 69
22 70
22 70
22 71
22 72
22 72
21 73
21 73
21 74
21 74
21 74
21 73
21 72
21 72
21 71
21 70
21 70
21 69
22 68
22 67
22 66
22 66
22 65
22 64
22 63
22 62
22 62
22 61
22 60
23 59
23 58
23 57
23 56
23 56
23 55
23 54
23 53
23 52
23 51
23 51
23 50
23 49
24 48
24 47
24 46
24 45
24 45
24 44
24 43
24 42
24 41
24 40
24 40
24 39
24 38
24 37
24 36
24 36
24 35
25 34
25 33
25 33
25 32
25 32
25 33
25 33
25 33
25 34
25 35
25 35
25 36
24 37
24 38
24 39
24 39
24 40
23 41
23 42
23 43
23 43
23 44
22 45
22 46
21 47
21 48
21 48
21 49
21 50
20 51
20 52
20 53
20 53
20 54
19 55
19 56
18 57
18 58
18 58
18 59
18 60
17 61
17 62
17 63
17 63
17 64
16 65
16 66
16 67
16 67
16 68
16 68
16 69
16 69
16 69
16 69
15 69
15 69
15 68
15 68
15 67
15 66
15 66
15 65
15 65
14 64
14 64
14 63
14 62
14 62
13 61
13 61
12 60
12 60
12 60
11 61
11 61
10 62
10 63
10 63
9 64
9 64
8 65
8 65
8 66
8 66
8 66
9 66
9 66
10 65
10 65
11 64
11 63
11 63
12 62
12 61
13 60
13 60
14 59
15 59
16 58
16 58
17 57
18 57
19 56
19 56
20 56
21 55
22 55
22 55
23 54
24 54
24 54
25 55
26 55
26 55
27 55
28 55
28 55
29 56
29 56
30 56
31 56
31 56
32 57
32 57
33 57
33 57
34 58
34 58
35 58
35 58
36 59
36 59
37 59
37 59
38 59
38 59
39 58
39 58
39 57
39 56
39 55
39 54
39 53
39 52
39 51
40 50
40 49
40 48
40 47
40 46
40 45
40 44
40 43
40 42
40 41
40 40
40 39
40 38
40 37
40 36
41 35
41 34
41 33
41 32
41 31
41 30
41 29
41 28
41 28
42 29
42 29
41 29
41 29
41 29
41 29
42 30
42 30
43 31
43 31
44 31
44 31
45 30
46 30
46 30
47 29
48 29
48 29
49 28
50 27
50 27
51 26
52 25
52 25
53 24
54 23
55 22
55 22
56 21
56 20
57 19
57 18
57 18
58 17
58 16
58 16
59 15
60 14
60 14
60 13
61 12
61 11
61 11
61 10
61 10
61 9
61 8
61 8
60 7
60 6
60 6
60 5
60 4
60 4
59 3
59 3
58 3
58 3
57 3
57 3
56 4
56 4
56 5
56 6
56 7
56 7
56 8
55 9
55 10
55 10
55 11
54 12
54 13
54 14
54 14
54 15
53 16
53 17
52 18
52 19
52 19
52 20
52 21
52 22
51 23
51 24
51 25
51 26
51 26
51 27
50 28
50 29
50 30
50 31
49 32
49 33
49 33
49 34
48 35
48 36
48 37
48 38
47 39
47 40
47 41
47 41
47 42
46 43
46 44
46 45
45 46
45 47
45 47
45 48
45 49
44 50
44 51
44 52
44 53
44 53
44 54
43 55
43 56
43 56
42 57
42 58
42 58
42 58
42 58
43 57
43 57
43 56
43 55
43 55
43 54
44 53
44 52
44 52
45 51
45 50
45 50
45 49
46 48
46 47
46 46
47 45
47 44
47 43
48 42
48 41
48 41
48 40
49 39
49 38
49 38
50 37
50 37
50 36
50 36
50 35
50 35
50 35
51 34
51 34
51 34
51 35
51 35
51 36
51 36
51 37
51 37
51 38
51 39
51 40
51 40
51 41
50 42
50 43
50 44
50 44
50 45
50 46
50 47
50 48
50 48
50 49
50 50
50 51
50 52
50 53
50 53
50 54
50 55
50 56
50 57
50 57
50 58
50 59
50 60
50 61
50 62
50 62
50 63
49 64
49 65
49 66
49 66
49 67
49 68
49 69
49 69
49 70
49 71
49 71
49 72
49 72
49 73
49 73
49 73
49 72
49 72
49 71
49 71
49 70
49 70
49 69
49 68
49 67
49 67
49 66
49 65
49 64
49 64
49 63
49 62
49 61
49 61
49 60
49 59
49 58
49 57
49 57
49 56
49 55
49 54
49 53
49 53
49 52
50 51
50 50
50 49
50 49
50 48
50 47
50 46
50 46
50 45
50 44
50 43
50 43
50 42
50 41
50 41
51 40
51 39
51 39
51 38
51 37
51 37
51 36
51 35
51 35
52 34
52 34
52 33
52 33
53 32
53 32
53 32
54 32
54 32
54 32
55 33
55 33
55 34
55 34
56 35
56 36
56 36
56 37
56 38
56 38
56 39
57 40
57 41
57 41
57 42
57 43
57 44
57 45
57 45
57 46
57 47
57 48
57 49
57 50
57 50
57 51
57 52
57 53
57 54
57 55
57 55
57 56
57 57
57 58
57 59
57 60
57 61
57 61
57 62
57 63
58 64
58 65
58 66
58 66
58 67
58 68
58 69
58 70
58 71
58 71
58 72
58 73
58 74
58 75
58 76
58 77
58 77
58 78
58 79
59 80
59 81
59 82
59 82
59 83
59 84
59 85
59 86
59 87
59 87
59 88
59 89
59 90
59 91
59 91
59 92
60 93
60 94
60 94
60 95
60 96
60 97
60 97
60 98
60 99
60 99
60 99
60 99
60 99
60 99
59 98
59 97
59 97
59 96
59 95
59 95
59 94
58 93
58 92
58 92
58 91
57 90
57 89
57 88
57 88
57 87
57 86
56 85
56 84
56 83
56 82
56 82
56 81
56 80
55 79
55 78
55 77
55 76
55 76
55 75
55 74
54 73
54 72
54 71
54 70
54 70
54 69
53 68
53 67
53 66
52 65
52 64
52 64
52 63
51 62
51 61
51 60
51 60
51 59
51 58
51 58
50 57
50 56
50 56
50 55
50 55
50 54
50 54
51 53
51 52
51 52
52 51
53 51
53 51
54 50
54 50
55 49
56 49
56 49
57 49
57 49
57 50
57 50
57 51
57 52
57 52
57 53
56 54
56 55
56 55
55 56
55 57
55 57
54 58
54 59
54 59
54 60
54 61
54 61
53 62
53 62
52 63
52 64
52 64
52 65
52 65
52 65
52 65
53 65
54 65
54 65
55 64
56 63
56 63
57 62
58 61
58 61
59 60
60 59
60 59
61 59
62 59
62 59
63 59
63 59
63 58
63 57
64 56
64 55
64 54
64 53
65 52
65 51
65 50
65 49
65 48
66 47
66 46
66 45
66 44
67 43
67 42
67 41
67 40
67 39
68 38
68 37
68 36
68 35
69 34
69 33
69 32
69 32
70 32
71 32
71 32
71 31
71 31
71 31
71 31
71 32
71 32
72 33
72 33
72 34
73 35
73 36
73 36
73 37
73 38
73 39
73 39
73 40
74 41
74 42
74 43
74 43
74 44
74 45
74 46
74 47
74 47
74 48
74 49
73 50
73 51
73 52
73 52
73 53
72 54
72 55
72 56
72 56
72 57
72 58
71 59
71 60
71 61
71 61
71 62
70 63
70 64
70 65
70 65
70 66
69 67
69 68
69 68
68 69
67 70
67 70
66 71
66 71
66 70
66 70
66 69
66 69
66 68
66 67
66 66
66 65
66 65
66 64
66 63
66 62
66 61
66 61
66 60
66 59
67 58
67 57
67 56
67 55
67 55
67 54
68 53
68 52
68 51
68 50
69 49
69 48
69 48
69 47
69 46
69 45
70 44
70 43
70 42
70 41
70 41
70 40
71 39
71 38
71 37
71 36
72 35
72 34
72 34
72 33
72 32
73 31
73 30
73 29
73 29
73 28
74 27
74 26
74 26
74 25
74 24
74 24
75 23
75 22
75 22
76 21
76 20
76 20
76 19
76 19
77 18
77 18
78 17
78 17
78 17
79 17
79 17
79 17
80 18
80 18
80 18
80 19
80 19
81 20
81 21
81 21
81 22
81 23
81 23
81 24
80 25
80 26
80 26
80 27
80 28
80 29
80 30
80 30
80 31
80 32
80 33
80 33
80 34
80 35
80 36
80 37
80 38
80 38
80 39
80 40
80 41
80 42
80 42
80 43
80 44
80 45
80 46
80 47
80 47
80 48
80 49
80 50
80 51
80 52
80 52
80 53
80 54
81 55
81 56
81 57
81 57
81 58
81 59
81 60
81 61
81 62
81 63
81 63
81 64
81 65
82 66
82 67
82 68
82 68
82 69
82 70
82 71
82 72
82 73
82 73
82 74
83 75
83 76
83 77
83 77
83 78
83 79
83 80
83 81
83 81
83 82
83 83
83 83
83 84
83 85
83 85
83 86
83 86
82 87
82 87
82 87
82 86
82 86
81 85
81 85
81 84
80 83
80 82
80 82
80 81
80 80
80 79
80 79
80 78
80 77
79 76
79 75
79 74
79 74
79 73
78 72
78 71
78 70
77 69
77 68
77 68
77 67
77 66
77 65
76 64
76 63
76 62
76 61
76 61
76 60
76 59
75 58
75 57
75 56
75 55
75 55
75 54
74 53
74 52
74 51
74 51
74 50
73 49
73 48
73 48
72 47
72 46
72 46
72 45
72 45
72 44
72 44
73 43
73 43
74 42
75 42
75 42
76 42
76 42
77 43
77 43
78 44
78 44
77 45
77 46
77 46
77 47
77 48
77 49
77 49
76 50
76 51
75 52
75 52
75 53
74 54
74 55
74 55
73 56
73 56
73 57
73 57
73 57
73 57
73 57
74 57
74 57
75 56
75 55
75 55
76 54
76 53
77 52
77 52
78 51
79 50
79 50
80 49
81 48
81 48
82 47
82 46
82 46
83 45
83 45
83 44
83 44
83 43
83 42
82 41
82 40
82 39
82 39
82 38
82 37
82 36
82 35
82 35
82 34
82 34
82 33
82 33
82 32
82 32
83 32
83 32
83 31
83 31
84 32
84 32
84 32
85 33
85 34
85 34
85 35
85 36
85 36
85 37
86 38
86 39
86 39
86 40
86 41
86 42
86 43
86 43
86 44
86 45
86 46
86 46
86 47
87 48
87 49
87 50
87 50
87 51
87 52
87 53
87 54
87 54
87 55
87 56
87 57
87 58
87 58
87 59
87 60
87 61
87 62
87 63
87 63
87 64
86 65
86 66
86 67
86 67
86 68
85 69
85 70
85 71
85 71
85 72
84 73
84 74
84 74
83 75
83 76
83 76
82 77
82 77
82 76
82 76
82 75
82 74
82 74
82 73
82 72
82 71
82 71
82 70
82 69
82 68
82 67
82 67
82 66
82 65
82 64
82 63
82 62
82 62
82 61
82 60
83 59
83 58
83 57
83 56
83 56
83 55
83 54
83 53
83 52
83 51
83 50
83 50
83 49
83 48
84 47
84 46
84 45
84 44
84 44
84 43
84 42
84 41
84 40
84 39
84 39
84 38
84 37
84 36
84 35
84 35
84 34
84 33
84 32
84 32
84 31
84 30
84 30
84 29
84 28
84 28
84 27
84 26
84 26
84 25
84 24
84 24
85 23
85 23
85 22
85 22
86 21
86 20
86 20
87 19
87 18
87 18
88 17
89 17
89 17
90 16
90 16
91 15
92 15
92 15
93 15
93 15
94 14
94 14
95 15
95 15
95 15
95 16
95 16
95 17
95 17
95 18
95 19
95 19
95 20
95 21
95 21
95 22
95 23
95 23
95 24
95 25
95 26
95 26
95 27
95 28
95 29
95 29
95 30
95 31
95 32
95 33
95 33
95 34
94 35
94 36
94 37
94 37
94 38
94 39
94 40
94 41
94 42
94 42
94 43
94 44
93 45
93 46
93 47
93 47
93 48
93 49
93 50
93 51
93 52
93 53
93 53
93 54
93 55
94 56
94 57
94 58
94 58
94 59
94 60
94 61
94 62
94 63
94 63
94 64
94 65
95 66
95 67
95 68
95 68
95 69
95 70
95 71
95 72
95 73
95 73
95 74
95 75
95 76
95 77
95 78
95 78
95 79
96 80
96 81
96 82
96 82
96 83
96 84
96 85
96 85
96 86
97 87
97 88
97 89
97 89
97 90
97 91
97 91
97 92
97 93
97 93
97 94
97 94
97 94
97 94
97 94
97 93
97 93
97 93
96 92
96 91
96 91
96 90
95 89
95 88
95 87
95 87
95 86
95 85
94 84
94 83
94 82
94 82
94 81
94 80
93 79
93 78
93 77
93 76
93 76
93 75
92 74
92 73
92 72
92 71
91 70
91 69
91 68
91 68
91 67
90 66
90 65
90 64
90 63
89 62
89 61
89 60
89 60
89 59
89 58
88 57
88 56
88 55
88 54
88 54
88 53
87 52
87 51
86 50
86 49
86 49
86 48
85 47
85 46
85 46
85 45
84 44
84 43
84 43
84 42
84 41
84 40
84 40
85 39
85 38
85 38
86 37
86 36
86 36
87 35
87 34
88 33
88 33
89 33
90 32
91 32
91 32
92 32
93 32
93 32
94 33
95 33
95 33
95 34
95 35
95 35
95 36
94 37
94 38
94 38
94 39
93 40
93 41
93 41
93 42
92 43
92 44
92 44
91 45
91 46
90 47
90 47
90 48
89 49
89 50
89 50
88 51
88 52
88 52
87 53
87 53
87 53
88 53
88 53
89 52
90 51
90 51
91 50
91 49
92 48
92 48
93 47
94 47
95 46
95 46
96 45
97 45
97 45
98 45
99 45
