9 73
9 72
9 72
9 72
9 71
9 71
9 71
9 70
9 70
9 70
9 69
9 68
9 68
9 67
9 67
9 67
8 66
8 65
8 65
8 64
8 64
8 63
8 63
7 62
7 62
6 61
6 61
6 62
6 62
5 63
5 63
5 64
4 65
4 66
4 67
4 67
4 68
4 69
3 70
3 71
3 72
3 72
3 73
3 74
3 75
2 76
2 77
2 78
2 79
2 79
2 80
2 81
1 82
1 83
1 84
1 85
1 85
1 86
1 87
0 88
0 89
0 90
0 90
0 91
0 92
0 93
0 94
0 95
0 95
0 96
0 97
0 97
0 98
0 99
0 99
0 99
0 99
1 98
1 97
1 97
1 96
2 95
2 94
2 93
2 93
3 92
3 91
4 90
4 89
4 89
4 88
4 87
5 86
5 85
5 84
5 84
5 83
6 82
6 81
6 80
6 79
7 78
7 77
7 77
7 76
7 75
7 74
8 73
8 72
8 71
8 70
8 70
8 69
8 68
9 67
9 66
9 65
9 64
10 63
10 62
10 61
10 61
10 60
10 59
10 58
10 57
11 56
11 55
11 54
11 53
11 52
11 52
11 51
11 50
12 49
12 48
12 47
12 46
13 45
13 44
13 43
13 43
13 42
13 41
13 40
13 39
14 38
14 37
14 36
14 35
14 34
14 34
14 33
14 32
14 31
14 30
15 29
15 28
15 27
15 26
15 25
15 25
15 24
15 23
15 22
15 21
15 20
15 19
15 19
15 18
15 17
15 16
15 15
15 14
15 14
15 13
15 13
15 13
14 14
14 14
14 15
14 16
14 17
14 17
14 18
14 19
13 20
13 21
13 22
13 23
13 23
13 24
13 25
13 26
12 27
12 28
12 29
12 30
12 31
12 31
12 32
12 33
12 34
11 35
11 36
11 37
11 38
11 39
11 39
11 40
11 41
11 42
10 43
10 44
10 45
10 46
10 47
10 47
10 48
10 49
10 50
10 51
9 52
9 53
9 54
9 55
9 56
9 56
9 57
9 58
9 59
9 60
9 61
9 62
9 63
9 64
9 65
9 66
9 66
9 67
9 68
9 69
8 70
8 71
8 72
8 73
8 74
8 74
8 75
8 76
8 77
8 78
8 79
8 80
8 81
8 82
8 82
8 83
8 84
8 85
8 86
8 87
8 87
8 88
9 89
9 90
9 90
9 91
9 92
9 93
9 93
10 94
10 94
11 94
12 94
12 94
13 93
13 92
13 92
14 91
14 90
15 89
15 88
15 88
15 87
16 86
16 85
16 84
16 84
16 83
17 82
17 81
17 80
18 79
18 78
18 78
18 77
19 76
19 75
19 74
20 73
20 72
20 72
20 71
20 70
21 69
21 68
21 67
21 67
21 66
21 65
22 64
22 63
22 62
22 61
22 61
22 60
22 59
23 58
23 57
23 56
23 56
23 55
23 54
23 53
23 52
23 52
23 51
23 51
23 51
22 51
22 51
21 52
21 53
21 53
21 54
20 55
20 56
20 57
20 57
20 58
20 59
19 60
19 61
19 62
19 63
19 63
19 64
18 65
18 66
18 67
17 68
17 69
17 69
17 70
17 71
16 72
16 73
16 74
16 75
16 75
16 76
16 77
15 78
15 79
15 80
15 80
15 81
15 82
15 83
15 84
15 84
15 85
16 86
16 87
16 87
17 88
17 89
17 89
18 90
18 90
19 90
19 90
20 89
21 88
21 88
22 87
22 86
22 86
23 85
23 84
24 83
24 83
25 82
25 81
26 80
26 80
27 79
27 78
27 78
28 77
28 76
29 75
29 75
30 74
30 73
30 73
30 72
30 71
31 70
31 69
31 68
31 67
32 66
32 65
32 64
32 63
33 62
33 61
33 60
33 59
34 58
34 57
34 56
34 55
34 54
35 53
35 52
35 51
35 50
36 49
36 48
36 47
36 46
37 45
37 44
37 43
37 42
38 41
38 40
38 39
38 38
38 37
39 36
39 35
39 34
39 33
40 32
40 31
40 30
40 29
41 28
41 27
41 26
41 25
41 24
42 23
42 22
42 21
42 20
43 19
43 18
43 17
43 16
44 15
44 14
44 13
44 12
45 11
45 10
45 9
45 9
45 8
45 7
45 6
45 6
44 5
44 4
44 4
44 3
44 3
44 3
44 4
44 4
44 5
44 6
44 7
44 7
44 8
44 9
44 10
44 11
44 11
44 12
44 13
44 14
44 15
44 16
44 16
44 17
44 18
44 19
44 20
44 21
44 22
44 23
44 23
44 24
44 25
44 26
44 27
44 28
44 29
44 30
44 31
44 32
44 32
44 33
44 34
44 35
44 36
43 37
43 38
43 39
43 40
43 41
43 41
43 42
43 43
43 44
43 45
42 46
42 47
42 48
42 49
42 50
42 50
42 51
42 52
42 53
42 54
42 55
42 56
42 57
42 58
42 58
42 59
42 60
42 61
41 62
41 63
41 64
41 65
41 65
41 66
41 67
40 68
40 69
40 70
40 71
40 71
40 72
39 73
39 74
39 75
39 75
39 76
39 77
39 78
39 78
39 79
39 79
39 79
39 79
39 78
39 77
39 77
39 76
39 75
39 74
39 73
39 73
39 72
39 71
39 70
39 69
39 68
39 68
39 67
39 66
40 65
40 64
40 63
40 63
40 62
40 61
41 60
41 59
41 58
41 58
41 57
42 56
42 55
43 54
43 53
43 53
44 52
44 51
44 51
45 50
45 49
45 49
46 49
46 49
47 49
47 49
47 50
47 51
47 51
47 52
48 53
48 54
48 54
48 55
48 56
48 57
48 58
48 59
48 59
48 60
48 61
48 62
48 63
48 64
48 64
48 65
48 66
47 67
47 68
47 69
47 69
47 70
47 71
46 72
46 73
46 74
46 74
46 75
45 76
45 77
45 78
45 78
45 79
44 80
44 81
44 82
44 82
43 83
43 84
42 85
42 85
41 86
41 86
41 86
40 85
40 85
40 84
40 83
40 83
40 82
40 81
40 80
40 80
40 79
40 78
40 77
40 76
40 75
40 74
40 74
40 73
40 72
41 71
41 70
41 69
41 68
41 68
41 67
41 66
41 65
42 64
42 63
42 62
42 61
42 61
42 60
42 59
43 58
43 57
43 56
43 55
43 54
43 53
44 52
44 51
44 50
44 49
44 48
44 47
45 46
45 45
45 44
45 43
45 42
45 41
46 40
46 39
46 38
46 37
46 36
46 35
47 34
47 33
47 32
47 31
47 30
47 29
48 28
48 27
48 26
48 25
48 25
48 24
49 23
49 22
49 21
49 20
50 19
50 18
50 17
50 16
51 15
51 14
51 13
51 12
52 11
52 10
52 9
52 9
52 8
53 7
53 6
53 5
53 5
54 4
54 3
55 2
55 2
56 1
56 1
56 0
56 0
57 1
57 1
57 2
57 2
57 3
57 4
57 4
57 5
57 6
57 7
57 8
57 9
57 9
57 10
57 11
57 12
57 13
57 14
57 14
57 15
57 16
57 17
57 18
57 19
57 20
57 20
57 21
57 22
57 23
57 24
57 25
57 26
57 26
57 27
57 28
57 29
56 30
56 31
56 32
56 33
56 33
56 34
56 35
56 36
56 37
56 38
56 39
56 40
56 40
56 41
56 42
56 43
55 44
55 45
55 46
55 47
55 47
55 48
55 49
55 50
55 51
55 52
55 53
55 54
55 54
55 55
55 56
55 57
54 58
54 59
54 60
54 61
54 61
54 62
54 63
53 64
53 65
53 66
53 67
53 67
53 68
53 69
52 70
52 71
52 72
52 73
52 73
52 74
52 75
51 76
51 77
51 78
51 79
51 79
51 80
50 81
50 82
50 83
50 83
50 84
50 85
50 85
50 86
50 86
50 87
50 87
50 86
50 86
50 85
50 85
50 84
50 83
50 82
50 82
50 81
50 80
51 79
51 78
51 77
51 77
51 76
51 75
52 74
52 73
52 72
52 71
52 71
52 70
52 69
52 68
53 67
53 66
53 65
53 64
53 64
53 63
54 62
54 61
54 60
54 59
55 58
55 57
55 57
55 56
56 55
56 54
57 53
57 52
57 52
58 51
58 50
58 50
59 49
60 48
60 48
61 47
61 47
62 48
62 48
63 49
63 49
63 50
64 51
64 52
64 52
64 53
64 54
64 55
64 55
64 56
64 57
64 58
64 59
64 59
64 60
64 61
63 62
63 63
63 64
63 64
63 65
63 66
63 67
63 68
63 68
63 69
62 70
62 71
61 72
61 73
61 73
61 74
60 75
60 76
60 77
60 77
60 78
59 79
59 80
59 80
58 81
58 82
57 83
57 83
56 84
56 84
55 85
55 85
54 84
54 84
54 83
54 83
54 82
54 81
54 80
54 80
54 79
54 78
54 77
54 77
54 76
54 75
54 74
54 73
54 73
54 72
55 71
55 70
55 70
55 69
55 68
55 67
55 67
56 66
57 65
58 64
58 63
59 62
60 61
61 60
62 59
63 58
64 57
64 56
65 55
66 54
67 53
68 52
69 51
69 50
70 49
71 48
72 47
72 47
72 47
72 47
72 47
72 47
72 48
72 48
72 49
72 50
72 50
72 51
72 52
72 52
72 53
72 54
71 55
71 56
71 57
71 57
71 58
71 59
71 60
71 61
71 61
71 62
71 63
70 64
70 65
70 66
70 66
70 67
70 68
70 69
70 70
70 70
70 71
70 72
70 73
70 73
70 74
70 75
70 75
70 76
70 76
70 77
70 77
70 77
71 76
71 75
71 75
71 74
72 73
72 72
72 72
72 71
72 70
72 69
72 69
72 68
72 67
72 66
72 65
73 64
73 63
73 62
73 61
73 60
73 59
73 58
73 57
73 56
74 55
74 54
74 53
74 52
74 51
74 50
74 49
74 48
74 47
75 46
75 45
75 44
75 43
75 42
75 42
75 41
75 40
75 39
75 38
75 37
75 36
75 35
75 34
75 33
75 32
75 31
75 31
75 30
75 29
75 29
75 29
75 29
75 30
75 31
75 31
75 32
75 33
75 33
76 34
76 35
76 35
76 36
76 37
76 38
76 38
76 39
77 40
77 41
77 41
77 42
77 43
77 43
78 44
78 45
78 45
79 46
79 47
79 47
80 48
80 48
81 49
81 49
81 49
82 49
82 49
83 48
83 48
84 47
84 46
84 46
85 45
86 44
86 44
87 43
87 42
87 42
87 41
87 40
87 39
87 39
87 38
88 37
88 36
88 36
88 35
88 34
88 34
88 33
88 32
88 32
88 31
88 31
87 31
87 31
86 32
86 32
85 33
85 34
84 35
84 35
84 36
84 37
83 38
83 39
83 40
83 40
83 41
82 42
82 43
82 44
81 45
81 46
81 46
81 47
81 48
80 49
80 50
80 51
80 52
80 52
80 53
80 54
79 55
79 56
79 57
79 58
79 58
79 59
79 60
79 61
78 62
78 63
78 64
78 65
78 65
78 66
78 67
78 68
78 69
78 70
78 71
78 71
78 72
78 73
78 74
78 75
78 75
78 76
79 77
79 78
79 78
80 79
81 80
81 80
82 80
83 80
83 80
84 79
85 79
86 78
86 78
87 77
88 76
89 75
89 75
90 74
91 73
92 72
92 72
93 71
94 70
95 69
95 69
96 68
97 67
97 67
98 66
98 65
99 64
