9 68
9 67
9 67
9 67
9 67
9 66
9 66
8 66
8 66
8 65
8 65
8 64
8 63
8 63
8 62
8 62
7 61
7 60
7 60
6 60
6 60
5 60
5 60
4 60
4 60
3 61
3 62
3 62
3 63
2 64
2 65
2 66
2 66
2 67
2 68
1 69
1 70
1 71
1 72
1 72
1 73
1 74
0 75
0 76
0 77
0 77
0 78
0 79
0 80
0 81
0 82
0 83
0 83
0 84
0 85
0 86
0 87
0 88
0 88
0 89
0 90
0 90
0 91
0 92
0 92
0 92
1 92
1 92
1 91
2 90
2 89
2 89
2 88
3 87
3 86
3 85
3 85
3 84
4 83
4 82
4 81
5 80
5 79
5 79
5 78
5 77
5 76
6 75
6 74
6 73
6 72
6 72
6 71
7 70
7 69
8 68
8 67
9 66
9 65
9 65
9 64
9 63
10 62
10 61
10 60
10 59
10 58
11 57
11 56
11 55
11 55
11 54
11 53
12 52
12 51
12 50
12 49
13 48
13 47
13 46
13 46
13 45
13 44
13 43
13 42
14 41
14 40
14 39
14 38
14 37
14 36
14 36
14 35
14 34
15 33
15 32
15 31
15 30
15 29
16 28
16 27
16 26
16 26
16 25
16 24
16 23
16 22
16 21
16 20
16 19
16 19
16 18
16 17
17 16
17 15
17 14
17 14
17 13
17 12
17 12
17 12
17 13
17 13
17 14
17 15
17 15
17 16
17 17
16 18
16 19
16 20
16 20
16 21
16 22
15 23
15 24
15 25
15 26
15 26
15 27
15 28
15 29
14 30
14 31
14 32
14 33
14 34
14 34
14 35
14 36
13 37
13 38
13 39
13 40
12 41
12 42
12 43
12 43
12 44
12 45
12 46
12 47
12 48
11 49
11 50
11 51
11 52
11 53
11 54
11 54
11 55
11 56
11 57
11 58
11 59
10 60
10 61
10 62
10 63
10 64
10 65
10 65
10 66
10 67
10 68
10 69
10 70
10 71
10 72
10 73
10 74
10 74
10 75
10 76
10 77
10 78
10 79
10 80
10 81
10 82
10 82
10 83
10 84
10 85
10 86
10 87
10 88
10 89
10 89
10 90
10 91
11 92
11 93
11 94
11 94
11 95
11 96
11 97
11 98
11 98
12 99
12 99
13 99
14 99
14 99
15 98
15 98
16 97
16 96
17 95
17 94
17 94
18 93
18 92
19 91
19 90
19 90
20 89
20 88
21 87
21 86
22 85
22 84
22 84
22 83
23 82
23 81
23 80
24 79
24 78
24 78
24 77
25 76
25 75
25 74
26 73
26 72
26 72
26 71
27 70
27 69
27 68
27 67
28 66
28 65
28 65
28 64
28 63
29 62
29 61
29 60
29 60
29 59
29 58
29 57
29 56
29 56
29 55
29 54
29 53
29 53
28 52
28 52
28 52
27 53
26 53
26 53
26 54
25 55
25 56
25 57
25 57
25 58
25 59
24 60
24 61
24 62
24 62
24 63
23 64
23 65
23 66
22 67
22 68
22 68
22 69
22 70
22 71
22 72
22 73
22 74
22 74
22 75
21 76
21 77
21 78
21 78
21 79
22 80
22 81
22 81
22 82
23 83
23 84
23 84
24 85
24 85
25 86
25 86
26 86
27 86
27 86
28 85
29 84
29 84
29 83
30 82
30 81
30 81
31 80
31 79
32 78
32 78
33 77
34 76
34 76
34 75
35 74
35 73
35 73
36 72
36 71
37 70
37 70
37 69
37 68
37 67
37 66
38 65
38 64
38 63
38 62
38 61
38 60
38 59
38 58
39 57
39 56
39 55
39 54
39 53
39 52
39 51
39 50
39 49
40 48
40 47
40 46
40 45
40 44
40 43
40 42
40 41
41 40
41 39
41 38
41 37
41 36
41 35
41 34
41 33
41 32
42 31
42 30
42 29
42 28
42 27
42 26
42 25
42 24
43 23
43 22
43 21
43 20
43 19
43 19
44 18
44 18
43 17
43 17
43 16
43 15
43 15
43 14
43 14
43 14
43 13
43 13
43 13
43 13
43 13
43 14
43 15
43 16
43 16
43 17
43 18
43 19
43 19
43 20
43 21
43 22
43 23
43 24
43 25
43 25
43 26
43 27
43 28
42 29
42 30
42 31
42 32
42 32
42 33
42 34
42 35
42 36
42 37
42 38
42 39
42 40
42 40
42 41
42 42
42 43
41 44
41 45
41 46
41 47
41 48
41 48
41 49
41 50
41 51
41 52
41 53
41 54
41 55
41 56
41 56
41 57
41 58
41 59
40 60
40 61
40 62
40 63
40 64
40 64
40 65
40 66
40 67
39 68
39 69
39 70
39 71
39 72
39 72
39 73
38 74
38 75
38 76
38 76
38 77
38 78
38 79
38 79
37 80
37 81
37 81
37 82
37 82
37 82
37 81
38 80
38 79
38 79
38 78
38 77
38 76
38 76
38 75
38 74
39 73
39 72
39 71
39 71
39 70
40 69
40 68
40 67
41 66
41 65
41 65
41 64
42 63
42 62
42 61
42 61
43 60
43 59
43 59
44 58
45 58
45 58
46 59
46 59
47 60
47 61
47 61
47 62
47 63
47 64
47 64
47 65
47 66
47 67
47 68
47 68
47 69
47 70
47 71
47 72
47 72
47 73
47 74
46 75
46 76
46 77
46 77
46 78
45 79
45 80
44 81
44 82
44 82
43 83
43 84
42 85
42 86
42 86
42 87
42 88
41 89
41 90
41 91
41 91
40 92
39 93
39 93
38 93
38 93
37 92
37 92
36 91
36 90
36 90
36 89
36 88
36 87
36 86
36 85
36 84
36 84
36 83
36 82
37 81
37 80
37 79
37 78
37 78
37 77
37 76
37 75
38 74
38 73
38 72
38 71
38 71
38 70
39 69
39 68
39 67
39 66
40 65
40 64
40 63
40 62
41 61
41 60
41 59
41 58
42 57
42 56
42 55
43 54
43 53
43 52
43 51
44 50
44 49
44 48
44 47
45 46
45 45
45 44
46 43
46 42
46 41
46 40
47 39
47 38
47 37
47 36
48 35
48 34
48 33
48 32
49 31
49 30
49 29
50 28
50 27
50 26
50 25
51 24
51 23
51 22
51 21
52 20
52 19
52 18
53 17
53 16
53 15
53 14
54 13
54 12
54 11
54 10
55 9
55 8
55 7
55 6
56 5
56 4
56 4
57 3
58 3
58 3
58 2
58 2
58 1
58 0
58 0
58 1
58 2
58 2
58 3
59 4
59 5
59 5
59 6
59 7
59 8
59 9
59 10
59 10
59 11
59 12
59 13
59 14
59 15
59 15
59 16
59 17
59 18
59 19
59 20
59 21
59 22
59 22
59 23
59 24
58 25
58 26
58 27
58 28
58 28
58 29
58 30
58 31
57 32
57 33
57 34
57 35
57 36
57 36
57 37
57 38
57 39
57 40
56 41
56 42
56 43
56 44
56 45
56 45
56 46
56 47
56 48
56 49
55 50
55 51
55 52
55 53
55 54
55 54
55 55
55 56
55 57
54 58
54 59
54 60
54 61
54 62
54 62
54 63
54 64
54 65
53 66
53 67
53 68
53 69
53 70
53 70
53 71
53 72
52 73
52 74
52 75
52 76
52 76
52 77
51 78
51 79
51 80
51 80
51 81
50 82
50 83
50 84
50 84
49 85
49 86
49 86
49 86
49 86
49 85
49 84
49 84
49 83
49 82
49 81
49 81
49 80
49 79
50 78
50 77
50 76
50 75
50 75
50 74
51 73
51 72
51 71
52 70
52 69
52 69
52 68
53 67
53 66
53 65
53 64
54 63
54 62
54 62
55 61
55 60
56 59
56 58
56 58
57 57
58 56
58 56
59 55
59 55
60 55
60 55
61 56
61 57
61 57
61 58
62 59
62 60
62 60
62 61
62 62
62 63
62 64
62 64
62 65
62 66
61 67
61 68
61 69
61 69
61 70
61 71
60 72
60 73
60 74
60 74
60 75
60 76
59 77
59 78
59 79
59 80
59 80
59 81
59 82
58 83
58 84
58 85
58 86
58 86
57 87
57 88
56 89
56 90
56 90
56 91
55 92
55 93
55 93
54 94
53 94
53 94
53 93
53 93
52 92
52 92
52 91
52 90
52 89
52 88
52 88
52 87
52 86
52 85
52 84
52 83
52 82
52 82
52 81
52 80
52 79
53 78
53 77
53 76
53 75
53 75
53 74
54 73
54 72
54 71
54 70
55 69
55 68
55 68
55 67
56 66
56 65
56 64
57 63
57 62
57 62
58 61
58 60
59 59
59 58
59 58
60 57
61 56
62 55
62 54
63 53
64 52
64 52
65 53
66 53
66 53
66 53
67 53
67 53
67 54
67 54
68 55
68 56
68 56
68 57
68 58
68 58
68 59
68 60
68 60
68 61
68 62
68 63
68 63
68 64
68 65
68 66
68 66
68 67
68 68
68 69
68 70
68 70
68 71
67 72
67 73
67 74
67 74
67 75
67 76
67 77
67 78
67 78
67 79
67 80
67 81
67 82
67 82
67 83
66 84
66 85
66 86
66 86
66 87
66 88
66 88
66 89
66 90
66 90
66 89
66 89
66 88
66 88
66 87
66 87
66 86
66 85
66 84
66 84
66 83
66 82
67 81
67 80
67 79
67 79
67 78
67 77
67 76
67 75
67 74
67 74
67 73
67 72
68 71
68 70
68 69
68 69
68 68
68 67
68 66
68 65
68 64
68 63
68 62
68 62
68 61
68 60
68 59
68 58
68 57
68 56
68 56
68 55
68 54
68 53
68 52
68 51
68 50
68 50
68 49
68 48
67 47
67 46
67 45
67 45
67 44
67 43
67 42
67 42
67 41
67 41
67 40
67 40
67 40
68 41
68 41
69 42
69 42
69 43
69 44
69 44
70 45
70 46
70 46
70 47
70 48
70 48
70 49
71 50
71 51
71 51
71 52
71 53
71 53
71 54
71 55
71 55
71 56
71 57
71 57
71 58
71 59
71 60
71 60
71 61
72 62
72 63
72 63
72 64
72 65
72 66
72 66
72 67
72 68
72 68
72 69
72 70
72 70
73 71
73 72
73 72
74 73
74 73
75 73
75 73
76 73
77 73
77 73
78 72
79 72
79 72
80 71
81 70
81 70
82 69
83 68
83 68
84 67
85 66
85 66
86 65
87 65
87 65
88 64
88 63
88 63
88 62
88 61
88 61
88 60
88 60
88 59
88 58
88 58
87 57
87 57
86 57
85 57
85 57
84 57
83 57
83 57
82 58
82 59
81 60
81 60
80 61
80 62
79 63
79 64
79 64
79 65
79 66
78 67
78 68
78 69
78 69
78 70
77 71
77 72
77 73
76 74
76 75
76 75
76 76
76 77
76 78
76 79
76 80
76 80
76 81
77 82
77 83
77 84
77 84
77 85
78 86
78 87
78 88
78 88
79 89
80 90
80 90
81 91
82 91
82 91
83 91
84 90
85 90
85 90
86 89
87 88
88 88
89 87
89 87
90 86
91 85
92 85
93 84
93 84
94 83
95 82
96 81
96 81
97 81
98 80
99 80
