13 59
12 60
12 60
13 60
13 60
13 60
13 60
13 59
13 59
13 59
13 58
13 58
14 57
14 57
14 56
14 56
14 55
14 54
14 54
14 53
14 53
14 52
14 52
13 51
13 50
13 50
13 49
13 49
12 49
12 49
11 49
11 49
10 50
10 51
9 52
9 53
9 53
9 54
8 55
8 56
8 57
8 58
7 59
7 60
7 60
7 61
6 62
6 63
6 64
6 65
5 66
5 67
5 68
5 68
5 69
5 70
4 71
4 72
4 73
4 74
3 75
3 76
3 77
3 77
3 78
2 79
2 80
2 81
2 82
1 83
1 84
1 85
1 85
1 86
1 87
1 88
0 89
0 90
0 91
0 92
0 92
0 93
0 94
0 95
0 96
0 97
0 97
0 98
0 99
0 99
0 99
1 98
1 98
2 97
2 96
3 95
3 94
3 94
3 93
4 92
4 91
5 90
5 89
5 89
5 88
6 87
6 86
7 85
7 84
8 83
8 82
8 82
8 81
9 80
9 79
10 78
10 77
10 76
11 75
11 74
11 74
11 73
11 72
12 71
12 70
12 69
12 68
13 67
13 66
13 65
13 65
13 64
14 63
14 62
14 61
15 60
15 59
15 58
15 57
16 56
16 55
16 55
16 54
16 53
17 52
17 51
17 50
17 49
17 48
18 47
18 46
18 45
18 45
18 44
18 43
19 42
19 41
19 40
19 39
19 38
20 37
20 36
20 35
20 35
20 34
20 33
21 32
21 31
21 30
21 29
21 28
22 27
22 26
22 25
22 25
22 24
22 23
22 22
23 21
23 20
23 19
23 18
23 17
23 17
23 16
23 15
23 14
23 13
23 12
23 11
23 11
23 10
23 9
23 8
23 8
23 7
23 7
22 8
22 8
22 9
22 9
22 10
22 11
21 12
21 13
21 14
21 14
21 15
21 16
20 17
20 18
20 19
20 20
20 20
20 21
19 22
19 23
19 24
19 25
18 26
18 27
18 27
18 28
18 29
18 30
18 31
18 32
18 33
18 34
18 34
18 35
18 36
18 37
17 38
17 39
17 40
17 41
17 41
17 42
17 43
17 44
16 45
16 46
16 47
16 48
16 49
16 49
16 50
16 51
16 52
16 53
16 54
16 55
16 56
16 57
16 57
16 58
16 59
16 60
15 61
15 62
15 63
15 64
15 64
15 65
15 66
15 67
15 68
15 69
15 70
15 71
15 71
15 72
15 73
15 74
15 75
15 76
15 76
15 77
15 78
15 79
15 80
15 80
15 81
15 82
15 83
15 83
16 84
16 85
16 85
17 86
17 86
18 85
18 85
19 84
20 84
20 84
21 83
21 82
21 82
22 81
22 80
23 79
23 79
24 78
25 77
25 77
25 76
26 75
26 74
26 73
26 73
27 72
27 71
28 70
28 70
28 69
29 68
29 67
30 66
30 65
30 65
30 64
31 63
31 62
31 61
31 61
32 60
32 59
33 58
33 57
33 57
33 56
33 55
33 54
33 54
33 53
33 52
33 52
33 51
33 50
33 50
33 49
33 49
32 48
32 48
31 48
31 48
30 49
30 49
29 50
29 51
29 51
29 52
29 53
29 54
29 54
29 55
28 56
28 57
28 58
28 58
28 59
28 60
27 61
27 62
27 63
27 63
27 64
27 65
27 66
27 67
27 68
27 69
27 69
27 70
27 71
26 72
26 73
26 74
26 74
26 75
26 76
26 77
26 77
26 78
27 79
27 80
27 80
27 81
27 82
27 82
28 83
28 83
29 83
29 83
30 83
30 83
31 82
31 82
32 81
33 80
33 80
34 79
34 79
35 78
35 77
35 77
36 76
36 75
36 75
36 74
36 73
37 72
37 71
37 70
37 69
38 68
38 67
38 66
38 65
39 64
39 63
39 62
39 61
39 60
40 59
40 58
40 57
40 56
41 55
41 54
41 53
41 52
41 51
42 50
42 49
42 48
42 47
43 46
43 45
43 44
43 43
44 42
44 41
44 40
44 39
44 38
45 37
45 36
45 35
45 34
46 33
46 32
46 31
46 30
46 29
47 28
47 27
47 26
47 25
48 24
48 23
48 22
48 21
49 20
49 19
49 18
49 18
49 17
48 16
48 15
48 14
48 14
47 13
47 12
47 12
47 11
47 10
47 10
47 9
47 9
47 9
47 9
47 9
47 10
47 11
47 11
47 12
47 13
47 14
47 14
47 15
47 16
47 17
47 18
47 19
47 19
47 20
47 21
47 22
47 23
47 24
47 25
47 25
47 26
47 27
47 28
46 29
46 30
46 31
46 32
46 32
46 33
46 34
46 35
46 36
46 37
46 38
46 39
46 39
46 40
46 41
46 42
45 43
45 44
45 45
45 46
45 47
45 47
45 48
45 49
45 50
44 51
44 52
44 53
44 54
44 54
44 55
44 56
44 57
44 58
44 59
44 59
44 60
43 61
43 62
43 63
43 63
43 64
43 65
43 66
43 66
42 67
42 67
42 68
42 68
42 68
42 67
42 67
43 66
43 65
43 65
43 64
43 63
43 62
43 62
43 61
43 60
44 59
44 58
44 57
44 57
45 56
45 55
46 54
46 54
47 53
47 52
47 52
48 51
48 51
49 52
49 52
50 53
50 54
50 54
51 55
51 56
51 56
51 57
51 58
51 59
51 60
51 60
51 61
51 62
51 63
51 64
51 64
51 65
51 66
51 67
51 68
51 69
51 69
51 70
51 71
50 72
50 73
50 74
50 75
50 75
50 76
49 77
49 78
49 79
49 79
49 80
48 81
48 82
47 83
47 84
47 84
47 85
46 86
46 87
46 88
46 88
45 89
44 90
44 90
43 91
42 92
42 92
41 91
41 91
40 90
40 89
40 89
40 88
40 87
40 86
40 85
40 85
40 84
40 83
40 82
40 81
40 80
40 79
40 79
40 78
40 77
40 76
41 75
41 74
41 73
41 72
41 71
41 71
41 70
41 69
42 68
42 67
42 66
42 65
43 64
43 63
43 62
43 62
43 61
44 60
44 59
44 58
44 57
45 56
45 55
45 54
45 54
45 53
45 52
46 51
46 50
46 49
46 48
47 47
47 46
47 45
47 44
48 43
48 42
48 41
48 40
48 39
49 38
49 37
49 36
49 35
50 34
50 33
50 32
50 31
51 30
51 29
51 28
51 27
51 26
52 25
52 24
52 23
52 22
53 21
53 20
53 19
53 18
54 17
54 16
54 15
54 14
54 13
55 12
55 11
55 10
55 9
56 8
56 7
56 6
56 5
57 4
57 3
57 2
57 2
57 2
57 1
57 0
57 0
57 1
57 1
58 2
58 3
58 3
58 4
58 5
58 5
58 6
59 7
59 8
59 9
59 9
59 10
59 11
59 12
59 13
59 14
59 15
59 15
59 16
59 17
59 18
59 19
59 20
59 21
59 21
59 22
59 23
59 24
59 25
59 26
59 27
59 28
59 28
59 29
59 30
59 31
59 32
59 33
59 34
59 35
59 35
59 36
59 37
59 38
59 39
58 40
58 41
58 42
58 43
58 44
58 44
58 45
58 46
58 47
58 48
58 49
58 50
58 51
58 51
58 52
58 53
58 54
57 55
57 56
57 57
57 58
57 58
57 59
57 60
57 61
56 62
56 63
56 64
56 65
56 66
56 66
56 67
56 68
56 69
56 70
56 71
56 71
56 72
55 73
55 74
55 75
55 75
55 76
54 77
54 78
54 78
53 79
53 79
53 80
53 80
53 79
53 79
53 78
53 77
53 76
53 76
53 75
53 74
54 73
54 72
54 71
54 71
54 70
55 69
55 68
55 67
55 66
56 65
56 64
56 64
56 63
57 62
57 61
57 60
58 59
58 58
58 58
58 57
59 56
59 55
59 54
59 54
60 53
61 52
61 52
62 51
63 51
63 51
64 52
64 52
65 53
65 53
66 54
66 55
66 55
66 56
66 57
66 58
66 58
66 59
66 60
66 61
66 62
66 62
66 63
66 64
66 65
66 66
66 67
66 67
65 68
65 69
64 70
64 71
64 71
64 72
64 73
63 74
63 75
63 76
63 76
62 77
62 78
61 79
61 80
61 80
60 81
60 82
59 83
59 84
59 84
58 85
57 86
57 86
56 87
55 87
55 87
54 87
53 87
53 87
52 86
52 86
52 85
52 84
52 84
52 83
52 82
52 81
52 80
52 80
52 79
52 78
52 77
52 76
52 75
52 75
52 74
53 73
53 72
53 71
53 70
54 69
54 68
54 68
54 67
55 66
55 65
56 64
56 63
56 63
57 62
58 61
59 60
60 59
61 58
62 57
63 56
64 55
65 54
66 53
67 52
68 51
68 51
69 51
70 52
71 52
71 52
71 52
71 52
71 53
71 53
72 54
72 54
72 55
72 56
72 56
72 57
72 58
72 58
71 59
71 60
71 60
71 61
71 62
71 63
71 64
71 64
71 65
70 66
70 67
70 67
70 68
70 69
70 70
70 71
70 71
70 72
69 73
69 74
69 75
69 75
69 76
69 77
68 78
68 79
68 80
68 80
68 81
68 82
68 83
68 84
68 84
68 85
68 86
68 86
69 87
69 87
69 88
69 88
69 88
69 87
69 86
69 86
69 85
70 84
70 83
70 83
70 82
70 81
70 80
70 79
70 79
70 78
70 77
71 76
71 75
71 74
71 74
71 73
71 72
72 71
72 70
72 69
72 69
72 68
72 67
72 66
72 65
72 64
72 63
72 63
72 63
72 62
72 61
72 60
72 59
72 58
72 57
72 56
72 55
72 54
72 53
72 52
72 51
72 50
72 49
72 48
72 47
72 46
72 46
72 45
72 44
72 43
72 43
71 42
71 41
71 41
71 40
71 40
71 40
71 41
71 41
72 41
72 41
72 42
72 42
73 43
73 44
73 44
73 45
73 45
74 46
74 47
74 47
74 48
74 48
74 49
74 50
74 50
75 51
75 51
75 52
75 52
75 53
75 53
75 54
75 54
75 54
75 55
75 56
75 56
75 57
75 57
75 58
75 58
76 59
76 60
76 60
76 61
76 61
77 61
77 61
78 61
78 61
79 62
79 62
80 62
80 62
81 62
82 62
82 62
83 62
83 62
84 62
85 62
85 62
86 62
87 62
87 62
88 61
89 60
89 60
90 59
91 59
91 59
92 58
92 57
92 57
93 56
93 55
93 55
93 54
93 53
93 53
93 52
93 52
93 51
93 50
93 50
93 49
93 49
92 48
91 48
91 48
90 47
90 47
89 48
88 48
88 48
87 49
86 50
86 50
85 51
85 52
84 53
84 54
84 54
83 55
83 56
82 57
82 58
82 58
82 59
81 60
81 61
80 62
80 63
80 63
80 64
80 65
80 66
80 67
80 68
80 68
80 69
80 70
79 71
79 72
79 73
79 73
79 74
79 75
79 76
79 77
79 77
79 78
80 79
80 80
80 80
81 81
82 82
82 82
83 83
84 83
84 83
85 82
86 81
87 80
87 80
88 79
89 78
90 78
91 77
91 77
92 76
93 75
94 74
95 73
95 73
96 72
97 71
97 71
98 70
