7 78
7 78
7 78
7 77
7 77
7 76
7 76
7 75
7 74
7 74
7 73
7 73
7 72
7 71
7 71
6 70
6 69
6 69
6 68
6 67
6 67
6 66
6 65
6 65
6 64
5 63
5 62
5 62
4 61
4 61
4 61
3 62
3 62
3 63
2 64
2 65
2 66
2 66
2 67
2 68
1 69
1 70
1 71
1 71
1 72
1 73
0 74
0 75
0 76
0 77
0 77
0 78
0 79
0 80
0 81
0 82
0 83
0 84
0 84
0 85
0 86
0 87
0 88
0 89
0 89
0 90
0 91
0 92
0 93
0 94
0 94
0 95
0 96
0 97
0 97
0 98
0 99
0 99
1 99
1 99
2 98
2 98
2 97
3 96
3 95
3 95
3 94
3 93
4 92
4 91
4 90
4 90
4 89
4 88
5 87
5 86
5 85
5 85
5 84
6 83
6 82
6 81
6 80
7 79
7 78
7 78
7 77
7 76
7 75
8 74
8 73
8 72
8 71
8 70
8 70
8 69
8 68
8 67
8 66
9 65
9 64
9 63
9 62
9 61
9 61
9 60
9 59
10 58
10 57
10 56
10 55
10 54
11 53
11 52
11 51
11 51
11 50
11 49
11 48
11 47
11 46
12 45
12 44
12 43
12 42
12 41
12 40
12 40
12 39
12 38
12 37
12 36
13 35
13 34
13 33
13 32
13 31
13 30
13 30
13 29
13 28
13 27
14 26
14 25
14 24
14 23
14 22
14 22
14 21
14 20
14 19
14 18
14 17
14 16
14 15
14 14
14 14
14 13
14 12
14 12
14 12
14 12
14 13
14 14
14 15
14 15
14 16
14 17
14 18
13 19
13 20
13 21
13 22
13 22
13 23
13 24
13 25
12 26
12 27
12 28
12 29
12 30
12 30
12 31
12 32
12 33
12 34
12 35
12 36
12 37
12 38
12 39
12 39
12 40
12 41
12 42
12 43
11 44
11 45
11 46
11 47
11 48
11 49
11 49
11 50
11 51
11 52
11 53
11 54
10 55
10 56
10 57
10 58
10 59
10 60
10 60
10 61
10 62
10 63
10 64
10 65
10 66
10 67
10 68
10 69
10 70
10 70
10 71
10 72
10 73
10 74
10 75
10 76
10 77
10 78
10 78
10 79
10 80
10 81
10 82
10 83
10 84
10 85
10 85
10 86
11 87
11 88
11 89
11 89
11 90
11 91
11 92
11 92
12 93
12 94
12 94
13 94
13 94
14 93
14 93
15 92
16 91
16 91
16 90
17 89
17 88
17 87
17 87
17 86
18 85
18 84
19 83
19 82
19 82
19 81
19 80
20 79
20 78
20 77
20 76
20 76
20 75
21 74
21 73
21 72
22 71
22 70
22 70
22 69
22 68
22 67
23 66
23 65
23 64
23 63
23 63
23 62
23 61
24 60
24 59
24 58
24 57
24 57
24 56
24 55
24 54
24 53
24 53
24 52
25 51
25 50
25 50
25 49
25 48
25 48
25 47
25 47
24 47
24 47
23 48
23 48
23 49
22 50
22 51
22 51
22 52
22 53
21 54
21 55
21 56
21 56
21 57
21 58
21 59
20 60
20 61
20 62
20 63
20 63
20 64
19 65
19 66
19 67
18 68
18 69
18 69
18 70
18 71
18 72
18 73
18 74
18 75
18 75
18 76
18 77
17 78
17 79
17 80
17 81
17 81
17 82
17 83
17 84
17 85
17 85
17 86
18 87
18 88
18 88
19 89
19 89
20 90
20 90
21 90
22 90
22 90
23 89
23 89
24 88
24 87
25 86
25 86
26 85
26 84
27 83
27 83
28 82
28 81
29 80
29 80
30 79
30 78
31 77
31 77
32 76
32 75
32 75
33 74
33 73
33 73
33 72
33 71
33 70
34 69
34 68
34 67
34 66
34 65
34 64
34 63
35 62
35 61
35 60
35 59
35 58
35 57
35 56
36 55
36 54
36 53
36 52
36 51
36 50
36 49
37 48
37 47
37 46
37 45
37 44
37 43
37 42
38 41
38 40
38 39
38 38
38 37
38 36
38 35
39 34
39 33
39 32
39 31
39 30
39 29
39 28
40 27
40 26
40 25
40 24
40 23
40 22
40 21
41 20
41 19
41 18
41 17
41 16
41 15
41 14
42 13
42 12
42 11
42 10
42 10
42 9
42 8
42 7
42 7
41 6
41 6
41 5
41 5
41 5
41 5
41 6
41 6
41 7
41 8
41 9
41 10
41 10
41 11
41 12
41 13
41 14
41 15
41 16
41 16
41 17
41 18
41 19
41 20
41 21
41 22
41 23
41 24
41 25
41 25
41 26
41 27
41 28
40 29
40 30
40 31
40 32
40 33
40 33
40 34
40 35
40 36
40 37
40 38
40 39
40 40
40 41
40 41
40 42
40 43
40 44
40 45
40 46
40 47
40 48
40 49
40 50
40 50
40 51
40 52
40 53
40 54
40 55
40 56
40 57
40 57
40 58
40 59
39 60
39 61
39 62
39 63
39 63
39 64
39 65
39 66
39 67
39 68
39 68
39 69
38 70
38 71
38 72
38 72
38 73
38 74
38 74
38 75
38 75
38 75
38 75
38 74
38 73
38 73
38 72
39 71
39 70
39 69
39 69
39 68
39 67
39 66
39 65
39 64
39 64
39 63
39 62
40 61
40 60
40 59
40 59
40 58
41 57
41 56
41 56
42 55
42 54
42 54
43 53
44 53
44 53
45 54
45 54
46 55
46 55
46 56
47 57
47 58
47 58
47 59
48 60
48 61
48 61
48 62
48 63
48 64
48 65
48 65
48 66
48 67
48 68
48 69
48 69
48 70
47 71
47 72
47 73
47 73
47 74
46 75
46 76
46 77
46 77
46 78
45 79
45 80
45 81
45 81
45 82
44 83
44 84
44 84
43 85
42 86
42 86
41 86
41 86
40 85
40 85
40 84
40 83
40 83
40 82
39 81
39 80
39 79
39 79
39 78
39 77
40 76
40 75
40 74
40 73
40 73
40 72
40 71
41 70
41 69
41 68
41 67
41 66
42 65
42 64
42 63
42 62
42 61
42 60
43 59
43 58
43 57
43 56
43 55
44 54
44 53
44 52
44 51
44 50
45 49
45 48
45 47
45 46
45 45
46 44
46 43
46 42
46 41
46 40
47 39
47 38
47 37
47 36
47 35
47 34
48 33
48 32
48 31
48 30
48 29
49 28
49 27
49 26
49 25
49 24
50 23
50 22
50 21
50 20
50 19
51 18
51 17
51 16
51 15
51 14
51 13
52 12
52 11
52 10
52 9
52 8
53 7
53 6
53 5
53 5
54 4
54 3
55 2
55 2
55 1
55 0
55 0
55 0
56 1
56 2
56 2
56 3
56 4
56 4
56 5
56 6
56 7
56 8
56 8
56 9
56 10
56 11
56 12
56 13
56 13
56 14
56 15
56 16
56 17
56 18
56 19
56 19
56 20
56 21
56 22
56 23
56 24
56 25
56 26
56 26
56 27
56 28
56 29
55 30
55 31
55 32
55 33
55 34
55 34
55 35
55 36
55 37
55 38
55 39
55 40
55 41
55 42
55 42
55 43
55 44
55 45
55 46
55 47
55 48
55 49
55 49
55 50
55 51
55 52
55 53
55 54
55 55
55 55
55 56
55 57
54 58
54 59
54 60
54 61
54 61
54 62
54 63
54 64
54 65
54 66
54 66
54 67
53 68
53 69
53 70
53 70
53 71
53 72
53 72
53 73
53 73
53 73
53 73
53 72
53 72
53 71
53 70
53 69
53 69
53 68
53 67
53 66
53 65
53 65
53 64
54 63
54 62
54 61
54 61
54 60
54 59
54 58
54 57
54 56
54 56
54 55
55 54
55 53
55 52
55 52
56 51
57 50
57 50
58 49
58 48
58 48
59 48
59 48
60 49
60 49
61 50
61 50
61 51
61 52
61 53
61 53
61 54
62 55
62 56
62 57
62 57
62 58
62 59
62 60
62 61
62 61
62 62
62 63
62 64
62 65
62 66
62 66
62 67
61 68
61 69
61 70
61 70
61 71
61 72
60 73
60 74
60 75
60 75
60 76
59 77
59 78
59 79
59 79
59 80
58 81
58 82
58 83
58 83
57 84
57 85
57 85
56 86
55 86
55 86
55 86
54 86
54 86
54 85
54 84
54 84
54 83
54 82
54 81
54 80
54 80
54 79
55 78
55 77
55 76
55 76
55 75
55 74
56 73
56 72
56 71
56 70
56 70
56 69
56 68
57 67
57 66
57 65
57 64
57 64
57 63
58 62
58 61
59 60
59 59
59 58
60 57
60 56
60 55
61 54
61 53
62 52
62 51
62 50
63 49
63 48
63 48
64 47
65 46
65 45
66 44
66 44
67 44
67 44
67 44
68 45
68 46
68 46
68 47
68 48
68 48
68 49
68 50
68 51
68 51
68 52
69 53
69 54
69 55
69 55
69 56
69 57
69 58
69 59
69 59
69 60
68 61
68 62
68 63
68 63
68 64
68 65
68 66
68 67
68 67
68 68
68 69
68 70
68 70
68 71
68 72
68 72
68 73
68 73
69 74
69 74
69 73
69 73
69 72
69 72
69 71
69 70
69 69
69 69
69 68
69 67
69 66
69 65
69 64
69 63
69 62
69 61
69 60
69 59
69 58
69 57
69 56
69 55
69 54
69 53
69 52
69 51
69 50
68 49
68 48
68 47
68 46
68 45
68 44
68 43
68 42
68 41
68 40
68 39
68 38
68 37
68 36
68 35
68 34
68 33
68 32
68 31
68 30
68 29
68 29
68 28
68 27
69 26
69 25
69 24
69 23
69 23
69 22
69 21
69 21
68 20
68 19
68 19
68 19
69 20
69 20
70 20
70 20
71 21
71 21
72 22
72 22
72 23
72 23
73 24
73 25
73 25
73 26
73 27
73 28
73 29
73 30
73 31
73 32
73 33
73 34
73 35
74 36
74 37
74 38
74 39
74 40
74 41
74 42
74 43
74 44
74 45
74 46
74 47
74 47
74 48
74 49
75 50
75 51
75 52
75 52
76 53
76 53
76 54
76 55
76 55
77 56
77 56
78 56
78 56
79 57
80 57
80 57
81 56
81 56
82 56
83 56
83 56
84 55
84 55
85 54
85 53
85 53
86 52
86 51
86 51
87 50
87 49
87 49
88 48
88 47
88 47
89 46
89 45
89 45
89 44
89 43
89 42
89 42
89 41
89 40
89 40
89 39
88 38
88 37
88 37
87 36
87 36
86 36
86 36
85 37
84 37
84 37
84 38
83 39
83 40
83 41
83 41
82 42
82 43
81 44
81 45
81 45
81 46
81 47
80 48
80 49
80 50
80 50
80 51
80 52
79 53
79 54
79 55
79 56
79 56
79 57
79 58
78 59
78 60
78 61
78 62
78 62
78 63
78 64
78 65
78 66
78 67
78 68
78 68
78 69
78 70
78 71
78 72
78 72
78 73
79 74
79 75
79 76
79 76
79 77
80 78
80 79
80 79
80 80
81 81
81 82
81 82
82 81
83 81
83 81
84 80
85 79
85 79
86 78
87 77
87 76
88 75
88 75
89 74
90 73
91 72
91 72
92 71
93 70
93 69
94 68
94 68
95 67
95 66
96 65
96 65
97 64
97 63
98 62
98 62
98 61
99 60
99 59
99 58
