8 65
8 65
7 64
7 64
7 64
7 63
7 63
7 62
7 62
6 62
6 62
6 61
6 61
6 60
6 60
5 59
5 59
5 58
5 58
5 57
5 57
4 56
4 56
4 57
4 57
4 57
3 58
3 59
3 59
3 60
2 61
2 62
2 62
2 63
2 64
2 65
2 65
2 66
2 67
1 68
1 69
1 70
1 70
1 71
1 72
1 73
1 74
1 75
1 75
1 76
1 77
0 78
0 79
0 80
0 80
0 81
0 82
0 83
0 84
0 85
0 85
0 86
0 87
0 88
0 89
0 90
0 90
0 91
0 92
0 93
0 94
0 94
0 95
0 96
0 97
0 97
0 98
0 98
1 99
1 99
2 99
2 99
2 98
3 97
3 96
3 96
3 95
4 94
4 93
4 92
4 92
4 91
4 90
4 89
4 88
4 87
4 87
4 86
4 85
5 84
5 83
5 82
5 81
5 81
5 80
6 79
6 78
6 77
6 76
7 75
7 74
7 74
7 73
7 72
7 71
7 70
8 69
8 68
8 67
8 66
8 65
8 65
8 64
8 63
8 62
9 61
9 60
9 59
9 58
9 57
9 57
9 56
9 55
9 54
9 53
10 52
10 51
10 50
10 49
10 48
10 48
10 47
10 46
10 45
10 44
10 43
10 42
10 41
10 40
10 39
10 39
10 38
10 37
10 36
11 35
11 34
11 33
11 32
11 31
11 31
11 30
11 29
11 28
12 27
12 26
12 25
12 24
12 23
12 23
12 22
12 21
12 20
12 19
12 18
12 17
12 16
12 15
12 15
12 14
12 13
12 12
13 11
13 10
13 9
13 8
13 7
13 7
13 6
13 5
13 4
13 3
13 3
13 2
13 1
13 1
12 0
12 0
12 1
12 1
12 2
12 2
12 3
11 4
11 5
11 5
11 6
11 7
11 8
11 8
11 9
10 10
10 11
10 12
10 12
10 13
10 14
9 15
9 16
9 17
9 17
9 18
9 19
9 20
9 21
9 22
9 22
9 23
9 24
8 25
8 26
8 27
8 28
8 28
8 29
8 30
8 31
8 32
8 33
8 34
8 34
8 35
8 36
8 37
8 38
8 39
8 40
8 41
8 41
8 42
8 43
8 44
8 45
8 46
8 47
8 48
8 48
8 49
8 50
8 51
8 52
8 53
8 54
8 55
8 55
8 56
8 57
8 58
8 59
8 60
8 61
8 61
8 62
8 63
8 64
9 65
9 66
9 67
9 68
9 68
9 69
9 70
9 71
9 72
9 73
9 74
9 75
9 76
9 76
9 77
9 78
10 79
10 80
10 81
10 82
10 82
10 83
10 84
11 85
11 86
11 87
11 87
11 88
12 89
12 90
12 91
12 91
13 92
13 93
13 93
14 94
15 95
15 95
16 96
16 97
16 97
17 98
17 98
18 98
19 98
19 98
20 97
21 97
21 97
22 96
22 96
23 95
23 94
23 94
24 93
25 92
25 92
25 91
26 90
26 89
26 88
26 88
26 87
27 86
27 85
27 84
27 84
27 83
27 82
28 81
28 80
28 79
28 79
28 78
28 77
28 76
28 75
28 74
28 74
28 73
28 72
29 71
29 70
29 69
29 69
29 68
29 67
30 66
30 65
30 64
30 64
30 63
30 62
30 61
30 60
30 60
30 59
30 58
30 57
30 57
30 56
30 55
30 55
29 54
29 53
29 53
29 52
29 51
29 51
28 50
28 50
27 50
27 50
27 51
27 51
26 52
26 52
26 53
25 54
25 55
25 55
25 56
25 57
25 57
25 58
24 59
24 60
24 60
24 61
23 62
23 63
23 63
23 64
23 65
23 66
23 67
23 67
23 68
23 69
23 70
23 71
23 71
23 72
23 73
23 74
23 75
23 75
23 76
23 77
23 78
23 79
23 79
23 80
23 81
23 82
23 83
23 84
23 84
23 85
23 86
23 87
23 88
23 88
23 89
24 90
24 91
24 91
24 92
25 93
25 94
25 94
26 95
26 95
27 96
27 96
28 96
28 96
29 96
30 96
30 96
31 95
31 95
32 95
33 95
33 95
34 94
34 94
35 93
35 93
36 92
36 91
36 91
37 90
37 90
38 89
38 89
38 88
38 87
38 87
39 86
39 86
39 85
39 85
39 84
39 83
39 82
39 81
40 80
40 79
40 78
40 77
40 76
40 75
40 74
40 73
40 72
40 71
41 70
41 69
41 68
41 67
41 66
41 65
41 64
41 63
41 62
41 61
42 60
42 59
42 58
42 57
42 56
42 55
42 54
42 53
42 52
42 51
43 50
43 49
43 48
43 47
43 46
43 45
43 44
43 43
43 42
43 41
44 40
44 39
44 38
44 37
44 36
44 35
44 34
44 33
44 32
44 31
45 30
45 29
45 28
45 27
45 26
45 25
45 24
45 23
45 22
45 21
46 20
46 19
46 18
46 17
46 16
46 16
46 16
46 16
46 17
46 17
46 17
46 18
46 19
46 19
46 20
46 20
46 21
46 22
46 23
46 23
45 24
45 25
45 25
45 26
45 27
45 28
45 29
45 29
45 30
45 31
45 32
45 33
45 34
45 34
45 35
45 36
44 37
44 38
44 39
44 40
44 40
44 41
44 42
44 43
44 44
44 45
44 46
44 47
44 47
44 48
44 49
44 50
44 51
44 52
44 53
44 54
44 55
44 55
44 56
44 57
44 58
43 59
43 60
43 61
43 62
43 63
43 63
43 64
43 65
43 66
43 67
43 68
43 69
43 70
43 70
43 71
43 72
43 73
43 74
43 75
43 76
43 77
43 77
43 78
43 79
43 80
43 81
43 82
43 83
43 83
43 84
43 85
42 86
42 87
42 88
42 88
42 89
42 90
42 91
42 92
42 92
42 93
42 94
42 94
42 95
42 95
42 95
42 95
42 95
42 94
42 93
42 93
42 92
42 91
42 90
42 89
42 89
42 88
42 87
42 86
42 85
42 85
42 84
42 83
42 82
42 81
42 80
42 80
42 79
42 78
42 77
42 76
42 76
42 75
42 74
42 73
42 72
42 72
42 71
43 70
43 69
43 69
43 68
43 67
43 67
44 66
44 65
44 65
44 64
44 63
44 63
45 62
45 62
46 62
46 62
47 62
47 62
48 63
48 63
49 64
49 64
49 65
49 66
49 66
49 67
50 68
50 69
50 69
50 70
50 71
50 72
50 73
50 73
50 74
50 75
50 76
50 76
50 77
49 78
49 79
49 80
49 80
49 81
48 82
48 83
48 84
48 84
48 85
47 86
47 87
47 88
47 88
47 89
46 90
46 91
46 92
46 92
45 93
45 94
44 95
44 95
43 96
43 97
43 97
43 98
43 99
43 99
42 99
42 99
41 99
41 99
41 98
41 98
41 97
41 96
41 96
41 95
41 94
41 93
41 93
41 92
41 91
42 90
42 89
42 88
42 87
42 87
42 86
42 85
43 84
43 83
43 82
43 81
44 80
44 79
44 78
44 77
44 76
45 75
45 74
45 73
45 72
46 71
46 70
46 69
46 68
46 67
47 66
47 65
47 64
47 63
48 62
48 61
48 60
48 59
48 58
49 57
49 56
49 55
49 54
50 53
50 52
50 51
50 50
50 49
51 48
51 47
51 46
51 45
52 44
52 43
52 42
52 41
52 40
53 39
53 38
53 37
53 36
54 35
54 34
54 33
54 32
54 31
55 30
55 29
55 28
55 27
56 26
56 25
56 24
56 23
56 22
57 21
57 20
57 19
57 18
58 17
58 16
58 15
58 15
59 14
59 14
59 14
59 14
59 15
59 15
59 16
59 17
59 18
59 18
59 19
59 20
59 21
59 21
59 22
59 23
59 24
59 24
59 25
59 26
58 27
58 28
58 29
58 29
58 30
58 31
58 32
58 33
58 34
58 35
58 35
58 36
58 37
58 38
58 39
58 40
58 41
58 41
58 42
58 43
58 44
57 45
57 46
57 47
57 48
57 49
57 49
57 50
57 51
57 52
57 53
57 54
57 55
57 56
57 57
57 57
57 58
57 59
57 60
57 61
57 62
57 63
57 64
57 64
57 65
57 66
57 67
57 68
57 69
57 70
57 70
57 71
57 72
56 73
56 74
56 75
56 75
56 76
56 77
56 78
56 79
56 80
56 80
56 81
56 82
56 83
56 83
56 84
56 85
56 85
56 86
56 87
56 87
56 87
56 87
56 86
56 86
56 85
56 84
56 83
56 83
56 82
56 81
56 80
56 79
56 79
56 78
56 77
57 76
57 75
57 74
57 74
57 73
57 72
57 71
57 70
57 69
57 68
57 68
57 67
57 66
58 65
58 64
58 63
58 62
58 62
58 61
58 60
59 59
59 58
59 57
59 57
59 56
60 55
60 54
60 54
60 53
60 52
60 51
60 51
61 50
61 50
62 50
62 50
63 50
63 50
64 51
64 51
65 52
65 52
65 53
66 54
66 55
66 55
66 56
66 57
66 57
66 58
67 59
67 60
67 60
67 61
67 62
67 63
67 63
67 64
67 65
67 66
67 66
67 67
66 68
66 69
66 70
66 70
66 71
65 72
65 73
65 74
65 74
65 75
64 76
64 77
64 78
64 78
63 79
63 80
62 81
62 82
62 82
62 83
61 84
61 85
61 86
61 86
60 87
60 88
59 89
59 89
58 90
58 91
58 91
57 92
57 92
56 92
56 92
56 91
56 91
56 90
56 89
56 89
56 88
56 87
56 86
56 86
56 85
57 84
57 83
57 82
57 82
58 81
58 80
59 79
59 79
60 78
60 77
61 76
61 75
62 74
62 73
63 72
63 71
64 70
65 69
65 68
66 67
66 66
67 65
67 64
68 63
69 62
69 61
70 60
70 59
71 58
71 57
72 56
72 55
73 54
73 54
73 54
73 54
73 54
72 55
72 55
72 56
72 57
72 57
72 58
72 59
72 59
72 60
71 61
71 62
71 63
71 63
71 64
71 65
71 66
71 66
71 67
71 68
71 69
71 70
71 71
71 71
71 72
70 73
70 74
70 75
70 75
70 76
70 77
70 78
70 79
70 79
70 80
70 81
70 82
70 82
70 83
70 84
70 84
70 85
70 85
70 86
70 86
70 86
70 85
70 85
71 84
71 83
71 83
71 82
71 81
71 80
71 80
71 79
71 78
71 77
71 76
71 75
71 75
71 75
71 74
71 73
71 72
71 71
71 70
71 69
71 68
71 67
71 66
71 65
71 64
71 63
71 62
71 61
71 60
71 59
71 58
71 57
71 56
71 56
71 55
71 54
71 53
72 52
72 51
72 50
72 49
72 48
72 48
72 47
72 46
72 45
72 44
72 44
72 43
72 42
72 41
72 40
72 40
72 39
72 38
72 38
72 37
72 37
73 36
73 36
73 35
73 35
73 35
73 36
73 36
74 37
74 37
74 38
74 38
75 39
75 39
76 40
76 41
76 41
76 42
76 43
76 44
76 45
76 46
76 47
77 48
77 49
77 50
77 51
77 52
77 53
77 54
77 54
77 55
77 56
78 57
78 58
78 59
78 59
78 60
78 61
78 62
78 62
77 63
77 64
77 64
77 65
77 66
77 67
77 67
78 68
78 69
78 69
78 70
78 71
78 71
78 72
78 73
78 73
78 74
78 75
78 75
79 76
79 76
79 77
79 78
79 78
80 79
80 79
81 79
81 79
81 79
82 79
82 79
83 78
83 78
84 77
84 76
84 76
85 75
85 74
85 74
85 73
86 72
86 71
86 71
86 70
87 69
87 68
87 68
87 67
88 66
88 65
88 64
88 64
88 63
88 62
88 61
88 60
88 60
88 59
89 58
89 57
89 57
89 56
89 55
89 54
89 54
88 53
88 52
88 52
88 51
88 51
87 51
87 51
87 52
87 52
86 53
86 53
85 54
85 55
84 56
84 56
84 57
84 58
84 59
84 59
84 60
84 61
83 62
83 63
83 64
83 64
83 65
83 66
83 67
83 68
83 69
83 70
83 70
83 71
83 72
82 73
82 74
82 75
82 75
82 76
82 77
83 78
83 79
83 80
83 81
83 81
83 82
83 83
84 84
84 85
84 86
84 86
84 87
85 88
85 89
85 89
86 90
87 91
87 91
88 91
89 91
90 91
90 91
91 91
92 91
93 91
93 91
94 90
95 90
96 89
96 89
97 88
98 88
99 87
