8 65
7 64
7 64
7 63
7 62
7 62
7 61
7 61
7 60
7 60
7 59
7 58
7 58
6 57
6 56
6 56
6 55
6 55
5 54
5 54
4 53
4 53
4 54
4 54
3 55
3 55
3 56
2 57
2 58
2 58
2 59
1 60
1 61
1 62
1 62
1 63
0 64
0 65
0 66
0 66
0 67
0 68
0 69
0 70
0 70
0 71
0 72
0 73
0 74
0 75
0 75
0 76
0 77
0 78
0 79
0 80
0 80
0 81
0 82
0 83
0 84
0 85
0 85
0 86
0 87
0 88
0 88
0 89
0 90
0 91
0 91
1 92
1 93
1 93
2 93
2 93
2 93
3 92
3 91
3 91
3 90
3 89
4 88
4 87
4 86
4 86
4 85
4 84
5 83
5 82
5 81
5 80
5 80
5 79
5 78
5 77
6 76
6 75
6 74
6 73
6 73
6 72
6 71
6 70
7 69
7 68
7 67
7 66
7 65
7 65
7 64
7 63
7 62
7 61
8 60
8 59
8 58
8 57
8 56
8 56
8 55
8 54
8 53
8 52
9 51
9 50
9 49
9 48
9 47
9 46
9 46
9 45
9 44
9 43
10 42
10 41
10 40
10 39
10 38
10 38
10 37
10 36
10 35
11 34
11 33
11 32
11 31
11 31
11 30
11 29
11 28
11 27
11 26
11 26
11 25
12 24
12 23
12 22
12 22
12 21
12 20
12 20
12 20
12 20
11 20
11 20
11 21
11 22
11 22
11 23
11 24
11 25
11 26
11 26
11 27
11 28
10 29
10 30
10 31
10 32
10 32
10 33
10 34
10 35
9 36
9 37
9 38
9 39
9 39
9 40
9 41
9 42
8 43
8 44
8 45
8 46
8 47
8 47
8 48
8 49
8 50
8 51
8 52
8 53
8 54
8 55
8 56
8 57
8 57
8 58
8 59
8 60
8 61
7 62
7 63
7 64
7 65
7 66
7 67
7 67
7 68
7 69
7 70
7 71
7 72
7 73
7 74
7 75
7 75
7 76
7 77
7 78
7 79
7 80
7 81
7 82
7 83
7 83
7 84
7 85
7 86
8 87
8 88
8 89
8 90
8 90
8 91
8 92
8 93
8 94
8 94
9 95
9 96
10 97
10 98
10 98
11 99
11 99
12 99
13 99
13 99
14 98
14 98
15 97
15 96
16 95
16 95
17 94
17 93
18 92
18 91
18 91
18 90
19 89
19 88
19 87
20 86
20 85
20 85
20 84
21 83
21 82
21 81
22 80
22 79
22 79
22 78
23 77
23 76
23 75
24 74
24 73
24 73
24 72
24 71
24 70
25 69
25 68
25 67
25 66
25 66
25 65
25 64
26 63
26 62
26 61
26 61
26 60
26 59
27 58
27 57
27 56
27 56
27 55
27 54
27 53
27 52
27 52
26 51
26 50
26 50
26 49
26 49
25 49
25 49
25 49
24 50
24 50
24 51
24 51
23 52
23 53
23 53
23 54
23 55
23 56
23 56
23 57
22 58
22 59
22 60
22 60
22 61
22 62
22 63
22 64
22 65
22 65
22 66
22 67
21 68
21 69
21 70
21 71
21 71
21 72
21 73
21 74
21 75
21 76
21 77
21 77
21 78
21 79
21 80
21 81
21 82
21 83
21 84
21 84
21 85
21 86
21 87
21 88
21 89
21 89
21 90
21 91
21 92
21 93
21 93
22 94
22 95
22 95
23 96
23 96
24 96
25 96
25 96
26 95
26 94
26 94
27 93
27 92
28 91
28 91
29 90
29 89
30 88
30 87
30 87
31 86
31 85
32 84
32 83
33 82
33 82
33 81
34 80
34 79
34 78
35 77
35 76
35 76
35 75
35 74
36 73
36 72
36 71
36 70
37 69
37 68
37 67
37 66
38 65
38 64
38 63
38 62
38 61
39 60
39 59
39 58
39 57
40 56
40 55
40 54
40 53
41 52
41 51
41 50
41 49
41 48
42 47
42 46
42 45
42 44
43 43
43 42
43 41
43 40
43 39
44 38
44 37
44 36
44 35
45 34
45 33
45 32
45 31
46 30
46 29
46 28
46 27
46 26
47 25
47 24
47 23
47 22
48 21
48 20
48 19
48 18
49 17
49 16
49 15
49 15
49 14
49 13
49 12
49 11
49 10
49 10
49 9
49 9
49 8
49 8
49 8
50 9
50 9
50 10
50 11
50 11
50 12
49 13
49 14
49 15
49 15
49 16
49 17
49 18
49 19
49 20
49 20
49 21
49 22
49 23
49 24
49 25
49 26
49 27
49 27
49 28
49 29
49 30
49 31
48 32
48 33
48 34
48 35
48 36
48 36
48 37
48 38
48 39
47 40
47 41
47 42
47 43
47 44
47 44
47 45
47 46
47 47
47 48
46 49
46 50
46 51
46 52
46 53
46 53
46 54
46 55
46 56
46 57
46 58
46 59
46 60
46 61
46 62
46 62
46 63
46 64
45 65
45 66
45 67
45 68
45 68
45 69
45 70
45 71
45 72
45 73
45 73
45 74
44 75
44 76
44 77
44 77
44 78
44 79
44 79
44 80
44 80
44 80
44 79
44 79
45 78
45 77
45 77
45 76
45 75
45 74
45 73
45 73
45 72
46 71
46 70
46 69
46 69
46 68
47 67
47 66
47 65
47 65
47 64
48 63
48 62
48 61
48 61
48 60
49 59
49 58
49 58
49 57
50 56
50 55
50 55
51 54
51 53
51 53
52 52
52 51
52 51
53 50
53 50
54 50
54 50
55 51
55 51
56 52
56 53
56 53
56 54
56 55
56 56
56 56
56 57
56 58
56 59
56 60
56 60
56 61
56 62
56 63
56 64
56 64
56 65
56 66
56 67
56 68
56 69
56 69
56 70
56 71
55 72
55 73
55 74
55 74
55 75
54 76
54 77
54 78
54 78
54 79
53 80
53 81
53 82
53 82
53 83
52 84
52 85
52 85
51 86
51 87
51 87
50 88
50 88
49 88
49 88
48 88
48 88
47 87
47 86
47 86
47 85
47 84
47 84
47 83
46 82
46 81
46 81
46 80
46 79
46 78
46 77
46 77
46 76
46 75
47 74
47 73
47 72
47 72
47 71
48 70
48 69
48 68
48 67
49 66
49 65
49 64
49 63
50 62
50 61
50 60
51 59
51 58
51 57
51 56
52 55
52 54
52 53
53 52
53 51
53 50
53 49
54 48
54 47
54 46
54 45
55 44
55 43
55 42
56 41
56 40
56 39
56 38
57 37
57 36
57 35
57 34
58 33
58 32
58 31
59 30
59 29
59 28
59 27
60 26
60 25
60 24
60 23
61 22
61 21
61 20
62 19
62 18
62 17
62 16
63 15
63 14
63 13
64 12
64 11
64 10
64 9
65 8
65 7
65 6
65 5
66 4
66 3
66 3
67 2
67 1
67 1
67 0
67 0
67 1
67 1
67 2
67 2
67 3
67 4
67 4
67 5
67 6
67 7
67 8
67 8
67 9
67 10
67 11
67 12
67 13
67 13
67 14
67 15
67 16
67 17
67 18
67 18
67 19
67 20
67 21
66 22
66 23
66 24
66 25
66 25
66 26
66 27
66 28
66 29
66 30
66 31
66 32
66 33
66 33
66 34
66 35
66 36
65 37
65 38
65 39
65 40
65 41
65 41
65 42
65 43
65 44
65 45
65 46
65 47
65 48
65 49
65 50
65 50
65 51
65 52
65 53
65 54
64 55
64 56
64 57
64 58
64 59
64 59
64 60
64 61
64 62
64 63
63 64
63 65
63 66
63 67
63 68
63 68
63 69
63 70
62 71
62 72
62 73
62 74
62 74
62 75
62 76
62 77
62 78
62 79
62 80
62 80
62 81
62 82
62 83
62 84
62 84
62 85
61 86
61 87
61 87
61 88
61 89
61 89
61 89
61 89
61 88
61 87
61 87
61 86
61 85
61 85
61 84
61 83
62 82
62 81
62 80
62 80
62 79
62 78
62 77
62 76
62 75
62 75
62 74
62 73
63 72
63 71
63 70
63 69
63 69
63 68
63 67
64 66
64 65
64 64
64 64
64 63
64 62
65 61
65 60
65 59
65 59
65 58
65 57
65 56
65 56
65 55
66 54
66 53
66 53
67 52
67 51
67 51
68 50
68 49
68 49
69 48
69 48
69 48
70 48
70 48
71 49
71 49
71 50
71 51
71 52
71 52
71 53
71 54
71 55
71 56
71 56
71 57
70 58
70 59
70 60
70 60
70 61
70 62
70 63
70 64
70 65
70 66
70 66
70 67
70 68
69 69
69 70
69 71
69 71
69 72
69 73
68 74
68 75
68 76
68 76
68 77
68 78
67 79
67 80
67 81
67 81
67 82
66 83
66 84
66 85
66 85
66 86
65 87
65 88
65 89
65 89
65 90
64 91
64 92
64 92
63 93
63 93
63 93
62 92
62 92
62 91
62 90
62 90
62 89
62 88
62 87
62 87
62 86
62 85
62 84
62 84
62 83
63 82
63 81
63 81
63 80
64 79
64 78
64 78
64 77
65 76
65 75
65 75
66 74
66 73
67 72
68 71
68 70
69 69
70 68
70 67
71 66
71 66
71 67
71 68
71 69
71 69
71 69
71 69
71 68
71 68
71 67
71 67
71 66
71 65
71 65
71 64
72 63
72 62
72 62
72 61
73 60
73 59
73 59
73 58
73 57
73 57
74 56
74 56
74 55
74 55
75 55
75 55
75 55
75 56
75 57
75 57
76 58
76 58
76 59
76 60
76 61
76 61
76 62
76 63
76 64
76 64
76 65
76 66
76 67
76 68
76 68
76 69
76 70
76 71
76 72
76 72
76 73
76 74
76 75
76 76
76 76
76 77
76 78
76 79
76 79
76 80
75 81
75 82
75 82
75 83
75 84
75 84
75 84
75 83
75 83
75 82
75 81
75 80
75 79
75 78
75 77
75 76
75 75
75 74
75 73
75 72
75 71
75 70
75 69
75 68
75 67
75 66
75 65
75 64
75 63
75 62
75 61
75 60
75 59
75 58
75 57
75 56
75 55
75 54
75 53
75 52
75 52
75 51
75 50
75 49
75 48
75 47
75 46
75 45
75 44
75 43
75 43
76 42
76 41
76 41
75 40
75 39
75 39
75 38
75 38
76 38
76 38
76 38
76 38
76 38
77 39
77 39
77 40
77 40
77 41
77 42
77 42
78 43
78 44
78 44
78 45
78 46
78 47
78 48
78 49
78 50
78 51
78 52
78 53
78 54
79 55
79 56
79 57
79 58
79 59
79 60
79 61
79 62
79 63
79 64
79 65
79 65
79 66
79 67
80 68
80 69
80 70
80 70
81 71
81 71
81 71
81 71
82 71
82 71
82 71
83 70
83 69
83 69
84 68
84 67
84 67
85 66
86 65
86 65
86 64
87 63
87 62
87 61
87 61
87 60
88 59
88 58
88 57
88 57
88 56
89 55
89 54
89 53
89 53
89 52
90 51
90 50
90 49
90 49
90 48
91 47
91 46
91 45
91 45
91 44
91 43
91 42
91 41
91 41
91 40
91 39
91 38
91 38
91 37
91 36
91 36
90 35
90 35
89 34
89 34
88 33
88 33
87 34
87 34
86 35
86 35
85 36
85 36
85 37
85 38
85 38
85 39
84 40
84 41
84 42
84 42
84 43
84 44
83 45
83 46
83 47
83 47
83 48
83 49
82 50
82 51
82 52
82 52
82 53
82 54
82 55
82 56
82 57
82 58
82 58
82 59
82 60
81 61
81 62
81 63
81 64
81 64
81 65
81 66
81 67
81 68
81 69
81 69
81 70
81 71
81 72
81 73
81 73
81 74
82 75
82 76
82 76
83 77
83 77
84 78
84 78
85 77
86 77
86 77
87 76
88 76
88 76
89 75
90 74
91 73
91 73
92 72
93 71
93 71
94 70
95 69
95 68
96 67
96 67
97 66
98 65
99 64
