9 57
9 58
9 59
9 60
9 60
9 60
9 59
9 59
9 59
9 59
9 59
9 58
9 58
9 58
10 57
10 56
10 56
10 55
10 55
10 54
10 54
10 53
10 53
10 52
10 52
9 51
9 51
9 50
9 50
8 50
8 50
8 50
7 51
6 52
6 52
6 53
6 54
5 55
5 56
5 57
5 57
5 58
5 59
4 60
4 61
4 62
4 62
4 63
3 64
3 65
2 66
2 67
2 67
2 68
2 69
2 70
1 71
1 72
1 73
1 74
1 74
1 75
1 76
1 77
0 78
0 79
0 80
0 81
0 81
0 82
0 83
0 84
0 85
0 86
0 86
0 87
0 88
0 89
0 90
0 90
0 91
0 92
0 93
0 93
0 93
1 93
1 93
2 92
2 91
2 91
2 90
3 89
3 88
3 87
3 87
3 86
4 85
4 84
4 83
4 82
5 81
5 80
5 80
5 79
6 78
6 77
7 76
7 75
8 74
8 73
8 73
8 72
9 71
9 70
9 69
9 68
10 67
10 66
10 65
10 65
10 64
10 63
11 62
11 61
11 60
11 59
11 58
12 57
12 56
12 55
12 55
12 54
12 53
13 52
13 51
13 50
13 49
13 48
13 47
14 46
14 45
14 44
14 44
14 43
14 42
15 41
15 40
15 39
15 38
15 37
15 36
16 35
16 34
16 33
16 33
16 32
16 31
16 30
16 29
17 28
17 27
17 26
17 25
17 24
17 23
17 23
17 22
17 21
17 20
17 19
17 18
18 17
18 16
18 15
18 14
18 13
18 12
18 12
18 11
18 10
18 9
19 8
19 7
19 6
19 5
19 5
19 4
19 3
19 2
19 2
19 1
19 1
18 1
18 1
18 2
18 3
18 4
18 4
18 5
18 6
17 7
17 8
17 9
17 9
17 10
16 11
16 12
16 13
16 14
15 15
15 16
15 17
15 17
15 18
15 19
15 20
15 21
15 22
14 23
14 24
14 25
14 26
14 27
14 28
14 28
14 29
14 30
13 31
13 32
13 33
13 34
13 35
13 36
12 37
12 38
12 39
12 39
12 40
12 41
12 42
12 43
12 44
12 45
11 46
11 47
11 48
11 49
11 50
11 51
11 52
11 52
11 53
11 54
10 55
10 56
10 57
10 58
10 59
10 60
9 61
9 62
9 63
9 64
9 64
9 65
9 66
9 67
9 68
9 69
8 70
8 71
8 72
8 73
8 74
8 75
8 75
8 76
8 77
8 78
8 79
8 80
8 81
8 82
8 83
8 84
8 84
8 85
8 86
8 87
8 88
8 89
8 90
8 90
8 91
8 92
8 93
8 94
8 95
8 95
8 96
8 97
8 98
8 98
9 99
9 99
9 99
10 98
10 98
11 97
11 96
12 95
12 95
12 94
13 93
13 92
13 91
13 91
14 90
14 89
15 88
15 88
15 87
16 86
16 85
16 84
16 84
16 83
17 82
17 81
17 81
17 80
18 79
18 78
18 78
19 77
19 76
19 76
20 75
20 74
20 74
21 73
21 73
22 72
22 71
22 71
22 70
22 69
22 69
22 68
23 67
23 66
23 66
23 65
24 64
24 63
24 63
24 62
24 61
24 61
25 60
25 60
25 59
25 59
24 58
24 58
24 57
24 57
23 56
23 56
23 56
22 56
22 56
21 57
21 57
20 58
20 59
20 59
20 60
19 61
19 62
19 62
19 63
19 64
19 65
19 66
19 67
19 67
19 68
19 69
18 70
18 71
18 72
18 72
18 73
18 74
18 75
18 76
18 77
18 77
18 78
18 79
18 80
18 81
18 81
18 82
19 83
19 84
19 85
19 85
19 86
19 87
19 88
19 88
20 89
21 89
21 89
22 90
22 90
23 90
23 90
24 89
25 89
25 89
26 88
26 88
27 87
27 87
28 86
28 86
29 85
29 85
29 84
29 84
29 83
29 82
29 81
30 80
30 79
30 78
30 77
30 76
30 75
30 74
30 73
31 72
31 71
31 70
31 69
31 68
31 67
31 66
32 65
32 64
32 63
32 62
32 61
32 60
32 59
33 58
33 57
33 56
33 55
33 54
33 53
33 52
33 51
34 50
34 49
34 48
34 47
34 46
34 45
34 44
35 43
35 42
35 41
35 40
35 39
35 38
35 37
35 36
36 35
36 34
36 33
36 32
36 31
36 30
36 29
37 28
37 27
37 26
37 25
37 24
37 23
37 22
38 21
38 20
38 19
38 18
38 17
38 16
38 15
38 14
39 13
39 12
39 11
39 10
39 10
40 9
40 8
40 8
40 7
40 7
40 7
40 8
40 9
40 10
40 11
40 11
40 12
40 13
40 14
40 15
40 16
40 16
40 17
40 18
40 19
40 20
40 21
40 22
40 22
40 23
40 24
40 25
40 26
40 27
40 28
40 29
40 30
40 30
40 31
40 32
40 33
40 34
40 35
40 36
40 37
40 38
40 39
40 39
40 40
40 41
40 42
40 43
39 44
39 45
39 46
39 47
39 48
39 48
39 49
39 50
39 51
39 52
38 53
38 54
38 55
38 56
38 57
38 57
38 58
38 59
38 60
37 61
37 62
37 63
37 64
37 65
37 65
37 66
37 67
37 68
36 69
36 70
36 71
36 72
36 72
36 73
35 74
35 75
34 76
34 77
34 77
34 78
34 79
34 80
34 81
34 81
33 82
33 82
33 82
34 81
34 81
34 80
34 79
34 78
34 78
34 77
35 76
35 75
35 75
35 74
35 73
36 72
36 71
36 70
36 70
36 69
37 68
37 67
37 66
37 66
37 65
38 64
38 63
38 62
38 62
38 61
39 60
39 59
39 59
40 58
40 58
41 58
41 58
42 59
42 59
43 60
43 61
43 61
43 62
43 63
43 63
43 64
43 65
43 66
43 66
43 67
43 68
43 69
43 69
43 70
43 71
42 72
42 73
42 74
42 74
42 75
42 76
41 77
41 78
41 79
41 79
41 80
40 81
40 82
40 83
40 83
39 84
39 85
38 86
38 87
38 87
37 88
37 89
36 90
36 91
36 91
35 92
35 93
35 93
34 94
33 94
33 94
32 94
32 94
32 93
32 93
32 92
31 91
31 90
31 90
31 89
31 88
31 87
31 87
31 86
31 85
32 84
32 83
32 82
32 82
32 81
33 80
33 79
33 78
33 78
33 77
33 76
34 75
34 74
34 73
34 72
34 72
35 71
35 70
36 69
36 68
36 68
36 67
37 66
37 65
37 64
37 63
38 62
38 61
38 60
38 59
39 58
39 57
39 56
39 55
40 54
40 53
40 52
40 51
41 50
41 49
41 48
41 47
42 46
42 45
42 44
42 43
43 42
43 41
43 40
43 39
44 38
44 37
44 36
44 35
45 34
45 33
45 32
45 31
46 30
46 29
46 28
46 27
47 26
47 25
47 24
47 23
48 22
48 21
48 20
48 19
49 18
49 17
49 16
49 15
50 14
50 13
50 12
50 11
51 10
51 9
51 9
51 8
52 7
52 6
53 5
53 4
53 4
53 3
53 2
53 1
53 1
53 0
53 0
53 1
53 1
53 2
53 2
53 3
53 4
53 5
53 6
53 6
53 7
54 8
54 9
54 10
54 10
54 11
54 12
54 13
54 14
54 15
54 16
54 16
54 17
54 18
54 19
53 20
53 21
53 22
53 23
53 23
53 24
53 25
53 26
53 27
53 28
53 29
53 30
53 31
53 31
53 32
53 33
53 34
53 35
52 36
52 37
52 38
52 39
52 40
52 40
52 41
52 42
52 43
52 44
51 45
51 46
51 47
51 48
51 49
51 49
51 50
51 51
51 52
50 53
50 54
50 55
50 56
50 57
50 57
50 58
50 59
50 60
49 61
49 62
49 63
49 64
49 64
49 65
49 66
49 67
49 68
49 69
49 70
49 70
49 71
48 72
48 73
48 74
48 74
48 75
48 76
48 76
48 77
48 77
48 76
48 76
48 76
48 75
48 74
48 74
48 73
49 72
49 71
49 71
49 70
49 69
50 68
50 67
50 66
50 66
50 65
51 64
51 63
51 62
51 62
51 61
52 60
52 59
53 58
53 57
53 57
54 56
55 56
55 56
56 55
57 55
57 55
58 56
58 56
59 57
59 58
60 59
60 59
60 60
60 61
60 62
60 62
60 63
61 64
61 65
61 66
61 66
61 67
60 68
60 69
60 70
60 70
60 71
60 72
60 73
60 74
60 75
60 76
60 76
60 77
59 78
59 79
58 80
58 81
58 81
58 82
57 83
57 84
57 85
57 85
56 86
56 87
55 88
55 89
55 89
54 90
54 91
53 92
53 92
52 93
52 94
52 94
51 93
50 93
50 93
50 92
50 92
50 91
49 90
49 89
49 89
49 88
49 87
49 86
49 85
49 84
49 84
49 83
49 82
49 81
49 80
49 79
49 79
49 78
49 77
50 76
50 75
50 74
50 73
50 73
50 72
51 71
51 70
51 69
51 69
52 68
52 67
52 67
53 67
54 66
55 66
56 65
57 65
58 65
59 64
60 64
61 63
62 63
63 62
64 62
65 62
66 61
67 61
68 60
69 60
69 60
70 61
70 61
70 60
69 59
69 58
69 58
69 58
69 58
69 57
69 57
69 57
69 57
69 57
69 58
69 59
69 60
69 60
69 61
69 62
69 63
69 64
69 64
69 65
69 66
68 67
68 68
68 69
68 69
68 70
68 71
68 72
68 73
68 74
68 74
68 75
67 76
67 77
67 78
67 78
67 79
67 80
67 81
67 81
67 82
67 83
67 83
67 84
67 84
67 84
67 84
67 83
67 83
68 82
68 82
68 81
68 80
68 79
68 78
68 78
68 77
69 76
69 75
69 74
69 74
69 73
69 72
69 71
69 70
69 69
69 68
69 67
69 66
69 65
69 64
69 63
69 62
69 61
70 60
70 59
70 58
70 57
70 56
70 55
70 54
70 53
70 52
70 51
70 50
70 49
70 48
70 47
70 47
70 46
70 45
70 44
70 43
70 42
70 41
70 40
70 40
70 39
69 38
69 37
69 37
69 36
69 35
69 35
69 34
69 34
69 34
69 34
69 34
69 35
69 35
70 36
70 37
70 37
70 38
70 39
70 39
71 40
71 41
71 41
71 42
71 43
71 44
71 44
71 45
72 46
72 47
72 48
72 48
72 49
72 50
72 51
72 51
72 52
72 53
72 54
72 55
72 55
72 56
72 57
72 58
72 58
72 59
73 60
73 61
73 61
73 62
73 63
73 63
74 64
74 65
74 65
75 66
75 66
76 67
76 67
77 68
78 68
78 68
79 68
80 68
80 68
81 67
81 67
82 66
83 66
83 66
84 65
85 64
85 64
86 63
86 62
86 62
87 61
88 60
88 60
89 59
89 59
89 58
89 57
89 57
88 56
88 56
88 55
88 54
88 54
87 54
86 54
86 54
85 55
84 55
84 55
83 56
82 57
82 57
81 58
81 59
80 60
80 61
80 61
79 62
79 63
78 64
78 65
78 65
77 66
77 67
76 68
76 69
76 69
76 70
76 71
76 72
76 73
76 74
76 74
76 75
76 76
76 77
76 77
76 78
77 79
77 80
77 81
77 81
78 82
78 83
78 83
79 84
80 84
80 84
81 84
82 85
83 85
83 85
84 85
85 84
86 84
86 84
87 83
88 83
89 82
89 82
90 81
91 81
92 80
92 80
93 79
94 78
95 77
95 77
96 76
97 76
97 76
98 75
99 75
