8 72
9 73
9 73
9 73
9 72
9 72
9 72
9 71
9 70
9 70
9 69
9 68
9 68
9 67
9 66
9 66
9 65
9 64
9 64
9 63
9 62
9 61
9 61
9 60
9 59
9 59
8 58
8 57
8 57
7 56
7 55
7 55
6 54
6 54
5 55
5 55
5 56
4 57
4 58
4 58
4 59
3 60
3 61
3 61
3 62
3 63
2 64
2 65
2 66
2 67
2 67
2 68
2 69
2 70
1 71
1 72
1 73
1 74
1 74
1 75
1 76
1 77
1 78
1 79
1 80
1 81
1 81
1 82
1 83
1 84
0 85
0 86
0 87
0 88
0 89
0 89
0 90
0 91
0 92
0 93
0 94
0 94
0 95
0 96
0 97
0 97
0 98
0 99
0 99
0 99
1 99
1 99
1 98
2 97
2 96
2 95
2 95
2 94
3 93
3 92
3 91
3 91
3 90
4 89
4 88
5 87
5 86
5 86
5 85
5 84
5 83
6 82
6 81
6 80
6 79
6 78
6 78
6 77
6 76
6 75
7 74
7 73
7 72
7 71
7 70
7 70
7 69
7 68
8 67
8 66
8 65
8 64
9 63
9 62
9 61
9 61
9 60
9 59
9 58
9 57
10 56
10 55
10 54
10 53
10 52
10 51
10 51
10 50
10 49
11 48
11 47
11 46
11 45
11 44
12 43
12 42
12 41
12 41
12 40
12 39
12 38
12 37
13 36
13 35
13 34
13 33
13 32
13 31
13 31
13 30
13 29
13 28
13 27
14 26
14 25
14 24
14 23
14 22
14 22
14 21
14 20
14 19
14 18
14 17
14 16
14 16
14 15
15 14
15 13
15 12
15 12
15 11
15 11
15 12
15 12
14 13
14 14
14 14
14 15
14 16
14 17
14 18
14 19
14 20
14 20
14 21
14 22
14 23
13 24
13 25
13 26
13 27
13 28
13 28
13 29
12 30
12 31
12 32
12 33
11 34
11 35
11 36
11 36
11 37
11 38
11 39
11 40
10 41
10 42
10 43
10 44
10 45
10 46
10 46
10 47
10 48
10 49
10 50
10 51
10 52
10 53
10 54
10 55
10 56
10 57
10 57
10 58
10 59
10 60
10 61
9 62
9 63
9 64
9 65
9 66
9 67
9 67
9 68
9 69
9 70
9 71
9 72
9 73
9 74
9 75
9 75
9 76
9 77
9 78
9 79
9 80
9 81
9 82
9 82
9 83
9 84
9 85
9 86
9 87
9 88
9 88
9 89
10 90
10 91
10 91
11 92
11 93
11 93
12 94
12 94
13 93
14 93
14 93
14 92
15 91
15 90
15 90
16 89
16 88
17 87
17 87
17 86
18 85
18 84
19 83
19 82
19 82
19 81
20 80
20 79
21 78
21 77
21 77
21 76
21 75
22 74
22 73
22 72
22 71
22 71
22 70
23 69
23 68
23 67
24 66
24 65
24 65
24 64
24 63
25 62
25 61
25 60
25 59
25 59
25 58
25 57
25 56
25 55
25 54
25 53
25 53
25 52
26 51
26 50
26 49
26 49
26 48
26 47
26 46
26 46
25 45
25 45
24 45
24 45
23 46
23 47
23 47
23 48
22 49
22 50
22 51
22 51
22 52
22 53
21 54
21 55
21 56
21 57
21 57
21 58
20 59
20 60
20 61
19 62
19 63
19 63
19 64
19 65
19 66
18 67
18 68
18 69
18 70
18 70
18 71
18 72
18 73
18 74
18 75
18 76
18 76
18 77
18 78
18 79
18 80
18 81
18 81
18 82
18 83
18 84
18 85
18 85
18 86
19 87
19 88
19 88
20 89
20 89
21 90
22 90
22 90
23 89
23 89
24 88
25 87
25 87
26 86
27 85
27 85
28 84
28 83
29 82
29 82
30 81
30 80
30 80
31 79
31 78
32 77
32 77
33 76
33 75
33 75
33 74
34 73
34 72
34 72
34 71
34 70
34 69
35 68
35 67
35 66
35 65
35 64
35 63
36 62
36 61
36 60
36 59
36 58
36 57
36 56
37 55
37 54
37 53
37 52
37 51
37 50
38 49
38 48
38 47
38 46
38 45
38 44
38 43
39 42
39 41
39 40
39 39
39 38
39 37
40 36
40 35
40 34
40 33
40 32
40 31
40 30
41 29
41 28
41 27
41 26
41 25
41 24
42 23
42 22
42 21
42 20
42 20
42 19
42 18
42 17
42 16
42 15
42 15
41 14
41 13
41 13
41 12
41 11
41 11
41 10
41 10
41 9
41 9
41 8
41 8
41 8
41 9
41 9
41 10
41 11
41 11
41 12
41 13
41 14
41 15
41 16
41 16
41 17
41 18
41 19
41 20
41 21
41 22
41 22
41 23
41 24
41 25
40 26
40 27
40 28
40 29
40 29
40 30
40 31
40 32
40 33
40 34
40 35
40 36
40 37
40 37
40 38
40 39
40 40
40 41
40 42
40 43
40 44
40 45
40 46
40 46
40 47
40 48
40 49
39 50
39 51
39 52
39 53
39 54
39 54
39 55
39 56
39 57
38 58
38 59
38 60
38 61
38 62
38 62
38 63
38 64
38 65
38 66
38 67
38 68
38 68
38 69
38 70
37 71
37 72
37 73
37 74
37 74
37 75
37 76
37 77
37 78
37 78
36 79
36 80
36 80
36 81
36 81
36 81
36 80
36 80
36 79
37 78
37 77
37 77
37 76
37 75
37 74
37 73
37 73
37 72
37 71
38 70
38 69
38 68
38 68
38 67
38 66
39 65
39 64
39 63
39 63
39 62
40 61
40 60
40 59
40 59
41 58
41 57
41 57
42 56
43 56
43 56
44 57
44 57
45 58
45 58
45 59
46 60
46 61
46 61
46 62
46 63
46 64
46 65
46 65
46 66
46 67
46 68
46 69
46 69
46 70
45 71
45 72
45 73
45 73
45 74
45 75
44 76
44 77
44 78
44 78
43 79
43 80
42 81
42 82
42 82
42 83
42 84
41 85
41 86
41 87
41 87
40 88
39 89
39 89
38 90
37 91
37 91
36 91
36 91
35 90
35 90
35 89
35 88
35 87
35 87
35 86
35 85
35 84
35 83
35 82
35 82
35 81
35 80
35 79
35 78
35 77
35 76
35 76
35 75
35 74
35 73
36 72
36 71
36 70
36 69
36 68
36 68
36 67
36 66
37 65
37 64
37 63
37 62
37 61
37 60
38 59
38 58
38 57
38 56
38 55
39 54
39 53
39 52
39 51
39 50
39 49
40 48
40 47
40 46
40 45
40 44
41 43
41 42
41 41
41 40
41 39
41 38
42 37
42 36
42 35
42 34
42 33
43 32
43 31
43 30
43 29
43 28
43 27
44 26
44 25
44 24
44 23
44 22
45 21
45 20
45 19
45 18
45 17
45 16
46 15
46 14
46 13
46 13
47 12
47 11
48 10
48 9
49 8
49 7
50 6
50 5
51 4
51 4
52 3
52 2
52 2
52 1
52 0
52 0
53 1
53 1
54 2
54 2
54 3
54 4
54 4
54 5
55 6
55 7
55 8
55 8
55 9
55 10
55 11
55 12
55 13
55 13
55 14
55 15
55 16
54 17
54 18
54 19
54 20
54 20
54 21
54 22
54 23
54 24
54 25
54 26
54 27
54 28
54 28
54 29
54 30
54 31
53 32
53 33
53 34
53 35
53 35
53 36
53 37
53 38
53 39
53 40
53 41
53 42
53 43
53 43
53 44
53 45
53 46
52 47
52 48
52 49
52 50
52 50
52 51
52 52
52 53
52 54
52 55
52 56
52 57
52 57
52 58
52 59
51 60
51 61
51 62
51 63
51 63
51 64
51 65
51 66
51 67
51 68
51 69
51 69
51 70
51 71
50 72
50 73
50 74
50 74
50 75
49 76
49 77
49 78
49 78
49 79
49 80
49 80
49 81
49 81
49 81
49 81
49 80
49 79
49 79
49 78
49 77
49 76
49 76
49 75
49 74
50 73
50 72
50 71
50 71
50 70
50 69
51 68
51 67
51 66
51 66
51 65
52 64
52 63
52 62
52 61
53 60
53 59
53 59
53 58
53 57
54 56
54 55
54 54
54 54
55 53
55 52
56 51
56 51
57 50
57 49
57 49
58 49
58 49
59 50
59 50
60 51
60 52
60 52
60 53
61 54
61 55
61 55
61 56
61 57
61 58
61 59
61 59
61 60
61 61
61 62
61 63
61 63
61 64
61 65
60 66
60 67
60 68
60 68
60 69
59 70
59 71
59 72
59 72
59 73
59 74
58 75
58 76
58 77
58 77
58 78
57 79
57 80
57 80
56 81
56 82
55 83
55 84
55 84
54 85
54 85
53 86
53 86
52 86
52 86
52 85
52 84
52 84
52 83
52 82
52 82
52 81
52 80
52 79
52 78
52 78
52 77
52 76
53 75
53 74
53 73
53 73
53 72
53 71
54 70
54 69
54 68
54 68
55 67
55 66
56 65
57 64
57 63
58 62
58 61
59 60
60 59
60 58
61 57
62 56
62 55
63 54
63 53
64 52
65 51
65 50
66 49
66 49
67 50
68 51
68 51
68 51
68 52
68 52
68 53
68 54
68 54
68 55
68 56
68 56
68 57
68 58
68 59
68 59
68 60
68 61
68 62
68 62
68 63
68 64
68 65
68 66
68 66
68 67
68 68
68 69
68 70
68 70
68 71
68 72
68 73
68 74
68 74
68 75
68 76
68 77
68 77
68 78
68 79
68 79
68 80
68 81
68 81
68 82
68 82
68 82
68 81
68 81
69 80
69 79
69 79
69 78
69 77
69 76
69 76
69 75
70 74
70 73
70 73
70 72
70 71
70 70
70 69
70 68
70 68
70 67
70 66
70 65
70 64
70 63
70 62
70 61
70 60
70 59
70 58
70 57
70 56
70 55
70 54
70 53
70 52
70 51
70 50
70 50
70 49
70 48
70 47
70 46
70 45
70 44
70 43
70 42
70 41
70 40
70 39
70 39
70 38
70 37
70 36
70 35
70 35
70 34
70 33
70 33
70 33
70 32
70 32
71 33
71 33
71 34
71 35
71 35
71 36
72 37
72 38
72 38
72 39
72 40
72 41
72 42
72 43
72 44
72 44
72 45
72 46
73 47
73 48
73 49
73 50
73 50
73 51
73 52
73 52
73 53
73 54
73 54
73 55
73 56
73 56
74 57
74 57
75 58
75 58
75 59
75 59
76 59
77 59
77 59
78 60
78 60
79 60
79 60
80 60
80 60
81 59
82 59
82 59
83 58
84 58
84 58
85 57
85 57
86 56
86 55
86 55
87 54
87 54
88 53
88 53
88 52
88 51
88 51
88 50
88 50
88 49
88 48
88 48
87 47
87 46
87 46
86 45
86 44
86 44
85 44
85 44
84 44
84 44
83 45
82 46
82 46
82 47
81 48
81 49
81 50
81 50
80 51
80 52
79 53
79 54
79 54
79 55
79 56
78 57
78 58
78 59
78 60
78 60
78 61
78 62
78 63
78 64
78 65
78 66
78 66
78 67
78 68
77 69
77 70
77 71
77 72
77 72
77 73
77 74
77 75
77 76
77 77
77 78
77 78
77 79
77 80
77 81
77 82
77 83
77 84
77 84
77 85
77 86
77 87
77 88
77 89
77 90
77 90
78 91
79 92
79 92
80 93
80 94
80 94
81 94
82 95
83 95
83 95
84 94
85 94
85 94
86 93
87 92
87 92
88 91
89 90
90 89
90 89
91 88
92 87
92 86
93 85
93 85
94 84
95 83
96 82
96 82
96 81
97 80
97 79
97 78
97 78
98 77
98 76
99 75
