6 59
5 58
5 57
5 57
5 57
5 56
5 56
4 55
4 55
4 54
4 54
4 54
3 54
3 54
3 55
3 55
3 56
3 56
3 57
2 58
2 59
2 59
2 60
2 61
2 62
2 62
2 63
1 64
1 65
1 65
1 66
1 67
1 68
1 69
1 70
1 70
1 71
1 72
0 73
0 74
0 75
0 75
0 76
0 77
0 78
0 79
0 80
0 81
0 81
0 82
0 83
0 84
0 85
0 86
0 86
0 87
0 88
0 89
0 90
0 91
0 91
0 92
0 93
0 94
0 95
0 95
0 96
0 97
0 97
0 98
0 98
1 98
1 98
2 97
2 96
2 96
2 95
3 94
3 93
3 93
3 92
3 91
4 90
4 89
4 88
4 88
4 87
4 86
5 85
5 84
5 83
5 82
5 82
5 81
5 80
5 79
6 78
6 77
6 76
6 75
6 75
6 74
6 73
6 72
7 71
7 70
7 69
7 68
7 67
7 67
7 66
7 65
7 64
8 63
8 62
8 61
8 60
8 60
8 59
8 58
8 57
9 56
9 55
9 54
9 53
9 52
9 52
9 51
9 50
9 49
10 48
10 47
10 46
10 45
10 44
10 44
10 43
10 42
10 41
10 40
10 39
10 38
10 37
10 36
10 36
10 35
10 34
10 33
11 32
11 31
11 30
11 29
11 28
11 28
11 27
11 26
11 25
11 24
11 23
11 22
11 21
11 20
11 20
11 19
11 18
11 17
11 16
11 15
11 14
11 13
11 13
11 12
11 11
12 10
12 9
12 8
12 7
12 7
12 6
12 5
12 4
12 4
12 3
12 2
12 2
12 1
12 1
12 0
12 0
12 1
12 1
12 2
12 2
11 3
11 4
11 4
11 5
11 6
11 7
11 7
11 8
11 9
10 10
10 11
10 12
10 12
10 13
10 14
10 15
10 16
10 17
10 17
10 18
10 19
10 20
9 21
9 22
9 23
9 24
9 24
9 25
9 26
9 27
9 28
9 29
9 30
9 30
9 31
9 32
9 33
8 34
8 35
8 36
8 37
8 37
8 38
8 39
8 40
8 41
8 42
8 43
8 44
8 45
8 45
8 46
8 47
8 48
8 49
8 50
8 51
8 52
8 53
8 54
8 55
8 55
8 56
8 57
8 58
8 59
7 60
7 61
7 62
7 63
7 64
7 64
7 65
7 66
7 67
7 68
8 69
8 70
8 71
8 72
8 73
8 73
8 74
8 75
8 76
8 77
8 78
8 79
8 80
8 81
8 81
8 82
8 83
8 84
9 85
9 86
9 87
9 88
9 88
9 89
9 90
9 91
9 92
9 93
9 93
9 94
10 95
10 96
10 96
11 97
11 98
11 98
12 99
12 99
12 98
13 97
13 96
13 95
13 94
14 93
14 92
14 91
14 90
15 89
15 88
15 87
15 86
16 85
16 84
16 83
16 82
17 81
17 80
17 79
17 78
18 77
18 76
18 75
18 74
19 73
19 72
19 72
18 73
18 74
18 74
18 74
17 73
17 73
17 73
16 74
16 74
16 75
16 75
16 76
16 76
17 77
17 78
17 78
17 79
17 79
18 80
18 81
18 81
18 82
18 82
19 82
19 82
20 81
20 80
20 80
21 79
21 79
21 78
22 77
22 76
22 76
22 75
23 74
23 73
23 73
23 72
23 71
23 70
23 70
23 69
24 68
24 67
24 66
24 66
24 65
24 64
24 63
24 63
24 62
24 61
24 60
24 60
24 59
24 58
24 58
23 57
23 56
23 56
22 56
22 56
22 56
21 57
21 57
20 58
20 59
20 59
19 60
19 61
19 61
19 62
18 63
18 64
18 64
18 65
17 66
17 67
17 68
17 68
17 69
17 70
16 71
16 72
16 73
16 73
16 74
16 75
16 76
16 77
16 77
16 78
16 79
16 80
16 81
16 81
16 82
16 83
16 84
16 85
16 85
16 86
17 87
17 88
17 89
17 89
17 90
18 91
18 92
18 92
19 93
19 93
20 94
20 94
21 94
22 94
22 94
23 93
23 93
24 92
25 91
25 91
25 90
26 89
26 88
26 88
26 87
26 86
27 85
27 84
27 83
27 82
28 81
28 80
28 79
28 78
29 77
29 76
29 75
29 74
29 73
30 72
30 71
30 70
30 69
31 68
31 67
31 66
31 65
32 64
32 63
32 62
32 61
32 60
33 59
33 58
33 57
33 56
34 55
34 54
34 53
34 52
35 51
35 50
35 49
35 48
35 47
36 46
36 45
36 44
36 43
37 42
37 41
37 40
37 39
38 38
38 37
38 36
38 35
38 34
39 33
39 32
39 31
39 30
40 29
40 28
40 27
40 26
41 25
41 24
41 23
41 23
41 22
41 21
41 20
41 19
41 19
41 18
41 18
40 18
40 18
40 18
40 19
40 19
39 20
39 20
39 21
39 22
39 23
39 23
39 24
39 25
39 26
39 26
39 27
38 28
38 29
38 30
38 30
38 31
38 32
38 33
38 34
38 35
38 36
38 36
38 37
38 38
38 39
38 40
38 41
38 42
38 43
38 43
38 44
38 45
38 46
38 47
38 48
38 49
38 50
38 50
38 51
38 52
38 53
37 54
37 55
37 56
37 57
37 58
37 58
37 59
37 60
37 61
37 62
37 63
37 64
37 65
37 65
37 66
37 67
36 68
36 69
36 70
36 71
36 71
36 72
36 73
36 74
36 75
36 76
36 77
36 77
36 78
36 79
36 80
36 81
36 81
36 82
36 83
35 84
35 85
35 86
35 86
35 87
35 88
35 88
35 89
35 90
35 90
35 90
35 89
35 89
35 88
35 87
35 87
35 86
35 85
35 84
35 83
35 83
35 82
35 81
36 80
36 79
36 78
36 77
36 77
36 76
36 75
36 74
36 73
36 72
36 72
36 71
36 70
37 69
37 68
37 67
37 67
37 66
38 65
38 64
38 63
38 63
38 62
39 61
39 60
39 60
40 59
40 58
40 58
41 57
41 56
41 56
42 55
42 55
43 55
43 55
44 55
44 55
45 56
45 56
45 57
45 58
45 58
45 59
46 60
46 61
46 61
46 62
46 63
46 64
46 65
46 65
46 66
46 67
46 68
46 69
46 69
46 70
45 71
45 72
45 73
45 73
45 74
44 75
44 76
44 77
44 77
44 78
43 79
43 80
43 81
43 81
43 82
42 83
42 84
42 85
42 85
41 86
41 87
40 88
40 89
40 89
39 90
39 91
38 92
38 92
37 93
37 94
37 94
36 95
35 95
35 95
34 94
34 94
34 93
34 93
34 92
34 91
34 91
34 90
34 89
34 88
34 88
34 87
35 86
35 85
35 84
35 83
36 82
36 81
36 80
37 79
37 78
37 77
38 76
38 75
38 74
38 73
39 72
39 71
39 70
40 69
40 68
40 67
41 66
41 65
41 64
41 63
42 62
42 61
42 60
43 59
43 58
43 57
44 56
44 55
44 54
44 53
45 52
45 51
45 50
46 49
46 48
46 47
47 46
47 45
47 44
47 43
48 42
48 41
48 40
49 39
49 38
49 37
50 36
50 35
50 34
50 33
51 32
51 31
51 30
52 29
52 28
52 27
53 26
53 25
53 24
53 23
54 22
54 21
54 21
55 20
55 20
55 20
55 21
55 21
55 22
55 22
55 23
55 23
55 24
55 24
54 25
54 26
54 26
54 27
54 28
54 29
54 30
54 30
54 31
54 32
54 33
54 34
54 34
54 35
54 36
54 37
54 38
54 39
54 39
54 40
54 41
53 42
53 43
53 44
53 45
53 45
53 46
53 47
53 48
53 49
53 50
53 51
53 52
53 52
53 53
53 54
53 55
52 56
52 57
52 58
52 59
52 59
52 60
52 61
51 62
51 63
51 64
51 65
51 65
51 66
51 67
51 68
51 69
51 70
51 71
51 71
51 72
51 73
51 74
50 75
50 76
50 77
50 78
50 78
50 79
50 80
50 81
50 82
50 83
50 83
50 84
49 85
49 86
49 87
49 87
49 88
49 89
49 90
49 91
49 91
49 92
49 92
49 93
49 93
49 93
49 92
49 92
49 91
49 90
49 89
49 89
49 88
49 87
49 86
49 85
49 85
49 84
49 83
50 82
50 81
50 80
50 80
50 79
50 78
50 77
50 76
50 75
50 74
50 74
50 73
50 72
51 71
51 70
51 69
51 68
51 68
51 67
52 66
52 65
52 64
52 64
52 63
53 62
53 61
53 61
53 60
54 59
54 58
54 58
55 57
55 57
56 56
56 55
56 55
57 55
58 55
58 55
58 55
59 56
59 56
60 57
60 57
60 58
60 58
60 59
61 60
61 61
61 61
61 62
61 63
61 63
61 64
60 65
60 66
60 66
60 67
60 68
60 69
60 70
60 70
60 71
60 72
60 73
60 73
60 74
59 75
59 76
59 77
59 77
59 78
58 79
58 80
58 80
58 81
57 82
57 83
57 83
57 84
56 85
56 86
56 86
55 87
55 88
55 88
55 89
54 90
54 91
54 91
53 92
53 92
52 92
52 92
51 92
51 92
51 92
51 91
51 91
51 90
51 90
52 89
52 88
52 88
52 87
52 86
52 86
53 85
53 84
53 84
54 83
54 83
55 82
55 81
56 80
57 79
57 78
58 77
59 76
59 75
60 74
61 73
61 72
62 71
62 70
63 69
64 68
64 67
65 66
66 65
66 64
67 63
68 62
68 61
69 60
69 60
69 61
69 61
69 62
69 62
69 63
69 63
69 64
69 64
68 65
68 66
68 66
68 67
68 68
68 68
68 69
68 70
68 71
68 71
68 72
67 73
67 74
67 74
67 75
67 76
67 77
67 77
67 78
67 79
67 80
67 81
67 81
67 82
66 83
66 84
66 85
66 85
66 86
66 87
66 88
66 89
66 89
66 90
66 91
66 92
66 93
66 93
66 94
65 95
65 96
65 96
65 97
65 98
65 98
65 99
65 99
65 99
65 99
66 99
66 99
66 98
66 97
66 97
66 96
66 95
66 94
66 94
66 93
66 92
67 91
67 90
67 89
67 89
67 88
67 87
67 86
67 85
67 84
67 83
67 83
67 82
67 81
67 80
67 79
67 78
67 77
67 77
67 76
67 75
67 74
67 73
67 72
67 71
67 70
68 69
68 68
68 67
68 66
68 65
68 64
68 63
68 62
68 61
68 61
68 60
68 59
68 58
68 57
68 56
69 55
69 54
69 53
69 52
69 51
69 50
69 50
69 49
69 48
69 48
69 47
69 46
69 46
69 45
69 45
70 45
70 45
70 45
70 45
71 46
71 46
71 47
71 47
72 48
72 48
72 49
72 50
72 50
73 51
73 51
73 52
73 53
73 53
73 54
73 55
73 56
73 57
73 58
73 59
74 60
74 61
74 62
74 63
74 64
74 65
74 66
74 67
74 68
74 69
74 70
74 71
75 72
75 73
75 74
75 75
75 76
75 77
75 78
75 78
75 79
75 79
75 79
75 80
75 80
75 80
75 81
75 81
75 82
75 82
76 83
76 83
76 83
77 83
77 83
77 83
78 82
78 82
79 82
79 82
80 81
80 80
80 80
81 79
81 79
81 78
81 77
81 77
82 76
82 75
82 75
82 74
83 73
83 72
83 72
83 71
84 70
84 69
84 69
85 68
85 67
85 67
85 66
85 65
85 65
85 64
85 64
84 63
84 63
84 62
84 62
83 62
83 62
82 62
82 62
82 63
82 63
81 64
81 64
80 65
80 66
80 66
80 67
79 68
79 69
79 69
79 70
79 71
79 72
79 72
79 73
78 74
78 75
78 75
78 76
78 77
78 78
78 78
78 79
78 80
78 81
78 82
78 82
78 83
78 84
78 85
78 86
78 86
78 87
78 88
78 89
78 90
78 90
78 91
79 92
79 93
79 93
80 94
80 95
80 95
81 96
82 97
82 97
83 97
84 97
84 97
85 97
86 97
86 97
87 97
88 97
89 97
89 97
90 96
91 96
92 95
93 95
93 95
94 94
95 94
96 93
96 93
97 92
98 92
99 91
