8 70
8 70
8 69
8 69
8 68
8 68
8 67
8 67
8 66
8 66
8 65
8 65
8 64
8 63
8 63
8 62
8 62
7 61
7 60
7 60
7 59
7 59
7 58
7 57
7 57
6 57
6 57
6 57
5 58
5 58
4 59
4 60
4 60
4 61
3 62
3 63
3 64
3 64
3 65
3 66
2 67
2 68
2 69
2 69
2 70
2 71
2 72
1 73
1 74
1 75
1 76
1 76
1 77
1 78
1 79
0 80
0 81
0 82
0 83
0 83
0 84
0 85
0 86
0 87
0 88
0 89
0 89
0 90
0 91
0 92
0 93
0 93
0 94
0 95
0 96
0 96
0 97
0 98
0 99
0 99
0 99
1 98
1 98
1 97
2 96
2 95
2 95
2 94
3 93
3 92
3 91
3 91
3 90
3 89
4 88
4 87
4 86
4 86
4 85
5 84
5 83
5 82
5 81
6 80
6 79
6 79
6 78
6 77
6 76
7 75
7 74
7 73
7 72
7 71
7 71
7 70
7 69
8 68
8 67
8 66
8 65
9 64
9 63
9 62
9 62
9 61
9 60
9 59
9 58
10 57
10 56
10 55
10 54
10 53
10 52
10 52
10 51
10 50
11 49
11 48
11 47
11 46
11 45
12 44
12 43
12 42
12 42
12 41
12 40
12 39
12 38
13 37
13 36
13 35
13 34
13 33
13 32
13 32
13 31
13 30
13 29
13 28
14 27
14 26
14 25
14 24
14 23
14 23
14 22
14 21
15 20
15 19
15 18
15 17
15 17
15 16
16 15
16 14
16 13
16 13
16 12
16 12
16 12
16 12
16 13
15 14
15 15
15 16
15 16
15 17
15 18
14 19
14 20
14 21
14 21
14 22
14 23
14 24
13 25
13 26
13 27
13 28
13 28
13 29
13 30
13 31
12 32
12 33
12 34
12 35
12 36
12 36
12 37
12 38
12 39
12 40
11 41
11 42
11 43
11 44
11 45
11 46
11 46
11 47
11 48
11 49
11 50
10 51
10 52
10 53
10 54
10 55
10 55
10 56
10 57
10 58
9 59
9 60
9 61
9 62
9 63
9 63
9 64
9 65
9 66
9 67
9 68
9 69
9 70
9 71
9 72
9 72
9 73
9 74
8 75
8 76
8 77
8 78
8 78
8 79
8 80
8 81
8 82
8 83
8 84
8 84
8 85
9 86
9 87
9 88
9 88
9 89
10 90
10 91
10 91
11 92
11 93
11 93
12 93
12 93
13 92
14 92
14 92
15 91
16 90
16 90
17 89
17 88
18 87
18 87
18 86
19 85
19 84
20 83
20 82
20 82
21 81
21 80
22 79
22 78
22 78
22 77
23 76
23 75
23 74
24 73
24 72
24 72
24 71
24 70
25 69
25 68
25 67
25 66
25 66
25 65
25 64
26 63
26 62
26 61
26 60
26 60
26 59
26 58
27 57
27 56
27 55
27 55
27 54
27 53
27 52
27 52
27 51
26 50
26 49
26 49
25 49
25 49
24 50
24 50
24 51
23 52
23 53
23 53
23 54
22 55
22 56
21 57
21 58
21 58
21 59
21 60
20 61
20 62
20 63
20 64
20 64
20 65
20 66
20 67
19 68
19 69
19 70
19 71
19 71
19 72
19 73
19 74
19 75
19 76
19 77
19 77
19 78
19 79
19 80
19 81
19 82
19 82
19 83
19 84
19 85
19 86
19 86
20 87
20 88
20 88
21 89
21 90
21 90
22 90
22 90
23 89
24 89
24 89
25 88
26 87
26 87
27 86
27 85
28 84
28 84
28 83
29 82
29 81
30 80
30 79
30 79
30 78
31 77
31 76
32 75
32 74
32 74
32 73
32 72
33 71
33 70
33 69
33 68
33 67
33 66
34 65
34 64
34 63
34 62
34 61
34 60
35 59
35 58
35 57
35 56
35 55
35 54
36 53
36 52
36 51
36 50
36 49
36 48
37 47
37 46
37 45
37 44
37 43
37 42
38 41
38 40
38 39
38 38
38 37
38 36
39 35
39 34
39 33
39 32
39 31
39 30
40 29
40 28
40 27
40 26
40 25
40 24
41 23
41 22
41 21
41 20
41 19
41 18
42 17
42 16
42 15
42 14
42 13
42 12
43 11
43 10
43 9
43 8
43 8
43 8
43 7
43 6
43 6
43 5
43 5
43 6
43 6
43 7
43 7
43 8
43 9
43 10
43 10
43 11
42 12
42 13
42 14
42 14
42 15
42 16
42 17
42 18
42 19
42 20
42 21
42 21
42 22
42 23
42 24
42 25
42 26
42 27
42 28
42 28
42 29
42 30
42 31
42 32
42 33
42 34
42 35
42 35
42 36
42 37
42 38
42 39
41 40
41 41
41 42
41 43
41 44
41 44
41 45
41 46
41 47
41 48
40 49
40 50
40 51
40 52
40 53
40 53
40 54
40 55
40 56
40 57
40 58
40 59
40 60
40 60
40 61
40 62
39 63
39 64
39 65
39 66
39 66
39 67
39 68
38 69
38 70
38 71
38 72
38 72
38 73
37 74
37 75
37 76
37 76
37 77
37 78
37 79
37 79
36 80
36 81
36 81
36 81
36 81
36 80
36 80
36 79
37 78
37 77
37 76
37 76
37 75
37 74
37 73
37 72
37 71
37 71
37 70
37 69
38 68
38 67
38 66
38 66
39 65
39 64
40 63
40 62
40 62
41 61
42 60
42 60
43 59
43 59
44 60
44 60
45 61
45 62
45 62
45 63
46 64
46 65
46 65
46 66
46 67
46 68
46 69
46 69
46 70
46 71
46 72
46 73
46 73
46 74
46 75
46 76
46 77
46 78
46 78
46 79
46 80
45 81
45 82
45 83
45 83
45 84
44 85
44 86
43 87
43 88
43 88
43 89
42 90
42 91
41 92
41 93
41 93
41 94
40 95
40 96
40 96
39 97
38 98
38 98
37 98
37 98
37 97
37 96
37 96
37 95
37 94
37 93
37 92
37 92
37 91
37 90
37 89
37 88
37 87
37 86
37 86
37 85
37 84
37 83
38 82
38 81
38 80
38 79
38 78
38 78
38 77
38 76
38 75
38 74
39 73
39 72
39 71
39 70
39 69
39 69
39 68
39 67
39 66
40 65
40 64
40 63
40 62
40 61
40 60
41 59
41 58
41 57
41 56
41 55
41 54
42 53
42 52
42 51
42 50
42 49
42 48
43 47
43 46
43 45
43 44
43 43
43 42
44 41
44 40
44 39
44 38
44 37
44 36
45 35
45 34
45 33
45 32
45 31
45 30
46 29
46 28
46 27
46 26
46 25
46 24
47 23
47 22
47 21
47 20
47 20
47 19
48 18
48 17
48 16
49 15
49 14
49 13
50 12
50 11
50 10
51 9
51 8
51 8
52 7
52 6
53 5
53 4
53 4
53 3
54 2
54 1
54 1
54 0
54 0
55 1
55 2
55 2
56 3
56 4
56 4
56 5
56 6
56 7
56 8
56 9
56 9
56 10
56 11
56 12
56 13
56 14
56 15
56 15
56 16
56 17
56 18
56 19
56 20
56 21
56 22
56 22
56 23
56 24
56 25
56 26
56 27
56 28
56 29
56 30
56 30
56 31
56 32
56 33
55 34
55 35
55 36
55 37
55 38
55 38
55 39
55 40
55 41
55 42
55 43
55 44
55 45
55 46
55 47
55 47
55 48
55 49
55 50
55 51
54 52
54 53
54 54
54 55
54 56
54 57
54 57
54 58
54 59
54 60
54 61
53 62
53 63
53 64
53 65
53 66
53 66
53 67
53 68
53 69
52 70
52 71
52 72
52 73
52 74
52 74
52 75
52 76
51 77
51 78
51 79
51 80
50 81
50 82
50 83
50 83
50 84
50 85
49 86
49 87
49 88
49 88
49 89
48 90
48 91
48 91
48 92
48 93
48 93
47 93
47 93
47 93
47 92
48 91
48 90
48 90
48 89
48 88
48 87
48 86
48 86
48 85
48 84
49 83
49 82
49 81
49 80
49 80
49 79
49 78
49 77
50 76
50 75
50 74
50 73
50 73
50 72
51 71
51 70
51 69
52 68
52 67
52 67
52 66
53 65
53 64
53 63
54 62
54 61
54 61
55 60
56 60
57 59
57 59
58 58
59 58
59 58
60 59
60 59
61 60
61 61
61 61
61 62
62 63
62 64
62 65
62 65
62 66
62 67
62 68
62 69
62 70
62 70
62 71
62 72
62 73
62 74
62 75
62 75
62 76
62 77
61 78
61 79
61 80
61 81
61 81
61 82
61 83
60 84
60 85
60 86
60 86
60 87
60 88
59 89
59 90
59 91
59 91
59 92
58 93
58 94
57 95
57 96
57 96
56 97
56 98
56 98
55 99
54 99
54 99
53 99
53 99
53 98
53 97
53 97
53 96
52 95
52 94
52 94
52 93
52 92
53 91
53 90
53 89
53 89
53 88
53 87
54 86
54 85
54 84
54 83
54 83
54 82
54 81
54 80
55 79
55 78
55 77
55 76
55 76
55 75
56 74
56 73
57 72
57 71
57 71
57 70
58 69
58 68
59 67
59 66
59 66
60 65
60 64
61 63
61 63
62 62
63 61
64 60
64 60
65 59
66 58
66 58
67 57
67 57
68 57
68 57
69 58
69 58
69 59
69 59
70 60
70 61
70 61
70 62
70 63
70 64
70 64
70 65
70 66
69 67
69 68
69 69
69 69
69 70
69 71
69 72
69 73
69 73
69 74
69 75
68 76
68 77
68 78
68 78
68 79
68 80
68 81
68 82
68 83
68 83
68 84
68 85
68 86
68 86
68 87
68 88
68 88
68 89
68 89
68 89
69 89
69 89
69 88
69 88
69 87
70 86
70 85
70 85
70 84
70 83
70 82
70 82
70 81
70 80
70 79
70 78
70 77
70 76
70 75
70 74
70 73
70 72
70 71
70 70
70 69
70 68
70 67
70 66
70 65
70 64
70 63
70 62
70 61
70 60
70 59
70 58
70 57
70 56
70 55
70 54
70 53
70 52
70 51
70 50
70 49
70 48
70 47
70 46
70 45
70 44
70 43
70 43
69 42
69 41
69 41
69 40
69 40
68 39
68 38
68 38
69 39
69 39
69 39
70 40
70 40
71 41
71 41
71 42
71 42
72 43
72 43
72 44
72 45
72 46
72 47
72 48
72 49
72 50
73 51
73 52
73 53
73 54
73 55
73 56
73 57
73 58
73 59
73 59
73 60
73 61
73 62
73 63
73 64
73 64
73 65
73 66
73 66
73 67
73 68
73 68
73 69
73 70
73 70
74 71
74 72
74 72
75 73
76 73
76 73
77 74
77 74
78 74
79 74
79 74
80 74
80 74
81 73
82 73
82 73
83 72
84 72
84 72
85 71
86 71
86 71
87 70
88 70
88 70
89 69
89 68
89 68
89 67
90 66
90 65
90 65
91 64
91 63
91 63
91 62
91 61
91 60
91 60
90 59
90 58
90 58
89 57
89 57
88 56
88 56
87 56
86 57
85 57
85 57
84 58
84 59
83 60
83 60
82 61
82 62
81 63
81 64
81 64
81 65
80 66
80 67
80 68
79 69
79 70
79 70
79 71
78 72
78 73
78 74
77 75
77 76
77 76
77 77
77 78
77 79
77 80
77 81
77 82
77 83
77 83
77 84
77 85
76 86
76 87
76 88
76 88
76 89
77 90
77 91
77 92
77 92
78 93
78 94
78 94
79 95
80 95
80 95
81 95
82 95
82 95
83 95
84 94
85 94
85 94
86 93
87 92
88 91
88 91
89 90
90 89
91 88
92 87
92 87
93 86
94 85
95 84
95 84
96 83
97 82
98 82
99 81
