9 56
9 57
9 58
9 59
9 59
9 58
9 58
9 57
9 57
9 57
9 56
9 56
9 55
9 54
9 54
8 53
8 53
8 52
8 51
8 51
8 50
8 49
8 49
8 48
8 47
8 47
7 46
7 46
7 46
7 46
6 47
6 47
5 48
5 49
5 49
5 50
5 51
5 52
5 52
5 53
4 54
4 55
4 55
4 56
4 57
3 58
3 59
3 60
3 60
3 61
3 62
2 63
2 64
2 65
2 65
2 66
2 67
2 68
2 69
2 70
2 71
2 71
2 72
2 73
1 74
1 75
1 76
1 77
1 77
1 78
1 79
0 80
0 81
0 82
0 83
0 83
0 84
0 85
0 86
0 87
0 88
0 88
0 89
0 90
0 91
0 92
0 93
0 93
0 94
0 95
0 96
0 96
0 97
0 98
0 99
0 99
0 99
1 99
1 99
1 98
1 97
1 97
2 96
2 95
3 94
3 93
3 93
3 92
3 91
4 90
4 89
4 88
4 87
4 87
4 86
4 85
4 84
5 83
5 82
5 81
5 80
5 79
5 79
5 78
6 77
6 76
6 75
6 74
7 73
7 72
7 72
7 71
7 70
7 69
7 68
8 67
8 66
8 65
8 64
8 63
8 63
8 62
8 61
8 60
8 59
9 58
9 57
9 56
9 55
9 54
9 54
9 53
9 52
10 51
10 50
10 49
10 48
11 47
11 46
11 45
11 45
11 44
11 43
11 42
11 41
12 40
12 39
12 38
12 37
12 36
12 36
12 35
12 34
12 33
13 32
13 31
13 30
13 29
13 28
13 28
13 27
13 26
13 25
14 24
14 23
14 22
14 21
14 21
14 20
14 19
14 18
14 17
15 16
15 15
15 14
15 13
15 12
15 11
15 11
15 10
15 9
15 8
15 7
15 6
15 5
15 5
15 4
15 3
15 2
15 1
15 1
15 0
15 0
15 0
14 1
14 1
14 2
14 2
14 3
13 4
13 5
13 5
13 6
13 7
13 8
13 8
13 9
13 10
12 11
12 12
12 13
12 13
12 14
12 15
12 16
12 17
12 18
12 18
12 19
12 20
12 21
11 22
11 23
11 24
11 25
11 25
11 26
11 27
11 28
10 29
10 30
10 31
10 32
10 32
10 33
10 34
10 35
10 36
10 37
10 38
10 39
10 39
10 40
10 41
10 42
9 43
9 44
9 45
9 46
9 46
9 47
9 48
9 49
9 50
9 51
9 52
9 53
9 53
9 54
9 55
9 56
9 57
9 58
9 59
9 60
9 60
9 61
9 62
9 63
10 64
10 65
10 66
10 67
10 67
10 68
10 69
10 70
10 71
10 72
10 73
10 74
10 74
10 75
10 76
11 77
11 78
11 79
11 80
11 80
11 81
12 82
12 83
12 84
12 84
12 85
13 86
13 87
13 88
13 88
13 89
14 90
14 91
14 92
14 92
15 93
15 94
15 94
16 95
16 96
16 96
17 96
18 96
18 96
19 96
19 96
20 95
21 94
21 94
21 93
22 92
22 91
22 91
23 90
23 89
24 88
24 87
24 87
24 86
24 85
25 84
25 83
25 82
25 82
25 81
26 80
26 79
27 78
27 77
27 77
27 76
27 75
28 74
28 73
28 72
28 71
28 71
28 70
28 69
29 68
29 67
29 66
29 65
29 65
29 64
29 63
29 62
30 61
30 60
30 59
30 58
30 58
30 57
30 56
31 55
31 54
31 53
31 53
31 52
31 51
31 50
31 50
31 49
31 48
31 47
31 47
31 46
31 45
31 45
31 44
31 44
30 44
30 44
30 44
29 45
29 45
28 46
28 47
28 47
28 48
27 49
27 50
27 50
27 51
26 52
26 53
26 53
26 54
26 55
26 56
26 56
26 57
25 58
25 59
25 60
25 60
25 61
25 62
25 63
25 64
25 65
25 65
25 66
24 67
24 68
24 69
24 69
24 70
24 71
24 72
24 73
24 74
24 74
24 75
24 76
24 77
24 78
24 78
24 79
24 80
24 81
24 82
24 82
24 83
25 84
25 85
25 85
25 86
25 87
25 87
26 88
26 89
26 89
27 89
27 89
28 89
29 89
29 89
30 89
30 89
30 89
31 88
32 87
32 87
33 86
33 86
34 85
34 84
34 84
35 83
35 82
35 82
35 81
36 80
36 79
36 79
36 78
36 77
36 76
37 75
37 74
37 73
37 72
37 71
37 70
37 69
37 68
38 67
38 66
38 65
38 64
38 63
38 62
38 61
38 60
39 59
39 58
39 57
39 56
39 55
39 54
39 53
40 52
40 51
40 50
40 49
40 48
40 47
40 46
40 45
41 44
41 43
41 42
41 41
41 40
41 39
41 38
41 37
42 36
42 35
42 34
42 33
42 32
42 31
42 30
43 29
43 28
43 27
43 26
43 25
43 24
43 23
43 22
44 21
44 20
44 19
44 18
44 17
44 16
44 15
44 14
45 13
45 12
45 11
45 10
45 10
46 9
46 8
46 8
46 7
46 7
46 7
46 7
46 7
46 8
46 8
45 9
45 9
45 10
45 10
45 11
45 12
45 13
45 13
45 14
45 15
45 16
45 17
45 17
45 18
45 19
45 20
45 21
45 21
45 22
45 23
45 24
45 25
45 26
45 26
45 27
45 28
45 29
45 30
45 31
45 32
45 32
45 33
45 34
45 35
45 36
45 37
45 38
45 39
45 39
45 40
45 41
45 42
45 43
45 44
45 45
45 45
45 46
45 47
45 48
44 49
44 50
44 51
44 52
44 52
44 53
44 54
44 55
44 56
44 57
44 58
44 59
44 59
44 60
44 61
44 62
44 63
44 64
44 65
44 65
44 66
44 67
43 68
43 69
43 70
43 71
43 71
43 72
43 73
43 74
43 75
43 75
43 76
43 77
43 78
43 78
43 79
43 80
43 80
43 80
43 80
43 80
43 79
43 79
43 78
43 77
43 77
43 76
43 75
43 74
43 74
43 73
43 72
43 71
43 70
43 69
43 69
43 68
43 67
43 66
43 65
43 65
43 64
44 63
44 62
44 61
44 61
44 60
44 59
44 58
44 58
44 57
44 56
44 56
45 55
45 54
45 54
45 53
45 52
45 52
46 51
46 51
46 50
46 50
47 50
47 50
48 50
48 50
49 50
49 50
49 51
49 51
50 52
50 53
50 53
50 54
50 55
50 56
50 56
50 57
50 58
50 58
50 59
50 60
50 61
50 61
50 62
50 63
50 64
50 65
50 65
50 66
49 67
49 68
49 68
49 69
48 70
48 71
48 71
48 72
47 73
47 74
47 74
47 75
46 76
46 77
46 77
46 78
45 79
45 80
45 80
44 81
44 82
44 82
43 82
43 82
42 82
42 82
41 81
41 81
41 80
41 79
41 79
41 78
41 77
41 76
41 76
41 75
42 74
42 73
42 72
42 72
42 71
43 70
43 69
43 68
43 67
44 66
44 65
44 64
44 63
45 62
45 61
45 60
45 59
46 58
46 57
46 56
46 55
47 54
47 53
47 52
47 51
48 50
48 49
48 48
48 47
49 46
49 45
49 44
49 43
50 42
50 41
50 40
50 39
51 38
51 37
51 36
51 35
52 34
52 33
52 32
52 31
53 30
53 29
53 28
53 27
54 26
54 25
54 24
54 23
55 22
55 21
55 20
55 19
56 18
56 17
56 16
56 15
57 14
57 13
57 12
57 11
58 10
58 9
58 9
59 8
59 7
60 6
60 6
61 6
61 6
61 5
61 5
61 5
61 5
61 6
61 6
61 7
61 7
61 8
61 9
61 9
61 10
61 11
61 12
61 12
61 13
61 14
61 15
61 16
61 16
61 17
61 18
60 19
60 20
60 21
60 21
60 22
60 23
60 24
60 25
60 26
60 26
60 27
60 28
60 29
59 30
59 31
59 32
59 33
59 33
59 34
59 35
59 36
59 37
59 38
59 39
59 40
59 41
59 41
59 42
59 43
59 44
58 45
58 46
58 47
58 48
58 48
58 49
58 50
58 51
58 52
58 53
58 54
58 55
58 56
58 56
58 57
58 58
58 59
57 60
57 61
57 62
57 63
57 64
57 64
57 65
57 66
57 67
57 68
57 69
57 70
57 71
57 71
57 72
56 73
56 74
56 75
56 75
56 76
56 77
56 78
56 79
56 79
56 80
56 81
56 81
56 82
56 82
56 82
56 82
56 81
56 80
56 80
56 79
56 78
56 77
56 76
56 76
56 75
56 74
56 73
56 72
56 71
56 71
56 70
56 69
57 68
57 67
57 66
57 66
57 65
57 64
57 63
57 62
57 61
57 60
57 60
57 59
58 58
58 57
58 57
58 56
58 55
58 54
58 54
58 53
59 52
59 51
59 51
59 50
59 49
59 49
60 48
60 47
60 47
61 46
61 46
62 46
62 46
62 46
63 46
63 46
64 47
64 47
65 48
65 49
65 49
65 50
65 51
65 51
65 52
65 53
65 54
65 54
65 55
65 56
65 56
65 57
65 58
65 59
65 59
65 60
65 61
65 61
65 62
64 63
64 64
64 64
64 65
63 66
63 67
63 67
62 68
62 69
61 70
61 71
61 71
61 72
60 73
60 74
60 75
60 75
59 76
59 77
58 78
58 78
57 79
57 80
57 80
56 81
56 81
55 81
55 81
55 80
55 80
54 79
54 79
54 78
54 77
54 77
54 76
55 75
55 74
55 74
55 73
56 72
56 71
56 71
56 70
57 69
57 68
57 67
57 67
58 66
58 65
59 64
59 63
60 62
61 61
61 60
62 59
63 58
63 57
64 56
64 55
65 54
66 53
66 52
67 51
67 50
68 49
68 49
69 48
70 48
70 48
70 49
70 49
70 50
70 50
70 51
70 51
70 52
70 53
70 54
70 54
70 55
69 56
69 57
69 57
69 58
69 59
69 60
69 60
69 61
69 62
69 63
69 64
69 64
69 65
68 66
68 67
68 67
68 68
68 69
68 70
68 71
68 71
68 72
68 73
68 74
68 74
68 75
68 76
68 76
68 77
68 77
68 77
68 76
68 76
68 75
68 74
68 73
68 73
68 72
68 71
68 70
68 69
68 68
68 67
69 66
69 65
69 64
69 63
69 62
69 61
69 60
69 59
69 58
69 57
69 56
69 55
69 54
69 53
70 52
70 51
70 50
70 49
70 48
70 47
70 46
70 46
70 45
70 44
70 43
70 42
70 41
71 40
71 39
71 38
71 37
71 36
71 35
71 35
71 34
71 33
71 32
71 31
71 31
71 30
71 29
71 29
72 28
72 28
72 27
72 27
73 26
73 26
73 26
74 26
74 26
75 27
75 27
76 28
76 28
76 29
76 30
76 31
76 32
76 33
76 34
76 35
76 36
77 37
77 38
77 39
77 40
77 41
77 42
77 43
77 44
77 45
77 45
77 46
77 47
77 48
77 49
76 50
76 51
76 52
76 53
76 54
76 54
76 55
76 56
76 57
76 58
76 58
76 59
76 60
76 61
76 61
76 62
76 63
76 64
76 64
76 65
76 66
76 67
76 67
77 68
77 69
77 69
77 70
77 71
77 71
78 72
78 72
79 72
79 72
80 71
80 71
81 70
81 70
81 69
82 68
82 67
82 67
83 66
83 65
84 64
84 64
84 63
85 62
85 61
85 61
85 60
86 59
86 58
86 58
86 57
87 56
87 55
87 54
87 54
87 53
87 52
87 51
87 50
87 49
87 49
87 48
88 47
88 46
88 45
88 45
88 44
88 43
88 42
88 42
87 41
87 40
87 40
87 39
87 38
87 38
86 38
86 38
85 38
85 38
84 39
84 39
83 40
82 41
82 41
82 42
81 43
81 44
81 44
81 45
80 46
80 47
80 48
80 48
80 49
80 50
79 51
79 52
79 53
79 54
79 54
79 55
79 56
79 57
79 58
79 59
79 60
79 60
79 61
79 62
79 63
79 64
79 65
79 66
79 66
79 67
79 68
79 69
79 70
79 71
79 72
79 72
79 73
79 74
80 75
80 76
80 77
80 78
80 78
80 79
81 80
81 81
81 81
82 82
82 83
83 84
83 84
84 85
85 85
85 85
86 85
87 85
87 85
88 85
89 85
90 85
90 85
91 84
92 84
92 84
93 83
94 82
94 82
95 81
96 81
96 81
97 81
98 80
99 80
