8 76
8 76
8 76
8 75
8 74
8 74
8 73
8 73
8 72
8 72
8 71
8 70
8 70
8 69
8 68
8 68
7 67
7 66
7 66
7 65
7 64
7 64
7 63
7 62
7 62
6 61
6 61
6 61
5 61
5 61
5 62
4 63
4 64
4 64
4 65
3 66
3 67
2 68
2 69
2 69
2 70
2 71
2 72
2 73
2 74
2 75
2 76
2 76
2 77
2 78
2 79
1 80
1 81
1 82
1 83
1 83
1 84
1 85
0 86
0 87
0 88
0 88
0 89
0 90
0 91
0 92
0 93
0 94
0 94
0 95
0 96
0 97
0 97
0 98
0 99
0 99
0 99
1 99
1 99
1 98
2 97
2 96
2 96
2 95
2 94
3 93
3 92
3 91
3 91
3 90
3 89
4 88
4 87
4 86
4 86
4 85
5 84
5 83
5 82
5 81
6 80
6 79
6 79
6 78
6 77
7 76
7 75
7 74
7 73
8 72
8 71
8 70
8 70
8 69
8 68
8 67
8 66
9 65
9 64
9 63
9 62
9 61
9 60
9 60
9 59
9 58
10 57
10 56
10 55
10 54
10 53
11 52
11 51
11 50
11 50
11 49
11 48
11 47
11 46
11 45
12 44
12 43
12 42
12 41
12 40
12 39
12 39
12 38
12 37
13 36
13 35
13 34
13 33
13 32
13 31
14 30
14 29
14 28
14 28
14 27
14 26
14 25
14 24
15 23
15 22
15 21
15 20
15 19
15 18
15 18
15 17
15 16
15 15
15 14
15 13
15 12
15 11
15 10
15 10
15 9
16 8
16 7
16 7
15 6
15 6
15 7
15 7
15 8
14 9
14 10
14 11
14 11
14 12
14 13
14 14
14 15
14 16
14 17
14 17
14 18
14 19
14 20
13 21
13 22
13 23
13 24
13 25
13 25
13 26
13 27
12 28
12 29
12 30
12 31
11 32
11 33
11 34
11 34
11 35
11 36
11 37
11 38
10 39
10 40
10 41
10 42
10 43
10 44
10 44
10 45
10 46
10 47
10 48
10 49
9 50
9 51
9 52
9 53
9 54
9 55
9 55
9 56
9 57
9 58
9 59
9 60
9 61
9 62
9 63
9 64
9 65
9 65
9 66
9 67
9 68
9 69
9 70
9 71
9 72
9 73
9 74
9 74
9 75
9 76
9 77
9 78
9 79
9 80
9 81
9 82
9 82
9 83
9 84
9 85
9 86
9 87
9 87
9 88
9 89
9 90
9 91
9 91
10 92
10 93
10 93
11 94
11 94
12 93
12 93
13 92
14 91
14 91
15 90
15 89
16 88
16 88
16 87
16 86
17 85
17 84
17 83
17 83
17 82
18 81
18 80
18 79
19 78
19 77
19 77
19 76
20 75
20 74
20 73
21 72
21 71
21 71
21 70
21 69
21 68
22 67
22 66
22 65
22 64
22 64
22 63
22 62
22 61
23 60
23 59
23 58
23 57
23 56
23 56
23 55
23 54
24 53
24 52
24 51
24 51
24 50
24 49
24 48
24 48
24 47
24 46
24 46
24 46
23 46
23 46
22 47
22 48
22 48
22 49
22 50
21 51
21 52
21 53
21 53
21 54
21 55
20 56
20 57
20 58
20 58
20 59
20 60
20 61
19 62
19 63
19 64
19 65
19 65
19 66
19 67
19 68
18 69
18 70
18 71
18 72
18 72
18 73
18 74
17 75
17 76
17 77
17 78
17 78
17 79
17 80
17 81
17 82
17 83
17 83
17 84
18 85
18 86
18 86
18 87
19 88
19 89
19 89
20 90
20 91
20 91
21 91
21 91
22 90
22 90
23 89
24 88
24 88
25 87
25 86
26 85
26 85
27 84
27 83
28 82
28 82
28 81
29 80
29 79
29 78
29 78
29 77
30 76
30 75
30 75
30 74
31 73
31 72
31 72
31 71
32 70
32 69
32 68
32 68
32 67
33 66
33 65
33 65
33 64
33 63
33 62
34 61
34 60
34 59
34 58
34 57
34 56
34 55
35 54
35 53
35 52
35 51
35 50
35 49
36 48
36 47
36 46
36 45
36 44
36 43
36 42
37 41
37 40
37 39
37 38
37 37
37 36
37 35
38 34
38 33
38 32
38 31
38 30
38 29
38 28
39 27
39 26
39 25
39 24
39 23
39 22
40 21
40 20
40 19
40 18
40 17
40 16
40 15
41 14
41 13
41 12
41 11
41 11
41 10
41 9
41 8
41 8
41 7
41 6
41 6
41 5
41 5
41 5
41 5
41 6
41 7
41 8
41 8
41 9
41 10
41 11
41 12
41 12
41 13
41 14
41 15
41 16
41 17
41 17
41 18
41 19
41 20
40 21
40 22
40 23
40 24
40 25
40 25
40 26
40 27
40 28
40 29
40 30
40 31
40 32
40 33
40 33
40 34
40 35
40 36
40 37
39 38
39 39
39 40
39 41
39 42
39 42
39 43
39 44
39 45
39 46
39 47
39 48
39 49
39 50
39 51
39 51
39 52
39 53
39 54
38 55
38 56
38 57
38 58
38 59
38 59
38 60
38 61
38 62
37 63
37 64
37 65
37 66
37 66
37 67
37 68
36 69
36 70
36 71
36 72
36 72
36 73
36 74
36 75
36 76
36 77
36 77
36 78
35 79
35 80
35 81
35 81
35 82
35 82
35 83
35 83
35 82
35 82
35 81
35 81
35 80
35 79
35 78
35 77
35 77
35 76
35 75
36 74
36 73
36 72
36 72
36 71
36 70
37 69
37 68
37 67
37 66
37 66
37 65
37 64
38 63
38 62
38 61
38 61
39 60
39 59
40 58
40 57
40 57
40 56
41 55
41 54
41 54
42 53
43 53
43 53
44 52
44 52
45 53
45 53
46 54
46 55
46 55
46 56
47 57
47 58
47 58
47 59
47 60
47 61
47 62
47 62
47 63
46 64
46 65
46 66
46 66
46 67
46 68
45 69
45 70
45 71
45 71
45 72
44 73
44 74
44 75
44 75
43 76
43 77
42 78
42 79
42 79
42 80
41 81
41 82
41 83
41 83
40 84
39 85
39 85
38 86
38 86
37 86
37 86
36 85
36 84
36 84
36 83
36 82
36 81
36 81
36 80
36 79
36 78
36 77
36 77
36 76
36 75
36 74
36 73
36 72
36 71
36 71
36 70
36 69
37 68
37 67
37 66
37 65
37 64
38 63
38 62
38 61
38 60
38 59
39 58
39 57
39 56
39 55
39 54
40 53
40 52
40 51
40 50
40 49
41 48
41 47
41 46
41 45
41 44
42 43
42 42
42 41
42 40
43 39
43 38
43 37
43 36
43 35
44 34
44 33
44 32
44 31
44 30
45 29
45 28
45 27
45 26
45 25
46 24
46 23
46 22
46 21
46 20
47 19
47 18
47 17
47 16
47 15
48 14
48 13
48 12
48 12
49 11
49 10
50 9
50 8
51 7
51 6
52 5
52 4
52 4
53 3
53 2
53 2
54 1
54 1
55 1
55 1
56 2
56 2
56 3
56 4
56 4
56 5
57 6
57 7
57 7
57 8
57 9
57 10
57 11
57 12
57 13
57 13
57 14
57 15
56 16
56 17
56 18
56 19
56 19
56 20
56 21
56 22
56 23
56 24
56 25
56 26
56 26
56 27
56 28
56 29
55 30
55 31
55 32
55 33
55 34
55 34
55 35
55 36
55 37
54 38
54 39
54 40
54 41
54 42
54 42
54 43
54 44
54 45
54 46
54 47
54 48
54 49
54 50
54 50
54 51
54 52
54 53
53 54
53 55
53 56
53 57
53 57
53 58
53 59
52 60
52 61
52 62
52 63
52 63
52 64
52 65
51 66
51 67
51 68
51 69
51 69
51 70
50 71
50 72
50 73
50 73
50 74
49 75
49 76
49 77
49 77
48 78
48 79
48 79
48 79
48 79
48 78
48 78
48 77
49 76
49 75
49 75
49 74
49 73
50 72
50 71
50 70
50 70
50 69
50 68
50 67
51 66
51 65
51 64
51 63
51 63
51 62
52 61
52 60
53 59
53 58
53 58
54 57
54 56
55 55
55 54
56 53
56 53
57 52
57 51
58 50
58 50
59 49
59 49
60 49
61 49
61 49
62 50
62 50
62 51
62 52
62 52
62 53
63 54
63 55
63 56
63 56
63 57
63 58
63 59
63 60
63 60
63 61
63 62
62 63
62 64
62 65
62 65
62 66
62 67
61 68
61 69
61 70
61 70
61 71
61 72
60 73
60 74
60 75
60 75
60 76
59 77
59 78
59 79
59 79
58 80
58 81
57 82
57 83
57 83
56 84
56 85
56 85
55 86
54 86
54 86
53 86
53 86
52 86
52 86
52 85
52 84
52 83
52 83
52 82
51 81
51 80
51 80
51 79
51 78
52 77
52 76
52 75
52 75
52 74
52 73
52 72
52 71
52 70
52 70
52 69
52 68
53 67
53 66
53 65
53 64
53 64
54 63
54 62
55 61
55 60
55 60
56 59
56 58
57 57
57 56
57 56
58 55
58 54
59 53
59 53
60 52
61 51
61 51
62 50
63 49
63 49
64 48
65 48
65 48
66 47
67 46
67 46
68 45
68 45
69 45
69 45
70 44
70 44
71 45
71 45
72 46
72 46
72 47
72 47
72 48
72 49
72 50
72 50
72 51
72 52
72 53
72 53
72 54
72 55
72 56
72 57
72 57
72 58
72 59
72 60
72 61
72 61
72 62
72 63
71 64
71 65
71 66
71 66
71 67
71 68
71 69
71 70
71 71
71 71
71 72
71 73
71 74
71 75
71 75
71 76
71 77
70 78
70 79
70 80
70 80
70 81
70 82
70 82
71 83
71 83
71 83
71 82
71 82
71 81
71 80
71 80
71 79
72 78
72 77
72 77
72 76
72 75
72 74
72 73
72 72
72 71
72 70
72 69
72 68
72 67
72 66
72 65
72 64
72 63
72 62
72 61
72 60
72 59
72 58
72 57
72 56
72 55
72 54
72 53
72 52
72 51
72 50
72 49
72 48
72 47
72 46
72 45
72 44
72 43
72 42
72 41
72 40
72 39
72 38
72 37
72 37
72 36
72 35
72 34
72 33
72 32
72 31
72 30
72 30
72 29
72 29
72 28
72 28
72 28
73 28
73 28
73 28
74 28
74 28
74 29
74 29
75 30
75 30
75 31
75 32
75 33
75 34
75 35
75 36
75 37
75 38
75 39
75 40
75 41
75 42
75 43
75 44
75 45
75 46
75 47
75 48
75 49
75 50
75 51
75 52
75 53
75 54
75 54
75 55
75 56
76 57
76 58
76 59
76 59
76 60
76 60
76 60
77 61
77 61
78 62
79 62
79 62
80 62
80 62
81 63
81 63
82 63
82 63
83 63
84 63
84 63
85 62
85 62
86 61
86 61
87 60
87 60
88 59
88 58
88 58
88 57
88 57
89 56
89 55
89 55
89 54
89 53
89 52
89 52
88 51
88 50
88 50
88 49
88 48
88 47
88 47
87 46
87 45
87 45
86 45
85 45
85 45
84 45
84 45
84 46
83 47
83 48
83 48
82 49
82 50
81 51
81 52
81 52
81 53
81 54
80 55
80 56
80 57
80 57
80 58
80 59
79 60
79 61
79 62
79 63
79 63
79 64
79 65
79 66
78 67
78 68
78 69
78 70
78 70
78 71
78 72
78 73
78 74
78 75
78 75
78 76
78 77
78 78
78 79
78 80
78 81
78 81
78 82
78 83
78 84
78 85
78 85
79 86
79 87
79 87
80 88
80 88
81 88
82 87
83 87
83 87
84 86
85 85
85 85
86 84
87 83
87 82
88 81
88 81
89 80
90 79
90 78
91 77
91 77
92 76
93 75
93 74
94 73
94 73
95 72
96 71
97 70
97 70
98 69
98 68
99 67
99 66
