7 61
7 60
7 60
7 59
7 59
7 58
7 58
6 57
6 56
6 56
6 55
6 55
6 54
6 53
6 53
5 52
5 52
5 52
4 53
4 53
3 54
3 55
3 55
3 56
2 57
2 58
2 59
2 59
2 60
2 61
1 62
1 63
1 64
1 64
1 65
1 66
0 67
0 68
0 69
0 69
0 70
0 71
0 72
0 73
0 74
0 74
0 75
0 76
0 77
0 78
0 79
0 80
0 80
0 81
0 82
0 83
0 84
0 84
0 85
0 86
0 87
0 88
0 88
0 89
0 90
0 90
1 91
1 91
2 91
2 91
3 90
3 89
3 89
3 88
4 87
4 86
4 85
4 85
4 84
5 83
5 82
6 81
6 80
6 80
6 79
6 78
6 77
7 76
7 75
7 74
7 73
7 73
7 72
7 71
7 70
8 69
8 68
8 67
8 66
8 66
8 65
8 64
8 63
8 62
9 61
9 60
9 59
9 58
9 57
9 57
9 56
9 55
9 54
9 53
10 52
10 51
10 50
10 49
10 48
10 48
10 47
10 46
10 45
10 44
11 43
11 42
11 41
11 40
11 39
11 39
11 38
11 37
11 36
12 35
12 34
12 33
12 32
12 31
12 31
12 30
12 29
12 28
12 27
12 26
12 25
12 24
12 24
12 23
12 22
13 21
13 20
13 19
13 19
13 18
13 17
13 16
13 16
13 16
13 16
12 17
12 18
12 18
12 19
12 20
12 21
12 21
12 22
12 23
11 24
11 25
11 26
11 27
11 27
11 28
11 29
11 30
10 31
10 32
10 33
10 34
10 34
10 35
10 36
10 37
10 38
9 39
9 40
9 41
9 42
9 43
9 43
9 44
9 45
9 46
9 47
8 48
8 49
8 50
8 51
8 52
8 53
8 53
8 54
8 55
8 56
8 57
7 58
7 59
7 60
7 61
7 62
7 63
7 63
7 64
7 65
7 66
7 67
7 68
7 69
7 70
7 71
7 72
7 73
7 73
7 74
7 75
7 76
7 77
6 78
6 79
6 80
6 81
6 82
6 82
6 83
6 84
7 85
7 86
7 87
7 88
7 88
7 89
7 90
7 91
7 92
7 93
7 93
7 94
8 95
8 96
8 97
8 97
9 98
10 98
10 98
11 99
11 99
12 99
12 99
13 98
14 97
14 97
15 96
15 95
16 94
16 93
16 93
17 92
17 91
18 90
18 89
18 89
18 88
18 87
19 86
19 85
19 84
19 83
19 83
19 82
20 81
20 80
20 79
20 78
21 77
21 76
21 76
21 75
22 74
22 73
22 72
22 71
23 70
23 69
23 68
23 68
23 67
24 66
24 65
24 64
25 63
25 62
25 62
25 61
25 60
26 59
26 58
26 57
26 57
26 56
26 55
26 55
26 54
26 54
26 54
25 54
25 54
24 55
24 56
24 56
23 57
22 58
22 58
22 59
22 60
22 60
22 61
21 62
21 63
21 63
21 64
21 65
21 66
21 66
21 67
21 68
21 69
21 70
21 70
21 71
21 72
21 73
21 74
21 75
21 76
21 76
21 77
21 78
21 79
21 80
21 81
21 82
21 82
21 83
21 84
21 85
21 86
21 87
21 87
21 88
21 89
21 90
21 90
21 91
22 92
22 93
22 93
23 94
24 94
24 94
25 94
25 94
26 93
27 93
27 93
28 92
28 91
29 90
29 89
29 89
30 88
30 87
31 86
31 85
31 85
31 84
31 83
31 82
32 81
32 80
32 79
32 78
32 77
32 76
32 75
33 74
33 73
33 72
33 71
33 70
33 69
33 68
34 67
34 66
34 65
34 64
34 63
34 62
34 61
35 60
35 59
35 58
35 57
35 56
35 55
35 54
36 53
36 52
36 51
36 50
36 49
36 48
37 47
37 46
37 45
37 44
37 43
37 42
37 41
38 40
38 39
38 38
38 37
38 36
38 35
38 34
39 33
39 32
39 31
39 30
39 29
39 28
39 27
40 26
40 25
40 24
40 23
40 22
40 21
40 20
41 19
41 18
41 17
41 16
41 15
41 14
41 13
42 12
42 11
42 10
42 9
42 9
42 9
42 9
42 10
42 11
42 11
42 12
42 13
42 14
42 14
42 15
42 16
42 17
42 18
42 18
42 19
42 20
41 21
41 22
41 23
41 24
41 24
41 25
41 26
41 27
41 28
41 29
41 30
41 31
41 31
41 32
41 33
41 34
40 35
40 36
40 37
40 38
40 38
40 39
40 40
40 41
40 42
39 43
39 44
39 45
39 46
39 47
39 47
39 48
39 49
39 50
39 51
39 52
39 53
39 54
39 55
39 55
39 56
39 57
39 58
38 59
38 60
38 61
38 62
38 62
38 63
38 64
37 65
37 66
37 67
37 67
37 68
37 69
37 70
37 71
37 72
37 72
37 73
36 74
36 75
36 75
36 76
36 77
36 77
36 78
36 78
36 78
36 77
36 77
36 76
36 76
36 75
37 74
37 73
37 72
37 72
37 71
37 70
37 69
37 69
37 68
38 67
38 66
38 65
38 65
38 64
39 63
39 62
39 62
39 61
40 60
40 59
40 59
41 58
42 57
42 57
43 56
43 55
43 55
44 54
44 54
45 53
45 53
46 54
46 54
47 55
47 56
47 56
47 57
47 58
47 58
47 59
48 60
48 61
48 62
48 62
48 63
47 64
47 65
47 66
47 66
47 67
47 68
47 69
47 70
47 71
47 71
47 72
47 73
46 74
46 75
46 76
46 76
46 77
45 78
45 79
45 80
45 80
45 81
45 82
44 83
44 84
44 85
44 85
43 86
43 87
43 87
42 88
41 89
41 89
40 90
40 90
39 90
39 90
39 89
39 88
39 88
39 87
39 86
39 86
39 85
39 84
39 83
39 83
39 82
39 81
39 80
39 79
39 78
39 78
39 77
40 76
40 75
40 74
40 73
41 72
41 71
41 70
42 69
42 68
42 67
43 66
43 65
43 64
43 63
44 62
44 61
44 60
45 59
45 58
45 57
46 56
46 55
46 54
46 53
47 52
47 51
47 50
48 49
48 48
48 47
48 46
49 45
49 44
49 43
50 42
50 41
50 40
51 39
51 38
51 37
51 36
52 35
52 34
52 33
53 32
53 31
53 30
53 29
54 28
54 27
54 26
55 25
55 24
55 23
56 22
56 21
56 20
56 19
57 18
57 17
57 16
58 15
58 14
58 13
59 12
59 11
59 10
59 9
60 8
60 7
60 7
60 6
60 5
60 4
60 3
60 2
60 2
61 1
61 0
61 0
61 0
61 1
61 2
61 2
61 3
61 3
61 4
61 5
61 6
61 6
61 7
61 8
60 9
60 10
60 11
60 12
60 12
60 13
60 14
60 15
60 16
60 17
60 18
60 19
60 19
60 20
60 21
60 22
59 23
59 24
59 25
59 26
59 27
59 27
59 28
59 29
59 30
58 31
58 32
58 33
58 34
58 35
58 35
58 36
58 37
58 38
58 39
57 40
57 41
57 42
57 43
57 44
57 44
57 45
57 46
57 47
57 48
56 49
56 50
56 51
56 52
56 53
56 54
56 54
56 55
56 56
56 57
56 58
56 59
56 60
56 61
56 62
56 62
56 63
56 64
55 65
55 66
55 67
55 68
55 68
55 69
55 70
55 71
54 72
54 73
54 74
54 75
54 75
54 76
54 77
54 78
54 79
54 80
54 80
54 81
54 82
54 83
54 84
54 84
53 85
53 85
53 86
53 86
53 86
53 85
53 85
53 84
53 83
53 82
53 82
53 81
53 80
54 79
54 78
54 77
54 77
54 76
54 75
54 74
54 73
54 72
54 71
54 71
54 70
54 69
55 68
55 67
55 66
55 66
55 65
55 64
56 63
56 62
56 61
56 61
56 60
57 59
57 58
57 57
57 57
57 56
58 55
58 54
58 53
58 53
58 52
59 51
59 50
59 50
60 49
60 48
60 48
61 47
61 47
62 47
62 47
63 47
63 47
64 48
64 48
64 49
64 50
64 50
64 51
64 52
64 53
64 53
64 54
64 55
64 56
64 57
64 57
64 58
64 59
64 60
64 61
64 61
64 62
64 63
64 64
64 65
64 65
64 66
64 67
63 68
63 69
63 70
63 70
63 71
62 72
62 73
62 74
62 74
62 75
61 76
61 77
61 78
61 78
61 79
60 80
60 81
60 81
60 82
59 83
59 84
59 84
59 85
59 85
58 86
58 86
58 86
58 86
58 85
58 84
58 83
59 82
59 81
59 80
59 79
59 78
59 78
59 77
60 76
60 75
60 74
60 73
61 72
61 71
61 70
61 70
61 69
62 68
62 67
62 66
62 66
62 65
63 64
63 63
63 63
63 62
64 61
64 60
64 59
64 59
64 58
65 57
65 56
65 56
65 55
66 54
66 53
66 53
67 52
68 51
68 51
69 50
69 49
69 49
70 48
70 47
70 47
71 47
71 47
72 47
72 47
73 48
73 48
73 49
73 49
73 50
73 51
73 52
73 52
73 53
73 54
73 55
73 55
73 56
73 57
73 58
73 59
73 59
73 60
73 61
73 62
73 63
73 64
73 64
73 65
73 66
72 67
72 68
72 69
72 69
72 70
72 71
72 72
72 73
72 73
72 74
72 75
72 76
72 76
72 77
71 78
71 79
71 79
71 80
71 81
71 81
72 82
72 82
72 82
72 81
72 80
72 80
72 79
72 78
72 77
72 76
72 75
72 74
72 73
72 72
72 71
72 70
72 69
72 68
72 67
72 66
72 65
72 64
72 63
72 62
72 61
72 60
72 59
72 58
72 57
72 56
72 55
72 54
72 53
72 52
72 51
72 50
72 49
72 48
72 47
72 46
72 45
72 44
72 43
72 42
72 41
72 40
72 39
72 38
72 37
72 36
72 35
72 34
72 34
72 33
72 32
72 31
72 30
72 30
72 29
72 29
72 28
72 28
72 28
73 28
73 28
73 29
73 29
73 30
73 30
74 31
74 31
74 32
74 32
74 33
74 34
74 34
75 34
75 34
75 35
75 36
75 37
75 38
76 39
76 40
76 41
76 42
76 43
76 44
76 45
76 46
76 47
77 48
77 49
77 50
77 51
77 52
77 52
77 51
77 51
76 51
76 51
76 50
76 50
76 51
76 51
76 52
76 52
76 53
76 54
76 54
76 55
76 55
76 56
76 57
76 57
76 58
76 58
77 59
77 59
77 60
77 61
77 61
78 62
78 62
79 63
79 63
80 63
80 63
81 63
81 63
82 62
83 61
83 61
84 60
85 59
85 59
85 58
86 57
86 56
86 56
87 55
87 54
88 53
88 52
88 52
88 51
89 50
89 49
90 48
90 47
90 47
90 46
91 45
91 44
91 43
91 43
91 42
92 41
92 40
92 40
92 39
93 38
93 37
93 37
93 36
93 35
93 35
92 34
92 33
92 33
91 32
91 32
90 32
90 32
89 33
89 33
88 34
88 34
87 35
87 36
87 36
87 37
86 38
86 39
86 39
86 40
85 41
85 42
85 42
85 43
85 44
84 45
84 46
84 47
84 47
84 48
83 49
83 50
83 51
83 51
83 52
83 53
83 54
83 55
83 56
83 56
83 57
83 58
83 59
83 60
83 60
83 61
83 62
83 63
83 64
83 64
83 65
84 66
84 67
84 68
84 68
84 69
85 70
85 71
85 71
85 72
86 73
86 74
86 75
86 75
87 76
87 77
88 78
88 78
89 79
89 80
90 81
90 81
91 82
92 82
93 83
93 83
94 84
95 85
95 85
96 85
97 85
98 85
99 85
