0 9
0 8
1 7
1 6
1 6
2 5
2 5
3 4
4 4
4 4
5 3
6 3
6 3
7 2
8 2
8 2
9 2
10 2
10 2
11 2
12 2
13 2
13 2
14 3
15 3
15 3
16 4
17 4
18 5
18 5
19 6
20 6
20 6
21 7
21 8
22 9
22 9
22 10
23 11
23 12
23 13
23 13
23 14
23 15
23 16
23 17
23 17
23 18
22 19
22 20
22 21
22 21
21 22
21 23
20 24
20 25
20 25
19 26
19 27
18 28
18 29
18 29
17 30
17 31
16 32
16 33
16 33
15 34
14 35
14 36
13 37
13 37
12 38
12 39
11 40
11 40
10 41
9 42
9 42
8 43
7 43
7 43
6 44
6 44
5 44
5 44
4 43
4 43
3 42
3 42
2 41
2 40
2 40
3 39
3 39
3 38
3 38
4 37
5 36
5 36
6 35
6 35
7 35
8 35
8 35
9 34
10 34
10 34
11 34
12 34
12 34
13 34
14 34
15 34
15 34
16 34
17 34
18 34
18 34
19 35
19 35
20 35
21 35
21 35
22 36
22 37
22 37
23 38
23 39
23 39
23 40
23 41
23 41
23 42
22 43
22 44
22 44
21 45
21 46
20 47
20 47
20 48
19 49
19 50
19 51
19 51
18 52
18 53
17 54
17 54
16 55
16 56
15 57
15 57
14 58
14 59
14 59
13 60
13 61
13 61
13 61
14 61
14 61
15 61
16 61
16 61
17 60
18 59
18 59
19 58
20 58
21 57
21 57
22 56
23 55
24 55
25 54
25 54
26 53
27 52
28 51
28 51
29 50
30 49
31 49
32 48
32 48
33 47
34 46
34 45
35 44
35 44
36 43
37 42
37 41
38 40
38 40
39 39
39 38
40 37
40 36
41 35
42 34
42 33
43 32
43 31
44 30
45 29
45 28
46 27
46 26
47 25
48 24
48 23
49 22
49 21
50 20
51 19
51 18
52 17
52 16
53 15
54 14
54 13
55 12
55 11
56 10
56 10
57 9
57 8
58 7
58 7
58 6
58 6
59 5
59 5
59 5
59 5
59 5
59 6
59 6
59 7
59 8
59 8
59 9
59 10
59 11
59 11
59 12
59 13
59 14
59 14
59 15
59 16
59 17
59 17
59 18
59 19
59 20
59 21
59 21
59 22
59 23
59 23
59 24
59 25
59 25
60 26
60 27
60 27
60 27
60 27
60 27
60 26
60 26
60 25
60 24
60 24
60 23
61 22
61 21
61 21
62 20
62 19
63 18
63 18
64 17
64 16
65 15
65 14
65 14
66 13
67 12
68 11
69 10
69 10
70 9
71 8
72 7
72 7
73 6
74 6
75 5
75 5
76 4
77 4
78 3
79 3
79 3
80 3
81 2
82 2
82 2
83 2
84 1
85 1
85 1
86 1
87 1
87 1
88 0
89 0
89 0
90 1
90 1
91 2
91 2
91 3
91 3
90 4
90 5
90 5
89 6
89 7
89 7
88 8
87 8
86 9
86 9
85 10
84 11
83 12
83 12
82 13
81 14
80 15
80 15
79 16
78 16
77 17
77 17
76 18
75 19
74 19
73 20
73 20
72 21
71 22
71 22
70 23
69 23
68 24
68 24
67 25
67 25
66 26
66 26
66 26
66 26
67 25
67 25
68 24
68 24
69 23
69 22
69 22
70 21
71 20
71 20
72 20
73 19
74 19
74 19
75 18
76 17
76 17
77 16
78 16
78 16
79 15
79 15
80 15
81 15
81 15
82 14
82 14
83 15
83 15
83 15
83 16
83 17
83 17
82 18
82 19
82 19
81 20
81 21
80 22
80 22
79 23
79 24
78 25
78 25
77 26
77 27
76 28
76 28
75 29
75 30
74 31
74 32
74 32
74 33
73 34
73 35
73 35
72 36
72 37
72 37
72 38
72 38
72 38
71 38
71 38
71 38
71 37
71 37
72 36
72 36
72 35
73 34
73 33
73 33
74 32
74 31
75 30
75 30
75 29
76 28
76 27
76 27
77 26
78 25
78 25
79 24
80 23
80 23
81 22
82 22
82 22
83 22
84 22
84 22
85 22
86 22
86 22
87 22
87 22
88 23
88 23
88 24
88 24
88 25
88 25
87 26
87 27
87 27
86 28
86 29
86 29
85 30
84 31
84 31
83 32
82 32
81 33
81 33
80 34
79 35
78 36
78 36
77 37
76 37
75 38
75 38
74 39
73 39
72 40
72 40
71 41
71 41
70 41
70 41
69 40
69 40
69 39
69 39
69 38
69 38
70 37
70 36
70 36
71 35
72 35
72 35
73 34
73 34
74 33
75 33
75 33
76 32
77 32
77 32
78 31
79 31
79 31
80 31
81 31
81 31
82 31
82 31
83 31
84 31
84 31
85 32
85 32
85 32
85 33
85 34
85 34
84 35
84 36
84 36
83 37
83 38
82 39
82 39
81 40
81 41
80 42
80 42
79 43
78 44
77 45
77 45
76 46
75 47
75 48
74 49
74 49
73 50
72 51
71 52
70 53
70 53
69 54
68 55
68 55
67 56
66 57
66 57
66 58
66 58
66 59
66 59
67 59
68 59
68 59
69 58
70 58
70 58
71 57
72 57
73 56
73 56
74 55
75 55
76 54
76 54
77 53
78 52
79 52
80 51
80 51
81 50
82 49
83 49
84 48
84 48
85 47
86 46
87 46
88 45
88 45
89 44
90 44
91 43
91 43
92 42
93 41
94 40
94 40
95 39
95 38
96 37
96 36
96 36
97 35
97 34
98 33
98 33
98 32
99 31
99 30
99 29
99 29
98 28
98 27
98 27
98 26
97 25
97 24
97 24
96 23
95 22
95 22
94 21
93 20
93 20
92 19
91 19
90 18
90 18
89 17
88 17
88 17
87 16
86 15
86 15
85 14
84 14
84 14
83 13
82 13
82 13
81 12
81 12
80 12
80 12
80 12
79 11
79 11
79 11
79 11
79 11
78 11
78 11
78 12
78 12
78 13
78 13
78 14
78 14
78 15
78 15
78 16
78 16
79 17
79 18
79 18
79 19
79 20
79 21
79 21
79 22
80 23
80 24
80 24
80 25
80 26
80 27
80 28
80 28
80 29
81 30
81 31
81 32
81 32
81 33
82 34
82 35
82 36
82 36
82 37
82 38
82 39
82 40
82 41
82 41
82 42
82 43
83 44
83 45
83 46
83 46
83 47
83 48
83 49
83 50
83 51
83 52
83 52
83 53
83 54
84 55
84 56
84 57
84 57
84 58
84 59
85 60
85 61
85 62
85 62
85 63
85 64
85 65
85 66
85 67
85 68
85 68
85 69
85 70
86 71
86 72
86 73
86 73
86 74
86 75
87 76
87 77
87 78
87 78
87 79
88 80
88 81
88 82
88 82
88 83
88 84
88 85
88 86
88 86
88 87
88 88
88 89
88 89
88 90
88 91
88 92
88 92
88 93
88 94
88 95
88 96
88 96
88 97
88 98
88 98
88 99
88 99
