5 12
4 13
3 13
3 13
2 12
1 12
1 12
0 12
0 12
0 12
0 12
0 12
0 11
0 11
0 11
1 10
2 10
3 9
3 9
4 8
5 7
6 7
7 6
7 6
8 6
9 5
10 5
10 5
11 5
12 5
13 5
13 5
14 6
15 6
16 7
16 7
17 8
18 9
18 10
19 11
19 11
20 12
20 13
21 14
21 15
22 16
22 16
22 17
22 18
22 19
22 20
22 21
22 22
22 22
22 23
21 24
21 25
21 26
21 26
20 27
20 28
19 29
19 29
18 30
18 31
17 32
17 32
16 33
15 34
15 34
14 34
13 35
12 35
12 35
11 35
10 35
10 35
9 34
9 34
8 33
8 33
9 32
9 31
9 31
10 30
10 30
11 31
12 31
12 31
13 32
13 33
14 34
14 34
14 35
15 36
15 37
16 38
16 39
16 39
16 40
17 41
17 42
17 43
18 44
18 45
18 45
18 46
18 47
18 48
19 49
19 50
19 51
19 52
19 52
20 53
20 54
21 55
21 56
21 56
22 57
22 58
22 58
23 59
23 59
24 59
24 59
25 58
25 58
26 57
27 56
27 56
28 55
29 54
29 53
30 52
30 52
31 51
31 50
32 49
32 48
33 47
33 46
33 46
34 45
34 44
35 43
35 42
36 41
36 40
37 39
37 38
38 37
38 36
39 35
39 34
40 33
40 32
41 31
41 30
42 29
42 28
43 27
44 26
44 25
45 24
45 23
46 22
46 21
47 20
47 19
48 18
48 17
49 16
49 15
50 14
50 13
51 12
51 11
52 10
52 9
53 8
53 7
54 6
54 6
55 7
56 8
57 9
58 9
59 10
60 11
60 11
60 10
60 9
60 9
59 10
58 10
58 10
58 11
58 12
58 12
58 13
58 14
58 14
58 15
58 16
58 17
58 17
58 18
58 19
58 20
58 21
58 21
58 22
58 23
58 24
58 24
59 23
59 22
60 21
61 20
61 19
62 18
63 17
63 16
64 15
65 14
65 13
66 12
66 12
67 11
68 11
69 10
70 9
71 9
72 8
72 8
73 7
74 7
74 7
75 7
76 6
77 6
78 6
78 6
79 6
80 5
81 5
82 5
82 5
83 4
84 4
85 3
86 3
86 3
87 3
88 2
89 2
90 2
90 2
91 2
92 1
93 1
93 1
94 0
95 0
95 0
96 1
97 1
97 1
97 2
97 3
97 3
97 4
97 4
96 5
96 6
95 7
95 8
95 8
94 9
93 10
92 11
91 12
91 12
90 13
89 14
88 14
87 15
86 16
86 16
85 17
84 17
83 18
82 19
81 19
80 20
80 20
79 21
78 22
77 22
76 23
75 24
75 24
74 24
73 25
72 25
71 26
70 26
70 26
69 27
68 27
67 28
66 28
66 28
65 28
64 28
64 28
64 28
64 28
65 28
66 27
67 27
67 27
68 27
69 26
70 26
71 26
71 26
72 25
73 24
74 24
75 23
75 23
76 23
77 22
78 22
79 21
80 21
80 21
81 20
82 20
83 19
84 19
84 19
85 19
86 18
87 18
88 17
89 17
89 17
90 17
91 16
92 16
92 16
93 15
93 15
93 15
92 16
92 16
91 16
90 17
89 17
89 17
88 18
88 18
87 19
86 19
86 19
85 20
84 21
84 21
83 22
83 23
82 24
82 24
81 25
81 26
80 27
80 27
79 28
79 29
78 30
78 31
78 31
78 32
77 33
77 34
76 35
76 36
76 36
76 37
76 38
75 39
75 40
75 41
75 41
74 42
74 43
74 43
74 44
74 44
75 44
75 44
75 44
75 44
76 43
76 42
76 42
77 41
77 40
78 39
78 39
79 38
79 37
80 36
80 36
81 35
81 34
82 33
82 33
83 32
83 31
83 31
84 31
84 31
84 31
85 32
85 32
86 33
86 33
86 34
86 35
86 35
86 36
86 37
86 37
85 38
85 38
84 39
84 40
84 40
83 41
82 41
82 41
81 42
80 43
80 43
79 44
78 44
78 44
77 44
77 44
76 44
76 44
76 44
77 44
77 44
77 44
78 44
79 44
79 44
80 44
80 44
80 44
80 45
80 45
79 46
79 47
79 47
78 48
78 49
77 50
77 51
77 51
76 52
75 53
74 54
74 54
73 55
72 55
71 56
71 56
70 57
70 57
70 57
71 57
71 57
72 57
73 57
74 57
74 57
75 57
76 56
77 56
78 56
78 56
79 56
80 55
81 55
82 55
83 55
84 54
85 54
85 54
86 53
87 53
88 52
89 52
90 51
90 51
91 51
92 50
93 50
94 49
95 49
95 49
96 48
97 48
98 47
98 47
99 46
99 46
98 45
98 45
97 44
97 43
97 43
96 42
95 41
94 40
94 40
93 39
92 39
91 38
90 38
90 38
89 37
88 36
87 35
86 34
86 34
86 33
85 32
85 31
85 30
84 29
84 28
84 27
83 26
83 25
82 24
82 23
82 22
81 21
81 20
81 19
80 18
80 17
80 16
79 15
79 14
79 14
79 13
79 12
79 11
79 11
78 11
78 11
78 11
78 11
78 11
78 11
78 11
78 11
78 11
78 11
78 11
78 11
78 12
78 12
78 13
78 14
78 14
78 15
78 16
78 17
78 17
78 18
78 19
78 20
78 21
78 22
78 22
78 23
78 24
78 25
78 26
78 27
78 28
78 29
78 29
78 30
78 31
78 32
78 33
78 34
78 35
78 36
78 37
78 38
78 39
78 40
78 40
78 41
78 42
78 43
78 44
78 45
78 46
78 47
78 48
78 49
78 50
78 50
78 51
78 52
78 53
78 54
78 55
79 56
79 57
79 58
79 59
79 60
79 61
79 61
79 62
79 63
79 64
79 65
79 66
80 67
80 68
80 69
80 70
80 71
80 72
80 72
80 73
81 74
81 75
81 76
82 77
82 78
82 79
83 80
83 81
83 81
83 82
83 83
83 84
83 85
83 86
83 87
83 88
83 89
83 89
83 90
83 91
83 92
83 93
83 93
83 94
83 95
83 96
83 96
83 97
83 98
83 98
83 99
83 99
83 99
83 99
83 99
83 99
83 99
83 99
