17 14
16 15
15 15
14 16
13 17
12 17
11 18
10 18
9 19
9 19
8 19
7 19
6 19
5 19
4 19
3 19
3 19
2 18
1 18
0 17
0 17
0 18
0 18
0 18
0 18
0 17
0 17
1 17
2 17
2 17
3 16
4 16
5 15
6 15
6 15
7 15
8 14
9 14
10 13
11 13
11 13
12 12
13 11
14 11
15 10
15 10
16 10
17 9
18 9
18 9
19 9
20 8
21 8
21 8
22 8
23 8
23 8
24 9
24 9
25 10
26 11
26 11
26 12
27 13
27 14
27 15
27 15
27 16
27 17
27 18
27 19
27 20
27 20
27 21
27 22
26 23
26 24
26 25
26 26
26 26
26 27
25 28
25 29
25 30
25 30
25 31
24 32
24 33
24 33
23 34
23 35
22 36
22 36
21 37
21 38
21 38
20 38
19 38
19 38
18 38
18 38
17 37
16 37
16 37
16 36
16 35
16 35
16 34
16 33
16 33
17 33
18 33
18 33
19 33
19 33
20 34
20 35
20 35
20 36
21 37
21 38
22 39
22 40
22 40
22 41
22 42
23 43
23 44
23 45
23 45
23 46
23 47
24 48
24 49
24 50
24 50
24 51
24 52
24 53
24 54
24 54
24 55
24 56
24 56
24 57
24 57
25 58
25 58
25 58
25 58
26 57
27 56
27 56
28 55
29 54
30 53
31 52
31 52
32 51
33 50
33 49
34 48
35 47
35 47
36 46
36 45
37 44
37 43
38 42
38 41
39 40
39 39
40 38
40 37
41 36
41 35
42 34
42 33
43 32
43 31
44 30
44 29
45 28
46 27
46 26
47 25
47 24
48 23
48 22
49 21
49 20
50 19
50 18
51 17
51 16
52 15
52 14
53 13
53 12
54 11
54 10
55 9
55 8
56 7
56 7
57 6
58 5
59 4
60 4
61 3
62 2
62 2
61 3
61 3
61 3
61 4
60 5
60 6
60 6
60 7
59 8
59 9
59 10
59 10
59 11
58 12
58 13
58 14
58 14
58 15
58 16
58 16
58 17
59 18
59 19
59 19
59 20
59 21
59 22
59 23
59 23
59 24
59 25
59 26
59 26
60 25
60 24
61 23
61 22
62 21
62 20
62 20
62 19
63 18
63 17
63 16
63 16
64 15
64 15
65 14
66 13
67 12
67 12
68 11
69 10
70 10
71 9
71 9
72 8
73 8
74 7
75 7
75 7
76 6
77 5
78 5
79 4
79 4
80 4
81 4
82 3
83 3
84 3
84 3
85 3
86 2
87 2
88 2
89 1
90 1
90 1
91 1
92 0
93 0
94 0
94 0
95 0
96 0
97 0
97 0
98 1
98 1
99 1
99 1
98 2
98 3
98 3
97 4
96 5
96 5
95 6
94 6
93 7
93 7
92 8
91 9
90 9
89 10
88 11
88 11
87 12
86 12
85 13
84 14
83 14
82 15
81 16
80 16
79 17
78 18
77 18
76 19
76 19
75 20
74 21
73 21
72 22
71 23
71 23
70 24
69 25
69 25
69 25
69 25
70 25
71 25
71 25
72 24
73 24
73 24
74 23
75 23
76 22
77 22
77 22
78 21
79 21
80 20
80 20
81 20
82 19
83 19
83 19
84 19
85 19
85 19
86 19
86 19
86 20
85 21
85 22
85 22
85 23
84 24
84 25
84 25
83 26
82 27
82 28
81 29
81 29
80 30
80 31
79 32
79 32
78 33
77 34
76 35
76 35
75 36
75 37
75 37
74 38
74 38
73 39
73 39
72 39
72 39
73 39
73 39
73 38
73 37
73 37
74 36
75 35
76 34
76 34
77 33
78 32
79 32
80 31
80 31
81 30
82 30
83 29
84 29
84 29
85 29
86 28
87 28
87 28
88 28
89 28
90 28
90 28
91 29
91 29
92 30
92 30
92 31
92 32
92 32
92 33
92 34
92 34
91 35
90 35
89 36
89 36
88 37
87 37
86 38
86 38
85 39
84 39
83 40
82 40
82 40
81 41
80 41
80 41
79 41
78 41
78 41
78 41
78 40
78 40
79 39
80 39
80 39
81 39
82 38
83 38
83 38
84 38
85 38
85 38
86 39
87 39
87 39
88 40
89 40
89 40
89 41
89 41
88 42
87 43
87 43
86 44
85 45
84 46
84 46
83 47
82 48
81 48
80 49
80 49
79 50
78 50
77 51
76 52
75 52
74 53
74 53
73 54
72 55
71 56
70 56
69 57
68 58
68 58
67 59
66 59
65 60
64 60
63 61
63 61
62 62
61 62
61 62
61 63
61 63
62 63
62 63
63 63
64 63
65 63
66 63
66 63
67 63
68 63
69 63
70 62
71 62
72 62
73 62
73 62
74 61
75 61
76 60
77 59
78 59
79 58
79 58
80 58
81 57
82 57
83 56
84 56
85 55
86 55
86 55
87 54
88 54
89 53
90 53
91 52
91 52
92 52
93 51
94 51
95 50
96 50
96 50
97 49
98 48
98 48
98 47
98 46
98 46
98 45
97 44
97 43
97 43
96 42
95 41
94 40
94 40
93 39
92 38
91 37
91 37
91 36
90 35
90 34
90 33
89 32
89 31
89 30
89 29
88 28
88 27
88 26
87 25
87 24
87 23
86 22
86 21
86 20
85 19
85 18
85 17
84 16
84 15
84 14
84 13
83 12
83 11
83 10
82 9
82 8
82 8
81 8
80 8
79 8
79 8
79 8
79 8
79 8
79 8
79 8
79 8
79 8
79 8
79 9
79 10
79 11
79 11
79 12
79 13
79 14
79 15
79 15
79 16
79 17
79 18
79 19
79 20
79 21
79 21
79 22
79 23
79 24
79 25
79 26
79 27
79 28
79 29
79 30
79 30
79 31
79 32
79 33
79 34
79 35
78 36
78 37
78 38
78 39
78 40
78 41
78 41
78 42
78 43
78 44
78 45
78 46
77 47
77 48
77 49
77 50
77 51
77 52
77 52
77 53
77 54
77 55
77 56
78 57
78 58
78 59
78 60
78 61
78 62
78 62
78 63
78 64
79 65
79 66
79 67
79 68
79 69
80 70
80 71
80 72
80 72
80 73
80 74
80 75
81 76
81 77
81 78
81 79
81 80
81 80
81 81
82 82
82 83
83 84
83 85
83 85
83 86
83 87
84 88
84 89
84 90
84 90
84 91
85 92
85 93
85 93
85 94
85 95
85 95
85 96
85 97
85 97
85 98
85 98
85 98
85 99
85 99
84 99
84 99
84 99
84 99
84 99
84 99
84 99
84 99
84 99
