15 22
14 22
13 23
12 23
11 23
10 23
9 24
8 24
8 24
7 24
6 24
5 23
4 23
3 23
2 23
2 23
1 22
0 22
0 22
0 22
0 22
0 22
1 21
2 21
3 20
3 20
4 19
5 18
6 18
7 17
8 16
8 16
9 15
10 15
11 14
12 13
13 13
14 12
14 12
15 11
16 11
17 10
18 10
19 9
19 9
20 8
21 8
22 7
23 7
24 6
24 6
25 6
26 6
26 6
27 7
28 7
28 7
29 8
29 9
29 9
30 10
30 11
31 12
31 13
31 13
31 14
31 15
31 16
31 17
31 18
31 19
31 19
31 20
31 21
31 22
31 23
31 24
31 25
31 25
31 26
31 27
30 28
30 29
30 30
30 30
30 31
30 32
30 33
30 33
29 34
29 35
28 36
28 37
28 37
28 38
27 39
27 40
27 40
26 41
25 41
25 41
24 42
23 42
23 42
22 42
21 42
20 42
20 42
19 41
18 41
18 41
17 40
17 39
17 39
17 38
17 37
17 37
18 36
18 36
19 35
19 35
20 35
21 36
22 36
22 36
23 37
23 38
24 39
24 39
24 40
25 41
25 42
25 43
25 43
25 44
25 45
26 46
26 47
26 48
26 48
26 49
26 50
26 51
26 52
26 52
26 53
27 54
27 55
27 55
27 56
27 57
27 57
28 57
28 57
29 57
29 57
30 56
31 55
31 55
32 54
33 53
34 52
35 51
35 51
36 50
37 49
38 48
39 47
40 46
40 46
41 45
41 44
42 43
43 42
43 41
44 40
44 39
45 38
46 37
46 36
47 35
48 34
48 33
49 32
49 31
50 30
51 29
51 28
52 27
53 26
53 25
54 24
54 23
55 22
55 22
56 21
56 20
57 19
57 18
58 17
59 16
59 15
60 14
60 13
61 12
62 11
62 10
63 9
63 8
64 7
64 7
64 6
64 5
64 5
64 5
64 5
64 5
64 6
63 7
63 8
63 8
63 9
62 10
62 11
62 11
62 12
62 13
62 14
62 15
62 15
62 16
61 17
61 18
61 18
61 19
61 20
61 21
61 21
61 22
61 23
61 24
61 24
61 25
61 26
61 26
62 27
62 27
62 27
62 27
62 26
62 25
62 25
62 24
62 23
62 23
63 22
63 21
64 20
64 19
64 19
65 18
65 17
66 16
66 16
67 15
68 14
69 13
70 12
70 12
71 11
72 10
73 9
74 8
74 8
75 7
76 7
77 6
78 6
79 5
80 5
80 5
81 5
82 4
83 4
84 3
85 3
85 3
86 3
87 2
88 2
89 2
89 2
90 2
91 1
92 1
92 1
93 1
94 0
95 0
95 0
96 0
96 0
96 1
96 1
96 1
95 2
95 3
95 3
94 4
93 5
93 5
92 6
91 7
91 8
90 9
90 9
89 10
88 11
88 12
87 13
87 13
86 14
85 15
84 16
83 17
83 17
82 18
82 19
81 20
81 21
80 22
80 22
79 23
78 24
77 25
76 26
76 26
75 27
74 28
74 29
73 30
73 30
72 31
71 32
71 32
70 33
70 33
70 33
70 33
70 32
70 32
71 31
72 31
72 31
73 30
74 30
75 29
75 29
76 28
77 27
78 27
79 26
79 26
80 25
81 24
82 24
83 23
83 23
84 22
85 22
86 21
86 21
87 20
88 20
88 20
89 20
89 20
89 20
90 21
90 21
90 22
90 22
90 23
89 24
89 25
89 25
88 26
87 27
87 27
86 28
86 29
85 30
85 30
84 31
83 32
82 33
82 33
81 34
80 35
79 36
79 36
78 37
77 37
77 37
76 38
76 38
76 38
76 37
76 37
77 36
78 35
78 35
79 34
80 33
81 32
81 32
82 31
83 31
84 30
85 30
85 30
86 29
87 28
87 28
88 28
89 28
89 28
90 29
91 29
91 29
91 30
91 31
91 31
91 32
90 33
90 34
90 34
89 35
89 36
88 37
88 38
88 38
87 39
86 40
85 41
84 42
84 42
83 43
82 44
81 45
80 46
80 46
79 47
78 48
77 48
76 49
75 50
75 50
74 51
73 52
72 53
72 53
71 54
70 55
70 55
70 55
70 55
71 55
72 55
72 55
73 54
74 54
75 53
76 53
76 53
77 52
78 52
79 51
80 51
81 50
81 50
82 49
83 49
84 48
85 47
86 47
87 46
87 46
88 45
89 44
90 43
91 42
91 42
92 41
93 40
94 39
95 38
95 38
96 37
96 36
97 35
97 35
98 34
98 33
99 32
99 31
99 31
99 30
99 29
99 28
99 27
99 27
98 26
98 25
97 24
97 23
96 22
96 22
95 21
95 20
94 19
94 19
93 18
92 17
91 17
90 16
90 16
89 15
88 14
88 14
87 13
87 12
86 11
86 11
86 10
86 9
86 9
85 8
85 8
85 7
85 7
85 7
85 7
84 7
84 7
84 7
84 7
84 7
84 7
84 7
84 7
84 7
85 8
85 8
85 9
85 10
85 11
85 11
85 12
85 13
85 14
85 15
85 16
85 16
85 17
85 18
85 19
84 20
84 21
84 22
84 23
84 24
84 24
84 25
84 26
84 27
84 28
83 29
83 30
83 31
83 32
83 33
83 33
83 34
83 35
83 36
83 37
83 38
82 39
82 40
82 41
82 42
82 43
82 44
82 44
82 45
82 46
82 47
82 48
82 49
82 50
82 51
82 52
82 53
82 54
82 55
82 56
82 56
82 57
82 58
82 59
82 60
82 61
83 62
83 63
83 64
83 65
83 66
83 67
83 68
83 68
83 69
83 70
84 71
84 72
84 73
84 74
84 75
84 76
85 77
85 78
85 79
85 80
85 80
85 81
85 82
85 83
86 84
86 85
86 86
86 87
86 88
86 88
86 89
86 90
86 91
86 92
86 93
86 93
86 94
87 95
87 96
87 96
87 97
87 97
87 98
87 99
87 99
87 99
87 99
87 99
87 99
87 99
87 99
87 99
87 99
87 99
87 99
87 99
87 99
87 99
87 99
87 99
87 99
