14 24
13 24
12 24
11 23
10 23
9 23
8 23
8 23
7 23
6 22
5 22
4 21
3 21
3 21
2 20
2 19
1 18
1 18
0 18
0 18
0 18
0 18
1 17
1 17
2 16
3 16
4 15
4 15
5 14
6 14
7 13
8 13
9 12
10 12
10 12
11 12
12 11
13 11
14 10
15 10
15 10
16 10
17 9
18 9
19 8
20 8
20 8
21 8
22 7
23 7
23 7
24 6
25 6
25 6
26 7
26 7
26 7
26 8
25 9
25 10
25 11
25 11
25 12
25 13
24 14
24 15
24 16
24 16
24 17
24 18
24 19
23 20
23 21
23 22
23 23
23 23
23 24
22 25
22 26
21 27
21 28
21 28
21 29
20 30
20 31
20 32
20 32
20 33
19 34
19 35
19 36
19 36
19 37
18 38
18 39
18 39
17 40
17 41
17 41
17 41
17 41
16 40
16 40
15 39
15 39
15 38
15 37
15 37
15 36
15 36
15 36
16 37
16 37
17 38
17 39
17 39
17 40
17 41
17 42
17 43
17 43
17 44
17 45
17 46
17 47
17 47
17 48
17 49
17 50
17 51
17 51
17 52
17 53
17 54
17 54
17 55
17 56
17 57
17 57
18 58
18 58
18 58
19 58
20 58
20 58
21 57
22 56
22 56
23 55
24 55
25 54
26 53
27 53
28 52
28 52
29 51
30 50
31 49
31 48
32 47
33 46
33 46
34 45
34 44
35 43
36 42
36 41
37 40
38 39
38 38
39 37
40 36
40 35
41 34
42 33
42 32
43 31
44 30
44 29
45 28
46 27
47 26
47 25
48 24
49 23
49 22
50 21
51 20
51 19
52 18
53 17
53 16
54 15
55 14
55 13
56 12
57 11
57 10
58 9
58 9
59 8
60 7
61 6
61 5
62 4
63 3
63 3
63 3
62 4
62 4
62 5
62 5
62 6
61 7
61 8
61 8
61 9
60 10
60 11
60 11
60 12
60 13
60 14
60 14
60 15
60 16
60 17
60 18
60 18
60 19
59 20
59 21
59 21
59 22
59 23
59 24
59 25
59 25
59 26
59 27
59 28
59 28
60 27
60 26
61 25
62 24
62 23
63 22
63 21
64 20
64 20
64 19
64 18
64 17
65 16
65 15
65 14
65 13
65 13
66 12
66 11
66 11
67 10
67 9
67 9
68 8
69 8
70 7
70 7
71 6
72 5
73 5
74 4
74 4
75 4
76 3
77 3
78 2
79 2
79 2
80 2
81 2
82 1
83 1
84 1
84 1
85 1
86 1
87 0
88 0
89 0
90 0
90 0
91 0
92 0
93 0
94 0
94 0
95 0
96 1
97 1
97 1
98 1
99 1
99 1
99 2
99 2
98 2
98 2
97 3
96 3
95 4
95 4
94 5
93 6
92 6
91 7
91 7
90 8
89 8
88 9
87 9
86 10
85 10
85 10
84 11
83 11
82 12
81 12
80 13
79 13
78 14
78 14
77 15
76 16
75 17
74 18
74 18
73 19
72 20
71 21
71 21
70 22
69 23
69 23
68 24
68 25
68 25
68 25
68 25
69 25
69 25
70 24
71 23
71 23
72 22
73 21
74 21
75 20
75 20
76 19
77 18
78 17
78 17
79 16
80 16
80 16
81 16
82 16
82 16
82 16
81 17
81 18
81 18
80 19
80 20
79 21
79 22
79 22
78 23
78 24
77 25
77 26
77 26
76 27
76 28
75 29
75 30
75 30
74 31
74 32
73 33
73 34
73 34
72 35
72 36
71 37
71 37
70 38
70 38
70 39
70 40
70 40
69 40
69 40
69 40
69 40
69 40
70 39
71 38
71 38
72 37
72 36
73 35
73 35
74 34
75 33
76 32
77 31
77 31
78 30
79 29
80 29
81 28
81 28
82 27
83 26
83 26
84 26
85 25
86 25
86 25
86 25
87 26
87 26
87 27
87 27
86 28
86 29
86 29
85 30
85 31
85 31
84 32
83 33
83 34
82 35
82 35
81 36
80 37
80 37
79 38
78 38
77 39
77 39
76 40
75 40
75 40
74 40
74 40
74 39
74 39
74 39
75 38
75 37
75 37
76 37
77 36
78 36
78 36
79 36
80 36
80 36
81 35
82 35
82 35
83 36
83 36
84 37
84 37
83 38
83 38
82 39
81 40
80 41
80 41
79 42
78 42
77 43
77 43
76 44
75 45
74 45
73 46
73 46
72 47
71 48
70 48
69 49
69 49
68 50
67 50
66 51
66 51
65 52
65 52
65 52
65 51
65 51
66 51
67 51
68 51
68 51
69 51
70 50
71 50
72 49
73 49
73 49
74 48
75 48
76 47
77 47
78 46
78 46
79 45
80 45
81 44
82 44
83 43
83 43
84 42
85 41
86 41
87 40
87 40
88 39
89 39
90 38
90 38
90 37
90 36
90 36
89 35
89 34
89 34
88 33
88 32
87 31
87 31
86 30
85 29
84 28
84 28
84 27
83 26
83 25
83 24
82 23
82 22
82 21
81 20
81 19
81 18
81 17
80 16
80 15
80 14
79 13
79 12
79 11
78 10
78 9
78 9
78 8
78 8
77 8
77 8
77 8
77 8
77 8
77 8
77 8
77 9
77 9
77 10
77 11
77 11
77 12
77 13
77 14
77 15
77 15
77 16
77 17
77 18
77 19
77 20
77 20
77 21
77 22
77 23
77 24
77 25
77 26
77 27
77 27
77 28
77 29
77 30
77 31
76 32
76 33
76 34
76 35
76 36
76 37
76 37
76 38
76 39
76 40
76 41
76 42
76 43
76 44
76 45
76 46
76 47
76 47
76 48
76 49
76 50
76 51
76 52
76 53
76 54
76 55
76 56
76 57
76 58
76 59
76 59
76 60
76 61
76 62
76 63
76 64
77 65
77 66
77 67
77 68
77 69
77 70
77 71
77 71
77 72
77 73
77 74
77 75
77 76
78 77
78 78
78 79
78 80
78 81
78 82
78 83
78 83
78 84
79 85
79 86
79 87
79 88
80 89
80 90
80 91
80 91
80 92
80 93
80 94
80 95
80 96
80 96
81 97
81 97
81 98
81 99
81 99
81 99
80 99
80 99
80 99
80 99
80 99
80 99
80 99
80 99
81 99
81 99
