7 23
6 24
5 24
5 24
4 23
3 23
2 22
1 22
1 22
0 21
0 20
0 20
1 19
1 19
1 19
1 19
1 19
2 18
3 18
4 17
4 17
5 16
6 16
7 15
8 15
8 15
9 15
10 14
11 14
12 14
13 14
14 13
15 13
15 13
16 13
17 12
18 12
19 12
20 11
21 11
21 11
22 11
23 11
24 10
25 10
26 10
26 10
27 10
28 10
29 10
29 10
30 11
31 11
31 11
31 12
32 13
32 14
32 14
32 15
32 16
32 17
32 18
32 19
32 19
32 20
31 21
31 22
31 23
30 24
30 25
30 25
30 26
29 27
29 28
29 29
29 30
28 31
28 32
28 32
27 33
27 34
26 35
26 36
25 37
25 38
25 38
24 39
24 40
23 41
23 42
22 43
22 43
21 44
21 45
20 46
20 46
19 47
18 47
18 47
17 48
16 48
16 48
15 47
15 47
14 46
14 46
14 45
15 44
15 43
15 43
15 42
16 41
16 40
16 40
17 39
18 39
18 39
19 40
20 40
20 40
21 41
21 41
21 42
21 43
22 44
22 45
22 46
22 46
22 47
22 48
22 49
22 50
22 51
22 52
22 52
22 53
22 54
22 55
22 56
22 57
22 58
22 58
22 59
22 60
22 61
22 62
22 62
22 63
22 64
22 64
23 65
23 66
23 66
23 66
23 66
24 65
25 65
25 65
26 64
27 63
27 62
28 61
28 61
29 60
29 59
30 58
31 57
31 56
32 55
32 55
32 54
33 53
33 52
34 51
34 50
35 49
35 48
36 47
36 46
37 45
37 44
38 43
38 42
39 41
39 40
40 39
40 38
41 37
41 36
42 35
42 34
43 33
43 32
44 31
44 30
45 29
45 28
46 27
46 26
47 25
47 24
48 23
48 22
49 21
49 20
50 19
50 18
51 17
51 16
51 16
51 15
52 14
52 13
53 12
53 11
54 10
54 9
55 8
55 7
55 7
55 7
55 7
55 7
54 8
54 9
54 9
54 10
53 11
53 12
53 12
53 13
52 14
52 15
52 16
52 16
51 17
51 18
50 19
50 20
50 20
50 21
50 22
50 23
50 24
50 24
50 25
49 26
49 27
49 27
49 28
49 29
49 30
49 31
49 31
50 32
50 32
50 33
50 33
50 33
51 32
51 31
51 31
51 30
51 29
51 29
52 28
52 27
53 26
53 26
54 25
55 24
56 23
56 23
57 22
58 21
59 20
60 19
60 19
61 18
62 18
63 17
64 16
65 16
66 15
66 15
67 14
68 14
69 13
70 13
71 12
72 12
73 11
73 11
74 10
75 10
76 9
77 9
78 8
79 8
80 7
81 7
81 7
82 7
83 6
84 6
85 5
86 5
87 4
88 4
88 4
89 4
90 3
91 3
92 2
93 2
93 2
94 1
95 1
96 0
97 0
97 0
98 0
99 0
99 0
99 0
99 0
98 1
98 2
98 2
97 3
96 3
96 3
95 4
95 5
95 5
94 6
93 7
92 8
92 8
91 9
91 10
90 11
90 11
89 12
88 13
87 14
86 15
85 15
84 16
83 17
82 18
81 19
81 19
80 20
79 20
78 21
77 22
76 23
75 23
74 24
74 24
73 25
72 26
72 27
71 28
71 28
70 29
69 30
68 30
67 31
67 31
66 32
65 33
64 34
64 34
63 35
63 36
62 37
62 37
61 38
61 38
61 38
61 38
61 38
61 37
61 37
62 37
62 37
63 36
64 36
65 35
65 35
66 34
67 34
68 33
68 33
69 32
70 31
71 30
71 30
72 29
73 29
74 28
75 28
75 28
76 27
77 26
78 26
79 25
79 25
80 25
81 24
82 24
83 24
83 24
84 23
85 23
85 23
86 24
87 24
87 24
88 25
88 25
87 26
87 27
86 28
86 28
85 29
85 30
84 31
84 32
84 32
83 33
82 34
81 35
80 36
80 36
79 37
78 38
77 38
76 39
76 39
75 40
74 41
73 41
72 42
72 42
71 43
70 44
69 44
68 45
68 45
67 46
66 47
66 47
65 48
64 48
63 49
63 49
63 49
63 49
63 49
64 49
65 48
66 48
66 48
67 47
68 46
69 45
69 45
70 44
71 43
72 43
73 42
74 41
74 41
75 40
76 40
77 39
78 39
78 39
79 39
80 38
81 38
81 38
82 37
83 37
83 37
84 37
85 37
85 37
86 38
86 38
87 39
87 39
86 40
86 41
86 41
85 42
84 43
84 43
83 44
82 44
81 45
81 45
80 46
79 47
78 47
77 48
77 48
76 49
75 50
74 50
73 51
73 51
72 52
71 52
70 53
69 53
68 54
67 54
67 54
66 55
65 56
64 56
63 57
62 58
62 58
61 59
60 60
59 60
58 61
58 61
57 62
56 63
56 64
55 65
55 65
54 66
54 67
54 67
55 68
55 68
56 68
57 68
58 68
58 68
59 68
60 67
61 67
62 66
63 66
63 66
64 65
65 65
66 64
67 64
68 63
69 63
70 62
70 62
71 61
72 60
73 59
74 59
75 58
76 57
77 56
77 56
78 55
79 55
80 54
81 53
82 52
83 52
84 51
84 51
85 50
86 49
87 48
88 47
89 46
90 45
90 45
91 44
92 43
93 43
94 42
95 41
95 41
95 40
95 39
96 38
96 37
96 36
96 36
96 35
96 34
96 33
96 32
96 32
95 31
94 30
94 29
93 28
93 28
92 27
91 26
90 26
89 25
89 25
88 24
87 23
86 23
85 22
85 22
84 21
83 20
82 19
82 19
81 18
81 17
80 16
80 16
79 15
79 14
79 14
79 13
79 12
79 11
79 11
79 10
79 9
79 9
79 8
79 8
79 8
79 8
79 8
79 8
79 8
79 8
79 8
79 8
79 8
79 8
79 9
80 10
80 11
80 11
80 12
80 13
80 14
80 15
80 16
80 16
80 17
79 18
79 19
79 20
79 21
78 22
78 23
78 24
78 24
78 25
78 26
78 27
78 28
78 29
77 30
77 31
77 32
77 33
77 34
77 35
77 35
77 36
77 37
76 38
76 39
76 40
76 41
75 42
75 43
75 44
75 45
74 46
74 47
74 48
74 48
74 49
74 50
74 51
74 52
74 53
74 54
73 55
73 56
73 57
73 58
73 59
73 60
73 61
73 62
73 62
73 63
73 64
73 65
73 66
73 67
73 68
73 69
73 70
73 71
73 72
73 73
73 74
73 74
73 75
73 76
74 77
74 78
74 79
74 80
74 81
75 82
75 83
75 84
75 84
75 85
76 86
76 87
76 88
76 89
77 90
77 91
77 92
77 92
77 93
78 94
78 95
78 96
78 96
78 97
78 98
78 98
79 99
79 99
79 99
79 99
79 99
79 99
79 99
79 99
79 99
79 99
79 99
79 99
79 99
79 99
79 99
79 99
79 99
79 99
79 99
79 99
