10 17
9 17
8 18
7 18
6 18
5 18
4 19
3 19
3 19
2 19
1 20
0 20
0 20
0 20
1 20
1 20
2 20
3 20
3 20
4 20
5 20
6 20
6 20
7 20
8 19
9 19
10 18
11 18
11 18
12 18
13 17
14 17
15 16
16 16
16 16
17 16
18 15
19 15
20 14
21 14
21 14
22 13
23 13
24 12
24 12
25 11
26 11
26 11
27 11
27 11
27 11
27 12
27 13
27 13
27 14
27 15
27 16
27 16
27 17
27 18
26 19
26 20
26 21
26 21
26 22
25 23
25 24
24 25
24 26
24 26
24 27
23 28
23 29
23 30
23 30
23 31
22 32
22 33
22 33
21 34
21 35
21 35
20 36
19 37
19 37
18 38
17 39
17 39
16 40
15 40
15 40
14 40
13 40
13 40
12 40
11 40
11 40
11 39
11 39
11 38
11 38
11 38
11 38
12 39
12 40
13 41
13 41
14 42
14 43
15 44
15 44
15 45
15 46
15 47
15 48
15 49
15 49
15 50
15 51
15 52
15 53
15 54
15 54
15 55
15 56
15 57
15 58
15 58
15 59
15 60
15 60
16 61
16 61
17 61
17 61
18 60
19 60
19 60
20 59
21 58
22 57
23 56
23 56
24 55
24 54
25 53
26 52
27 51
27 50
28 49
29 48
29 47
30 46
31 45
32 44
32 43
33 42
34 41
34 40
35 39
36 38
37 37
37 36
38 35
39 34
39 33
40 32
41 31
41 30
42 29
43 28
44 27
44 26
45 25
46 24
46 23
47 22
48 21
49 20
49 19
50 18
50 18
51 17
52 16
53 15
54 14
55 13
56 12
57 11
58 10
58 10
59 9
59 9
59 9
59 9
59 10
58 11
58 12
58 12
57 13
57 14
56 15
56 15
55 16
55 17
54 18
54 19
54 19
54 20
53 21
53 22
53 22
53 23
52 24
52 25
52 25
52 26
51 27
51 28
51 28
51 29
51 30
51 30
51 31
51 31
51 31
52 31
52 31
52 30
53 29
53 28
53 28
54 27
54 26
55 25
55 25
56 24
56 23
57 22
57 22
58 21
59 20
59 19
60 18
60 18
61 17
62 16
63 15
64 14
64 14
65 13
66 12
67 12
68 11
69 10
69 10
70 9
71 8
72 8
73 7
74 6
74 6
75 6
76 5
77 5
78 4
79 4
80 3
81 3
81 3
82 3
83 3
84 2
85 2
86 2
86 2
87 2
88 2
89 1
90 1
91 1
91 1
92 1
93 0
94 0
95 0
95 0
96 1
97 1
97 1
98 1
98 1
99 2
99 2
98 2
98 2
97 3
96 4
96 4
95 5
94 6
93 7
93 7
92 8
91 9
90 10
89 10
88 11
87 12
86 13
85 14
84 15
83 15
82 16
81 17
81 17
80 18
79 19
78 19
77 20
76 21
75 22
74 22
73 23
73 23
72 24
71 24
70 25
70 25
69 26
68 26
67 27
67 27
66 27
66 27
66 27
66 27
67 26
68 26
69 25
69 25
70 24
71 23
72 23
73 22
73 22
74 21
75 21
76 20
77 20
77 20
78 19
79 18
80 18
81 17
81 17
82 17
83 16
84 16
85 16
85 16
86 16
87 16
87 16
87 16
87 17
87 18
87 18
86 19
85 20
85 20
84 21
83 22
83 23
82 24
81 25
81 25
80 26
79 27
78 28
77 29
77 29
76 30
75 31
74 32
73 33
73 33
72 34
72 35
71 36
71 37
71 37
70 38
69 39
68 40
68 40
67 41
67 42
67 42
66 42
66 42
66 42
66 42
66 42
67 41
67 41
68 40
69 39
70 38
70 38
71 37
72 36
73 35
74 34
74 34
75 33
76 32
77 32
78 31
78 31
79 31
80 30
81 30
82 29
83 29
83 29
84 28
85 27
85 27
86 27
86 27
87 28
87 28
88 28
88 28
88 29
88 30
88 30
88 31
88 32
88 32
87 33
86 34
86 34
85 35
84 36
84 36
83 37
82 38
81 39
81 39
80 40
79 40
78 41
78 41
77 41
76 42
75 42
75 42
74 42
73 43
72 43
72 43
71 43
71 43
70 43
70 43
71 43
71 43
72 42
72 42
73 42
74 42
74 42
75 42
75 42
76 42
76 42
77 43
77 43
76 44
76 45
76 45
75 46
74 47
74 47
73 48
72 49
71 49
70 50
70 50
69 51
68 51
67 52
67 52
66 53
65 53
64 54
63 54
63 54
62 55
61 55
60 56
60 56
60 56
60 56
61 56
62 56
63 56
64 56
64 56
65 56
66 55
67 55
68 55
69 54
70 54
70 54
71 54
72 53
73 53
74 53
75 52
76 52
76 52
77 51
78 51
79 50
80 50
81 49
82 49
83 48
83 48
84 47
85 46
86 46
87 45
87 45
88 44
89 43
90 43
91 42
91 42
91 41
92 40
92 39
92 39
92 38
92 37
92 37
91 36
90 35
90 34
89 33
89 33
88 32
87 31
87 30
86 29
86 29
86 28
85 27
85 26
84 25
84 24
83 23
83 22
82 21
82 20
82 19
81 18
81 17
80 16
80 15
79 14
79 13
79 13
79 12
79 11
79 10
78 9
78 8
78 7
78 6
78 5
78 5
77 4
77 3
77 3
77 3
77 3
77 3
77 3
77 3
77 4
77 4
77 5
77 6
77 6
77 7
77 8
77 8
77 9
77 10
77 10
77 11
77 12
77 13
77 13
77 14
77 15
77 16
77 17
77 17
77 18
77 19
77 20
76 21
76 22
76 23
76 24
76 25
76 25
76 26
76 27
76 28
76 29
76 30
75 31
75 32
75 33
75 34
75 35
75 36
75 36
75 37
75 38
75 39
74 40
74 41
74 42
74 43
74 44
74 45
73 46
73 47
73 48
73 49
73 49
73 50
73 51
73 52
72 53
72 54
72 55
72 56
72 57
72 58
72 59
71 60
71 61
71 62
71 63
71 63
71 64
71 65
71 66
71 67
71 68
71 69
70 70
70 71
70 72
70 73
70 74
70 75
70 76
70 76
70 77
70 78
70 79
70 80
70 81
70 82
71 83
71 84
71 85
71 86
71 87
71 88
71 89
71 89
71 90
71 91
71 92
72 93
72 94
72 95
72 96
72 96
72 97
73 98
73 99
73 99
73 99
73 99
73 99
73 99
73 99
73 99
73 99
73 99
