1 17
1 17
0 17
0 17
0 17
0 16
0 16
0 16
0 15
0 15
1 15
1 15
2 14
3 14
3 14
4 13
4 13
5 13
6 12
7 12
7 12
8 12
9 12
9 12
10 12
11 12
11 12
12 12
12 12
13 13
14 14
14 14
15 15
15 15
15 16
15 17
15 17
15 18
15 19
15 19
15 20
14 21
14 22
14 22
14 23
14 24
14 25
14 25
14 26
13 27
13 28
13 28
13 29
12 30
12 31
12 31
12 32
12 33
12 34
12 34
12 35
11 36
11 37
11 37
10 38
10 39
10 39
9 40
9 41
9 41
9 42
9 42
9 42
8 42
8 42
7 41
7 41
6 40
6 39
6 39
6 38
6 38
6 37
6 36
6 36
6 35
6 35
6 34
6 33
6 33
7 33
7 33
8 32
8 32
9 31
9 31
10 31
11 31
11 31
12 31
13 31
13 31
14 32
14 32
15 33
15 33
16 34
16 35
16 35
17 36
17 37
17 37
17 38
17 39
17 40
17 40
17 41
17 42
17 43
17 43
17 44
16 45
16 46
16 46
16 47
15 48
15 49
15 50
15 50
15 51
14 52
14 53
14 54
14 54
14 55
13 56
13 57
13 58
13 58
13 59
12 60
12 61
12 62
12 62
12 63
11 64
11 65
11 65
11 66
11 67
11 67
11 68
11 68
12 69
12 69
13 69
13 69
14 69
15 69
15 69
16 68
17 67
17 67
18 66
19 66
19 66
20 65
21 65
22 64
22 64
23 63
24 63
24 63
25 62
26 62
27 61
27 61
28 60
29 59
29 59
30 58
31 58
31 58
32 57
32 56
33 55
33 54
34 53
34 52
35 51
35 50
36 49
36 48
37 47
37 46
38 45
38 44
39 43
39 42
40 41
41 40
41 39
42 38
42 37
43 36
43 35
44 34
44 33
45 32
45 31
46 30
46 29
47 28
47 27
48 26
49 25
49 24
50 23
50 22
51 21
51 20
52 19
52 18
53 17
53 16
54 15
54 14
55 13
55 12
56 11
56 10
57 9
57 9
57 9
56 8
56 7
56 7
56 7
56 7
56 7
56 7
57 8
57 8
58 9
58 10
58 10
58 11
58 12
58 12
58 13
58 14
58 15
58 15
58 16
57 17
57 18
57 18
57 19
57 20
57 21
57 21
57 22
56 23
56 24
56 24
56 25
56 26
56 26
55 27
55 28
55 28
55 28
55 28
55 28
55 27
55 27
56 26
56 25
56 25
56 24
57 23
57 22
57 22
57 21
58 20
58 19
58 19
59 18
60 17
60 17
61 16
61 15
62 14
62 14
63 13
64 12
65 11
65 11
66 10
67 10
68 9
68 9
69 8
70 8
71 7
72 7
72 7
73 6
74 5
75 4
75 4
76 4
77 3
78 3
78 3
79 3
80 2
81 2
81 2
82 2
83 1
84 1
84 1
85 1
86 0
87 0
87 0
88 0
89 0
89 0
90 1
91 1
91 1
92 2
92 2
92 3
92 4
92 4
92 5
91 6
91 7
91 7
90 8
90 9
89 10
89 10
88 11
88 12
87 13
87 13
86 14
85 15
84 16
84 16
83 17
82 18
81 19
81 19
80 20
79 21
78 22
78 22
77 23
76 23
75 24
75 24
74 25
73 26
73 26
72 27
72 27
71 28
71 28
70 28
70 28
70 28
71 28
71 28
72 27
72 27
73 26
74 25
74 25
75 24
76 24
77 23
77 23
78 22
78 21
79 20
79 20
80 19
81 19
81 19
82 18
83 17
83 17
84 17
84 17
84 17
84 17
83 18
83 18
82 19
82 20
82 20
81 21
81 22
80 23
80 23
79 24
79 25
78 26
78 27
78 27
77 28
77 29
76 30
76 30
75 31
75 32
74 33
74 34
74 34
73 35
73 36
72 37
72 38
72 38
72 39
71 40
71 41
70 42
70 43
70 43
69 44
69 45
68 46
68 46
67 47
67 48
66 49
66 49
66 50
66 51
66 51
66 51
66 51
66 51
67 50
67 50
68 49
68 48
68 48
69 47
69 46
70 45
70 45
71 44
71 43
72 42
72 41
72 41
73 40
73 39
74 38
74 38
75 37
75 36
76 35
76 34
76 34
77 33
78 33
79 32
79 32
80 31
81 30
81 30
82 29
83 28
83 28
84 27
85 27
85 27
86 27
87 27
87 27
87 27
87 28
87 28
87 29
87 29
86 30
86 31
86 31
85 32
85 33
84 34
84 34
83 35
82 36
81 37
81 37
80 38
80 39
79 40
79 40
78 41
77 42
77 43
76 44
76 44
75 45
75 46
74 47
74 47
73 48
73 48
72 49
72 49
73 50
73 50
74 50
74 50
75 49
76 49
76 49
77 49
78 48
79 48
80 48
80 48
81 48
82 47
83 47
83 47
84 46
85 46
86 45
87 45
87 45
88 45
89 45
90 45
90 45
91 46
91 46
92 47
92 47
91 48
91 49
91 49
90 50
90 51
89 52
89 52
88 53
88 54
87 55
87 55
86 56
85 57
84 58
84 58
83 59
82 60
81 60
80 61
80 61
79 62
78 63
78 63
77 64
77 65
77 65
77 65
77 65
78 64
78 64
79 63
80 63
80 63
81 62
82 62
83 61
83 61
84 60
85 59
86 58
86 58
87 57
88 56
89 56
90 55
90 55
91 54
91 53
92 52
92 52
93 51
94 50
94 49
95 48
95 48
96 47
96 46
97 45
97 45
97 44
98 43
98 42
98 41
98 41
98 40
99 39
99 38
99 38
99 37
99 36
99 35
99 34
99 34
98 33
98 32
97 31
97 30
97 30
97 29
96 28
96 27
96 26
96 26
95 25
95 24
94 23
94 22
94 22
93 21
92 20
91 19
91 19
90 18
90 17
89 16
89 16
88 15
87 14
87 14
86 13
85 13
85 13
84 12
83 12
83 12
82 12
82 12
82 12
82 12
82 12
82 13
82 13
82 14
82 15
82 15
83 16
83 17
83 17
83 18
83 19
83 20
83 20
83 21
84 22
84 23
84 24
84 24
84 25
84 26
84 27
84 28
84 28
84 29
84 30
84 31
84 32
84 33
84 33
84 34
84 35
84 36
84 37
84 38
84 39
84 40
84 40
84 41
84 42
84 43
84 44
84 45
84 46
84 47
84 47
84 48
84 49
84 50
85 51
85 52
85 53
85 54
85 54
85 55
85 56
85 57
85 58
85 59
85 60
85 61
85 62
85 62
85 63
85 64
85 65
86 66
86 67
86 68
86 69
86 69
86 70
86 71
86 72
87 73
87 74
87 75
87 76
87 76
87 77
87 78
87 79
88 80
88 81
88 82
88 83
88 83
88 84
89 85
89 86
89 87
89 87
89 88
89 89
89 90
89 91
89 92
89 92
89 93
90 94
90 95
90 95
90 96
91 97
91 98
91 98
91 99
91 99
92 99
