0 16
0 16
0 16
0 15
0 15
0 15
0 15
1 14
2 14
2 14
3 14
4 14
4 14
5 14
6 13
7 13
7 13
8 13
9 13
10 12
11 12
12 12
12 12
13 12
14 11
15 11
16 11
16 11
17 11
18 11
19 11
20 11
20 11
21 10
22 10
23 9
24 9
24 9
25 9
26 8
27 8
28 8
28 8
29 8
30 8
31 8
31 8
32 8
33 7
34 7
34 7
35 7
36 7
36 7
37 8
38 8
38 8
38 9
38 9
38 10
38 11
38 11
37 12
37 13
37 13
37 14
36 15
36 16
36 16
35 17
35 18
34 19
34 20
34 20
34 21
33 22
33 23
33 23
32 24
32 25
32 25
32 26
31 27
31 28
31 28
30 29
30 30
30 30
30 31
30 32
30 33
30 33
29 34
29 35
29 35
29 36
29 36
29 36
28 36
28 36
28 36
27 36
27 36
27 35
27 34
27 34
27 33
27 33
27 32
27 31
27 31
27 30
27 30
27 29
27 29
28 28
28 28
29 27
29 27
30 27
30 27
31 26
31 26
32 26
33 26
33 26
34 27
34 27
35 28
35 28
36 29
36 29
36 30
36 30
36 31
36 32
36 33
36 33
36 34
36 35
36 36
36 36
36 37
35 38
35 39
35 39
35 40
34 41
34 42
34 42
34 43
33 44
33 45
33 45
32 46
32 47
32 47
32 48
31 49
31 50
31 50
30 51
30 52
30 52
29 53
29 54
29 54
28 55
28 56
28 56
27 57
27 57
27 57
27 57
27 57
28 56
28 56
29 55
29 55
30 54
31 54
31 54
32 53
32 53
33 52
34 52
34 52
35 51
36 51
37 50
37 50
38 49
39 49
39 49
40 49
41 48
42 48
43 48
43 48
44 47
45 47
46 46
46 46
47 45
48 45
48 45
49 45
50 44
51 44
51 44
52 44
52 44
52 43
52 43
52 43
52 42
53 41
53 40
54 39
54 38
55 37
55 36
56 35
56 34
57 33
57 32
58 31
58 30
59 29
59 28
60 27
60 26
61 25
61 24
62 23
62 22
63 21
63 20
64 19
64 18
65 17
65 16
66 15
66 14
66 14
65 13
65 12
65 12
65 12
65 11
65 11
65 11
65 11
65 11
65 11
66 12
66 12
67 13
67 14
67 14
67 15
67 16
67 16
68 17
68 18
68 18
68 19
68 20
68 20
68 21
68 22
68 22
68 23
68 23
68 24
68 24
69 24
69 24
69 24
69 24
69 23
69 23
69 22
69 22
69 21
69 20
69 20
68 19
68 18
68 18
68 17
68 16
68 16
68 15
68 15
69 14
69 13
69 13
70 12
70 12
71 11
71 11
72 10
73 10
74 9
74 9
75 9
76 8
77 8
78 8
78 8
79 7
80 7
81 6
81 6
82 6
83 6
84 6
85 6
85 6
86 5
87 4
88 3
88 3
89 2
90 2
91 1
92 1
92 1
93 1
94 0
95 0
95 0
96 0
97 0
97 0
98 1
98 1
99 2
99 2
98 3
98 3
97 4
97 5
96 6
96 6
95 7
95 8
94 9
94 9
93 10
92 11
91 12
91 12
90 13
89 14
88 15
88 15
87 16
86 17
85 17
84 18
84 18
83 19
82 20
81 21
81 21
80 22
79 23
78 24
78 24
77 25
76 25
75 26
75 26
74 27
73 27
73 27
73 28
73 28
73 28
73 28
74 28
75 28
75 28
76 27
77 26
77 26
78 25
79 25
80 24
80 24
81 23
82 23
83 22
83 22
84 21
85 21
86 20
86 20
87 19
87 18
88 17
88 17
89 16
90 15
90 15
91 14
92 13
92 13
93 12
93 12
93 11
93 11
93 10
93 10
92 9
92 9
92 9
91 8
91 8
90 8
90 8
90 9
90 9
89 10
89 10
88 11
88 11
87 12
86 13
86 13
86 14
85 15
85 16
85 16
85 17
84 18
84 19
84 19
83 20
83 21
82 22
82 22
82 23
81 24
81 25
81 26
81 26
80 27
80 28
79 29
79 29
79 30
78 31
78 32
78 32
78 33
77 34
77 35
77 35
76 36
76 37
76 37
76 38
76 39
76 39
76 40
76 40
76 41
76 41
77 41
77 41
77 41
78 41
78 41
78 41
78 40
78 40
79 39
79 39
79 38
79 38
79 37
79 36
79 36
79 35
79 34
79 34
80 33
80 32
80 32
80 31
81 30
81 29
81 29
82 28
82 28
83 27
84 26
84 26
85 25
85 25
86 25
87 25
87 25
88 25
88 25
89 25
89 25
90 26
90 26
90 27
90 27
90 28
90 29
90 29
90 30
90 31
90 31
90 32
90 33
90 33
89 34
89 34
88 35
88 36
88 36
87 37
87 38
87 38
86 39
85 39
85 39
84 40
84 40
83 41
82 41
82 41
82 41
81 41
81 41
81 40
81 40
82 39
82 39
83 38
84 37
84 37
85 36
86 36
86 36
87 35
88 35
88 35
89 35
89 35
90 35
90 35
90 35
90 36
90 36
90 37
90 37
90 38
90 39
90 39
89 40
89 41
89 41
88 42
87 43
87 43
86 44
86 45
85 46
85 46
84 47
84 48
83 49
83 50
83 50
82 51
82 52
81 53
81 53
80 54
80 55
80 55
79 56
79 56
80 57
80 57
81 57
81 57
82 57
82 57
83 56
84 56
84 56
85 55
86 55
87 54
87 54
88 53
88 52
89 51
89 51
90 50
91 49
92 48
92 48
93 47
94 46
94 46
95 45
95 44
96 43
96 43
96 42
97 41
97 40
97 40
97 39
98 38
98 37
98 37
98 36
98 35
98 34
98 34
98 33
98 32
98 31
98 31
98 30
97 29
97 28
97 27
97 27
96 26
96 25
95 24
95 24
94 23
94 22
93 21
93 21
92 20
92 19
91 18
91 18
90 17
90 16
89 15
89 15
88 14
88 14
87 13
87 13
86 13
86 13
86 14
86 15
86 15
85 16
85 16
85 17
85 18
85 19
85 19
85 20
85 21
85 21
85 22
85 23
85 24
85 24
85 25
85 26
85 26
85 27
85 28
85 29
85 29
85 30
86 31
86 32
86 33
86 33
86 34
87 35
87 36
87 37
87 37
87 38
87 39
87 40
87 41
87 42
87 42
87 43
87 44
88 45
88 46
88 47
88 48
88 48
88 49
88 50
88 51
88 52
88 53
88 54
88 54
88 55
88 56
88 57
88 58
88 59
88 60
88 61
88 61
88 62
88 63
88 64
88 65
88 66
88 67
88 67
88 68
88 69
88 70
88 71
88 72
88 73
88 74
88 75
88 75
88 76
88 77
88 78
88 79
88 80
88 81
88 81
88 82
88 83
88 84
88 85
88 86
88 86
88 87
88 88
89 89
89 90
89 91
89 91
89 92
89 93
89 94
89 94
89 95
89 96
89 97
89 97
90 98
90 99
