1 11
0 11
0 11
0 10
0 9
0 9
0 8
0 8
1 7
2 7
2 7
3 6
4 5
4 5
5 4
6 4
6 4
7 4
8 4
9 4
9 4
10 4
11 4
11 4
12 4
13 4
14 4
14 4
15 5
16 6
16 6
17 7
18 8
18 8
18 9
19 10
19 11
19 11
20 12
20 13
21 14
21 14
21 15
21 16
21 17
21 17
21 18
21 19
21 20
21 21
21 22
21 22
21 23
21 24
21 25
21 26
21 26
21 27
20 28
20 29
19 30
19 31
19 31
19 32
18 33
18 34
18 35
18 35
17 36
17 37
16 38
16 39
16 39
15 40
15 41
14 42
14 42
13 43
12 44
12 44
11 45
10 46
10 46
9 47
9 47
8 47
8 47
7 46
7 46
6 45
5 45
5 45
5 44
5 43
5 43
5 42
5 42
6 41
6 41
7 40
7 40
8 39
9 39
9 39
10 38
11 38
11 38
12 38
13 37
14 37
14 37
15 36
16 36
16 36
17 36
18 36
19 36
19 36
20 36
21 36
22 36
22 36
23 36
24 36
24 36
25 37
25 37
26 38
26 39
26 39
26 40
26 41
26 41
26 42
26 43
26 44
26 44
26 45
25 46
25 47
25 48
25 48
24 49
24 50
23 51
23 52
23 52
23 53
22 54
22 55
21 56
21 57
21 57
21 58
20 59
20 60
19 61
19 62
19 62
18 63
17 64
17 65
16 66
16 66
16 67
15 68
15 69
15 69
15 70
15 71
15 71
15 72
15 72
16 72
16 72
17 71
17 71
18 71
19 70
20 70
20 70
21 69
22 68
23 67
23 67
24 66
25 65
26 65
27 64
27 64
28 63
29 62
30 62
31 61
31 61
32 60
33 59
34 58
35 57
35 57
36 56
37 55
38 54
39 53
39 53
40 52
41 51
41 50
42 49
43 48
43 48
44 47
45 46
46 45
47 44
47 44
47 43
48 42
48 41
49 40
49 39
50 38
50 37
51 36
51 35
51 34
52 33
52 32
53 31
53 30
54 29
54 28
54 27
55 26
55 25
56 24
56 23
57 22
57 21
58 20
58 19
58 18
59 17
59 16
60 15
60 14
61 13
61 12
61 12
61 11
62 10
62 9
63 8
63 7
63 7
63 6
63 6
62 5
62 5
62 4
62 4
61 5
61 5
61 6
61 6
60 7
60 8
60 8
59 9
59 10
58 11
58 11
58 12
57 13
57 14
57 15
57 15
57 16
57 17
56 18
56 19
56 20
56 20
56 21
56 22
55 23
55 24
55 25
55 25
55 26
54 27
54 28
54 29
54 29
54 30
53 31
53 32
53 33
53 33
53 34
53 35
53 35
53 36
53 36
53 36
53 36
53 35
53 35
54 34
54 33
54 33
54 32
55 31
55 30
55 29
55 29
56 28
56 27
57 26
57 25
57 25
57 24
58 23
58 22
59 21
59 20
59 20
60 19
60 18
61 17
61 16
62 15
62 15
63 14
64 13
64 12
65 11
65 11
66 10
67 9
68 9
69 8
69 8
70 7
71 7
72 6
73 6
73 6
74 5
75 5
76 4
77 4
77 4
78 3
79 3
80 2
81 2
81 2
82 2
83 1
84 1
84 1
85 1
86 0
87 0
87 0
88 0
89 0
89 0
90 1
91 1
91 1
92 1
92 1
93 2
93 2
93 3
93 4
93 4
92 5
92 6
92 6
91 7
90 8
90 8
89 9
88 10
87 11
87 11
86 12
85 13
84 13
83 14
83 14
82 15
81 16
80 16
79 17
78 18
78 18
77 19
76 20
75 21
74 22
74 22
73 23
72 23
71 24
70 24
70 24
69 25
68 26
68 26
67 27
67 27
66 28
66 28
66 28
66 28
67 27
67 27
68 26
68 26
69 25
70 25
70 25
71 24
72 23
72 23
73 22
74 22
75 21
75 21
76 20
77 19
77 19
78 18
79 18
79 18
80 17
81 17
81 17
82 16
82 16
83 16
83 16
83 17
83 17
82 18
82 18
82 19
81 20
81 21
81 21
80 22
80 23
79 24
79 24
78 25
78 26
77 27
77 27
76 28
75 29
75 30
74 31
74 31
73 32
73 33
72 34
72 35
72 35
71 36
71 37
70 38
70 39
70 39
69 40
69 41
69 41
69 42
69 42
68 43
68 43
68 43
68 43
68 43
69 42
69 42
69 41
70 40
70 39
70 39
70 38
71 37
71 36
71 36
72 35
72 34
73 33
73 33
73 32
74 31
74 30
74 29
74 29
75 28
76 28
77 27
77 27
78 26
78 25
79 24
79 24
80 23
81 23
81 23
82 22
83 22
83 22
84 22
85 22
85 22
86 22
86 22
86 23
86 23
87 24
87 24
87 25
87 26
87 26
86 27
86 28
86 28
86 29
86 30
86 30
85 31
84 32
84 32
83 33
82 34
82 34
81 35
80 36
80 36
79 37
78 37
77 38
77 38
76 38
75 39
74 39
74 39
73 40
73 40
72 40
72 40
71 39
71 39
70 39
70 39
70 38
70 38
71 37
71 36
71 36
72 35
72 35
73 34
73 34
74 33
75 32
75 32
76 32
77 31
78 31
78 31
79 30
80 30
80 30
81 29
81 29
82 29
83 29
83 29
84 29
84 29
85 30
85 30
85 31
85 31
85 32
85 33
85 33
84 34
83 35
83 35
82 36
82 37
81 38
81 39
81 39
80 40
79 41
79 42
78 43
78 43
77 44
76 45
75 46
74 47
74 47
73 48
72 49
72 50
71 51
70 52
70 52
69 53
69 54
68 55
68 56
67 57
67 57
66 58
65 59
64 60
64 60
63 61
63 62
63 62
63 63
63 63
63 63
64 63
64 63
65 62
66 62
66 62
67 61
68 60
69 59
69 59
70 58
71 57
72 57
73 56
73 56
74 55
75 54
76 54
77 53
77 53
78 52
79 51
80 51
81 50
81 50
82 49
83 48
84 47
85 46
85 46
86 45
87 44
88 43
88 43
89 42
90 41
90 40
91 39
91 39
92 38
93 37
93 36
94 35
94 35
95 34
95 33
96 32
96 31
96 31
97 30
97 29
98 28
98 28
98 27
99 26
99 25
99 25
99 24
99 23
99 22
99 22
98 21
98 20
98 20
97 19
96 18
96 18
95 17
95 16
95 16
94 15
93 15
93 15
92 14
91 13
91 13
90 12
89 11
89 11
88 10
87 10
87 10
86 9
86 9
85 9
85 9
84 9
83 9
83 9
83 9
82 9
82 9
82 9
82 9
82 9
81 10
81 10
81 11
81 11
81 12
81 12
81 13
81 14
81 14
81 15
81 16
81 17
81 17
81 18
81 19
81 20
81 20
81 21
80 22
80 23
80 23
80 24
81 25
81 26
81 26
81 27
81 28
81 29
81 30
81 31
81 31
81 32
81 33
81 34
81 35
81 36
81 37
81 37
81 38
81 39
82 40
82 41
82 42
82 42
82 43
82 44
82 45
82 46
82 47
82 48
82 48
82 49
82 50
83 51
83 52
83 53
83 54
83 54
83 55
83 56
84 57
84 58
84 59
84 60
84 60
84 61
84 62
84 63
84 64
84 65
84 66
84 66
84 67
84 68
85 69
85 70
85 71
85 71
85 72
85 73
86 74
86 75
86 76
86 76
86 77
86 78
86 79
87 80
87 81
87 82
87 83
87 83
87 84
87 85
88 86
88 87
88 88
88 88
88 89
88 90
88 91
88 91
88 92
88 93
88 94
88 95
88 95
89 96
89 97
89 97
89 98
89 98
89 99
89 99
89 99
89 98
89 97
