7 11
6 11
5 11
4 12
3 12
2 12
1 12
1 12
0 11
0 10
0 10
0 10
0 10
1 10
1 10
2 10
3 9
4 9
4 9
5 8
6 8
7 7
8 7
8 7
9 6
10 6
11 5
12 5
12 5
13 5
14 5
15 5
16 5
16 5
17 5
18 5
19 5
20 5
20 5
21 6
22 6
23 7
24 7
24 7
25 8
25 9
26 10
26 11
26 11
26 12
27 13
27 14
28 15
28 16
28 16
28 17
28 18
28 19
28 20
28 21
28 22
28 22
28 23
27 24
27 25
27 26
26 27
26 28
26 28
25 29
25 30
24 31
24 32
23 33
23 34
23 34
22 35
21 36
21 37
20 38
20 38
19 39
19 40
18 41
18 41
17 42
16 43
15 43
14 44
14 44
13 45
13 45
12 45
11 45
11 45
10 44
10 44
10 43
10 42
10 42
11 41
11 41
12 40
13 39
13 39
14 40
15 40
15 40
16 41
17 42
17 42
18 43
19 44
20 45
20 45
21 46
21 47
22 48
22 49
22 49
22 50
23 51
23 52
23 53
23 53
23 54
23 55
23 56
23 57
23 58
23 58
23 59
23 60
23 61
23 61
24 62
24 63
24 63
24 63
24 63
24 63
25 62
26 62
26 62
27 61
28 60
28 59
29 58
29 58
30 57
30 56
31 55
32 54
32 53
33 52
33 52
33 51
34 50
34 49
35 48
35 47
36 46
36 45
37 44
37 43
38 42
38 41
39 40
39 39
40 38
40 37
41 36
41 35
42 34
42 33
43 32
43 31
44 30
44 29
45 28
45 27
46 26
46 25
47 24
47 23
48 22
48 21
49 20
49 19
50 18
50 17
51 16
51 15
52 14
52 13
53 12
53 11
54 10
54 9
55 8
55 7
56 6
56 5
57 4
57 3
57 3
58 4
58 5
58 5
57 6
57 7
57 7
57 8
58 9
58 10
58 11
58 11
58 12
58 13
58 14
58 15
58 16
58 16
58 17
58 18
58 19
58 20
58 21
58 21
58 22
57 23
57 24
57 24
57 25
58 26
58 27
58 27
59 28
59 28
60 29
60 29
61 29
61 29
61 28
62 27
62 26
63 25
63 24
63 23
64 22
64 21
64 21
64 20
64 19
65 18
65 17
65 16
65 16
66 15
66 14
66 14
67 13
68 12
69 11
69 11
70 10
71 10
72 9
73 9
74 8
74 8
75 7
76 7
77 6
78 6
79 5
80 5
80 5
81 4
82 4
83 3
84 3
85 2
85 2
86 1
87 1
88 0
89 0
89 0
90 0
91 0
92 0
92 0
93 1
94 1
94 1
95 2
95 2
95 3
95 4
95 4
95 5
95 6
95 6
94 7
93 8
93 8
92 9
92 10
92 10
91 11
90 12
89 13
89 13
88 14
87 14
86 15
85 15
84 16
83 16
82 17
81 18
80 18
79 19
78 19
77 20
76 20
75 21
74 21
73 22
73 22
72 23
71 24
71 25
70 26
70 26
69 27
68 27
68 27
68 27
69 27
69 27
69 27
70 26
71 26
71 26
72 26
73 26
74 25
75 25
76 25
76 25
77 24
78 24
79 23
79 23
80 22
81 21
81 21
82 20
83 20
84 19
84 19
85 18
85 18
86 18
86 18
85 18
85 18
85 19
85 20
85 21
85 21
84 22
84 23
83 24
83 25
83 25
82 26
81 27
81 28
80 29
80 29
79 30
78 31
78 32
77 33
77 33
77 34
76 35
76 36
75 37
75 38
75 38
74 39
74 40
73 41
73 41
73 42
73 43
73 43
73 44
73 44
73 44
74 44
74 44
74 44
75 43
75 42
76 41
76 41
77 40
77 39
78 38
78 38
79 37
79 36
80 35
80 34
81 33
81 33
82 32
83 31
84 30
84 30
85 29
85 29
86 30
86 30
87 30
87 30
87 31
87 32
87 32
87 33
87 34
87 34
87 35
87 36
87 36
86 37
86 38
86 38
85 39
85 40
85 40
84 41
83 42
83 42
82 42
82 42
81 42
80 42
80 42
79 42
79 42
79 42
78 41
78 41
79 40
79 40
80 39
81 39
81 39
82 38
83 38
83 38
84 39
84 39
85 39
85 39
85 40
85 41
85 41
84 42
83 43
83 43
82 44
81 45
80 46
80 46
79 47
78 48
77 49
76 50
76 50
75 51
74 52
73 53
72 54
71 55
71 55
70 56
69 56
68 57
67 57
66 58
65 58
65 58
64 59
63 59
62 60
62 60
61 61
61 61
62 61
62 61
63 61
64 60
65 60
65 60
66 60
67 60
68 59
69 59
70 59
71 59
71 59
72 59
73 58
74 58
75 58
76 58
77 57
78 57
79 57
79 57
80 56
81 56
82 55
83 55
84 54
85 54
86 53
86 53
87 52
88 52
89 51
90 51
91 50
92 50
92 50
93 49
94 49
95 48
96 48
97 47
97 47
98 46
98 45
99 44
99 44
99 43
99 43
98 42
98 41
97 40
97 40
96 39
95 39
94 38
94 38
93 37
92 36
92 35
91 34
90 33
89 32
88 31
87 30
87 29
86 28
85 27
84 26
83 25
82 24
82 23
81 22
80 21
80 21
80 20
80 19
79 18
79 17
79 16
79 16
79 15
79 15
79 14
79 14
79 14
79 13
79 13
79 12
79 12
79 12
79 11
79 11
79 11
79 11
79 11
79 11
79 12
79 13
79 13
79 14
79 15
79 16
79 16
79 17
79 18
79 19
79 20
79 20
79 21
79 22
79 23
79 24
79 25
79 26
79 26
79 27
79 28
79 29
79 30
79 31
79 32
79 33
79 34
79 34
79 35
79 36
79 37
79 38
78 39
78 40
78 41
78 42
78 43
78 44
78 44
78 45
78 46
78 47
78 48
79 49
79 50
79 51
79 52
79 53
79 54
79 54
79 55
79 56
79 57
79 58
79 59
79 60
79 61
79 62
79 63
79 64
79 64
79 65
79 66
79 67
79 68
79 69
80 70
80 71
80 72
80 73
80 74
80 75
80 75
80 76
80 77
81 78
81 79
81 80
81 81
82 82
82 83
82 84
82 84
82 85
82 86
82 87
82 88
82 89
82 90
82 91
82 92
82 92
82 93
82 94
82 95
82 95
82 96
82 97
82 98
82 98
82 99
82 99
82 99
82 99
82 99
82 99
