0 17
1 16
1 15
2 14
2 14
2 13
2 12
2 11
2 10
2 9
2 8
2 8
3 7
4 6
4 6
5 5
5 5
6 5
7 4
8 4
8 4
9 4
10 4
10 4
11 3
12 2
12 2
13 1
14 0
14 0
15 1
15 1
16 2
17 3
17 3
17 4
18 5
18 6
18 6
18 7
18 8
19 9
19 10
19 11
19 12
19 12
19 13
19 14
19 15
20 16
20 17
20 18
20 19
20 20
20 20
20 21
20 22
20 23
20 24
20 25
20 26
20 27
20 28
20 29
20 29
20 30
20 31
20 32
20 33
20 34
19 35
19 36
19 37
19 38
19 39
19 40
19 41
19 41
19 42
19 43
19 44
19 45
19 46
19 47
19 48
19 49
19 50
19 51
19 52
19 52
19 53
19 54
19 55
19 56
19 57
18 58
18 59
18 60
18 61
18 62
18 63
18 63
18 64
18 65
18 66
17 67
17 68
17 69
17 70
17 70
17 71
17 72
17 73
17 74
17 75
17 75
17 76
17 77
17 78
17 78
17 79
17 80
17 80
16 79
15 78
15 77
14 76
13 75
12 74
11 73
11 72
10 71
9 70
8 69
7 68
7 67
6 66
5 65
4 64
3 63
3 62
2 61
1 60
1 60
2 60
3 60
4 59
5 59
6 59
6 59
6 58
6 57
7 56
7 55
7 54
7 54
7 53
8 52
8 51
9 50
9 49
10 48
10 47
10 47
11 46
12 46
13 45
14 45
15 44
15 44
16 44
17 44
18 44
19 44
19 44
20 44
21 45
22 45
22 45
23 46
23 47
24 48
24 48
24 49
25 50
25 51
26 52
26 53
26 53
26 54
26 55
26 56
26 57
26 58
26 59
26 59
26 60
26 61
26 62
26 63
25 64
25 65
25 66
25 67
25 68
25 68
25 69
25 70
25 71
25 72
24 73
24 74
24 75
24 76
24 77
24 77
24 78
24 79
23 80
23 81
23 82
23 83
22 84
22 85
22 86
22 86
22 87
22 88
22 89
21 90
21 91
21 92
21 93
21 93
21 94
20 95
20 96
20 97
20 97
20 98
20 99
20 99
21 99
21 99
22 99
22 99
23 99
24 98
25 98
25 98
26 97
27 96
28 95
29 94
29 94
30 93
31 92
31 91
32 90
33 89
33 89
34 88
35 87
36 86
36 85
37 84
38 83
38 83
39 82
40 81
41 80
42 80
43 79
44 78
44 78
44 77
45 76
45 75
46 74
46 73
47 72
47 71
48 70
48 69
48 68
49 67
49 66
50 65
50 64
51 63
51 62
51 61
52 60
52 59
53 58
53 57
54 56
54 55
55 54
55 53
55 52
56 51
56 50
57 49
57 48
58 47
58 46
59 45
59 44
59 43
60 42
60 41
61 40
61 39
62 38
62 37
62 36
63 35
63 34
64 33
64 32
65 31
65 30
66 29
66 28
66 28
67 27
68 27
69 26
69 26
69 25
69 24
69 24
69 25
69 26
69 26
69 27
69 28
69 29
69 30
69 31
69 32
69 32
69 33
69 34
69 35
69 36
70 37
70 38
70 39
70 40
70 41
70 42
70 42
70 43
70 44
70 45
70 46
70 47
70 48
70 49
70 50
70 51
70 51
70 52
70 53
70 54
69 55
69 56
69 57
69 58
69 59
69 59
69 60
69 61
69 62
69 63
69 64
69 65
69 66
69 67
69 67
69 68
69 69
69 70
69 71
69 71
69 72
68 73
68 74
68 74
68 75
68 76
68 77
68 77
68 76
68 75
68 74
67 73
67 72
67 71
67 70
67 69
67 68
66 67
66 66
66 65
66 64
66 63
66 62
66 61
65 60
65 59
65 58
65 57
65 56
65 55
65 54
64 53
64 52
64 51
64 50
64 49
64 48
63 47
63 46
63 45
63 44
63 43
63 42
63 41
62 40
62 39
62 38
62 37
62 37
63 36
64 35
65 34
65 33
66 32
67 31
68 30
68 30
68 29
69 28
69 27
70 26
70 25
70 24
71 23
71 22
71 22
71 21
72 20
72 19
72 18
72 17
73 16
73 15
73 14
73 13
74 12
74 11
74 11
75 10
76 9
76 8
77 7
78 6
78 6
79 5
80 4
81 3
81 3
82 3
83 3
84 3
84 3
85 4
85 5
86 6
86 6
87 7
87 8
88 9
88 10
89 11
89 11
89 12
90 13
90 14
90 15
90 16
91 17
91 18
91 18
91 19
91 20
91 21
91 22
91 23
92 24
92 25
92 26
92 27
92 28
92 29
92 29
92 30
92 31
92 32
92 33
92 34
92 35
93 36
93 37
93 38
93 39
93 40
93 41
93 42
93 42
93 43
93 44
93 45
93 46
93 47
93 48
93 49
92 50
92 51
92 52
92 53
92 54
92 55
92 56
92 57
92 57
92 58
92 59
92 60
92 61
92 62
92 63
92 64
92 65
92 66
92 67
92 68
92 69
92 69
92 70
92 71
91 72
91 73
91 74
91 75
90 76
90 77
90 78
90 78
90 79
89 80
89 81
89 82
89 83
88 84
88 85
88 85
88 86
88 87
87 88
87 89
87 90
87 90
87 91
86 92
86 93
86 93
85 94
85 95
85 95
84 95
84 95
83 94
83 94
82 93
81 92
80 92
79 91
78 90
77 89
76 88
75 88
74 87
73 86
72 85
71 85
70 84
69 83
68 82
67 81
66 81
65 80
64 79
63 78
62 77
61 77
60 76
59 75
58 74
57 74
56 73
55 72
54 71
53 70
52 70
51 69
50 68
50 68
51 68
51 68
51 67
52 66
52 65
52 65
53 64
54 63
55 63
56 62
56 62
57 61
58 61
59 60
60 60
61 59
62 59
62 59
63 59
64 58
65 58
66 58
67 57
68 57
69 57
70 56
71 56
71 56
72 56
73 55
74 55
75 54
76 54
77 53
78 53
79 52
80 52
80 52
81 52
82 51
83 51
84 50
85 50
86 49
87 49
88 48
89 48
89 48
90 47
91 47
92 46
93 46
94 45
95 45
95 45
96 44
97 44
98 43
98 43
99 42
99 42
98 41
97 40
96 39
96 38
95 37
94 36
93 35
92 34
91 33
91 32
90 31
89 30
89 30
88 30
87 30
86 29
85 29
84 29
83 29
83 29
82 30
81 30
81 30
80 31
79 32
79 32
78 33
78 34
78 34
78 35
78 36
77 37
77 38
77 39
