0 21
1 20
2 19
2 19
2 18
2 18
3 17
4 17
4 17
5 16
5 16
6 15
7 15
7 15
8 16
9 16
9 16
10 17
10 17
10 18
11 19
11 20
11 21
11 21
11 22
11 23
12 24
12 25
12 26
12 27
12 27
12 28
12 29
12 30
13 31
13 32
13 33
13 34
13 34
13 35
13 36
13 37
13 38
13 39
13 40
13 41
13 42
13 43
13 44
13 45
13 46
13 46
13 47
13 48
13 49
13 50
13 51
13 52
13 53
13 54
13 55
13 56
13 57
13 58
13 58
13 59
13 60
13 61
13 62
13 63
13 64
13 65
13 66
13 67
13 67
13 68
13 69
13 70
13 71
13 72
13 73
13 74
13 75
13 75
13 76
13 77
13 78
13 78
13 79
13 80
13 81
13 81
13 82
13 82
13 83
13 83
12 82
12 81
11 80
10 79
9 78
9 77
8 76
7 75
6 74
6 73
5 72
4 71
4 70
3 69
2 68
1 67
1 66
0 65
0 65
0 64
0 63
0 62
0 61
0 61
1 60
1 60
1 59
2 58
2 57
2 57
3 56
4 56
5 55
5 55
6 54
7 54
8 53
8 53
9 53
10 52
11 52
12 52
12 52
13 52
14 52
15 52
16 52
16 52
17 52
18 53
19 53
20 53
20 53
21 54
22 55
22 55
23 56
23 57
24 58
24 58
24 59
25 60
25 61
25 61
25 62
24 63
24 64
24 65
24 65
24 66
23 67
23 68
23 69
23 69
23 70
23 71
22 72
22 73
22 74
22 74
21 75
20 76
20 77
19 78
19 78
18 79
18 80
17 81
17 82
16 83
16 83
15 84
14 85
14 86
13 87
12 88
12 88
11 89
10 90
10 91
9 92
9 92
8 93
7 94
7 94
7 95
7 95
8 94
8 94
9 93
9 92
9 92
10 91
11 91
12 90
13 90
13 90
14 89
15 88
16 88
17 87
17 87
18 86
19 85
20 85
21 84
22 83
22 83
23 82
24 82
25 81
26 81
27 80
28 80
28 80
29 79
30 79
31 78
32 78
32 78
33 78
34 77
35 77
36 76
37 76
37 76
38 76
39 75
40 75
41 75
41 75
42 74
43 74
44 73
44 73
44 72
44 71
44 70
45 69
45 68
45 67
45 66
45 65
45 64
46 63
46 62
46 61
46 60
46 59
46 58
46 57
47 56
47 55
47 54
47 53
47 52
47 51
48 50
48 49
48 48
48 47
48 46
48 45
49 44
49 43
49 42
49 41
49 40
49 39
49 38
50 37
50 36
50 35
50 34
50 33
50 32
51 31
51 30
51 29
51 28
51 27
51 26
51 25
52 24
52 23
52 22
52 21
52 20
52 19
53 18
53 17
53 16
53 15
53 15
53 14
54 13
54 12
55 11
55 10
55 9
56 8
56 7
56 7
57 6
57 5
57 5
57 6
57 6
57 7
57 8
57 9
57 9
57 10
57 11
57 12
58 13
58 14
58 15
58 16
58 16
58 17
58 18
58 19
58 20
59 21
59 22
59 23
59 24
59 25
59 26
59 26
59 27
59 28
59 29
59 30
59 31
60 32
60 33
60 34
60 35
60 36
60 37
60 37
60 38
60 39
60 40
60 41
60 42
59 43
59 44
59 45
59 46
59 47
59 48
59 49
59 49
59 50
59 51
59 52
59 53
59 54
59 55
59 56
59 57
59 58
59 59
59 60
59 60
59 61
59 62
59 63
59 64
59 65
59 66
59 67
59 68
59 68
59 69
59 70
59 71
59 72
59 73
59 73
60 74
60 75
60 75
60 76
60 76
60 75
60 74
60 73
60 72
60 71
60 70
60 69
60 68
60 67
60 66
60 65
60 64
60 63
60 62
60 61
60 60
60 59
60 58
60 57
60 56
60 55
60 54
60 53
60 52
60 51
60 50
60 49
60 48
60 47
60 46
60 45
60 44
60 43
60 42
60 41
60 40
60 39
60 39
60 38
60 37
61 36
61 35
61 34
61 33
61 32
61 31
62 30
62 29
62 28
62 27
62 26
62 25
63 24
63 23
63 22
63 22
63 21
64 20
64 19
64 18
64 17
65 16
65 15
65 14
65 14
65 13
66 12
66 11
67 10
67 9
68 8
68 7
68 7
69 6
70 5
70 4
71 3
71 3
72 2
73 1
74 1
75 0
75 0
76 0
77 1
78 1
78 1
79 2
80 3
80 3
81 4
81 5
82 6
82 7
82 7
82 8
82 9
82 10
83 11
83 12
83 13
83 14
83 14
83 15
83 16
83 17
83 18
83 19
84 20
84 21
84 22
84 23
84 24
84 25
84 26
84 26
84 27
84 28
84 29
84 30
84 31
84 32
84 33
84 34
84 35
84 36
84 37
84 38
84 39
84 40
84 41
84 41
84 42
84 43
84 44
84 45
84 46
84 47
84 48
85 49
85 50
85 51
85 52
85 53
85 54
85 55
85 56
85 57
85 57
85 58
85 59
85 60
85 61
85 62
85 63
86 64
86 65
86 66
86 67
86 68
86 69
86 70
86 70
86 71
86 72
86 73
86 74
86 75
87 76
87 77
87 78
87 79
87 80
87 81
87 81
87 82
87 83
87 84
87 85
88 86
88 87
88 88
88 89
88 90
88 90
88 91
88 92
89 93
89 94
89 95
89 95
89 96
89 97
89 98
89 98
89 99
89 99
88 99
87 99
87 99
86 98
85 98
85 98
84 97
83 96
82 95
81 94
80 93
79 93
78 92
77 91
76 90
75 89
74 88
73 87
72 86
71 85
70 84
69 83
68 83
67 82
66 81
65 80
64 79
63 78
62 77
61 76
60 75
59 74
58 74
57 73
56 72
55 71
54 70
53 69
53 69
52 69
51 69
50 68
49 68
48 68
47 68
46 68
45 67
44 67
43 67
43 67
42 67
41 66
40 66
40 66
39 65
39 64
39 64
38 63
38 62
38 62
39 61
40 61
40 61
41 60
42 59
43 59
44 58
45 57
45 57
46 56
47 56
48 55
49 54
50 54
51 53
51 53
52 52
53 52
54 51
55 51
56 50
57 50
58 49
59 49
59 49
60 48
61 48
62 47
63 47
64 46
65 46
66 45
67 45
67 45
68 45
69 44
70 44
71 43
72 43
73 42
74 42
74 42
75 42
76 41
77 41
78 40
79 40
80 39
81 39
81 39
82 38
83 38
84 37
85 37
86 36
87 36
88 35
88 35
89 34
90 34
91 33
92 33
93 32
93 32
94 31
95 30
96 29
96 29
97 28
98 28
99 27
99 27
98 27
97 26
96 26
95 26
94 25
93 25
92 25
91 24
90 24
89 24
88 23
87 23
86 23
85 22
84 22
83 22
82 21
81 21
80 21
79 20
78 20
78 20
77 20
76 20
75 21
74 21
73 21
72 21
72 21
71 20
70 20
70 20
70 20
70 21
70 21
70 22
71 23
71 24
71 25
71 25
71 26
72 27
72 28
72 28
73 29
73 30
74 31
74 31
75 32
76 32
77 33
