1 24
0 25
0 26
0 26
0 25
0 24
0 23
0 22
0 21
0 21
0 20
0 19
1 18
1 17
1 16
1 16
2 15
2 14
3 13
3 13
4 13
5 12
6 12
6 12
7 11
8 11
9 10
9 10
10 10
11 9
12 9
12 9
13 9
14 9
14 9
15 10
15 10
15 11
16 12
16 13
16 13
16 14
16 15
16 16
16 17
16 18
16 19
16 19
16 20
16 21
16 22
17 23
17 24
17 25
17 26
17 27
17 27
17 28
17 29
17 30
17 31
17 32
17 33
17 34
17 35
17 36
17 37
17 38
17 38
17 39
17 40
17 41
17 42
17 43
17 44
17 45
17 46
17 47
17 48
17 48
17 49
17 50
17 51
17 52
17 53
17 54
17 55
17 56
17 57
17 58
17 59
17 59
17 60
17 61
17 62
17 63
17 64
17 65
17 66
17 66
17 67
17 68
18 69
18 70
18 71
18 71
18 72
18 73
18 74
18 75
18 75
18 76
19 77
19 78
19 78
18 77
18 76
17 75
16 74
15 73
15 72
14 71
13 70
13 69
12 68
11 67
11 66
10 65
9 64
8 63
8 62
7 61
7 61
8 61
9 61
9 61
9 60
10 59
10 58
10 58
11 57
11 56
12 55
12 54
12 54
13 53
14 53
15 52
15 52
16 52
17 52
18 52
18 52
19 52
20 52
21 52
21 52
22 53
23 54
23 54
23 55
24 56
24 57
24 58
24 58
24 59
24 60
24 61
24 62
24 63
24 63
24 64
23 65
23 66
23 67
23 68
22 69
22 70
22 70
22 71
22 72
21 73
21 74
21 75
21 76
20 77
20 78
20 79
20 79
20 80
19 81
19 82
19 83
19 84
18 85
18 86
18 87
18 87
18 88
17 89
17 90
17 91
17 92
16 93
16 94
16 94
16 95
15 96
15 97
15 98
15 98
15 99
15 99
16 99
16 99
17 99
18 99
18 99
19 99
20 98
21 98
22 98
22 98
23 97
24 97
25 96
26 95
27 95
28 94
28 94
29 93
30 92
31 91
32 90
33 89
34 88
34 88
34 87
35 86
35 85
36 84
36 83
37 82
37 81
37 80
38 79
38 78
39 77
39 76
39 75
40 74
40 73
41 72
41 71
42 70
42 69
42 68
43 67
43 66
44 65
44 64
45 63
45 62
45 61
46 60
46 59
47 58
47 57
48 56
48 55
48 54
49 53
49 52
50 51
50 50
50 49
51 48
51 47
52 46
52 45
53 44
53 43
53 42
54 41
54 40
55 39
55 38
56 37
56 36
56 35
57 34
57 33
58 32
58 31
58 30
59 29
59 28
60 27
60 26
61 25
61 24
61 24
62 25
63 25
64 26
65 26
66 27
66 27
66 28
66 28
65 29
65 29
65 30
65 31
65 32
64 33
64 34
64 35
64 36
64 37
64 37
64 38
64 39
64 40
64 41
64 42
64 43
64 44
64 45
64 46
64 47
64 48
64 48
64 49
64 50
64 51
64 52
64 53
64 54
64 55
65 56
65 57
65 58
65 59
65 60
65 61
65 62
65 63
65 63
65 64
65 65
65 66
65 67
65 68
65 69
65 70
65 71
65 72
65 73
65 74
65 74
65 75
65 76
65 77
65 78
65 79
65 80
65 81
65 81
65 82
65 83
65 84
65 85
65 85
64 86
64 87
64 87
63 87
63 87
63 86
63 85
63 84
63 83
63 82
62 81
62 80
62 79
62 78
62 77
62 76
62 75
62 74
62 73
62 72
61 71
61 70
61 69
61 68
61 67
61 66
61 65
61 64
61 63
61 62
61 61
60 60
60 59
60 58
60 57
60 56
60 55
60 54
60 53
60 52
60 51
59 50
59 49
59 48
59 47
59 46
59 45
59 45
59 44
60 43
60 42
61 41
61 40
62 39
62 38
62 37
63 36
63 35
64 34
64 33
64 32
65 31
65 30
66 29
66 28
67 27
67 26
67 26
67 25
68 24
68 23
68 22
69 21
69 20
69 19
70 18
70 17
70 17
70 16
71 15
71 14
71 13
72 12
72 11
73 10
73 9
73 8
74 7
74 6
74 6
75 5
75 4
76 3
76 2
77 1
77 1
78 0
79 0
79 0
80 1
80 2
81 3
81 3
81 4
82 5
82 6
82 7
83 8
83 9
83 9
83 10
83 11
83 12
83 13
83 14
84 15
84 16
84 17
84 18
84 19
84 20
84 20
84 21
84 22
84 23
84 24
84 25
84 26
84 27
84 28
84 29
84 30
84 31
84 32
84 33
84 34
84 35
84 35
84 36
84 37
84 38
84 39
84 40
84 41
84 42
84 43
85 44
85 45
85 46
85 47
85 48
85 49
85 50
85 51
85 52
85 52
85 53
85 54
85 55
85 56
85 57
85 58
85 59
85 60
85 61
85 62
85 63
85 64
85 65
85 66
85 66
85 67
85 68
85 69
85 70
85 71
85 72
85 73
85 74
85 75
85 76
85 77
85 77
85 78
85 79
85 80
86 81
86 82
86 83
86 84
86 85
86 85
86 86
86 87
86 88
86 89
86 90
86 90
86 91
85 92
85 93
85 93
84 94
84 95
84 95
83 94
82 93
81 93
80 92
79 91
78 90
77 90
76 89
75 88
74 87
73 87
72 86
71 85
70 84
69 83
68 83
67 82
66 81
65 80
64 80
63 79
62 78
61 77
60 76
59 76
58 75
57 74
56 73
55 73
54 72
53 71
52 70
51 70
50 69
49 68
49 68
49 69
49 70
49 70
49 69
50 68
50 67
50 67
51 66
52 65
53 64
54 63
54 63
55 62
56 62
57 61
58 61
59 60
60 60
61 59
61 59
62 59
63 58
64 58
65 58
66 57
67 57
68 57
69 56
70 56
70 56
71 56
72 56
73 56
74 56
75 55
76 55
77 55
78 55
79 55
79 55
80 55
81 55
82 54
83 54
84 54
85 54
86 53
87 53
88 53
88 53
89 53
90 53
91 52
92 52
93 52
94 52
94 52
95 52
96 52
97 51
98 51
99 51
99 51
98 50
98 49
97 48
97 47
96 46
96 45
95 44
95 43
94 42
93 41
93 40
92 39
92 38
91 37
91 36
90 35
90 34
89 33
89 32
88 31
87 30
87 29
86 28
86 27
85 26
85 25
84 24
84 23
83 22
83 22
82 23
81 24
80 25
79 26
79 26
79 27
79 28
78 29
78 30
78 31
78 31
77 32
77 33
76 34
76 34
76 35
76 36
76 37
75 38
75 39
75 40
75 41
