0 25
0 25
0 24
0 24
0 24
1 23
1 23
2 22
2 22
3 21
4 21
4 21
5 20
6 19
6 19
7 18
8 18
8 18
9 17
10 17
10 17
11 16
12 16
12 16
13 16
14 16
14 16
15 16
15 16
16 16
17 16
17 16
18 17
18 18
18 18
19 19
19 19
19 20
20 21
20 22
20 22
20 23
20 24
20 25
20 26
20 26
20 27
20 28
21 29
21 30
21 31
21 32
21 32
21 33
21 34
21 35
21 36
21 37
21 38
21 39
21 39
21 40
21 41
21 42
21 43
21 44
21 45
21 46
21 46
21 47
21 48
21 49
21 50
21 51
21 52
21 53
21 53
21 54
21 55
21 56
21 57
21 58
21 59
21 59
21 60
21 61
21 62
21 63
21 64
21 64
21 65
20 66
20 67
20 68
20 68
20 69
20 70
20 71
20 71
20 72
20 73
20 73
20 74
20 74
20 74
19 73
18 72
17 71
16 70
15 69
14 68
13 67
12 66
11 65
10 64
9 63
8 62
8 62
7 61
6 61
5 60
5 60
5 59
5 59
5 58
5 58
6 57
6 57
7 56
7 55
7 55
8 54
9 54
9 54
10 53
11 53
12 52
12 52
13 51
14 51
15 50
15 50
16 50
17 49
18 49
18 49
19 49
20 48
21 48
21 48
22 48
23 48
24 48
24 48
25 48
26 48
26 48
27 48
28 48
29 48
29 48
30 49
31 50
31 50
32 51
32 52
32 52
33 53
33 54
33 54
33 55
32 56
32 57
32 57
32 58
32 59
32 60
32 61
32 61
32 62
31 63
31 64
30 65
30 66
30 66
30 67
29 68
29 69
28 70
28 71
28 71
27 72
27 73
26 74
26 75
25 76
25 76
24 77
24 78
23 79
23 80
22 81
22 82
22 82
21 83
20 84
20 85
19 86
18 87
18 87
17 88
17 89
16 90
16 91
16 91
15 92
15 93
14 94
14 94
13 95
13 96
13 96
12 96
12 96
13 96
13 96
14 95
14 95
15 94
16 93
16 93
17 92
18 91
18 90
19 89
19 89
20 88
21 87
22 86
23 85
23 85
24 84
25 83
26 83
27 82
27 82
28 81
29 80
30 80
31 79
31 79
32 78
33 77
34 76
35 75
35 75
36 74
37 73
38 73
39 72
39 72
40 71
41 71
42 70
42 70
43 69
44 69
45 68
46 68
46 68
46 67
47 66
47 65
48 64
48 63
49 62
49 61
50 60
50 59
50 58
51 57
51 56
52 55
52 54
53 53
53 52
53 51
54 50
54 49
55 48
55 47
56 46
56 45
57 44
57 43
57 42
58 41
58 40
59 39
59 38
60 37
60 36
61 35
61 34
61 33
62 32
62 31
63 30
63 29
64 28
64 27
64 26
65 25
65 24
66 23
66 22
67 21
67 20
68 19
68 18
68 18
67 19
67 20
67 20
67 21
67 21
66 22
66 23
66 23
66 24
66 25
66 26
66 27
66 27
66 28
66 29
65 30
65 31
65 32
65 33
65 33
65 34
65 35
65 36
65 37
65 38
65 39
65 40
65 40
65 41
65 42
65 43
64 44
64 45
64 46
64 47
64 47
64 48
64 49
64 50
64 51
64 52
64 53
64 54
64 55
64 55
64 56
64 57
64 58
64 59
64 60
64 61
64 62
64 62
64 63
64 64
64 65
64 66
64 67
64 68
64 69
64 69
64 70
64 71
64 72
64 73
64 74
64 74
64 75
64 76
64 77
64 78
64 79
64 79
64 80
64 81
64 82
64 83
64 84
64 84
64 85
64 86
64 87
64 87
64 88
64 88
64 89
64 89
64 89
64 88
64 87
64 86
64 86
64 85
64 84
64 83
64 82
64 81
64 80
64 79
64 78
64 77
64 76
64 75
64 74
64 73
64 72
64 71
64 70
64 69
64 68
64 67
64 66
64 65
64 64
64 63
64 62
64 61
64 60
64 59
64 58
64 57
64 56
64 55
64 54
64 53
64 52
64 51
64 50
64 49
64 48
64 47
64 46
64 45
64 44
64 43
64 42
64 41
64 40
64 39
64 38
64 37
64 36
64 35
64 34
64 33
64 32
64 31
64 30
64 29
64 28
64 27
64 26
64 25
64 24
64 23
64 22
64 21
64 20
64 19
64 18
64 17
64 16
64 15
64 14
64 13
64 12
64 11
64 10
64 10
64 9
65 8
65 7
66 6
66 5
66 5
67 4
67 3
68 2
68 2
69 1
69 1
70 0
70 0
71 1
72 1
72 1
73 2
73 2
74 3
75 4
75 4
75 5
76 6
76 7
76 7
76 8
77 9
77 10
78 11
78 12
78 12
78 13
78 14
79 15
79 16
79 17
79 18
79 18
79 19
79 20
79 21
80 22
80 23
80 24
80 25
80 25
80 26
80 27
80 28
80 29
81 30
81 31
81 32
81 33
81 34
81 34
81 35
81 36
81 37
81 38
82 39
82 40
82 41
82 42
82 43
82 44
82 44
82 45
82 46
82 47
83 48
83 49
83 50
83 51
83 52
83 52
83 53
83 54
83 55
83 56
83 57
83 58
83 59
83 60
83 61
83 61
83 62
83 63
83 64
84 65
84 66
84 67
84 68
84 69
84 69
84 70
84 71
84 72
84 73
84 74
84 75
84 76
84 76
84 77
84 78
84 79
83 80
83 81
83 82
83 83
83 83
83 84
83 85
83 86
83 87
83 88
83 89
83 90
83 90
83 91
82 92
82 93
82 94
82 94
81 95
81 96
81 96
80 97
80 98
80 98
79 99
79 99
78 99
77 99
77 99
76 98
75 98
75 98
74 97
73 96
72 95
71 94
70 93
69 92
68 91
67 91
66 90
65 89
64 88
63 87
62 86
61 85
60 84
59 83
58 82
57 81
56 80
55 79
54 78
53 77
52 77
51 76
50 75
49 74
48 73
47 72
46 71
45 70
45 70
44 70
43 69
42 69
41 68
40 68
40 68
39 68
39 68
39 68
40 67
40 66
40 66
41 65
42 65
42 65
43 64
44 64
45 63
45 63
46 62
47 62
48 61
48 61
49 61
50 60
51 60
52 59
53 59
53 59
54 59
55 58
56 58
57 58
58 57
59 57
59 57
60 57
61 56
62 56
63 56
64 55
65 55
65 55
66 55
67 54
68 54
69 53
70 53
71 52
72 52
72 52
73 52
74 51
75 51
76 51
77 50
78 50
78 50
79 49
80 49
81 48
82 48
83 47
84 47
84 47
85 47
86 46
87 46
88 45
89 45
89 45
90 45
91 44
92 44
93 44
93 44
94 44
95 43
96 43
96 43
97 43
98 42
99 42
99 42
98 42
97 42
96 41
95 41
94 41
93 41
92 40
91 40
90 40
89 40
88 39
87 39
86 39
85 39
84 39
83 38
82 38
81 38
80 38
79 37
78 37
77 37
77 37
76 37
75 37
74 37
73 37
73 37
72 36
72 36
71 36
71 36
71 37
71 37
71 38
72 39
72 40
72 40
72 41
73 42
73 43
73 44
73 44
73 45
73 46
74 47
74 48
74 49
