0 30
1 29
1 29
1 28
1 27
2 26
2 25
2 24
2 24
3 23
3 22
4 21
4 20
5 19
5 19
6 18
7 17
8 16
9 15
9 15
10 14
11 13
12 12
13 11
13 11
14 10
15 10
16 9
16 9
17 10
18 11
18 11
18 12
19 13
19 14
19 14
19 15
19 16
19 17
19 18
19 19
19 19
19 20
19 21
19 22
18 23
18 24
18 25
18 26
18 27
18 27
18 28
18 29
18 30
18 31
18 32
18 33
18 34
18 35
18 36
18 37
18 37
18 38
18 39
18 40
18 41
18 42
19 43
19 44
19 45
19 46
19 47
19 48
19 48
19 49
19 50
19 51
19 52
20 53
20 54
20 55
20 56
20 57
20 57
20 58
20 59
20 60
20 61
20 62
20 63
20 64
20 64
20 65
20 66
21 67
21 68
21 69
21 69
21 70
22 71
22 72
22 72
22 73
22 73
21 72
20 71
19 71
18 70
17 69
16 68
15 68
14 67
13 66
12 65
11 64
10 64
9 63
8 62
7 61
6 61
5 60
4 59
4 59
5 59
6 59
7 59
8 59
8 59
8 58
9 57
9 56
9 55
9 54
10 53
10 52
10 52
11 51
11 50
12 49
12 48
13 47
13 47
14 46
15 45
16 44
16 44
17 44
18 44
19 43
20 43
21 43
21 43
22 43
23 44
24 44
24 44
25 45
26 45
27 46
27 46
28 47
28 48
29 49
29 49
29 50
30 51
30 52
30 53
30 53
30 54
30 55
30 56
31 57
31 58
31 59
31 60
31 60
31 61
30 62
30 63
30 64
30 65
29 66
29 67
29 67
29 68
28 69
28 70
28 71
28 72
27 73
27 74
27 75
27 75
26 76
26 77
25 78
25 79
24 80
24 81
23 82
23 83
23 83
22 84
22 85
21 86
20 87
20 88
19 89
19 89
18 90
17 91
17 92
16 93
15 94
15 94
14 95
14 96
13 97
13 97
12 98
12 99
12 99
12 99
13 99
14 99
14 99
15 99
16 98
17 98
18 98
18 98
19 97
20 97
21 96
22 95
23 95
24 94
24 94
25 93
26 93
27 92
28 91
29 90
30 90
31 89
31 89
32 88
33 88
34 87
35 86
36 86
37 85
38 85
39 84
39 84
40 83
41 83
42 82
43 82
44 81
45 81
45 81
45 80
46 79
46 78
46 77
46 76
47 75
47 74
47 73
47 72
48 71
48 70
48 69
48 68
49 67
49 66
49 65
49 64
50 63
50 62
50 61
50 60
51 59
51 58
51 57
51 56
52 55
52 54
52 53
52 52
53 51
53 50
53 49
53 48
54 47
54 46
54 45
54 44
55 43
55 42
55 41
55 40
56 39
56 38
56 37
56 36
57 35
57 34
57 33
57 32
58 31
58 30
58 29
58 28
59 27
59 26
59 25
59 25
60 25
61 25
62 25
62 25
62 24
62 24
62 25
62 25
62 26
62 27
62 28
62 29
62 30
62 31
62 32
62 33
62 33
62 34
62 35
62 36
62 37
62 38
63 39
63 40
63 41
63 42
63 43
63 44
63 44
63 45
63 46
63 47
64 48
64 49
64 50
64 51
64 52
64 53
64 54
65 55
65 56
65 57
65 58
65 58
65 59
65 60
65 61
65 62
65 63
66 64
66 65
66 66
66 67
66 68
66 69
66 70
66 70
66 71
66 72
66 73
66 74
66 75
66 76
66 77
66 78
66 79
66 79
66 80
66 81
66 82
66 83
66 84
66 84
66 85
66 86
66 87
66 87
65 87
65 87
65 86
65 85
64 84
64 83
64 82
64 81
64 80
64 79
63 78
63 77
63 76
63 75
63 74
63 73
62 72
62 71
62 70
62 69
62 68
62 67
61 66
61 65
61 64
61 63
61 62
60 61
60 60
60 59
60 58
60 57
60 56
59 55
59 54
59 53
59 52
59 51
59 50
58 49
58 48
58 47
58 46
58 45
58 44
57 43
57 42
57 41
57 41
57 40
58 39
58 38
59 37
59 36
60 35
60 34
61 33
61 32
62 31
62 30
63 29
63 28
63 28
63 27
64 26
64 25
64 24
65 23
65 22
65 21
65 20
66 19
66 18
66 18
66 17
67 16
67 15
68 14
68 13
69 12
69 11
70 10
70 9
70 9
71 8
72 7
73 6
74 5
75 4
75 4
76 3
77 2
78 1
78 1
79 1
80 0
81 0
81 0
82 1
82 2
83 3
83 3
83 4
83 5
84 6
84 7
84 8
84 8
84 9
84 10
84 11
84 12
85 13
85 14
85 15
85 16
85 17
85 18
85 18
85 19
85 20
85 21
85 22
85 23
85 24
85 25
85 26
85 27
85 28
85 29
85 30
85 31
85 32
85 32
85 33
85 34
85 35
85 36
85 37
85 38
85 39
85 40
84 41
84 42
84 43
84 44
84 45
84 46
84 47
84 48
84 49
84 49
84 50
84 51
84 52
84 53
84 54
84 55
84 56
84 57
84 58
84 59
84 60
84 61
84 62
84 63
84 64
84 65
84 65
84 66
84 67
84 68
84 69
84 70
84 71
84 72
84 73
84 74
84 75
84 76
84 76
84 77
84 78
84 79
84 80
84 81
84 82
84 83
84 84
84 84
84 85
84 86
84 87
84 88
84 88
84 89
84 90
84 90
83 91
83 92
83 92
82 92
81 92
80 92
80 92
79 91
78 91
77 90
76 89
75 88
74 88
73 87
72 86
71 85
70 85
69 84
68 83
67 83
66 82
65 81
64 80
63 80
62 79
61 78
60 77
59 77
58 76
57 75
56 74
55 74
54 73
53 72
52 72
51 71
50 70
49 69
48 69
47 68
46 67
45 66
44 66
43 65
43 65
43 66
43 67
43 68
43 69
43 70
43 71
43 72
43 72
44 71
44 70
45 69
45 68
45 68
45 67
46 66
46 65
47 64
47 63
47 62
48 61
48 60
48 60
49 60
50 59
51 59
52 58
53 58
54 58
55 57
56 57
56 57
57 57
58 56
59 56
60 56
61 56
62 55
63 55
64 55
65 55
66 54
67 54
67 54
68 54
69 54
70 54
71 54
72 53
73 53
74 53
75 53
76 53
76 53
77 53
78 53
79 52
80 52
81 52
82 52
83 52
84 51
85 51
86 51
86 51
87 51
88 50
89 50
90 50
91 50
92 49
93 49
93 49
94 49
95 49
96 49
97 49
97 49
98 49
99 49
99 49
98 48
97 47
96 46
95 45
94 44
93 43
92 42
91 41
90 40
89 39
88 38
87 37
86 36
85 35
84 34
83 33
82 32
81 31
80 30
79 29
78 28
78 28
78 29
78 30
77 31
77 32
77 33
77 34
76 35
76 36
76 37
76 38
76 39
75 40
75 41
75 42
75 42
74 42
73 42
73 42
73 43
72 44
72 45
72 45
72 46
72 47
72 48
72 49
72 50
72 51
