0 29
0 29
0 29
0 28
0 28
0 28
0 28
1 27
1 27
2 26
2 26
3 25
4 24
4 24
5 23
6 23
6 23
7 22
8 22
8 22
9 21
10 21
10 21
11 21
12 21
12 21
13 22
14 22
14 22
15 23
15 24
15 24
15 25
16 26
16 27
16 27
16 28
17 29
17 30
17 31
17 31
17 32
17 33
17 34
17 35
17 36
17 36
17 37
17 38
18 39
18 40
18 41
18 42
18 42
18 43
18 44
18 45
18 46
18 47
18 48
18 48
18 49
18 50
19 51
19 52
19 53
19 54
19 54
19 55
19 56
19 57
19 58
19 59
19 59
19 60
20 61
20 62
20 63
20 63
20 64
20 65
20 66
20 67
20 67
20 68
20 69
20 70
20 71
20 71
20 72
21 73
21 74
21 74
21 75
21 76
21 76
20 77
20 77
20 78
20 78
19 78
19 78
18 77
18 76
17 75
16 74
16 73
15 72
14 71
14 70
13 69
12 68
12 67
11 66
10 65
10 64
9 63
8 62
8 61
7 60
7 60
6 60
5 60
4 60
4 60
3 59
3 59
3 58
3 58
3 58
4 57
4 56
4 56
5 55
6 55
6 55
7 54
8 54
9 53
9 53
10 53
11 52
12 52
12 52
13 52
14 51
15 51
15 51
16 51
17 51
18 51
18 51
19 52
20 52
20 52
21 53
22 54
22 54
23 55
23 56
23 56
23 57
24 58
24 59
24 59
24 60
24 61
24 62
24 63
24 63
24 64
24 65
24 66
24 67
24 68
24 68
24 69
24 70
23 71
23 72
23 73
23 74
23 74
23 75
22 76
22 77
22 78
21 79
21 80
21 80
21 81
20 82
20 83
20 84
19 85
19 86
19 86
18 87
18 88
17 89
17 90
17 90
17 91
16 92
16 93
16 94
16 94
16 95
15 96
15 97
15 97
15 98
15 98
15 99
15 99
16 99
16 99
17 99
18 99
18 99
19 98
20 98
20 98
21 97
22 96
23 95
23 95
24 94
25 94
26 93
26 93
27 92
28 91
29 90
29 90
30 89
31 88
32 88
33 87
33 87
34 86
34 85
35 84
35 84
36 83
37 83
38 82
38 82
39 81
40 80
40 80
41 79
41 78
41 78
42 77
42 76
43 75
43 74
44 73
44 72
45 71
46 70
46 69
47 68
47 67
48 66
48 65
49 64
49 63
50 62
51 61
51 60
52 59
52 58
53 57
53 56
54 55
55 54
55 53
56 52
56 51
57 50
57 49
58 48
59 47
59 46
60 45
60 44
61 43
61 42
62 41
62 40
63 39
64 38
64 37
65 36
65 35
66 34
66 33
67 32
68 31
68 30
69 29
69 28
70 27
70 26
71 25
71 24
72 23
73 22
73 21
74 20
74 19
75 18
75 17
76 16
76 16
76 15
76 14
76 13
76 13
76 13
76 13
77 14
77 14
77 15
77 16
77 16
77 17
77 18
77 18
77 19
77 20
77 21
77 21
77 22
77 23
77 24
77 25
77 26
77 26
77 27
77 28
77 29
77 30
77 30
77 31
77 32
77 33
77 34
77 35
77 35
77 36
77 37
77 38
77 39
77 40
77 41
77 41
77 42
77 43
77 44
77 45
77 46
77 47
77 47
77 48
77 49
77 50
77 51
77 52
77 53
77 53
77 54
77 55
76 56
76 57
76 58
76 58
76 59
76 60
76 61
76 61
76 62
76 63
76 64
76 64
76 65
76 66
76 66
76 67
76 67
75 67
75 67
75 67
74 66
74 66
73 65
72 64
72 64
72 63
71 62
71 61
71 61
70 60
70 59
69 58
69 58
69 57
68 56
68 55
68 54
68 54
68 53
67 52
67 51
66 50
66 49
66 49
66 48
66 47
66 46
66 45
66 45
66 44
65 43
65 42
65 41
65 41
65 40
65 39
65 38
65 37
65 37
65 36
65 35
65 34
65 33
65 33
65 32
65 31
66 30
66 29
66 28
66 28
67 27
67 26
68 25
68 24
68 24
69 23
69 22
70 21
70 20
70 20
70 19
71 18
71 17
71 16
72 15
72 14
72 14
73 13
74 12
74 11
75 10
75 10
76 9
76 8
77 7
77 6
78 5
78 5
79 4
80 3
81 2
81 2
82 1
83 0
83 0
84 1
85 1
85 1
86 2
86 2
86 3
87 4
87 5
87 5
87 6
87 7
87 8
87 9
87 9
87 10
88 11
88 12
88 12
88 13
89 14
89 15
89 16
89 16
89 17
89 18
90 19
90 20
90 21
90 21
90 22
90 23
91 24
91 25
91 26
91 26
91 27
91 28
92 29
92 30
92 31
92 31
92 32
92 33
92 34
93 35
93 36
93 37
93 38
93 38
93 39
93 40
93 41
94 42
94 43
94 44
94 45
94 45
94 46
94 47
94 48
95 49
95 50
95 51
95 52
95 53
95 53
95 54
95 55
95 56
95 57
95 58
95 59
95 60
95 60
95 61
95 62
95 63
96 64
96 65
96 66
96 67
96 67
96 68
96 69
96 70
97 71
97 72
97 73
97 74
97 74
97 75
97 76
97 77
97 78
97 79
97 79
97 80
97 81
98 82
98 83
98 84
98 84
98 85
98 86
98 87
98 87
98 88
98 89
98 90
98 90
98 91
98 91
98 92
98 92
98 92
97 92
97 92
96 91
96 91
95 90
95 90
94 89
93 88
92 88
91 87
90 86
89 85
88 84
87 84
86 83
85 82
84 81
83 80
82 79
81 79
80 78
79 77
78 76
77 75
76 75
75 74
74 73
73 72
72 71
71 71
70 70
69 69
69 69
68 70
67 70
66 71
65 71
64 72
64 72
63 72
62 71
61 71
61 71
60 71
60 71
59 71
59 71
59 70
59 70
60 69
60 69
61 68
61 67
62 66
62 66
63 65
63 64
64 63
64 63
65 62
66 61
67 60
67 60
68 59
69 58
70 57
71 56
71 56
72 55
73 54
74 53
75 52
75 52
76 51
77 50
78 50
79 49
80 48
80 48
81 47
82 46
83 45
84 44
84 44
85 43
86 42
87 41
88 40
88 40
89 39
90 38
91 38
92 37
92 37
93 36
94 35
94 34
95 33
95 33
96 32
96 31
96 31
97 30
97 29
97 29
96 29
95 30
94 30
93 30
92 30
91 31
90 31
89 31
88 31
87 32
86 32
85 32
84 32
83 33
82 33
81 33
81 33
81 32
81 32
81 31
81 31
81 31
81 31
81 32
81 32
81 33
81 34
81 34
81 35
80 36
80 37
80 37
80 38
80 39
80 40
80 40
80 41
79 42
79 43
79 43
79 44
79 45
