11 24
11 24
12 24
13 24
14 24
14 24
15 24
16 24
17 24
18 24
19 24
20 24
20 24
20 25
19 26
19 27
19 28
18 29
18 30
18 31
17 32
17 33
17 34
16 35
16 36
16 37
16 38
15 39
15 40
15 41
14 42
14 43
14 44
13 45
13 46
13 46
13 47
12 48
12 49
12 50
12 51
11 52
11 53
11 54
11 55
10 56
10 57
10 58
10 59
9 60
9 61
9 61
8 62
8 63
8 63
7 62
7 62
8 62
8 62
9 62
9 62
10 61
11 61
11 61
12 60
13 59
13 59
14 58
15 57
16 56
16 56
17 55
18 54
19 53
19 53
19 52
20 51
20 50
20 50
20 49
19 48
19 47
18 46
18 45
18 44
17 43
17 42
16 41
16 40
16 40
16 41
16 42
16 43
15 44
15 45
15 46
15 47
15 48
15 48
14 49
14 49
14 49
14 50
14 51
14 52
14 53
14 53
14 54
14 55
14 56
14 57
14 58
14 59
14 59
14 60
14 61
14 62
13 63
13 64
13 65
13 66
13 67
13 67
13 68
13 69
13 70
13 71
13 72
13 73
13 74
13 74
13 75
12 76
12 77
12 78
11 79
11 80
11 81
10 82
10 83
10 84
9 85
9 86
9 87
8 88
8 89
8 90
7 91
7 92
7 93
6 94
6 95
6 96
5 97
5 98
5 98
4 98
3 99
2 99
2 99
1 98
0 98
0 98
0 97
0 97
1 97
1 97
2 96
3 95
3 95
4 95
5 94
6 94
7 94
8 93
9 93
9 93
10 92
11 92
12 91
13 91
14 90
15 90
15 90
16 90
17 89
18 89
19 88
20 88
21 87
22 87
22 87
23 87
24 87
25 86
26 86
27 86
28 86
28 86
29 85
29 84
30 83
30 82
31 81
31 80
32 79
33 78
33 77
34 76
34 75
35 74
36 73
36 72
37 71
37 70
38 69
38 68
39 67
40 66
40 65
41 64
41 63
42 62
43 61
43 60
44 59
44 58
45 57
45 56
46 55
47 54
47 53
48 52
48 51
49 50
49 49
50 48
51 47
51 46
52 45
52 44
53 43
54 42
54 41
55 40
55 39
56 38
56 37
57 36
58 35
58 34
59 33
59 32
60 31
61 30
61 29
62 28
62 27
63 26
63 25
64 24
64 24
65 23
65 22
66 21
66 20
67 19
67 19
67 18
67 17
67 16
67 15
67 15
67 16
67 16
67 17
67 18
67 19
67 20
67 21
67 22
67 22
67 23
67 24
67 25
67 26
67 27
67 28
67 29
67 30
67 31
67 31
67 32
67 33
67 34
67 35
67 36
67 37
67 38
67 39
67 40
67 41
67 42
67 43
67 43
67 44
67 45
67 46
67 47
67 48
67 49
67 50
67 51
67 52
67 53
67 54
67 55
67 55
67 56
67 57
67 58
67 59
67 60
67 61
67 62
67 63
67 64
67 65
67 66
67 67
67 68
67 68
67 69
67 70
67 71
67 72
67 73
66 74
66 75
66 76
66 77
66 78
66 79
66 79
66 80
66 81
66 82
66 83
66 84
66 85
66 85
66 86
65 87
65 88
65 89
65 89
65 88
65 87
65 86
65 85
64 84
64 83
64 82
64 81
64 80
64 79
64 78
64 77
64 76
63 75
63 74
63 73
63 72
63 71
63 70
63 69
63 68
63 67
62 66
62 65
62 64
62 63
62 62
62 61
62 60
62 59
62 58
62 57
61 56
61 55
61 54
61 53
61 52
61 51
61 50
61 49
61 48
60 47
60 46
60 45
60 44
60 43
60 42
60 41
60 40
60 39
59 38
59 37
59 36
59 35
59 34
59 34
60 33
61 32
62 31
63 31
64 30
65 29
66 28
66 28
66 27
67 26
67 25
68 24
68 23
68 22
69 21
69 20
69 20
69 19
70 18
70 17
70 16
71 15
71 14
71 13
71 12
72 11
72 10
72 9
73 8
73 7
73 7
74 6
75 5
75 4
76 3
76 3
77 2
78 2
79 1
79 1
80 1
81 0
82 0
83 0
83 0
84 1
84 2
85 3
85 3
85 4
85 5
86 6
86 7
86 8
86 8
86 9
86 10
86 11
86 12
86 13
86 14
86 14
86 15
86 16
86 17
86 18
86 19
86 20
86 21
86 22
86 23
86 24
86 25
86 25
86 26
86 27
86 28
86 29
86 30
86 31
86 32
86 33
86 34
86 35
86 36
86 37
86 38
86 39
86 40
86 40
86 41
86 42
86 43
86 44
86 45
86 46
86 47
85 48
85 49
85 50
85 51
85 52
85 53
85 54
85 55
85 56
85 56
85 57
85 58
85 59
85 60
85 61
85 62
85 63
84 64
84 65
84 66
84 67
84 68
84 69
84 70
84 71
84 71
84 72
84 73
84 74
84 75
84 76
84 77
84 78
84 79
84 80
84 81
84 82
84 82
84 83
84 84
84 85
84 86
84 87
84 88
84 89
84 90
84 90
84 91
84 92
84 93
84 94
84 95
84 95
84 96
84 97
84 98
84 98
84 99
84 99
83 98
83 98
83 97
83 96
83 96
82 95
81 94
80 94
79 93
78 92
77 91
76 90
75 90
74 89
73 88
72 87
71 87
70 86
69 85
68 84
67 83
66 83
65 82
64 81
63 80
62 79
61 79
60 78
59 77
58 76
57 76
56 75
55 74
54 73
53 72
52 72
51 71
50 70
50 70
50 71
49 72
49 73
48 74
48 75
47 76
47 77
47 77
48 76
48 76
48 75
48 74
48 73
48 72
48 71
48 71
49 71
50 70
51 70
52 69
53 69
53 69
54 69
55 68
56 68
57 67
58 67
59 66
60 66
60 66
61 66
62 65
63 65
64 65
65 64
66 64
67 64
68 63
69 63
69 63
70 62
71 62
72 61
73 61
74 60
75 60
76 59
77 59
78 58
78 58
79 57
80 57
81 56
82 56
83 55
84 55
85 54
86 54
87 53
87 53
88 52
89 51
90 51
91 50
92 49
92 49
93 48
94 48
95 47
96 47
96 47
97 46
98 46
98 46
99 45
99 45
98 45
98 45
97 44
96 43
95 42
94 41
93 40
92 39
91 38
90 37
89 36
89 35
88 34
87 33
86 32
85 31
84 30
83 29
82 28
81 27
80 26
80 26
80 27
79 28
79 29
78 30
78 31
77 32
77 33
77 33
76 34
76 35
76 35
75 35
75 35
76 36
76 37
76 37
76 38
76 39
77 40
77 41
77 42
