4 27
3 26
3 25
2 24
2 24
2 23
1 22
1 21
1 21
1 20
1 19
1 19
2 19
2 19
3 20
4 20
4 20
5 20
6 21
7 21
7 21
8 21
9 22
10 22
11 22
11 22
12 22
13 22
14 23
15 23
16 23
16 23
17 23
18 23
19 23
20 23
21 23
21 23
22 23
23 24
24 24
25 24
25 24
26 25
26 26
26 26
25 27
25 28
24 29
24 30
23 31
23 32
22 33
22 34
21 35
21 36
20 37
19 38
19 39
18 40
18 41
17 42
17 43
16 44
16 45
15 46
14 47
14 48
13 49
13 50
12 51
12 52
11 53
11 54
10 55
10 56
9 57
9 57
9 58
9 59
9 60
9 61
9 62
9 63
8 64
8 65
8 66
8 67
8 68
8 69
8 70
8 70
8 71
8 72
8 72
8 71
8 71
9 71
9 71
10 71
11 70
12 70
13 70
13 70
14 69
15 69
16 68
17 68
17 68
18 67
19 67
20 66
21 66
21 66
21 65
21 64
21 63
21 62
20 61
20 60
20 59
20 58
20 57
20 56
20 55
20 54
19 53
19 52
19 51
19 50
19 49
19 49
19 50
18 51
18 52
17 53
17 54
17 54
17 54
16 53
15 52
15 52
15 53
15 54
15 54
15 55
15 56
15 57
15 58
15 58
15 59
15 60
15 61
15 62
15 63
15 64
15 65
15 65
15 66
15 67
14 68
14 69
14 70
14 70
14 71
14 72
14 73
14 74
14 75
14 76
14 76
14 77
14 78
13 79
13 80
13 81
13 81
12 82
12 83
11 84
11 85
10 86
10 87
9 88
9 89
8 90
8 91
7 92
7 93
6 94
6 95
5 96
5 96
4 97
3 98
2 98
1 99
1 99
0 99
0 99
0 98
0 98
1 97
1 97
2 96
3 96
4 95
4 95
5 94
6 93
7 93
8 92
9 91
9 91
10 90
11 90
12 89
13 88
14 88
15 87
15 87
16 87
17 86
18 86
19 86
20 85
21 85
21 85
22 85
23 85
24 84
25 84
26 84
26 84
27 83
28 82
29 81
29 80
30 79
31 78
32 77
33 76
34 75
34 74
35 73
36 72
37 71
38 70
39 69
40 68
40 67
41 66
42 65
43 64
44 63
45 62
46 61
46 60
47 59
48 58
49 57
50 56
51 55
51 54
52 53
53 52
54 51
55 50
56 49
57 48
57 47
58 46
59 45
60 44
61 43
62 42
62 41
63 40
64 39
65 38
65 38
65 37
65 36
65 35
65 34
65 33
65 33
64 32
64 32
63 31
63 31
64 32
64 32
64 33
64 34
64 35
64 36
64 36
64 37
64 38
64 39
64 40
64 41
64 42
64 43
64 44
64 44
64 45
64 46
64 47
64 48
64 49
64 50
64 51
64 51
64 52
64 53
64 54
64 55
64 56
64 57
64 58
64 59
64 60
64 61
64 62
64 62
64 63
64 64
64 65
64 66
64 67
64 68
64 69
64 70
64 71
64 72
64 73
64 74
64 74
64 75
64 76
64 77
64 78
64 79
64 80
64 81
64 82
64 83
64 83
64 84
63 85
63 86
63 87
63 87
63 88
63 89
63 89
62 89
62 89
62 88
62 87
62 86
62 85
62 84
61 83
61 82
61 81
61 80
61 79
61 78
61 77
61 76
61 75
61 74
61 73
61 72
60 71
60 70
60 69
60 68
60 67
60 66
60 65
60 64
60 63
60 62
60 61
60 60
59 59
59 58
59 57
59 56
59 55
59 54
59 53
59 52
59 51
59 50
59 49
59 48
58 47
58 46
58 45
58 44
58 43
58 42
58 41
58 41
58 40
59 39
59 38
60 37
60 36
60 35
61 34
61 33
61 32
62 31
62 30
63 29
63 28
63 27
64 26
64 25
64 25
64 24
65 23
65 22
66 21
66 20
67 19
67 18
68 17
68 16
68 16
68 15
69 14
69 13
70 12
70 11
71 10
71 9
71 9
72 8
72 7
73 6
74 5
74 4
75 3
75 3
76 2
77 1
78 1
79 0
79 0
80 0
81 0
81 0
82 1
83 2
83 2
83 3
83 4
84 5
84 6
84 7
84 7
84 8
84 9
84 10
84 11
84 12
84 13
84 13
84 14
84 15
84 16
84 17
84 18
84 19
84 20
84 21
84 22
84 22
84 23
84 24
84 25
84 26
84 27
84 28
84 29
84 30
84 31
84 32
84 33
84 34
84 34
84 35
84 36
84 37
84 38
84 39
84 40
83 41
83 42
83 43
83 44
83 45
83 46
83 47
83 47
83 48
83 49
83 50
83 51
83 52
83 53
83 54
83 55
83 56
83 57
83 58
83 59
83 60
83 61
83 62
83 62
83 63
83 64
83 65
83 66
83 67
83 68
83 69
83 70
83 71
83 72
83 73
83 74
83 74
83 75
83 76
83 77
83 78
83 79
83 80
83 81
83 82
83 83
83 83
83 84
83 85
83 86
83 87
83 88
83 88
83 89
83 90
83 91
83 91
83 92
83 92
82 93
82 93
81 92
81 92
80 91
80 91
79 90
78 89
77 88
76 88
75 87
74 86
73 85
72 84
71 83
70 82
69 82
68 81
67 80
66 79
65 78
64 77
63 76
62 76
61 75
60 74
59 73
58 72
57 71
56 70
55 70
54 69
53 68
52 67
51 66
50 65
49 64
48 64
47 63
46 62
45 61
45 61
45 62
45 63
45 64
45 65
45 65
45 64
44 63
44 62
44 62
45 61
46 60
47 59
47 59
48 59
49 58
50 58
51 57
52 57
52 57
53 57
54 57
55 57
56 57
57 56
58 56
59 56
60 56
61 56
61 56
62 56
63 56
64 56
65 56
66 56
67 56
68 56
69 56
70 56
70 56
71 56
72 56
73 56
74 56
75 55
76 55
77 55
78 55
79 55
80 55
80 55
81 55
82 55
83 55
84 54
85 54
86 54
87 54
88 54
88 54
89 54
90 54
91 53
92 53
93 53
93 53
94 53
95 53
96 53
97 53
97 53
98 53
99 53
99 53
99 52
99 52
98 51
97 50
96 49
95 48
94 47
93 46
92 45
91 44
90 43
89 42
88 41
87 40
86 40
85 39
84 38
83 37
82 36
81 35
80 34
79 33
78 32
77 31
76 30
75 29
74 28
74 28
74 29
73 30
73 31
73 32
72 33
72 34
72 35
71 36
71 37
71 37
70 36
70 35
70 35
71 36
