5 9
5 8
4 7
4 6
3 5
3 4
3 4
2 3
1 3
1 3
0 2
0 1
0 1
0 0
0 0
0 1
0 1
0 2
0 3
0 4
0 5
0 6
0 7
0 8
0 9
0 9
0 10
0 11
0 12
0 13
0 14
0 15
0 16
0 17
0 18
0 19
0 20
0 21
0 22
0 22
0 23
0 24
0 25
0 26
0 27
0 28
0 29
1 30
1 31
1 32
1 33
1 34
1 35
1 36
1 37
1 37
1 38
1 39
1 40
1 41
1 42
1 43
1 44
1 45
1 46
1 47
1 48
1 49
1 50
1 51
1 52
1 52
1 53
1 54
1 55
1 56
1 57
1 58
1 59
1 60
1 61
1 62
1 63
1 64
1 65
1 66
1 66
1 67
1 68
1 69
1 70
1 71
1 72
1 73
1 74
1 75
1 76
1 77
1 78
1 79
1 80
1 81
1 81
1 82
1 83
1 84
1 85
2 86
2 87
2 88
2 89
2 90
2 91
2 91
2 92
2 93
2 94
2 95
2 96
2 97
2 98
2 98
3 99
3 99
3 99
3 99
3 98
3 98
3 97
3 96
3 95
3 94
3 93
3 92
3 92
3 91
3 90
3 89
3 88
2 87
2 86
2 85
2 84
2 83
2 82
2 82
2 81
2 80
2 79
2 78
2 77
2 76
2 75
2 74
2 73
2 72
2 71
2 71
2 70
2 69
2 68
2 67
2 66
2 65
2 64
2 63
2 62
2 61
2 60
2 59
2 58
2 57
2 57
2 56
2 55
2 54
2 53
2 52
2 51
2 50
2 49
2 48
2 47
2 46
2 45
2 44
2 43
2 42
2 41
2 41
2 40
2 39
2 38
2 37
2 36
2 35
2 34
2 33
2 32
2 31
2 30
2 29
2 28
2 28
2 27
2 26
2 25
2 24
3 23
3 22
3 21
3 20
3 19
3 19
3 18
4 17
4 16
4 15
5 14
5 13
5 13
5 12
6 11
6 10
6 10
7 9
7 9
8 9
8 9
9 10
9 11
10 12
10 12
10 13
11 14
11 15
12 16
12 17
12 17
12 18
12 19
13 20
13 21
13 22
13 23
14 24
14 25
14 26
14 26
14 27
14 28
14 29
14 30
14 31
14 32
14 32
14 33
14 34
14 35
14 36
14 37
14 38
14 38
14 39
14 40
14 41
14 42
14 43
14 43
14 44
14 45
13 46
13 47
13 48
13 48
13 49
12 50
12 51
11 52
11 53
11 53
10 54
9 55
9 56
8 57
8 57
7 58
6 58
6 58
5 59
4 59
4 59
3 59
3 59
2 58
2 57
2 57
2 57
2 57
2 57
3 58
3 59
3 59
4 60
5 60
6 61
6 61
7 62
7 63
8 64
8 65
9 66
9 66
10 67
10 68
11 69
12 70
12 71
13 72
13 72
14 73
14 74
15 75
16 76
16 77
17 78
17 78
18 79
19 80
19 81
20 82
20 82
21 83
22 84
23 84
24 85
24 85
25 85
26 86
27 86
27 86
28 87
29 87
29 87
30 87
30 87
31 87
31 87
32 86
32 85
32 85
32 84
32 83
32 82
32 81
32 80
32 79
32 78
32 77
31 76
31 75
31 74
31 73
31 72
31 71
31 70
31 69
31 68
31 67
31 66
31 65
31 64
31 63
31 62
31 61
31 60
30 59
30 58
30 57
30 56
30 55
30 54
30 53
30 52
30 51
30 50
30 49
30 48
30 47
30 46
30 45
30 44
30 43
30 42
29 41
29 40
29 39
29 38
29 37
29 36
29 35
29 34
29 33
29 33
29 34
29 35
30 36
30 37
30 38
30 39
30 39
30 38
30 38
31 39
31 39
32 40
32 41
32 41
32 42
33 43
33 44
33 44
33 45
34 46
34 47
34 47
34 48
34 49
34 50
33 51
33 52
33 53
33 54
33 54
33 55
33 56
33 57
32 58
32 59
32 60
32 61
32 62
32 62
32 63
31 64
31 65
31 65
30 66
30 66
30 67
30 68
30 68
30 69
30 70
30 71
30 71
30 72
30 73
30 74
30 74
31 75
31 76
31 76
32 77
32 78
32 78
32 79
33 80
33 81
33 81
34 82
34 82
35 83
35 83
36 83
37 83
37 83
38 83
38 83
38 82
39 81
39 80
39 79
39 78
40 77
40 76
40 75
41 74
41 73
41 72
42 71
42 70
42 69
42 68
43 67
43 66
43 65
44 64
44 63
44 62
44 61
45 60
45 59
45 59
45 58
45 57
46 56
46 55
46 54
46 53
46 53
46 52
46 51
46 51
46 51
46 52
46 52
46 53
46 54
46 55
46 55
46 56
46 57
45 58
45 59
45 60
45 60
45 61
45 62
45 63
45 64
45 65
45 65
45 66
45 67
45 68
45 69
45 69
45 70
45 71
45 72
45 72
46 73
46 74
47 75
47 75
48 76
49 77
49 77
50 77
51 78
52 78
52 78
53 78
54 78
55 77
56 77
57 77
57 77
58 77
59 77
60 76
61 76
62 76
62 76
63 75
64 74
65 74
66 73
66 73
67 72
68 71
69 70
70 69
70 69
71 68
72 67
72 66
73 65
73 65
74 64
74 63
75 62
75 62
75 61
75 60
75 59
75 59
75 58
75 57
75 56
75 56
74 55
73 55
73 55
72 55
71 55
71 55
70 55
69 56
68 56
68 56
67 57
66 58
65 59
65 59
64 60
64 61
63 62
63 63
63 63
63 64
62 65
62 66
62 66
62 67
62 68
62 69
62 69
62 70
63 71
63 72
63 72
64 73
65 74
65 74
66 74
67 75
68 75
69 75
69 75
70 75
71 75
72 75
73 75
74 75
75 75
76 75
76 75
77 75
78 75
79 74
80 74
81 74
82 74
82 74
83 74
84 74
85 73
86 73
87 73
88 73
88 73
89 73
90 73
91 72
92 72
93 72
93 72
94 72
95 71
96 71
97 71
97 71
98 71
99 71
99 71
99 71
99 71
98 71
98 71
98 71
98 71
98 71
97 71
