5 34
5 33
5 32
5 31
5 30
4 29
4 28
4 27
4 26
4 25
4 25
4 24
3 23
3 22
3 21
3 21
3 20
3 19
2 18
2 17
2 16
2 16
2 15
1 14
1 13
1 12
1 12
1 11
1 10
0 9
0 8
0 7
0 7
0 6
0 5
0 5
0 4
0 4
0 4
0 5
0 5
0 6
0 7
0 8
0 9
0 10
0 11
0 11
0 12
0 13
0 14
0 15
0 16
0 17
0 18
0 19
0 20
0 21
0 21
0 22
0 23
0 24
0 25
0 26
0 27
0 28
1 29
1 30
1 31
1 32
1 33
1 34
1 35
1 36
1 37
1 37
1 38
1 39
1 40
1 41
1 42
1 43
1 44
1 45
2 46
2 47
2 48
2 49
2 50
2 51
2 52
2 53
2 54
2 54
2 55
2 56
2 57
2 58
2 59
2 60
2 61
2 62
2 63
2 64
2 65
2 66
2 67
2 68
2 69
2 70
2 71
2 71
2 72
2 73
2 74
2 75
2 76
2 77
3 78
3 79
3 80
3 81
3 82
3 83
3 84
3 85
3 85
3 86
3 87
3 88
4 89
4 90
4 91
4 92
4 93
4 93
4 94
4 95
4 96
4 97
4 98
4 98
5 99
5 99
5 99
5 99
5 99
5 98
5 97
4 96
4 95
4 94
4 94
4 93
4 92
4 91
4 90
4 89
4 88
4 87
4 87
4 86
4 85
4 84
4 83
4 82
3 81
3 80
3 79
3 78
3 77
3 76
3 75
3 75
3 74
3 73
3 72
3 71
3 70
3 69
3 68
3 67
3 66
3 65
3 64
3 63
3 62
3 61
3 60
3 59
3 59
3 58
3 57
3 56
3 55
3 54
3 53
3 52
3 51
3 50
4 49
4 48
4 47
4 46
4 45
4 44
4 43
4 42
4 41
4 40
4 39
4 39
4 38
4 37
4 36
4 35
4 34
4 33
4 32
4 31
4 30
4 29
5 28
5 27
5 26
5 25
5 24
5 23
5 22
5 21
5 20
5 19
5 18
5 18
5 17
5 16
6 15
6 14
6 13
6 12
6 11
6 10
7 9
7 8
7 7
7 7
7 6
7 5
8 4
8 3
8 2
8 1
8 1
9 0
9 0
10 1
10 1
11 2
11 3
11 3
11 4
12 5
12 6
12 7
13 8
13 9
13 9
13 10
13 11
13 12
13 13
13 14
13 15
13 16
13 17
13 17
13 18
13 19
13 20
13 21
13 22
13 23
13 24
13 25
13 26
13 27
13 28
13 28
13 29
13 30
13 31
13 32
13 33
13 34
13 35
13 36
13 37
13 37
13 38
13 39
13 40
13 41
13 42
13 43
13 44
13 44
13 45
13 46
13 47
12 48
12 49
12 50
12 51
12 51
12 52
12 53
11 54
11 55
11 56
11 56
10 57
10 58
10 58
9 59
9 59
8 60
8 60
8 59
8 58
8 58
8 57
7 56
7 55
7 55
7 54
7 53
7 52
7 51
7 51
8 50
8 50
8 51
8 51
9 52
10 53
10 53
10 54
10 55
11 56
11 57
11 58
11 58
11 59
12 60
12 61
12 62
13 63
13 64
13 64
14 65
14 66
15 67
15 68
16 69
16 70
16 70
17 71
17 72
18 73
18 74
19 75
19 75
20 76
21 77
21 78
22 79
22 79
23 80
24 81
24 81
25 82
26 82
26 82
27 83
28 83
28 83
29 83
29 83
30 82
31 81
31 81
32 80
32 79
32 79
32 78
32 77
32 76
32 75
32 74
32 73
32 72
31 71
31 70
31 69
31 68
31 67
31 66
31 65
31 64
31 63
31 62
31 61
31 60
31 59
31 58
31 57
31 56
30 55
30 54
30 53
30 52
30 51
30 50
30 49
30 48
30 47
30 46
30 45
30 44
30 43
30 42
30 41
30 40
29 39
29 38
29 37
29 36
29 35
29 34
29 33
29 32
29 32
30 33
30 34
31 35
31 36
32 37
32 38
32 38
32 39
33 40
33 41
33 41
33 42
34 43
34 44
34 45
34 45
34 46
34 47
34 48
34 48
35 49
35 50
35 50
36 51
36 52
36 52
35 53
35 54
34 55
34 55
34 56
34 57
34 58
34 59
34 60
35 61
35 62
35 63
35 64
35 65
35 66
35 67
35 67
35 68
35 69
35 70
35 70
35 71
35 71
35 72
35 73
35 74
35 74
35 75
35 76
35 77
35 77
36 78
36 79
36 79
36 80
36 80
37 80
38 80
38 80
39 79
40 79
40 79
41 78
41 77
42 76
42 75
42 75
42 74
43 73
43 72
44 71
44 70
44 69
45 68
45 67
46 66
46 65
46 64
47 63
47 62
48 61
48 60
48 59
49 58
49 57
50 56
50 55
50 55
50 54
51 53
51 52
51 52
51 52
50 53
50 54
50 54
50 55
50 56
49 57
49 58
49 59
49 59
49 60
49 61
49 62
48 63
48 64
48 65
48 66
48 66
48 67
48 68
48 69
48 70
48 70
48 71
48 72
48 73
48 74
48 74
49 75
49 76
49 76
50 76
51 77
52 77
52 77
53 77
54 77
55 77
55 77
56 76
57 76
58 75
59 75
60 74
60 74
61 73
62 72
62 71
63 70
64 69
64 69
65 68
66 67
66 66
67 65
68 64
68 64
69 63
70 62
70 61
71 60
72 59
72 59
73 58
73 57
74 56
74 55
74 55
74 54
74 53
75 52
75 51
75 50
75 50
75 49
75 48
75 48
74 47
74 47
73 48
72 49
72 49
71 50
71 51
70 52
70 53
70 53
70 54
69 55
69 56
68 57
68 58
68 58
68 59
68 60
68 61
68 62
68 62
68 63
68 64
68 65
68 66
68 66
69 67
69 68
70 69
70 70
70 70
71 70
72 71
73 71
74 71
74 71
75 71
76 71
77 71
78 71
78 71
79 71
80 70
81 70
82 70
83 69
84 69
84 69
85 68
86 68
87 67
88 67
89 66
89 66
90 65
91 65
92 64
93 64
94 63
94 63
95 62
96 62
97 61
97 61
98 61
98 61
99 61
99 61
98 61
98 61
