2 17
2 16
1 15
1 14
1 13
1 12
0 11
0 10
0 10
0 9
0 9
0 9
0 9
0 10
0 11
0 12
0 12
0 13
0 14
0 15
0 16
0 17
0 17
0 18
0 19
0 20
0 21
0 22
0 23
0 24
0 24
0 25
0 26
0 27
0 28
1 29
1 30
1 31
1 32
1 33
1 33
1 34
1 35
1 36
1 37
1 38
1 39
1 40
1 41
1 42
1 43
1 43
1 44
1 45
1 46
1 47
1 48
1 49
1 50
1 51
1 52
1 53
1 53
1 54
1 55
1 56
1 57
1 58
1 59
1 60
1 61
1 62
1 63
1 63
1 64
1 65
1 66
1 67
1 68
1 69
1 70
1 71
1 72
1 73
1 74
1 74
1 75
1 76
1 77
1 78
1 79
1 80
1 81
1 82
1 83
1 83
1 84
1 85
1 86
1 87
1 88
1 89
1 90
1 90
1 91
1 92
1 93
1 94
1 95
1 96
1 97
1 97
1 98
1 99
1 99
1 99
1 98
1 97
1 96
1 95
1 94
1 93
1 92
1 91
1 90
1 89
1 88
1 87
1 86
1 85
1 84
1 83
1 82
1 81
1 80
1 79
1 78
1 77
1 76
1 75
1 74
1 73
1 72
1 71
1 70
1 69
1 68
1 67
1 66
1 65
1 64
1 63
1 62
1 61
1 60
1 59
1 58
1 57
1 56
1 55
1 54
1 53
1 52
1 51
1 50
1 49
1 48
1 47
1 46
1 45
1 44
1 43
1 42
1 41
1 41
1 40
1 39
1 38
1 37
1 36
1 35
1 34
1 33
1 32
1 31
1 30
1 29
1 28
1 27
1 26
1 26
1 25
1 24
1 23
1 22
1 21
1 20
1 20
1 19
1 18
2 17
2 16
2 15
2 15
2 14
3 13
3 12
3 11
3 11
3 10
4 9
4 8
4 7
4 7
5 6
6 5
6 5
6 4
7 3
7 2
7 2
8 1
9 1
9 1
10 0
11 0
11 0
12 1
12 1
12 2
13 3
13 4
13 4
13 5
14 6
14 7
14 8
14 8
14 9
14 10
14 11
14 12
14 13
14 13
14 14
14 15
14 16
14 17
14 18
14 19
14 19
14 20
14 21
14 22
14 23
14 24
14 25
14 26
14 27
14 27
14 28
14 29
14 30
13 31
13 32
13 33
13 34
13 35
13 35
13 36
13 37
12 38
12 39
12 40
12 41
12 41
12 42
11 43
11 44
10 45
10 46
10 46
10 47
9 48
9 49
9 50
9 50
8 51
8 51
8 52
8 52
7 51
7 51
6 50
6 49
6 49
5 48
5 47
5 47
5 46
5 46
5 45
5 45
6 45
6 45
6 45
7 45
7 45
7 46
7 46
8 47
8 47
9 48
9 48
10 49
10 49
11 50
11 51
12 52
12 52
12 53
13 54
13 55
13 56
13 56
13 57
13 58
14 59
14 60
14 61
14 61
14 62
14 63
15 64
15 65
15 66
15 67
15 67
15 68
16 69
16 70
17 71
17 72
17 72
17 73
17 74
18 75
18 76
18 77
18 77
18 78
19 79
19 80
19 81
19 81
19 82
20 83
20 84
20 85
20 85
21 86
21 87
22 88
22 88
23 89
23 90
23 90
24 91
25 91
25 91
26 92
26 92
27 92
27 92
27 91
27 91
28 91
28 91
28 90
29 89
29 88
29 87
30 86
30 85
30 84
30 83
31 82
31 81
31 80
32 79
32 78
32 77
33 76
33 75
33 74
33 73
34 72
34 71
34 70
35 69
35 68
35 67
36 66
36 65
36 64
36 63
37 62
37 61
37 61
38 60
38 60
37 59
37 59
37 59
37 60
37 60
37 61
37 62
37 62
37 63
37 64
37 65
37 66
37 66
37 67
37 68
37 69
37 69
37 70
37 71
37 72
37 73
37 74
37 74
37 75
37 76
37 77
37 78
37 79
37 79
37 80
37 81
37 82
37 83
37 84
37 84
37 85
37 86
37 87
37 88
37 88
37 89
37 90
37 91
37 91
37 92
37 93
37 93
37 94
37 94
37 93
37 92
37 91
37 90
37 89
37 88
37 87
37 86
37 85
37 84
37 83
37 82
37 81
37 80
37 79
37 78
37 77
37 76
37 75
37 74
37 73
37 72
37 71
37 70
37 69
37 68
37 67
37 66
37 65
37 64
37 63
37 62
37 61
37 60
37 59
37 58
37 58
37 57
37 56
37 55
37 54
37 53
37 52
37 51
37 50
37 49
37 48
37 47
37 46
37 45
37 44
37 43
37 42
37 42
37 41
37 40
37 39
37 38
37 38
37 37
37 36
37 36
37 35
37 35
37 35
37 36
37 36
38 37
38 37
38 38
38 39
38 39
39 40
39 41
39 41
39 42
40 43
40 44
40 45
40 45
41 45
42 46
43 46
44 47
45 47
46 48
47 48
48 48
49 49
50 49
51 50
52 50
52 50
53 49
54 48
54 48
54 47
54 47
53 46
53 46
53 45
53 45
52 45
52 45
52 45
52 46
52 46
51 47
51 48
51 48
51 49
51 50
51 51
51 51
51 52
51 53
50 54
50 55
50 56
50 56
50 57
50 58
50 59
50 60
50 61
50 62
50 62
50 63
50 64
50 65
49 66
49 67
49 68
49 69
49 69
49 70
49 71
49 72
49 73
49 74
49 74
49 75
50 76
50 77
50 77
50 78
51 79
51 80
51 80
52 81
53 81
53 81
54 80
55 80
55 80
56 79
57 79
58 78
58 78
59 77
60 76
61 75
61 75
62 74
63 73
64 72
64 72
65 71
65 70
66 69
66 68
67 67
67 67
67 66
68 65
68 64
69 63
69 62
69 62
69 61
70 60
70 59
71 58
71 57
71 57
71 56
71 55
72 54
72 53
72 52
72 51
72 51
72 50
72 49
73 48
73 47
73 46
73 46
73 45
73 44
73 43
73 43
73 42
72 41
72 40
72 40
72 39
72 38
72 38
71 38
71 38
70 38
70 38
70 39
70 39
70 40
69 41
69 42
69 42
69 43
69 44
69 45
69 46
69 46
69 47
69 48
69 49
69 50
69 51
69 51
69 52
69 53
69 54
69 55
69 56
69 56
69 57
70 58
70 59
71 60
71 61
71 61
72 62
72 63
73 64
73 65
73 65
74 66
74 67
75 68
75 68
76 68
77 68
78 69
79 69
80 69
80 69
81 69
82 69
83 70
84 70
85 70
85 70
86 70
87 70
88 70
89 70
90 70
91 70
92 70
92 70
93 70
94 70
95 70
96 70
97 70
98 70
