7 10
7 9
7 8
7 7
7 6
7 5
7 5
6 4
6 3
6 3
6 2
6 1
6 1
6 0
6 0
5 0
5 0
5 1
5 1
5 2
5 3
5 3
5 4
4 5
4 6
4 6
4 7
4 8
4 9
4 10
4 11
4 12
4 12
4 13
4 14
4 15
4 16
4 17
4 18
4 19
4 19
4 20
4 21
4 22
4 23
3 24
3 25
3 26
3 27
3 28
3 28
3 29
3 30
3 31
3 32
3 33
3 34
3 35
3 36
3 37
3 38
3 39
3 40
3 40
3 41
3 42
3 43
3 44
3 45
4 46
4 47
4 48
4 49
4 50
4 51
4 52
4 52
4 53
4 54
4 55
4 56
4 57
4 58
4 59
4 60
4 61
4 62
4 63
4 64
4 65
4 65
4 66
4 67
4 68
4 69
4 70
4 71
4 72
4 73
4 74
4 75
4 76
4 77
4 77
4 78
4 79
4 80
4 81
5 82
5 83
5 84
5 85
5 86
5 86
5 87
5 88
5 89
5 90
5 91
5 92
5 92
5 93
6 94
6 95
6 96
6 96
6 97
6 98
6 98
6 98
7 97
7 97
7 96
7 95
7 94
7 94
7 93
7 92
8 91
8 90
8 89
8 88
8 88
8 87
8 86
8 85
8 84
8 83
8 82
8 82
8 81
8 80
8 79
8 78
8 77
8 76
8 75
8 74
8 74
8 73
8 72
8 71
7 70
7 69
7 68
7 67
7 66
7 66
7 65
7 64
7 63
7 62
6 61
6 60
6 59
6 58
6 57
6 56
6 56
6 55
6 54
6 53
6 52
5 51
5 50
5 49
5 48
5 47
5 46
5 46
5 45
5 44
4 43
4 42
4 41
4 40
3 39
3 38
3 37
3 37
3 36
3 35
3 34
2 33
2 32
2 31
2 30
2 29
2 29
2 28
2 27
1 26
1 25
1 24
1 23
1 23
1 22
1 21
0 20
0 19
0 18
0 18
0 17
0 16
0 15
0 15
0 14
0 13
0 12
0 12
0 11
0 10
0 10
1 9
1 9
2 8
2 8
3 7
4 7
4 7
5 7
6 7
7 7
7 7
8 8
9 8
9 8
10 9
11 10
12 11
12 11
13 12
13 13
14 14
14 14
15 15
15 16
16 17
16 18
16 18
16 19
17 20
17 21
18 22
18 23
18 23
18 24
19 25
19 26
19 27
19 27
19 28
19 29
20 30
20 31
20 32
20 32
20 33
20 34
20 35
20 36
20 37
20 37
20 38
20 39
19 40
19 41
19 42
19 42
19 43
19 44
18 45
18 46
18 47
18 48
18 48
18 49
17 50
17 51
16 52
16 53
16 53
16 54
15 55
15 56
14 57
14 58
14 58
13 59
13 60
12 61
12 62
11 63
11 63
10 64
10 65
9 66
9 67
9 67
8 68
7 69
7 69
6 70
6 71
6 71
5 72
5 72
4 72
4 72
4 72
5 72
5 72
5 73
5 73
6 73
7 73
7 73
8 74
9 74
9 74
10 75
11 76
11 76
12 77
13 78
13 78
14 79
15 80
15 80
16 81
17 82
18 83
18 83
19 84
20 85
21 86
21 86
22 87
23 88
23 89
24 90
24 90
25 91
25 92
26 93
26 93
27 94
28 95
28 95
29 96
29 97
29 97
30 98
30 99
30 99
31 99
31 99
31 99
31 99
31 99
30 99
30 99
30 98
30 97
30 97
30 96
30 95
30 94
30 93
30 92
30 91
31 90
31 89
31 88
31 87
31 86
31 85
31 84
31 83
31 82
31 81
31 80
31 79
32 78
32 77
32 76
32 75
32 74
32 73
32 72
32 71
32 70
32 69
32 68
32 67
32 66
33 65
33 64
33 63
33 62
33 61
33 60
33 59
33 59
34 58
34 57
34 57
34 56
34 56
34 55
34 55
35 54
35 53
35 53
36 52
37 52
37 52
38 51
38 51
38 51
38 52
38 53
37 54
37 55
37 56
37 57
37 58
37 59
36 60
36 61
36 62
36 63
36 63
36 63
35 63
35 63
35 63
35 63
36 64
36 64
36 65
36 66
36 67
36 67
36 68
36 69
36 70
36 71
36 71
36 72
36 73
36 74
36 75
36 75
36 76
36 77
36 78
36 79
36 79
36 80
36 81
36 82
36 82
36 83
37 84
37 85
37 85
37 86
37 87
37 87
37 88
37 89
37 89
38 89
38 89
39 88
39 87
40 86
41 85
41 84
42 83
43 82
43 81
44 80
45 79
46 78
46 77
47 76
48 75
48 74
49 73
50 72
50 71
51 70
52 69
52 68
53 67
53 67
54 66
54 65
55 64
55 63
55 63
56 62
56 61
56 61
56 60
56 59
56 59
57 58
57 57
57 57
57 56
57 55
57 55
57 54
57 54
57 53
57 53
56 53
56 53
56 53
55 54
54 54
54 54
53 55
53 56
53 56
53 57
52 58
52 59
52 59
52 60
51 61
51 62
51 62
51 63
50 64
50 65
50 65
50 66
50 67
49 68
49 69
49 70
49 70
49 71
48 72
48 73
48 74
48 74
48 75
48 76
48 77
48 78
48 78
48 79
49 80
49 81
49 81
50 82
50 83
50 83
51 84
51 85
51 85
52 86
53 86
53 86
54 86
55 86
55 86
56 85
57 85
57 85
58 84
59 84
60 83
60 83
61 82
62 81
62 81
63 80
64 80
65 79
65 79
66 78
66 77
67 76
67 76
68 75
69 74
69 74
70 73
70 72
71 71
71 71
71 70
72 69
72 68
72 68
73 67
73 66
73 66
73 65
73 65
73 64
73 64
73 63
73 63
72 62
72 62
71 62
71 62
70 63
70 63
69 64
69 64
68 65
67 65
67 65
67 66
67 67
67 67
66 68
66 68
66 69
65 70
65 71
65 71
65 72
65 73
65 73
65 74
65 75
65 75
65 76
65 77
65 77
66 78
66 79
66 79
67 80
67 80
68 80
68 80
69 80
70 79
71 79
71 79
72 78
73 78
73 78
74 77
75 76
76 75
76 75
77 74
78 73
79 73
80 72
80 72
81 71
82 70
83 69
84 68
84 68
85 67
86 66
86 65
87 64
87 64
88 63
89 62
89 61
90 60
90 60
91 59
92 58
93 57
93 57
94 56
95 55
96 54
96 54
97 53
97 52
97 52
98 51
98 51
99 50
99 50
99 49
99 49
98 49
98 49
98 49
97 50
97 50
96 51
96 51
95 52
95 52
94 53
94 53
94 54
94 55
94 55
93 55
93 55
93 56
93 56
93 56
93 56
93 56
93 56
93 56
93 56
94 55
94 55
94 55
