4 12
3 11
3 11
3 10
2 9
2 8
2 8
2 7
2 6
1 5
1 4
1 3
1 3
1 2
1 1
1 1
1 0
1 0
1 0
1 1
1 2
1 2
1 3
1 4
1 5
1 6
1 7
1 8
1 9
1 10
1 11
1 12
1 12
1 13
1 14
1 15
1 16
1 17
1 18
1 19
1 20
1 21
1 22
1 23
1 24
1 25
1 26
1 27
1 27
1 28
1 29
1 30
1 31
1 32
1 33
1 34
1 35
1 36
1 37
1 38
1 39
1 40
1 41
1 42
1 43
1 43
1 44
1 45
1 46
1 47
1 48
1 49
1 50
1 51
1 52
1 53
1 54
1 55
1 56
1 57
1 58
1 58
1 59
1 60
1 61
1 62
1 63
1 64
1 65
1 66
1 67
1 68
1 69
1 70
1 71
1 72
1 73
1 73
1 74
1 75
1 76
1 77
1 78
1 79
1 80
1 81
1 82
1 83
1 84
1 85
1 86
1 86
1 87
1 88
1 89
2 90
2 91
2 92
2 93
2 93
2 94
2 95
3 96
3 97
3 98
3 98
3 99
3 99
3 99
3 99
3 98
3 97
3 97
3 96
3 95
3 94
2 93
2 92
2 91
2 90
2 89
2 89
2 88
2 87
2 86
2 85
2 84
2 83
2 82
2 81
2 80
2 79
2 78
2 77
2 77
2 76
2 75
2 74
2 73
2 72
2 71
2 70
2 69
2 68
2 67
2 66
2 65
2 64
2 63
2 63
2 62
2 61
2 60
2 59
2 58
2 57
2 56
2 55
2 54
2 53
2 52
2 51
2 50
2 49
2 48
2 48
2 47
2 46
2 45
2 44
2 43
2 42
2 41
2 40
2 39
2 38
2 37
2 36
2 35
2 34
2 33
2 32
2 31
2 31
2 30
2 29
2 28
2 27
2 26
2 25
2 24
3 23
3 22
3 21
3 20
3 19
3 18
3 17
3 16
3 16
3 15
4 14
4 13
4 12
4 11
5 10
5 9
5 8
5 8
5 7
5 6
6 5
6 4
6 3
6 3
6 3
7 4
7 4
7 5
8 6
8 7
8 7
8 8
9 9
9 10
9 11
9 12
10 13
10 14
10 15
10 15
10 16
10 17
10 18
10 19
10 20
10 21
10 22
10 23
10 24
10 24
10 25
10 26
10 27
10 28
10 29
10 30
10 31
10 32
10 33
10 33
10 34
10 35
10 36
10 37
10 38
10 39
10 40
10 41
10 41
10 42
10 43
10 44
10 45
10 46
10 47
10 47
10 48
10 49
9 50
9 51
9 52
9 52
9 53
8 54
8 55
8 55
7 56
7 57
6 58
6 58
5 59
5 60
5 60
4 60
3 60
3 60
2 59
1 59
1 59
0 58
0 57
0 57
0 56
0 56
0 56
0 57
0 57
0 58
1 59
1 60
1 60
2 61
3 62
3 63
4 64
4 64
4 65
5 66
5 67
6 68
6 69
6 69
7 70
7 71
8 72
8 73
9 74
9 74
10 75
10 76
11 77
11 78
12 79
12 80
12 80
13 81
14 82
15 83
15 83
16 84
17 85
18 86
18 86
19 87
20 88
20 88
21 88
22 89
23 89
23 89
24 89
25 89
25 89
26 88
26 88
27 87
28 86
28 86
28 85
28 84
28 83
28 82
28 81
28 80
28 79
28 78
28 77
28 76
28 75
28 74
28 73
28 72
28 71
28 70
28 69
28 68
28 67
28 66
28 65
28 64
28 63
28 62
28 61
28 60
28 59
28 58
28 57
28 56
28 55
28 54
28 53
28 52
28 51
28 50
28 49
28 48
28 47
28 46
28 45
28 44
28 43
28 42
28 41
28 40
28 39
28 38
28 37
28 36
28 35
28 34
28 34
28 35
28 36
29 37
29 38
29 39
29 39
30 39
30 39
30 40
30 41
30 41
31 42
31 42
31 43
32 44
32 45
32 45
32 46
32 47
32 48
32 49
32 50
32 51
31 52
31 53
31 54
31 55
31 56
31 57
31 58
31 59
31 59
31 60
31 61
31 62
31 63
31 64
31 65
31 66
31 67
31 68
31 69
31 70
31 70
31 71
31 71
31 71
31 71
31 72
31 73
31 73
31 74
32 75
32 76
32 76
32 77
32 78
32 78
33 78
33 78
33 77
34 76
34 75
35 74
35 73
36 72
36 71
37 70
37 69
38 68
38 67
39 66
39 65
40 64
40 63
40 62
41 61
41 60
42 59
42 58
43 57
43 56
44 55
44 54
45 53
45 52
46 51
46 50
47 49
47 48
47 48
47 48
47 49
47 50
47 50
47 51
47 52
46 53
46 54
46 55
46 55
46 56
45 57
45 58
45 59
45 59
45 60
45 61
44 62
44 63
44 64
44 64
44 65
44 66
44 67
44 68
44 69
44 70
44 70
44 71
44 72
44 73
44 73
45 74
45 75
45 75
46 76
47 76
47 76
48 75
49 75
49 75
50 74
51 74
52 73
53 73
53 73
54 72
55 71
55 70
56 69
56 69
57 68
58 67
59 67
60 66
61 65
61 65
62 64
62 63
63 62
63 62
64 61
65 60
65 59
66 58
66 58
67 57
68 56
68 55
69 54
69 54
69 53
70 52
70 51
70 50
70 50
71 49
71 49
70 49
70 49
69 49
69 49
68 50
68 51
67 52
67 52
67 53
66 54
66 55
66 56
66 56
66 57
66 58
66 59
66 60
66 60
66 61
67 62
67 63
67 64
67 64
68 65
69 66
69 66
70 66
71 67
72 67
72 67
73 66
74 66
75 65
76 65
76 65
77 64
78 64
79 63
80 63
81 62
82 62
82 62
83 61
84 60
85 60
86 59
87 58
87 58
88 58
89 57
90 57
91 56
92 56
92 56
93 56
94 55
95 55
96 55
96 55
97 54
98 54
98 54
99 54
99 54
99 54
99 54
98 54
98 54
98 54
98 54
