6 15
5 15
4 14
3 14
3 14
3 13
2 12
2 11
2 10
2 10
2 9
1 8
1 7
0 6
0 5
0 5
0 4
0 3
0 2
0 2
0 1
0 1
0 1
0 2
0 2
0 3
0 4
0 5
1 6
1 7
1 8
1 9
1 9
1 10
1 11
1 12
1 13
1 14
2 15
2 16
2 17
2 18
2 19
2 20
2 20
2 21
2 22
2 23
2 24
2 25
2 26
2 27
3 28
3 29
3 30
3 31
3 32
3 33
3 34
3 35
3 36
3 36
3 37
3 38
3 39
3 40
3 41
3 42
3 43
4 44
4 45
4 46
4 47
4 48
4 49
4 50
4 51
4 51
4 52
4 53
4 54
4 55
4 56
4 57
5 58
5 59
5 60
5 61
5 62
5 63
5 64
5 65
5 65
5 66
5 67
5 68
5 69
5 70
5 71
6 72
6 73
6 74
6 75
6 76
6 77
6 78
6 78
6 79
6 80
6 81
6 82
6 83
6 84
6 85
6 86
6 87
6 87
6 88
6 89
6 90
6 91
6 92
6 93
6 94
6 95
6 95
6 96
7 97
7 98
7 98
7 99
7 99
7 99
7 99
7 98
7 97
7 96
7 96
7 95
7 94
7 93
6 92
6 91
6 90
6 89
6 89
6 88
6 87
6 86
6 85
6 84
6 83
6 82
6 81
6 80
6 79
5 78
5 77
5 76
5 75
5 74
5 73
5 72
5 71
5 70
5 69
5 68
5 67
5 66
5 65
5 64
5 63
5 62
5 61
5 60
5 59
5 58
4 57
4 56
4 55
4 54
4 53
4 52
4 51
4 50
4 49
4 48
4 47
4 46
4 45
4 44
4 43
4 42
4 41
4 40
4 39
4 38
4 37
4 36
3 35
3 34
3 33
3 32
3 31
3 30
3 29
3 28
3 27
3 26
3 25
3 25
3 24
3 23
3 22
3 21
3 20
3 19
3 18
3 17
3 16
4 15
4 14
4 13
4 12
4 11
4 10
4 9
4 8
4 7
4 6
4 5
4 5
4 4
5 3
5 2
5 1
5 1
5 0
5 0
6 1
7 2
7 2
8 3
9 4
9 4
9 5
10 6
10 7
10 8
11 9
11 10
11 10
11 11
12 12
12 13
12 14
12 15
13 16
13 17
13 18
13 18
13 19
14 20
14 21
14 22
14 23
15 24
15 25
15 26
15 26
15 27
15 28
15 29
16 30
16 31
16 32
16 33
16 34
16 34
16 35
16 36
16 37
15 38
15 39
15 40
15 41
15 41
15 42
15 43
14 44
14 45
14 46
14 47
14 47
14 48
14 49
13 50
13 51
13 52
13 52
12 53
12 54
11 55
11 55
10 56
10 57
10 57
9 57
8 57
8 57
7 56
7 56
6 55
6 54
5 53
5 53
5 52
5 51
5 51
4 50
4 49
4 49
4 50
4 50
5 51
5 52
6 53
6 53
6 54
6 55
7 56
7 57
7 58
7 59
7 59
7 60
8 61
8 62
9 63
9 64
10 65
10 66
10 66
10 67
11 68
11 69
11 70
11 71
12 72
12 73
12 74
12 74
13 75
13 76
14 77
14 78
15 79
15 80
16 81
16 81
17 82
17 83
18 84
18 85
19 86
19 86
20 87
21 88
22 89
22 89
23 90
24 90
24 90
25 91
25 91
26 91
27 91
27 91
28 90
28 90
28 89
28 88
28 87
28 86
28 86
28 85
28 84
28 83
28 82
28 81
28 80
28 79
28 78
28 77
28 76
28 75
28 74
28 73
28 72
28 71
28 70
28 69
28 68
28 67
28 66
28 65
28 64
28 63
28 62
28 61
28 60
28 59
28 58
28 57
28 56
28 55
28 54
28 53
28 52
28 51
28 50
28 49
28 48
28 47
28 46
28 45
28 44
28 43
28 42
28 41
28 40
28 39
28 38
28 37
28 36
28 35
28 34
28 34
29 33
30 33
30 33
31 33
31 33
32 34
32 34
33 35
33 36
33 36
33 37
34 38
34 39
34 39
35 40
35 41
36 42
36 43
36 43
36 44
36 45
35 46
35 47
35 48
35 49
34 50
34 51
34 52
34 52
34 53
34 54
34 55
33 56
33 57
33 58
33 59
33 60
33 60
32 61
32 62
32 62
33 62
33 62
33 63
33 64
33 65
33 66
33 66
33 67
33 68
33 69
33 69
33 70
34 71
34 72
34 72
34 73
35 74
35 75
35 75
35 76
36 77
36 78
36 78
37 79
37 80
37 80
38 81
39 81
39 81
39 80
40 79
40 78
41 77
41 76
41 75
42 74
42 73
43 72
43 71
43 70
44 69
44 68
45 67
45 66
45 65
46 64
46 63
46 62
47 61
47 60
48 59
48 58
48 57
49 56
49 55
50 54
50 53
50 52
51 51
51 50
52 49
52 48
52 48
52 47
53 46
53 45
53 44
53 44
52 44
52 44
52 44
51 45
51 45
51 46
51 47
50 48
50 49
50 50
50 50
50 51
50 52
50 53
49 54
49 55
49 56
49 57
49 57
49 58
49 59
49 60
49 61
49 62
49 63
49 63
49 64
49 65
49 66
49 67
49 67
49 68
50 69
50 70
50 71
50 71
51 72
52 73
52 73
53 73
54 73
54 73
55 73
56 73
57 72
58 72
59 72
59 72
60 71
61 70
62 69
63 68
64 67
64 67
65 66
66 65
67 64
68 63
69 62
69 62
70 61
71 60
71 59
72 58
73 57
73 57
74 56
74 55
75 54
75 53
76 52
76 52
77 51
77 50
78 49
78 48
78 48
78 47
78 46
78 46
77 45
77 45
76 44
75 43
75 43
74 43
73 44
72 44
72 44
71 45
71 46
70 47
70 47
69 48
69 49
68 50
68 50
67 51
67 52
66 53
66 54
66 54
66 55
66 56
66 57
66 58
66 59
66 59
66 60
66 61
66 62
66 62
66 63
67 64
67 65
67 65
68 66
69 67
70 68
70 68
71 68
72 68
73 68
73 68
74 68
75 68
76 68
77 68
78 68
78 68
79 68
80 67
81 67
82 67
83 66
84 66
84 66
85 65
86 65
87 64
88 64
89 63
89 63
90 63
91 62
92 62
93 61
94 61
94 61
95 61
96 60
97 60
97 60
98 60
99 60
99 60
99 60
99 60
99 60
99 60
98 60
98 60
98 60
