3 4
3 3
3 2
3 1
3 0
3 0
3 0
3 0
3 1
3 2
3 2
3 3
3 4
3 4
3 5
3 6
3 7
3 8
3 8
3 9
3 10
3 11
3 12
3 13
3 14
3 14
3 15
3 16
3 17
3 18
3 19
3 20
3 21
3 22
3 22
3 23
3 24
3 25
3 26
3 27
3 28
3 29
3 30
3 31
3 32
3 32
3 33
3 34
3 35
3 36
2 37
2 38
2 39
2 40
2 41
2 41
2 42
2 43
2 44
2 45
2 46
2 47
2 48
2 49
2 50
2 50
2 51
2 52
2 53
2 54
2 55
2 56
2 57
2 58
2 59
2 60
2 61
2 61
2 62
2 63
2 64
2 65
1 66
1 67
1 68
1 69
1 70
1 70
1 71
1 72
1 73
1 74
2 75
2 76
2 77
2 78
2 79
2 79
2 80
2 81
2 82
2 83
2 84
2 85
2 86
2 87
2 87
2 88
2 89
2 90
2 91
2 92
2 92
2 93
3 94
3 95
3 96
3 96
3 97
3 98
3 99
3 99
3 99
3 98
3 98
3 97
3 96
3 95
3 94
3 93
3 92
3 91
3 90
3 89
3 88
3 87
3 86
3 85
3 84
3 83
2 82
2 81
2 80
2 79
2 78
2 77
2 76
2 75
2 74
2 73
2 72
2 71
2 70
2 69
2 68
2 67
2 67
2 66
2 65
2 64
1 63
1 62
1 61
1 60
1 59
1 58
1 57
1 56
0 55
0 54
0 53
0 52
0 52
0 51
0 50
0 49
0 48
0 47
0 46
0 45
0 45
0 44
0 43
0 42
0 41
0 41
0 40
0 39
0 38
0 38
0 37
1 36
1 35
1 35
2 34
2 33
2 33
3 32
3 31
4 30
4 30
5 29
6 28
6 28
7 27
8 26
8 26
9 26
10 25
11 25
11 25
12 25
13 25
13 25
14 26
15 27
15 27
15 28
16 29
16 30
16 30
16 31
17 32
17 33
17 33
17 34
17 35
17 36
17 37
17 38
17 38
17 39
17 40
17 41
17 42
17 43
17 43
17 44
17 45
17 46
16 47
16 48
16 49
16 50
16 50
16 51
16 52
15 53
15 54
15 55
15 56
15 56
15 57
14 58
14 59
13 60
13 61
13 61
13 62
13 63
12 64
12 65
12 66
12 66
11 67
11 68
10 69
10 69
9 70
9 71
9 71
8 71
8 71
8 71
8 71
8 71
8 72
8 73
8 73
8 74
9 75
9 76
9 76
9 77
10 78
10 79
10 80
10 80
11 81
11 82
12 83
12 83
13 84
13 85
13 85
14 86
15 87
15 87
16 88
17 89
17 89
18 90
19 90
19 90
20 91
21 91
21 91
22 92
23 92
23 92
24 92
24 92
25 93
26 93
26 93
26 92
26 91
27 90
27 89
27 88
27 87
28 86
28 85
28 84
28 83
28 82
29 81
29 80
29 79
29 78
30 77
30 76
30 75
30 74
30 73
31 72
31 71
31 70
31 69
31 68
32 67
32 66
32 65
32 64
33 63
33 62
33 61
33 61
34 62
34 63
34 63
34 62
34 62
34 63
34 63
34 64
34 65
34 65
34 66
34 67
34 68
34 68
34 69
34 70
34 71
34 71
34 72
34 73
34 74
34 75
34 76
34 76
34 77
34 78
34 79
34 80
34 81
34 81
34 82
34 83
34 84
34 85
34 86
34 86
34 87
34 88
34 89
34 90
34 90
34 91
34 92
34 93
34 93
34 94
34 95
34 96
34 96
34 97
34 97
34 96
34 95
34 94
34 93
34 92
34 91
34 90
34 89
34 88
34 87
34 86
34 85
34 84
34 83
34 82
34 81
34 80
34 79
34 78
34 77
34 76
34 75
34 74
34 73
34 72
34 71
34 70
34 69
34 68
34 67
34 66
33 65
33 64
33 63
33 62
33 61
33 60
33 59
33 58
33 57
33 56
33 55
33 54
33 53
33 52
33 51
33 50
33 49
33 48
33 47
33 46
33 45
33 44
33 43
33 42
33 41
33 40
33 39
33 38
33 37
33 36
33 35
33 34
33 33
33 33
33 32
33 31
33 30
33 29
33 29
33 28
33 27
33 27
33 27
34 28
34 29
34 29
34 30
34 30
34 31
34 31
35 32
35 33
35 33
35 34
35 35
35 35
36 36
37 36
38 37
39 38
40 39
41 39
42 40
43 41
44 41
45 42
46 43
47 43
48 44
49 45
50 46
51 46
52 47
52 47
52 46
51 45
51 44
51 43
51 43
51 42
51 42
50 41
50 40
50 40
50 41
50 41
50 42
50 42
50 43
49 44
49 45
49 45
49 46
48 47
48 48
48 49
48 49
48 50
48 51
48 52
48 53
48 54
48 55
48 55
48 56
48 57
48 58
47 59
47 60
47 61
47 62
47 62
47 63
47 64
47 65
47 66
47 67
47 68
47 69
47 69
47 70
47 71
47 72
47 73
47 74
47 75
47 75
47 76
47 77
47 78
47 79
47 80
47 81
47 81
47 82
47 83
48 84
48 85
48 86
48 86
49 87
49 88
49 88
50 89
51 89
51 89
52 89
53 89
54 89
54 89
55 88
56 88
57 87
57 87
58 86
59 85
59 84
60 83
60 83
61 82
62 81
62 80
63 79
63 79
63 78
64 77
64 76
65 75
65 74
65 74
65 73
66 72
66 71
67 70
67 69
67 69
67 68
68 67
68 66
68 65
69 64
69 63
69 63
69 62
70 61
70 60
70 60
70 59
70 58
70 57
70 57
69 56
69 55
69 55
68 54
68 54
67 54
67 54
66 54
66 54
65 55
65 55
65 56
65 57
65 57
65 58
65 59
65 60
65 60
65 61
65 62
65 63
65 63
65 64
65 65
65 66
65 66
65 67
66 68
66 69
66 70
66 70
66 71
66 72
66 73
66 74
66 74
67 75
67 76
68 77
68 77
69 78
69 79
70 80
70 80
71 80
72 80
73 80
74 80
74 80
75 80
76 79
77 79
78 78
79 78
79 78
80 77
81 77
82 76
83 76
84 75
85 75
85 75
86 74
87 73
88 72
89 72
90 71
91 70
91 70
92 69
93 69
94 68
95 67
96 67
97 66
98 66
99 65
