2 6
1 5
1 4
0 3
0 3
0 2
0 2
0 1
0 0
0 0
0 0
0 1
0 2
0 3
0 4
0 4
0 5
0 6
0 7
0 8
0 9
0 9
0 10
0 11
0 12
0 13
0 14
0 15
1 16
1 17
1 18
1 19
1 20
1 21
1 22
1 23
1 23
1 24
1 25
1 26
1 27
1 28
1 29
1 30
2 31
2 32
2 33
2 34
2 35
2 36
2 37
2 38
2 39
2 39
2 40
2 41
2 42
2 43
2 44
2 45
2 46
3 47
3 48
3 49
3 50
3 51
3 52
3 53
3 54
3 55
3 55
3 56
3 57
3 58
3 59
3 60
3 61
3 62
3 63
3 64
3 65
3 66
3 67
3 68
3 69
3 69
3 70
3 71
3 72
3 73
3 74
3 75
3 76
3 77
3 78
3 79
3 80
3 81
3 82
3 83
3 83
3 84
3 85
3 86
3 87
4 88
4 89
4 90
4 91
4 92
4 92
4 93
4 94
5 95
5 96
5 97
5 97
5 98
5 98
5 98
5 97
5 96
5 96
5 95
5 94
5 93
5 92
5 91
5 90
5 89
5 89
5 88
5 87
5 86
5 85
5 84
5 83
5 82
5 81
5 80
5 79
5 79
5 78
5 77
5 76
5 75
5 74
4 73
4 72
4 71
4 70
4 69
4 68
4 68
4 67
4 66
4 65
4 64
4 63
4 62
4 61
4 60
4 59
4 58
4 57
4 56
4 55
4 55
4 54
4 53
4 52
4 51
4 50
4 49
4 48
4 47
4 46
4 45
4 44
4 43
4 42
4 41
4 41
4 40
4 39
4 38
4 37
4 36
4 35
4 34
4 33
4 32
4 31
4 30
4 29
4 28
4 27
4 27
4 26
4 25
4 24
5 23
5 22
5 21
5 20
5 19
5 19
5 18
6 17
6 16
6 16
7 16
7 16
7 16
8 17
8 18
9 19
9 19
9 20
10 21
10 22
11 23
11 24
11 24
11 25
12 26
12 27
12 28
12 29
13 30
13 31
13 31
13 32
13 33
13 34
13 35
13 36
13 37
13 38
13 39
13 39
13 40
13 41
13 42
13 43
13 44
13 45
13 46
13 47
13 48
13 48
13 49
13 50
13 51
13 52
13 53
13 54
13 55
13 55
13 56
13 57
12 58
12 59
12 60
12 61
12 61
11 62
11 63
10 64
10 65
10 65
9 66
9 67
8 68
8 69
8 69
7 70
6 70
6 70
5 70
5 70
4 69
4 69
3 68
3 67
3 67
3 66
3 66
4 66
4 66
5 67
5 68
5 68
6 69
6 70
7 71
7 72
7 72
8 73
8 74
9 75
9 76
10 77
10 78
10 78
11 79
11 80
12 81
12 82
13 83
13 84
13 84
13 85
14 86
14 87
14 88
15 89
15 90
15 90
16 91
16 92
17 93
17 94
18 95
18 95
19 96
20 96
21 97
21 97
22 98
22 99
22 99
23 99
24 99
24 99
25 99
26 99
26 99
26 98
27 97
27 96
27 96
27 95
28 94
28 93
29 92
29 91
29 91
29 90
29 89
29 88
29 87
29 86
29 85
29 84
29 83
29 82
29 81
29 80
29 79
29 78
29 77
29 76
29 75
29 74
29 73
29 72
29 71
29 70
29 69
28 68
28 67
28 66
28 65
28 64
28 63
28 62
28 61
28 60
28 59
28 58
28 57
28 56
28 55
28 54
28 53
28 52
28 51
28 50
28 49
28 48
28 47
28 46
28 46
28 47
28 48
28 49
28 50
28 50
28 51
28 51
28 50
28 49
28 49
28 50
29 51
29 52
29 52
29 53
29 54
29 55
29 56
29 56
29 57
29 58
30 59
30 60
30 61
30 61
30 62
30 63
30 64
31 65
31 66
31 67
31 68
31 69
31 70
32 71
32 72
32 73
32 74
32 74
32 75
32 76
32 77
32 78
31 79
31 80
31 81
31 82
31 83
31 84
31 84
31 85
30 86
30 87
30 88
30 88
30 89
29 90
29 91
29 91
29 91
30 92
30 92
30 93
30 93
31 94
31 94
32 94
32 94
33 94
34 93
35 93
35 93
35 92
36 91
36 90
37 89
37 88
37 87
38 86
38 85
38 84
39 83
39 82
40 81
40 80
40 79
41 78
41 77
41 76
42 75
42 74
43 73
43 72
43 71
44 70
44 69
44 68
45 67
45 66
46 65
46 64
46 64
47 63
47 63
46 63
46 63
45 63
45 63
45 64
45 64
44 65
44 66
44 66
44 67
43 68
43 69
43 70
43 70
43 71
43 72
43 73
43 74
43 74
43 75
43 76
43 77
43 78
43 78
43 79
44 80
44 81
44 81
45 82
46 83
46 83
47 83
48 84
49 84
49 84
50 83
51 83
52 82
53 82
53 82
54 82
55 81
56 81
57 80
58 80
58 80
59 79
60 79
61 78
62 78
63 77
63 77
64 76
65 75
66 74
66 74
67 73
68 72
68 71
69 70
69 70
69 69
70 68
70 67
70 67
70 66
70 65
70 64
70 63
70 63
70 62
70 61
70 61
69 60
68 59
68 59
67 59
67 59
66 60
66 61
66 61
65 62
64 63
64 63
64 64
64 65
63 66
63 67
63 68
63 68
63 69
62 70
62 71
62 72
62 72
62 73
62 74
62 75
62 75
63 76
63 77
64 78
64 78
65 78
66 79
67 79
68 79
68 79
69 79
70 79
71 78
72 78
73 78
73 78
74 77
75 77
76 76
77 75
78 75
79 74
79 74
80 73
81 73
82 72
83 72
84 71
85 71
86 70
86 70
87 69
88 68
89 67
90 66
91 65
92 64
92 64
93 64
94 63
95 63
96 63
96 63
97 62
98 62
98 62
99 62
99 62
98 63
98 63
98 63
98 63
