1 3
1 2
2 1
2 0
2 0
2 0
2 1
2 2
2 2
2 3
2 4
2 5
2 6
2 6
2 7
2 8
1 9
1 10
1 11
1 12
1 12
1 13
1 14
1 15
1 16
1 17
1 18
1 19
1 20
1 21
1 21
1 22
1 23
1 24
1 25
1 26
1 27
1 28
1 29
1 30
1 31
1 31
1 32
1 33
1 34
1 35
1 36
1 37
1 38
1 39
1 40
1 41
1 42
1 43
1 43
1 44
1 45
1 46
1 47
1 48
1 49
1 50
1 51
1 52
1 53
1 54
1 54
1 55
1 56
1 57
1 58
1 59
0 60
0 61
0 62
0 63
0 64
0 65
0 65
0 66
0 67
0 68
0 69
0 70
0 71
0 72
0 73
0 74
0 74
0 75
0 76
0 77
0 78
0 79
0 80
0 81
0 82
0 83
0 83
0 84
0 85
0 86
0 87
0 88
0 89
0 90
0 91
0 91
0 92
0 93
0 94
0 95
0 96
0 96
0 97
0 98
0 99
0 99
0 99
0 98
0 98
0 97
0 96
0 95
0 95
0 94
0 93
0 92
0 91
0 90
0 89
0 88
0 88
0 87
0 86
0 85
0 84
0 83
0 82
0 81
0 80
0 79
0 78
0 78
0 77
0 76
0 75
0 74
0 73
0 72
0 71
0 70
0 69
0 69
0 68
0 67
0 66
0 65
0 64
0 63
0 62
0 61
0 60
0 59
0 59
0 58
0 57
0 56
0 55
0 54
0 53
0 52
0 51
0 50
0 49
0 48
0 48
0 47
0 46
0 45
0 44
1 43
1 42
1 41
1 40
1 39
1 39
1 38
2 37
2 36
2 35
2 34
3 33
3 32
3 31
3 31
3 30
3 29
3 28
4 27
4 26
4 25
4 24
4 24
4 23
5 22
5 21
5 20
5 19
6 18
6 17
6 17
7 16
7 15
8 14
8 13
9 12
9 12
9 11
10 10
10 9
11 8
11 7
11 7
12 6
13 5
13 5
14 5
15 5
15 5
16 6
17 6
17 6
17 7
18 8
18 9
18 9
18 10
18 11
19 12
19 13
19 14
19 14
19 15
19 16
19 17
19 18
19 19
19 20
19 20
19 21
19 22
19 23
19 24
19 25
19 26
19 27
19 27
19 28
19 29
19 30
19 31
19 32
19 33
19 34
19 34
19 35
19 36
19 37
18 38
18 39
18 40
18 41
18 41
18 42
18 43
18 44
17 45
17 46
17 47
17 48
17 48
17 49
17 50
16 51
16 52
16 53
16 54
16 54
16 55
15 56
15 57
14 58
14 59
14 59
13 60
13 61
12 62
12 62
11 62
11 62
10 61
10 61
9 60
9 59
9 59
8 58
8 57
8 57
8 56
8 55
8 55
8 55
8 55
8 56
8 57
8 57
8 58
9 59
9 60
9 60
9 61
10 62
10 63
10 63
10 64
11 65
11 66
11 66
12 67
12 68
13 69
13 69
14 70
14 71
15 72
15 73
15 73
16 74
16 75
17 76
17 76
18 77
18 78
19 79
19 79
20 80
20 81
21 82
21 83
21 83
22 84
23 85
24 86
24 86
25 87
26 88
26 88
27 89
28 90
28 90
29 91
30 92
30 92
31 91
31 91
31 90
31 89
32 88
32 87
32 86
32 85
33 84
33 83
33 82
33 81
34 80
34 79
34 78
34 77
35 76
35 75
35 74
35 73
36 72
36 71
36 70
36 69
37 68
37 67
37 66
37 65
38 64
38 63
38 62
38 61
39 60
39 59
39 58
39 58
40 57
40 57
40 56
40 56
40 56
41 57
41 58
41 58
41 59
41 60
41 61
41 61
41 62
41 63
41 64
41 64
41 65
41 66
41 67
41 68
41 68
41 69
41 70
41 71
41 72
41 72
41 73
41 74
41 75
41 76
41 77
41 77
41 78
41 79
41 80
41 81
41 81
41 82
41 83
41 84
41 85
41 85
41 86
41 87
41 88
41 88
41 89
41 90
41 90
41 89
41 88
41 87
41 86
41 85
41 84
41 83
41 82
41 81
41 80
41 79
41 78
41 77
41 76
41 75
41 74
41 73
41 72
40 71
40 70
40 69
40 68
40 67
40 66
40 65
40 64
40 63
40 62
40 61
40 60
40 59
40 58
40 57
40 56
40 55
40 54
40 53
40 52
40 51
40 50
40 49
40 48
40 47
40 46
40 45
40 44
40 43
40 42
40 41
40 40
40 39
40 38
40 37
40 36
39 35
39 34
39 33
39 32
39 31
39 30
39 29
39 28
39 27
39 26
39 25
39 24
39 23
39 22
39 21
39 20
39 19
39 18
39 17
39 17
39 16
39 15
40 14
40 13
40 12
40 11
40 11
40 10
40 9
40 9
40 10
40 10
40 11
40 12
40 13
40 14
40 14
40 15
40 16
40 17
40 17
40 18
40 19
40 20
40 20
40 21
40 22
40 23
40 23
40 24
41 25
41 26
41 26
41 27
41 28
41 28
42 29
43 30
44 30
45 31
46 32
47 33
48 33
49 34
50 35
51 36
52 36
53 37
54 38
54 38
54 37
54 36
54 35
55 34
55 33
55 32
55 31
55 30
55 30
54 29
54 29
54 30
54 30
54 31
54 32
54 32
54 33
54 34
54 35
54 36
54 36
54 37
54 38
53 39
53 40
53 41
53 41
53 42
53 43
53 44
53 45
53 46
53 47
53 48
53 48
53 49
53 50
53 51
52 52
52 53
52 54
52 55
52 56
52 56
52 57
52 58
52 59
52 60
52 61
52 62
52 63
52 64
52 64
52 65
52 66
52 67
52 68
52 69
52 70
52 70
52 71
52 72
53 73
53 74
53 75
53 75
53 76
54 77
54 78
54 79
54 79
55 80
55 81
56 82
56 83
56 83
56 84
57 85
57 86
57 86
58 86
59 87
60 87
60 87
61 87
62 87
62 87
63 86
64 86
65 85
65 85
66 84
67 83
68 82
68 82
68 81
69 80
69 79
70 78
70 77
70 77
70 76
71 75
71 74
72 73
72 72
72 72
72 71
73 70
73 69
73 68
73 67
74 66
74 65
74 65
74 64
74 63
74 62
75 61
75 60
75 59
75 58
75 58
75 57
75 56
75 55
75 54
75 53
75 52
75 51
75 51
75 50
75 49
75 48
75 47
75 46
75 46
75 45
75 44
75 43
75 43
74 42
74 41
74 41
73 41
73 41
73 42
73 42
72 43
72 43
72 44
72 45
72 46
72 46
72 47
72 48
72 49
72 50
72 51
72 51
72 52
72 53
72 54
72 55
72 56
72 56
72 57
72 58
73 59
73 60
73 61
73 61
73 62
74 63
74 64
74 65
74 65
75 66
76 67
77 68
77 68
78 69
79 69
80 70
80 70
81 70
82 70
83 69
84 69
85 69
85 69
86 69
87 68
88 68
89 68
90 67
91 67
91 67
92 66
93 66
94 65
95 65
96 64
97 64
98 63
99 63
