2 8
2 7
1 6
1 5
1 4
1 4
1 3
0 2
0 1
0 0
0 0
0 0
0 0
0 0
0 1
0 2
0 3
0 4
0 5
0 6
0 6
0 7
0 8
0 9
0 10
0 11
0 12
0 13
0 14
0 15
0 15
0 16
0 17
0 18
0 19
0 20
0 21
1 22
1 23
1 24
1 25
1 26
1 27
1 28
1 29
1 29
1 30
1 31
1 32
1 33
1 34
1 35
2 36
2 37
2 38
2 39
2 40
2 41
2 42
2 42
2 43
2 44
2 45
2 46
2 47
2 48
2 49
2 50
2 51
2 52
2 53
2 54
2 55
2 56
2 56
2 57
2 58
2 59
2 60
2 61
2 62
2 63
2 64
2 65
2 66
2 67
2 68
2 69
2 70
2 71
2 71
2 72
2 73
2 74
2 75
2 76
2 77
2 78
2 79
2 80
2 81
2 82
2 82
2 83
2 84
2 85
2 86
2 87
2 88
2 89
2 90
2 90
2 91
2 92
3 93
3 94
3 95
3 96
3 96
3 97
3 98
3 99
3 99
3 99
3 99
3 99
3 98
3 97
3 96
3 95
3 94
3 94
3 93
3 92
3 91
4 90
4 89
4 88
4 87
4 87
4 86
4 85
4 84
4 83
4 82
4 81
4 80
4 79
4 78
4 77
4 76
4 75
4 74
4 74
4 73
4 72
4 71
4 70
4 69
4 68
4 67
4 66
4 65
4 64
4 63
4 62
4 61
4 60
4 60
4 59
4 58
4 57
4 56
4 55
4 54
4 53
4 52
4 51
4 50
4 49
4 48
4 47
4 46
4 45
4 44
4 44
4 43
4 42
4 41
4 40
4 39
4 38
4 37
4 36
4 35
4 34
4 33
4 32
4 31
4 30
4 29
4 29
4 28
4 27
4 26
4 25
4 24
4 23
4 22
4 21
4 20
4 20
4 19
4 18
4 17
4 16
4 15
4 14
4 14
4 13
4 12
4 12
5 12
5 12
5 11
5 11
6 12
7 13
7 13
8 14
9 15
9 16
10 17
10 17
10 18
11 19
11 20
11 21
12 22
12 23
12 23
12 24
13 25
13 26
13 27
13 28
14 29
14 30
14 30
14 31
14 32
14 33
15 34
15 35
15 36
15 37
15 37
15 38
15 39
15 40
15 41
15 42
15 43
15 43
15 44
15 45
15 46
14 47
14 48
14 49
14 50
14 50
14 51
14 52
13 53
13 54
13 55
13 55
13 56
12 57
12 58
12 58
11 59
11 60
10 61
10 61
9 62
9 62
8 62
7 62
7 62
6 61
6 61
5 60
5 60
4 59
4 59
4 59
4 59
4 60
4 60
5 61
6 62
6 62
7 63
7 64
8 65
8 66
8 66
9 67
9 68
10 69
10 70
11 71
11 72
11 72
11 73
12 74
12 75
13 76
13 77
13 77
13 78
14 79
14 80
15 81
15 82
15 82
16 83
16 84
17 85
17 86
18 87
18 87
19 88
19 89
20 90
20 90
21 91
21 92
22 93
22 93
23 94
23 95
23 95
24 96
24 96
25 96
25 96
26 96
26 96
26 95
26 94
26 93
26 92
26 91
26 90
26 89
26 88
26 87
26 86
26 85
26 84
26 83
26 82
26 81
26 80
26 79
26 78
26 77
26 76
26 75
26 74
26 73
25 72
25 71
25 70
25 69
25 68
25 67
25 66
25 65
25 64
25 63
25 62
25 61
25 60
25 59
25 58
25 57
25 56
25 55
25 54
25 53
25 52
25 51
25 50
25 49
25 48
25 48
26 49
27 50
27 50
27 51
27 51
28 51
28 51
28 52
28 52
29 53
29 53
30 54
30 55
30 55
30 56
30 57
30 58
30 59
31 60
31 61
31 62
31 63
31 64
31 64
31 65
31 66
31 67
31 68
31 69
31 70
31 71
31 72
31 73
31 73
30 74
30 74
30 75
30 76
30 76
30 77
30 78
30 78
30 79
30 79
31 80
31 81
31 81
31 82
31 83
31 83
32 82
32 81
33 80
33 79
34 78
34 77
35 76
35 75
36 74
36 73
37 72
37 71
38 70
38 69
39 68
39 67
40 66
40 65
41 64
41 63
42 62
42 61
43 60
43 59
44 58
44 57
45 56
45 55
45 55
45 56
45 57
45 57
44 58
44 58
44 59
44 60
44 60
44 61
43 62
43 63
43 63
43 64
43 65
43 66
43 67
43 68
43 69
43 69
43 70
42 71
42 72
42 72
42 73
42 74
42 75
42 76
42 76
43 77
43 78
43 78
44 78
45 78
45 78
46 78
47 78
47 78
48 78
49 78
50 77
51 77
52 77
52 77
53 76
54 75
55 75
56 74
56 74
57 73
58 72
59 72
60 71
61 70
61 70
62 69
63 68
64 67
65 66
65 66
66 65
67 64
68 63
68 63
69 62
70 61
70 61
71 60
72 59
72 59
72 58
72 57
72 57
71 56
71 55
71 55
70 54
70 54
69 55
68 55
68 55
67 56
66 56
65 57
65 57
64 58
64 59
63 60
63 61
63 61
62 62
62 63
61 64
61 64
60 65
60 66
59 67
59 67
59 68
58 69
58 70
58 70
59 71
59 72
59 72
59 73
59 74
59 74
60 74
61 75
62 75
62 75
63 75
64 75
65 74
66 74
67 74
67 74
68 73
69 73
70 72
71 72
72 71
73 71
73 71
74 71
75 70
76 70
77 69
78 69
79 68
80 68
80 68
81 68
82 67
83 67
84 66
85 66
86 65
87 65
87 65
88 65
89 64
90 64
91 64
92 63
93 63
93 63
94 63
95 62
96 62
97 62
97 62
98 62
99 62
99 62
99 62
99 62
99 62
99 62
98 62
98 62
97 61
96 61
