6 20
6 19
6 18
6 18
6 17
6 16
6 16
6 16
7 16
7 16
8 16
8 16
9 15
9 15
10 15
10 15
10 16
10 16
10 17
9 18
9 19
8 20
8 21
7 22
7 23
6 24
6 25
6 26
5 27
5 28
4 29
4 30
3 31
3 32
3 32
2 33
2 34
2 34
1 34
1 34
1 34
2 34
2 34
3 33
3 33
4 33
5 33
5 33
6 33
7 33
7 33
8 34
9 34
9 34
10 35
11 36
11 36
11 37
12 38
12 39
12 39
12 40
13 41
13 42
13 43
13 43
13 44
13 45
13 46
13 46
12 47
12 48
12 48
12 49
11 50
11 51
11 51
10 52
10 53
10 53
9 54
9 54
8 55
7 56
7 56
6 57
5 58
5 58
4 58
3 58
3 58
2 58
2 58
1 57
0 57
0 57
0 56
0 55
0 55
0 54
0 53
0 52
0 52
0 51
0 50
0 49
0 48
0 48
1 47
2 46
2 46
3 45
4 44
4 44
5 43
6 43
7 42
7 42
8 42
9 41
10 41
10 41
11 41
12 41
13 41
13 41
14 41
15 41
16 41
16 41
17 41
18 41
19 41
19 41
20 41
21 41
21 41
22 42
23 42
23 42
24 42
24 42
25 42
25 42
25 42
26 42
26 42
27 41
27 41
27 40
27 39
27 39
27 38
28 37
28 36
28 35
28 35
28 34
29 33
29 32
29 31
29 31
29 30
29 29
30 28
30 27
30 26
30 25
30 25
30 24
31 23
31 22
31 22
31 21
31 20
31 20
31 20
31 21
31 21
31 22
31 22
31 23
31 24
31 25
31 25
31 26
31 27
31 27
31 28
31 29
31 29
31 30
31 31
31 32
31 32
31 33
31 33
31 34
31 34
31 34
31 34
31 33
31 33
31 32
32 31
32 30
32 29
32 29
32 28
33 27
33 26
34 25
34 24
34 24
34 23
34 22
35 21
35 20
35 19
35 18
35 18
35 17
35 16
35 15
36 14
36 13
36 12
36 11
36 11
36 10
37 9
37 8
38 7
38 6
38 6
38 5
39 4
39 3
39 3
39 2
39 2
39 3
39 3
39 4
39 5
39 5
39 6
40 7
40 8
40 9
40 9
40 10
40 11
40 12
40 13
40 14
40 15
40 16
40 17
40 17
40 18
40 19
40 20
40 21
41 22
41 23
41 24
41 25
41 26
41 27
41 27
41 28
41 29
41 30
41 31
41 32
41 33
41 34
41 35
41 36
41 37
41 38
41 39
41 40
41 40
41 41
41 42
41 43
41 44
41 45
41 46
41 47
41 48
41 49
41 50
41 51
41 52
41 52
41 53
41 54
41 55
41 56
41 57
41 58
41 59
41 60
41 61
41 62
41 62
41 63
41 64
41 65
41 66
41 67
41 68
41 69
41 69
41 70
41 71
40 72
40 73
40 74
40 75
40 75
40 74
41 73
41 72
42 71
42 70
42 69
43 68
43 67
44 66
44 65
45 64
45 63
45 62
46 61
46 60
47 59
47 58
47 57
48 56
48 55
49 54
49 53
50 52
50 51
50 50
51 49
51 48
52 47
52 46
52 45
53 44
53 43
54 42
54 41
54 40
55 39
55 38
56 37
56 36
57 35
57 34
57 33
58 32
58 31
59 30
59 29
59 28
60 27
60 26
61 25
61 24
61 23
62 22
62 21
63 20
63 19
64 18
64 17
64 16
65 15
65 14
66 13
66 12
66 11
67 10
67 9
68 8
68 7
69 6
69 5
69 4
70 3
70 2
71 1
71 0
71 0
70 1
70 2
70 2
69 3
69 4
69 4
68 5
68 5
67 6
67 7
66 8
66 9
66 9
65 10
65 11
64 12
64 13
64 13
64 14
63 15
63 16
62 17
62 18
62 18
62 19
61 20
61 21
61 21
60 22
59 23
59 23
59 24
59 25
59 25
59 25
59 24
60 23
60 22
61 21
61 20
62 19
62 18
63 17
63 16
63 16
64 17
65 17
65 17
65 18
65 19
65 19
65 20
65 21
65 22
65 22
65 23
65 24
66 25
66 26
66 27
66 27
66 28
66 29
66 30
66 31
66 31
66 32
66 33
66 34
66 35
66 35
66 36
67 37
67 38
67 38
67 39
67 40
67 40
67 41
67 41
68 42
68 42
68 41
69 40
69 39
70 38
70 37
71 36
71 35
72 34
72 33
73 32
73 31
73 30
74 29
74 28
75 27
75 26
76 25
76 24
77 23
77 22
77 21
78 20
78 19
79 18
79 17
80 16
80 15
81 14
81 13
82 12
82 11
82 11
83 11
84 10
85 10
85 10
85 10
84 11
84 12
84 12
84 13
84 14
83 15
83 16
83 17
83 17
82 18
82 19
81 20
81 20
81 21
80 22
80 23
80 23
79 24
79 25
78 26
78 26
77 27
77 28
76 29
76 29
75 30
75 30
74 30
73 30
73 30
72 30
72 30
72 29
72 28
72 27
71 26
71 25
71 24
71 23
71 22
71 21
70 20
70 19
70 18
70 17
70 17
71 16
72 15
72 15
73 16
74 16
74 16
75 16
76 16
76 16
77 17
78 18
78 18
79 19
80 19
81 20
81 20
82 21
83 21
84 22
84 22
85 22
86 23
87 23
87 23
88 23
89 24
90 24
90 24
91 25
92 25
92 25
93 25
94 25
94 25
95 24
96 24
96 24
97 24
97 24
98 24
98 24
99 24
99 24
98 24
97 25
96 25
95 26
94 26
93 27
92 27
91 28
90 28
89 29
88 29
87 30
86 30
85 31
84 31
83 32
82 32
81 33
80 33
79 34
78 34
77 35
76 35
75 36
74 36
73 37
72 37
71 38
70 38
69 39
68 39
67 40
66 40
65 41
64 41
64 41
63 42
62 43
61 44
60 44
59 45
58 46
57 47
57 47
56 48
55 48
55 48
54 47
54 47
55 47
55 47
56 47
57 47
58 47
58 47
59 47
60 46
61 46
61 46
62 46
63 45
64 45
65 45
65 45
66 45
67 44
68 44
69 44
69 44
70 44
71 43
72 43
73 43
73 43
74 43
75 42
76 42
76 42
77 42
78 41
79 41
79 41
80 40
81 40
81 40
82 40
83 40
83 40
82 39
81 38
80 37
79 36
79 35
78 34
77 33
76 32
75 31
75 31
74 32
74 33
73 34
73 35
73 35
72 36
72 37
72 37
72 38
72 39
71 40
71 41
71 42
71 42
71 43
71 44
71 45
71 46
71 47
71 48
71 49
71 50
71 51
71 51
71 52
71 53
71 54
71 55
72 56
72 57
72 58
72 59
72 60
72 61
72 61
72 62
72 63
72 64
72 65
73 66
73 67
73 68
73 69
73 70
73 71
73 71
73 72
73 73
73 74
73 75
74 76
74 77
74 78
74 79
74 80
74 80
74 81
74 82
75 83
75 84
75 85
75 86
75 86
75 87
75 88
76 89
76 90
76 91
76 91
76 92
77 93
77 94
77 95
77 95
77 96
77 97
77 97
76 98
76 98
76 99
