5 13
6 13
7 13
7 13
7 12
7 11
7 11
7 10
7 9
7 9
8 10
8 10
9 10
9 10
10 11
10 11
11 12
11 12
12 13
12 13
12 14
12 14
11 15
11 16
10 17
10 18
9 19
9 20
8 21
8 22
7 23
6 24
6 25
5 26
5 27
4 28
4 29
3 30
3 31
2 32
2 32
1 33
1 34
0 35
0 36
0 36
0 36
0 36
0 36
1 35
1 35
2 34
3 34
3 34
4 33
5 33
6 32
6 32
7 32
8 32
8 32
9 32
10 32
11 32
11 32
12 33
13 33
13 33
14 34
15 35
15 35
16 36
16 37
17 38
17 39
17 39
17 40
17 41
17 42
17 43
17 43
17 44
17 45
17 46
17 47
17 48
17 48
17 49
17 50
16 51
16 52
16 53
16 53
16 54
15 55
15 56
15 57
15 57
15 58
14 59
14 60
14 60
13 61
13 62
12 63
12 63
11 64
10 65
10 65
9 66
8 67
8 67
7 68
6 68
5 69
5 69
4 69
4 69
3 69
2 69
2 69
1 68
1 67
1 67
1 66
1 65
1 65
1 64
1 63
1 62
1 62
1 61
2 60
2 59
2 59
3 58
3 57
4 56
4 56
5 55
6 55
6 55
7 55
8 54
9 54
9 54
10 54
11 54
12 54
13 54
13 54
14 54
15 54
16 54
17 54
17 54
18 54
19 55
20 55
21 55
21 55
22 55
23 56
24 56
24 56
25 56
26 57
27 57
27 57
28 58
28 58
29 58
30 58
30 58
31 59
31 59
31 58
31 58
32 58
32 58
32 57
32 56
32 55
32 55
32 54
32 53
32 52
33 51
33 50
33 49
33 48
33 47
33 46
33 45
33 44
34 43
34 42
34 41
34 40
34 40
34 39
34 38
34 37
35 36
35 35
35 34
35 33
35 32
35 31
36 30
36 29
36 28
36 27
36 27
36 26
36 25
36 24
36 24
36 23
36 22
36 22
36 22
36 23
36 23
36 24
36 25
36 25
36 26
37 27
37 28
37 28
37 29
36 30
36 31
36 32
36 32
36 33
36 34
36 35
36 36
36 37
36 37
36 38
36 39
36 40
36 41
36 42
36 42
36 43
36 44
36 45
36 45
36 46
36 47
36 47
36 47
37 47
37 47
38 46
38 45
38 45
38 44
39 43
39 42
39 42
39 41
40 40
40 39
40 38
40 37
41 36
41 35
41 34
41 33
42 32
42 31
42 31
42 30
42 29
42 28
43 27
43 26
43 25
43 24
43 23
43 22
43 21
44 20
44 19
44 18
44 17
44 17
44 16
44 15
45 14
45 13
45 12
45 12
45 11
45 10
45 10
45 9
45 9
45 9
46 10
46 10
46 11
46 12
46 12
46 13
46 14
46 15
46 16
46 17
46 18
46 18
46 19
46 20
46 21
45 22
45 23
45 24
45 25
45 26
45 26
45 27
45 28
45 29
45 30
45 31
44 32
44 33
44 34
44 35
44 36
44 37
44 37
44 38
44 39
44 40
44 41
44 42
43 43
43 44
43 45
43 46
43 47
43 48
43 48
43 49
43 50
43 51
43 52
43 53
43 54
43 55
43 56
43 57
43 58
43 59
43 60
43 61
43 61
43 62
43 63
43 64
43 65
43 66
43 67
43 68
43 69
43 70
43 71
43 71
43 72
43 73
43 74
44 75
44 76
44 77
44 78
44 78
44 79
44 80
44 81
44 82
44 83
44 83
44 84
44 85
44 86
44 87
44 88
44 88
44 89
44 90
44 90
44 91
44 92
44 92
45 92
45 92
45 91
46 90
46 89
46 88
47 87
47 86
47 85
48 84
48 83
48 82
49 81
49 80
49 79
50 78
50 77
50 76
50 75
51 74
51 73
51 72
52 71
52 70
52 69
53 68
53 67
53 66
54 65
54 64
54 63
55 62
55 61
55 60
56 59
56 58
56 57
57 56
57 55
57 54
58 53
58 52
58 51
59 50
59 49
59 48
60 47
60 46
60 45
60 44
61 43
61 42
61 41
62 40
62 39
62 38
63 37
63 36
63 35
64 34
64 33
64 32
65 31
65 30
65 29
66 28
66 27
66 26
67 25
67 24
67 23
68 22
68 21
68 20
69 19
69 18
69 17
69 16
70 15
70 14
70 13
71 12
71 11
71 10
72 9
72 8
72 7
73 6
73 5
73 4
74 3
74 2
74 2
75 2
76 2
76 2
75 1
75 0
75 0
75 0
75 1
75 1
75 2
74 3
74 4
74 4
73 5
73 6
72 7
72 7
72 8
71 9
71 10
70 11
70 12
70 12
70 13
69 14
69 15
68 16
68 17
68 17
68 18
67 19
67 20
66 21
66 22
66 22
65 23
65 24
64 25
64 26
64 26
63 27
63 28
63 28
62 29
62 30
62 30
62 31
62 31
62 32
62 32
63 32
63 32
63 31
63 31
64 30
64 29
64 29
65 28
65 27
66 26
66 26
66 25
67 24
67 23
67 23
68 22
68 22
69 22
69 22
69 23
69 23
70 24
70 25
70 25
70 26
70 27
70 27
70 28
70 29
70 30
70 30
70 31
70 32
70 33
70 34
70 34
70 35
70 36
70 36
70 37
70 37
71 38
71 38
72 37
72 37
73 36
73 36
74 35
74 34
75 33
75 32
76 31
76 30
77 29
77 28
78 27
78 26
79 25
79 24
80 23
80 22
81 21
81 20
82 19
82 19
83 18
83 17
84 16
84 15
85 14
85 13
86 12
86 12
87 11
88 11
88 11
88 11
88 12
88 13
88 13
88 14
87 15
87 16
87 16
87 17
87 18
87 19
87 20
87 20
87 21
86 22
86 23
86 24
86 24
85 25
85 26
85 26
84 27
83 28
83 28
82 29
82 29
81 29
81 29
81 28
81 27
81 26
80 25
80 24
80 23
80 22
80 21
80 20
80 19
80 18
79 17
79 16
79 15
79 14
79 14
80 13
81 13
81 13
81 13
81 14
81 14
82 15
82 16
82 16
82 17
83 18
83 19
83 20
83 20
83 21
84 22
84 23
84 23
85 24
86 25
86 25
87 26
88 26
88 26
89 27
90 27
90 27
91 27
92 27
92 27
93 28
94 28
94 28
95 27
96 27
96 27
97 27
97 27
98 27
98 27
99 27
99 27
98 28
97 29
96 30
95 31
94 31
93 32
92 33
91 34
90 35
89 36
88 37
87 38
86 39
85 40
84 40
83 41
82 42
81 43
80 44
79 45
78 46
77 47
76 48
75 48
74 49
73 50
72 51
71 52
71 52
70 53
69 54
68 55
68 56
67 57
66 58
66 58
65 58
65 58
64 58
64 58
64 58
65 58
66 58
67 58
67 58
68 58
69 57
70 57
70 57
71 56
72 56
73 55
74 55
74 55
75 54
76 54
77 53
78 53
78 53
79 53
80 52
81 52
82 52
82 52
83 52
84 51
85 51
85 51
86 51
87 50
88 50
88 50
89 49
89 49
88 48
87 47
86 46
85 45
84 44
83 43
82 42
81 41
81 41
80 40
79 39
79 39
78 40
78 40
77 41
77 42
77 42
77 43
77 44
77 45
77 46
77 46
77 47
77 48
76 49
76 50
76 51
76 52
76 52
76 53
76 54
76 55
76 56
76 57
76 58
76 58
76 59
76 60
76 61
77 62
77 63
77 64
77 65
77 65
77 66
77 67
77 68
77 69
77 70
77 71
77 72
77 73
77 73
77 74
77 75
77 76
78 77
78 78
78 79
78 80
78 80
78 81
78 82
78 83
78 84
78 85
78 86
78 87
78 87
78 88
78 89
79 90
79 91
79 92
79 92
79 93
79 94
79 95
79 96
79 96
79 97
79 98
79 98
79 99
