4 15
5 16
6 16
6 16
5 15
5 14
5 14
6 13
6 12
6 12
6 12
7 12
8 12
8 12
9 13
9 14
9 14
10 15
11 16
11 16
12 17
12 17
12 18
11 19
11 20
10 21
10 22
9 23
9 24
8 25
8 26
7 27
7 28
7 29
6 30
6 31
5 32
5 33
4 34
4 35
3 36
3 37
2 38
2 39
2 39
1 40
1 41
0 42
0 42
0 41
0 41
0 40
0 40
1 39
1 38
1 38
2 37
3 37
4 36
4 36
5 36
6 35
7 35
7 35
8 35
9 34
10 34
11 34
11 34
12 34
13 34
13 34
14 35
15 36
15 36
16 37
16 38
17 39
17 39
17 40
18 41
18 42
18 43
18 43
18 44
18 45
18 46
18 47
18 48
18 48
18 49
18 50
18 51
18 52
18 53
18 53
18 54
18 55
18 56
18 57
18 57
17 58
17 59
16 60
16 61
16 61
15 62
15 63
14 64
14 64
13 65
12 66
12 66
11 67
11 68
10 69
10 69
9 69
8 70
7 70
7 70
6 70
5 71
4 71
4 71
3 70
3 70
2 69
2 68
1 67
1 67
1 66
1 65
1 64
1 63
1 63
1 62
1 61
1 60
1 59
1 59
1 58
2 57
2 56
2 56
3 55
4 54
5 53
5 53
6 53
7 52
8 52
8 52
9 52
10 51
11 51
11 51
12 51
13 51
14 51
15 51
15 51
16 51
17 52
18 52
19 52
19 52
20 52
21 53
22 53
22 53
23 54
24 54
25 55
25 55
26 55
27 56
28 56
28 56
29 57
29 57
30 57
30 57
31 57
31 57
31 56
31 55
31 55
32 54
32 53
32 53
32 52
32 51
32 50
32 50
32 49
32 48
33 47
33 46
33 45
33 44
33 44
33 43
33 42
33 41
33 40
33 39
33 38
33 38
33 37
33 36
33 35
33 34
33 33
33 32
33 31
33 31
33 30
34 29
34 28
34 27
34 27
34 26
34 25
34 25
34 24
34 24
34 25
34 25
34 26
34 26
35 27
35 28
35 28
35 29
35 30
35 31
35 31
35 32
36 33
36 34
36 35
36 35
36 36
36 37
36 38
36 39
36 39
36 40
36 40
37 41
37 41
37 41
38 40
38 40
39 39
39 38
39 38
39 37
40 36
40 35
40 35
40 34
40 33
41 32
41 31
41 30
41 30
41 29
41 28
41 27
42 26
42 25
42 24
42 23
42 23
42 22
43 21
43 20
43 19
43 18
44 17
44 16
44 16
44 15
44 14
44 13
45 12
45 11
45 10
45 9
45 9
45 8
45 7
45 6
45 5
45 4
45 4
45 3
46 2
46 1
46 1
46 0
46 0
46 1
46 1
46 2
46 2
46 3
46 4
46 5
46 6
46 6
46 7
46 8
46 9
46 10
46 11
46 12
46 12
46 13
46 14
46 15
46 16
46 17
45 18
45 19
45 20
45 21
45 22
45 23
45 24
45 24
45 25
45 26
45 27
45 28
45 29
45 30
44 31
44 32
44 33
44 34
44 35
44 36
44 37
44 38
44 38
44 39
44 40
44 41
44 42
44 43
44 44
44 45
43 46
43 47
43 48
43 49
43 50
43 51
43 52
43 53
43 53
43 54
43 55
43 56
43 57
43 58
43 59
43 60
43 61
43 62
43 63
43 64
43 65
43 65
43 66
43 67
43 68
43 69
43 70
43 71
43 72
43 73
43 74
43 75
43 75
43 76
43 77
43 78
44 79
44 80
44 81
44 82
44 82
44 83
44 84
44 85
44 86
44 87
44 88
44 88
44 89
44 90
44 91
44 92
44 93
44 93
44 94
44 95
44 96
44 97
44 98
44 98
45 99
45 99
45 99
45 98
46 97
46 96
46 95
46 94
47 93
47 92
47 91
48 90
48 89
48 88
49 87
49 86
49 85
49 84
50 83
50 82
50 81
51 80
51 79
51 78
52 77
52 76
52 75
52 74
53 73
53 72
53 71
54 70
54 69
54 68
54 67
55 66
55 65
55 64
56 63
56 62
56 61
57 60
57 59
57 58
57 57
58 56
58 55
58 54
59 53
59 52
59 51
60 50
60 49
60 48
60 47
61 46
61 45
61 44
62 43
62 42
62 41
62 40
63 39
63 38
63 37
64 36
64 35
64 34
65 33
65 32
65 31
65 30
66 29
66 28
66 27
67 26
67 25
67 24
67 23
68 22
68 21
68 20
69 19
69 18
69 17
70 16
70 15
70 14
70 13
71 12
71 11
71 10
72 9
72 8
72 7
73 6
73 5
73 4
73 3
74 2
74 1
74 1
74 2
74 2
73 2
72 2
72 2
72 1
72 1
72 2
71 3
71 4
71 4
71 5
70 6
70 7
70 8
69 9
69 10
69 10
69 11
68 12
68 13
67 14
67 15
67 16
66 17
66 18
66 18
66 19
65 20
65 21
64 22
64 23
64 24
63 25
63 26
63 26
63 27
62 28
62 29
62 30
61 31
61 32
61 32
61 33
61 34
60 35
60 36
60 37
60 37
59 38
59 39
59 39
59 40
59 40
59 40
59 40
59 39
60 38
60 37
61 36
61 35
61 34
62 33
62 32
62 32
62 31
63 30
63 29
64 28
64 27
65 26
65 25
65 25
66 24
66 24
66 25
66 25
67 26
67 27
67 27
67 28
67 29
67 30
67 31
67 31
67 32
67 33
67 34
67 35
67 35
67 36
67 37
67 38
67 39
67 40
67 40
67 41
67 42
67 43
67 43
67 44
67 45
67 45
67 46
67 46
67 46
68 45
68 45
68 44
69 43
69 42
70 41
70 40
71 39
71 38
72 37
72 36
73 35
73 34
74 33
74 32
75 31
75 30
76 29
76 28
76 27
77 26
77 25
78 24
78 23
79 22
79 21
80 20
80 19
81 18
81 17
82 16
82 15
83 14
83 13
83 13
84 12
85 11
86 10
87 9
88 8
88 8
88 7
88 7
88 7
88 8
87 9
87 10
87 10
87 11
86 12
86 13
86 14
86 14
86 15
85 16
85 17
84 18
84 19
84 19
83 20
83 21
82 22
82 23
82 23
82 24
81 25
81 26
81 27
80 28
80 29
80 29
79 30
78 31
78 31
77 32
77 33
77 33
76 34
76 34
76 34
76 33
76 32
76 31
76 30
76 29
76 28
76 27
76 26
76 25
76 24
76 23
76 22
76 21
76 20
76 19
76 18
76 17
76 16
76 16
76 15
77 14
77 13
77 12
77 12
77 12
77 12
78 13
78 14
78 14
78 15
78 16
78 17
78 18
78 18
78 19
78 20
79 21
79 22
79 23
79 23
79 24
80 25
80 26
80 27
80 27
80 28
81 29
81 30
81 30
81 31
82 32
82 33
82 33
83 34
84 34
84 34
85 35
86 36
86 36
87 36
88 36
88 36
89 36
90 36
90 36
91 36
92 35
93 35
93 35
94 34
95 34
96 33
96 33
97 32
97 32
98 31
98 31
99 31
99 31
98 31
98 31
97 32
96 33
95 34
94 35
93 36
92 37
91 38
90 39
89 40
88 41
87 42
86 43
85 44
84 45
83 45
82 46
81 47
80 48
79 49
78 50
77 51
76 52
75 53
74 54
73 55
72 56
71 57
70 58
69 59
69 59
68 60
68 61
67 62
66 63
66 64
65 65
65 65
64 65
63 65
63 65
62 66
62 66
63 67
63 67
64 67
65 67
65 67
66 67
67 66
68 66
68 66
69 66
70 65
71 65
71 65
72 64
73 64
74 63
75 63
75 63
76 63
77 62
78 62
79 62
79 62
80 61
81 61
82 60
83 60
83 60
84 59
85 59
85 59
86 58
87 58
87 58
88 57
89 57
89 57
89 56
89 56
89 56
88 55
88 55
87 54
86 54
86 54
85 53
84 53
84 53
83 52
82 51
82 51
81 50
80 49
80 49
79 48
79 48
78 47
78 47
78 48
78 48
78 49
78 49
78 50
78 51
78 52
78 53
78 53
78 54
78 55
77 56
77 57
77 58
77 59
77 59
77 60
77 61
77 62
77 63
77 64
77 65
77 66
77 67
77 67
77 68
77 69
77 70
77 71
77 72
77 73
77 74
77 74
77 75
77 76
77 77
77 78
77 79
77 80
77 81
77 81
77 82
77 83
78 84
78 85
78 86
78 87
78 87
78 88
78 89
78 90
78 91
78 92
78 92
78 93
79 94
79 95
79 96
79 96
79 97
79 98
