3 15
4 14
4 14
4 13
4 13
4 13
5 13
5 13
6 13
6 13
6 14
6 14
7 15
7 15
8 16
8 16
9 17
9 17
10 18
10 19
10 19
10 20
10 21
10 21
10 22
10 23
10 24
10 24
9 25
9 26
9 26
9 27
8 28
8 29
8 29
7 30
7 31
7 31
6 32
6 33
6 33
5 34
4 35
4 35
3 36
3 37
3 37
2 38
2 39
2 39
1 40
1 40
0 40
0 40
0 40
0 40
0 40
0 40
0 39
0 39
1 38
1 38
2 37
3 37
3 37
4 36
4 36
5 35
5 35
6 35
7 35
7 35
8 35
9 35
9 35
10 35
11 35
11 35
12 35
12 35
13 36
14 37
14 37
15 38
15 38
16 39
16 40
16 40
16 41
16 42
16 42
16 43
16 43
16 44
16 45
16 46
16 46
15 47
15 48
15 48
14 49
14 50
14 50
14 51
13 52
13 53
13 53
12 54
11 55
11 55
10 56
9 56
9 56
8 57
7 57
7 57
6 58
6 58
5 58
4 58
4 58
3 58
3 58
2 57
2 57
1 56
1 56
1 55
1 55
1 54
1 54
1 53
1 53
2 52
2 52
3 51
3 51
4 51
4 51
5 51
6 51
6 51
7 51
8 51
8 51
9 51
10 51
10 51
11 51
12 51
13 51
13 51
14 51
15 51
15 51
16 51
17 50
18 50
18 50
19 50
20 50
20 50
21 50
22 50
23 50
23 50
24 50
25 50
25 50
26 49
26 49
27 48
28 48
28 48
29 47
30 47
30 47
31 46
31 46
32 45
32 44
32 44
33 43
33 42
33 42
33 41
33 40
33 39
33 38
33 37
34 36
34 35
34 34
34 33
34 32
34 31
34 31
33 30
33 29
33 29
33 28
33 28
33 28
33 28
33 28
33 29
33 29
33 30
33 31
33 31
33 32
33 33
33 33
33 34
34 35
34 36
34 36
34 37
34 38
34 38
35 39
35 40
35 40
36 41
36 42
36 42
36 43
36 43
36 43
36 42
36 41
37 40
37 39
37 38
37 37
37 36
37 35
38 34
38 33
38 32
38 31
38 30
39 29
39 28
39 27
39 26
39 25
40 24
40 23
40 22
40 21
40 20
40 19
41 18
41 17
41 16
41 15
41 14
42 13
42 12
42 11
42 10
42 9
42 8
43 7
43 6
43 5
43 5
43 4
44 3
44 2
44 2
44 1
44 1
44 0
44 0
44 0
44 1
44 1
44 2
44 2
44 3
44 3
44 4
44 5
44 5
45 6
45 7
45 7
45 8
45 9
45 10
45 10
45 11
45 12
45 13
45 13
45 14
46 15
46 16
46 17
46 17
46 18
46 19
46 20
46 21
46 22
46 22
46 23
46 24
46 25
46 26
46 27
46 27
46 28
46 29
46 30
47 31
47 32
47 33
47 34
47 34
47 35
47 36
47 37
47 38
47 39
47 40
47 40
47 41
47 42
47 43
48 44
48 45
48 46
48 47
48 47
48 48
48 49
48 50
49 51
49 52
49 53
49 54
49 54
49 55
49 56
49 57
49 58
49 59
49 60
49 60
49 61
49 62
50 63
50 64
50 65
50 66
50 66
50 67
51 68
51 69
51 69
51 70
52 71
52 72
52 72
52 73
53 74
53 75
53 75
53 76
53 77
53 77
54 78
54 78
54 78
54 77
54 77
54 76
54 75
54 74
54 74
54 73
54 72
55 71
55 70
55 69
55 68
56 67
56 66
56 65
56 64
56 63
57 62
57 61
57 60
57 59
58 58
58 57
58 56
58 55
58 54
59 53
59 52
59 51
59 50
59 49
60 48
60 47
60 46
60 45
61 44
61 43
61 42
61 41
61 40
62 39
62 38
62 37
62 36
63 35
63 34
63 33
63 32
63 31
64 30
64 29
64 28
64 27
65 26
65 25
65 24
65 23
65 22
66 21
66 20
66 19
66 18
66 17
67 16
67 15
67 14
67 13
68 12
68 11
68 10
68 10
68 9
68 9
69 8
69 8
69 8
69 8
68 8
68 8
68 9
68 9
68 10
68 10
67 11
67 12
67 12
66 13
66 14
66 14
66 15
65 16
65 17
65 17
64 18
64 19
63 20
63 20
62 21
62 22
62 22
61 23
61 24
61 24
60 25
60 25
60 26
60 26
60 26
60 26
60 25
60 25
61 24
61 24
62 23
62 22
62 22
63 21
63 20
63 20
63 19
63 19
64 18
64 18
65 18
65 18
65 18
66 19
66 19
66 20
66 21
66 21
67 22
67 22
67 23
67 24
67 25
67 25
67 26
67 27
67 27
67 28
67 29
67 29
68 30
68 31
68 31
68 32
68 32
68 33
68 33
69 33
69 33
69 32
70 31
70 30
71 29
71 28
72 27
72 26
73 25
73 24
74 23
74 22
75 21
75 20
76 19
76 18
77 17
77 16
78 15
78 14
79 13
79 12
80 11
80 10
80 10
81 9
82 8
83 7
83 7
83 7
83 6
83 6
83 6
83 7
83 7
83 8
83 9
83 9
82 10
82 10
81 11
80 12
80 12
80 13
79 14
79 15
79 15
78 16
77 16
77 16
76 17
76 18
76 18
75 19
74 19
74 19
73 20
73 20
72 20
72 20
71 20
70 20
70 20
70 19
70 19
69 18
69 18
69 18
68 17
68 17
69 17
69 17
69 17
70 17
70 17
71 17
71 17
72 17
73 17
73 17
74 18
75 18
75 18
76 19
77 19
77 19
78 19
79 20
80 20
80 20
81 20
82 21
83 21
83 21
84 21
85 21
86 21
86 21
87 20
88 20
88 20
89 20
90 20
91 20
91 20
92 19
93 19
93 19
94 19
95 19
95 19
96 18
96 18
97 18
97 18
96 19
95 20
94 21
93 22
92 22
91 23
90 24
89 25
88 26
87 27
86 28
85 29
84 29
83 30
82 31
81 32
80 33
79 34
78 35
77 36
76 36
75 37
74 38
73 39
73 39
72 40
71 41
71 42
70 43
69 44
69 44
68 45
68 46
68 46
67 47
67 47
66 48
66 49
66 49
66 50
66 50
66 51
66 51
67 51
67 51
68 51
69 51
69 51
70 51
71 51
71 51
72 50
73 50
74 49
74 49
75 48
76 48
77 47
78 47
78 47
79 46
80 46
81 45
81 45
82 44
83 44
84 43
85 43
85 43
86 42
87 42
88 41
89 41
89 41
90 40
91 40
91 40
92 39
93 39
94 38
94 38
95 37
96 37
96 37
97 36
98 35
98 35
98 34
98 34
99 33
99 33
98 32
98 32
97 32
96 32
95 32
94 32
93 31
92 31
91 31
90 31
89 31
88 31
88 31
87 31
86 31
86 31
85 31
84 31
84 31
83 31
83 31
83 32
83 32
83 32
83 33
83 33
83 34
83 35
83 35
83 36
83 37
83 38
83 38
83 39
83 40
83 41
83 42
83 42
83 43
83 44
83 45
83 46
83 47
83 47
83 48
83 49
83 50
83 51
83 52
83 53
83 53
83 54
83 55
83 56
83 57
83 58
83 59
83 60
83 61
83 61
83 62
83 63
83 64
83 65
83 66
83 67
83 68
83 69
83 69
83 70
83 71
83 72
83 73
83 74
83 75
83 76
83 76
83 77
83 78
83 79
83 80
83 81
83 82
83 83
83 83
83 84
83 85
84 86
84 87
84 88
84 89
84 89
84 90
84 91
84 92
84 93
84 93
84 94
85 95
85 96
85 96
85 97
85 98
85 99
