0 8
0 7
1 6
1 5
1 5
1 4
1 4
1 3
1 3
1 3
2 3
2 3
3 4
3 4
4 5
4 5
5 6
5 6
6 7
6 8
6 8
7 9
7 10
7 10
8 11
8 11
8 12
8 13
8 13
9 14
9 14
9 15
9 16
9 16
9 17
9 18
9 18
8 19
8 19
7 20
7 21
7 21
6 22
6 22
5 22
5 22
4 23
4 23
3 24
3 24
2 24
2 24
2 24
2 24
2 24
2 24
3 24
3 24
4 23
4 23
5 23
5 23
6 23
7 23
7 23
8 24
8 24
9 25
10 25
10 25
11 26
11 27
11 27
11 28
11 29
11 30
11 30
12 31
12 32
12 32
12 33
11 34
11 35
11 35
11 36
11 37
11 38
11 38
11 39
10 40
10 41
10 42
10 42
9 43
8 44
8 44
7 45
7 46
7 46
6 47
5 48
5 48
4 48
4 48
3 47
2 47
2 47
1 46
1 46
0 45
0 44
0 44
0 43
0 42
0 42
0 42
1 41
1 41
2 41
2 41
3 41
3 41
4 42
5 42
5 42
6 43
7 43
8 44
8 44
9 45
10 45
10 45
11 46
12 46
13 47
13 47
14 48
15 48
15 48
16 48
17 49
18 49
18 49
19 50
20 50
20 50
21 50
22 50
22 50
23 49
24 49
24 49
25 48
25 48
26 47
27 47
27 47
27 46
27 45
27 44
27 43
27 42
27 41
27 40
27 39
27 38
27 37
27 36
27 35
28 34
28 33
28 32
28 31
28 30
28 29
28 28
28 27
28 26
28 25
28 24
28 23
28 22
28 22
28 21
28 20
28 20
28 20
29 19
29 19
29 20
29 20
29 20
29 21
29 22
29 22
29 23
29 24
29 24
29 25
29 26
29 27
29 27
29 28
30 29
30 30
30 31
30 31
30 32
30 33
30 33
30 34
30 35
30 36
30 36
30 37
30 38
30 38
30 39
30 39
30 39
30 39
30 38
31 37
31 36
31 36
31 35
31 34
31 33
32 32
32 31
32 30
32 29
32 28
32 27
33 26
33 25
33 24
33 23
33 22
33 21
33 20
34 19
34 18
34 17
34 16
34 15
34 14
35 13
35 12
35 11
35 10
35 10
35 9
36 8
36 7
36 6
37 5
37 4
37 4
37 3
37 2
37 2
38 1
38 1
38 1
38 0
38 0
38 1
38 1
38 2
38 2
38 3
38 3
39 4
39 5
39 5
39 6
39 7
39 7
39 8
39 9
39 10
39 10
39 11
39 12
39 13
39 14
39 14
39 15
39 16
39 17
39 18
39 18
39 19
39 20
40 21
40 22
40 23
40 24
40 24
40 25
40 26
40 27
40 28
40 29
40 30
40 31
40 31
40 32
40 33
40 34
40 35
40 36
40 37
40 38
40 38
40 39
40 40
40 41
41 42
41 43
41 44
41 45
41 45
41 46
41 47
41 48
41 49
41 50
41 51
41 52
41 53
41 53
41 54
41 55
41 56
42 57
42 58
42 59
42 60
42 60
42 61
42 62
42 63
43 64
43 65
43 66
43 67
43 67
43 68
43 69
44 70
44 71
44 72
44 72
44 73
44 74
44 75
44 76
44 76
44 77
45 78
45 79
45 79
45 78
46 77
46 76
46 75
47 74
47 73
47 72
48 71
48 70
48 69
49 68
49 67
50 66
50 65
50 64
51 63
51 62
51 61
52 60
52 59
52 58
53 57
53 56
53 55
54 54
54 53
54 52
55 51
55 50
55 49
56 48
56 47
56 46
57 45
57 44
57 43
58 42
58 41
59 40
59 39
59 38
60 37
60 36
60 35
61 34
61 33
61 32
62 31
62 30
62 29
63 28
63 27
63 26
64 25
64 24
64 23
65 22
65 21
65 20
66 19
66 18
66 17
67 16
67 15
68 14
68 13
68 12
69 11
69 10
69 9
70 8
70 7
70 6
71 5
71 4
71 3
72 2
72 1
72 1
72 1
71 1
71 1
71 1
70 2
70 2
69 3
69 3
68 4
68 5
67 6
67 6
67 7
66 8
66 9
66 9
65 10
64 11
64 11
63 12
63 13
62 14
62 14
61 15
61 16
61 16
60 17
60 18
60 18
60 19
60 19
60 19
60 19
61 18
61 18
62 17
62 16
62 16
63 15
63 14
63 14
64 13
64 13
65 12
65 12
66 12
66 12
67 12
67 12
67 13
67 14
67 14
68 15
68 16
68 16
68 17
68 18
68 19
68 19
68 20
68 21
68 22
68 22
68 23
68 24
68 25
68 25
68 26
68 27
68 27
68 28
68 28
69 29
69 29
69 28
69 28
70 27
70 26
71 25
72 24
72 23
73 22
73 21
74 20
75 19
75 18
76 17
77 16
77 15
78 14
78 13
79 12
80 11
80 10
81 9
81 9
82 8
83 7
84 6
84 6
85 5
85 5
86 5
86 5
86 5
86 5
85 5
85 5
84 6
84 6
83 7
83 7
82 8
81 8
81 8
80 9
79 10
79 10
78 11
77 11
77 11
76 11
76 11
75 11
75 11
74 10
74 10
74 9
74 9
74 8
74 8
75 7
75 7
75 6
75 6
75 7
75 7
76 8
76 8
76 9
76 9
76 10
76 11
76 11
77 12
77 13
77 13
77 14
78 15
78 16
78 16
79 17
80 18
80 18
81 19
82 20
82 20
83 20
84 21
85 21
85 21
86 21
87 21
87 21
88 21
89 21
90 21
90 21
91 20
92 20
92 20
93 20
94 20
95 20
95 20
96 19
96 19
97 18
98 18
98 18
99 18
99 18
98 18
98 18
98 19
98 19
97 20
96 20
95 21
94 21
93 22
92 23
91 23
90 24
89 24
88 25
87 26
86 26
85 27
84 27
83 28
82 29
81 29
80 30
79 30
78 31
77 31
76 32
75 33
74 33
73 34
72 34
71 35
70 36
69 36
68 37
67 37
66 38
66 38
65 39
64 40
63 41
62 42
61 43
61 43
60 44
59 44
59 44
58 45
58 45
58 46
58 46
58 46
59 46
59 46
60 46
61 46
61 46
62 46
63 46
63 46
64 45
65 45
65 45
66 45
67 44
68 44
69 44
69 44
70 44
71 43
72 43
72 43
73 43
74 42
75 42
76 42
76 42
77 41
78 41
79 40
80 40
80 40
81 40
82 39
83 39
84 39
84 39
85 39
86 38
87 38
87 38
88 37
89 37
90 36
90 36
91 35
92 35
92 35
93 34
94 34
94 34
95 34
96 34
96 34
97 33
97 33
98 32
98 32
98 32
97 32
97 32
96 32
95 32
94 31
93 31
92 31
91 31
90 31
89 31
88 30
87 30
86 30
86 30
86 29
86 29
86 28
86 28
86 28
86 28
86 28
86 29
86 29
86 30
86 30
86 31
86 31
86 32
86 33
86 34
86 34
86 35
86 36
86 37
86 37
86 38
86 39
85 40
85 41
85 42
85 42
85 43
85 44
85 45
85 46
85 47
85 47
85 48
85 49
85 50
85 51
85 52
85 53
85 54
85 54
85 55
85 56
85 57
85 58
85 59
85 60
85 60
85 61
85 62
85 63
85 64
85 65
85 66
85 67
85 67
85 68
85 69
85 70
85 71
85 72
85 73
85 74
85 74
85 75
85 76
85 77
85 78
85 79
85 80
85 80
85 81
85 82
86 83
86 84
86 85
86 86
86 86
86 87
86 88
86 89
86 90
86 91
86 91
86 92
87 93
87 94
87 95
87 95
87 96
88 97
88 98
88 99
