5 18
6 17
7 16
8 15
8 15
8 14
8 13
8 13
8 12
8 11
8 11
9 11
9 11
10 12
11 12
11 12
12 13
12 13
13 14
14 15
14 15
14 16
14 17
14 17
14 18
13 19
13 20
12 21
12 22
11 23
11 24
11 25
10 26
10 27
9 28
9 29
9 30
8 31
8 32
7 33
7 34
6 35
6 36
6 36
5 37
5 38
4 39
4 40
4 40
3 39
3 39
2 38
2 37
2 37
3 37
3 37
4 36
4 36
5 36
6 36
6 36
7 37
8 37
8 37
9 38
10 39
11 40
11 40
12 41
12 42
13 43
13 44
13 44
13 45
13 46
14 47
14 48
14 49
14 49
14 50
14 51
14 52
14 53
14 54
14 54
14 55
14 56
14 57
14 58
14 59
14 60
14 60
14 61
13 62
13 63
13 63
13 64
12 65
12 66
12 67
12 67
11 68
11 69
11 69
10 70
9 71
9 71
8 72
7 72
7 72
6 73
5 73
5 73
4 72
3 72
3 72
2 71
1 70
1 70
1 69
0 68
0 67
0 67
0 66
0 65
0 64
0 64
0 63
0 62
0 61
0 61
1 60
1 60
2 59
3 58
3 58
4 58
5 57
6 57
6 57
7 57
8 56
9 56
9 56
10 56
11 57
12 57
12 57
13 57
14 57
15 57
16 57
16 57
17 57
18 58
19 58
19 58
20 58
21 59
22 59
22 59
23 59
24 59
24 59
25 59
26 59
26 59
27 59
27 59
27 58
27 57
27 57
28 56
28 55
28 55
28 54
28 53
28 52
28 52
28 51
28 50
28 49
28 48
28 48
28 47
28 46
29 45
29 44
29 43
29 42
29 42
29 41
29 40
29 39
29 38
29 37
29 36
29 36
29 35
29 34
29 33
29 33
28 32
28 31
28 31
28 31
28 32
28 32
28 33
28 33
28 34
28 35
28 36
28 36
28 37
28 38
28 39
28 40
28 40
28 41
29 42
29 43
29 44
29 44
29 45
29 46
29 46
29 47
29 48
29 48
29 48
30 48
30 48
31 47
31 46
31 46
31 45
32 44
32 43
32 43
32 42
32 41
33 40
33 39
33 38
33 37
33 36
33 35
34 34
34 33
34 32
34 32
34 31
34 30
34 29
35 28
35 27
35 26
35 25
35 24
35 23
35 22
36 21
36 20
36 19
36 18
36 18
36 17
36 16
36 15
36 14
36 13
36 13
36 12
37 11
37 10
37 10
37 10
37 11
37 12
37 12
37 13
38 14
38 15
38 15
38 16
38 17
39 18
39 19
39 20
39 21
39 21
39 22
39 23
39 24
39 25
39 26
39 27
39 28
39 29
39 30
39 31
39 31
39 32
39 33
39 34
39 35
39 36
39 37
39 38
39 39
39 40
39 41
39 42
39 43
39 44
39 44
39 45
39 46
39 47
39 48
39 49
39 50
39 51
39 52
39 53
39 54
39 55
39 56
39 56
39 57
39 58
39 59
39 60
39 61
39 62
39 63
39 64
39 65
39 66
39 67
39 68
39 68
39 69
39 70
39 71
39 72
39 73
40 74
40 75
40 76
40 77
40 78
40 79
40 79
40 80
40 81
40 82
40 83
40 84
40 85
40 86
40 86
40 87
40 88
40 89
40 90
40 91
40 92
40 92
40 93
40 94
40 95
40 96
40 96
41 97
41 98
41 98
41 97
42 96
42 95
42 94
43 93
43 92
43 91
43 90
44 89
44 88
44 87
45 86
45 85
45 84
46 83
46 82
46 81
46 80
47 79
47 78
47 77
48 76
48 75
48 74
49 73
49 72
49 71
49 70
50 69
50 68
50 67
51 66
51 65
51 64
52 63
52 62
52 61
52 60
53 59
53 58
53 57
54 56
54 55
54 54
55 53
55 52
55 51
55 50
56 49
56 48
56 47
57 46
57 45
57 44
58 43
58 42
58 41
58 40
59 39
59 38
59 37
60 36
60 35
60 34
61 33
61 32
61 31
61 30
62 29
62 28
62 27
63 26
63 25
63 24
64 23
64 22
64 21
64 20
65 19
65 18
65 17
66 16
66 15
66 14
67 13
67 12
67 11
67 10
68 9
68 8
68 8
69 7
70 6
71 6
72 5
73 4
73 4
74 3
74 3
74 2
73 1
73 0
73 0
72 0
72 0
72 1
71 2
71 3
71 3
71 4
70 5
70 6
70 7
70 7
70 8
69 9
69 10
68 11
68 12
68 12
67 13
67 14
66 15
66 16
65 17
65 17
65 18
64 19
64 20
63 21
63 22
63 22
63 23
62 24
62 25
61 26
61 27
61 27
60 28
60 29
59 30
59 31
59 31
59 32
59 33
59 33
58 34
58 35
58 35
59 35
59 35
59 34
60 33
60 32
61 31
61 30
62 29
62 28
63 27
63 26
63 26
64 26
65 25
66 25
66 25
67 25
67 25
67 26
67 27
67 27
67 28
67 29
67 30
67 31
67 31
67 32
67 33
67 34
67 35
67 35
67 36
67 37
67 38
67 39
67 40
67 40
67 41
67 42
67 43
67 43
67 44
67 44
67 44
68 44
68 44
68 43
69 42
69 41
70 40
70 39
71 38
71 37
72 36
72 35
72 34
73 33
73 32
74 31
74 30
75 29
75 28
76 27
76 26
76 25
77 24
77 23
78 22
78 21
79 20
79 19
80 18
80 17
80 16
81 15
81 14
82 13
82 12
83 11
83 10
84 9
84 8
84 8
85 7
86 6
86 5
87 4
88 3
88 3
88 3
88 3
87 4
87 5
87 5
87 6
86 7
86 8
86 8
86 9
85 10
85 11
84 12
84 13
84 13
84 14
83 15
83 16
82 17
82 18
82 18
81 19
81 20
80 21
80 22
80 22
79 23
78 24
78 24
77 25
77 26
77 26
76 27
76 27
76 26
76 25
76 24
76 23
77 22
77 21
77 20
77 19
77 18
77 17
77 16
77 15
78 14
78 13
78 12
78 11
78 10
78 9
78 8
78 7
79 6
79 5
79 4
79 3
79 2
79 2
79 3
79 4
80 5
80 6
80 7
80 7
81 8
81 9
81 9
81 10
81 11
81 11
81 12
81 13
82 14
82 15
82 16
82 17
82 17
83 18
83 19
84 20
84 21
84 21
85 22
85 23
86 24
86 24
87 24
88 25
89 25
89 25
90 26
91 26
91 26
92 26
93 26
93 26
94 25
95 25
95 25
96 25
97 25
97 25
98 24
99 24
99 24
98 25
97 26
96 27
95 28
94 29
93 30
92 31
91 32
90 33
89 34
88 35
87 36
86 37
85 38
84 39
83 39
82 40
81 41
80 42
79 43
78 44
77 45
76 46
75 47
74 48
73 49
72 50
71 51
70 52
69 53
69 53
68 54
68 55
67 56
67 57
66 58
66 58
65 57
65 56
65 56
64 56
64 56
65 56
65 56
66 56
67 55
68 55
68 55
69 55
70 54
71 54
72 54
72 54
73 53
74 53
75 52
76 52
76 52
77 51
78 51
79 50
80 50
80 50
81 50
82 50
83 50
83 50
84 49
85 49
85 49
86 48
87 48
87 48
88 48
88 48
87 47
87 46
86 45
85 44
84 43
84 42
83 41
83 41
82 40
81 39
80 39
79 38
79 38
78 38
78 38
77 38
77 38
77 39
77 40
77 41
77 42
77 42
77 43
77 44
76 45
76 46
76 47
76 48
76 48
76 49
76 50
76 51
76 52
76 53
76 54
76 55
76 56
76 57
76 57
76 58
76 59
76 60
76 61
76 62
76 63
76 64
76 65
76 65
76 66
76 67
76 68
76 69
76 70
76 71
76 72
76 73
76 74
76 74
76 75
76 76
76 77
76 78
77 79
77 80
77 81
77 82
77 83
77 84
77 84
77 85
77 86
77 87
77 88
77 89
77 90
77 91
77 92
77 93
77 93
77 94
77 95
77 96
77 97
77 98
77 99
