3 12
3 12
3 11
3 11
4 12
4 12
4 13
4 13
4 14
4 14
5 15
5 15
5 15
6 16
6 16
7 16
7 16
7 17
7 17
8 17
8 17
9 17
9 17
9 18
9 18
9 18
8 19
8 20
7 21
6 22
6 23
5 24
4 25
4 26
3 27
3 28
2 29
1 30
1 31
0 32
0 32
0 32
0 31
0 30
0 30
0 30
0 29
0 29
1 28
1 28
2 28
2 28
3 27
3 27
4 27
5 27
5 27
6 27
7 27
7 27
8 27
8 27
9 28
9 28
10 29
10 29
11 30
11 31
11 31
12 32
12 33
12 33
12 34
12 35
12 36
12 36
12 37
13 38
13 39
13 39
13 40
13 41
13 42
13 43
13 43
13 44
12 45
12 46
12 46
12 47
11 48
11 49
11 50
11 50
11 51
10 52
10 53
10 53
9 54
9 55
9 55
8 56
8 57
8 57
7 58
7 58
7 58
6 58
6 58
5 57
5 57
5 56
5 56
5 55
5 54
5 54
5 53
5 53
6 52
6 52
7 51
7 50
7 50
8 49
9 49
9 49
10 48
10 47
10 47
11 46
12 46
12 46
13 45
14 44
14 44
15 43
16 43
16 43
17 42
18 42
18 42
19 41
20 41
20 41
21 41
22 41
22 41
23 41
23 41
23 40
24 39
24 38
25 37
25 36
26 35
26 34
26 33
27 32
27 31
28 30
28 29
28 28
29 27
29 26
30 25
30 24
31 23
31 22
31 21
32 20
32 19
33 18
33 17
33 17
33 16
33 16
33 16
33 16
33 17
33 17
33 18
33 19
33 19
33 20
33 21
33 22
33 22
33 23
33 24
33 25
33 25
33 26
33 27
33 28
33 28
33 29
33 30
33 31
33 31
33 32
33 33
33 34
33 34
33 35
33 36
33 37
33 37
33 38
33 38
34 39
34 40
34 40
34 40
34 40
34 39
34 39
35 38
35 37
35 37
35 36
36 35
36 34
36 34
36 33
37 32
37 31
37 30
37 30
37 29
38 28
38 27
38 27
38 26
39 25
39 24
39 23
39 23
39 22
39 21
40 20
40 19
40 18
40 18
40 17
41 16
41 15
41 15
41 14
41 13
41 12
41 11
41 11
41 10
42 9
42 8
42 8
42 7
43 6
43 5
43 5
43 4
43 3
43 3
44 2
44 1
44 1
44 1
45 0
45 0
45 1
45 1
46 2
46 2
46 3
46 4
46 5
46 5
46 6
47 7
47 8
47 8
47 9
47 10
47 11
47 12
47 12
47 13
47 14
47 15
47 16
47 17
47 18
47 18
47 19
47 20
47 21
47 22
47 23
47 24
47 24
47 25
47 26
47 27
47 28
47 29
47 30
47 31
47 31
47 32
47 33
47 34
47 35
47 36
47 37
47 38
47 39
47 39
47 40
47 41
47 42
47 43
46 44
46 45
46 46
46 47
46 48
46 48
46 49
46 50
46 51
47 52
47 53
47 54
47 55
47 56
47 56
47 57
47 58
47 59
47 60
47 61
47 62
47 63
47 64
47 64
47 65
47 66
47 67
47 68
47 69
47 70
47 70
47 71
47 72
48 73
48 74
48 75
48 76
48 76
48 77
48 78
49 79
49 80
49 81
49 81
49 80
50 79
50 78
50 77
51 76
51 75
51 74
52 73
52 72
52 71
52 70
53 69
53 68
53 67
54 66
54 65
54 64
55 63
55 62
55 61
56 60
56 59
56 58
57 57
57 56
57 55
58 54
58 53
58 52
58 51
59 50
59 49
59 48
60 47
60 46
60 45
61 44
61 43
61 42
62 41
62 40
62 39
63 38
63 37
63 36
64 35
64 34
64 33
65 32
65 31
65 30
65 29
66 28
66 27
66 26
67 25
67 24
67 23
68 22
68 21
68 20
69 19
69 18
69 17
70 16
70 15
70 14
71 13
71 12
71 11
71 10
72 9
72 8
72 7
73 6
73 5
73 4
74 3
74 2
74 2
75 2
76 2
76 2
75 2
75 2
75 2
74 3
74 4
74 4
74 5
73 6
73 7
73 7
73 8
72 9
72 10
72 11
72 11
71 12
71 13
70 14
70 14
70 15
69 16
69 17
69 17
69 18
68 19
68 20
68 20
67 21
66 22
66 22
66 23
66 24
66 24
65 25
65 25
65 26
65 26
65 25
65 25
66 24
66 24
66 23
67 22
67 21
67 21
68 20
68 19
68 19
69 18
69 17
70 16
70 16
71 15
71 14
71 14
72 13
72 13
72 13
73 14
73 14
73 15
73 16
73 16
73 17
73 18
73 19
73 19
73 20
73 21
73 22
73 22
73 23
73 24
73 25
73 26
73 26
73 27
73 28
73 29
73 29
73 30
73 31
73 32
73 32
73 33
73 34
73 34
73 35
73 36
73 36
73 35
74 34
74 33
75 32
75 31
76 30
76 29
77 28
77 27
78 26
78 25
79 24
79 23
80 22
80 21
80 20
81 19
81 18
82 17
82 16
83 15
83 14
84 13
84 12
85 11
85 10
86 9
86 8
86 8
87 7
88 6
89 5
89 5
89 4
89 4
89 4
90 5
90 5
90 6
90 6
89 7
89 8
89 8
88 9
88 10
88 10
88 11
87 12
87 13
87 13
87 14
86 15
86 16
86 16
86 17
85 18
85 19
85 19
84 20
84 21
83 22
83 22
82 23
82 24
81 25
81 26
81 26
80 27
79 28
79 28
78 29
78 30
78 30
77 31
76 31
76 31
76 30
76 29
76 28
76 27
76 26
76 25
77 24
77 23
77 22
77 21
77 20
77 19
77 18
77 18
77 17
78 16
78 15
79 14
79 13
79 13
80 13
80 13
81 12
81 12
82 13
82 13
83 14
83 15
83 15
84 16
84 17
84 17
85 18
85 19
85 19
85 20
86 21
86 22
86 22
87 23
87 24
88 25
88 25
89 26
89 27
90 28
90 28
91 29
91 30
91 30
92 31
93 32
93 32
94 33
95 33
95 33
96 34
96 34
97 35
98 35
98 35
99 36
99 36
98 37
97 38
96 39
95 40
94 41
93 42
92 43
91 44
90 45
89 46
88 47
87 48
86 48
85 49
84 50
83 51
82 52
81 53
80 54
79 55
78 56
77 57
76 58
75 59
75 59
74 60
74 61
73 62
73 62
72 62
72 62
72 61
72 61
73 61
73 61
73 60
73 60
74 59
75 58
75 58
76 57
77 57
77 57
78 56
79 55
79 55
80 54
81 53
82 52
82 52
83 51
84 50
85 49
85 49
86 48
87 48
88 47
88 47
89 46
90 46
91 45
91 45
92 44
93 43
94 42
94 42
95 41
96 41
96 41
96 40
96 40
97 40
97 40
96 39
96 39
95 39
95 39
94 38
94 38
93 37
92 37
92 37
91 36
90 36
90 36
89 35
89 34
89 34
88 33
87 33
87 33
87 32
87 32
86 32
86 32
86 32
86 33
86 33
86 34
86 34
86 35
86 36
86 37
86 38
86 38
86 39
86 40
86 41
86 42
86 43
86 43
86 44
86 45
86 46
86 47
86 48
86 48
86 49
86 50
86 51
86 52
86 53
86 54
86 55
86 55
86 56
86 57
86 58
86 59
86 60
86 61
86 62
86 62
86 63
86 64
86 65
86 66
86 67
86 68
86 69
86 70
86 70
86 71
86 72
86 73
86 74
87 75
87 76
87 77
87 78
87 79
87 79
87 80
87 81
87 82
87 83
87 84
87 85
87 86
87 86
87 87
87 88
87 89
88 90
88 91
88 92
88 93
88 93
88 94
88 95
88 96
88 97
88 98
88 99
