5 10
6 10
7 10
7 10
7 9
7 9
7 9
7 9
8 10
8 10
9 11
10 11
10 11
10 12
10 12
9 13
9 14
9 14
9 15
9 16
9 16
8 17
8 18
7 19
7 19
7 20
6 21
6 22
6 22
5 23
5 24
4 25
4 25
3 26
3 27
2 28
2 28
1 29
1 30
1 30
0 31
0 31
0 31
0 30
0 30
1 29
1 29
2 28
2 28
3 27
4 27
4 27
5 27
6 27
7 27
7 27
8 28
8 28
9 29
10 30
10 30
10 31
11 32
11 33
11 33
11 34
12 35
12 36
12 37
12 37
12 38
12 39
11 40
11 41
11 42
11 42
11 43
11 44
11 45
11 45
11 46
10 47
10 48
10 48
10 49
9 50
9 51
9 51
8 52
7 53
7 53
6 54
6 55
6 55
5 56
5 56
4 56
4 56
3 55
3 55
2 54
2 53
2 53
2 52
1 51
1 50
1 50
1 49
2 48
2 47
2 47
2 46
2 45
2 45
3 44
3 43
3 43
4 42
5 42
5 42
6 42
7 42
7 42
8 42
9 43
10 43
10 43
11 43
12 44
13 44
13 44
14 44
15 44
16 44
16 44
17 45
18 45
18 45
19 45
20 46
21 46
21 46
22 46
22 46
23 46
23 46
24 46
24 46
24 45
24 44
24 43
24 42
24 41
24 40
24 39
24 38
24 37
25 36
25 35
25 34
25 33
25 32
25 31
25 30
25 29
25 28
25 27
25 27
25 26
25 25
26 24
26 23
26 22
26 22
26 22
26 22
26 23
26 23
26 24
26 25
26 26
26 26
26 27
26 28
26 29
26 29
26 30
26 31
26 32
26 32
26 33
26 34
26 34
26 35
26 35
26 36
26 36
27 36
27 36
27 35
27 35
28 34
28 33
28 33
28 32
28 31
28 30
29 29
29 28
29 27
29 26
29 25
29 24
30 23
30 22
30 21
30 20
30 19
30 18
31 17
31 16
31 15
31 14
31 14
31 13
31 12
32 11
32 10
32 9
32 8
32 8
32 8
32 8
32 9
32 10
32 11
32 11
32 12
32 13
33 14
33 15
33 16
33 17
33 17
33 18
33 19
33 20
33 21
33 22
33 23
33 24
33 25
33 25
33 26
33 27
33 28
33 29
33 30
33 31
33 32
33 33
33 34
33 35
33 36
33 36
33 37
33 38
33 39
33 40
33 41
34 42
34 43
34 44
34 45
34 46
34 47
34 47
34 48
34 49
34 50
34 51
34 52
34 53
34 54
34 55
34 56
34 57
34 58
34 58
34 59
34 60
34 61
34 62
34 63
34 64
34 65
34 66
34 66
34 67
34 68
34 69
34 70
34 71
34 72
34 72
34 73
34 74
34 75
34 76
34 77
34 77
34 78
34 79
34 79
34 80
34 80
34 79
35 78
35 77
36 76
36 75
37 74
37 73
38 72
38 71
39 70
39 69
39 68
40 67
40 66
41 65
41 64
42 63
42 62
43 61
43 60
43 59
44 58
44 57
45 56
45 55
46 54
46 53
47 52
47 51
48 50
48 49
48 48
49 47
49 46
50 45
50 44
51 43
51 42
52 41
52 40
52 39
53 38
53 37
54 36
54 35
55 34
55 33
56 32
56 31
57 30
57 29
57 28
58 27
58 26
59 25
59 24
60 23
60 22
61 21
61 20
61 19
62 18
62 17
63 16
63 15
64 14
64 13
65 12
65 11
66 10
66 9
66 8
67 7
67 6
68 5
68 4
69 3
69 2
70 1
70 0
70 0
71 1
71 2
71 2
70 2
70 2
70 3
70 4
69 5
69 6
69 7
69 7
69 8
68 9
68 10
68 11
68 11
68 12
68 13
67 14
67 15
67 16
67 17
67 17
66 18
66 19
65 20
65 21
65 21
64 22
64 23
64 23
63 24
63 24
63 25
63 26
63 26
63 25
63 24
63 23
63 22
63 21
64 20
64 19
64 18
64 17
64 16
64 15
64 14
64 14
65 14
66 15
67 15
67 15
67 16
67 16
67 17
67 18
67 18
67 19
67 20
67 21
67 22
67 23
67 23
67 24
68 25
68 26
68 26
68 27
68 28
68 28
69 29
69 29
69 30
69 30
70 30
70 30
71 29
71 28
72 27
72 26
73 25
74 24
74 23
75 22
75 21
76 20
77 19
77 18
78 17
78 16
79 15
79 15
80 14
80 13
81 12
81 11
82 10
82 9
83 8
83 8
84 7
85 6
85 6
85 6
85 7
85 8
85 8
85 9
84 10
84 11
84 12
84 12
84 13
83 14
83 15
83 16
83 16
82 17
82 18
81 19
81 20
81 20
80 21
80 22
79 23
79 24
79 24
78 25
78 26
77 27
77 27
76 28
76 29
76 29
75 29
75 29
75 28
75 27
75 26
75 25
75 24
75 23
75 22
75 21
75 20
74 19
74 18
74 17
74 16
74 15
74 14
74 13
74 12
74 11
74 10
74 9
74 9
75 9
76 9
77 9
77 9
78 9
78 9
79 10
79 10
80 11
81 12
82 13
82 13
83 14
83 15
84 16
84 16
85 17
86 18
87 19
87 19
88 20
89 20
89 20
90 20
91 21
92 21
92 21
93 21
94 22
95 22
95 22
96 22
97 22
97 22
98 22
98 22
99 22
99 22
98 22
97 23
96 23
95 24
94 24
93 25
92 25
91 26
90 26
89 27
88 27
87 28
86 28
85 29
84 29
83 30
82 30
81 31
80 31
79 32
78 32
77 33
76 33
75 34
74 34
73 35
72 35
71 36
70 36
69 37
68 37
67 38
66 38
66 38
65 39
65 40
64 41
64 42
63 43
63 44
62 45
62 45
61 44
60 44
60 44
60 44
61 44
62 44
62 44
63 44
64 43
65 43
66 43
66 43
67 43
68 42
69 42
70 41
71 41
71 41
72 40
73 40
74 39
75 39
76 38
76 38
77 38
78 38
79 37
80 37
81 37
81 37
82 37
83 36
84 36
84 36
85 35
86 35
86 35
85 34
85 33
84 32
83 31
82 30
82 29
81 28
80 27
80 26
79 25
79 25
78 26
77 27
77 28
76 29
76 29
76 30
75 31
75 32
75 33
75 33
75 34
75 35
75 36
74 37
74 38
74 39
74 40
74 40
74 41
74 42
74 43
74 44
73 45
73 46
73 47
73 48
73 49
73 49
73 50
73 51
73 52
73 53
74 54
74 55
74 56
74 57
74 58
74 58
74 59
74 60
74 61
74 62
74 63
74 64
74 65
74 66
74 67
74 68
74 68
74 69
74 70
74 71
74 72
74 73
74 74
74 75
74 76
74 76
74 77
74 78
74 79
75 80
75 81
75 82
75 83
75 83
75 84
75 85
75 86
75 87
75 88
75 89
75 89
75 90
75 91
75 92
75 93
75 93
75 94
76 95
76 96
76 97
76 97
76 98
76 99
76 99
76 99
76 99
