3 16
4 16
5 17
6 17
6 17
6 16
6 16
6 15
6 15
7 16
7 16
8 17
8 17
9 18
9 19
9 19
9 20
8 21
8 22
8 23
7 24
7 25
7 26
6 27
6 28
6 29
5 30
5 31
5 32
4 33
4 34
4 34
3 35
2 36
2 37
1 38
1 38
1 38
0 38
0 38
0 38
1 37
1 37
2 36
3 36
3 36
4 36
5 36
5 36
6 36
7 36
7 36
8 37
9 38
9 38
10 39
10 40
11 41
11 41
11 42
11 43
12 44
12 45
12 46
12 46
12 47
12 48
12 49
12 50
12 51
12 51
12 52
12 53
12 54
12 55
12 56
12 56
12 57
12 58
11 59
11 60
11 61
11 62
11 62
11 63
10 64
10 65
10 65
10 66
9 67
9 68
9 68
8 69
8 69
7 70
6 70
6 70
5 70
4 70
4 70
3 69
2 69
2 69
1 68
1 67
1 67
1 66
0 65
0 64
0 64
0 63
0 62
0 61
0 61
0 60
0 59
0 58
0 58
1 57
1 56
1 56
2 55
3 55
3 55
4 54
5 54
6 53
6 53
7 53
8 53
9 53
9 53
10 53
11 53
12 53
13 53
13 53
14 53
15 54
16 54
17 54
17 54
18 54
19 55
20 55
20 55
21 55
22 56
23 56
23 56
24 56
25 56
26 56
26 56
27 55
27 55
28 55
29 55
29 55
29 54
29 53
29 53
30 52
30 51
30 51
30 50
30 49
30 48
31 47
31 46
31 45
31 44
31 43
31 43
31 42
31 41
31 40
31 39
31 38
31 37
31 36
31 35
31 34
31 33
31 32
31 32
31 31
31 30
31 29
31 29
31 28
31 27
31 27
30 27
30 27
30 28
30 28
31 29
31 30
31 30
31 31
31 32
31 32
31 33
31 34
31 35
31 36
31 36
31 37
31 38
31 38
32 39
32 40
32 40
32 41
32 41
32 41
32 41
32 40
33 39
33 38
33 38
33 37
34 36
34 35
34 35
34 35
34 34
34 33
35 32
35 31
35 30
35 29
35 28
35 27
36 26
36 25
36 24
36 23
36 22
36 21
37 20
37 19
37 18
37 17
37 17
37 16
38 15
38 14
38 13
38 13
38 12
39 11
39 10
39 10
39 9
39 9
40 10
40 10
40 11
40 11
40 12
40 13
41 14
41 15
41 16
41 17
41 17
41 18
41 19
41 20
41 21
41 22
41 23
41 24
41 25
41 25
41 26
41 27
41 28
41 29
41 30
41 31
41 32
41 33
41 34
41 35
41 36
41 37
41 37
41 38
41 39
41 40
41 41
41 42
41 43
41 44
41 45
41 46
41 47
41 48
41 49
41 50
41 51
41 51
41 52
41 53
41 54
41 55
41 56
41 57
41 58
41 59
41 60
41 61
41 62
41 63
41 63
41 64
41 65
41 66
41 67
41 68
42 69
42 70
42 71
42 72
42 73
42 74
42 75
42 75
42 76
42 77
42 78
42 79
42 80
42 81
42 82
42 82
42 83
42 84
43 85
43 86
43 87
43 88
43 88
43 89
43 90
43 91
43 92
43 93
43 94
43 94
43 95
43 96
43 96
44 97
44 97
44 96
45 95
45 94
45 93
46 92
46 91
46 90
47 89
47 88
47 87
47 86
48 85
48 84
48 83
49 82
49 81
49 80
50 79
50 78
50 77
51 76
51 75
51 74
52 73
52 72
52 71
53 70
53 69
53 68
53 67
54 66
54 65
54 64
55 63
55 62
55 61
56 60
56 59
56 58
57 57
57 56
57 55
58 54
58 53
58 52
59 51
59 50
59 49
59 48
60 47
60 46
60 45
61 44
61 43
61 42
62 41
62 40
62 39
63 38
63 37
63 36
64 35
64 34
64 33
64 32
65 31
65 30
65 29
66 28
66 27
66 26
67 25
67 24
67 23
68 22
68 21
68 20
69 19
69 18
69 17
70 16
70 15
70 14
70 13
71 12
71 11
71 10
72 9
72 8
72 7
73 6
73 5
73 5
74 4
75 4
76 3
76 3
76 2
76 1
76 1
75 0
75 0
75 1
74 2
74 3
74 4
74 4
74 5
73 6
73 7
72 8
72 9
72 9
72 10
72 11
71 12
71 13
71 14
71 15
71 15
71 16
70 17
70 18
70 19
69 20
69 21
69 21
69 22
68 23
68 24
68 25
67 26
67 27
67 27
66 28
66 29
65 30
65 31
65 31
64 32
63 33
63 33
63 34
63 34
63 34
63 33
64 32
64 31
64 30
65 29
65 28
65 27
65 26
66 25
66 24
66 24
67 23
68 22
68 21
69 20
69 20
70 21
70 21
70 22
70 23
70 23
70 24
70 25
70 26
70 27
70 28
70 28
70 29
70 30
70 31
70 32
70 33
70 34
70 34
70 35
70 36
70 37
70 38
70 39
70 39
70 40
71 41
71 42
71 43
71 43
71 44
71 45
71 45
71 46
71 46
71 46
71 45
72 44
72 43
73 42
73 41
74 40
74 39
75 38
75 37
75 36
76 35
76 34
77 33
77 32
78 31
78 30
79 29
79 28
79 27
80 26
80 25
81 24
81 23
82 22
82 21
83 20
83 19
83 18
84 17
84 16
85 15
85 14
86 13
86 12
87 11
87 10
87 10
88 9
89 8
90 7
90 7
89 7
89 7
89 8
89 8
89 9
88 10
88 11
88 12
88 12
88 13
88 14
87 15
87 16
87 17
87 17
87 18
86 19
86 20
86 21
86 21
85 22
85 23
84 24
84 25
84 25
84 26
83 27
83 28
83 28
82 29
81 30
81 30
80 31
80 31
80 30
80 29
80 28
80 27
80 26
80 25
80 24
80 23
80 22
80 21
81 20
81 19
81 18
81 17
81 16
81 15
81 14
81 13
81 12
81 11
81 10
81 9
81 9
82 10
83 11
83 11
83 11
83 12
83 13
83 13
83 14
83 15
84 16
84 17
84 18
84 18
85 19
85 20
86 21
86 21
86 22
87 23
87 24
87 24
88 25
89 25
90 26
90 26
91 27
92 27
92 27
93 28
93 28
94 28
95 28
95 28
96 29
97 29
97 29
98 29
98 29
99 30
99 30
98 31
97 32
96 32
95 33
94 34
93 35
92 36
91 37
90 37
89 38
88 39
87 40
86 41
85 42
84 42
83 43
82 44
81 45
80 46
79 47
78 47
77 48
76 49
76 49
75 50
75 51
74 52
73 53
72 54
72 55
71 56
71 56
70 57
69 57
69 57
68 57
68 57
68 57
69 57
69 57
70 57
71 57
72 57
72 57
73 57
74 56
75 56
75 56
76 56
77 55
78 55
79 55
79 55
80 54
81 54
82 53
83 53
83 53
84 53
85 52
86 52
86 52
87 51
88 51
88 51
89 50
90 50
90 50
89 49
88 48
87 47
87 46
86 45
85 44
84 43
84 43
83 42
82 42
81 41
81 41
80 42
80 42
79 43
79 44
79 44
79 45
79 46
78 47
78 48
78 49
78 49
78 50
78 51
78 52
78 53
78 54
78 55
78 55
78 56
78 57
78 58
78 59
78 60
78 61
78 62
78 63
78 63
78 64
78 65
78 66
78 67
78 68
78 69
78 70
78 71
78 72
78 72
78 73
78 74
78 75
78 76
78 77
78 78
78 79
78 80
78 81
78 81
78 82
78 83
78 84
78 85
79 86
79 87
79 88
79 89
79 90
79 91
79 91
79 92
79 93
79 94
79 95
79 96
79 97
79 98
79 99
