2 16
2 15
2 14
1 13
1 12
1 11
1 10
1 10
0 9
0 9
0 10
0 11
0 11
0 12
0 13
0 14
0 15
0 16
0 16
0 17
0 18
0 19
1 20
1 21
1 22
1 23
1 23
1 24
1 25
1 26
2 27
2 28
2 29
2 30
2 31
2 31
2 32
2 33
2 34
2 35
2 36
2 37
2 38
2 39
2 39
2 40
2 41
2 42
2 43
2 44
2 45
2 46
2 46
2 47
2 48
3 49
3 50
3 51
3 52
3 52
3 53
3 54
3 55
3 56
3 57
3 57
3 58
3 59
3 60
3 60
3 59
3 58
3 57
3 56
3 55
3 54
3 53
3 52
3 51
2 50
2 49
2 48
2 47
2 46
2 45
2 44
2 43
2 42
2 41
2 41
3 40
3 39
4 38
4 37
4 37
5 36
5 35
5 35
6 34
7 34
7 34
8 34
9 33
10 33
10 33
11 33
12 32
13 32
13 32
14 32
15 31
16 31
16 31
17 30
18 30
18 30
19 29
20 28
20 28
21 27
21 27
21 26
21 25
21 24
21 23
21 22
21 21
21 20
21 19
21 18
22 17
22 16
22 15
22 14
22 13
22 12
22 11
22 10
22 9
22 8
22 8
22 7
22 6
22 5
21 4
21 3
21 2
21 1
21 0
21 0
22 0
22 0
22 1
22 2
22 2
22 3
22 4
22 5
22 6
22 7
22 7
22 8
22 9
22 10
22 11
22 12
22 13
22 14
22 15
22 16
22 16
22 17
22 18
22 19
22 20
22 21
22 22
22 23
22 24
22 25
22 26
22 27
22 27
22 28
22 29
22 30
22 31
22 32
22 33
22 34
22 35
22 36
22 37
22 38
22 38
22 39
22 40
22 41
22 42
23 43
23 44
23 45
23 46
23 47
23 48
23 48
23 49
23 50
23 51
23 52
23 53
23 54
23 55
23 56
23 57
23 57
23 58
23 59
23 60
23 61
23 62
23 63
23 64
23 64
23 65
23 66
23 67
23 68
23 69
23 70
23 70
23 71
23 72
23 73
23 73
23 74
23 75
23 75
24 74
24 73
25 72
25 71
26 70
26 69
27 68
27 67
28 66
29 65
29 64
30 63
30 62
31 61
31 60
32 59
33 58
33 57
34 56
34 55
35 54
35 53
36 52
36 51
37 50
38 49
38 48
39 47
39 46
40 45
40 44
41 43
41 42
42 41
42 41
42 40
42 39
41 38
41 37
41 36
41 36
40 35
40 34
40 34
39 33
38 32
38 32
37 32
37 32
37 33
37 33
36 34
36 35
36 35
36 36
35 37
35 38
35 38
35 39
35 40
35 41
35 42
35 43
35 43
35 44
34 45
34 46
34 47
34 47
34 48
34 49
34 50
34 51
34 51
34 52
34 53
34 53
35 53
35 53
36 53
36 53
37 52
37 51
37 51
38 50
38 49
38 49
39 48
39 47
40 46
40 45
40 45
40 44
41 43
41 42
41 42
41 41
41 41
41 41
42 42
42 42
42 43
42 44
42 44
42 45
43 46
43 47
43 47
44 48
44 49
44 49
45 50
45 51
45 51
46 52
46 53
46 53
47 54
47 54
47 53
47 52
48 51
48 50
48 49
48 48
48 47
48 46
49 45
49 44
49 43
49 42
49 41
49 40
50 39
50 38
50 37
50 36
50 35
50 34
51 33
51 32
51 31
51 30
51 30
52 29
52 28
52 28
52 27
52 27
52 26
52 26
53 25
54 25
54 25
55 25
56 25
56 25
57 25
57 25
58 26
59 26
59 26
59 27
59 28
59 29
59 30
59 30
59 31
59 32
60 33
60 34
60 35
60 35
60 36
60 37
60 38
59 39
59 40
59 41
59 42
59 42
59 43
59 44
59 45
59 46
59 47
59 48
59 48
59 49
59 50
59 51
58 52
58 53
58 54
58 55
58 55
58 56
58 57
57 58
57 59
57 60
57 61
57 61
57 62
57 63
56 64
56 65
56 66
56 66
56 67
56 68
56 69
56 69
55 70
55 70
55 71
55 71
55 70
55 69
55 68
55 67
55 66
55 65
55 64
55 63
55 62
55 61
55 60
56 59
56 58
56 57
56 56
56 55
56 54
56 53
56 52
56 51
56 50
56 49
56 48
56 48
56 47
56 46
57 45
57 44
57 43
57 42
57 41
57 40
58 39
58 38
58 37
58 36
58 36
58 35
59 34
59 33
59 33
60 32
60 32
61 32
61 32
62 32
63 32
63 32
64 33
64 33
65 34
65 35
65 35
65 36
65 37
65 38
65 38
65 39
65 40
65 40
65 41
65 42
65 43
65 43
64 44
64 44
63 45
63 46
63 46
63 47
63 47
62 48
62 48
61 48
61 48
61 48
61 47
62 46
62 45
62 44
63 43
63 42
63 41
64 40
64 39
64 38
65 37
65 36
65 35
66 34
66 33
66 32
67 31
67 30
67 29
68 28
68 27
68 27
69 26
70 26
71 25
71 25
72 24
72 23
72 23
73 23
73 23
74 23
74 23
75 23
75 23
76 24
76 24
77 25
77 25
77 26
77 27
77 28
77 29
77 30
77 30
77 31
77 32
76 33
76 34
76 35
76 36
76 36
76 37
76 38
76 39
76 40
76 41
76 42
76 43
76 44
76 44
76 45
76 46
76 47
75 48
75 49
75 50
75 51
75 52
75 52
75 53
75 54
75 55
74 56
74 57
74 58
74 59
74 60
74 60
74 61
74 62
74 63
74 64
74 65
74 66
74 67
74 67
74 68
74 69
73 70
73 71
73 72
73 72
73 73
73 74
73 75
73 75
73 76
73 77
73 77
73 78
73 79
73 79
73 78
73 77
73 76
73 75
73 74
73 73
73 72
73 71
74 70
74 69
74 68
74 67
74 66
74 65
74 64
74 63
74 62
74 61
74 60
74 59
74 58
74 57
74 56
74 55
75 54
75 53
75 52
75 51
75 50
75 49
75 48
75 47
75 46
75 46
75 45
75 44
76 43
76 42
76 41
76 40
76 39
77 38
77 37
77 36
77 36
78 35
78 34
78 34
78 34
78 34
79 35
80 35
80 35
81 36
81 36
82 37
82 38
82 38
82 39
82 40
82 41
82 41
82 42
82 43
82 44
82 44
82 45
82 46
82 47
82 47
81 48
81 49
81 49
80 50
80 51
80 51
80 52
80 53
80 53
79 54
79 54
79 54
79 54
79 53
79 52
80 51
80 50
80 49
80 48
81 47
81 46
81 45
81 44
82 43
82 42
82 41
82 40
83 39
83 38
83 37
83 37
84 36
84 35
85 34
85 33
85 33
86 34
86 34
87 35
87 35
87 36
88 37
88 38
88 38
89 39
89 39
90 40
90 40
91 41
91 41
92 40
92 40
93 39
94 38
94 38
95 37
95 36
95 36
96 35
96 34
96 34
96 33
97 32
97 31
97 31
98 30
98 29
98 29
99 28
99 27
99 27
99 27
98 28
98 29
98 29
98 30
97 31
97 32
97 32
97 33
97 34
97 35
96 36
96 37
96 38
96 39
96 39
96 40
96 41
96 42
96 43
95 44
95 45
95 46
95 47
95 48
95 48
95 49
95 50
94 51
94 52
94 53
94 54
94 55
94 56
93 57
93 58
93 59
93 59
93 60
93 61
93 62
93 63
92 64
92 65
92 66
92 67
92 68
92 69
92 69
92 70
92 71
92 72
92 73
91 74
91 75
91 76
91 77
91 78
91 79
91 79
91 80
91 81
90 82
90 83
90 84
90 85
89 86
89 87
89 88
89 88
89 89
89 90
88 91
88 92
88 93
88 94
88 94
88 95
88 96
87 97
87 98
87 99
