2 8
2 7
2 6
2 5
2 4
2 4
1 4
1 4
1 5
1 5
1 5
2 5
2 5
2 6
2 6
2 7
2 7
2 8
2 8
2 9
2 10
2 10
2 11
2 12
2 13
2 14
2 14
2 15
2 16
2 17
2 18
2 18
2 19
2 20
2 21
2 22
2 23
2 23
2 24
2 25
2 26
2 27
2 28
2 29
2 29
2 30
2 31
2 32
2 33
2 34
2 35
2 35
2 36
2 37
2 38
1 39
1 40
1 41
1 42
1 42
1 43
1 44
1 45
1 46
1 47
1 48
1 49
1 49
1 50
1 51
1 52
1 53
1 54
1 55
1 55
1 56
1 57
1 58
1 59
1 59
1 60
1 61
1 62
1 63
1 63
1 64
1 65
1 66
1 66
1 67
1 67
1 67
1 66
1 66
1 65
1 64
1 63
1 62
1 61
1 60
1 59
1 58
1 57
1 56
0 55
0 54
0 53
0 52
0 51
0 50
0 49
0 48
0 47
0 46
0 45
0 45
0 44
0 43
0 42
0 42
0 41
0 41
0 40
0 40
1 39
1 39
2 39
2 39
3 38
4 38
4 38
5 38
5 38
6 38
7 37
8 37
8 37
9 37
10 37
10 37
11 36
12 36
12 36
13 36
14 35
15 35
15 35
16 34
16 34
17 33
17 33
17 32
17 31
17 30
17 29
17 28
17 27
17 26
18 25
18 24
18 23
18 22
18 21
18 20
18 19
18 18
18 17
18 16
18 15
18 14
18 13
18 12
18 11
19 10
19 9
19 8
19 7
19 6
19 5
19 4
19 3
19 3
19 2
19 1
19 1
19 0
19 0
19 1
19 1
19 2
19 2
19 3
19 4
19 5
19 5
19 6
19 7
19 8
19 8
19 9
19 10
19 11
19 12
19 13
19 13
19 14
19 15
18 16
18 17
18 18
18 18
18 19
18 20
18 21
18 22
18 23
18 24
18 25
18 25
18 26
18 27
18 28
18 29
18 30
18 31
18 32
18 32
18 33
18 34
18 35
18 36
18 37
18 38
18 39
18 40
18 41
18 41
18 42
18 43
18 44
18 45
18 46
18 47
18 48
18 49
18 50
18 50
18 51
18 52
18 53
18 54
18 55
18 56
18 57
18 57
18 58
18 59
18 60
18 61
18 62
18 62
18 63
18 64
18 65
18 66
18 66
18 67
18 68
18 69
18 69
18 70
18 70
19 69
20 68
21 67
22 66
23 65
24 65
25 64
26 63
27 62
28 61
29 60
30 59
31 58
32 57
33 56
34 55
35 55
36 54
37 53
38 52
39 51
40 50
40 50
40 50
40 50
40 49
40 49
40 48
40 48
40 48
40 47
40 47
40 46
40 46
40 46
40 45
40 45
40 44
40 44
39 43
39 43
39 42
39 41
39 41
39 40
39 40
38 40
38 40
38 39
38 39
37 39
37 39
37 38
37 38
36 38
36 38
36 39
36 39
35 40
35 40
35 41
35 42
35 43
35 43
34 44
34 45
34 45
34 46
33 47
33 48
33 48
33 49
33 50
33 51
33 51
33 52
33 53
33 53
33 54
33 55
33 55
33 56
33 56
34 57
34 57
34 57
35 56
35 56
36 55
36 54
36 54
37 53
37 52
37 52
38 51
38 50
38 50
38 49
39 48
39 47
39 47
39 46
39 45
39 45
40 44
40 43
40 43
40 42
40 42
40 42
40 42
40 43
40 43
41 44
41 44
41 45
41 45
41 46
41 47
41 47
42 48
42 49
42 49
43 50
43 50
44 51
44 51
45 52
45 52
46 51
47 51
47 51
48 50
48 50
49 49
49 49
49 48
50 47
50 46
50 45
50 44
51 43
51 42
51 41
52 40
52 39
52 38
52 37
53 36
53 35
53 35
53 34
53 33
53 33
53 33
53 33
53 33
53 33
52 34
52 34
52 34
52 35
52 35
52 35
52 36
52 36
52 37
52 37
53 38
53 39
53 39
53 40
53 40
53 41
53 42
53 42
53 43
53 44
53 45
53 45
53 46
53 47
53 48
53 48
53 49
53 50
53 51
53 52
53 52
53 53
53 54
53 55
53 56
53 57
53 57
53 58
53 59
53 60
52 61
52 62
52 63
52 64
52 64
52 65
52 66
51 67
51 68
51 69
51 70
51 70
51 71
51 72
51 73
51 74
51 75
51 76
51 76
51 77
51 78
50 79
50 80
50 81
50 81
50 82
49 83
49 84
49 84
49 85
49 86
49 86
49 87
49 87
48 87
48 87
48 86
48 85
48 84
48 83
48 82
48 81
48 80
48 79
48 78
48 77
48 76
48 75
48 74
48 73
48 72
48 71
48 70
48 69
48 68
48 67
48 66
48 65
48 64
48 63
48 62
48 61
48 60
48 59
48 58
48 57
48 56
48 55
48 54
48 53
48 52
48 51
48 50
48 49
48 48
48 47
48 46
48 45
48 44
48 43
48 43
49 42
50 41
50 41
50 40
50 40
51 39
52 39
52 39
53 38
53 38
54 38
55 38
55 38
56 37
56 37
57 38
58 38
58 38
59 38
59 38
60 39
60 39
61 40
61 40
61 41
61 42
61 42
60 43
60 44
60 44
59 45
59 46
59 46
58 47
58 48
57 49
57 49
56 50
55 51
55 51
54 52
53 52
53 52
52 52
52 52
52 52
53 51
54 50
55 49
56 48
57 47
58 46
59 45
60 44
61 43
62 42
63 41
64 40
65 39
65 39
65 39
66 38
66 37
66 37
67 37
67 37
68 37
68 37
69 36
69 36
70 35
70 34
70 34
71 34
71 34
72 34
73 34
73 34
74 34
74 34
75 35
75 36
75 36
75 37
75 38
75 38
75 39
76 40
76 41
76 41
76 42
76 43
75 44
75 45
75 46
75 46
75 47
75 48
75 49
75 50
75 51
75 52
75 52
75 53
75 54
74 55
74 56
74 57
74 58
74 58
74 59
73 60
73 61
73 62
73 63
72 64
72 65
72 65
72 66
72 67
71 68
71 69
71 70
71 71
71 71
71 72
70 73
70 74
70 75
69 76
69 77
69 77
69 78
68 79
68 80
68 81
68 81
68 82
68 83
68 83
68 84
68 84
68 84
68 83
68 82
68 82
68 81
68 80
68 79
68 78
68 77
69 76
69 75
69 74
69 73
69 72
69 71
69 70
69 69
69 68
69 67
70 66
70 65
70 64
70 63
70 62
70 61
70 60
70 59
70 58
70 57
70 56
71 55
71 54
71 53
71 52
71 51
71 50
71 50
71 49
71 48
71 47
71 46
71 46
72 45
72 45
72 44
72 44
73 43
73 43
74 42
74 42
75 41
75 41
76 41
77 41
77 41
78 42
78 42
79 43
80 43
80 43
81 44
81 44
81 45
81 46
81 46
82 47
82 48
82 48
82 49
82 50
82 50
81 51
81 52
81 52
80 53
79 53
79 53
78 54
77 55
77 55
76 56
76 56
75 57
74 57
74 57
73 57
73 57
72 56
72 56
72 55
72 55
73 54
74 53
75 52
75 51
76 50
77 49
78 48
79 47
80 46
80 45
81 44
82 43
83 42
84 41
85 40
85 39
86 38
87 37
87 37
88 36
89 36
89 36
90 36
90 36
90 36
90 36
90 36
90 37
90 37
90 38
90 38
89 39
89 40
89 40
89 41
89 42
89 42
89 43
89 44
89 45
89 45
89 46
89 47
89 48
89 48
89 49
89 50
89 51
89 51
89 52
89 53
89 54
89 54
89 55
89 56
89 57
89 57
89 58
89 58
90 59
90 60
90 60
90 60
90 60
91 59
91 59
92 58
92 57
92 57
92 56
93 55
93 54
93 54
93 53
94 52
94 51
94 51
94 50
95 49
95 48
95 47
95 47
95 46
96 45
96 44
96 43
96 43
96 42
97 41
97 40
97 39
97 39
98 38
98 37
98 37
98 36
98 35
98 35
99 34
99 34
99 34
98 34
98 34
98 34
98 34
97 35
97 35
97 36
97 37
97 37
96 38
96 39
96 39
96 40
95 41
95 42
95 42
95 43
95 44
95 45
95 46
95 46
95 47
95 48
94 49
94 50
94 51
94 51
94 52
93 53
93 54
93 55
92 56
92 57
92 57
92 58
91 59
91 60
91 61
91 62
90 63
90 64
90 65
90 65
90 66
90 67
90 68
89 69
89 70
89 71
89 72
89 73
89 73
89 74
88 75
88 76
88 77
88 78
87 79
87 80
87 81
87 81
87 82
86 83
86 84
85 85
85 86
85 86
85 87
84 88
84 89
83 90
83 91
83 91
83 92
82 93
82 94
82 95
82 95
82 96
81 97
81 98
81 98
80 99
