0 2
1 2
1 2
0 2
0 2
0 3
0 4
0 5
0 6
0 7
0 7
0 8
0 9
0 10
0 11
0 12
0 13
0 14
0 14
0 15
0 16
0 17
0 18
0 19
0 20
0 21
0 22
0 23
0 23
0 24
0 25
0 26
0 27
0 28
0 29
0 30
0 31
0 31
0 32
0 33
0 34
0 35
0 36
0 37
0 38
0 39
0 39
0 40
0 41
0 42
0 43
0 44
0 45
0 45
0 46
0 47
0 48
0 49
0 49
0 50
0 51
0 51
1 52
1 53
1 53
1 54
1 55
1 55
1 54
1 53
1 52
1 51
1 50
1 49
1 48
1 47
1 46
1 45
0 44
0 43
0 42
0 41
0 40
0 39
0 38
0 37
0 36
0 35
0 34
0 33
0 33
1 32
1 31
1 31
1 30
1 30
1 29
1 28
1 28
2 27
2 27
3 26
4 26
4 26
5 25
6 25
6 25
7 24
8 24
8 24
9 24
10 23
11 23
11 23
12 23
13 23
13 23
14 22
14 22
15 21
16 21
16 21
16 20
16 19
17 18
17 17
17 16
17 15
17 14
18 13
18 12
18 11
18 10
18 9
19 8
19 7
19 6
19 6
19 5
19 4
18 3
18 2
18 1
18 1
18 0
18 0
18 1
18 1
18 2
18 3
18 3
18 4
18 5
18 6
18 7
18 8
18 9
18 9
18 10
18 11
18 12
18 13
18 14
18 15
18 16
18 17
18 17
18 18
18 19
18 20
18 21
18 22
18 23
18 24
18 25
18 26
18 27
18 27
18 28
18 29
18 30
18 31
18 32
18 33
18 34
18 35
18 36
18 37
18 38
18 38
18 39
18 40
18 41
18 42
18 43
18 44
18 45
18 46
18 47
18 48
18 48
18 49
18 50
18 51
18 52
18 53
18 54
18 55
18 55
18 56
18 57
18 58
18 59
18 59
18 60
19 61
19 62
19 62
19 63
19 64
19 64
20 63
20 62
21 61
21 60
22 59
23 58
23 57
24 56
24 55
25 54
26 53
26 52
27 51
28 50
28 49
29 48
29 47
30 46
31 45
31 44
32 43
32 42
33 41
33 41
33 40
34 39
34 38
35 37
35 36
35 35
36 34
36 33
36 33
35 32
35 31
35 31
35 30
35 29
35 29
34 28
34 28
33 27
33 27
32 27
32 27
31 28
31 29
31 29
31 30
30 31
30 32
30 33
30 33
30 34
29 35
29 36
28 37
28 38
28 38
28 39
28 40
27 41
27 42
27 43
27 44
27 44
27 45
27 46
26 47
26 48
26 49
26 49
26 50
26 51
26 52
26 52
27 53
27 53
28 54
28 54
29 54
30 54
30 54
31 53
32 52
32 52
33 51
33 50
34 49
34 49
35 48
35 47
36 46
36 46
37 45
37 44
38 43
38 42
38 42
38 41
39 40
39 39
39 38
39 38
40 37
40 37
40 36
40 36
40 37
40 37
40 38
40 38
40 39
40 40
40 41
40 41
40 42
40 43
40 44
40 45
40 45
40 46
40 47
40 48
40 48
40 49
41 50
41 51
41 51
41 52
41 53
41 53
42 54
42 54
42 53
42 52
43 51
43 50
43 49
43 48
43 47
43 46
44 45
44 44
44 43
44 42
44 41
44 40
45 39
45 38
45 37
45 36
45 35
45 34
46 33
46 32
46 31
46 31
46 30
47 29
47 28
47 28
47 27
47 27
47 27
48 26
48 26
49 25
50 25
50 25
51 24
52 24
52 24
53 23
54 23
54 23
55 23
55 23
56 24
56 24
56 25
57 26
57 27
57 28
57 28
57 29
57 30
57 31
57 32
57 33
57 33
57 34
57 35
57 36
56 37
56 38
56 39
56 40
56 41
56 41
56 42
55 43
55 44
55 45
55 46
54 47
54 48
54 49
54 49
54 50
54 51
54 52
53 53
53 54
53 55
53 56
53 57
53 57
53 58
53 59
53 60
52 61
52 62
52 63
52 64
52 65
52 65
52 66
52 67
52 68
51 69
51 70
51 71
51 72
51 72
51 73
51 74
50 75
50 76
50 77
50 77
50 78
49 79
49 80
49 80
49 81
49 81
49 81
49 80
49 79
49 78
50 77
50 76
50 75
50 74
50 73
50 72
50 71
51 70
51 69
51 68
51 67
51 66
51 65
51 64
52 63
52 62
52 61
52 60
52 59
52 58
53 57
53 56
53 55
53 54
53 53
53 52
53 51
54 50
54 49
54 48
54 47
54 46
54 45
54 44
55 43
55 42
55 41
55 40
55 40
55 39
56 38
56 37
56 36
56 35
57 34
57 33
57 32
57 32
58 32
58 32
59 32
59 32
60 33
60 33
61 34
62 35
62 35
62 36
62 37
62 37
63 38
63 39
63 39
63 40
63 41
63 41
63 42
63 43
63 44
63 44
63 45
62 46
62 47
62 48
62 48
61 49
60 50
60 50
59 51
59 52
59 52
58 53
58 53
57 54
57 54
57 53
58 52
58 51
58 50
59 49
59 48
59 47
60 46
60 45
60 44
61 43
61 42
61 41
62 40
62 39
62 38
63 37
63 36
63 35
64 34
64 33
64 33
65 32
66 31
67 30
67 30
68 29
68 28
68 28
69 27
69 26
69 26
70 25
71 25
71 25
72 24
73 24
73 24
74 24
75 24
75 24
75 25
75 25
76 26
76 27
76 27
76 28
76 29
76 30
76 30
76 31
76 32
75 33
75 34
75 35
75 35
75 36
75 37
75 38
74 39
74 40
74 41
74 42
74 42
74 43
74 44
74 45
73 46
73 47
73 48
73 49
73 49
73 50
73 51
72 52
72 53
72 54
72 55
71 56
71 57
71 58
71 58
71 59
70 60
70 61
70 62
70 63
69 64
69 65
69 66
69 66
69 67
69 68
69 69
68 70
68 71
68 72
68 73
68 73
68 74
68 75
68 76
68 77
68 78
68 78
68 79
67 80
67 81
67 81
67 82
67 82
67 81
67 80
67 79
68 78
68 77
68 76
68 75
68 74
68 73
69 72
69 71
69 70
69 69
69 68
69 67
69 66
70 65
70 64
70 63
70 62
70 61
70 60
70 59
71 58
71 57
71 56
71 55
71 54
71 53
72 52
72 51
72 50
72 49
72 48
72 47
72 46
73 45
73 44
73 43
73 42
73 42
74 41
74 40
75 39
75 38
76 37
76 37
77 36
77 36
77 37
77 37
78 38
78 38
79 39
79 40
79 40
80 41
80 42
80 42
80 43
80 44
80 45
80 45
80 46
79 47
79 48
79 48
78 49
78 50
78 50
77 51
77 52
77 52
76 53
76 53
75 54
75 54
75 55
75 55
75 54
76 53
76 52
76 51
77 50
77 49
77 48
77 47
78 46
78 45
78 44
79 43
79 42
79 41
80 40
80 39
80 38
80 37
81 36
81 35
81 34
82 33
82 32
82 32
83 33
84 33
85 34
86 34
86 34
86 35
86 35
86 36
87 37
87 38
87 38
87 39
87 40
87 41
87 41
87 42
88 43
88 44
88 44
89 45
89 46
89 46
90 47
90 47
91 48
91 48
92 49
92 49
92 48
93 47
93 46
94 45
94 44
95 43
95 42
96 41
96 40
96 39
97 38
97 37
98 36
98 35
99 34
99 33
99 33
99 34
98 35
98 36
98 36
98 37
97 38
97 39
97 40
96 41
96 42
96 42
96 43
95 44
95 45
95 46
95 47
94 48
94 49
94 49
94 50
94 51
93 52
93 53
93 54
93 55
92 56
92 57
92 58
92 58
92 59
91 60
91 61
91 62
90 63
90 64
90 65
89 66
89 67
89 67
89 68
89 69
88 70
88 71
88 72
88 73
87 74
87 75
87 76
87 76
87 77
86 78
86 79
86 80
86 81
85 82
85 83
85 84
85 84
85 85
84 86
84 87
83 88
83 89
82 90
82 91
82 91
82 92
81 93
81 94
80 95
80 96
80 96
80 97
79 98
79 99
