1 19
1 19
0 19
0 19
0 19
0 20
0 20
0 21
0 22
0 22
0 23
0 24
0 25
0 26
0 26
0 27
1 28
1 29
1 30
1 30
1 31
1 32
1 33
1 34
1 35
1 35
1 36
1 37
1 38
1 39
1 40
1 40
1 41
1 42
1 43
1 44
1 44
1 45
1 46
1 47
1 47
1 48
1 49
1 50
1 50
1 51
1 51
1 52
1 52
1 52
1 51
1 50
2 49
2 48
2 47
2 46
2 45
3 44
3 43
3 42
3 42
2 41
2 41
2 40
2 40
2 40
2 40
3 39
3 39
3 39
4 38
5 38
5 38
6 37
6 37
7 36
8 36
8 36
9 35
10 35
10 35
11 34
12 34
12 34
13 33
13 33
14 33
14 33
15 33
15 33
15 33
15 32
15 31
15 30
15 29
16 28
16 27
16 26
16 25
16 24
16 23
16 22
16 21
16 20
17 19
17 18
17 17
17 16
17 15
17 14
17 13
17 12
17 11
18 10
18 9
18 8
18 7
18 6
18 6
18 5
19 4
19 3
19 2
19 2
19 1
19 1
19 0
19 0
19 1
19 1
19 1
19 2
19 3
19 3
19 4
19 5
19 6
19 6
19 7
18 8
18 9
18 10
18 10
18 11
18 12
18 13
18 14
18 15
18 16
18 16
18 17
18 18
18 19
18 20
18 21
18 22
18 22
18 23
18 24
18 25
18 26
18 27
18 28
18 29
18 30
18 31
18 31
18 32
18 33
18 34
18 35
18 36
18 37
18 38
18 39
18 40
18 40
18 41
18 42
18 43
18 44
19 45
19 46
19 47
19 48
19 49
19 49
19 50
19 51
19 52
19 53
19 54
19 55
19 56
19 57
19 58
19 58
19 59
19 60
19 61
19 62
19 63
19 64
19 65
19 65
19 66
19 67
19 68
19 69
19 70
19 71
19 71
19 72
19 73
19 74
19 75
19 75
19 76
19 77
19 78
19 78
19 79
19 80
19 80
19 81
19 81
20 82
20 82
20 82
20 82
20 81
20 81
20 80
20 80
20 79
21 78
21 77
22 76
22 75
23 74
23 73
24 72
24 71
25 70
25 69
26 68
26 67
27 66
27 65
28 64
28 63
29 62
29 61
30 60
30 59
31 58
31 57
32 56
32 55
33 54
33 53
34 52
34 51
35 50
35 49
35 49
36 49
36 49
35 48
35 48
35 47
35 47
35 46
35 46
35 45
35 45
35 44
35 44
34 43
34 42
34 42
34 41
34 41
34 40
34 40
33 40
33 40
33 39
33 39
33 39
32 39
32 39
32 39
31 40
31 40
30 41
30 41
29 42
29 43
29 43
28 44
28 45
28 45
28 46
28 47
28 48
28 48
27 49
27 50
27 50
27 51
27 52
27 53
27 53
28 54
28 54
28 55
28 56
28 56
29 56
29 56
30 57
30 57
31 57
31 57
32 56
32 56
33 55
33 55
34 54
34 53
34 53
35 52
35 51
35 51
36 50
36 49
36 49
37 48
37 47
37 47
38 46
38 45
38 45
38 45
38 45
37 45
37 45
37 46
37 46
37 47
37 47
37 48
37 49
37 49
37 50
37 51
37 51
37 52
37 52
37 53
37 53
38 54
38 54
39 54
39 54
40 54
40 54
41 54
41 54
42 54
42 54
42 53
42 53
43 53
43 53
43 53
43 53
43 53
43 53
43 52
43 51
43 50
42 49
42 48
42 47
42 46
42 45
42 44
41 43
41 42
41 41
41 40
41 40
41 40
40 39
40 39
40 38
40 38
41 37
41 37
42 36
42 36
43 35
43 35
44 34
45 34
45 34
46 33
46 33
47 32
47 32
47 32
48 32
48 32
48 33
48 33
49 34
49 34
49 35
49 35
49 36
49 37
49 37
49 38
49 39
49 40
49 40
49 41
49 42
49 42
49 43
49 44
49 45
49 46
49 46
49 47
48 48
48 49
48 50
48 50
48 51
48 52
48 53
48 54
48 54
48 55
48 56
48 57
48 58
48 59
48 60
48 60
48 61
48 62
48 63
48 64
48 65
48 66
48 66
48 67
48 68
47 69
47 70
47 71
47 71
47 72
47 73
47 74
47 75
47 75
47 76
47 77
47 78
47 79
47 80
47 80
47 81
46 82
46 83
46 84
46 84
46 85
46 86
46 86
46 87
46 87
46 87
46 86
46 86
47 85
47 85
47 84
47 83
47 83
47 82
47 81
47 80
47 79
47 78
47 77
47 76
47 75
47 74
47 73
47 72
47 71
47 70
47 69
47 68
47 67
47 66
47 65
47 64
47 63
47 62
47 61
47 60
47 59
47 58
47 57
47 56
47 55
47 54
47 53
47 52
47 51
47 50
47 49
47 48
47 47
47 46
47 45
47 44
47 43
47 42
47 41
47 41
47 41
47 40
47 40
47 39
47 39
48 38
48 38
49 37
49 37
50 36
50 36
51 36
51 36
52 36
52 36
53 36
53 36
54 37
54 37
55 38
55 38
56 39
56 39
57 40
57 40
57 41
57 41
57 42
57 43
57 43
57 44
57 44
57 45
57 46
57 46
56 47
56 48
56 48
55 49
55 49
54 50
54 51
54 51
53 52
53 52
52 52
52 52
51 53
51 53
50 53
50 53
50 53
50 53
50 53
51 52
52 52
53 51
54 50
55 49
56 49
57 48
58 47
59 46
60 46
61 45
61 45
61 45
60 45
60 45
61 45
61 45
61 44
61 44
62 43
62 42
62 42
63 41
63 40
63 40
64 39
64 39
65 38
65 37
65 37
66 36
66 35
66 35
67 34
67 34
67 34
68 34
68 34
69 34
69 34
69 35
69 35
70 36
70 37
70 37
70 38
70 39
70 39
70 40
70 41
70 42
70 42
70 43
71 44
71 45
71 45
71 46
70 47
70 48
70 48
70 49
70 50
70 51
70 52
70 52
70 53
70 54
69 55
69 56
69 57
69 57
69 58
69 59
68 60
68 61
68 62
68 63
68 63
68 64
67 65
67 66
67 67
67 67
67 68
66 69
66 70
66 70
66 71
65 72
65 73
65 74
65 74
64 75
64 76
64 76
64 77
64 77
64 78
64 78
64 78
64 78
64 77
64 77
64 76
64 76
64 75
64 74
65 73
65 72
65 71
65 70
65 69
65 68
66 67
66 66
66 65
66 64
66 63
66 62
67 61
67 60
67 59
67 58
67 57
67 56
68 55
68 54
68 53
68 52
68 51
68 50
69 49
69 48
69 47
69 46
69 45
69 44
70 43
70 42
70 41
70 40
70 40
70 39
70 39
69 38
69 38
69 37
69 37
69 37
70 36
70 36
70 36
71 35
71 35
72 35
72 35
73 35
74 35
74 35
75 35
75 35
76 35
76 35
77 36
77 36
77 37
77 37
78 38
78 39
78 39
78 40
78 40
78 41
78 42
78 42
77 43
77 44
77 44
77 45
77 46
77 46
76 47
76 48
76 48
75 49
75 50
75 50
74 51
74 52
74 52
73 53
72 54
72 54
71 55
71 55
70 56
70 56
70 56
69 56
69 56
69 56
70 55
70 55
70 54
70 54
71 53
71 52
72 51
72 50
73 49
74 48
74 47
75 46
75 45
76 44
77 43
77 42
78 41
78 40
79 39
79 39
79 40
79 40
79 40
79 39
79 39
80 38
80 38
80 38
80 37
80 37
81 36
81 36
82 35
82 35
83 35
83 35
83 35
84 35
84 35
85 36
85 36
86 37
86 37
86 38
86 39
86 39
87 40
87 40
87 41
88 42
88 43
88 43
88 44
88 45
88 45
89 46
89 47
89 47
89 48
89 48
89 49
89 50
89 50
89 51
89 51
89 51
89 51
89 51
89 50
90 49
90 48
91 47
91 46
92 45
92 44
93 43
93 42
94 41
94 40
95 39
95 38
96 37
96 36
97 35
97 34
97 34
98 34
98 34
98 33
98 33
98 32
98 32
98 32
98 32
98 32
98 33
98 33
97 34
97 35
97 35
96 36
96 37
95 38
95 39
95 39
95 40
94 41
94 42
94 43
94 43
93 44
93 45
92 46
92 47
92 47
92 48
91 49
91 50
90 51
90 52
90 52
89 53
89 54
88 55
88 56
87 57
87 58
87 58
87 59
86 60
86 61
86 62
86 63
85 64
85 65
85 65
84 66
84 67
83 68
83 69
82 70
82 70
81 71
81 72
80 73
80 74
79 75
79 76
79 76
79 77
78 78
78 79
78 80
77 81
77 82
77 82
76 83
76 84
75 85
75 86
74 87
74 87
73 88
73 89
72 90
72 91
72 91
71 92
71 93
70 94
70 95
70 95
69 96
69 97
69 97
68 98
68 99
68 99
68 99
67 99
67 99
67 99
68 99
68 99
68 98
68 98
69 97
69 96
