0 5
1 4
1 3
1 3
0 3
0 3
0 3
0 3
0 3
0 4
0 4
0 5
0 6
0 6
0 7
0 8
0 9
0 9
0 10
0 11
0 12
0 13
0 13
0 14
0 15
0 16
0 17
0 17
0 18
0 19
0 20
0 21
0 22
0 23
0 23
0 24
0 25
0 26
0 27
0 28
0 29
0 29
0 30
0 31
0 32
0 33
0 34
0 35
0 35
0 36
0 37
0 38
0 39
0 40
0 40
0 41
0 42
0 43
0 43
0 44
0 45
0 46
0 46
0 47
0 48
0 48
0 49
0 49
0 50
0 50
0 50
0 50
0 49
0 48
0 48
0 47
0 46
0 45
0 44
0 43
0 42
0 41
0 40
0 39
0 38
0 37
0 36
0 36
1 35
1 34
1 34
1 33
1 33
1 32
1 32
2 32
2 32
3 31
3 31
4 30
5 30
5 30
6 29
7 29
7 29
8 28
9 28
9 28
10 27
11 27
11 27
12 26
13 26
13 26
14 25
15 25
15 25
16 24
16 24
17 23
17 23
17 22
17 22
17 21
17 21
17 20
17 19
17 18
17 17
16 16
16 15
16 14
16 13
16 12
16 11
16 10
16 9
16 8
16 7
15 6
15 5
15 4
15 3
15 2
15 2
16 1
16 1
16 0
16 0
16 1
16 1
16 2
16 2
16 3
16 3
16 4
16 5
16 6
16 7
16 7
16 8
16 9
16 10
16 11
16 11
16 12
16 13
16 14
16 15
16 16
16 16
16 17
16 18
16 19
16 20
16 21
16 22
16 22
16 23
16 24
16 25
16 26
16 27
16 28
16 29
16 29
16 30
16 31
16 32
16 33
16 34
16 35
16 36
16 36
16 37
16 38
16 39
16 40
16 41
16 41
16 42
16 43
16 44
16 45
16 46
16 46
16 47
16 48
16 49
16 49
16 50
16 51
16 52
16 52
17 53
17 53
18 52
19 51
20 51
21 50
22 49
23 48
24 48
25 47
26 46
27 45
28 45
29 44
30 43
31 42
32 42
33 41
34 40
35 39
36 39
37 38
37 38
37 38
37 38
36 38
36 38
36 37
36 37
36 36
36 36
35 35
35 34
35 34
35 33
35 33
34 32
34 31
34 31
34 30
34 30
33 29
33 29
33 29
33 29
32 29
32 29
32 30
32 30
32 31
31 32
31 33
31 33
31 34
31 35
31 36
31 36
31 37
30 38
30 39
30 40
30 40
30 41
30 42
30 43
30 43
30 44
30 45
30 46
30 46
30 47
30 48
30 49
30 49
30 50
30 50
31 51
31 52
31 52
31 52
32 51
32 51
32 50
32 50
33 49
33 48
33 48
33 47
33 46
33 45
33 45
33 44
34 43
34 42
34 42
34 41
34 40
34 39
34 39
35 38
35 38
35 37
35 37
35 38
35 38
35 39
35 39
36 40
36 41
36 41
36 42
36 43
36 43
36 44
36 45
36 45
37 46
37 46
37 47
37 48
37 48
38 49
38 49
38 50
38 50
39 50
39 50
39 50
40 49
40 48
40 48
40 47
40 46
40 45
40 44
40 43
40 42
40 41
40 40
41 39
41 38
41 37
41 36
41 35
41 34
41 33
41 32
41 31
41 31
42 30
42 29
42 29
42 28
42 28
43 27
43 26
43 26
44 25
44 25
45 24
45 24
46 23
46 23
47 23
47 23
48 23
49 23
49 23
50 24
50 24
50 25
50 26
50 26
50 27
51 28
51 29
51 29
51 30
51 31
51 32
51 33
51 33
51 34
51 35
51 36
51 37
51 37
51 38
51 39
51 40
51 41
51 42
51 42
51 43
51 44
51 45
51 46
51 47
51 47
51 48
51 49
51 50
51 51
51 52
51 53
51 53
51 54
51 55
50 56
50 57
50 58
50 59
50 59
50 60
50 61
49 62
49 63
49 64
49 64
49 65
49 66
49 67
49 68
49 68
49 69
49 70
49 71
49 71
48 72
48 72
48 72
48 72
48 71
48 70
48 70
48 69
48 68
48 67
48 66
48 65
48 64
48 63
48 62
48 61
48 60
48 59
48 58
48 57
48 56
48 55
47 54
47 53
47 52
47 51
47 50
47 49
47 48
47 47
47 46
47 45
47 44
47 43
47 42
47 41
47 40
47 39
47 39
47 38
48 37
48 36
48 36
48 35
48 35
49 34
49 34
50 33
50 33
51 33
51 33
52 33
52 33
53 33
53 33
54 34
54 34
55 35
55 35
56 36
56 36
56 37
56 38
56 38
55 39
55 39
54 40
54 41
54 41
53 42
53 43
53 43
53 44
52 45
52 46
52 46
51 47
50 48
50 48
49 49
49 49
48 50
48 50
48 50
48 49
48 49
49 48
50 47
51 46
52 45
53 44
53 43
54 42
55 41
56 40
57 39
58 38
59 37
60 36
61 35
62 34
62 33
63 32
64 31
65 30
66 29
66 29
65 30
64 30
64 30
64 30
64 30
64 29
64 29
64 29
65 29
65 29
66 28
66 28
67 27
67 27
68 27
68 27
69 27
69 27
70 27
70 27
70 28
70 28
71 29
71 30
71 30
71 31
71 32
71 32
71 33
71 34
71 35
71 36
71 36
71 37
71 38
71 39
71 40
71 40
71 41
71 42
70 43
70 44
70 45
70 46
70 46
70 47
70 48
70 49
69 50
69 51
69 52
69 53
69 53
69 54
69 55
69 56
68 57
68 58
68 59
68 60
68 60
68 61
67 62
67 63
67 64
67 65
66 66
66 67
66 68
66 68
66 69
66 70
65 71
65 72
65 73
65 73
65 74
65 75
64 76
64 77
64 78
64 78
64 79
63 80
63 81
63 82
63 82
62 83
62 84
62 84
62 85
62 85
62 85
61 84
61 84
61 83
61 82
61 82
61 81
62 80
62 79
62 79
62 78
62 77
62 76
62 75
62 74
63 73
63 72
63 71
63 70
63 69
63 68
63 67
63 66
63 65
63 64
63 63
63 62
64 61
64 60
64 59
64 58
64 57
64 56
64 55
64 54
64 53
64 52
64 51
64 50
65 49
65 48
65 47
65 46
65 45
65 44
65 43
65 43
65 42
65 41
65 40
65 40
65 39
65 39
66 39
66 39
67 38
67 38
68 37
68 37
69 37
69 37
70 36
71 36
71 36
72 36
72 36
73 36
74 36
74 36
75 37
75 37
76 38
76 38
77 39
77 39
77 40
77 41
77 41
77 42
77 42
77 43
77 44
77 44
76 45
76 46
76 46
75 47
74 48
74 48
73 49
73 50
73 50
72 51
71 52
71 52
70 53
70 53
70 53
69 53
69 53
70 52
70 52
70 51
70 51
71 50
72 49
72 48
73 47
74 46
75 45
75 44
76 43
77 42
78 41
79 40
79 39
80 38
81 37
82 36
82 35
83 34
84 33
85 32
85 31
86 30
87 29
87 29
86 30
86 30
86 31
86 31
85 32
85 32
85 33
85 34
85 34
85 35
85 36
85 37
85 37
85 38
86 39
86 40
86 40
86 41
86 42
86 42
86 43
86 44
86 45
86 45
86 46
87 47
87 48
87 48
87 49
87 50
87 50
88 51
88 51
89 51
89 51
89 51
90 50
90 50
91 49
91 48
91 48
91 47
92 46
92 45
92 45
92 44
93 43
93 42
93 42
93 41
94 40
94 39
94 38
94 38
94 37
95 36
95 35
95 34
95 34
96 33
96 32
97 31
97 31
98 30
98 29
98 29
98 28
98 27
98 27
99 27
99 27
99 27
99 27
99 27
98 28
98 28
97 29
97 29
97 30
96 31
96 32
96 32
96 33
95 34
95 35
95 36
95 36
95 37
94 38
94 39
94 40
93 41
93 42
93 42
93 43
93 44
92 45
92 46
92 47
92 48
92 48
92 49
91 50
91 51
91 52
91 53
90 54
90 55
90 55
90 56
89 57
89 58
89 59
89 60
88 61
88 62
88 63
88 63
88 64
87 65
87 66
87 67
87 68
86 69
86 70
86 70
86 71
86 72
86 73
85 74
85 75
85 76
85 77
85 77
85 78
84 79
84 80
84 81
84 82
83 83
83 84
83 84
82 85
82 86
81 87
81 88
80 89
80 89
80 90
79 91
79 92
78 93
78 94
78 94
77 95
77 96
76 97
76 97
75 98
74 99
74 99
73 99
72 99
