2 19
2 18
2 18
2 17
2 17
2 17
2 17
2 17
2 18
2 18
2 19
2 20
2 20
2 21
2 22
2 23
2 23
2 24
2 25
2 26
2 27
2 27
2 28
2 29
2 30
2 31
2 32
2 33
2 33
2 34
2 35
2 36
2 37
2 38
2 39
2 39
2 40
2 41
2 42
2 43
2 44
2 44
2 45
2 46
2 47
2 48
2 48
2 49
2 50
2 51
2 52
2 53
2 53
2 54
2 55
2 55
2 56
2 57
2 57
2 58
2 58
2 58
2 58
2 57
2 56
2 55
2 54
2 53
2 52
2 51
1 50
1 49
1 48
1 47
1 46
1 45
1 44
1 43
1 43
0 42
0 41
0 41
0 40
0 40
0 39
0 39
0 39
0 39
1 38
1 38
2 38
2 38
3 37
4 37
4 37
5 36
6 36
6 36
7 35
8 35
8 35
9 34
10 34
10 34
11 34
12 34
12 34
13 33
14 33
14 33
15 33
16 33
16 33
17 33
17 33
18 33
18 33
18 33
18 33
17 32
17 32
17 31
17 30
17 29
17 28
17 27
17 26
16 25
16 24
16 23
16 22
16 21
16 20
16 19
16 18
16 17
16 16
16 15
16 14
16 13
16 12
15 11
15 10
15 9
15 8
15 7
15 6
15 5
15 4
15 4
16 3
16 2
16 2
16 1
16 1
16 0
16 0
16 1
16 1
17 2
17 2
17 3
17 4
17 4
17 5
17 6
17 7
17 8
17 8
17 9
17 10
17 11
17 12
17 13
17 13
17 14
17 15
17 16
17 17
17 18
17 19
17 20
17 20
17 21
17 22
17 23
16 24
16 25
16 26
16 27
16 27
16 28
16 29
16 30
16 31
16 32
16 33
16 34
16 35
16 36
16 36
16 37
16 38
16 39
16 40
17 41
17 42
17 43
17 44
17 45
17 45
17 46
17 47
17 48
17 49
17 50
17 51
17 52
17 53
17 54
17 55
17 55
17 56
17 57
17 58
17 59
17 60
17 61
17 62
17 63
17 64
17 64
17 65
17 66
17 67
18 68
18 69
18 70
18 71
18 71
18 72
18 73
18 74
18 75
18 76
18 76
18 77
18 78
18 79
18 80
18 80
18 81
18 82
18 82
19 82
19 82
19 83
19 83
19 82
19 82
19 82
19 81
19 80
19 80
19 79
19 78
19 77
19 77
20 76
20 75
21 74
21 73
22 72
22 71
23 70
23 69
24 68
24 67
25 66
25 65
26 64
26 63
27 62
28 61
28 60
29 59
29 58
30 57
30 56
31 55
31 54
32 53
32 52
33 51
33 50
34 49
34 48
35 47
35 47
36 46
36 46
35 46
35 46
35 45
35 45
36 44
36 44
36 43
36 42
36 42
36 41
36 41
35 40
35 40
35 39
35 39
35 38
35 38
34 37
34 37
33 37
33 37
32 37
32 37
31 38
31 38
30 39
30 39
29 40
29 40
28 41
28 42
28 42
28 43
28 44
28 45
28 45
28 46
27 47
27 48
27 48
27 49
27 50
27 51
27 51
27 52
27 53
27 54
27 54
27 55
28 56
28 57
28 57
29 58
29 58
30 59
30 59
31 60
31 60
32 59
32 59
33 58
33 57
33 57
34 56
35 55
35 55
35 54
36 53
36 52
36 52
37 51
37 50
38 49
38 49
38 48
39 47
39 46
39 46
39 45
39 44
39 44
39 43
39 43
39 43
39 43
39 43
39 44
39 44
39 45
39 46
39 46
39 47
39 47
39 48
39 49
39 49
39 50
39 51
39 51
40 52
40 53
40 53
40 54
40 54
41 55
41 55
42 55
42 55
43 55
44 55
44 55
45 55
45 55
45 55
45 55
45 55
45 55
45 54
45 53
45 52
45 51
44 50
44 49
44 48
44 47
44 46
44 45
44 44
44 43
44 42
43 41
43 40
43 39
43 38
43 37
43 37
43 37
44 36
44 36
45 35
45 35
46 34
47 34
47 34
48 33
49 32
49 32
50 31
50 31
51 30
51 30
52 30
52 30
52 31
52 31
53 32
53 32
53 33
53 34
53 34
54 35
54 36
54 36
54 37
54 38
54 39
54 39
54 40
54 41
54 42
54 43
54 43
54 44
53 45
53 46
53 46
53 47
53 48
53 49
53 50
53 50
53 51
53 52
52 53
52 54
52 55
52 55
52 56
52 57
51 58
51 59
51 60
51 61
51 61
51 62
51 63
51 64
51 65
51 66
51 66
51 67
51 68
50 69
50 70
50 71
50 71
50 72
50 73
49 74
49 75
49 76
49 76
49 77
48 78
48 79
48 80
48 80
48 81
47 82
47 83
47 84
47 84
47 85
47 86
47 87
47 87
46 88
46 89
46 89
46 90
46 90
46 90
46 90
47 89
47 89
47 88
47 87
47 86
47 86
47 85
47 84
47 83
47 82
48 81
48 80
48 79
48 78
48 77
48 76
48 75
48 74
49 73
49 72
49 71
49 70
49 69
49 68
49 67
49 66
49 65
50 64
50 63
50 62
50 61
50 60
50 59
50 58
50 57
50 56
51 55
51 54
51 53
51 52
51 51
51 50
51 49
51 48
52 47
52 46
52 45
52 44
52 43
52 43
52 43
52 42
52 42
52 41
52 40
52 40
52 39
52 39
53 38
53 38
53 37
53 37
54 36
54 36
55 36
55 36
56 36
56 36
57 36
57 36
58 37
58 37
58 38
58 38
59 39
59 39
59 40
59 41
59 41
59 42
59 43
59 43
59 44
59 44
59 45
59 46
59 46
59 47
59 48
59 48
58 49
58 50
58 50
58 51
58 51
57 52
57 53
57 53
56 54
56 55
56 55
55 56
55 57
55 57
54 58
54 58
53 59
53 59
53 60
53 60
53 60
52 60
52 60
52 60
52 60
53 59
53 58
54 57
54 56
55 55
55 54
56 53
57 52
57 51
58 50
58 49
59 48
59 47
60 46
61 45
61 44
62 43
62 42
63 41
63 40
64 39
64 39
65 40
65 40
65 39
65 39
66 38
66 38
67 38
67 38
68 37
68 36
68 36
69 36
69 36
70 36
70 36
71 35
71 35
71 35
72 36
72 36
72 37
72 37
72 38
72 39
72 39
72 40
72 41
72 41
72 42
72 43
72 43
72 44
72 45
72 45
72 46
71 47
71 48
71 49
71 49
71 50
71 51
71 52
71 53
71 53
71 54
70 55
70 56
70 57
70 57
70 58
70 59
69 60
69 61
69 62
69 62
69 63
69 64
68 65
68 66
68 67
68 68
68 68
68 69
68 70
67 71
67 72
67 73
67 73
67 74
66 75
66 76
65 77
65 78
65 78
65 79
65 80
64 81
64 82
64 83
64 83
64 84
63 85
63 86
63 87
63 87
62 88
62 89
61 90
61 90
61 91
61 92
61 92
60 93
60 93
60 93
61 92
61 92
61 91
61 91
61 90
61 89
62 88
62 87
62 86
62 85
62 84
63 83
63 82
63 81
63 80
63 79
63 78
64 77
64 76
64 75
64 74
64 73
65 72
65 71
65 70
65 69
65 68
66 67
66 66
66 65
66 64
66 63
67 62
67 61
67 60
67 59
67 58
68 57
68 56
68 55
68 54
68 53
68 52
69 51
69 50
69 49
69 48
69 47
70 46
70 45
70 44
70 44
69 44
69 44
69 43
69 43
69 42
69 42
69 42
70 41
70 41
71 40
71 40
72 39
72 39
73 39
73 39
74 38
74 38
75 39
76 39
76 39
77 39
77 39
78 40
78 40
79 41
79 41
80 42
80 42
80 43
80 44
80 44
80 45
80 46
80 46
80 47
80 48
80 48
80 49
79 50
79 51
79 51
78 52
78 53
78 53
77 54
77 55
77 55
76 56
76 57
76 57
75 58
75 59
75 59
74 60
73 60
73 60
72 61
72 61
71 61
71 61
71 61
71 61
71 61
71 60
71 60
72 59
72 58
73 57
73 56
74 55
75 54
75 53
76 52
76 51
77 50
77 49
78 48
79 47
79 46
80 45
80 44
81 43
81 43
81 43
81 43
80 42
80 42
80 42
80 42
80 42
80 41
80 41
81 41
81 41
81 40
81 40
82 39
82 39
83 39
83 39
84 38
84 38
84 38
85 39
85 39
86 40
86 40
86 41
86 42
86 42
87 43
87 44
87 44
87 45
88 46
88 47
88 47
88 48
88 49
88 50
88 50
88 51
88 52
88 53
88 54
88 54
88 55
89 56
89 57
89 57
89 58
89 59
89 59
89 60
89 61
89 62
89 62
89 63
89 64
89 64
89 65
89 65
89 65
89 65
89 64
89 64
89 63
89 63
89 62
90 61
90 60
90 59
91 58
91 57
91 56
92 55
92 54
93 53
93 52
93 51
94 50
94 49
94 48
95 47
95 46
95 45
96 44
96 43
96 43
97 42
97 41
97 41
98 41
98 41
98 40
98 40
99 40
99 40
99 39
99 39
99 39
98 40
98 40
97 41
97 42
97 42
96 43
96 44
96 44
96 45
95 46
95 47
95 48
95 48
94 49
94 50
93 51
93 52
93 52
93 53
92 54
92 55
91 56
91 57
91 57
91 58
90 59
90 60
89 61
89 62
89 62
89 63
88 64
88 65
88 66
87 67
87 68
87 68
87 69
86 70
86 71
86 72
85 73
85 74
85 74
84 75
84 76
83 77
83 78
82 79
82 79
82 80
81 81
81 82
81 83
80 84
80 85
80 85
79 86
79 87
78 88
78 89
78 89
78 90
77 91
77 92
76 93
76 94
76 94
75 95
74 96
74 96
73 97
73 98
73 98
72 99
72 99
72 99
72 99
72 99
72 98
72 98
72 97
72 96
72 96
73 95
