2 19
2 18
2 17
2 16
2 16
2 15
2 15
2 14
2 14
1 13
1 13
1 13
1 13
1 13
1 13
1 14
1 15
1 15
1 16
1 17
1 17
1 18
1 19
1 20
1 21
1 22
1 22
1 23
1 24
1 25
1 26
1 27
1 27
1 28
1 29
1 30
1 31
1 32
1 33
1 33
1 34
1 35
1 36
1 37
1 38
1 39
1 40
1 40
1 41
1 42
2 43
2 44
2 45
2 46
2 46
2 47
2 48
2 49
2 50
2 51
2 52
2 52
2 53
2 54
2 55
2 55
2 56
2 57
2 58
2 58
3 59
3 59
3 60
3 60
3 59
3 58
3 57
3 56
3 55
3 54
3 53
3 52
3 51
3 50
3 50
3 49
3 48
2 47
2 46
2 45
2 45
1 44
1 43
1 43
0 42
0 42
0 41
0 41
0 40
0 40
0 40
0 40
1 39
1 39
2 38
2 38
3 37
4 37
4 37
5 36
6 36
6 36
7 35
8 34
8 34
9 33
10 33
10 33
11 32
12 32
12 32
13 32
14 32
14 32
15 32
15 32
16 32
16 32
16 32
16 32
16 31
16 30
16 29
16 28
16 27
16 26
16 25
16 24
16 23
16 22
16 21
15 20
15 19
15 18
15 17
15 16
15 15
15 14
15 13
15 12
15 11
15 10
15 9
15 8
15 8
15 7
16 6
16 5
16 5
16 4
16 3
16 2
16 2
16 1
16 1
16 0
16 0
16 0
16 1
16 1
16 2
16 2
16 3
16 4
16 5
16 5
16 6
16 7
15 8
15 9
15 10
15 10
15 11
15 12
15 13
15 14
15 15
15 16
15 16
15 17
15 18
15 19
15 20
15 21
15 22
15 23
15 23
15 24
15 25
15 26
15 27
15 28
15 29
15 30
15 31
15 31
15 32
15 33
15 34
15 35
16 36
16 37
16 38
16 39
16 40
16 40
16 41
16 42
16 43
16 44
16 45
16 46
16 47
16 48
16 49
16 50
16 50
16 51
16 52
16 53
16 54
17 55
17 56
17 57
17 58
17 59
17 59
17 60
17 61
17 62
18 63
18 64
18 65
18 66
18 66
18 67
18 68
18 69
18 70
18 71
18 72
18 72
18 73
18 74
18 75
18 76
18 77
18 78
18 78
18 79
18 80
18 81
18 81
18 82
18 83
18 84
18 84
18 85
18 86
18 86
18 86
18 86
18 86
18 86
18 85
18 85
18 84
19 83
19 82
20 81
20 80
21 79
21 78
21 77
22 76
22 75
23 74
23 73
23 72
24 71
24 70
25 69
25 68
26 67
26 66
26 65
27 64
27 63
28 62
28 61
29 60
29 59
29 58
30 57
30 56
31 55
31 54
31 53
32 52
32 51
33 50
33 49
34 48
34 47
34 47
34 46
34 45
34 45
34 44
34 44
34 43
34 42
34 42
33 41
33 40
33 40
33 39
33 38
33 38
32 37
32 36
32 36
32 35
32 34
32 34
31 34
31 34
30 33
30 33
29 34
29 34
28 35
28 35
27 36
27 36
26 37
26 38
26 38
26 39
25 40
25 41
25 41
25 42
25 43
25 44
25 44
25 45
25 46
25 47
25 47
25 48
25 49
25 50
25 50
25 51
25 52
25 52
26 53
26 53
26 54
26 54
27 54
27 54
28 54
28 54
29 53
29 53
30 52
30 51
30 51
31 50
31 49
31 49
31 48
32 47
32 46
32 46
32 45
32 45
33 44
33 44
33 43
33 43
33 43
33 43
33 44
33 44
33 45
33 45
33 46
33 47
33 47
33 48
33 48
33 49
33 49
34 50
34 50
35 51
35 51
36 51
36 51
37 50
38 50
38 50
39 50
39 50
39 49
39 49
40 49
40 49
40 49
40 49
40 49
40 49
40 48
40 47
40 46
40 45
40 44
40 43
40 42
40 41
40 40
40 39
40 38
40 37
40 37
40 36
40 36
40 35
40 35
41 34
41 34
41 33
41 32
41 32
42 31
42 31
43 30
43 29
43 29
44 28
44 28
45 27
45 27
46 27
46 27
46 27
47 27
47 27
47 27
47 28
47 28
48 29
48 30
48 30
48 31
48 31
48 32
48 33
48 33
48 34
48 35
48 36
48 37
48 37
48 38
48 39
48 40
48 41
48 41
48 42
48 43
48 44
48 45
48 45
48 46
48 47
48 48
48 49
48 50
48 51
48 51
48 52
48 53
47 54
47 55
47 56
47 56
47 57
47 58
47 59
47 60
47 61
47 61
47 62
47 63
47 64
47 65
47 66
47 67
47 67
47 68
47 69
46 70
46 71
46 72
46 72
46 73
46 74
46 75
46 76
46 77
46 77
46 78
45 79
45 80
45 80
45 81
45 82
45 82
44 83
44 83
44 83
44 83
44 82
44 82
45 81
45 80
45 80
45 79
45 78
45 77
45 76
45 75
45 74
45 73
45 72
45 71
45 70
45 69
45 68
45 67
45 66
45 65
45 64
45 63
45 62
45 61
46 60
46 59
46 58
46 57
46 56
46 55
46 54
46 53
46 52
46 51
46 50
46 49
46 48
46 47
46 46
46 45
46 44
46 43
46 42
46 41
46 40
46 40
47 39
47 39
46 38
45 38
45 38
45 37
45 37
46 36
46 36
47 35
47 35
48 34
48 34
49 34
49 34
50 33
50 33
51 33
51 33
52 34
52 34
53 34
53 34
54 35
54 36
54 36
54 37
54 38
54 38
55 39
55 40
55 40
55 41
55 42
55 42
54 43
54 44
54 44
54 45
54 46
54 46
53 47
53 48
53 48
52 49
52 49
51 50
50 51
50 51
49 51
49 51
48 52
48 52
48 52
47 51
47 51
47 50
47 50
48 49
49 49
50 48
51 47
52 47
53 46
54 45
55 45
56 44
57 44
58 43
59 42
60 42
61 41
61 41
60 41
60 41
59 40
59 40
59 40
59 39
59 39
59 38
59 37
59 37
60 36
60 36
61 35
61 34
61 34
61 33
61 33
62 32
62 32
63 31
63 31
64 31
65 31
65 31
66 31
66 31
67 31
67 31
67 32
67 32
68 33
68 33
69 34
69 35
69 35
69 36
69 37
69 38
69 38
69 39
69 40
69 41
69 41
69 42
69 43
69 44
69 45
69 45
69 46
69 47
69 48
69 49
69 49
69 50
69 51
68 52
68 53
68 54
68 54
68 55
68 56
68 57
68 58
68 58
68 59
68 60
67 61
67 62
67 63
67 63
67 64
67 65
67 66
67 67
67 67
67 68
66 69
66 70
66 70
66 71
65 72
65 73
65 73
65 74
65 75
65 75
65 75
65 75
65 75
66 74
66 73
66 73
66 72
66 71
66 71
66 70
66 69
66 68
66 67
66 66
67 65
67 64
67 63
67 62
67 61
67 60
67 59
67 58
67 57
67 56
67 55
68 54
68 53
68 52
68 51
68 50
68 49
68 48
68 47
68 46
68 45
68 44
69 43
69 42
69 41
69 40
69 39
69 38
69 38
68 37
68 37
68 36
68 35
68 35
68 34
68 34
68 33
68 33
69 32
69 32
70 31
70 31
70 30
70 30
71 30
71 30
72 29
72 29
73 30
73 30
74 30
74 30
75 31
75 31
75 32
75 33
75 33
76 34
76 35
76 35
76 36
76 37
76 38
76 38
76 39
76 40
76 40
75 41
75 42
75 42
75 43
75 44
75 44
74 45
74 46
74 46
73 47
73 48
73 48
73 49
73 49
72 49
72 49
72 49
71 49
71 49
71 49
71 49
71 49
71 48
71 48
72 47
73 46
74 45
75 44
75 43
76 42
77 41
78 40
79 39
79 39
79 39
79 38
79 37
79 37
79 36
79 35
79 35
80 34
80 33
80 33
81 32
81 32
82 31
82 31
83 30
83 30
84 29
84 29
85 29
85 29
85 30
85 30
86 31
86 31
87 32
87 33
87 33
88 34
88 35
88 35
88 36
88 37
88 38
88 38
88 39
89 40
89 41
89 41
90 42
90 43
90 43
90 44
90 45
90 45
90 46
90 47
90 47
91 48
91 49
91 49
91 50
91 50
91 50
91 50
91 50
91 49
91 49
91 48
92 47
92 46
93 45
93 44
93 43
94 42
94 41
94 40
95 39
95 38
96 37
96 36
96 35
97 34
97 33
97 33
98 32
98 32
98 32
98 31
98 31
99 31
99 31
99 31
99 31
98 32
98 32
98 33
98 33
98 34
97 35
97 36
97 36
97 37
96 38
96 39
96 39
95 40
95 41
94 42
94 43
94 43
94 44
94 45
93 46
93 47
93 48
93 48
93 49
92 50
92 51
92 52
91 53
91 54
91 54
91 55
91 56
90 57
90 58
90 59
90 60
90 60
90 61
89 62
89 63
89 64
88 65
88 66
88 66
88 67
87 68
87 69
86 70
86 71
85 72
85 73
85 73
85 74
84 75
84 76
84 77
84 78
83 79
83 80
83 80
83 81
82 82
82 83
81 84
81 85
81 85
80 86
80 87
79 88
79 89
79 89
79 90
78 91
78 92
78 93
78 93
78 94
78 95
78 96
78 96
77 97
77 98
77 98
77 99
77 99
77 99
77 99
77 99
77 98
77 98
77 97
77 97
78 96
78 96
78 95
78 94
