0 2
1 1
1 0
1 0
0 1
0 1
0 2
0 3
0 4
0 5
0 5
0 6
0 7
0 8
0 9
0 10
0 11
0 12
0 12
0 13
0 14
0 15
0 16
0 17
0 18
0 19
0 20
0 21
0 21
0 22
0 23
0 24
0 25
0 26
0 27
0 28
0 29
0 29
0 30
0 31
0 32
1 33
1 34
1 35
1 36
1 37
1 37
1 38
1 39
1 40
1 41
1 42
1 43
1 43
1 44
1 45
1 46
1 47
1 48
1 49
1 49
1 50
1 51
1 52
1 52
1 51
1 50
1 49
1 48
1 47
2 46
2 45
2 44
2 43
2 42
2 41
2 41
2 40
3 39
3 38
3 37
3 36
4 35
4 34
4 34
4 33
5 32
5 31
5 31
5 30
5 29
5 29
6 28
7 28
7 28
8 27
9 27
9 27
10 26
11 26
11 26
12 25
13 25
13 25
14 24
15 24
15 24
16 23
17 23
17 23
17 22
17 21
17 20
18 19
18 18
18 17
18 16
18 15
18 14
18 13
18 12
19 11
19 10
19 9
19 8
19 8
19 7
19 6
19 5
18 4
18 3
18 2
18 1
18 1
18 1
18 2
18 2
18 3
18 4
18 5
17 6
17 7
17 8
17 9
17 9
17 10
17 11
17 12
17 13
17 14
17 15
17 16
17 17
17 17
17 18
17 19
17 20
17 21
17 22
17 23
17 24
17 25
17 26
17 27
17 27
17 28
17 29
17 30
17 31
17 32
18 33
18 34
18 35
18 36
18 37
18 38
18 38
18 39
18 40
18 41
18 42
18 43
18 44
18 45
18 46
18 47
18 47
18 48
18 49
18 50
18 51
18 52
18 53
18 54
18 54
18 55
18 56
18 57
19 58
19 59
19 60
19 61
19 61
19 62
20 63
20 64
20 65
20 65
20 66
20 67
20 67
21 68
21 69
21 69
22 68
22 67
23 66
23 65
24 64
24 63
25 62
25 61
26 60
26 59
27 58
27 57
28 56
28 55
29 54
29 53
30 52
30 51
31 50
31 49
32 48
32 47
33 46
33 45
34 44
34 43
35 42
35 42
35 41
36 40
36 39
36 38
36 37
37 36
37 35
37 34
37 33
38 32
38 31
38 30
38 30
37 29
36 28
36 28
35 27
34 27
34 27
33 28
33 29
33 29
32 30
31 31
31 31
31 32
31 33
31 34
31 34
31 35
30 36
30 37
30 37
30 38
30 39
30 40
30 40
30 41
29 42
29 43
29 43
29 44
29 45
29 45
29 46
29 46
29 46
30 46
30 46
31 45
32 45
32 45
32 44
33 43
33 42
33 42
34 41
34 40
35 39
35 39
35 38
36 37
36 36
36 35
36 35
37 34
37 34
38 35
38 35
39 36
39 37
39 37
39 38
40 39
40 40
40 40
40 41
40 42
40 43
40 44
40 44
41 45
41 46
41 46
42 47
42 48
42 48
43 49
43 50
43 50
44 50
44 50
44 49
44 48
45 47
45 46
45 45
45 44
45 43
45 42
46 41
46 40
46 39
46 38
46 37
46 36
47 35
47 34
47 33
47 32
47 31
47 30
48 29
48 28
48 27
48 27
48 26
49 25
49 24
49 23
49 23
49 22
49 21
49 21
49 20
49 20
50 19
51 19
51 19
52 18
52 18
53 19
54 19
54 19
55 20
55 21
56 22
56 22
56 23
56 24
56 25
56 26
56 26
56 27
56 28
56 29
56 30
56 31
56 32
56 33
56 33
56 34
56 35
56 36
56 37
56 38
56 39
56 40
56 41
56 41
56 42
56 43
56 44
55 45
55 46
55 47
55 48
55 49
55 49
55 50
55 51
55 52
54 53
54 54
54 55
54 56
54 57
54 57
54 58
54 59
54 60
53 61
53 62
53 63
53 64
53 64
53 65
53 66
52 67
52 68
52 69
52 69
52 70
51 71
51 72
51 72
51 73
51 74
51 74
51 74
51 73
51 72
51 71
51 70
51 69
52 68
52 67
52 66
52 65
52 64
52 63
52 62
52 61
52 60
52 59
53 58
53 57
53 56
53 55
53 54
53 53
53 52
53 51
53 50
53 49
53 48
54 47
54 46
54 45
54 44
54 43
54 42
54 42
54 41
55 40
55 39
55 38
56 37
56 36
56 35
57 34
57 33
57 32
58 31
58 30
58 30
59 29
59 28
59 28
60 27
60 27
61 28
61 28
62 29
62 29
63 30
63 30
63 31
63 32
63 32
63 33
63 34
63 34
63 35
63 36
63 36
62 37
62 38
61 39
61 39
61 40
60 41
60 42
60 42
59 43
59 44
59 44
58 45
58 45
58 46
58 46
57 46
57 46
57 45
58 44
58 43
58 42
59 41
59 40
59 39
59 38
60 37
60 36
60 35
61 34
61 33
61 32
62 31
62 30
62 29
62 28
63 27
63 26
63 25
64 24
64 23
64 23
65 22
66 21
67 20
68 19
69 18
69 18
70 17
70 17
71 16
71 16
72 15
72 15
73 15
73 15
74 15
75 15
75 15
76 16
76 16
76 17
76 18
76 19
76 20
76 21
76 21
76 22
76 23
76 24
76 25
76 26
76 27
76 27
76 28
76 29
76 30
75 31
75 32
75 33
75 34
75 35
75 35
75 36
75 37
75 38
74 39
74 40
74 41
74 42
74 43
74 43
74 44
74 45
74 46
73 47
73 48
73 49
73 50
73 51
73 51
73 52
73 53
73 54
72 55
72 56
72 57
72 58
72 59
72 59
72 60
72 61
71 62
71 63
71 64
71 65
71 65
71 66
70 67
70 68
70 69
70 69
70 70
69 71
69 72
69 72
69 73
69 74
69 74
69 74
69 73
69 72
70 71
70 70
70 69
70 68
70 67
70 66
71 65
71 64
71 63
71 62
71 61
71 60
72 59
72 58
72 57
72 56
72 55
72 54
73 53
73 52
73 51
73 50
73 50
73 49
73 48
73 47
74 46
74 45
74 44
74 43
74 42
74 41
74 40
75 39
75 38
75 37
75 36
75 36
75 35
75 34
76 33
76 32
76 31
76 30
76 30
76 29
77 28
77 27
77 27
78 26
78 26
79 26
79 26
80 26
80 26
81 27
81 28
81 28
82 29
82 30
82 30
82 31
82 32
82 33
82 33
82 34
82 35
82 36
82 37
82 37
81 38
81 39
81 39
81 40
81 41
81 41
80 42
80 43
80 43
79 44
79 44
78 44
78 44
78 44
78 43
78 42
79 41
79 40
79 39
79 38
80 37
80 36
80 35
80 34
80 33
81 32
81 31
81 30
81 30
82 29
82 28
83 27
84 26
84 25
85 24
85 24
86 24
86 24
87 24
87 24
87 24
88 25
88 25
89 26
89 26
90 26
90 26
91 25
92 25
92 25
93 24
94 23
94 23
95 22
96 21
96 21
96 20
97 19
97 18
97 18
98 17
98 16
98 16
99 16
99 16
98 16
98 16
98 17
98 18
98 19
98 19
98 20
97 21
97 22
97 23
97 24
96 25
96 26
96 27
96 27
96 28
96 29
96 30
96 31
95 32
95 33
95 34
95 35
95 36
95 36
95 37
95 38
94 39
94 40
94 41
94 42
94 43
94 44
93 45
93 46
93 47
93 47
93 48
93 49
92 50
92 51
92 52
92 53
92 54
92 55
91 56
91 57
91 58
91 58
91 59
91 60
91 61
91 62
91 63
90 64
90 65
90 66
90 67
90 68
90 69
90 70
90 70
90 71
90 72
89 73
89 74
89 75
89 76
88 77
88 78
88 79
88 79
88 80
88 81
88 82
87 83
87 84
87 85
87 86
87 87
87 87
87 88
86 89
86 90
86 91
86 92
85 93
85 94
85 94
85 95
85 96
84 97
84 98
84 99
