3 7
3 6
3 6
2 5
2 5
2 6
2 6
2 6
2 7
2 8
2 8
2 9
2 10
2 11
2 11
2 12
2 13
2 14
2 14
2 15
2 16
1 17
1 18
1 19
1 20
1 20
1 21
1 22
1 23
1 24
1 25
1 26
1 26
1 27
1 28
1 29
1 30
1 31
1 32
1 32
1 33
1 34
0 35
0 36
0 37
0 38
0 38
0 39
0 40
0 41
0 42
0 43
0 43
0 44
0 45
0 46
0 47
0 48
0 49
0 49
0 50
0 51
0 52
0 53
0 53
0 54
0 55
0 56
0 57
0 58
0 58
0 59
0 60
0 61
0 62
0 62
0 63
0 64
0 64
0 65
0 65
0 64
0 63
0 62
0 61
0 60
0 59
0 58
0 57
0 56
0 55
0 54
0 53
0 52
0 51
0 50
0 49
0 48
0 47
0 46
0 45
0 44
0 44
0 43
0 42
0 42
0 42
0 42
0 42
0 42
0 42
1 42
1 42
2 41
2 41
3 40
4 39
4 39
5 38
6 37
6 37
7 36
8 35
8 35
9 34
10 34
10 34
11 33
12 33
12 33
13 33
13 33
14 33
14 33
15 33
15 33
15 32
15 31
15 30
15 29
16 28
16 27
16 26
16 25
16 24
16 23
16 22
16 21
16 20
16 19
17 18
17 17
17 16
17 15
17 14
17 13
17 12
17 11
17 10
17 9
18 8
18 7
18 6
18 5
18 4
18 4
18 3
19 2
19 1
19 1
19 0
19 0
19 1
19 1
19 2
19 3
19 3
19 4
19 5
19 6
19 7
19 7
19 8
19 9
19 10
19 11
19 12
19 12
19 13
19 14
19 15
19 16
19 17
19 18
19 18
19 19
19 20
19 21
18 22
18 23
18 24
18 25
18 25
18 26
18 27
18 28
18 29
18 30
18 31
18 31
18 32
18 33
18 34
18 35
18 36
18 37
18 38
18 38
18 39
18 40
18 41
18 42
18 43
18 44
18 44
18 45
18 46
18 47
18 48
18 49
18 50
18 50
18 51
18 52
18 53
18 54
18 55
18 55
18 56
18 57
19 58
19 59
19 60
19 60
19 61
19 62
19 63
19 64
19 64
19 65
19 66
19 67
19 67
19 68
19 69
19 70
19 70
19 71
19 71
20 70
20 69
21 68
21 67
22 66
22 65
23 64
23 63
24 62
24 61
25 60
25 59
26 58
26 57
27 56
27 55
28 54
28 53
29 52
29 51
30 50
30 49
31 48
31 47
32 46
32 45
33 44
33 43
34 42
34 41
35 40
35 39
36 38
36 37
36 37
36 36
36 36
35 35
35 35
35 34
35 34
35 33
35 33
34 32
34 32
34 31
34 31
33 30
33 30
33 30
32 30
32 30
31 31
31 31
30 32
30 32
29 33
29 34
29 34
29 35
28 36
28 37
28 37
28 38
28 39
28 40
28 41
28 41
28 42
27 43
27 44
27 45
27 45
27 46
27 47
27 48
27 48
27 49
27 50
27 51
27 51
27 52
27 53
27 53
28 54
28 54
29 55
29 55
29 55
30 54
30 53
30 53
31 52
31 51
31 51
32 50
32 49
32 49
32 48
33 47
33 46
33 46
33 45
34 44
34 43
34 42
34 42
34 41
34 40
34 39
34 39
34 38
34 37
34 37
35 36
35 36
35 35
35 35
35 35
35 35
35 36
35 36
35 37
35 38
35 38
35 39
35 40
35 40
35 41
36 42
36 43
36 43
37 44
37 45
37 45
37 46
37 47
37 47
38 48
38 49
38 49
39 50
39 50
40 50
40 50
41 51
41 51
42 51
42 51
42 50
42 49
43 48
43 47
43 46
43 45
44 44
44 43
44 42
44 41
45 40
45 39
45 38
45 37
46 36
46 35
46 34
46 34
46 34
46 33
46 33
46 32
46 32
46 31
46 31
46 30
46 29
46 29
46 28
46 28
47 27
47 26
47 26
48 25
48 24
48 24
49 23
49 23
49 22
49 22
50 22
50 22
51 23
51 23
51 24
51 25
51 25
51 26
51 27
51 27
51 28
51 29
51 30
51 30
51 31
51 32
51 33
51 34
51 34
51 35
51 36
51 37
51 38
51 38
51 39
51 40
51 41
51 42
51 43
51 43
51 44
51 45
51 46
51 47
51 48
51 49
51 49
51 50
51 51
51 52
51 53
51 54
51 55
51 55
51 56
51 57
50 58
50 59
50 60
50 61
50 61
50 62
50 63
50 64
50 65
50 66
50 66
50 67
50 68
50 69
50 70
50 71
50 71
50 72
50 73
50 74
50 74
50 75
50 76
50 77
50 77
50 78
50 78
50 79
50 79
50 79
50 78
50 77
50 76
50 75
50 74
50 73
50 72
50 71
50 70
49 69
49 68
49 67
49 66
49 65
49 64
49 63
49 62
49 61
49 60
49 59
49 58
49 57
49 56
49 55
49 54
49 53
49 52
49 51
49 50
48 49
48 48
48 47
48 46
48 45
48 44
48 43
48 42
48 41
48 40
48 40
48 39
49 38
49 37
49 37
49 36
49 35
49 35
49 34
49 34
49 33
49 33
50 32
50 32
51 31
51 30
51 30
52 30
53 30
53 30
54 29
54 29
55 30
55 30
56 31
56 31
57 32
57 33
57 33
57 34
57 35
57 35
56 36
56 37
56 37
56 38
56 39
56 40
56 40
55 41
55 42
55 42
54 43
54 44
54 44
53 45
53 46
53 46
52 47
52 47
51 47
51 47
52 46
52 45
53 44
53 43
54 42
54 41
55 40
55 39
56 38
57 37
57 36
58 35
58 34
59 33
59 32
60 31
60 30
61 29
61 28
62 27
62 27
62 26
62 26
61 25
61 25
61 25
61 24
61 24
62 23
62 23
63 22
63 22
64 21
64 21
65 20
65 20
66 19
67 19
67 19
68 19
68 19
69 19
69 19
69 20
69 21
69 21
70 22
70 23
70 23
70 24
70 25
70 26
70 27
70 27
70 28
70 29
70 30
70 31
70 32
70 32
70 33
70 34
70 35
70 36
70 37
70 37
70 38
70 39
70 40
70 41
70 42
70 42
70 43
70 44
69 45
69 46
69 47
69 48
69 48
69 49
69 50
69 51
69 52
69 53
69 54
69 54
69 55
69 56
68 57
68 58
68 59
68 60
68 60
68 61
68 62
68 63
68 64
68 65
68 65
68 66
68 67
67 68
67 69
67 70
67 70
67 71
67 72
67 73
67 73
67 74
67 75
67 75
67 76
67 77
67 77
67 77
68 77
68 77
68 76
68 76
68 75
68 74
68 73
68 72
68 71
68 70
68 69
68 68
68 67
68 66
68 65
68 64
68 63
68 62
68 61
68 60
68 59
68 58
68 57
68 56
68 55
68 54
67 53
67 52
67 51
67 50
67 49
67 48
67 47
67 46
67 45
67 44
67 43
67 42
67 41
67 40
67 39
67 38
67 37
67 36
67 35
67 34
67 33
67 32
67 31
67 30
67 30
67 29
67 28
67 28
67 27
67 27
67 27
67 26
67 26
68 25
68 25
69 24
69 24
70 23
70 23
71 23
71 23
72 23
73 23
73 23
74 24
74 24
75 25
75 26
75 26
75 27
75 28
75 29
75 29
75 30
75 31
75 32
75 32
75 33
75 34
75 35
75 35
75 36
74 37
74 38
74 38
73 39
73 40
73 40
73 41
72 42
72 43
72 43
71 44
71 45
71 45
70 46
70 46
69 47
69 47
68 47
68 47
68 47
68 46
69 45
69 44
70 43
70 42
70 41
71 40
71 39
71 38
72 37
72 36
73 35
73 34
73 33
74 32
74 31
74 30
75 29
75 28
76 27
76 26
76 25
77 24
77 23
77 22
78 21
78 20
79 19
79 18
79 17
80 16
80 15
80 15
80 15
80 15
80 15
81 16
81 16
82 17
82 17
82 18
82 19
82 19
83 20
83 21
83 21
83 22
84 23
84 24
84 24
85 25
85 26
85 26
85 27
86 28
86 29
86 29
87 30
87 31
87 31
87 32
87 33
87 33
88 33
88 33
89 33
89 33
89 33
89 32
90 31
90 30
90 30
91 29
91 28
92 27
92 27
92 26
93 25
93 24
93 23
93 23
93 22
94 21
94 20
94 20
95 19
95 18
96 17
96 17
96 16
97 15
97 14
97 14
98 13
98 12
98 12
98 11
98 11
98 10
98 9
98 9
99 9
99 9
99 8
99 8
99 8
99 8
99 8
99 9
98 10
98 11
98 11
98 12
98 13
98 14
98 14
98 15
98 16
98 17
98 18
98 19
98 20
98 20
98 21
98 22
98 23
97 24
97 25
97 26
97 27
97 28
97 28
97 29
97 30
97 31
96 32
96 33
96 34
96 35
96 36
96 36
96 37
95 38
95 39
95 40
95 41
94 42
94 43
94 44
94 44
94 45
94 46
94 47
94 48
93 49
93 50
93 51
93 52
93 53
93 54
93 54
93 55
93 56
92 57
92 58
92 59
92 60
92 61
91 62
91 63
91 64
91 64
91 65
91 66
90 67
90 68
90 69
90 70
90 71
89 72
89 73
89 74
89 74
89 75
88 76
88 77
88 78
87 79
87 80
87 81
87 82
86 83
86 84
86 84
86 85
85 86
85 87
85 88
85 89
84 90
84 91
84 92
84 92
84 93
84 94
84 95
83 96
83 97
83 98
83 99
