5 10
5 10
5 9
5 9
5 9
5 10
5 10
5 10
5 10
5 11
5 11
6 11
6 11
6 12
6 12
7 13
7 13
8 14
8 15
8 15
8 16
8 16
9 17
9 18
9 18
9 19
9 19
10 20
10 21
10 21
10 22
10 23
10 24
10 24
10 25
10 26
10 26
10 27
10 28
10 29
10 30
10 30
10 31
10 32
10 33
10 33
10 34
10 35
10 36
10 37
10 37
10 38
9 39
9 40
9 40
9 41
8 42
8 43
8 43
8 44
7 45
7 46
7 47
7 47
7 48
6 49
6 50
6 50
6 51
5 52
5 53
5 53
5 54
4 55
4 56
4 56
3 57
3 58
3 58
2 59
2 60
2 60
1 61
1 62
1 62
0 63
0 63
0 63
0 63
0 62
0 61
0 61
0 60
1 59
1 58
1 57
1 56
2 55
2 54
2 53
2 52
3 51
3 50
3 49
3 48
4 47
4 46
4 45
4 44
5 43
5 42
5 41
5 40
6 39
6 38
6 37
7 36
7 35
7 34
7 33
8 32
8 31
8 30
8 29
9 28
9 27
9 26
9 25
10 24
10 23
10 22
10 21
11 20
11 19
11 18
11 17
12 16
12 15
12 15
12 14
12 14
13 13
13 13
14 12
14 11
14 11
14 10
14 10
15 9
15 9
16 8
16 8
17 7
18 7
18 7
19 6
19 6
20 5
20 5
21 4
21 4
22 3
22 3
23 2
24 2
24 2
25 1
25 1
26 1
26 1
27 0
27 0
27 0
28 0
28 0
28 0
28 0
28 0
29 0
29 0
29 0
29 0
29 0
29 0
29 0
29 0
29 0
29 0
29 0
29 0
29 1
29 1
29 1
29 1
29 1
29 1
29 1
29 1
29 1
29 1
29 1
29 2
29 2
29 2
29 3
29 3
29 3
29 4
29 4
28 5
28 5
28 6
28 6
28 7
28 8
28 8
28 9
28 9
28 10
28 10
28 11
28 11
28 12
28 13
28 13
28 14
28 15
28 15
28 16
28 16
28 17
28 18
28 18
28 19
28 19
28 20
28 21
28 21
28 22
28 23
28 23
28 24
28 24
28 25
28 26
28 26
28 27
28 28
28 28
28 29
28 29
28 30
28 31
28 31
28 32
28 32
28 33
28 34
28 34
29 35
29 36
29 36
29 37
29 37
29 38
29 38
29 39
29 40
29 40
29 41
29 41
29 42
29 43
29 43
29 44
29 45
29 45
29 46
29 46
29 47
29 48
29 48
29 49
29 50
29 50
29 51
29 51
29 52
29 53
29 53
30 54
30 54
30 55
30 56
30 56
30 57
30 57
30 58
30 58
30 59
30 60
30 60
30 61
30 62
30 62
30 63
30 63
30 64
30 65
30 65
30 66
30 67
30 67
30 68
30 69
30 69
30 70
30 71
30 71
29 72
29 72
29 73
29 74
29 74
29 75
29 75
29 75
28 76
28 76
28 76
27 77
27 77
27 77
26 78
26 78
25 78
25 78
24 78
24 78
23 78
22 78
22 78
21 77
21 76
21 76
21 75
21 74
21 73
20 72
20 71
20 70
20 69
20 68
20 67
20 66
19 65
19 64
19 63
19 62
19 61
19 60
19 59
18 58
18 57
18 56
18 55
18 54
18 53
17 52
17 51
17 50
17 49
17 48
17 47
17 46
16 45
16 44
16 43
16 42
16 41
16 40
16 39
15 38
15 37
15 36
15 35
15 34
15 33
15 32
14 31
14 30
14 29
14 28
14 28
14 28
14 28
15 27
15 27
15 27
16 26
16 26
17 25
17 25
18 24
18 24
19 23
19 23
20 22
20 21
20 21
21 20
22 20
22 20
22 20
23 19
23 19
23 19
23 19
23 19
23 19
23 19
22 19
22 19
21 18
20 18
20 18
20 18
20 18
20 18
20 18
20 18
20 18
20 19
20 19
20 19
20 20
20 20
20 20
20 21
20 21
20 22
20 22
20 23
20 23
20 24
20 24
20 25
20 25
20 26
20 26
20 27
20 27
19 28
19 28
19 29
19 29
19 30
19 30
19 31
19 31
19 32
19 32
19 33
19 33
18 34
18 34
18 34
18 35
18 35
18 35
18 35
18 36
18 36
18 36
18 36
18 36
18 36
18 36
18 36
18 36
18 36
18 36
18 36
18 36
18 36
19 36
19 36
19 35
19 35
19 35
20 35
20 35
20 35
20 35
21 35
21 35
21 35
21 35
21 35
21 35
21 35
21 35
21 36
21 36
21 36
21 36
21 37
21 37
21 37
21 38
21 38
21 39
21 39
20 40
20 40
20 41
20 41
20 42
20 42
20 43
20 43
20 44
20 44
20 45
20 45
20 45
20 46
20 46
20 47
20 47
20 48
20 48
20 48
20 49
20 49
21 49
21 49
21 49
21 49
21 49
22 49
22 49
22 49
23 49
23 49
23 48
23 48
24 48
24 48
24 48
24 47
24 47
25 47
25 47
25 47
25 47
25 46
25 46
25 46
25 46
24 45
24 45
24 45
24 44
24 44
24 44
23 44
23 44
23 44
23 44
23 44
23 43
23 43
24 43
24 43
24 43
25 42
25 42
25 42
26 41
26 41
26 41
27 41
27 41
27 41
27 41
27 41
27 42
27 42
27 42
28 41
28 40
29 39
29 38
30 37
30 36
31 35
31 34
32 33
33 32
33 31
34 30
34 29
35 28
35 27
36 26
36 25
37 24
37 23
38 22
38 22
38 22
38 23
38 23
38 23
38 23
38 23
38 22
38 22
38 22
39 22
39 22
40 21
40 21
41 20
41 20
42 19
43 19
43 19
44 18
45 18
45 18
46 17
46 17
47 16
48 16
48 16
48 15
48 15
49 14
49 14
50 14
50 14
50 13
50 13
50 13
50 13
50 13
50 13
49 13
49 13
49 13
48 13
48 13
48 13
47 13
47 13
46 12
46 12
46 12
46 12
45 12
45 12
45 12
45 12
45 12
45 13
45 13
45 14
45 14
45 15
45 15
45 16
45 17
45 17
45 18
45 18
45 19
45 20
45 20
45 21
45 22
45 22
45 23
45 24
45 24
45 25
45 26
45 26
45 27
45 27
45 28
45 28
46 29
46 29
46 29
46 29
46 29
47 29
47 29
47 29
47 28
47 28
48 28
48 28
48 27
48 27
48 27
48 27
49 26
49 26
49 26
49 26
49 26
48 26
48 26
48 26
47 27
46 28
45 29
44 30
43 31
42 32
41 33
41 33
41 34
41 34
40 34
40 34
40 34
40 34
40 34
40 35
40 35
40 35
40 36
40 36
40 37
40 37
39 38
39 38
39 39
39 39
39 40
39 40
39 41
39 42
39 42
39 43
39 43
39 44
39 44
39 44
39 45
39 45
39 46
39 46
39 46
39 46
39 46
39 46
40 45
41 44
41 44
41 43
41 43
42 43
42 43
42 44
42 44
42 44
43 44
43 44
43 44
44 45
44 45
44 45
45 46
45 46
46 47
46 47
47 47
47 47
48 47
48 47
49 47
49 47
50 47
50 47
51 46
51 46
52 46
52 46
53 45
53 45
54 44
54 44
54 44
55 44
55 44
55 43
55 43
55 43
54 42
54 42
54 41
54 41
53 41
53 41
53 40
53 40
52 40
52 40
51 40
51 40
51 40
50 40
50 40
50 40
50 40
50 40
50 40
50 40
51 39
51 39
52 39
52 39
53 38
53 38
54 37
54 37
55 37
55 37
56 36
56 36
57 36
58 36
58 36
59 36
59 36
59 36
60 36
60 36
60 36
61 36
61 36
61 36
61 36
61 36
60 36
60 36
60 35
60 34
61 33
61 32
61 31
61 30
62 29
62 28
62 27
62 26
63 25
63 24
63 23
63 22
63 21
64 20
64 19
64 18
64 17
65 16
65 15
65 14
65 13
66 12
66 11
66 10
66 10
67 10
67 10
67 9
67 9
67 9
67 9
67 9
67 9
67 9
67 9
67 10
67 10
67 10
67 10
68 10
68 10
68 11
68 11
68 12
68 12
68 13
68 13
69 14
69 14
69 15
69 16
69 16
69 17
69 18
69 18
69 19
69 20
69 20
69 21
69 21
69 22
69 23
69 23
69 24
69 24
68 25
68 25
68 25
68 26
68 26
67 26
67 26
67 26
66 26
66 26
65 26
65 26
65 25
65 25
64 25
64 25
63 25
63 25
62 24
62 24
62 24
61 24
61 24
61 24
60 24
60 24
60 24
60 24
60 24
61 23
61 23
61 22
61 22
62 21
63 20
63 20
64 19
65 19
65 19
66 18
67 18
67 18
68 17
69 17
69 17
70 16
71 16
71 16
72 15
73 15
73 15
74 15
74 15
74 15
75 15
75 15
75 15
75 15
75 16
75 16
74 16
74 16
73 17
73 17
72 18
72 18
71 19
71 20
71 20
70 21
69 21
69 21
68 22
68 22
67 23
67 23
66 24
66 24
66 25
66 25
66 25
66 25
66 25
66 25
67 24
67 24
68 24
68 24
69 23
69 23
70 23
70 23
71 22
72 22
72 22
72 21
72 21
73 21
73 21
74 21
74 21
74 21
74 21
74 21
74 21
74 21
74 21
74 21
74 21
73 22
73 22
73 22
73 23
73 23
72 24
72 24
72 24
71 25
71 25
71 26
71 26
70 26
70 26
69 27
68 28
68 29
67 30
66 31
66 31
66 32
66 32
65 33
65 33
65 33
65 33
65 33
65 33
65 33
65 33
65 33
65 33
65 33
65 33
65 32
65 32
66 32
66 32
66 32
67 31
67 31
68 31
68 31
69 30
69 30
69 30
70 30
70 30
70 30
71 29
71 29
71 29
71 29
71 29
71 29
71 29
71 30
71 30
71 31
71 31
71 32
71 32
71 32
71 33
71 33
71 33
71 33
72 33
72 33
72 33
72 33
73 32
73 32
74 32
74 32
75 32
75 32
76 31
76 31
77 30
78 30
78 30
79 29
79 29
80 29
80 29
81 28
81 28
82 28
82 28
83 27
83 27
83 27
84 27
84 27
84 27
84 27
84 27
84 27
83 27
83 27
83 27
82 27
82 27
81 28
80 28
79 29
78 30
77 30
76 31
76 31
75 32
74 32
73 33
73 33
73 33
72 33
72 33
72 33
72 33
72 34
72 34
72 34
72 35
72 35
72 35
73 36
73 36
73 36
74 36
74 36
74 36
75 35
75 35
76 34
76 34
77 34
77 34
78 33
78 33
79 32
79 32
80 32
80 32
80 32
81 32
81 32
82 32
82 32
82 32
83 32
83 32
84 32
84 32
84 31
84 31
84 31
84 31
84 31
83 31
83 31
83 32
83 32
82 33
81 33
80 34
79 35
78 35
77 36
76 36
75 37
74 38
73 38
72 39
71 40
70 40
69 41
68 42
67 42
66 43
65 43
64 44
63 45
62 45
61 46
61 46
60 47
59 48
59 48
58 48
58 48
57 48
57 48
57 49
57 49
56 49
56 49
56 49
56 49
56 49
57 49
57 49
57 49
58 49
58 49
59 48
60 48
60 48
61 48
62 48
62 48
63 47
64 47
64 47
65 47
66 47
66 47
67 47
68 46
69 46
69 46
70 46
71 45
72 45
72 45
73 45
74 44
75 44
75 44
76 44
77 43
78 43
78 43
79 43
80 42
81 42
81 42
82 42
83 41
84 41
84 41
85 40
86 40
86 40
87 40
88 39
89 39
89 39
90 39
91 39
91 39
92 38
93 38
93 38
94 37
95 37
95 37
96 37
96 37
97 36
97 36
98 35
98 35
99 35
99 35
99 34
99 34
98 34
98 34
98 33
98 33
98 33
97 32
97 32
96 32
96 32
96 31
96 31
95 30
95 30
94 29
94 28
94 28
93 27
93 27
92 26
92 25
92 25
91 24
91 23
90 22
90 22
89 21
89 20
89 20
89 20
88 19
87 18
86 17
85 16
84 15
83 14
83 14
82 13
82 12
82 12
81 11
80 10
80 10
79 9
79 8
79 8
78 7
78 7
77 7
77 7
76 6
76 6
75 6
75 6
75 6
75 6
74 6
74 6
74 6
74 6
74 6
74 6
74 5
74 5
74 5
75 5
75 5
75 5
75 5
75 5
75 5
75 5
75 5
75 5
75 5
75 5
75 5
75 5
75 5
75 5
75 5
75 5
75 5
75 6
75 6
75 6
75 6
76 7
76 7
76 8
76 8
76 9
76 9
76 10
76 10
76 11
76 12
76 12
76 13
76 14
76 15
76 15
76 16
76 17
76 17
76 18
76 19
76 20
76 20
76 21
76 22
76 23
76 23
76 24
76 25
76 26
76 27
76 27
76 28
76 29
76 30
76 30
76 31
76 32
76 33
76 34
76 34
76 35
76 36
76 37
76 37
77 38
77 39
77 39
77 40
77 41
77 42
77 42
77 43
77 44
77 45
77 46
77 46
77 47
77 48
77 49
77 49
77 50
77 51
77 52
77 52
77 53
77 54
77 55
77 55
77 56
77 57
77 58
77 58
77 59
76 60
76 61
76 61
76 62
76 63
76 64
76 64
76 65
76 66
76 67
76 68
76 68
76 69
76 70
76 71
76 72
76 72
76 73
75 74
75 75
75 75
75 76
75 77
75 78
75 78
75 79
75 80
75 81
75 81
75 82
75 83
75 84
75 85
75 85
75 86
75 87
75 88
75 88
75 89
75 90
75 91
75 92
75 92
75 93
75 94
75 95
75 95
75 96
75 97
75 97
75 98
75 99
75 99
