2 19
2 18
2 18
2 17
2 17
1 16
1 16
2 16
2 16
2 15
2 15
2 15
2 15
3 16
3 16
3 17
3 17
3 18
4 19
4 20
4 20
5 21
5 22
6 23
6 23
6 24
6 25
7 26
7 27
7 28
7 28
7 29
7 30
8 31
8 32
8 33
8 34
8 34
8 35
8 36
9 37
9 38
9 39
9 40
9 40
9 41
9 42
9 43
9 44
9 45
9 45
9 46
9 47
9 48
9 49
9 50
9 50
9 51
8 52
8 53
8 54
8 54
8 55
8 56
7 57
7 58
7 59
7 59
6 60
6 61
5 62
5 63
5 63
5 64
4 65
4 66
4 67
4 67
3 68
3 69
2 70
2 70
1 71
1 72
1 72
0 73
0 74
0 74
0 75
0 75
0 74
0 73
1 72
1 71
1 70
1 69
2 68
2 67
2 66
2 65
2 64
3 63
3 62
3 61
3 60
4 59
4 58
4 57
4 56
5 55
5 54
5 53
5 52
5 51
6 50
6 49
6 48
6 47
7 46
7 45
7 44
7 43
7 42
8 41
8 40
8 39
8 38
9 37
9 36
9 35
9 34
9 33
10 32
10 31
10 30
10 29
11 28
11 27
11 26
11 25
12 24
12 23
12 22
12 21
12 20
13 19
13 18
13 17
13 16
14 15
14 14
14 13
14 13
15 13
15 13
15 13
15 14
15 14
16 14
17 14
17 14
18 13
19 13
19 13
20 12
21 11
21 11
22 11
23 10
24 10
24 10
25 9
26 8
26 8
27 7
28 7
28 7
29 6
29 6
30 5
30 5
31 5
31 5
31 6
31 6
31 7
31 7
31 8
31 8
31 9
31 9
32 10
32 10
32 11
32 11
32 12
32 13
32 13
32 14
32 15
32 16
32 16
32 17
32 18
32 19
32 20
32 21
32 21
32 22
32 23
32 24
32 25
32 26
32 27
32 27
32 28
32 29
32 30
32 31
32 32
32 33
32 34
32 34
32 35
32 36
32 37
33 38
33 39
33 40
33 41
33 41
33 42
33 43
33 44
33 45
33 46
33 47
33 48
33 48
33 49
33 50
33 51
33 52
33 53
33 54
33 55
33 55
33 56
33 57
34 58
34 59
34 60
34 61
34 61
34 62
34 63
34 64
34 65
34 66
34 66
34 67
34 68
35 69
35 70
35 71
35 71
35 72
35 73
35 74
35 75
35 75
35 76
34 77
34 78
34 79
34 79
34 80
34 81
34 81
33 82
33 83
33 83
32 84
32 85
32 85
31 86
31 87
31 87
30 88
30 88
29 88
29 88
28 87
28 87
28 86
28 85
27 84
27 83
27 82
27 81
27 80
26 79
26 78
26 77
26 76
26 75
25 74
25 73
25 72
25 71
25 70
24 69
24 68
24 67
24 66
24 65
23 64
23 63
23 62
23 61
22 60
22 59
22 58
22 57
22 56
21 55
21 54
21 53
21 52
21 51
20 50
20 49
20 48
20 47
20 46
19 45
19 44
19 43
19 42
19 41
18 40
18 39
18 38
18 38
18 37
18 36
19 35
19 34
19 33
19 33
19 32
19 31
19 31
20 30
20 30
21 29
21 29
22 28
22 28
23 27
23 27
24 26
24 26
25 25
25 25
26 24
26 24
26 23
26 23
25 23
24 23
24 23
23 24
23 25
22 26
22 26
21 27
21 28
21 28
21 29
21 29
21 30
21 30
21 31
21 31
21 32
21 32
21 32
22 32
22 32
22 31
22 31
22 32
21 33
21 34
21 34
21 35
21 36
21 36
21 37
21 38
21 38
21 39
21 39
21 40
21 41
21 41
21 41
21 41
21 41
21 41
21 40
21 40
21 39
21 39
21 39
21 39
21 40
21 40
21 41
21 41
22 41
22 41
22 42
22 42
22 42
23 42
23 42
23 41
23 41
24 40
24 40
24 39
24 39
24 39
25 38
25 38
25 39
25 39
25 40
25 40
25 41
25 42
25 43
25 43
25 44
25 45
25 45
25 46
25 47
25 48
25 48
24 49
24 50
24 50
23 51
23 51
23 52
23 52
23 53
23 53
23 53
23 52
23 52
24 51
24 50
25 49
26 48
27 47
27 46
28 45
29 44
29 43
30 42
31 41
31 40
32 39
33 38
34 37
34 36
35 35
36 34
36 33
37 32
38 31
38 30
39 29
40 28
41 27
41 26
42 25
43 24
43 23
44 22
44 22
43 23
42 23
42 23
41 23
41 23
42 24
42 24
42 25
42 25
43 25
44 25
44 25
45 25
46 24
47 24
47 24
48 23
49 23
49 23
50 23
51 22
52 22
52 22
53 21
54 20
54 20
55 20
56 19
57 19
57 19
58 19
58 19
58 18
58 18
59 17
59 17
58 16
58 15
57 14
57 13
56 12
55 11
55 10
54 9
54 8
53 7
53 7
52 8
51 8
51 8
51 8
51 9
51 10
51 11
51 11
51 12
51 13
51 14
51 15
51 15
51 16
51 17
51 18
51 19
51 20
51 20
51 21
51 22
51 23
51 24
51 25
51 25
51 26
51 27
51 28
51 29
51 30
51 30
51 31
51 32
51 33
51 34
51 34
51 35
51 36
51 37
51 37
51 38
51 39
51 40
51 40
51 41
51 41
51 42
51 42
52 42
52 42
52 42
53 41
53 41
54 40
54 39
54 39
54 38
55 37
55 36
55 36
56 35
56 34
56 34
57 33
57 33
57 33
57 34
57 34
57 35
57 35
56 36
56 36
56 37
56 38
56 38
55 39
54 40
53 41
52 42
51 43
50 44
49 45
49 46
48 47
47 48
46 49
45 50
44 51
43 52
43 52
44 53
44 53
43 53
43 53
43 54
43 55
43 56
43 56
43 57
44 58
44 59
44 59
44 60
44 61
44 62
44 62
44 63
45 64
45 65
45 65
45 66
45 67
45 67
46 68
46 68
46 69
46 69
47 69
47 69
48 69
48 69
48 68
48 68
48 67
48 67
48 66
48 66
48 65
48 65
48 64
48 64
47 63
47 62
47 62
47 61
48 60
48 59
48 59
48 58
48 58
49 57
49 56
49 56
50 56
50 56
51 56
51 56
52 56
53 56
53 56
54 56
55 56
55 56
56 56
57 56
57 56
58 56
59 56
59 56
60 56
61 57
62 57
62 57
63 58
63 59
63 59
64 60
64 61
64 61
65 62
65 63
65 63
65 64
65 65
65 65
65 66
64 67
64 68
64 68
63 69
63 70
63 70
62 71
62 72
62 72
61 73
61 74
61 74
60 75
60 75
60 75
60 75
60 74
61 73
61 72
61 71
62 70
62 69
62 68
63 67
63 66
63 65
64 64
64 63
64 62
65 61
65 60
65 59
66 58
66 57
66 56
67 55
67 54
67 53
68 52
68 51
68 50
69 49
69 48
69 47
70 46
70 45
70 44
71 43
71 42
71 41
72 40
72 39
72 38
73 37
73 36
73 35
74 34
74 33
74 32
75 31
75 30
75 29
76 28
76 27
76 26
77 25
77 24
77 23
78 22
78 21
78 20
79 19
79 18
79 18
80 18
80 18
81 17
81 17
82 16
82 16
83 15
83 14
83 14
84 13
84 12
84 12
85 11
85 11
86 10
86 10
86 9
86 9
87 8
87 7
87 7
86 6
86 6
86 5
86 4
86 4
86 3
86 3
86 3
85 4
85 4
85 5
85 6
85 6
85 7
85 8
85 9
85 9
85 10
85 11
85 12
85 13
85 13
85 14
85 15
85 16
85 16
86 17
86 18
86 18
86 19
86 19
87 19
87 19
88 19
88 19
89 18
89 18
90 17
90 16
90 16
91 15
91 15
91 14
91 13
91 13
92 12
92 12
92 11
92 10
92 10
92 9
92 9
92 8
92 8
93 8
93 8
93 9
93 9
93 10
93 11
93 11
93 12
93 13
93 14
93 14
93 15
92 16
92 17
92 17
92 18
92 19
92 20
92 20
92 21
91 22
91 23
91 23
91 24
91 25
91 25
90 25
89 26
88 26
87 27
86 27
85 28
84 28
83 29
82 29
81 30
80 30
79 31
78 31
77 32
76 32
75 33
74 33
73 34
72 34
72 34
73 35
73 35
74 35
74 35
75 34
75 34
76 33
77 33
77 33
78 33
79 32
80 32
80 32
81 32
82 31
83 31
83 31
84 31
85 30
86 30
86 30
87 30
88 29
89 29
89 29
90 29
91 28
92 28
92 28
93 28
94 28
94 28
95 28
95 28
96 28
96 28
95 28
95 28
94 29
94 29
93 30
92 30
92 30
91 31
90 31
89 32
88 33
87 34
86 34
85 35
84 36
83 36
82 37
82 37
81 38
80 39
79 40
78 41
78 41
77 42
77 42
77 43
77 43
77 43
78 43
78 43
79 43
80 43
80 43
81 42
81 42
82 41
83 40
83 40
84 39
84 39
85 38
85 38
85 37
85 37
85 36
85 35
85 35
85 34
85 34
84 34
84 34
84 34
83 35
83 35
83 36
83 36
83 37
82 38
82 39
82 39
82 40
82 41
82 41
82 42
82 43
82 43
82 44
82 45
82 45
83 46
83 46
84 46
84 46
85 46
85 46
86 45
86 45
87 44
87 44
88 43
89 43
89 43
90 42
90 42
91 41
91 40
91 40
92 39
92 39
93 38
93 37
93 37
94 36
94 35
94 35
95 34
95 34
96 33
96 33
96 32
96 32
97 32
97 32
97 32
96 33
96 33
96 34
96 34
95 35
94 36
93 37
92 38
92 39
91 40
90 41
89 42
88 43
87 44
86 45
85 46
84 47
84 48
83 49
82 50
81 51
80 52
79 53
78 54
77 55
76 56
76 57
75 58
74 59
73 60
72 61
72 61
73 60
74 60
74 60
75 59
75 59
76 58
77 58
77 58
78 58
79 57
80 57
80 57
81 56
82 56
83 55
84 55
84 55
85 54
86 54
87 53
87 53
88 53
89 52
90 52
91 52
91 52
92 52
93 51
94 51
94 51
95 50
96 50
96 50
97 49
98 49
98 49
98 49
99 49
99 49
99 49
98 49
98 49
97 49
97 49
96 50
95 51
94 51
93 52
92 53
91 54
90 54
89 55
88 56
87 57
86 57
85 58
84 59
84 59
84 60
84 61
84 61
84 61
84 61
84 61
85 61
85 61
86 60
86 60
87 59
87 59
88 58
88 57
88 57
89 56
90 55
90 55
91 54
91 54
92 53
92 53
93 52
93 52
93 51
93 50
93 50
93 49
93 49
93 48
93 47
93 47
93 46
93 45
93 44
92 43
92 42
92 41
92 40
92 39
92 38
92 37
92 36
91 35
91 34
91 33
91 32
91 31
91 30
91 29
91 28
90 27
90 26
90 25
90 24
90 23
90 22
90 21
90 20
89 19
89 18
89 17
89 16
89 15
89 14
89 13
89 12
88 11
88 10
88 9
88 8
88 8
88 7
88 6
88 5
88 4
88 3
88 3
88 2
88 2
88 1
88 1
87 1
87 1
87 1
87 1
87 1
87 2
87 2
87 3
87 4
87 5
87 6
87 6
87 7
87 8
88 9
88 10
88 11
88 11
88 12
88 13
88 14
88 15
88 16
88 17
88 18
88 18
88 19
88 20
88 21
88 22
88 23
88 24
88 25
88 25
88 26
88 27
88 28
88 29
88 30
88 31
88 32
88 33
88 34
88 34
88 35
88 36
88 37
89 38
89 39
89 40
89 41
89 41
89 42
89 43
90 44
90 45
90 46
90 47
90 47
90 48
90 49
90 50
90 51
90 52
90 53
90 53
90 54
90 55
91 56
91 57
91 58
91 58
91 59
91 60
90 61
90 62
90 63
90 64
90 64
90 65
90 66
90 67
90 68
90 69
90 69
90 70
90 71
91 72
91 73
91 74
91 75
91 75
91 76
91 77
91 78
91 79
91 80
91 80
91 81
91 82
91 83
91 84
91 85
91 85
91 86
91 87
91 88
91 89
91 89
91 90
91 91
91 92
91 93
91 93
91 94
91 95
91 96
91 96
91 97
91 98
91 98
90 99
90 99
90 99
90 99
90 99
