5 15
5 14
5 14
5 13
5 13
5 13
5 14
5 14
6 15
6 16
6 16
6 17
6 18
6 19
6 19
6 20
7 21
7 22
7 22
7 23
7 24
7 25
7 26
7 27
7 27
7 28
7 29
7 30
7 31
7 32
7 32
7 33
7 34
8 35
8 36
8 37
8 38
8 38
8 39
8 40
8 41
8 42
8 43
8 44
8 44
8 45
8 46
8 47
7 48
7 49
7 50
7 51
7 51
7 52
7 53
7 54
6 55
6 56
6 57
6 58
6 58
6 59
6 60
5 61
5 62
5 63
5 63
5 64
5 65
4 66
4 67
4 68
4 68
3 69
3 70
2 71
2 72
2 72
2 73
1 74
1 75
1 76
1 76
0 77
0 78
0 78
0 79
0 79
0 79
0 78
0 77
1 76
1 75
1 74
1 73
1 72
1 71
2 70
2 69
2 68
2 67
2 66
2 65
3 64
3 63
3 62
3 61
3 60
3 59
4 58
4 57
4 56
4 55
4 54
4 53
5 52
5 51
5 50
5 49
5 48
5 47
6 46
6 45
6 44
6 43
6 42
6 41
7 40
7 39
7 38
7 37
7 36
7 35
8 34
8 33
8 32
8 31
8 30
8 29
9 28
9 27
9 26
9 25
9 24
9 23
10 22
10 21
10 20
10 19
10 19
11 18
11 17
12 16
12 15
12 15
13 14
13 14
12 13
12 13
13 12
13 12
14 11
15 11
15 11
16 10
17 10
17 10
18 10
19 9
20 9
20 9
21 8
22 7
22 7
23 6
24 6
25 5
25 5
26 4
27 3
27 3
28 2
29 2
29 2
30 1
30 1
30 1
30 1
30 1
30 1
30 1
30 1
30 2
30 3
30 3
30 4
30 5
30 5
30 6
30 7
30 8
30 8
30 9
30 10
30 11
30 12
30 13
30 13
30 14
30 15
30 16
30 17
30 18
30 19
30 19
30 20
30 21
30 22
30 23
30 24
30 25
30 26
30 26
30 27
30 28
30 29
30 30
30 31
30 32
30 33
30 34
30 34
30 35
30 36
30 37
31 38
31 39
31 40
31 41
31 42
31 42
31 43
31 44
31 45
31 46
31 47
31 48
31 48
31 49
31 50
32 51
32 52
32 53
32 54
32 54
32 55
32 56
32 57
32 58
32 59
32 60
32 61
32 61
32 62
33 63
33 64
33 65
33 65
33 66
33 67
33 68
33 69
33 70
33 70
33 71
33 72
33 73
33 74
33 75
33 75
33 76
33 77
33 78
33 79
33 79
33 80
33 81
33 81
32 82
32 82
31 83
31 83
30 83
30 83
29 82
29 82
29 81
28 80
28 79
27 78
27 77
26 76
26 75
25 74
25 73
25 72
24 71
24 70
23 69
23 68
22 67
22 66
21 65
21 64
20 63
20 62
20 61
19 60
19 59
18 58
18 57
17 56
17 55
16 54
16 53
16 52
15 51
15 50
14 49
14 48
13 47
13 46
12 45
12 44
12 44
13 43
13 42
14 41
14 40
15 39
15 38
15 38
15 37
16 36
16 35
16 35
17 34
18 34
18 34
19 33
20 32
20 32
20 31
21 30
21 29
21 29
22 28
23 27
23 27
23 26
23 25
23 25
24 25
24 25
24 24
24 24
23 23
23 23
23 23
22 24
22 25
22 25
21 26
20 27
20 27
20 28
19 29
19 30
19 30
19 31
19 32
19 33
19 33
18 34
18 35
18 35
18 36
18 36
18 37
18 37
19 38
19 38
19 39
19 39
19 39
20 39
20 39
20 39
20 40
20 40
19 40
19 40
19 41
19 41
18 42
18 43
18 43
18 44
18 44
17 45
17 46
17 46
17 47
17 48
17 48
16 49
16 49
16 50
16 50
17 50
17 50
17 50
18 50
18 50
18 49
18 49
19 49
19 49
19 49
19 49
19 50
19 50
19 51
19 51
19 52
19 52
19 53
19 53
19 53
19 53
20 52
20 52
20 51
20 51
21 50
21 49
21 49
22 48
22 47
22 47
22 46
22 46
23 46
23 46
24 47
24 47
24 48
24 49
24 50
24 50
24 51
25 52
25 53
25 53
25 54
25 55
25 56
25 56
25 57
24 58
24 59
24 59
24 60
24 61
24 61
24 62
23 63
23 64
23 64
22 65
22 65
21 66
21 66
20 66
20 66
20 65
21 64
21 63
22 62
22 61
23 60
23 59
24 58
24 57
25 56
25 55
26 54
26 53
27 52
27 51
28 50
28 49
29 48
29 47
30 46
30 45
30 44
31 43
31 42
32 41
32 40
33 39
33 38
34 37
34 36
35 35
35 34
36 33
36 32
37 31
37 30
38 29
38 28
39 27
39 26
40 25
40 24
40 24
40 25
40 25
40 24
40 24
41 25
41 25
42 24
43 24
43 24
44 23
45 23
45 23
46 23
47 22
48 22
48 22
49 21
50 21
50 21
51 21
52 20
53 20
53 20
54 19
55 19
55 19
56 18
57 18
57 18
58 18
58 18
58 17
58 17
58 17
57 16
57 15
57 15
57 14
57 14
56 13
55 12
55 12
54 11
54 11
54 10
53 9
53 8
53 8
53 7
53 7
52 7
52 7
52 8
52 8
52 9
52 9
52 10
52 11
52 12
52 13
52 13
52 14
52 15
53 16
53 17
53 18
53 18
53 19
53 20
52 21
52 22
52 23
52 24
52 24
52 25
52 26
52 27
52 28
52 29
52 29
52 30
52 31
52 32
52 33
52 34
52 35
52 35
52 36
52 37
52 38
52 39
52 39
52 40
52 41
52 42
52 42
52 43
52 44
52 44
52 45
52 45
52 46
52 46
52 46
53 45
53 45
53 44
53 44
54 43
54 42
54 42
55 41
55 40
55 40
56 39
56 39
56 38
56 38
56 38
55 38
55 38
55 39
55 39
54 40
54 40
53 41
52 42
51 43
51 44
50 45
49 46
48 47
47 48
46 49
46 50
45 51
44 52
44 52
44 52
44 52
44 53
44 53
44 54
44 55
44 56
44 57
44 57
44 58
45 59
45 60
45 61
45 61
45 62
46 63
46 64
46 65
46 65
46 66
47 67
47 68
47 69
47 69
47 70
47 71
47 71
48 72
48 73
48 73
48 73
48 73
49 73
49 73
49 73
49 72
49 72
49 71
49 71
49 70
49 69
49 68
49 68
49 67
49 66
49 66
49 65
49 64
49 63
49 63
49 62
49 62
50 61
50 61
50 61
51 61
51 61
52 61
53 61
53 61
54 62
54 62
55 61
56 61
56 61
57 61
58 61
58 61
59 60
60 60
60 60
61 60
61 60
62 61
62 61
62 62
63 63
63 64
63 64
63 65
63 66
63 67
63 67
63 68
63 69
63 70
63 71
63 71
63 72
63 73
63 74
63 75
63 75
63 76
63 77
63 78
63 78
63 79
63 80
63 80
63 81
63 81
62 82
62 82
62 81
62 81
61 81
61 81
61 80
61 80
60 79
60 78
60 78
60 77
60 76
61 75
61 74
61 73
61 72
62 71
62 70
62 69
62 68
62 67
63 66
63 65
63 64
63 63
64 62
64 61
64 60
64 59
64 58
65 57
65 56
65 55
65 54
66 53
66 52
66 51
66 50
66 49
67 48
67 47
67 46
67 45
68 44
68 43
68 42
68 41
68 40
69 39
69 38
69 37
69 36
70 35
70 34
70 33
70 32
70 31
71 30
71 29
71 28
71 27
72 26
72 25
72 24
72 23
72 22
73 21
73 20
73 19
73 18
74 17
74 16
74 15
74 15
74 16
74 16
74 16
74 16
74 16
75 15
76 15
76 15
77 14
78 14
78 14
79 13
79 13
79 12
79 12
79 11
79 10
79 9
79 8
79 7
79 6
79 6
79 5
79 4
79 3
79 2
79 2
79 2
79 2
79 3
79 4
79 4
79 5
79 6
79 7
79 7
79 8
80 9
80 10
80 11
80 11
80 12
80 13
80 14
80 15
80 15
81 16
81 17
81 17
82 18
82 19
82 19
82 20
82 20
83 21
83 21
83 20
83 20
84 19
84 19
85 18
85 17
85 17
86 16
86 16
86 15
86 14
86 14
86 13
87 12
87 11
87 11
87 10
87 9
87 8
87 7
87 7
87 6
87 5
87 5
88 4
88 4
88 5
88 5
88 6
88 6
88 7
88 8
88 9
88 9
88 10
88 11
88 12
88 13
88 13
88 14
88 15
88 16
88 17
88 17
88 18
88 19
88 20
88 20
88 21
88 22
88 22
88 23
88 24
88 24
88 25
88 25
88 26
88 26
87 26
86 27
85 27
84 28
83 28
82 29
81 29
80 30
79 30
78 31
77 31
76 32
75 32
75 32
74 33
74 33
74 34
74 34
73 34
73 34
73 34
74 34
75 34
75 34
76 33
77 33
77 33
78 33
79 32
80 32
80 32
81 32
82 31
83 31
84 31
84 31
85 31
86 31
87 31
88 31
88 31
89 31
90 30
91 30
92 30
92 30
93 30
94 30
95 30
95 30
96 30
97 31
98 31
98 31
99 31
99 31
99 31
98 32
98 32
97 33
97 33
96 34
95 34
95 34
94 34
93 35
92 35
92 35
91 36
90 36
90 36
89 36
88 37
87 37
86 37
85 38
84 38
84 38
83 39
82 39
81 40
80 40
79 41
79 41
78 42
77 43
77 43
77 44
77 44
77 44
78 44
78 44
79 44
79 44
80 43
81 43
81 43
82 42
83 42
83 42
84 41
85 40
85 40
86 39
86 39
86 38
86 38
86 38
86 37
86 37
85 36
85 36
84 35
84 35
83 36
83 36
82 37
82 37
81 38
81 39
81 39
81 40
81 41
81 41
81 42
81 43
81 43
81 44
81 44
81 45
81 45
82 45
82 45
83 45
84 45
84 45
85 44
85 43
85 43
86 42
87 41
87 41
88 40
88 40
89 39
89 39
90 38
90 38
90 37
90 37
91 37
91 37
91 37
92 36
92 36
92 36
92 36
92 35
92 35
93 35
93 35
93 35
93 36
93 36
93 37
93 38
93 38
93 39
93 40
93 41
93 41
93 42
93 43
93 44
93 44
92 45
92 46
92 46
92 47
92 47
92 48
92 49
92 49
91 49
91 49
91 49
90 49
89 50
88 50
87 51
86 51
85 52
84 52
83 52
82 53
81 53
80 54
79 54
78 55
77 55
76 55
75 56
74 56
73 57
72 57
71 58
70 58
70 58
70 58
70 59
70 59
71 59
71 59
72 58
73 58
73 58
74 58
75 57
76 57
76 57
77 57
78 56
79 56
79 56
80 56
81 55
82 55
82 55
83 55
84 54
85 54
85 54
86 54
87 53
88 53
88 53
89 53
90 53
91 53
91 53
92 52
93 52
93 52
94 52
94 52
94 53
94 53
93 53
93 53
92 54
92 55
92 55
91 56
90 56
90 56
89 57
88 58
88 58
87 59
86 59
86 59
85 60
85 61
85 61
84 62
84 62
83 63
83 63
83 64
83 64
83 65
83 65
84 65
84 65
85 65
86 65
86 65
87 65
87 65
88 64
89 64
89 64
90 63
90 63
91 62
92 61
92 61
92 60
92 60
92 59
92 59
92 58
92 57
92 57
91 56
91 55
91 55
91 54
91 53
91 53
91 52
91 51
90 50
90 49
90 48
90 47
89 46
89 45
89 44
89 43
88 42
88 41
88 40
88 39
87 38
87 37
87 36
87 35
86 34
86 33
86 32
86 32
86 31
85 30
85 29
85 28
85 27
84 26
84 25
84 25
84 24
84 23
84 23
84 22
84 21
84 21
84 20
84 19
84 19
85 18
85 18
85 18
85 17
85 17
85 17
85 18
85 18
85 19
85 20
85 20
85 21
85 22
85 23
85 24
85 24
85 25
85 26
85 27
85 28
85 29
85 29
85 30
85 31
86 32
86 33
86 34
86 35
86 35
86 36
86 37
86 38
86 39
86 40
86 41
86 42
86 42
86 43
86 44
86 45
86 46
86 47
86 48
86 49
86 49
86 50
86 51
86 52
86 53
86 54
86 55
86 55
86 56
86 57
86 58
86 59
86 60
86 61
86 62
86 62
86 63
86 64
86 65
86 66
86 67
86 68
86 68
86 69
86 70
86 71
86 72
86 73
86 73
86 74
86 75
87 76
87 77
87 78
87 79
87 79
87 80
87 81
87 82
87 83
87 84
87 85
87 85
87 86
87 87
87 88
87 89
87 90
87 90
87 91
87 92
87 93
87 94
87 94
87 95
87 96
87 97
87 97
87 98
87 98
87 99
87 99
87 99
87 99
87 99
