0 13
0 12
0 12
0 11
0 11
0 11
0 11
0 11
1 11
1 11
1 11
1 11
1 12
1 12
2 12
2 12
2 13
2 13
3 14
3 14
3 15
3 16
3 16
3 17
3 18
3 18
3 19
3 20
3 20
3 21
4 22
4 23
4 23
4 24
4 25
4 26
4 26
4 27
4 28
4 29
4 30
4 30
4 31
4 32
4 33
4 34
4 34
4 35
5 36
5 37
5 38
5 38
5 39
5 40
5 41
5 42
5 43
5 43
5 44
5 45
5 46
5 47
5 47
5 48
5 49
4 50
4 51
4 52
4 52
4 53
4 54
4 55
4 56
4 57
4 57
4 58
4 59
4 60
4 61
4 61
4 62
3 63
3 64
3 64
3 65
3 66
3 67
3 67
3 68
3 69
3 69
3 70
3 71
3 71
2 71
2 71
2 71
2 70
2 69
2 69
2 68
2 67
2 66
3 65
3 64
3 63
3 62
3 61
3 60
3 59
3 58
4 57
4 56
4 55
4 54
4 53
4 52
4 51
4 50
5 49
5 48
5 47
5 46
5 45
5 44
5 43
6 42
6 41
6 40
6 39
6 38
6 37
6 36
6 35
7 34
7 33
7 32
7 31
7 30
7 29
7 28
7 27
8 26
8 25
8 24
8 23
8 22
8 21
8 20
8 19
9 18
9 17
9 16
9 15
9 15
8 14
8 14
8 13
8 13
8 13
8 13
9 13
9 13
9 12
9 12
10 11
10 11
11 10
12 10
12 10
13 9
13 9
14 8
15 7
15 7
16 6
17 6
17 6
18 5
19 4
19 4
20 4
21 4
21 4
22 3
22 3
23 3
23 3
23 3
24 3
24 3
24 3
24 3
24 3
24 3
24 3
24 4
24 4
24 4
24 5
24 5
24 6
24 6
24 6
24 7
24 7
24 8
24 8
24 9
24 9
24 10
24 10
23 11
23 11
23 12
23 12
24 13
24 13
24 14
24 14
24 15
24 16
24 16
24 17
24 17
24 18
24 18
24 19
24 20
24 20
24 21
24 22
24 22
24 23
24 23
24 24
24 25
24 25
24 26
24 27
24 27
24 28
24 28
24 29
24 30
24 30
25 31
25 31
25 32
25 33
25 34
25 34
25 35
25 36
25 36
25 37
25 38
25 38
25 39
25 40
25 41
25 41
25 42
25 43
25 43
26 44
26 45
26 45
26 46
26 47
26 47
26 48
26 49
26 50
26 50
27 51
27 52
27 52
27 53
27 54
27 55
27 55
27 56
27 57
27 58
27 58
28 59
28 60
28 60
28 61
28 62
28 63
28 63
28 64
28 65
28 66
28 66
28 67
29 68
29 69
29 69
29 70
29 71
29 72
29 72
29 73
29 74
29 75
29 75
30 76
30 77
30 77
30 78
30 78
30 79
30 80
30 80
30 81
30 81
30 81
30 81
30 81
29 80
29 80
29 79
29 78
29 78
28 77
28 76
28 76
28 75
27 74
27 73
27 73
26 72
26 71
25 70
25 70
25 69
24 68
24 67
24 66
23 65
23 64
22 63
22 62
22 61
21 60
21 59
21 58
20 57
20 56
20 55
19 54
19 53
19 52
18 51
18 50
17 49
17 48
17 47
16 46
16 45
16 44
15 43
15 42
15 41
14 40
14 39
14 38
13 37
13 36
12 35
12 34
12 33
11 32
11 31
11 31
11 32
11 32
11 32
11 32
11 31
11 31
12 31
12 31
12 30
12 30
13 29
13 29
14 28
14 28
15 27
15 27
16 26
16 26
17 25
17 25
18 24
18 24
18 24
18 23
18 23
18 23
18 23
18 23
18 23
17 23
17 23
17 23
17 23
16 23
16 23
16 23
16 23
16 23
16 23
16 23
15 23
15 23
15 23
15 23
15 23
15 23
15 23
15 24
15 24
15 24
15 25
15 25
15 26
15 26
15 27
15 27
15 28
15 28
15 29
15 30
15 30
14 31
14 32
14 32
14 33
14 33
14 34
14 35
14 35
14 36
14 36
14 37
14 37
14 38
14 38
14 38
14 39
14 39
14 39
14 39
14 39
14 39
15 39
15 39
16 38
16 38
16 38
17 37
17 37
17 37
17 37
17 37
18 37
18 37
18 38
18 38
17 38
17 38
17 39
17 39
17 40
17 40
16 41
16 41
16 42
16 42
16 43
16 43
15 44
15 44
15 44
15 45
15 45
15 45
15 46
15 46
14 46
14 46
14 47
14 47
14 47
14 48
14 48
14 49
14 49
15 49
15 49
15 50
15 50
15 50
15 50
15 50
15 50
15 50
16 50
16 50
16 51
16 51
16 51
16 51
16 51
16 51
16 50
16 50
16 49
16 49
16 48
16 48
17 47
17 46
17 46
17 45
17 45
18 44
18 44
19 44
19 44
19 43
19 43
20 43
20 43
20 43
21 43
21 43
21 43
22 44
22 44
22 44
23 45
23 45
23 46
23 46
23 47
23 47
23 48
23 49
23 49
23 50
23 50
22 51
22 52
22 52
22 53
22 53
21 54
21 54
22 53
22 52
23 51
23 50
24 49
24 48
25 47
25 46
26 45
26 44
27 43
28 42
28 41
29 40
29 39
30 38
30 37
31 36
31 35
32 34
32 33
33 32
33 31
34 30
35 29
35 28
36 27
36 26
37 25
37 24
38 23
38 22
39 21
39 20
40 19
40 19
39 20
39 20
39 20
39 20
39 20
39 20
39 20
39 20
39 20
39 20
39 20
39 20
40 19
40 19
40 19
41 18
41 18
42 17
43 17
43 17
44 16
44 16
45 15
45 15
46 14
47 14
47 14
48 14
48 14
49 13
49 13
50 13
50 13
50 13
51 12
51 12
51 12
50 12
50 12
50 12
49 12
49 12
49 12
48 12
48 12
47 12
47 12
46 12
46 12
45 12
45 12
45 12
45 11
45 11
45 11
45 11
45 12
45 12
45 12
45 12
45 13
45 13
45 14
45 14
45 15
45 16
45 16
45 17
45 17
45 18
45 19
45 19
45 20
45 20
45 21
45 22
45 22
45 23
45 23
45 24
45 24
45 25
45 26
45 26
45 27
45 27
45 28
45 28
45 28
44 29
44 29
44 29
45 29
45 29
45 29
45 29
45 28
45 28
46 27
46 27
46 27
47 26
47 26
47 25
47 25
47 25
47 25
47 25
47 25
47 25
47 25
46 26
45 27
44 28
43 28
42 29
41 30
40 31
40 31
40 31
40 31
40 31
40 31
40 31
40 32
40 32
40 32
40 33
40 34
40 34
40 35
40 35
40 36
40 36
40 37
40 37
41 38
41 38
41 39
41 39
41 40
41 41
41 41
41 42
41 42
41 43
41 43
41 44
41 44
42 45
42 45
42 46
42 46
42 46
42 46
42 46
42 45
42 45
42 44
42 44
42 43
42 43
42 42
42 41
43 40
43 39
43 38
43 38
44 37
44 37
44 37
44 37
44 38
44 38
44 39
44 39
44 40
44 40
44 41
44 41
44 42
44 42
45 43
45 43
45 44
45 44
45 45
45 45
46 46
46 46
47 46
47 46
48 46
48 46
49 46
49 46
50 46
50 46
51 45
51 45
52 45
52 45
53 45
53 45
54 44
54 44
54 44
54 43
54 43
55 43
55 43
54 42
54 42
54 41
54 41
54 40
54 40
53 39
53 39
52 38
52 38
51 38
51 38
51 38
50 38
50 38
50 38
50 37
50 37
51 36
51 36
52 35
52 35
53 34
53 34
54 34
55 34
55 34
56 34
56 34
57 34
57 34
58 34
58 34
59 34
59 34
60 34
60 34
61 35
61 35
61 36
61 36
61 36
61 37
61 37
61 38
61 38
60 39
60 39
60 38
60 37
61 36
61 35
61 34
61 33
62 32
62 31
62 30
62 29
62 28
63 27
63 26
63 25
63 24
63 23
64 22
64 21
64 20
64 19
65 18
65 17
65 16
65 15
65 14
66 13
66 12
66 11
66 11
66 10
66 10
66 10
66 10
66 10
66 10
67 10
67 10
67 10
67 10
67 10
67 10
67 11
67 11
67 12
67 12
67 13
67 13
68 14
68 14
68 15
68 16
68 16
68 17
68 17
68 18
68 19
68 19
69 20
69 20
69 21
69 21
69 22
69 22
69 23
69 23
68 23
68 23
68 23
68 23
67 23
67 23
67 22
67 22
66 21
66 21
66 20
66 20
65 19
65 19
65 19
64 19
64 19
64 19
64 19
64 19
64 19
64 19
65 18
65 18
66 18
66 18
67 17
67 17
68 16
68 16
69 15
70 15
70 15
71 15
71 15
71 15
72 15
72 15
72 15
72 15
71 16
71 16
70 17
70 17
69 18
69 18
68 19
68 20
68 20
67 21
67 21
66 21
66 21
66 22
66 22
66 21
66 21
67 21
67 21
68 20
68 20
69 20
69 20
70 19
70 19
71 18
71 18
72 17
73 17
73 17
74 17
74 17
75 16
76 16
76 16
77 16
77 16
78 16
78 16
79 15
80 15
80 15
81 15
81 15
82 14
83 14
83 14
84 14
84 14
85 14
85 14
85 14
85 14
85 14
85 14
85 14
85 14
84 14
84 14
84 14
83 14
83 14
83 14
82 14
82 14
82 13
82 13
81 13
81 13
81 13
80 13
80 13
80 14
80 14
80 14
79 15
79 15
79 16
79 16
79 17
79 17
79 18
79 18
78 19
77 20
76 21
75 22
74 23
73 24
72 25
71 26
70 27
69 28
68 29
68 29
67 29
67 29
67 29
67 28
67 28
67 28
66 28
66 28
66 28
66 28
66 29
66 29
65 29
65 29
65 29
65 29
66 29
66 29
66 30
66 30
66 30
67 30
67 30
68 30
68 30
69 29
69 29
70 29
71 29
71 29
72 28
73 28
73 28
74 27
75 27
75 27
76 26
77 26
77 26
78 26
79 26
79 26
80 25
80 25
81 25
81 25
82 25
82 25
82 25
82 25
81 25
81 25
81 26
81 26
80 27
79 27
79 27
78 27
78 27
77 27
76 27
76 27
75 28
75 28
74 29
73 29
73 29
72 29
72 29
71 30
71 30
70 31
70 31
69 31
69 31
69 32
69 32
69 33
69 33
69 34
69 34
69 35
69 35
69 35
70 35
70 35
70 35
71 35
71 35
71 35
72 35
72 35
73 34
73 34
74 33
74 33
75 32
75 32
76 31
76 31
77 31
77 31
78 30
78 30
79 30
79 30
80 30
81 30
81 30
81 30
82 31
82 31
82 31
82 31
82 31
82 31
82 32
82 32
81 32
81 32
80 33
79 34
78 34
77 35
76 36
75 37
74 38
73 38
72 39
71 40
70 41
69 42
68 42
67 43
66 44
66 44
65 45
65 46
64 47
64 47
63 47
63 47
62 48
62 48
61 49
61 50
61 50
60 51
60 51
59 51
59 51
59 52
59 52
59 52
59 52
59 52
60 51
60 51
61 51
61 51
62 50
62 50
63 49
64 49
64 49
65 48
65 48
66 47
67 47
67 47
68 46
69 46
69 46
70 46
71 45
72 45
72 45
73 45
74 45
74 45
75 45
76 44
77 44
77 44
78 44
79 43
80 43
80 43
81 43
82 43
82 43
83 43
84 43
85 43
85 43
86 43
87 43
88 43
88 43
89 43
90 43
90 43
91 43
92 42
93 42
93 42
94 42
95 42
95 42
96 42
96 42
97 42
98 42
98 42
98 42
99 41
99 41
98 40
98 40
97 39
97 38
96 37
95 36
95 35
94 34
93 33
93 32
92 31
91 30
90 29
90 28
89 27
88 26
88 25
87 24
86 23
86 22
85 21
84 20
84 19
83 18
82 17
82 16
81 15
80 14
79 13
79 12
78 11
77 10
77 9
76 8
75 7
75 6
74 5
74 5
74 4
74 3
74 3
74 2
74 2
74 1
74 1
75 1
75 1
75 0
75 0
75 0
75 0
75 1
75 1
75 1
75 2
75 2
75 3
75 4
75 4
75 5
75 5
75 6
75 7
75 7
75 8
75 9
75 9
75 10
75 11
75 12
75 12
75 13
75 14
75 15
75 15
75 16
74 17
74 18
74 18
74 19
74 20
74 21
74 22
74 22
74 23
74 24
74 25
74 26
74 26
74 27
74 28
74 29
74 29
74 30
74 31
74 32
74 33
74 33
74 34
74 35
74 36
74 37
74 37
74 38
74 39
74 40
74 41
74 42
74 42
74 43
74 44
74 45
74 46
74 47
74 47
74 48
74 49
74 50
74 51
74 52
74 52
74 53
74 54
74 55
74 56
74 57
74 57
74 58
74 59
74 60
74 61
74 62
74 62
74 63
74 64
74 65
74 66
74 67
74 67
74 68
74 69
74 70
74 71
74 72
74 73
74 73
74 74
74 75
74 76
74 77
74 77
74 78
74 79
75 80
75 81
75 82
75 82
75 83
75 84
75 85
75 86
75 87
75 87
75 88
75 89
75 90
75 90
75 91
75 92
75 93
75 93
75 94
75 95
75 96
75 96
75 97
75 98
75 98
75 99
