0 13
1 14
1 14
1 13
1 12
1 12
1 12
1 13
1 13
2 14
2 15
2 15
3 16
3 17
3 17
3 18
4 19
4 20
4 21
4 21
4 22
4 23
5 24
5 25
5 26
5 26
5 27
5 28
6 29
6 30
6 31
6 31
6 32
6 33
7 34
7 35
7 36
7 36
7 37
7 38
7 39
7 40
7 41
7 42
7 42
7 43
7 44
7 45
7 46
7 47
7 47
7 48
7 49
6 50
6 51
6 52
6 52
6 53
5 54
5 55
5 56
5 56
5 57
4 58
4 59
4 60
4 60
3 61
3 62
2 63
2 64
2 64
1 65
1 66
1 66
0 67
0 68
0 68
0 69
0 69
0 68
0 67
1 66
1 65
1 64
1 63
1 62
2 61
2 60
2 59
2 58
2 57
3 56
3 55
3 54
3 53
3 52
4 51
4 50
4 49
4 48
4 47
5 46
5 45
5 44
5 43
5 42
5 41
6 40
6 39
6 38
6 37
6 36
7 35
7 34
7 33
7 32
7 31
8 30
8 29
8 28
8 27
8 26
9 25
9 24
9 23
9 22
9 21
10 20
10 19
10 18
10 18
11 17
12 17
12 17
12 17
12 16
12 15
12 15
13 14
14 13
14 13
15 12
16 11
16 11
17 10
17 9
18 8
18 8
19 7
20 7
21 6
21 6
22 5
23 4
23 4
24 3
25 2
25 2
26 1
26 1
27 0
27 0
27 0
27 1
27 1
27 1
28 1
28 1
28 2
28 2
28 3
28 3
28 4
28 5
28 5
28 6
29 7
29 8
29 8
29 9
29 10
29 11
29 12
29 12
29 13
29 14
30 15
30 16
30 17
30 18
30 18
30 19
30 20
30 21
30 22
30 23
30 24
30 24
30 25
30 26
30 27
30 28
30 29
30 30
30 30
30 31
30 32
31 33
31 34
31 35
31 35
31 36
31 37
31 38
31 39
31 40
31 40
31 41
31 42
32 43
32 44
32 45
32 45
32 46
32 47
32 48
32 49
32 50
32 51
32 51
32 52
32 53
32 54
32 55
32 56
32 57
32 58
32 58
32 59
32 60
33 61
33 62
33 63
33 64
33 64
33 65
33 66
33 67
33 68
33 69
33 70
33 71
33 71
33 72
33 73
33 74
33 75
33 76
33 76
33 77
33 78
33 79
33 80
33 80
33 81
33 82
33 82
32 83
32 84
32 84
32 85
32 85
32 86
32 86
31 86
31 86
30 86
30 86
30 86
29 85
28 84
28 84
27 83
27 82
27 82
27 81
26 80
26 79
26 78
25 77
25 76
25 75
25 74
24 73
24 72
24 71
23 70
23 69
23 68
22 67
22 66
22 65
21 64
21 63
21 62
20 61
20 60
20 59
20 58
19 57
19 56
19 55
18 54
18 53
18 52
17 51
17 50
17 49
16 48
16 47
16 46
15 45
15 44
15 43
15 42
14 41
14 40
14 39
13 38
13 37
13 36
12 35
12 34
12 33
11 32
11 31
11 30
10 29
10 28
10 27
10 26
9 25
9 24
9 23
8 22
8 21
8 21
9 22
10 22
10 22
11 22
11 22
11 21
11 21
12 21
12 21
13 20
14 20
14 20
15 20
16 19
17 19
17 19
18 18
19 18
19 18
20 17
20 17
21 16
21 16
21 15
21 15
21 14
21 14
21 14
21 13
21 13
20 13
20 13
19 14
19 14
18 15
17 15
17 15
16 16
16 17
16 17
16 18
15 19
15 20
15 20
15 21
15 22
15 22
14 23
14 24
14 24
14 25
14 26
14 26
14 27
14 27
15 28
15 28
15 29
15 29
16 29
16 29
16 29
17 29
17 29
17 28
17 28
18 27
18 26
18 26
19 25
19 25
20 24
20 23
20 23
20 22
20 22
20 21
20 21
20 20
20 19
20 19
19 18
19 18
19 17
19 17
19 17
18 17
18 17
18 18
18 18
18 18
18 19
18 19
18 20
18 21
18 21
18 22
18 23
18 23
18 24
18 25
18 25
18 26
17 27
17 28
17 28
17 29
17 30
17 31
17 31
17 32
16 33
16 34
16 34
16 35
16 36
16 36
16 37
16 38
16 38
16 39
16 39
16 40
16 40
15 41
15 41
15 42
15 42
14 43
14 43
14 44
14 45
14 45
14 46
14 47
14 47
15 48
15 49
15 49
16 50
16 51
16 51
17 52
17 52
17 53
17 53
18 53
18 53
18 53
18 52
18 52
18 51
18 51
18 50
18 50
18 49
18 48
18 48
18 47
18 46
18 46
18 45
18 44
18 44
18 43
18 43
19 43
19 43
20 43
20 43
21 44
21 44
22 45
22 45
22 46
22 47
22 47
22 48
22 49
22 49
22 50
22 51
22 52
22 52
21 53
21 54
21 54
20 55
20 56
20 56
19 57
19 58
19 58
18 59
18 59
18 59
19 58
19 57
20 56
21 55
21 54
22 53
23 52
23 51
24 50
25 49
25 48
26 47
27 46
27 45
28 44
29 43
30 42
30 41
31 40
32 39
32 38
33 37
34 36
34 35
35 34
36 33
36 32
37 31
38 30
38 29
39 28
40 27
40 26
41 25
41 25
41 24
41 23
41 23
41 22
41 22
40 21
40 21
40 21
41 21
41 21
41 20
41 20
42 19
42 19
43 19
43 19
44 18
45 18
45 18
46 17
46 17
47 16
47 16
48 16
48 16
49 15
49 15
49 15
50 14
50 14
50 14
50 13
49 12
49 11
48 10
48 9
48 8
47 7
47 6
47 6
47 6
47 6
47 6
47 7
47 7
47 8
47 9
47 10
47 10
47 11
47 12
46 13
46 14
46 15
46 15
46 16
46 17
46 18
46 19
46 20
46 21
46 21
46 22
46 23
46 24
46 25
46 26
46 26
46 27
46 28
46 29
46 30
46 30
46 31
46 32
46 33
46 33
46 34
46 35
46 35
46 36
46 37
46 37
46 38
46 38
46 39
46 39
46 39
46 39
46 39
47 38
47 37
47 37
48 36
48 35
48 35
49 34
50 33
50 33
51 32
51 31
51 31
52 31
52 31
52 30
52 30
52 31
52 31
51 32
51 32
51 33
51 33
50 34
49 35
49 35
48 36
47 37
46 38
45 39
44 40
44 41
43 42
42 43
41 44
40 45
39 46
39 46
39 47
39 48
39 48
39 49
39 49
39 50
39 51
39 52
39 52
39 53
39 54
39 55
39 55
39 56
39 57
39 57
40 58
40 59
40 59
40 60
40 61
40 61
41 62
41 62
41 62
42 62
42 62
42 61
42 61
43 61
43 61
43 60
43 60
43 59
43 58
43 58
43 57
43 57
43 56
43 55
43 55
42 54
42 53
42 53
42 52
42 52
42 51
42 51
42 51
43 51
43 51
44 51
44 51
45 51
45 51
46 51
47 51
47 51
48 50
49 50
49 50
50 49
51 48
51 48
52 48
53 48
53 48
54 48
55 48
55 48
56 49
57 50
57 50
57 51
58 52
58 53
58 54
58 54
58 55
59 56
59 57
59 58
59 58
59 59
60 60
60 61
60 62
60 62
60 63
60 64
60 65
60 65
60 66
60 67
60 67
59 68
59 69
59 69
59 70
59 70
58 71
58 71
57 72
57 72
56 73
56 73
55 73
55 73
55 72
55 72
55 71
55 71
55 70
56 69
56 68
56 67
57 66
57 65
58 64
58 63
58 62
59 61
59 60
59 59
60 58
60 57
60 56
61 55
61 54
61 53
62 52
62 51
63 50
63 49
63 48
64 47
64 46
64 45
65 44
65 43
65 42
66 41
66 40
67 39
67 38
67 37
68 36
68 35
68 34
69 33
69 32
69 31
70 30
70 29
70 28
71 27
71 26
72 25
72 24
72 23
73 22
73 21
73 21
73 21
73 22
73 22
73 22
74 23
74 23
75 22
76 22
76 22
77 22
77 22
78 21
79 21
79 21
80 20
80 20
80 19
80 19
80 18
80 17
80 17
80 16
80 16
80 15
80 14
80 14
80 13
80 12
80 11
80 11
80 10
79 9
79 8
79 8
79 7
79 7
79 7
79 7
79 8
79 9
79 10
79 10
79 11
79 12
79 13
79 14
79 14
79 15
79 16
79 17
79 18
79 18
79 19
80 20
80 21
80 21
80 22
80 23
80 23
80 24
80 24
81 25
81 25
82 25
82 25
83 24
83 24
84 23
84 23
85 22
85 21
85 21
85 20
85 20
85 19
86 18
86 17
86 17
86 16
86 15
86 15
86 14
86 13
86 12
86 12
86 11
86 10
86 9
86 8
86 8
87 7
87 6
87 6
87 6
87 6
87 7
87 8
87 9
87 9
87 10
87 11
87 12
87 13
87 13
87 14
87 15
86 16
86 17
86 18
86 19
86 19
86 20
86 21
86 22
86 23
86 23
86 24
86 25
86 26
86 27
86 27
86 28
86 29
86 29
86 30
86 31
86 31
87 32
87 32
87 32
87 33
87 33
86 33
85 34
84 34
83 35
82 35
81 36
80 36
79 37
78 37
77 38
76 38
75 39
74 39
73 40
72 40
71 41
70 41
69 42
68 42
68 42
68 43
68 44
68 44
68 44
69 44
69 44
70 43
71 43
71 43
72 43
73 42
74 42
75 42
75 42
76 41
77 41
78 40
78 40
79 40
80 39
81 39
82 39
82 39
83 39
84 38
85 38
85 38
86 38
87 37
88 37
88 37
89 36
90 36
90 36
91 36
92 36
92 36
92 36
91 36
91 36
90 37
90 37
89 38
88 38
88 38
87 39
86 39
85 40
85 40
84 41
83 41
82 42
82 42
82 42
81 43
80 43
79 44
78 45
77 45
76 46
75 46
74 47
74 47
73 48
73 49
73 49
72 50
72 50
71 51
71 51
72 51
72 51
73 51
73 51
74 51
74 51
75 50
76 50
76 50
77 49
78 49
78 49
79 48
80 47
80 47
81 46
81 46
81 45
81 45
81 44
81 44
81 44
80 43
80 43
80 43
79 43
79 43
79 43
78 44
78 45
78 45
78 46
78 46
78 47
78 48
78 48
79 49
79 49
79 49
80 49
80 49
81 49
81 49
82 48
83 47
83 47
84 46
85 46
85 46
86 45
86 45
87 44
87 44
88 43
88 43
89 42
89 42
89 42
89 41
89 41
90 42
90 42
90 42
90 43
90 44
90 44
90 45
90 45
91 46
91 46
91 47
91 47
91 48
91 48
91 48
90 49
89 49
88 50
87 50
86 51
85 51
84 52
83 52
82 53
81 53
80 54
79 54
78 55
77 55
76 56
75 56
74 57
73 57
72 58
71 58
70 59
69 59
68 60
67 60
67 60
68 60
69 60
69 60
69 60
70 60
71 60
71 60
72 59
73 59
73 59
74 58
75 58
76 57
77 57
77 57
78 57
79 56
80 56
81 56
81 56
82 56
83 55
84 55
85 55
85 55
86 55
87 54
88 54
89 54
89 54
90 54
91 54
92 54
92 54
93 54
94 53
95 53
95 53
96 53
97 53
97 53
98 52
98 52
99 52
99 52
98 52
98 52
97 52
97 52
97 51
96 50
96 49
95 48
95 47
94 46
94 45
93 44
93 43
93 42
92 41
92 40
91 39
91 38
90 37
90 36
89 35
89 34
89 33
88 32
88 31
87 30
87 29
86 28
86 27
86 26
85 25
85 24
84 23
84 22
83 21
83 20
82 19
82 18
82 18
82 17
82 16
82 16
81 15
81 15
81 15
81 15
81 15
81 16
81 17
81 17
81 18
81 19
81 19
81 20
81 21
81 22
81 23
81 23
81 24
81 25
81 26
81 27
81 27
81 28
81 29
81 30
81 31
81 32
81 32
81 33
81 34
81 35
81 36
81 37
81 37
81 38
81 39
81 40
81 41
81 42
81 43
81 43
81 44
81 45
82 46
82 47
82 48
82 48
82 49
82 50
82 51
82 52
82 52
82 53
82 54
82 55
82 56
82 57
82 57
82 58
82 59
83 60
83 61
83 62
83 62
83 63
83 64
83 65
83 66
83 67
83 67
83 68
84 69
84 70
84 71
84 71
84 72
84 73
84 74
84 75
84 76
84 76
84 77
84 78
84 79
84 80
84 81
84 81
84 82
84 83
84 84
84 84
84 85
84 86
84 87
84 87
84 88
84 89
84 90
84 91
84 91
84 92
84 93
84 94
84 95
84 95
83 96
83 97
83 97
83 98
83 98
83 99
83 99
83 99
83 99
83 99
83 99
82 99
