7 13
7 14
7 14
7 14
7 15
7 15
7 16
7 16
7 17
7 18
7 18
7 19
7 20
7 20
8 21
8 22
8 22
8 23
8 24
8 24
8 25
8 26
8 27
8 27
8 28
8 29
8 30
8 30
8 31
8 32
8 33
8 34
8 34
8 35
7 36
7 37
7 37
7 38
7 39
7 40
7 40
6 41
6 42
6 42
6 43
5 44
5 45
5 45
4 46
4 47
4 47
3 48
3 49
3 49
2 50
2 51
2 51
1 52
1 53
1 53
0 54
0 54
0 54
0 53
1 52
1 51
2 50
2 49
2 48
3 47
3 46
4 45
4 44
4 43
5 42
5 41
6 40
6 39
6 38
7 37
7 36
8 35
8 34
8 33
9 32
9 31
10 30
10 29
10 28
11 27
11 26
12 25
12 24
12 23
13 22
13 21
14 20
14 19
14 18
15 17
15 16
16 15
16 14
16 14
16 14
16 14
16 14
16 13
16 13
17 13
17 13
18 12
18 12
19 11
19 11
20 10
20 10
21 9
21 9
22 8
23 8
23 8
24 7
25 7
25 7
26 7
26 7
27 6
27 6
28 7
28 7
29 7
29 7
30 8
30 8
30 9
30 9
31 10
31 11
31 11
31 12
31 13
31 13
31 14
31 15
31 15
31 16
32 17
32 18
32 18
32 19
32 20
32 21
32 21
32 22
32 23
32 24
32 24
32 25
33 26
33 27
33 27
33 28
33 29
33 30
33 31
33 31
33 32
33 33
33 34
33 35
33 35
33 36
34 37
34 38
34 39
34 39
34 40
34 41
34 42
34 43
34 43
34 44
35 45
35 46
35 47
35 47
35 48
35 49
35 50
35 51
35 51
35 52
36 53
36 54
36 54
36 55
36 56
36 57
36 58
36 58
36 59
37 60
37 61
37 61
37 62
37 63
37 63
38 64
38 65
38 65
38 66
38 66
38 67
38 67
39 67
39 67
39 67
38 67
38 67
38 66
38 66
37 65
37 65
36 64
36 63
36 63
35 62
35 61
35 61
34 60
34 59
34 59
33 58
33 57
33 57
32 56
31 55
31 54
30 53
29 52
28 51
28 50
27 49
26 48
25 47
25 46
24 45
23 44
22 43
22 42
21 41
20 40
19 39
19 38
18 37
17 36
16 35
16 34
15 33
15 33
15 32
15 32
15 32
15 32
15 32
16 31
16 31
17 31
17 31
18 30
18 30
19 29
19 29
20 28
20 28
21 27
21 27
22 26
22 26
23 25
23 25
24 24
24 24
24 24
24 23
24 23
24 22
24 22
23 22
23 22
23 21
23 21
22 21
22 21
22 20
22 20
21 20
21 20
21 20
20 21
20 21
20 22
20 22
20 23
20 24
20 24
20 25
20 25
20 26
20 27
20 27
20 28
20 28
20 29
20 29
20 30
20 30
21 30
21 30
21 31
21 31
22 31
22 31
23 30
23 30
24 30
24 30
25 29
25 29
25 28
25 28
25 28
25 28
25 28
25 29
25 30
25 30
24 31
24 31
24 32
24 32
23 33
23 34
23 34
22 35
22 35
21 36
21 36
21 37
21 38
21 38
20 39
20 39
20 40
20 40
20 41
20 41
21 42
21 42
21 43
21 43
22 44
22 44
22 45
22 46
22 46
22 46
23 47
23 47
23 47
23 47
23 47
23 47
23 46
23 46
23 45
23 45
24 44
24 44
24 43
24 43
24 42
24 42
25 41
25 41
25 40
25 40
26 40
26 40
26 40
27 40
27 40
27 40
27 41
27 41
27 42
27 43
27 43
27 44
27 44
27 45
27 45
27 46
27 46
26 47
26 47
26 48
26 48
26 49
26 49
26 49
26 49
26 48
26 48
26 48
27 47
27 47
28 46
28 45
28 45
29 44
29 43
29 43
30 42
31 41
31 41
31 40
32 39
32 38
32 37
33 36
33 35
33 34
34 33
34 32
34 31
35 30
35 29
36 28
36 27
36 26
37 25
37 24
37 23
38 22
38 21
38 20
39 19
39 18
39 18
38 19
38 19
38 18
38 18
38 18
38 18
39 18
39 18
40 17
40 17
41 16
41 16
42 15
43 15
43 15
44 14
45 14
45 14
46 13
47 13
47 13
48 12
48 12
49 11
49 11
50 10
50 10
51 9
51 9
52 9
52 9
52 8
52 8
52 7
52 7
51 7
51 7
51 6
51 6
50 6
50 6
49 5
49 5
49 5
48 5
48 5
48 5
48 5
48 5
48 5
48 6
48 6
48 7
48 7
47 8
47 9
47 9
47 10
47 11
47 12
47 12
47 13
47 14
47 14
47 15
47 16
47 17
47 17
46 18
46 19
46 19
46 20
46 21
46 22
46 22
46 23
46 24
46 24
46 25
46 26
46 26
46 27
46 27
46 28
46 28
46 28
46 28
47 28
47 28
47 27
47 27
48 26
48 26
49 25
49 25
50 24
50 23
50 23
51 22
51 22
52 21
52 21
53 20
53 20
52 21
51 21
50 22
49 23
48 23
47 24
46 25
45 25
44 26
43 26
42 27
41 28
40 28
39 29
39 29
40 30
40 30
39 30
39 30
39 31
39 32
39 32
39 33
39 34
39 34
39 35
39 36
39 36
38 37
38 38
38 38
38 39
38 40
38 40
38 41
38 41
37 42
37 43
37 43
37 44
37 45
37 45
36 46
36 46
37 45
37 44
38 43
39 42
39 41
40 40
40 39
41 38
42 37
42 36
43 35
43 35
44 34
45 34
45 34
45 33
45 33
46 34
46 34
46 34
46 35
46 36
46 36
46 37
46 37
46 38
46 39
46 39
46 40
46 40
46 41
46 41
46 42
46 42
47 42
47 42
47 42
48 42
48 42
48 42
48 41
48 41
49 41
49 41
49 40
49 40
49 39
49 39
48 39
48 39
48 38
48 38
48 37
48 37
47 37
47 37
46 36
46 36
46 35
46 35
45 34
45 34
45 33
45 33
45 33
46 33
46 33
47 32
47 32
47 32
48 32
48 32
49 32
49 32
50 31
51 31
51 31
52 31
52 31
53 30
53 30
54 30
54 30
55 30
55 30
56 30
56 30
57 30
57 30
58 30
58 30
58 30
59 30
59 30
60 30
60 30
61 30
61 30
62 30
62 30
62 30
63 30
63 30
63 31
63 31
64 32
64 32
64 33
64 34
64 34
64 35
64 35
64 36
64 36
64 37
64 38
64 38
63 39
63 39
63 40
63 40
63 39
64 38
64 37
64 36
64 35
65 34
65 33
65 32
65 31
66 30
66 29
66 28
66 27
67 26
67 25
67 24
67 23
68 22
68 21
68 20
68 19
69 18
69 17
69 16
69 15
70 14
70 13
70 12
70 11
71 10
71 9
71 8
71 7
72 6
72 5
72 5
72 6
72 7
72 7
72 8
72 9
72 9
72 10
72 10
72 11
72 11
72 12
72 12
72 12
72 12
72 12
72 11
72 11
73 11
73 11
74 10
75 10
75 10
76 9
76 9
77 8
78 8
78 8
79 7
80 7
80 7
81 7
82 7
82 7
83 6
84 6
84 6
85 5
86 5
86 5
87 4
88 4
88 4
89 3
89 3
90 2
90 2
90 1
90 1
90 1
89 1
89 1
88 0
88 0
87 1
87 1
86 1
85 1
85 1
84 1
84 1
83 1
82 1
82 1
81 2
80 2
80 2
79 2
78 2
78 2
77 3
77 3
76 4
76 4
76 5
76 5
75 6
75 7
75 7
75 8
75 9
75 9
75 10
75 11
75 11
75 12
75 12
76 13
76 13
76 14
76 14
77 14
77 14
77 14
78 14
78 14
79 13
79 13
80 12
80 12
81 11
81 10
81 10
82 9
82 8
83 7
83 7
84 6
84 5
84 5
85 4
86 3
86 3
87 2
87 2
88 1
88 1
88 1
88 1
88 2
88 2
88 3
88 4
88 4
88 5
88 5
88 6
88 6
87 7
87 8
87 8
87 9
87 9
87 9
87 10
87 10
88 11
88 11
88 12
88 12
87 13
87 14
87 14
86 15
86 15
85 16
85 17
85 17
84 18
84 19
84 19
83 20
82 21
82 21
81 22
80 23
80 23
79 24
78 25
78 25
77 26
76 26
76 26
75 27
74 28
74 28
73 29
73 29
72 30
72 30
72 30
72 30
72 30
73 29
74 28
74 28
75 27
75 27
76 26
77 26
78 25
78 25
79 24
80 23
80 23
81 22
82 22
83 21
83 21
84 20
85 20
85 20
86 19
87 18
87 18
88 17
89 17
89 17
90 16
91 16
91 16
92 16
92 16
91 16
90 16
89 17
88 17
87 17
86 17
85 17
84 17
83 18
82 18
81 18
80 18
80 18
79 19
79 20
79 20
79 21
79 22
79 22
78 23
78 24
78 24
78 25
77 26
77 27
77 27
77 28
76 29
76 30
76 30
76 31
76 32
76 32
75 33
75 33
75 34
75 34
75 35
75 35
75 35
76 35
76 35
77 35
77 35
78 34
78 34
79 33
79 32
79 32
80 31
80 31
81 30
82 29
82 29
83 28
83 27
83 27
83 26
83 26
84 25
84 25
84 24
84 24
83 24
83 24
83 24
83 24
82 24
82 24
82 24
81 24
81 24
81 24
82 24
82 24
82 24
83 25
83 25
84 25
84 25
85 26
85 26
86 26
86 26
87 26
87 26
88 26
88 26
89 26
89 26
89 26
89 26
89 27
89 27
88 28
88 29
88 29
87 30
87 30
87 31
87 31
86 32
86 32
86 33
86 33
86 33
87 33
87 33
88 32
88 32
89 31
89 31
90 30
90 30
91 29
91 29
92 28
92 28
93 27
93 26
93 26
94 25
94 25
95 24
95 23
95 23
96 22
96 21
96 21
97 20
97 20
98 19
98 19
98 19
98 19
99 20
99 20
99 21
99 21
98 22
98 23
98 23
98 24
98 24
98 25
98 25
98 26
98 27
98 27
97 28
97 28
97 29
97 29
96 30
95 30
94 31
93 32
92 32
91 33
90 34
89 34
88 35
87 36
86 36
85 37
84 38
83 38
82 39
81 40
80 40
79 41
78 42
77 42
76 43
75 44
74 44
73 45
73 45
73 45
73 45
73 44
73 44
74 44
74 44
75 43
75 43
76 43
76 43
77 42
78 42
78 42
79 41
79 41
80 41
81 40
82 40
82 40
83 39
84 39
84 39
85 38
86 37
86 37
87 36
88 35
88 35
89 34
90 34
90 34
91 33
92 33
92 33
93 32
93 32
94 32
94 32
94 32
94 33
94 33
94 34
94 34
93 35
93 35
92 36
92 36
91 37
91 37
90 38
90 38
89 39
89 39
88 40
88 40
87 41
87 41
86 42
86 42
85 43
85 44
85 44
84 45
84 46
84 46
84 47
84 47
83 48
83 48
83 49
83 49
83 50
83 50
83 51
83 51
84 52
84 52
84 52
85 52
85 52
86 51
86 51
87 50
88 50
88 50
89 49
89 48
89 48
90 47
91 46
91 46
92 45
93 45
93 45
94 44
94 43
94 43
95 42
95 42
96 41
96 41
96 40
96 40
96 39
96 39
96 38
95 37
95 36
94 35
94 34
93 33
93 32
92 31
92 30
91 29
91 28
90 27
90 26
90 25
89 24
89 23
88 22
88 21
87 20
87 19
86 18
86 17
85 16
85 15
85 15
85 16
85 16
85 16
85 17
85 17
85 18
85 19
85 19
85 20
85 21
85 21
85 22
85 23
85 24
85 24
85 25
85 26
85 26
85 27
85 28
85 29
85 29
85 30
86 31
86 32
86 32
86 33
86 34
86 35
86 36
86 36
86 37
86 38
86 39
86 40
86 40
86 41
86 42
86 43
86 44
86 44
86 45
86 46
86 47
86 48
86 48
86 49
85 50
85 51
85 52
85 52
85 53
85 54
85 55
85 56
85 57
85 57
85 58
85 59
85 60
85 61
85 62
85 62
85 63
85 64
85 65
85 66
85 67
85 67
85 68
85 69
85 70
85 71
85 71
85 72
85 73
84 74
84 75
84 76
84 76
84 77
84 78
84 79
84 80
84 81
84 81
84 82
84 83
84 84
84 85
84 85
84 86
84 87
84 88
84 89
84 89
84 90
83 91
83 92
83 93
83 93
83 94
83 95
83 96
83 97
83 97
83 98
83 99
