3 14
3 13
3 12
3 12
3 11
3 11
2 10
2 10
2 9
2 9
2 9
2 9
2 10
2 10
3 11
3 11
3 12
3 13
3 13
3 14
4 15
4 16
4 16
4 17
4 18
5 19
5 20
5 21
5 21
5 22
6 23
6 24
7 25
7 26
7 26
7 27
7 28
7 29
7 30
7 31
7 32
7 32
7 33
7 34
8 35
8 36
8 37
8 37
8 38
8 39
8 40
8 41
8 42
8 43
8 43
8 44
8 45
7 46
7 47
7 48
7 48
7 49
6 50
6 51
6 52
6 52
6 53
6 54
5 55
5 56
5 57
5 57
5 58
5 59
4 60
4 61
4 62
4 62
4 63
3 64
3 65
3 66
3 66
2 67
2 68
1 69
1 69
0 70
0 71
0 71
0 72
0 73
0 73
0 74
0 74
0 73
0 72
1 71
1 70
1 69
1 68
1 67
1 66
2 65
2 64
2 63
2 62
2 61
2 60
3 59
3 58
3 57
3 56
3 55
3 54
4 53
4 52
4 51
4 50
4 49
5 48
5 47
5 46
5 45
5 44
5 43
6 42
6 41
6 40
6 39
6 38
6 37
7 36
7 35
7 34
7 33
7 32
8 31
8 30
8 29
8 28
8 27
8 26
9 25
9 24
9 23
9 22
9 21
9 20
10 19
10 18
10 17
10 16
10 15
10 14
11 13
11 12
11 11
11 11
11 11
11 11
11 11
12 11
13 11
13 11
14 10
14 10
15 9
16 9
17 8
17 8
18 7
19 7
20 6
20 6
21 6
22 5
23 5
23 5
24 4
25 3
25 3
26 2
27 2
27 2
28 1
28 1
28 1
29 0
29 0
29 0
29 0
29 1
29 1
29 1
29 2
29 2
28 3
28 3
28 4
28 5
28 5
28 6
28 7
28 8
28 8
28 9
28 10
28 11
28 12
28 12
28 13
28 14
28 15
28 16
28 17
28 18
28 18
28 19
28 20
28 21
28 22
28 23
28 24
28 24
28 25
28 26
28 27
29 28
29 29
29 30
29 31
29 31
29 32
29 33
29 34
30 35
30 36
30 37
30 38
30 38
30 39
30 40
30 41
30 42
30 43
30 44
30 44
30 45
30 46
31 47
31 48
31 49
31 50
31 50
31 51
32 52
32 53
32 54
32 54
32 55
32 56
32 57
32 58
32 59
32 59
32 60
32 61
32 62
32 63
32 64
32 64
32 65
32 66
32 67
32 68
32 68
32 69
32 70
32 71
32 72
32 73
32 73
32 74
32 75
32 76
32 76
32 77
32 78
32 79
32 79
31 80
31 81
31 81
31 81
31 82
31 82
30 81
30 81
30 81
30 80
29 79
29 78
29 77
28 76
28 75
27 74
27 73
27 72
26 71
26 70
26 69
25 68
25 67
24 66
24 65
24 64
23 63
23 62
23 61
22 60
22 59
21 58
21 57
21 56
20 55
20 54
20 53
19 52
19 51
19 50
18 49
18 48
17 47
17 46
17 45
16 44
16 43
16 42
15 41
15 40
14 39
14 38
14 37
13 36
13 35
13 35
13 34
13 33
14 32
14 31
14 30
14 30
14 29
14 28
14 27
14 26
14 26
14 25
14 24
14 24
15 23
15 23
16 23
16 23
17 22
18 22
18 22
19 23
19 23
20 23
20 23
21 24
21 25
21 25
21 26
21 26
20 27
20 28
20 28
20 29
19 30
19 31
19 31
18 32
18 33
18 33
17 34
16 35
16 35
15 36
15 36
15 37
15 37
15 37
15 37
16 36
16 36
17 35
17 35
18 34
19 33
19 33
20 32
20 32
21 31
21 30
21 30
21 29
21 28
22 27
22 26
22 25
22 25
21 24
21 23
21 23
21 24
21 24
20 24
20 24
20 25
20 26
20 26
19 27
19 28
19 28
19 29
19 30
19 31
19 31
19 32
19 33
19 33
19 34
18 35
18 36
18 36
17 37
17 38
16 39
16 40
15 41
15 42
14 43
14 44
13 45
13 45
13 46
13 47
13 47
13 48
13 48
13 49
13 49
13 50
13 51
13 51
13 52
13 53
13 54
13 54
14 55
14 55
15 56
15 56
15 57
15 57
16 57
16 57
17 57
17 57
17 56
17 56
17 55
17 55
18 54
18 53
18 53
18 52
18 52
18 51
18 50
18 50
19 49
19 49
19 48
19 48
20 48
20 48
21 49
21 49
21 50
21 50
22 51
22 52
22 52
22 53
22 54
22 54
22 55
21 56
21 57
21 57
21 58
21 59
21 59
20 60
20 61
20 61
19 62
19 62
18 63
18 63
18 63
18 63
19 62
20 61
20 60
21 59
22 58
23 57
24 56
24 55
25 54
26 53
27 52
28 51
28 50
29 49
30 48
31 47
31 46
32 45
33 44
34 43
35 42
35 41
36 40
37 39
38 38
39 37
39 36
40 35
41 34
41 34
40 35
39 36
39 36
38 35
38 34
38 34
37 34
37 34
37 34
38 34
38 34
39 34
39 34
40 34
41 33
42 33
42 33
43 33
44 33
45 33
45 33
46 32
47 32
48 31
48 31
49 31
50 30
51 30
51 30
52 29
53 28
53 28
54 28
55 27
56 27
56 27
57 26
57 26
57 25
57 25
57 24
57 24
57 23
57 23
56 22
56 22
55 21
55 20
55 20
54 19
53 19
53 19
52 18
52 17
52 17
51 17
50 17
50 17
50 17
49 18
49 18
49 19
49 20
49 20
49 21
48 22
48 23
48 24
48 24
48 25
48 26
48 27
48 28
48 29
48 29
48 30
48 31
48 32
48 33
48 34
48 34
48 35
48 36
48 37
48 38
48 39
48 39
48 40
48 41
48 42
48 43
48 43
48 44
48 45
48 46
48 46
48 47
48 47
49 48
49 48
49 48
50 48
50 48
51 48
51 48
51 47
51 46
51 46
52 45
52 44
52 44
53 43
53 42
53 42
54 41
54 41
54 40
54 40
54 40
54 41
54 41
54 41
54 42
54 42
53 43
53 43
52 44
51 45
50 46
50 47
49 48
48 49
47 50
46 51
45 52
45 53
44 54
43 55
43 55
43 56
43 56
42 56
42 56
42 57
42 58
42 59
42 59
42 60
42 61
42 62
42 62
42 63
43 64
43 65
43 65
43 66
43 67
43 68
43 68
43 69
44 70
44 71
44 71
44 72
44 72
45 73
45 73
46 74
46 74
46 74
46 74
47 73
47 73
47 72
47 72
47 71
47 70
47 70
47 69
47 68
47 68
47 67
47 66
47 66
47 65
47 64
47 64
47 64
48 64
48 64
49 65
49 65
50 66
50 66
51 67
51 67
52 67
52 67
53 67
54 67
54 67
55 66
55 66
56 66
56 66
57 65
57 65
57 64
57 63
57 63
57 62
57 62
58 61
58 60
58 60
58 59
58 58
58 58
59 57
59 56
59 56
60 55
60 55
61 55
61 55
62 55
62 55
63 56
63 57
63 57
64 58
64 59
64 59
64 60
64 61
64 62
64 62
64 63
65 64
65 65
65 65
65 66
65 67
65 67
65 68
65 69
65 70
65 70
65 71
64 72
64 73
64 73
63 74
63 75
63 75
62 76
62 77
62 77
62 78
62 78
62 78
62 77
62 76
63 75
63 74
63 73
63 72
63 71
63 70
64 69
64 68
64 67
64 66
64 65
64 64
65 63
65 62
65 61
65 60
65 59
66 58
66 57
66 56
66 55
66 54
66 53
67 52
67 51
67 50
67 49
67 48
68 47
68 46
68 45
68 44
68 43
68 42
69 41
69 40
69 39
69 38
69 37
69 36
70 35
70 34
70 33
70 32
70 31
71 30
71 29
71 28
71 27
71 26
71 25
72 24
72 23
72 22
72 21
72 20
72 19
73 18
73 17
73 16
73 16
74 17
74 17
74 16
74 16
75 16
75 16
76 15
76 15
77 15
78 14
79 14
79 14
80 13
80 13
81 12
81 12
82 11
82 11
82 10
82 10
82 9
82 9
82 8
82 8
82 7
82 6
82 6
81 6
81 6
80 6
80 6
80 7
80 7
79 8
79 9
79 9
79 10
79 11
79 12
79 12
79 13
79 14
79 15
79 15
79 16
79 17
79 17
80 18
80 18
81 19
81 19
82 19
82 19
83 19
83 19
84 18
84 18
85 17
85 16
85 16
86 15
86 14
86 14
87 13
87 13
87 12
87 11
87 11
88 10
88 10
88 10
88 10
88 10
88 11
88 11
88 12
88 13
88 13
89 14
89 14
89 15
89 16
89 16
89 17
89 17
89 17
89 18
89 18
89 18
89 19
89 19
89 19
88 20
87 20
86 21
85 21
84 22
83 23
82 23
81 24
80 24
79 25
78 26
77 26
76 27
75 27
74 28
74 28
74 29
74 30
74 31
73 32
73 33
73 34
73 35
73 35
73 35
73 34
73 34
74 34
74 34
75 34
76 34
76 34
77 33
78 33
79 32
79 32
80 32
81 31
82 31
82 31
83 31
84 30
85 30
85 30
86 30
87 29
88 29
89 29
89 29
90 28
91 28
91 28
92 28
92 28
93 28
93 28
93 28
92 28
92 28
91 29
90 29
90 29
89 30
88 31
88 31
87 31
86 32
85 32
85 32
85 32
84 33
83 33
82 34
81 35
80 35
79 36
78 36
77 37
77 37
76 38
76 38
75 39
75 39
75 40
75 40
75 41
75 41
76 41
76 41
77 42
77 42
78 41
78 41
79 40
80 40
80 40
81 39
81 39
81 38
81 38
82 37
82 37
82 36
82 36
82 35
82 35
81 35
81 35
81 35
80 36
80 37
80 37
80 38
80 38
80 39
80 40
80 40
80 41
80 42
80 42
80 43
80 43
81 43
81 43
82 42
83 42
83 42
84 41
85 41
85 41
86 40
87 40
87 40
88 39
88 39
89 38
90 38
90 38
90 37
90 36
90 36
91 36
91 36
91 35
91 35
91 35
91 36
91 36
91 37
91 37
90 38
90 38
90 39
90 39
90 40
90 40
89 41
88 41
87 42
86 43
85 43
84 44
83 44
82 45
81 46
80 46
79 47
78 48
77 48
76 49
75 50
74 50
73 51
72 51
71 52
70 53
69 53
68 54
68 54
68 55
67 56
67 57
67 57
67 57
68 56
68 56
69 55
70 55
70 55
71 55
72 54
73 54
73 54
74 53
75 53
76 52
76 52
77 52
78 51
79 51
80 50
81 50
81 50
82 50
83 50
84 49
85 49
86 49
86 49
87 49
88 48
89 48
90 48
90 48
91 48
92 48
93 48
93 48
94 48
95 48
96 48
96 48
97 48
97 48
98 48
98 48
99 48
99 48
98 48
98 48
98 47
98 47
97 46
97 45
96 44
96 43
95 42
95 41
94 40
93 39
93 38
92 37
92 36
91 35
90 34
90 33
89 32
89 31
88 30
88 29
87 28
86 27
86 26
85 25
85 24
84 23
84 22
83 21
83 21
83 20
83 19
83 19
82 18
82 18
82 18
82 19
82 20
82 20
81 21
81 22
81 22
81 23
81 24
81 25
81 25
81 26
81 27
81 28
81 29
81 29
81 30
81 31
81 32
81 33
81 33
81 34
81 35
81 36
81 37
81 38
81 38
81 39
81 40
81 41
81 42
81 43
81 43
81 44
81 45
81 46
81 47
81 48
81 48
81 49
81 50
81 51
81 52
81 53
81 54
81 54
81 55
81 56
81 57
81 58
81 59
81 60
81 60
81 61
81 62
81 63
82 64
82 65
82 66
82 67
82 67
82 68
82 69
82 70
82 71
82 72
82 73
82 74
82 74
82 75
82 76
82 77
83 78
83 79
83 80
83 81
83 82
83 82
83 83
83 84
83 85
83 86
83 87
83 87
83 88
82 89
82 90
82 90
82 91
82 92
82 93
82 93
82 94
81 95
81 96
81 96
81 97
81 98
81 98
80 99
80 99
80 99
80 99
80 99
80 99
80 98
80 98
