2 16
2 15
2 15
2 14
2 14
2 14
2 14
2 14
3 15
3 15
3 15
3 16
3 17
3 17
4 18
4 19
4 19
4 20
4 21
4 21
4 22
4 23
4 23
4 24
5 25
5 26
5 27
5 27
5 28
5 29
5 30
5 31
5 31
5 32
5 33
6 34
6 35
6 36
6 36
6 37
6 38
6 39
6 40
6 40
6 41
6 42
6 43
6 44
6 45
6 45
6 46
6 47
6 48
6 49
6 50
6 50
6 51
6 52
6 53
6 54
6 55
6 55
6 56
6 57
5 58
5 59
5 60
5 60
5 61
5 62
5 63
5 64
5 64
5 65
5 66
4 67
4 68
4 69
4 69
4 70
4 71
4 72
4 73
4 73
4 74
3 75
3 76
3 76
3 77
2 78
2 79
2 79
1 80
1 80
1 81
1 81
0 81
0 81
0 80
0 80
0 79
0 78
1 77
1 76
1 75
1 74
1 73
2 72
2 71
2 70
2 69
2 68
3 67
3 66
3 65
3 64
4 63
4 62
4 61
4 60
4 59
5 58
5 57
5 56
5 55
5 54
6 53
6 52
6 51
6 50
6 49
7 48
7 47
7 46
7 45
7 44
8 43
8 42
8 41
8 40
8 39
9 38
9 37
9 36
9 35
9 34
10 33
10 32
10 31
10 30
11 29
11 28
11 27
11 26
11 25
12 24
12 23
12 22
12 21
12 20
13 19
13 18
13 17
13 17
13 17
13 17
13 17
13 17
13 17
14 17
14 17
14 16
14 16
15 15
15 15
16 14
17 14
17 14
18 13
18 12
18 12
19 11
20 11
20 11
21 10
22 9
22 9
23 8
23 8
24 7
25 7
25 7
26 6
26 5
26 5
27 4
27 4
28 3
29 3
29 3
30 2
30 2
30 2
31 2
31 2
32 1
32 1
32 1
33 1
33 1
33 1
33 0
33 0
34 0
34 0
34 1
34 1
34 1
34 1
34 1
34 2
34 2
33 2
33 2
33 3
33 3
33 4
33 4
33 5
33 6
33 6
33 7
33 7
33 8
33 9
33 9
32 10
32 11
32 11
32 12
32 13
32 13
32 14
32 15
32 16
32 16
32 17
32 18
32 18
32 19
32 20
32 21
32 21
32 22
32 23
32 24
32 24
32 25
32 26
32 27
32 27
32 28
32 29
32 30
32 30
32 31
32 32
32 33
32 33
32 34
32 35
32 36
32 37
32 37
32 38
33 39
33 40
33 40
33 41
33 42
33 43
33 44
33 44
33 45
33 46
33 47
33 47
33 48
33 49
33 50
33 51
33 51
33 52
33 53
33 54
33 55
33 55
33 56
34 57
34 58
34 58
34 59
34 60
34 61
34 61
34 62
35 63
35 64
35 64
35 65
35 66
35 67
35 67
35 68
36 69
36 70
36 70
36 71
36 72
36 73
36 73
36 74
37 75
37 76
37 76
38 77
38 78
38 78
38 79
38 80
38 81
38 81
38 82
38 83
38 83
39 84
39 85
39 85
39 86
39 86
39 87
39 87
39 88
39 88
39 89
39 89
38 89
38 89
37 89
37 89
36 89
36 89
35 88
35 88
34 87
34 87
33 86
32 85
32 85
32 84
31 83
31 82
31 81
30 80
30 79
30 78
29 77
29 76
28 75
28 74
28 73
27 72
27 71
27 70
26 69
26 68
26 67
25 66
25 65
25 64
24 63
24 62
23 61
23 60
23 59
22 58
22 57
22 56
21 55
21 54
21 53
20 52
20 51
20 50
19 49
19 48
18 47
18 46
18 45
17 44
17 43
17 42
16 41
16 40
16 40
15 39
15 39
15 39
14 39
14 39
14 38
14 38
14 38
14 38
14 38
14 38
14 38
15 38
15 38
15 38
16 37
16 37
17 36
17 36
18 35
18 35
19 34
19 33
19 33
20 32
20 32
21 31
21 31
22 30
22 30
23 29
23 29
23 29
23 29
23 29
23 29
23 28
23 28
23 28
22 28
22 28
22 28
22 28
21 28
21 28
21 28
21 28
21 28
20 28
20 28
20 28
20 28
20 28
20 28
20 28
20 28
20 29
20 29
21 29
21 29
21 30
21 30
21 31
21 31
21 32
21 32
21 33
21 34
21 34
21 35
21 35
21 36
21 37
21 37
20 38
20 38
20 39
20 40
20 40
20 41
20 41
19 42
19 43
19 43
19 44
19 44
18 45
18 45
18 46
18 46
18 47
18 47
17 47
17 47
17 47
17 47
18 47
18 47
18 46
18 46
18 45
18 45
19 45
19 45
20 44
20 44
21 44
21 44
21 44
21 45
21 45
22 45
22 45
22 46
22 46
22 47
22 47
21 48
21 48
21 49
21 50
21 50
21 51
21 51
20 52
20 53
20 53
20 54
20 54
19 55
19 55
19 56
19 56
19 57
19 57
18 58
18 58
18 59
18 59
18 59
18 60
18 60
18 60
18 60
18 60
18 60
18 59
18 59
19 58
19 58
19 57
19 57
20 56
20 56
21 55
21 55
22 55
22 55
23 54
23 54
24 54
24 54
25 53
25 53
26 54
26 54
26 54
26 55
26 55
26 56
26 56
26 57
26 57
25 58
25 58
25 59
25 59
24 60
24 60
23 61
23 61
23 61
23 61
23 60
23 60
24 59
25 58
26 57
27 56
28 55
29 54
30 53
31 52
32 51
33 50
34 49
35 48
36 47
37 46
38 45
39 44
40 43
41 42
42 41
43 40
44 39
45 38
46 37
47 36
48 35
49 34
49 34
48 34
48 34
48 34
48 33
48 33
48 33
47 33
47 33
47 33
47 33
48 32
48 32
48 32
49 31
49 31
50 30
50 30
51 29
51 29
52 28
53 28
53 28
54 27
54 27
55 26
56 25
56 25
57 24
57 24
58 23
58 23
59 22
59 22
60 22
60 22
61 21
61 21
61 21
61 21
61 20
61 20
61 20
61 20
60 20
60 20
60 19
60 19
59 19
59 19
59 19
58 19
58 19
57 18
57 18
57 18
56 18
56 18
56 17
56 17
56 17
55 17
55 17
55 17
55 17
55 18
55 18
55 18
55 19
55 20
55 20
55 21
55 21
55 22
55 23
55 23
55 24
55 25
55 26
55 26
55 27
55 28
55 28
55 29
55 30
55 30
54 31
54 32
54 32
54 33
54 34
54 35
54 35
54 36
54 37
54 37
54 38
54 38
55 39
55 39
55 40
55 40
56 40
56 40
56 40
57 40
57 40
58 40
58 40
59 39
59 39
59 39
60 39
60 39
60 38
60 38
60 38
60 38
60 38
59 38
59 38
59 39
59 39
58 39
58 39
57 39
57 39
56 39
55 39
55 39
54 40
54 40
53 41
53 41
52 42
52 42
51 43
51 44
51 44
50 45
50 46
50 46
49 47
49 48
49 48
48 49
48 50
48 50
48 51
48 52
48 52
47 53
47 54
47 54
47 55
47 56
47 56
47 57
47 57
47 58
47 58
48 59
48 59
48 59
49 58
49 58
49 57
49 57
50 56
50 56
50 55
50 55
51 55
51 55
51 55
52 55
52 55
52 56
52 56
53 57
53 57
53 57
54 58
54 58
55 58
56 58
56 58
57 59
57 59
58 59
58 59
59 59
59 59
60 58
60 58
61 58
61 58
61 58
62 57
62 57
63 56
63 56
63 55
63 55
63 54
63 54
63 53
63 52
63 52
62 51
62 51
62 50
62 50
61 50
61 50
60 50
60 50
59 49
59 49
59 49
59 49
59 49
60 48
60 48
61 48
61 48
62 48
62 48
63 47
63 47
64 47
64 47
65 47
65 47
66 47
67 47
67 47
67 47
68 47
68 47
68 46
68 46
68 46
68 46
68 45
68 44
68 43
69 42
69 41
69 40
69 39
69 38
69 37
69 36
70 35
70 34
70 33
70 32
70 31
70 30
70 29
71 28
71 27
71 26
71 25
71 25
71 24
71 24
70 24
70 24
71 24
71 24
71 24
72 24
72 24
72 24
73 23
74 23
74 23
75 22
75 22
76 21
76 21
77 20
78 20
78 20
79 19
79 19
80 18
80 18
81 17
81 16
81 16
81 15
81 15
81 14
81 14
81 13
81 13
81 12
81 12
80 11
80 11
80 11
79 11
79 11
78 12
78 12
77 13
77 13
76 14
76 14
76 15
76 15
75 16
75 16
75 17
75 18
75 18
75 19
75 19
75 20
75 20
75 21
75 22
75 22
75 23
75 23
76 24
76 24
77 25
77 26
77 26
78 26
78 26
79 27
79 27
80 27
80 27
81 26
82 26
82 26
83 26
83 26
84 25
84 25
85 24
85 24
85 24
86 23
86 23
86 23
86 23
86 23
85 23
85 23
84 23
84 23
83 24
82 25
82 26
81 27
80 28
79 29
78 30
77 31
77 32
76 33
75 34
75 34
74 35
73 36
72 37
72 37
71 38
71 38
70 39
70 39
70 40
70 40
69 40
69 40
69 40
69 41
69 41
70 41
70 41
71 40
71 40
72 39
73 39
73 39
74 39
74 39
75 38
76 38
76 38
77 37
78 37
78 37
79 36
80 36
80 36
81 35
82 35
82 35
83 34
84 34
84 34
85 33
86 33
86 33
87 32
87 32
88 31
88 31
88 31
89 31
89 31
89 31
88 31
88 31
88 31
87 32
86 32
85 33
84 34
83 34
82 35
81 36
80 36
79 37
79 37
78 38
77 39
77 39
76 39
76 39
76 39
75 40
75 40
74 41
74 41
74 42
74 42
73 43
73 43
73 44
73 44
72 45
72 45
72 46
72 47
72 47
71 48
71 48
71 49
71 49
71 49
72 50
72 50
72 50
73 49
74 49
74 49
75 48
75 48
76 47
76 47
77 46
78 46
78 46
79 45
79 45
80 44
81 44
81 44
82 43
82 43
83 42
84 42
84 42
85 41
85 41
86 41
86 41
86 41
86 41
86 41
86 41
85 41
85 41
84 42
84 42
83 43
83 43
82 44
82 44
81 45
80 46
80 46
79 47
79 47
78 48
77 49
77 49
76 50
76 51
76 51
75 52
74 52
74 52
73 53
73 53
72 54
72 55
72 55
71 56
71 56
70 57
70 57
69 58
69 59
69 59
68 60
67 60
67 60
66 61
66 61
65 62
65 62
64 63
64 63
64 63
64 63
64 63
64 63
65 62
65 62
66 61
66 61
67 60
67 59
67 59
68 58
69 58
69 58
70 57
71 57
71 57
72 56
73 56
74 55
74 55
75 55
76 54
77 54
77 54
78 54
79 53
80 53
80 53
81 52
82 52
82 52
83 52
84 51
85 51
85 51
86 51
87 50
88 50
88 50
89 50
90 50
90 50
91 49
92 49
92 49
93 49
94 49
94 49
95 48
96 48
96 48
97 47
97 47
98 46
98 46
99 45
99 45
98 44
98 44
97 43
96 42
95 41
94 40
93 39
92 38
91 37
90 36
89 35
89 34
88 33
87 32
86 31
85 30
84 29
83 28
82 27
81 26
81 26
81 25
81 25
81 24
81 24
81 24
81 24
81 24
80 25
80 25
80 25
80 26
80 26
80 27
80 27
80 28
80 29
80 29
80 30
80 30
80 31
80 32
80 32
80 33
80 34
80 34
80 35
80 36
80 36
80 37
80 38
80 38
80 39
80 40
80 41
80 41
80 42
80 43
80 43
80 44
80 45
80 46
80 46
80 47
80 48
80 49
80 49
80 50
81 51
81 52
81 52
81 53
81 54
81 55
81 55
81 56
81 57
81 57
81 58
81 59
81 60
81 60
81 61
81 62
81 62
81 63
81 64
81 65
81 65
81 66
81 67
81 67
81 68
81 69
81 70
81 70
80 71
80 72
80 72
80 73
80 74
80 74
80 75
80 76
80 76
80 77
80 78
80 78
80 79
80 80
80 81
80 81
80 82
80 83
80 83
80 84
80 85
80 86
80 86
80 87
80 88
80 89
80 89
79 90
79 91
79 91
79 92
79 93
79 93
78 94
78 95
78 95
77 96
77 96
76 97
76 97
75 98
75 98
74 99
