1 12
0 12
0 12
0 11
0 11
0 11
0 11
0 10
0 10
1 10
1 10
1 10
2 10
2 10
3 10
3 10
3 11
3 11
4 11
4 11
4 12
4 12
5 13
5 14
5 14
5 15
5 16
5 16
6 17
6 18
6 18
6 19
6 20
6 21
6 21
6 22
6 23
6 24
6 25
6 25
6 26
5 27
5 28
5 28
5 29
5 30
5 31
5 32
5 33
5 33
5 34
5 35
5 36
5 36
5 37
5 38
4 39
4 40
4 41
4 41
4 42
4 43
4 44
4 45
4 45
4 46
3 47
3 48
3 48
3 49
2 50
2 51
2 51
2 52
1 53
1 54
1 54
1 55
1 56
1 56
0 57
0 57
0 57
0 57
0 56
1 55
1 54
1 53
1 52
2 51
2 50
2 49
3 48
3 47
3 46
3 45
4 44
4 43
4 42
5 41
5 40
5 39
5 38
6 37
6 36
6 35
7 34
7 33
7 32
7 31
8 30
8 29
8 28
9 27
9 26
9 25
9 24
10 23
10 22
10 21
11 20
11 19
11 18
11 17
12 16
12 15
12 14
13 13
13 12
13 11
13 10
14 9
14 8
14 8
13 9
13 9
13 8
13 8
13 7
13 7
13 7
14 6
14 6
15 5
15 5
16 5
16 5
17 4
17 4
18 3
19 3
19 3
20 3
20 3
21 2
21 2
22 2
22 2
23 1
23 1
24 1
24 1
25 1
25 1
26 0
26 0
26 0
27 1
27 1
27 1
27 1
27 1
27 1
27 1
27 1
27 2
27 2
27 2
26 2
26 2
26 3
26 3
26 3
26 4
26 4
25 5
25 5
25 6
25 6
25 6
25 7
25 7
24 8
24 8
24 9
24 9
24 10
24 11
24 11
24 12
24 12
24 13
24 13
24 14
24 14
24 15
24 15
24 16
24 17
24 17
24 18
24 18
24 19
24 19
24 20
24 21
24 21
24 22
24 22
25 23
25 23
25 24
25 25
25 25
25 26
25 27
25 27
25 28
25 29
25 29
25 30
25 31
25 31
26 32
26 32
26 33
26 34
26 34
26 35
26 36
26 36
26 37
26 38
26 38
27 39
27 40
27 40
27 41
27 42
27 42
27 43
27 44
27 44
27 45
27 46
27 46
28 47
28 48
28 48
28 49
28 50
28 51
28 51
28 52
28 53
28 53
29 54
29 55
29 55
29 56
29 57
29 58
29 58
29 59
29 60
29 60
30 61
30 62
30 62
30 63
30 64
30 64
30 65
30 66
30 67
30 67
31 68
31 69
31 69
31 70
31 70
31 71
31 71
31 72
31 72
31 73
31 73
31 73
31 73
30 72
30 72
30 71
30 70
30 70
29 69
28 68
28 68
28 67
27 66
27 65
27 65
27 64
26 63
26 62
26 61
25 60
25 59
25 58
24 57
24 56
24 55
23 54
23 53
23 52
22 51
22 50
22 49
21 48
21 47
21 46
20 45
20 44
19 43
19 42
19 41
18 40
18 39
18 38
17 37
17 36
17 35
16 34
16 33
16 32
15 31
15 30
15 29
14 28
14 27
14 26
13 25
13 24
13 24
13 24
12 24
12 24
12 24
12 24
12 24
12 24
12 24
12 24
12 24
12 24
12 24
12 24
12 24
12 24
12 24
12 24
12 24
12 24
12 24
12 23
12 23
13 23
13 23
13 22
13 22
14 21
14 21
15 21
16 21
16 21
17 20
17 20
18 19
18 19
18 19
19 19
19 19
19 18
19 18
19 18
19 18
19 18
19 18
19 18
19 18
19 18
19 18
19 18
19 18
19 18
19 18
19 18
19 18
19 18
19 18
19 19
19 19
18 19
18 19
18 19
18 20
18 20
18 20
18 21
18 21
17 22
17 22
17 23
17 23
16 24
16 24
16 25
16 26
16 26
15 27
15 27
15 28
15 28
14 29
14 29
14 29
14 30
14 30
14 30
15 31
15 31
15 31
15 31
16 31
16 31
16 30
16 30
17 30
17 30
18 29
18 29
18 29
19 29
19 29
19 29
20 29
20 29
20 29
20 30
20 30
19 30
19 30
19 31
19 31
18 32
18 32
18 33
18 33
17 34
17 34
17 35
17 35
16 36
16 36
16 37
16 37
16 37
16 37
16 37
16 37
17 37
17 37
18 37
18 37
18 36
18 36
19 36
19 36
19 36
19 36
19 37
19 37
19 37
19 38
19 38
18 39
18 40
18 40
18 41
18 41
17 42
17 43
17 43
17 44
17 44
17 45
17 45
17 46
17 46
17 47
17 47
17 48
17 48
17 48
18 48
18 48
18 48
19 47
19 47
19 47
19 46
19 46
20 45
20 45
20 44
20 44
20 43
20 43
20 42
20 42
21 42
21 42
21 41
21 41
21 41
21 41
21 41
22 41
22 41
22 42
22 42
23 43
23 43
23 44
23 44
23 45
23 45
23 46
23 46
22 47
22 47
22 48
22 49
22 49
23 48
23 47
24 46
25 45
25 44
26 43
27 42
27 41
28 40
29 39
29 38
30 37
31 36
32 35
32 34
33 33
34 32
34 31
35 30
36 29
36 28
37 27
38 26
38 25
39 24
40 23
40 22
41 21
41 21
41 21
40 21
40 21
40 21
40 21
40 21
40 21
41 21
41 21
41 21
42 20
43 20
43 20
44 19
44 19
45 19
46 18
47 18
47 18
48 17
48 17
49 16
50 16
50 16
51 15
51 15
51 15
52 15
52 15
52 15
52 15
51 15
50 14
49 14
48 13
47 13
47 13
47 12
47 12
47 12
47 12
47 12
47 12
47 12
47 12
47 12
47 12
47 13
47 13
47 14
47 14
47 15
47 15
47 16
47 16
47 17
47 18
47 18
47 19
47 19
47 20
47 20
47 21
47 22
47 22
47 23
47 23
47 24
47 25
47 25
47 26
47 26
47 27
47 27
47 28
47 28
47 28
47 29
47 29
47 29
47 30
47 30
47 29
47 29
47 29
48 28
48 28
49 27
49 27
50 26
50 26
50 25
50 25
51 24
51 24
51 24
51 24
51 24
50 24
50 24
50 25
50 25
49 26
49 26
48 26
48 26
48 27
48 27
47 28
46 29
45 30
44 31
43 32
42 33
41 34
40 35
39 36
39 36
39 36
39 36
39 36
39 36
39 36
39 36
39 36
39 36
39 36
39 37
39 37
39 37
39 37
39 37
40 38
40 38
40 39
40 39
40 40
40 40
40 41
40 41
40 42
40 42
40 43
40 43
40 44
40 44
40 45
40 45
40 46
40 46
40 47
40 47
41 47
41 47
41 48
41 48
41 48
41 48
42 47
42 47
42 46
42 46
42 45
42 45
42 44
42 44
43 44
43 44
43 44
43 44
44 44
44 44
44 45
44 45
45 45
45 45
45 45
46 46
47 46
47 46
48 46
48 46
48 46
49 46
50 46
50 46
51 45
51 45
52 45
52 45
52 44
52 44
53 44
53 44
53 43
53 43
53 42
53 42
53 41
53 41
53 40
53 40
52 39
52 39
51 38
51 38
51 38
50 38
50 38
49 38
49 38
49 38
49 38
50 38
50 38
51 37
52 37
52 37
53 36
53 35
53 35
54 35
55 35
56 35
56 35
57 34
58 34
58 34
59 35
60 35
60 35
61 35
61 35
62 36
62 36
63 37
63 38
63 38
63 39
63 39
62 40
62 41
62 41
61 42
61 43
61 43
60 44
60 45
60 45
60 46
60 46
59 46
59 46
59 45
60 44
60 43
60 42
61 41
61 40
61 39
62 38
62 37
62 36
63 35
63 34
63 33
64 32
64 31
64 30
65 29
65 28
66 27
66 26
66 25
67 24
67 23
67 22
68 21
68 20
68 19
69 18
69 17
69 16
70 15
70 14
70 13
71 12
71 11
71 11
71 10
71 10
71 10
71 11
71 11
71 11
72 12
72 12
72 12
72 13
72 14
72 14
72 15
72 15
72 16
72 17
72 17
72 18
72 19
72 19
72 20
72 20
73 21
73 22
73 22
73 23
73 23
73 24
73 24
73 25
73 25
73 25
73 25
73 25
72 24
72 24
72 24
71 23
71 23
70 23
70 23
69 22
69 22
68 22
68 22
68 22
67 22
67 22
67 22
67 21
67 21
67 21
67 21
68 20
68 20
69 20
69 20
70 19
70 19
71 18
71 18
72 18
72 18
73 17
74 17
74 17
74 17
75 17
75 17
75 17
75 17
75 18
75 18
75 18
74 19
74 19
73 20
73 20
72 21
72 21
71 22
71 22
70 22
70 22
70 23
70 23
70 23
70 23
71 22
71 22
72 22
72 22
73 21
73 21
74 20
75 20
75 20
76 19
77 19
77 19
78 19
78 19
79 18
80 18
80 18
81 18
81 18
82 18
82 18
83 18
83 18
84 17
84 17
84 17
85 17
85 17
85 17
85 17
85 17
85 17
85 17
85 17
85 16
85 16
85 16
85 16
85 16
85 15
85 15
85 15
85 15
85 15
85 15
85 15
84 16
84 16
84 16
84 17
84 17
84 17
84 18
84 18
83 19
83 19
82 19
82 19
81 20
80 21
79 21
78 22
77 23
76 24
75 24
74 25
73 26
72 27
71 27
70 28
69 29
68 30
67 30
66 31
65 32
65 32
65 32
65 32
65 32
65 32
65 32
65 32
65 32
65 32
65 32
65 33
65 33
65 33
66 33
66 33
67 32
67 32
68 32
68 32
69 32
69 32
70 31
70 31
71 31
71 31
72 31
72 31
73 31
73 31
74 31
74 31
75 31
75 31
76 30
77 30
77 30
78 29
78 29
79 29
79 29
80 29
80 29
81 29
81 29
82 29
82 29
82 29
83 29
83 29
83 29
83 29
83 29
82 29
82 29
81 29
80 30
79 30
78 30
77 31
76 31
75 31
74 32
73 32
73 32
72 33
71 33
71 33
71 33
70 33
70 33
70 34
70 34
70 34
70 35
70 35
70 35
71 35
71 35
71 36
71 36
72 36
72 36
73 35
73 35
74 35
74 35
75 34
76 34
76 34
77 33
77 33
78 33
79 33
79 33
80 33
80 33
81 33
81 33
82 33
82 33
83 33
83 33
84 33
85 33
85 33
86 33
86 33
87 33
87 33
87 33
88 33
88 33
88 33
87 33
87 33
86 34
85 35
84 35
83 36
82 37
81 38
80 38
79 39
78 40
77 41
76 41
75 42
74 43
73 44
72 44
71 45
70 46
69 47
68 47
67 48
66 49
65 50
64 50
63 51
62 52
62 52
61 52
61 52
60 52
60 52
60 52
60 52
60 52
60 52
61 51
61 51
62 51
62 51
63 50
63 50
64 50
65 49
66 49
66 49
67 48
68 48
68 48
69 48
70 47
71 47
71 47
72 47
73 46
74 46
74 46
75 46
76 45
77 45
77 45
78 45
79 44
80 44
80 44
81 44
82 44
83 44
83 44
84 44
85 43
86 43
86 43
87 43
88 43
89 43
89 43
90 42
91 42
91 42
92 42
93 42
93 42
94 42
95 42
95 42
96 41
96 41
97 41
97 41
98 41
98 41
98 41
99 41
99 41
98 40
98 40
98 40
97 39
97 39
96 38
96 38
95 37
95 36
94 35
93 34
93 33
92 32
91 31
91 30
90 29
90 28
89 27
88 26
88 25
87 24
86 23
86 22
85 21
84 20
84 19
83 18
82 17
82 16
81 15
81 14
80 13
79 12
79 11
78 10
77 9
77 8
76 7
76 7
76 7
76 6
76 6
76 6
76 6
76 6
76 7
76 7
76 7
76 7
76 7
76 8
76 8
77 9
77 9
77 9
77 10
77 11
77 11
77 12
77 12
77 13
77 13
77 14
77 15
77 15
77 16
77 17
77 17
77 18
77 19
77 19
77 20
77 21
77 21
77 22
77 23
77 23
77 24
77 25
77 25
77 26
77 27
77 27
77 28
77 29
77 30
77 30
77 31
77 32
77 32
77 33
77 34
77 35
77 35
77 36
77 37
77 37
77 38
77 39
77 40
77 40
77 41
77 42
77 43
77 44
77 44
77 45
77 46
77 47
77 47
77 48
77 49
77 50
77 50
77 51
77 52
77 53
77 53
77 54
77 55
77 56
77 57
77 57
77 58
78 59
78 60
78 60
78 61
78 62
78 63
78 63
78 64
79 65
79 66
79 66
79 67
79 68
79 69
79 69
79 70
79 71
79 72
79 73
79 73
79 74
79 75
79 76
79 77
79 77
79 78
79 79
79 80
79 80
79 81
79 82
79 83
79 84
79 84
79 85
79 86
79 87
79 87
79 88
79 89
79 90
79 90
79 91
79 92
79 93
79 93
79 94
79 95
79 96
79 96
79 97
79 98
79 98
79 99
