2 12
2 12
1 12
1 12
1 11
1 11
1 11
1 11
2 11
2 11
2 11
3 11
3 11
3 11
4 11
4 11
4 12
4 12
5 12
5 12
5 13
5 14
5 14
5 15
5 16
5 16
5 17
5 18
5 18
6 19
6 20
6 20
6 21
6 22
6 23
6 23
6 24
6 25
6 26
6 27
6 27
6 28
5 29
5 30
5 31
5 31
5 32
5 33
5 34
5 35
5 35
5 36
5 37
5 38
5 39
5 40
5 40
5 41
5 42
5 43
5 44
5 44
5 45
5 46
5 47
5 48
5 48
5 49
4 50
4 51
4 52
4 52
4 53
4 54
4 55
4 56
4 56
3 57
3 58
3 58
3 59
3 60
3 60
2 61
2 62
2 62
2 63
2 63
1 63
1 63
0 63
0 63
0 62
0 61
0 61
0 60
0 59
1 58
1 57
1 56
1 55
1 54
2 53
2 52
2 51
2 50
2 49
2 48
3 47
3 46
3 45
3 44
3 43
4 42
4 41
4 40
4 39
4 38
5 37
5 36
5 35
5 34
5 33
6 32
6 31
6 30
6 29
6 28
7 27
7 26
7 25
7 24
7 23
7 22
8 21
8 20
8 19
8 18
8 17
9 16
9 15
9 14
9 14
9 14
9 13
9 13
9 13
10 12
10 11
10 11
11 10
11 10
12 9
12 9
13 8
13 8
14 7
14 7
15 6
15 6
16 5
16 5
17 5
17 5
18 4
18 4
19 3
20 3
20 3
21 2
21 2
22 1
22 1
23 1
23 1
23 0
23 0
24 1
24 1
24 1
23 1
23 1
23 2
23 2
23 2
23 3
23 3
23 3
23 4
23 4
23 4
23 5
23 5
22 6
22 6
22 7
22 7
22 8
22 8
22 9
22 10
22 10
22 11
22 11
22 12
22 12
22 13
22 14
22 14
22 15
22 15
22 16
22 17
22 17
22 18
22 19
22 19
22 20
22 21
22 21
22 22
22 23
22 23
22 24
23 25
23 26
23 26
23 27
23 28
23 28
23 29
23 30
23 30
24 31
24 32
24 32
24 33
24 34
24 35
24 35
24 36
24 37
24 38
24 38
24 39
25 40
25 41
25 41
25 42
25 43
25 44
25 45
25 45
25 46
26 47
26 48
26 48
26 49
26 50
26 51
26 52
26 52
26 53
27 54
27 55
27 56
27 56
27 57
27 58
27 59
27 59
27 60
28 61
28 62
28 62
28 63
29 64
29 65
29 65
29 66
29 67
29 67
30 68
30 69
30 69
30 70
30 71
30 71
30 72
30 72
30 73
30 73
30 73
30 73
29 72
29 72
28 71
28 70
28 70
27 69
27 68
27 68
26 67
26 66
25 65
25 64
25 64
24 63
24 62
23 61
23 60
23 60
23 59
22 58
22 57
22 56
21 55
21 54
21 53
21 52
20 51
20 50
20 49
19 48
19 47
19 46
18 45
18 44
18 43
18 42
17 41
17 40
17 39
16 38
16 37
16 36
15 35
15 34
15 33
15 32
14 31
14 30
14 29
13 28
13 27
13 27
13 27
13 27
13 27
13 27
13 27
13 27
13 27
13 27
13 27
13 26
13 26
14 25
14 25
14 24
14 24
15 23
15 23
16 22
16 22
17 21
17 21
18 20
18 20
19 20
19 20
19 19
19 19
19 19
19 19
19 19
19 19
19 19
18 19
18 19
18 19
18 19
17 18
17 18
17 18
17 18
17 18
17 17
17 17
17 17
17 17
17 17
17 17
17 17
17 18
17 18
17 18
17 19
17 19
17 20
17 20
17 21
17 22
17 22
17 23
17 23
17 24
17 24
17 25
17 26
17 26
16 27
16 27
16 28
16 29
16 29
16 30
16 30
16 31
16 31
16 32
16 32
16 32
16 33
16 33
16 33
16 33
16 33
16 33
16 32
16 32
17 32
17 32
17 31
17 31
18 30
18 30
18 30
18 30
19 30
19 30
19 30
19 31
19 31
19 31
19 32
19 32
18 33
18 34
18 34
18 35
18 35
18 36
18 37
18 37
18 38
18 39
18 39
18 40
18 41
18 41
18 42
18 42
18 43
18 43
18 44
18 44
18 45
18 45
18 46
18 46
18 46
18 46
18 46
18 46
19 46
19 46
19 45
19 45
19 45
19 44
19 44
19 43
19 43
19 42
19 42
19 41
19 41
20 40
20 40
21 39
21 39
21 38
21 38
22 38
22 38
22 38
23 38
23 38
23 38
23 39
23 39
24 40
24 40
24 41
24 41
23 42
23 43
23 43
23 44
23 44
23 45
23 45
22 46
22 47
22 47
21 48
21 48
21 48
22 47
22 46
23 45
24 44
24 43
25 42
26 41
26 40
27 39
28 38
28 37
29 36
30 35
30 34
31 33
31 32
32 31
33 30
33 29
34 28
35 27
35 26
36 25
37 24
37 23
38 22
39 21
39 20
40 19
40 19
39 19
39 19
39 19
39 19
39 19
39 19
39 19
39 19
39 19
39 19
40 19
40 19
40 18
40 18
41 18
41 18
41 17
41 17
42 16
42 16
43 15
44 15
44 15
45 14
45 14
46 13
47 13
47 13
48 12
48 12
49 11
49 11
49 11
49 11
49 11
49 10
49 10
49 10
49 10
49 10
48 9
48 9
48 9
47 9
47 9
47 8
47 8
46 8
46 8
46 8
46 7
46 7
45 7
45 7
45 7
45 7
45 7
45 8
45 8
45 8
45 9
45 9
45 10
45 10
45 11
45 12
45 12
45 13
45 13
45 14
45 15
45 15
45 16
45 17
45 17
45 18
45 19
45 19
45 20
45 21
45 21
45 22
45 22
45 23
45 24
45 24
45 25
45 25
45 26
45 26
45 27
45 27
45 27
45 28
45 28
45 28
45 28
45 28
45 27
45 27
45 27
45 26
45 26
46 25
46 25
46 25
47 24
47 24
47 23
47 23
47 23
47 23
47 23
47 23
46 24
45 25
44 26
43 27
42 28
41 29
40 30
39 31
38 32
37 33
37 33
37 33
37 33
37 33
37 33
37 34
37 34
37 34
37 35
37 35
37 35
37 35
37 36
37 36
37 36
37 37
37 37
37 38
37 38
38 39
38 39
38 40
38 40
38 41
38 42
38 42
38 43
38 43
38 44
38 44
38 45
38 45
38 46
38 46
39 46
39 46
39 47
39 47
39 47
39 47
39 46
39 46
39 45
39 45
40 44
40 44
40 43
40 42
41 41
41 40
41 39
41 39
41 38
41 38
42 38
42 38
42 38
42 38
42 38
42 39
42 39
43 40
43 40
43 41
43 41
43 41
44 42
44 42
44 43
44 43
45 44
45 44
46 45
46 45
46 45
47 45
48 45
48 45
49 45
49 45
49 45
50 44
50 44
51 44
51 44
52 43
52 43
53 42
53 42
53 41
53 41
53 41
53 40
53 40
53 39
53 39
52 39
52 39
51 38
51 38
50 38
50 38
50 38
49 38
49 38
49 38
49 38
49 37
49 37
50 36
50 36
51 35
52 35
52 35
53 34
54 34
54 34
55 33
56 33
56 33
57 32
58 32
58 32
59 31
60 31
60 31
61 31
61 31
62 31
62 31
63 31
63 31
64 31
64 31
64 32
64 32
64 31
65 30
65 29
65 28
66 27
66 26
67 25
67 24
67 23
68 22
68 21
68 20
69 19
69 18
69 17
70 16
70 15
70 14
71 13
71 12
72 11
72 10
72 9
73 8
73 7
73 7
74 7
74 7
74 6
74 6
74 6
74 6
74 6
74 6
74 6
74 6
74 6
74 6
75 7
75 7
75 8
75 8
75 9
75 9
75 10
75 11
75 11
75 12
75 13
75 13
75 14
75 15
75 15
75 16
75 16
75 17
75 18
75 18
75 19
75 19
75 20
75 20
75 20
75 20
75 20
75 20
74 20
74 20
74 20
73 19
73 19
73 19
72 18
72 18
71 18
71 18
70 18
70 18
69 18
69 18
68 18
68 18
68 18
68 18
68 18
68 17
68 17
69 17
69 17
70 16
70 16
71 15
72 15
72 15
73 14
74 14
74 14
75 13
75 13
76 12
76 12
77 12
77 12
77 12
78 12
78 12
78 12
77 13
77 13
77 14
77 14
76 15
76 15
75 16
75 16
74 17
74 17
74 18
74 18
73 19
73 19
73 19
73 19
74 19
74 19
74 19
75 19
75 19
76 18
76 18
77 17
78 17
78 17
79 16
79 16
80 15
81 14
81 14
82 14
82 14
83 13
84 13
84 13
85 12
85 12
85 12
86 12
86 12
86 11
86 11
86 11
86 11
86 11
86 11
86 11
86 11
86 11
86 11
86 11
86 11
86 11
86 11
86 11
86 11
86 11
85 12
85 12
85 13
85 13
84 13
84 13
83 14
83 15
83 15
82 16
81 17
80 18
79 19
78 20
77 21
76 21
75 22
74 23
73 24
72 25
71 26
71 26
71 26
70 26
70 26
70 25
70 25
70 25
70 25
70 25
70 25
70 26
70 26
70 26
70 26
70 26
70 26
71 26
71 26
71 26
72 26
73 26
73 26
74 25
74 25
75 24
76 24
76 24
77 24
78 24
78 24
79 23
80 23
80 23
81 23
81 23
82 23
82 23
83 22
83 22
83 22
83 22
83 22
83 22
82 23
82 23
81 23
81 23
80 23
80 23
79 24
79 24
78 24
78 24
77 25
76 25
76 25
75 26
75 26
75 26
74 26
74 26
74 26
74 27
74 27
74 28
74 28
74 29
74 29
74 30
74 30
74 30
75 31
75 31
75 32
75 32
75 32
76 32
76 32
77 32
77 32
78 31
78 31
79 30
79 30
80 29
81 29
81 29
82 29
82 29
83 28
84 28
84 28
85 28
85 28
85 29
85 29
86 29
86 29
86 29
86 29
86 29
86 29
85 30
85 30
85 30
84 31
84 31
83 32
82 32
81 33
80 34
79 34
78 35
77 36
76 36
75 37
74 38
73 39
72 39
71 40
70 41
69 41
68 42
67 43
66 43
65 44
65 44
64 45
63 46
63 46
62 46
62 46
62 46
62 46
62 46
62 46
62 47
62 47
62 47
62 47
62 48
62 48
63 48
63 48
63 48
64 48
64 48
65 47
65 47
66 46
67 46
67 46
68 45
69 45
69 45
70 44
71 44
71 44
72 44
73 44
73 44
74 44
75 43
76 43
76 43
77 42
78 42
78 42
79 42
80 42
81 42
81 42
82 41
83 41
83 41
84 41
85 40
86 40
86 40
87 40
88 40
88 40
89 39
90 39
90 39
91 38
92 38
92 38
93 38
94 38
94 38
95 37
96 37
96 37
97 37
97 37
98 37
98 37
99 36
99 36
99 36
98 36
98 36
98 35
98 35
97 34
97 34
96 33
96 32
95 31
95 30
94 29
94 28
93 27
92 26
92 25
91 24
91 23
90 22
89 21
89 20
88 19
88 18
87 17
87 16
86 15
85 14
85 13
84 12
84 11
83 10
82 9
82 8
81 7
81 6
80 5
80 4
79 3
79 3
78 2
78 1
78 1
78 1
78 1
78 1
78 1
78 1
78 1
78 2
78 2
78 2
78 3
78 3
78 4
78 5
78 5
78 6
78 6
78 7
78 8
78 8
78 9
78 10
78 10
78 11
78 12
78 13
78 13
78 14
78 15
78 15
78 16
78 17
78 18
78 19
78 19
78 20
78 21
78 22
78 22
78 23
78 24
78 25
78 26
78 26
78 27
78 28
78 29
78 29
78 30
78 31
78 32
78 32
78 33
78 34
78 35
78 36
78 36
78 37
78 38
78 39
78 40
78 40
78 41
78 42
78 43
78 44
78 44
78 45
78 46
78 47
78 48
78 48
78 49
78 50
78 51
78 52
78 53
78 53
78 54
78 55
78 56
78 57
78 58
78 58
78 59
78 60
78 61
78 62
78 62
78 63
78 64
78 65
78 66
78 67
78 67
78 68
78 69
78 70
78 71
78 72
78 72
78 73
79 74
79 75
79 76
79 76
79 77
79 78
79 79
79 80
79 80
79 81
79 82
79 83
79 84
79 85
79 85
79 86
79 87
79 88
79 89
79 89
79 90
79 91
79 92
79 93
79 93
79 94
79 95
79 96
79 96
79 97
79 98
79 98
79 99
