7 40
7 39
6 38
6 37
5 36
5 35
5 34
4 33
4 32
4 31
3 30
3 29
2 28
2 27
2 27
2 26
1 25
1 24
1 23
1 22
0 21
0 20
0 20
0 19
0 18
0 17
0 16
0 16
0 15
0 15
0 16
0 16
0 17
1 18
1 19
1 19
1 20
2 21
2 22
3 23
3 24
3 24
3 25
4 26
4 27
4 28
4 29
5 30
5 31
5 31
5 32
6 33
6 34
6 35
6 36
7 37
7 38
7 38
7 39
8 40
8 41
8 42
9 43
9 44
9 44
9 45
9 46
9 47
10 48
10 49
10 50
10 51
10 51
10 52
11 53
11 54
11 55
11 55
11 56
12 57
12 58
12 58
11 59
11 60
11 60
11 61
11 61
11 61
11 60
11 59
10 58
10 57
10 56
10 55
10 54
10 53
9 52
9 51
9 50
9 49
9 48
9 47
8 46
8 45
8 44
8 43
8 42
8 41
7 40
7 39
7 38
7 37
7 36
7 35
6 34
6 33
6 32
6 31
6 30
6 29
5 28
5 27
5 26
5 25
5 24
5 23
4 22
4 21
4 20
4 19
4 18
4 17
3 16
3 15
3 14
3 13
3 13
3 12
2 11
2 10
2 10
2 9
1 8
1 7
1 7
1 7
2 7
2 7
3 6
4 6
4 6
5 6
6 5
7 5
8 4
9 4
9 4
10 4
11 3
12 3
13 2
14 2
14 2
15 2
16 1
17 1
18 1
19 1
20 0
21 0
21 0
22 0
23 1
24 1
25 1
26 1
27 2
28 2
28 2
29 3
30 3
31 4
32 4
33 5
34 5
34 5
35 6
36 7
37 8
37 9
38 10
39 11
39 11
39 12
40 13
40 14
40 15
40 16
41 17
41 18
41 18
41 19
41 20
41 21
41 22
41 23
41 24
41 25
41 26
41 27
41 27
41 28
41 29
40 30
40 31
40 32
40 33
39 34
39 35
39 36
39 36
39 37
38 38
38 39
38 40
37 41
37 42
37 43
36 44
36 45
36 45
36 46
35 47
35 48
34 49
34 50
33 51
33 52
32 53
32 54
32 54
31 55
31 56
30 57
29 58
29 59
28 60
28 61
27 62
27 62
26 63
26 64
25 65
24 66
24 67
23 68
23 69
22 70
22 70
21 71
21 72
20 73
19 74
19 75
18 76
18 77
17 78
17 78
16 79
15 80
15 81
14 82
13 83
12 84
12 85
11 86
11 86
10 87
10 88
9 89
9 90
8 91
8 92
7 93
7 93
7 94
6 95
6 96
5 97
5 98
5 98
4 99
3 99
3 99
4 99
4 99
5 98
6 97
6 96
7 95
7 95
8 94
9 93
10 92
11 91
12 90
13 90
14 89
15 88
16 87
17 86
18 85
19 84
20 83
21 82
22 81
23 81
24 80
25 79
26 78
27 77
28 76
29 75
30 74
31 73
32 72
33 71
34 71
35 70
36 69
37 68
38 67
39 66
40 65
41 64
42 63
43 62
44 62
45 61
46 60
47 59
48 58
49 57
49 57
50 56
51 55
52 55
53 54
54 53
54 53
54 52
54 51
54 51
53 50
52 50
52 50
51 50
50 50
50 50
49 51
48 51
47 52
46 52
46 52
45 53
44 54
43 55
43 55
42 56
42 57
41 58
40 59
40 60
39 61
39 61
39 62
38 63
38 64
38 65
38 66
37 67
37 68
37 68
37 69
37 70
36 71
36 72
36 73
36 74
36 74
36 75
35 76
35 77
35 78
35 78
36 79
36 79
37 79
38 79
38 79
39 78
39 77
40 76
40 76
41 75
42 74
42 73
43 72
43 72
44 71
44 70
45 69
45 68
46 67
46 67
46 66
47 65
47 64
48 63
48 62
48 62
49 61
49 60
50 59
50 58
50 58
50 57
51 56
51 55
51 55
51 56
51 56
50 57
50 58
50 58
50 59
50 60
50 61
50 62
50 62
50 63
50 64
49 65
49 66
49 67
49 67
49 68
50 69
50 70
50 70
50 71
51 72
51 73
51 73
52 74
52 75
53 76
53 76
54 77
54 77
55 77
56 77
56 77
57 76
57 76
57 75
57 74
57 73
57 72
57 71
58 70
58 69
58 68
58 67
58 66
58 65
58 64
58 63
58 62
58 61
58 60
59 59
59 58
59 57
59 56
59 55
59 54
59 54
60 54
61 55
62 55
62 55
62 56
62 56
62 57
62 58
62 59
62 59
62 60
62 61
63 62
63 63
63 64
63 64
63 65
63 66
63 67
63 68
63 69
63 70
63 70
63 71
63 72
63 73
63 74
63 74
63 75
63 76
63 77
63 78
63 78
63 79
63 80
63 80
63 80
63 79
63 79
63 78
63 77
63 77
63 76
64 75
64 74
64 73
64 73
64 72
65 71
65 70
65 70
65 69
65 68
66 67
66 66
66 65
66 64
66 64
66 63
66 62
66 61
66 60
66 59
67 58
67 57
67 56
67 55
67 54
67 53
67 52
67 51
67 50
67 49
68 48
68 47
68 46
68 45
68 44
68 43
68 43
69 42
70 42
70 42
71 41
71 41
72 40
72 39
72 39
73 39
73 39
74 38
75 38
75 38
76 39
77 39
77 39
78 40
79 41
79 41
79 42
78 43
78 44
78 45
77 46
77 47
77 48
76 49
76 50
76 51
75 52
75 53
75 54
74 55
74 56
74 56
73 57
73 58
72 59
72 60
72 60
72 61
72 62
72 62
72 63
71 64
71 65
71 66
71 66
71 67
71 68
71 69
71 70
71 71
71 72
71 72
71 73
71 74
71 75
71 76
71 76
71 77
72 78
72 79
72 80
72 80
72 81
72 82
72 82
73 82
73 82
74 81
75 80
75 80
76 79
76 78
77 77
77 77
78 76
79 75
80 74
80 73
81 72
82 71
83 70
84 69
85 68
86 67
87 66
87 65
88 64
89 63
90 62
90 62
91 61
92 61
93 60
94 60
94 60
95 59
95 59
95 58
95 58
94 59
94 59
93 60
92 60
92 60
91 61
90 62
90 63
89 64
89 64
88 65
88 66
87 67
87 68
86 69
86 69
85 70
85 71
84 72
84 73
83 74
83 74
82 75
82 76
81 77
81 78
81 78
81 79
81 79
81 79
82 78
83 78
83 78
84 77
85 76
85 76
86 75
87 74
88 73
88 73
89 72
90 71
90 71
91 70
91 69
92 68
92 68
93 67
93 66
94 65
94 64
94 64
95 63
95 62
96 61
96 60
96 60
96 59
96 58
96 57
96 56
96 55
96 54
96 53
95 52
95 51
95 50
95 49
95 48
95 47
95 46
95 45
95 44
95 43
95 42
95 41
95 40
95 39
94 38
94 37
94 36
94 35
94 34
94 33
94 32
94 31
94 30
94 29
94 28
94 27
94 26
94 25
93 24
93 23
93 22
93 21
93 20
93 19
93 18
93 17
93 17
92 18
92 18
92 18
92 19
91 20
91 21
91 22
91 22
91 23
91 24
91 25
91 26
91 27
91 28
91 29
91 30
91 30
91 31
91 32
91 33
91 34
91 35
92 36
92 37
92 38
92 39
92 40
92 41
92 41
92 42
92 43
92 44
92 45
92 46
93 47
93 48
93 49
93 50
93 51
93 52
93 53
93 53
93 54
93 55
94 56
94 57
94 58
94 59
94 60
95 61
95 62
95 63
95 63
95 64
95 65
96 66
96 67
96 68
96 69
97 70
97 71
97 72
97 72
97 73
98 74
98 75
98 76
98 76
98 77
98 78
98 78
99 79
99 80
99 80
98 81
