8 7
9 6
9 6
9 6
9 7
9 7
9 8
9 8
9 9
10 10
10 11
10 11
10 12
10 13
10 14
10 15
10 15
10 16
10 17
10 18
10 19
10 20
10 21
10 21
10 22
10 23
10 24
11 25
11 26
11 27
11 28
11 28
11 29
11 30
11 31
11 32
11 33
11 34
11 35
11 36
11 37
11 38
11 38
11 39
11 40
11 41
11 42
10 43
10 44
10 45
10 46
10 47
10 47
10 48
10 49
10 50
10 51
10 52
10 53
10 54
10 55
10 55
10 56
10 57
10 58
10 59
10 60
10 61
10 62
10 63
10 64
10 64
10 65
10 66
10 67
10 68
10 69
10 70
10 70
10 71
10 72
10 73
10 74
10 75
10 75
10 76
10 77
10 78
10 78
10 79
10 80
10 80
10 80
10 80
10 79
10 78
10 78
10 77
9 76
9 75
9 74
9 74
9 73
9 72
8 71
8 70
8 69
8 68
8 68
8 67
8 66
8 65
7 64
7 63
7 62
7 61
7 61
7 60
7 59
7 58
6 57
6 56
6 55
6 54
6 53
6 53
6 52
6 51
6 50
5 49
5 48
5 47
5 46
5 45
5 44
5 43
4 42
4 41
4 40
4 39
4 38
4 37
4 36
3 35
3 34
3 33
3 32
3 31
3 30
3 29
2 28
2 27
2 26
2 25
2 24
2 23
2 22
1 21
1 20
1 19
1 18
1 18
1 17
1 16
1 15
0 14
0 13
0 12
0 11
0 10
0 10
0 9
0 8
0 7
0 6
0 6
0 5
0 5
0 4
0 4
0 4
0 3
0 3
1 3
1 3
2 3
2 3
3 3
4 3
4 3
5 4
6 4
6 4
7 4
8 4
9 4
9 4
10 4
11 5
12 5
13 5
13 5
14 5
15 6
16 6
16 6
17 6
18 7
19 7
20 7
20 7
21 8
22 8
23 9
24 9
24 9
25 10
26 10
27 11
27 11
28 12
29 13
30 13
31 14
31 14
32 15
32 16
33 17
33 17
34 18
35 19
35 19
36 20
36 21
37 22
37 23
37 23
37 24
37 25
37 26
37 27
37 27
37 28
37 29
37 30
37 31
37 32
37 32
37 33
37 34
36 35
36 36
36 37
36 37
36 38
35 39
35 40
35 41
34 42
34 43
34 43
34 44
33 45
33 46
33 47
32 48
32 49
32 49
32 50
31 51
31 52
30 53
30 54
29 55
29 56
29 56
28 57
28 58
27 59
26 60
26 61
25 62
25 62
24 63
24 64
23 65
23 66
22 67
22 68
22 68
21 69
20 70
20 71
19 72
19 72
18 73
18 74
17 75
17 75
16 76
15 76
15 76
14 76
14 76
13 75
13 74
13 74
13 73
13 72
13 72
13 71
13 70
13 69
13 69
14 68
15 68
16 67
17 67
18 66
19 66
20 65
21 64
22 64
23 63
24 63
25 62
26 62
27 61
28 60
29 60
30 59
31 59
32 58
33 57
34 57
35 56
36 56
37 55
38 55
39 54
40 53
41 53
42 52
43 52
44 51
45 51
46 50
46 50
47 50
48 51
49 51
50 51
50 51
50 50
50 50
51 50
51 50
51 51
51 51
51 51
51 51
50 51
50 51
50 50
50 50
49 49
49 49
48 48
48 47
48 47
48 46
48 45
48 45
47 44
47 43
47 43
47 42
46 41
46 40
46 40
45 39
45 38
45 38
45 37
45 37
44 36
44 36
44 36
43 37
43 38
43 38
43 39
43 40
43 41
43 41
43 42
42 43
42 44
42 45
42 45
42 46
42 47
41 48
41 49
41 50
41 50
41 51
41 52
41 53
41 54
41 55
41 55
41 56
41 57
40 58
40 59
40 60
40 61
40 61
40 62
40 63
40 64
40 65
40 65
40 66
41 67
41 68
41 69
41 69
41 70
41 71
41 71
42 72
42 72
42 73
42 73
43 72
43 72
43 71
44 70
44 69
44 69
44 68
45 67
45 66
45 66
45 65
46 64
46 63
46 62
46 62
46 61
47 60
47 59
47 58
47 58
47 57
47 56
48 55
48 54
48 53
48 53
48 52
49 51
49 50
49 50
49 49
49 48
49 48
50 48
50 48
50 48
50 48
50 49
50 49
50 50
50 50
50 51
50 52
50 53
50 53
50 54
51 55
51 56
51 56
51 57
51 58
51 58
52 59
52 60
52 60
53 61
53 62
53 62
54 63
54 63
55 63
56 63
56 63
57 63
57 63
58 62
58 62
59 61
59 60
59 60
59 59
60 58
60 57
60 56
61 55
61 54
61 53
61 52
62 51
62 50
62 49
63 48
63 47
63 47
63 46
63 45
63 44
63 43
63 43
63 42
63 41
63 41
62 41
62 41
62 41
62 41
62 42
62 42
62 43
62 43
62 44
62 45
62 46
62 46
62 47
62 48
62 49
62 49
62 50
62 51
62 52
62 53
62 53
62 54
62 55
63 56
63 57
63 58
63 58
63 59
63 60
63 61
63 62
63 62
63 63
64 64
64 65
64 65
65 66
65 67
65 67
65 68
65 68
66 69
66 69
67 68
67 68
68 67
68 66
68 66
69 65
69 64
69 64
69 63
69 62
69 61
69 60
69 60
69 59
70 58
70 57
70 56
70 56
70 55
71 54
71 53
72 52
72 51
72 51
72 50
73 49
73 48
73 47
73 47
73 46
73 45
73 44
73 44
74 43
74 43
74 42
74 41
75 40
75 39
75 38
75 37
75 36
75 35
76 34
76 33
76 32
76 31
76 30
76 29
77 28
77 27
77 26
77 25
77 25
77 24
77 24
77 23
77 23
77 23
77 23
78 24
78 24
78 25
78 26
78 26
78 27
78 28
78 29
78 29
78 30
78 31
78 31
78 32
78 33
78 34
78 34
78 35
78 36
78 37
78 37
78 38
78 39
78 40
78 40
78 41
78 42
78 43
78 44
78 45
78 46
78 47
78 48
78 48
78 49
78 50
78 51
78 51
78 52
78 52
78 53
78 54
78 54
78 55
78 56
78 56
78 57
78 58
78 58
78 59
78 60
78 60
78 61
78 62
78 62
78 63
78 64
78 65
78 65
78 66
78 67
78 68
78 68
78 69
78 70
78 71
78 71
78 72
78 73
78 74
78 74
78 75
78 75
78 76
78 76
79 76
79 76
79 75
79 75
80 74
80 73
81 72
81 71
82 70
83 69
83 68
84 67
84 66
85 65
86 64
86 63
87 62
88 61
88 60
89 59
89 58
90 57
91 56
91 55
92 54
92 53
93 52
94 51
94 50
95 49
95 48
96 47
96 47
96 47
96 47
95 46
95 46
95 46
94 45
94 45
94 44
94 44
93 43
93 43
93 42
93 41
93 41
93 40
93 40
92 39
92 39
92 39
92 39
91 40
91 40
91 41
90 42
90 43
90 43
90 44
90 45
90 46
90 46
90 47
90 48
89 49
89 50
89 51
89 51
89 52
89 53
88 54
88 55
88 56
88 56
88 57
88 58
87 59
87 60
87 61
87 62
87 62
87 63
87 64
87 65
87 66
87 66
87 67
87 68
87 69
87 69
88 70
88 71
88 71
89 72
89 72
90 71
90 71
91 70
91 69
91 69
92 68
92 67
93 66
93 65
93 65
93 64
93 63
93 62
93 61
93 60
94 59
94 58
94 57
94 56
94 55
94 54
94 53
94 52
94 51
94 50
95 49
95 48
95 47
95 46
95 45
95 44
95 43
95 42
95 41
95 40
95 39
96 38
96 37
96 36
96 35
96 34
96 33
96 32
96 31
96 30
96 29
96 28
97 27
97 26
97 25
97 24
97 23
97 22
97 21
97 20
97 19
97 18
98 17
98 16
98 15
98 14
98 13
98 12
98 11
98 10
98 9
98 8
98 7
99 6
99 5
99 4
99 3
99 2
99 1
99 1
99 1
98 0
98 0
98 1
98 2
98 2
98 3
98 4
98 4
98 5
97 6
97 7
97 8
97 8
97 9
97 10
97 11
97 12
97 12
97 13
97 14
97 15
97 16
97 17
97 18
97 18
97 19
97 20
97 21
97 22
97 23
97 24
97 25
97 26
97 26
97 27
97 28
97 29
97 30
97 31
97 32
97 33
97 34
97 35
97 35
97 36
97 37
97 38
97 39
97 40
97 41
97 42
97 43
97 44
97 45
97 46
97 46
97 47
97 48
97 49
97 50
96 51
96 52
96 53
96 54
96 55
96 56
96 56
96 57
96 58
96 59
96 60
96 61
96 62
96 63
96 64
96 65
96 66
96 66
96 67
96 68
96 69
96 70
96 71
96 72
96 73
96 74
96 75
96 76
96 76
96 77
96 78
96 79
96 80
96 81
96 82
96 83
96 83
96 84
96 85
96 86
96 87
96 88
96 89
96 90
96 90
96 91
96 92
96 93
96 94
96 95
96 95
96 96
96 97
96 98
96 98
97 99
97 99
