11 7
11 6
12 5
12 4
12 4
12 4
12 4
12 5
12 5
12 6
12 7
12 8
12 8
12 9
13 10
13 11
13 11
13 12
13 13
13 14
13 15
13 16
13 16
13 17
13 18
14 19
14 20
14 21
14 22
14 22
14 23
14 24
14 25
14 26
14 27
14 28
14 29
14 29
14 30
14 31
14 32
15 33
15 34
15 35
15 36
15 37
15 37
15 38
15 39
15 40
15 41
16 42
16 43
16 44
16 45
16 46
16 46
16 47
16 48
16 49
17 50
17 51
17 52
17 53
17 54
17 54
17 55
17 56
17 57
17 58
17 59
17 60
17 61
17 62
17 63
17 63
17 64
17 65
18 66
18 67
18 68
18 68
18 69
19 70
19 71
19 72
19 72
19 73
19 74
19 75
19 76
19 76
20 77
20 78
20 78
20 79
20 79
20 79
20 78
20 77
20 77
20 76
20 75
19 74
19 73
19 72
19 71
19 70
18 69
18 68
18 67
18 66
18 65
17 64
17 63
17 62
17 61
17 60
16 59
16 58
16 57
16 56
15 55
15 54
15 53
15 52
15 51
14 50
14 49
14 48
14 47
14 46
13 45
13 44
13 43
13 42
13 41
12 40
12 39
12 38
12 38
12 37
12 36
12 35
12 34
12 33
12 33
11 33
11 33
11 32
11 32
11 32
10 32
10 32
9 33
9 33
8 33
8 33
7 33
7 33
6 33
6 33
5 33
4 33
4 33
3 32
3 32
2 31
1 30
1 30
0 29
0 28
0 28
0 27
0 26
0 25
0 25
0 24
0 23
0 22
0 22
0 21
1 20
1 19
1 18
1 18
1 17
2 16
2 15
2 15
3 14
3 13
4 12
4 11
4 11
5 10
6 9
7 8
7 8
8 7
9 6
9 5
10 4
10 4
11 3
12 3
13 2
13 2
14 1
15 1
16 0
17 0
17 0
18 0
19 1
20 1
20 1
21 2
22 2
23 3
23 3
24 4
24 5
25 6
25 6
26 7
26 8
27 9
27 10
27 10
27 11
27 12
28 13
28 14
28 15
28 15
28 16
28 17
29 18
29 19
29 20
29 21
29 21
29 22
29 23
29 24
30 25
30 26
30 27
30 28
30 28
30 29
30 30
30 31
30 32
30 33
30 34
30 35
30 35
30 36
30 37
30 38
29 39
29 40
29 41
29 42
29 43
29 43
29 44
29 45
29 46
29 47
28 48
28 49
28 50
28 51
28 52
28 52
28 53
28 54
28 55
28 56
27 57
27 58
27 59
27 60
27 61
27 61
27 62
26 63
26 64
26 65
26 66
25 67
25 68
25 69
25 69
25 70
24 71
24 72
23 73
23 74
22 75
22 76
22 76
22 77
21 78
21 79
21 80
21 81
20 82
20 83
20 83
19 84
19 85
18 86
18 87
17 88
17 89
17 89
16 90
16 91
15 92
15 93
14 94
14 94
13 95
13 96
12 97
12 97
11 98
10 99
10 99
9 99
9 99
8 99
8 99
9 98
10 97
11 96
12 95
13 94
13 93
14 92
15 91
16 90
17 89
18 88
19 87
20 86
21 85
22 84
22 83
23 82
24 81
25 80
26 79
27 78
28 77
29 76
30 75
31 74
32 73
32 72
33 71
34 70
35 69
36 68
37 67
38 66
39 65
40 64
41 63
41 62
42 61
43 60
44 59
45 58
46 57
46 57
47 57
47 57
47 56
47 55
47 55
47 54
47 54
47 53
47 53
47 52
47 51
47 51
46 50
46 49
46 49
45 48
45 48
45 48
44 48
43 48
43 48
42 49
42 50
42 50
41 51
41 52
41 52
41 53
40 54
40 55
40 55
40 56
40 57
39 58
39 59
39 60
39 60
39 61
39 62
38 63
38 64
38 65
38 65
38 66
37 67
37 68
37 68
37 69
37 70
37 71
37 72
37 72
37 73
37 74
37 75
37 75
37 76
37 77
37 77
38 78
38 79
38 79
38 79
39 79
39 79
40 78
40 77
40 77
40 76
41 75
41 74
41 74
41 73
42 72
42 71
42 70
42 70
42 69
42 68
43 67
43 66
43 65
43 65
43 64
44 63
44 62
44 61
44 61
44 60
45 59
45 58
45 57
45 57
45 56
45 55
45 55
45 54
45 54
46 54
46 54
46 55
46 55
46 56
46 57
46 57
46 58
46 59
46 60
46 60
46 61
46 62
46 63
46 63
46 64
46 65
46 66
46 67
46 67
47 68
47 69
47 69
47 70
48 71
48 72
48 72
48 73
48 74
48 74
49 75
49 76
49 76
50 77
50 77
51 78
51 78
51 77
52 76
52 75
53 74
53 73
53 72
54 71
54 70
55 69
55 68
55 67
56 66
56 65
56 64
57 63
57 62
58 61
58 60
58 59
59 58
59 57
60 56
60 55
60 55
60 54
60 53
60 52
60 51
60 50
60 50
60 49
60 49
60 48
60 48
60 49
60 49
60 50
60 50
60 51
60 52
60 52
60 53
60 54
60 55
60 55
60 56
60 57
60 58
60 59
60 59
60 60
60 61
60 62
60 63
60 63
60 64
60 65
60 66
60 67
60 67
60 68
61 69
61 70
61 70
61 71
61 72
61 73
61 73
61 74
61 75
61 75
62 76
62 76
63 76
63 76
63 75
63 74
63 74
64 73
65 72
65 72
65 71
66 70
66 69
66 68
66 68
66 67
67 66
67 65
68 64
68 63
68 63
68 62
69 61
69 60
70 59
70 58
70 58
70 57
71 56
71 55
71 54
71 54
72 53
72 52
72 52
73 51
74 50
75 50
76 49
76 49
76 50
76 50
76 50
76 51
76 51
76 52
76 53
76 53
76 54
75 55
75 56
75 56
75 57
75 58
75 59
75 60
75 60
75 61
75 62
75 63
75 64
75 64
75 65
75 66
75 67
75 67
75 68
75 69
75 70
75 71
75 71
75 72
75 73
75 74
75 74
75 75
75 76
75 77
75 77
75 78
75 79
75 79
76 80
76 80
76 80
76 79
76 78
76 77
76 76
76 75
76 74
76 73
76 72
76 71
75 70
75 69
75 68
75 67
75 66
75 65
75 64
75 63
75 62
75 61
75 60
75 59
75 58
75 57
75 56
75 55
75 54
75 53
74 52
74 51
74 50
74 49
74 48
74 47
74 46
74 45
74 44
74 43
74 42
74 41
74 40
74 39
74 38
74 37
74 36
74 35
73 34
73 33
73 32
73 31
73 30
73 29
73 28
73 27
73 26
73 25
73 25
74 25
74 25
74 25
74 26
74 26
74 27
74 28
74 28
75 29
75 30
75 30
75 31
75 31
76 32
76 32
76 33
76 34
76 34
77 35
77 35
78 36
78 37
79 38
80 39
81 40
81 41
82 42
83 43
83 44
84 45
85 46
85 47
86 48
87 49
88 50
88 51
89 52
90 53
90 54
91 55
91 55
91 55
91 55
91 55
90 54
90 54
90 53
90 53
89 53
89 53
88 52
88 52
88 53
88 53
87 54
87 54
86 55
86 56
86 56
86 57
85 58
85 59
85 60
85 60
85 61
85 62
85 63
85 63
85 64
84 65
84 66
84 67
84 67
84 68
84 69
84 70
84 70
84 71
84 72
84 72
84 73
84 73
85 73
85 73
85 73
86 72
86 71
86 71
86 70
87 69
87 68
87 68
87 67
88 66
88 65
88 64
88 64
88 63
88 62
89 61
89 60
89 59
89 59
89 58
90 57
90 56
90 55
91 54
91 53
91 53
91 52
91 51
91 50
91 49
91 48
91 47
91 46
91 46
91 45
91 44
91 43
92 42
92 41
92 40
92 39
92 39
92 38
92 37
92 36
93 35
93 34
93 33
93 32
93 32
93 31
93 30
93 29
94 28
94 27
94 26
94 25
94 24
94 24
94 23
94 22
94 21
94 20
94 19
94 19
94 18
94 17
95 16
95 15
95 14
95 14
95 13
95 12
95 11
95 11
95 10
95 10
95 10
95 10
95 10
94 11
94 12
94 12
94 13
94 13
94 14
94 15
94 16
94 16
94 17
94 18
94 19
94 19
94 20
94 21
94 22
94 23
94 23
94 24
94 25
94 26
93 27
93 28
93 29
93 30
93 30
93 31
93 32
93 33
93 34
93 35
93 36
93 37
93 38
93 38
93 39
93 40
93 41
93 42
93 43
93 44
93 45
93 46
93 46
93 47
93 48
93 49
93 50
92 51
92 52
92 53
92 54
92 55
92 55
92 56
92 57
92 58
92 59
92 60
92 61
92 62
92 63
92 63
92 64
92 65
92 66
92 67
92 68
92 69
92 70
92 70
92 71
92 72
93 73
93 74
93 75
93 76
93 76
93 77
93 78
94 79
94 80
94 81
94 82
94 82
94 83
94 84
95 85
95 86
95 87
95 88
95 88
95 89
96 90
96 91
96 92
96 93
97 94
97 95
97 95
98 96
98 97
99 98
99 99
