12 19
12 18
13 17
13 16
13 16
12 15
12 15
12 15
12 16
12 16
12 17
12 18
12 18
12 19
12 20
12 21
12 22
12 22
12 23
12 24
12 25
12 26
12 27
12 27
12 28
12 29
12 30
13 31
13 32
13 33
13 34
13 35
13 35
13 36
14 37
14 38
14 39
14 40
15 41
15 42
15 43
15 43
15 44
15 45
15 46
16 47
16 48
16 49
16 50
16 51
16 51
16 52
17 53
17 54
17 55
17 56
18 57
18 58
18 59
18 59
18 60
19 61
19 62
20 63
20 64
20 64
21 65
21 66
21 66
21 67
21 67
22 68
22 68
22 68
22 68
21 67
21 66
21 66
21 65
20 64
20 63
19 62
19 61
19 60
18 59
18 58
18 57
17 56
17 55
16 54
16 53
16 52
15 51
15 50
15 49
14 48
14 47
13 46
13 45
13 44
12 43
12 42
12 41
11 40
11 39
10 38
10 37
10 36
9 35
9 34
9 33
8 32
8 31
7 30
7 29
7 29
6 28
6 27
5 26
5 25
4 24
4 23
3 22
3 21
2 20
2 19
2 19
1 18
1 17
1 17
0 16
0 15
0 15
0 15
0 14
0 14
1 13
1 12
1 12
2 11
3 10
4 9
4 9
5 8
6 7
7 6
8 5
8 5
9 4
10 3
11 3
12 2
13 1
13 1
14 1
15 1
16 0
17 0
18 0
19 0
19 0
20 1
21 1
22 2
23 2
24 3
24 3
25 4
26 5
27 5
28 6
29 7
29 7
30 8
30 9
31 10
32 11
33 12
33 13
34 14
34 14
34 15
35 16
35 17
35 18
35 19
36 20
36 21
36 21
36 22
37 23
37 24
37 25
37 26
38 27
38 28
38 29
38 29
38 30
38 31
38 32
38 33
38 34
38 35
38 36
38 36
38 37
38 38
37 39
37 40
37 41
37 42
37 42
37 43
36 44
36 45
35 46
35 47
34 48
34 49
34 49
34 50
33 51
33 52
32 53
32 54
31 55
31 56
31 56
30 57
30 58
29 59
29 60
28 61
28 62
27 63
27 64
27 64
26 65
26 66
25 67
25 68
24 69
24 70
23 71
23 71
23 72
22 73
22 74
21 75
21 76
20 77
20 78
19 79
19 80
19 80
18 81
18 82
17 83
16 84
15 85
15 86
14 87
14 87
13 88
13 89
12 90
12 91
11 92
11 93
11 93
10 94
9 95
9 96
8 97
8 97
7 98
7 99
7 99
6 99
6 99
7 99
7 99
8 98
8 97
8 97
9 96
9 95
10 94
10 94
11 93
12 92
13 92
14 91
15 90
16 89
17 89
18 88
19 87
20 86
21 86
22 85
23 84
24 83
25 83
26 82
27 81
28 80
29 80
30 79
31 78
32 77
33 77
34 76
35 75
36 74
37 74
38 73
39 72
39 72
40 71
41 71
42 70
43 69
44 69
45 68
46 67
47 67
48 66
48 66
49 65
50 65
51 64
51 64
52 63
52 62
53 61
53 61
53 60
54 59
54 58
54 58
54 57
55 56
55 55
55 55
55 54
55 53
55 52
55 52
55 51
55 50
55 49
55 48
55 48
54 47
53 46
53 46
52 45
52 45
51 46
50 46
49 47
49 47
49 48
48 49
48 50
47 51
47 52
47 52
46 53
46 54
45 55
44 56
44 57
43 58
43 58
43 59
42 60
42 61
42 62
41 63
41 64
41 64
41 65
40 66
40 67
39 68
39 69
39 69
39 70
38 71
38 72
38 72
38 73
38 73
39 74
39 74
40 74
40 74
41 73
41 73
42 72
43 71
43 71
44 70
44 69
45 68
45 68
46 67
47 66
47 66
47 65
48 64
48 63
48 63
49 62
49 61
49 61
50 60
50 59
50 59
50 59
50 60
50 60
50 61
50 62
50 62
50 63
50 64
50 64
50 65
50 66
50 67
50 67
50 68
50 69
50 69
51 70
51 71
51 71
51 72
51 72
52 72
52 72
53 72
53 72
54 71
54 71
54 70
54 69
55 68
55 67
55 66
55 65
55 64
55 63
56 62
56 61
56 60
56 59
56 59
56 58
56 57
57 56
57 55
57 54
57 53
57 53
58 53
58 53
58 53
58 54
58 54
59 55
59 56
59 56
59 57
59 58
59 58
59 59
59 60
59 61
59 62
59 62
59 63
60 64
60 65
60 66
60 66
60 67
60 68
60 69
60 69
61 70
61 70
62 71
62 71
62 72
62 72
63 72
63 72
64 71
64 71
65 70
65 70
66 69
66 69
66 68
67 67
67 66
67 66
67 65
68 64
68 63
68 63
68 62
68 61
69 60
69 59
69 58
69 58
69 57
69 56
69 55
69 54
69 53
69 52
69 51
69 50
69 49
69 48
70 47
70 46
70 45
70 44
70 43
70 42
70 41
70 40
70 39
70 38
70 37
70 36
70 36
71 35
71 35
71 34
71 34
71 33
71 33
71 33
72 33
72 33
73 34
73 34
74 35
75 35
75 35
76 36
76 36
77 37
77 37
77 38
77 38
76 39
76 40
76 40
75 41
74 42
74 42
73 43
73 44
73 44
73 45
72 46
72 47
72 47
72 48
71 49
71 50
71 51
71 51
71 52
71 53
71 54
71 55
71 56
71 56
71 57
71 58
71 59
71 59
71 60
71 61
71 62
71 63
71 63
71 64
71 65
71 65
71 66
71 67
71 67
72 68
72 68
73 68
73 68
74 68
74 68
75 67
76 67
76 67
77 66
78 65
79 64
80 63
81 62
82 61
83 60
84 59
85 58
85 57
86 56
87 55
88 54
89 53
90 52
91 51
92 50
93 49
94 48
94 48
95 48
96 48
97 48
97 48
96 49
96 49
95 50
95 50
94 51
94 51
93 52
92 52
92 52
91 53
90 53
90 53
89 54
88 55
88 55
87 56
86 56
86 56
85 57
84 58
84 58
83 59
83 60
82 61
82 61
82 62
81 63
81 64
81 64
81 65
81 66
81 66
81 67
81 68
81 68
82 69
82 70
82 70
83 70
84 70
84 70
85 69
86 69
86 69
87 68
88 68
89 67
89 67
90 66
91 65
91 65
92 64
93 64
93 64
94 63
94 62
94 62
94 61
94 60
94 60
94 59
94 58
94 58
94 57
94 56
94 55
94 54
94 53
94 52
94 51
94 50
94 49
94 48
94 47
94 46
94 45
94 44
94 43
94 42
94 41
94 40
94 39
94 38
94 37
94 36
94 35
94 34
94 33
94 32
94 31
94 30
94 29
94 28
94 27
94 26
94 25
94 24
94 23
94 22
94 21
94 20
94 19
94 18
94 17
94 16
94 15
94 14
94 14
94 14
93 14
93 14
93 15
93 15
93 16
93 17
93 18
93 19
93 19
93 20
93 21
93 22
93 23
93 23
93 24
93 25
93 26
93 27
93 28
93 29
93 29
93 30
93 31
93 32
92 33
92 34
92 35
92 36
92 37
92 37
92 38
92 39
92 40
92 41
92 42
92 43
92 44
92 45
92 46
92 46
92 47
92 48
92 49
92 50
92 51
92 52
92 53
92 54
92 55
92 55
92 56
92 57
92 58
92 59
92 60
92 61
92 62
92 63
92 64
92 65
92 65
92 66
92 67
92 68
93 69
93 70
93 71
93 72
93 72
93 73
94 74
94 75
95 76
95 77
95 77
95 78
95 79
96 80
96 81
96 82
96 83
96 83
97 84
97 85
98 86
98 87
98 87
98 88
98 89
98 89
99 90
99 90
99 90
98 91
