9 23
9 23
9 23
9 24
9 24
9 25
9 26
10 27
10 28
10 29
10 29
10 30
10 31
10 32
11 33
11 34
11 35
11 36
11 36
11 37
11 38
11 39
11 40
12 41
12 42
12 43
12 44
12 45
12 46
12 46
12 47
12 48
13 49
13 50
13 51
13 52
13 53
13 54
14 55
14 56
14 57
14 57
14 58
14 59
14 60
15 61
15 62
15 63
15 64
15 64
15 65
16 66
16 67
17 68
17 69
17 69
18 70
18 71
18 71
18 72
18 72
18 72
17 71
17 71
16 70
16 69
16 69
16 68
15 67
15 66
15 65
15 64
14 63
14 62
14 61
14 60
13 59
13 58
13 57
13 56
12 55
12 54
12 53
11 52
11 51
11 50
11 49
10 48
10 47
10 46
10 45
9 44
9 43
9 42
8 41
8 40
8 39
8 38
7 37
7 36
7 35
7 34
6 33
6 32
6 31
6 30
5 29
5 28
5 28
4 27
3 26
2 25
1 24
1 24
0 23
0 23
0 22
0 22
0 22
1 21
2 20
2 20
3 19
4 18
5 18
6 17
6 17
7 16
8 16
9 15
10 14
11 14
12 13
12 13
13 13
14 12
15 12
16 11
17 11
18 10
19 10
19 10
20 10
21 10
22 10
23 9
24 9
25 9
26 9
26 9
27 9
28 10
29 10
30 10
31 11
32 11
32 11
33 12
34 13
35 14
36 14
37 15
38 16
38 16
39 17
39 18
40 19
40 20
41 21
41 22
42 23
42 23
42 24
42 25
42 26
43 27
43 28
43 29
43 30
43 31
43 31
43 32
43 33
43 34
43 35
43 36
43 37
43 38
43 39
43 40
43 40
43 41
42 42
42 43
42 44
42 45
41 46
41 47
41 48
41 48
41 49
40 50
40 51
39 52
39 53
39 54
38 55
38 56
38 56
38 57
37 58
37 59
36 60
36 61
35 62
35 63
34 64
34 65
34 65
33 66
33 67
32 68
31 69
31 70
30 71
30 72
29 73
29 73
28 74
28 75
27 76
26 77
26 78
25 79
25 80
24 81
24 81
23 82
23 83
22 84
21 85
20 86
20 87
19 88
19 88
18 89
18 90
17 91
16 92
15 93
15 94
14 95
14 95
13 96
12 97
11 98
11 98
10 99
10 99
10 99
11 98
11 97
11 97
12 96
13 95
14 94
15 93
16 92
17 91
18 90
19 89
20 88
21 87
22 86
23 85
24 84
25 83
26 82
27 81
28 80
29 79
30 78
31 77
32 76
32 75
33 74
34 73
35 72
36 71
37 70
38 69
39 68
40 67
41 66
42 65
43 64
44 63
45 62
46 61
47 60
48 59
49 58
50 57
51 56
52 55
52 55
51 55
50 54
49 54
49 54
48 55
47 56
46 56
45 57
45 57
44 58
44 59
43 60
43 61
42 62
42 63
42 63
42 64
41 65
41 66
40 67
40 68
40 69
39 70
39 71
39 71
39 72
39 73
38 74
38 75
38 76
38 77
38 77
38 78
37 79
37 80
37 80
38 81
38 81
39 82
39 82
40 81
40 80
40 80
41 79
41 78
41 78
42 77
42 76
43 75
43 74
43 74
43 73
44 72
44 71
44 70
44 70
44 69
45 68
45 67
45 66
45 66
45 65
46 64
46 63
46 62
46 62
47 62
47 62
47 62
47 63
47 64
47 65
47 65
47 66
47 67
47 68
47 69
47 69
47 70
47 71
47 72
47 72
47 73
48 74
48 75
48 75
49 76
49 77
49 77
50 78
50 78
51 78
51 78
52 77
53 76
53 76
53 75
53 74
53 74
53 73
53 72
53 71
53 70
53 69
54 68
54 67
54 66
54 65
54 64
54 63
54 62
54 62
55 61
56 60
56 60
57 60
57 60
58 61
58 62
58 62
59 63
59 64
60 65
60 66
60 66
60 67
60 68
61 69
61 70
61 71
61 71
61 72
61 73
62 74
62 75
62 76
62 76
62 77
63 78
63 79
63 80
63 80
63 81
63 82
63 83
63 83
63 84
63 84
63 84
63 83
63 83
63 82
63 81
63 81
64 80
64 79
64 79
64 78
65 77
65 76
65 76
65 75
66 74
66 73
67 72
67 71
67 71
67 70
67 69
67 68
67 67
67 66
67 65
66 64
66 63
66 62
66 61
66 60
66 59
66 58
66 57
66 56
66 55
66 54
66 53
66 52
66 51
65 50
65 49
65 48
65 47
65 46
65 45
65 44
65 44
66 44
67 43
68 43
69 42
70 42
70 42
71 41
71 40
71 40
71 39
71 38
71 38
72 38
72 38
73 39
74 40
74 40
75 41
76 41
76 41
76 42
76 43
75 44
75 45
75 46
75 47
75 48
74 49
74 50
74 51
74 51
73 52
73 53
72 54
71 55
71 56
70 57
70 57
70 58
69 59
69 60
69 60
69 61
69 62
69 63
69 64
69 64
69 65
69 66
69 67
69 68
69 69
69 69
69 70
69 71
70 72
70 73
70 74
70 74
70 75
71 76
71 77
71 78
71 78
72 79
72 80
72 80
73 81
73 82
73 82
73 82
74 81
75 80
75 80
76 79
76 78
76 78
77 77
77 76
78 75
78 74
78 74
79 73
80 72
81 71
81 71
82 70
83 69
83 68
84 67
84 67
85 66
86 65
87 64
87 64
88 63
89 63
89 63
90 62
91 61
91 61
91 61
91 62
91 62
90 63
90 64
90 64
89 65
89 66
88 67
88 67
87 68
87 69
86 70
86 71
86 71
85 72
85 73
84 74
84 75
83 76
83 76
83 77
82 78
82 79
82 79
82 80
82 81
82 81
83 82
83 82
84 81
85 81
85 81
86 80
87 79
87 79
88 78
89 77
90 76
91 75
91 75
92 74
92 73
93 72
93 72
94 71
94 70
95 69
95 69
96 68
96 67
96 67
96 66
97 65
97 64
97 64
97 63
97 62
97 62
97 61
97 60
97 59
97 58
97 57
97 56
97 55
97 54
97 53
97 52
97 51
97 50
97 49
97 48
97 47
96 46
96 45
96 44
96 43
96 42
96 41
96 40
96 39
96 38
96 37
96 36
96 35
96 34
96 33
96 32
96 31
96 30
96 29
96 28
96 27
96 26
96 25
96 24
96 23
96 22
96 21
96 20
96 19
96 18
96 17
96 16
95 15
95 14
95 13
95 12
95 11
95 10
95 9
95 8
95 7
95 6
95 5
95 4
95 3
95 2
95 1
95 0
95 0
96 1
96 2
96 2
95 3
95 4
95 4
95 4
95 5
95 6
95 7
94 8
94 9
94 10
94 11
94 11
94 12
94 13
94 14
94 15
93 16
93 17
93 18
93 19
93 20
93 20
93 21
93 22
93 23
93 24
93 25
93 26
93 27
93 28
93 29
93 30
93 30
93 31
93 32
93 33
93 34
93 35
93 36
93 37
93 38
93 39
93 40
93 41
93 42
93 42
93 43
93 44
93 45
93 46
93 47
93 48
94 49
94 50
94 51
94 52
94 53
94 54
94 55
94 55
94 56
94 57
94 58
95 59
95 60
95 61
95 62
95 63
95 64
96 65
96 66
96 67
96 68
96 68
96 69
96 70
96 71
96 72
97 73
97 74
97 75
97 76
97 77
97 77
97 78
97 79
98 80
98 81
98 82
98 82
99 83
99 84
99 84
99 85
98 86
98 87
98 87
98 88
98 88
97 88
97 88
97 88
96 88
