27 40
27 39
27 38
27 37
27 36
27 35
27 34
27 33
27 32
27 31
27 30
27 29
27 28
27 27
27 26
27 25
27 24
27 23
27 22
27 21
27 20
27 19
27 18
27 17
27 16
27 15
27 15
27 14
27 13
27 13
27 12
27 11
27 11
27 12
27 12
27 13
27 14
27 15
27 15
27 16
27 17
27 18
27 18
27 19
27 20
27 21
27 22
27 23
27 24
27 24
27 25
27 26
27 27
27 28
27 29
27 30
27 30
27 31
27 32
27 33
28 34
28 35
28 36
28 37
28 37
28 38
28 39
28 40
28 41
28 42
28 43
28 44
28 44
28 45
28 46
28 47
28 48
28 49
28 50
28 51
28 51
28 52
28 53
29 54
29 55
29 56
29 57
29 57
29 58
29 59
29 60
29 61
29 62
29 62
29 63
29 64
29 65
29 66
29 67
29 67
30 68
30 69
30 69
30 70
30 71
30 72
30 72
30 72
30 71
29 70
29 69
29 68
29 67
28 66
28 65
28 64
27 63
27 62
27 61
26 60
26 59
26 58
26 57
25 56
25 55
25 54
24 53
24 52
24 51
23 50
23 49
23 48
23 47
22 46
22 45
22 44
21 43
21 42
21 41
21 40
20 39
20 38
20 37
19 36
19 35
19 34
18 33
18 32
18 31
18 30
17 29
17 28
17 28
17 27
17 27
16 26
16 26
16 26
15 27
15 27
15 28
15 29
15 30
15 30
15 31
14 32
14 33
14 33
14 34
13 35
13 36
13 36
12 37
11 38
11 38
10 39
9 40
9 40
8 41
7 41
7 41
6 41
5 41
5 41
4 40
3 40
3 40
2 39
1 38
1 38
1 37
0 36
0 35
0 35
0 34
0 33
0 32
0 31
0 31
0 30
0 29
0 28
0 27
0 27
1 26
1 25
2 24
2 23
2 23
2 22
3 21
3 20
4 19
4 18
4 18
5 17
5 16
6 15
6 14
7 13
7 13
8 12
9 11
10 10
11 9
11 9
12 8
13 7
14 6
15 5
16 4
16 4
17 3
18 2
19 2
20 1
20 1
21 1
22 0
23 0
24 0
24 0
25 0
26 1
27 1
28 1
28 1
29 2
30 2
31 3
32 3
32 3
33 4
34 5
34 6
35 7
35 7
35 8
36 9
36 10
37 11
37 12
37 12
37 13
37 14
38 15
38 16
38 17
38 17
38 18
39 19
39 20
39 21
40 22
40 23
40 23
40 24
40 25
40 26
40 27
40 28
40 29
40 30
40 30
40 31
40 32
40 33
40 34
40 35
40 36
40 37
40 37
40 38
40 39
40 40
40 41
40 42
40 43
40 44
40 45
40 45
40 46
40 47
40 48
40 49
39 50
39 51
39 52
39 53
39 54
39 54
39 55
39 56
38 57
38 58
38 59
38 60
37 61
37 62
37 63
37 63
37 64
36 65
36 66
36 67
36 68
35 69
35 70
35 71
35 71
35 72
34 73
34 74
33 75
33 76
33 77
32 78
32 79
32 79
32 80
31 81
31 82
30 83
30 84
29 85
29 86
29 86
28 87
28 88
27 89
27 90
26 91
26 91
25 92
24 93
24 94
23 95
23 95
22 96
22 97
21 98
21 98
20 98
19 99
18 99
18 99
17 99
17 99
16 99
16 99
17 98
18 97
19 96
20 95
20 94
21 93
22 92
23 91
24 90
25 89
26 88
27 87
27 86
28 85
29 84
30 83
31 82
32 81
33 80
34 79
34 78
35 77
36 76
37 75
38 74
39 73
40 72
41 71
41 70
42 69
43 68
44 67
45 66
46 65
47 64
48 63
48 62
49 61
50 60
51 59
52 58
52 58
53 58
54 58
55 58
55 58
55 57
55 56
55 55
55 55
54 54
54 53
54 53
53 52
53 52
53 51
53 51
53 50
53 49
53 49
52 49
52 49
51 48
51 48
50 49
50 49
49 50
48 51
48 51
48 52
47 53
47 54
47 54
46 55
46 56
45 57
45 58
45 58
45 59
45 60
45 61
45 62
45 62
45 63
45 64
44 65
44 66
44 67
44 67
44 68
44 69
44 70
44 71
44 71
44 72
44 73
44 74
44 74
44 75
44 76
44 76
45 77
45 77
45 77
46 77
46 77
47 76
47 75
47 75
48 74
48 73
48 73
48 72
49 71
49 70
49 69
49 69
49 68
50 67
50 66
50 65
50 65
50 64
51 63
51 62
51 61
51 61
51 60
51 59
51 58
51 58
51 57
51 56
51 56
52 55
52 55
52 55
52 56
52 56
52 57
52 57
52 58
52 59
52 59
52 60
52 61
52 62
52 63
52 63
52 64
53 65
53 66
53 66
53 67
53 68
53 68
53 69
54 70
54 71
54 71
55 72
55 73
55 73
56 74
56 74
56 75
56 75
57 75
57 75
57 74
57 73
58 72
58 71
58 70
58 69
59 68
59 67
59 66
59 65
60 64
60 63
60 62
60 61
61 60
61 59
61 58
61 57
62 56
62 55
62 54
62 54
62 53
61 52
61 51
61 51
61 50
61 50
61 50
61 50
61 50
62 51
62 52
62 52
62 53
62 54
62 55
62 55
62 56
62 57
62 58
62 59
62 60
62 60
62 61
62 62
62 63
62 64
62 64
62 65
63 66
63 67
63 68
63 68
63 69
63 70
63 71
63 71
63 72
63 73
63 73
64 74
64 74
64 74
65 74
65 74
65 73
65 73
65 72
66 71
66 70
66 70
66 69
67 68
67 67
67 67
67 66
68 65
68 64
68 64
68 63
69 62
69 61
69 60
69 60
69 59
70 58
70 57
70 57
70 56
70 55
71 54
71 53
71 52
71 51
72 50
72 49
72 48
72 48
72 49
72 49
72 50
72 50
72 50
72 51
72 52
72 52
72 53
72 54
72 54
72 55
72 56
72 57
72 57
72 58
71 59
71 60
71 61
71 61
71 62
71 63
71 64
71 65
71 65
71 66
71 67
71 68
71 69
71 69
71 70
71 71
71 72
71 72
71 73
71 74
71 75
71 75
71 76
71 76
71 77
71 77
71 77
71 76
71 75
71 74
71 73
71 72
71 71
71 70
71 69
71 68
71 67
71 66
71 65
71 64
71 63
71 62
71 61
71 60
71 59
71 58
71 57
71 56
71 55
70 54
70 53
70 52
70 51
70 50
70 49
70 48
70 47
70 46
70 45
70 44
70 43
70 42
70 41
70 40
70 39
70 38
70 37
70 36
70 35
70 34
70 33
70 32
70 31
70 31
70 30
70 29
70 28
70 27
70 26
70 26
70 25
70 25
70 25
70 26
70 26
71 27
71 27
71 28
71 29
71 29
71 30
71 31
71 31
72 32
72 33
72 33
72 34
72 35
72 36
72 36
72 37
73 38
73 39
73 39
73 40
74 41
74 42
74 42
75 43
75 44
75 44
76 45
76 46
77 47
78 48
78 49
79 50
80 51
80 52
81 53
81 54
82 55
83 56
83 57
84 58
85 59
85 60
86 61
86 61
87 61
87 61
88 60
88 60
88 59
88 58
88 58
87 57
87 57
87 56
87 56
86 55
86 55
85 55
85 55
84 56
84 56
83 57
82 58
82 58
82 59
81 60
81 61
81 61
81 62
80 63
80 64
80 64
80 65
79 66
79 67
79 68
79 68
79 69
78 70
78 71
78 71
78 72
78 73
78 73
78 74
78 75
78 75
79 76
79 76
79 77
79 77
80 76
80 76
81 75
81 75
82 74
82 73
83 72
83 72
83 71
84 70
84 69
84 68
84 68
84 67
84 66
85 65
85 64
85 63
85 62
85 62
85 61
86 60
86 59
86 58
86 57
87 56
87 55
87 55
87 54
87 53
87 52
88 51
88 50
88 49
88 48
88 47
88 47
88 46
88 45
88 44
88 43
88 42
88 41
88 40
88 40
88 39
88 38
88 37
89 36
89 35
89 34
89 33
89 32
89 32
89 31
89 30
89 29
89 28
89 27
89 26
89 26
89 25
89 24
89 23
89 22
89 21
89 21
89 20
88 19
88 18
88 18
88 17
88 16
88 16
88 16
88 16
89 17
89 17
89 18
89 19
89 20
89 21
89 21
89 22
90 23
90 24
90 25
90 25
90 26
90 27
90 28
91 29
91 30
91 31
91 32
91 32
91 33
91 34
91 35
91 36
91 37
91 38
91 39
91 39
91 40
91 41
91 42
92 43
92 44
92 45
92 46
92 47
92 47
92 48
92 49
92 50
93 51
93 52
93 53
93 54
93 55
93 55
93 56
94 57
94 58
94 59
94 60
95 61
95 62
95 62
95 63
96 64
96 65
96 66
96 67
97 68
97 69
97 69
97 70
98 71
98 72
98 73
98 74
99 75
99 76
99 77
