15 14
15 13
15 12
16 11
16 10
16 9
16 9
16 8
16 7
16 6
16 6
17 5
17 4
17 4
18 3
18 2
18 2
18 1
18 1
18 0
18 0
18 0
19 1
19 1
19 2
19 2
19 3
19 4
19 5
19 5
19 6
20 7
20 8
20 8
20 9
21 10
21 11
21 12
21 12
21 13
21 14
21 15
21 16
21 17
21 18
21 18
21 19
21 20
21 21
22 22
22 23
22 24
22 25
22 25
22 26
22 27
22 28
22 29
22 30
22 31
22 32
22 33
22 33
22 34
22 35
22 36
22 37
22 38
22 39
22 40
22 41
22 41
22 42
22 43
22 44
22 45
22 46
22 47
22 48
22 49
22 50
22 50
22 51
22 52
22 53
22 54
22 55
22 56
22 57
22 58
22 59
22 59
22 60
22 61
22 62
22 63
21 64
21 65
21 66
21 67
21 68
21 68
21 69
21 70
21 71
21 72
21 73
21 74
21 75
21 75
21 76
21 77
21 78
21 79
21 80
21 80
21 81
21 82
21 83
21 84
21 84
21 85
21 86
21 87
21 87
21 88
21 89
21 89
21 89
20 88
20 88
20 87
19 86
19 85
19 84
19 84
19 83
18 82
18 81
18 80
18 80
18 79
17 78
17 77
17 76
16 75
16 74
16 74
16 73
16 72
15 71
15 70
15 69
15 68
15 68
15 67
14 66
14 65
14 64
13 63
13 62
13 62
13 61
13 60
12 59
12 58
12 57
12 56
12 56
12 55
11 54
11 53
11 52
11 51
10 50
10 49
10 49
10 48
9 47
9 46
8 45
8 44
8 44
8 43
8 42
7 41
7 40
7 39
7 39
7 38
6 37
6 36
5 35
5 34
5 34
5 33
5 32
4 31
4 30
4 29
4 29
3 28
3 27
2 26
2 25
2 25
2 24
1 23
1 22
1 22
1 21
0 20
0 19
0 19
0 18
0 18
0 17
0 17
0 16
0 16
0 15
0 15
1 14
1 13
1 13
2 12
2 11
2 11
3 10
4 10
5 9
5 9
6 8
7 8
8 7
8 7
9 7
10 6
11 6
11 6
12 5
13 5
14 4
15 4
15 4
16 4
17 4
18 4
19 4
19 4
20 4
21 4
22 4
23 4
23 4
24 4
25 5
26 5
27 5
27 5
28 5
29 6
30 6
31 6
31 6
32 7
33 8
34 9
34 9
35 10
36 11
37 12
37 12
37 13
38 14
38 15
38 15
38 16
39 17
39 18
39 19
39 19
39 20
39 21
39 22
39 23
39 24
39 24
39 25
39 26
39 27
38 28
38 29
38 30
38 31
38 31
38 32
37 33
37 34
37 35
36 36
36 37
36 38
35 39
35 40
35 40
35 41
34 42
34 43
34 44
33 45
33 46
33 47
32 48
32 49
32 49
32 50
31 51
31 52
30 53
30 54
29 55
29 56
29 57
28 58
28 59
27 60
27 61
27 61
27 62
26 63
26 64
25 65
25 66
24 67
24 68
23 69
23 70
22 71
22 72
22 72
22 73
21 74
21 75
20 76
20 77
20 78
19 79
19 80
18 81
18 82
18 82
18 83
17 84
17 85
16 86
16 87
15 88
15 89
14 90
14 91
14 91
13 92
13 93
12 94
12 95
11 96
11 96
10 97
9 98
8 99
8 99
7 99
6 99
6 99
6 98
6 98
6 97
5 96
5 95
5 95
5 94
6 93
6 92
6 91
6 91
7 90
8 89
9 88
10 87
11 86
12 85
13 84
14 83
15 82
16 81
17 80
18 79
19 78
20 77
21 76
22 75
23 74
24 73
25 72
26 71
27 70
28 70
29 69
30 68
31 67
32 66
33 65
34 64
35 63
36 62
37 61
38 60
39 59
40 58
41 57
42 56
43 55
44 54
45 53
46 52
47 51
48 50
49 49
49 49
49 49
49 49
49 49
49 49
48 48
48 48
48 47
48 47
48 46
48 46
48 45
48 45
48 44
48 43
48 43
48 42
48 42
47 41
47 40
47 40
47 39
47 39
47 38
47 38
46 38
46 38
45 39
45 39
45 40
45 41
45 41
45 42
44 43
44 44
44 44
44 45
43 46
43 47
43 48
43 48
43 49
43 50
42 51
42 52
42 53
42 54
42 54
42 55
42 56
41 57
41 58
41 59
41 60
41 60
41 61
41 62
41 63
41 64
41 65
41 66
41 66
41 67
40 68
40 69
40 70
40 70
40 71
40 72
40 73
40 74
40 74
40 75
40 76
40 76
41 77
41 77
41 78
41 78
42 77
42 77
42 76
43 75
43 74
43 74
44 73
44 72
45 71
45 70
45 70
45 69
45 68
46 67
46 66
46 65
46 64
46 64
46 63
46 62
47 61
47 60
47 59
47 58
47 58
47 57
47 56
48 55
48 54
48 53
48 52
48 52
48 51
49 50
49 49
49 48
50 47
50 46
50 46
50 45
50 44
50 43
50 42
50 42
51 41
51 40
51 40
51 39
51 39
51 39
51 39
51 40
51 40
51 41
51 42
51 42
51 43
51 44
51 45
51 45
51 46
51 47
51 48
51 49
51 49
51 50
51 51
51 52
51 53
51 53
51 54
51 55
51 56
51 57
51 58
51 59
51 59
51 60
52 61
52 62
52 63
52 63
52 64
53 65
53 66
53 66
54 67
54 68
54 68
55 69
56 69
56 69
57 68
57 68
58 67
59 67
59 67
60 66
60 65
60 65
61 64
61 63
62 62
62 62
62 61
62 60
62 59
63 58
63 57
63 56
63 55
63 54
63 53
63 52
64 51
64 50
64 49
64 48
64 47
64 46
65 45
65 44
65 43
65 42
65 41
65 40
65 39
66 38
66 37
66 36
66 35
66 35
65 34
65 34
65 34
64 34
64 34
64 35
64 35
64 36
64 37
64 37
64 38
65 39
65 40
65 40
65 41
65 42
65 43
65 44
65 44
65 45
65 46
65 47
65 48
65 48
65 49
65 50
66 51
66 52
66 53
66 53
66 54
66 55
66 56
66 57
66 58
66 58
66 59
67 60
67 61
67 61
67 62
67 63
67 64
67 64
68 65
68 65
68 65
68 65
69 64
69 63
69 63
69 62
69 61
69 60
69 60
69 59
70 58
70 57
70 56
70 56
70 55
70 54
71 53
71 52
71 51
71 50
71 50
71 49
71 48
72 47
72 46
72 45
72 45
72 44
73 43
73 42
73 41
73 41
73 40
74 39
74 38
74 37
74 37
75 36
75 35
75 35
75 34
75 33
75 32
76 31
76 30
76 29
76 28
76 27
76 26
76 25
77 24
77 23
77 22
77 21
77 20
77 19
77 18
77 17
78 16
78 15
78 14
78 13
78 13
79 14
79 15
79 15
78 14
78 14
79 15
79 15
79 16
79 17
79 17
79 18
80 19
80 20
80 20
80 21
80 22
80 23
80 23
80 24
80 25
80 26
80 26
80 27
81 28
81 29
81 29
81 30
81 31
81 31
82 32
82 33
82 33
82 34
82 35
82 36
81 37
81 38
81 39
81 40
81 40
81 41
80 42
80 43
80 43
80 44
80 44
79 45
79 46
79 46
79 47
79 48
79 49
79 49
79 50
79 51
79 52
79 53
79 53
79 54
78 55
78 56
78 57
78 57
78 58
78 59
78 60
78 61
78 62
78 62
78 63
77 64
77 65
77 66
77 66
77 67
77 68
77 69
77 70
77 70
77 71
77 72
77 72
77 73
77 73
77 73
78 72
78 72
79 71
79 70
80 69
81 68
82 67
82 66
83 65
84 64
84 63
85 62
86 61
86 60
87 59
88 58
89 57
89 56
90 55
91 54
91 53
92 52
92 52
93 51
94 50
94 50
95 49
95 49
95 48
95 48
95 47
95 46
95 46
95 45
95 45
95 44
95 43
95 43
95 42
95 41
95 41
94 40
94 39
94 39
94 38
94 37
94 37
93 37
93 37
93 37
92 38
92 38
91 39
91 40
91 40
91 41
90 42
90 43
90 43
90 44
90 45
90 46
90 47
90 47
90 48
89 49
89 50
89 51
89 51
89 52
89 53
88 54
88 55
88 56
88 56
88 57
88 58
88 59
88 60
88 60
88 61
88 62
88 63
88 63
89 64
89 64
90 64
90 64
91 63
91 63
91 62
92 61
92 60
92 60
92 59
93 58
93 57
94 56
94 55
94 55
94 54
94 53
94 52
95 51
95 50
95 49
95 48
95 47
95 46
95 45
96 44
96 43
96 42
96 41
96 40
96 39
96 38
96 37
97 36
97 35
97 34
97 33
97 32
97 31
97 30
98 29
98 28
98 27
98 26
98 26
98 25
98 24
98 23
98 22
98 21
98 20
99 19
99 18
99 17
99 16
99 15
99 14
99 13
99 12
99 12
99 11
98 10
98 9
98 8
98 8
98 7
98 7
98 6
98 5
98 5
98 5
98 5
98 5
97 6
97 7
97 7
97 8
97 9
97 10
97 10
97 11
97 12
97 13
97 14
97 14
97 15
97 16
96 17
96 18
96 19
96 20
96 20
96 21
96 22
96 23
96 24
96 25
96 26
96 27
96 27
96 28
96 29
96 30
96 31
95 32
95 33
95 34
95 35
95 36
95 36
95 37
95 38
95 39
95 40
94 41
94 42
94 43
94 44
94 45
94 46
94 46
94 47
94 48
94 49
94 50
94 51
94 52
94 53
94 54
94 55
94 55
94 56
94 57
94 58
94 59
93 60
93 61
93 62
93 63
93 64
93 65
93 65
93 66
93 67
93 68
93 69
93 70
93 71
93 72
93 73
93 73
93 74
93 75
92 76
92 77
92 78
92 79
92 79
92 80
92 81
92 82
92 83
92 83
92 84
92 85
92 86
92 86
92 87
92 88
