3 14
4 13
4 13
3 12
3 12
2 11
2 11
3 12
3 12
3 13
3 14
3 15
3 16
3 17
3 18
3 19
3 19
3 20
3 21
4 22
4 23
4 24
4 25
5 26
5 27
5 28
5 28
5 29
5 30
6 31
6 32
6 33
6 34
6 35
6 36
7 37
7 38
7 39
7 40
7 40
7 41
7 42
7 43
7 44
7 45
7 46
8 47
8 48
8 49
8 50
8 51
8 52
8 53
8 53
8 54
8 55
8 56
9 57
9 58
9 59
9 60
9 61
9 62
10 63
10 64
10 65
10 66
10 66
10 67
11 68
11 69
11 70
11 71
12 72
12 73
12 73
12 74
13 75
13 76
13 76
14 77
14 77
14 78
14 78
13 77
13 77
13 76
13 75
12 74
12 73
12 72
12 71
11 70
11 69
11 68
11 67
10 66
10 65
10 64
10 63
9 62
9 61
9 60
9 59
9 58
8 57
8 56
8 55
8 54
7 53
7 52
7 51
7 50
6 49
6 48
6 47
6 46
5 45
5 44
5 43
5 42
4 41
4 40
4 39
4 38
4 37
3 36
3 35
3 34
3 33
2 32
2 31
2 30
2 29
1 28
1 27
1 26
1 25
0 24
0 23
0 22
0 22
0 21
0 20
0 19
0 19
0 18
0 17
0 16
0 15
0 15
0 14
0 14
1 13
1 12
2 11
2 11
3 10
4 10
5 9
5 9
6 8
7 7
8 7
9 6
10 5
10 5
11 4
12 4
13 3
14 3
15 2
15 2
16 2
17 2
18 1
19 1
20 1
21 1
21 1
22 1
23 1
24 2
25 2
26 2
27 2
27 2
28 3
29 4
29 5
30 6
31 7
31 7
31 8
32 9
32 10
33 11
33 12
34 13
34 14
34 14
34 15
34 16
34 17
34 18
35 19
35 20
35 21
35 22
35 23
35 23
35 24
35 25
35 26
35 27
35 28
35 29
35 30
35 31
35 31
35 32
35 33
35 34
35 35
35 36
35 37
35 38
35 39
35 40
35 41
35 41
35 42
34 43
34 44
34 45
34 46
33 47
33 48
33 49
33 49
33 50
32 51
32 52
32 53
31 54
31 55
31 56
30 57
30 58
30 58
29 59
29 60
28 61
28 62
27 63
27 64
26 65
26 66
26 66
25 67
25 68
24 69
24 70
23 71
23 72
22 73
22 74
21 75
21 75
20 76
20 77
19 78
19 79
18 80
18 81
17 82
17 83
16 84
16 84
15 85
15 86
14 87
14 88
13 89
13 90
12 91
12 92
12 92
11 93
10 94
10 95
9 96
8 97
8 97
7 98
7 99
7 99
6 99
6 99
7 98
7 98
8 97
9 96
10 96
11 95
12 94
13 93
14 92
15 92
16 91
17 90
18 89
19 88
20 88
21 87
22 86
23 85
24 84
25 84
26 83
27 82
28 81
29 80
30 80
31 79
32 78
33 77
34 76
35 76
36 75
37 74
38 73
39 72
40 72
41 71
42 70
43 69
44 68
45 68
46 67
47 66
47 66
48 65
48 64
49 63
50 62
50 61
51 60
51 60
50 59
50 58
49 57
49 57
48 56
47 55
46 54
46 54
45 55
44 55
44 55
43 56
42 57
41 58
41 58
40 59
40 60
39 61
39 62
39 62
38 63
38 64
37 65
37 66
37 66
37 67
37 68
36 69
36 70
36 71
36 71
36 72
36 73
36 74
36 75
36 76
36 76
36 77
36 78
36 79
36 79
36 80
36 80
37 80
37 80
38 79
39 78
39 78
40 77
40 76
41 75
41 74
41 74
42 73
42 72
43 71
43 70
44 69
44 68
44 68
45 67
45 66
46 65
46 64
47 63
47 63
48 62
48 61
49 60
49 59
50 58
50 58
50 57
51 56
51 55
52 54
52 53
52 53
52 52
52 52
52 53
52 54
52 54
52 55
51 56
51 57
51 58
51 58
51 59
50 60
50 61
50 62
50 62
49 63
49 64
48 65
48 66
48 66
48 67
48 68
48 69
48 69
49 70
49 71
49 71
49 72
49 72
50 73
50 73
51 72
52 71
52 71
53 70
53 69
53 69
53 68
54 67
54 66
55 65
55 64
55 63
56 62
56 61
56 60
57 59
57 58
58 57
58 56
58 55
59 54
59 53
59 53
60 53
60 53
60 53
60 54
60 55
60 56
60 57
60 57
60 58
60 59
60 60
60 61
60 61
60 62
60 63
60 64
60 65
60 66
60 66
60 67
61 68
61 69
61 70
61 70
61 71
61 72
61 73
61 73
61 74
62 75
62 76
62 76
63 76
63 76
63 76
64 75
64 74
64 74
65 73
65 72
65 72
66 71
67 70
67 70
67 69
68 68
68 67
68 66
68 66
69 65
69 64
70 63
70 62
70 62
71 61
71 60
72 59
72 58
73 57
73 57
73 56
73 55
72 54
72 53
72 52
72 51
72 50
72 49
71 48
71 47
71 46
71 45
71 44
71 43
70 42
70 41
70 40
70 39
70 38
70 37
69 36
69 35
69 34
69 33
69 33
70 33
70 33
71 32
71 32
72 32
72 32
73 31
74 31
74 31
75 31
76 31
77 31
77 31
78 30
79 30
79 30
80 30
80 30
80 31
79 32
79 33
78 34
78 35
78 36
77 37
77 38
77 39
76 40
76 41
75 42
75 43
75 43
75 44
75 45
75 46
75 47
75 48
75 49
75 50
75 51
75 51
75 52
74 53
74 54
74 55
74 55
73 56
73 57
72 58
72 58
72 59
72 60
71 61
71 62
71 63
71 64
71 64
71 65
71 66
71 67
71 67
71 68
71 69
71 70
71 70
71 71
71 72
71 72
72 72
72 72
73 72
73 72
74 72
75 72
75 72
76 71
77 71
77 71
78 70
79 69
79 69
80 68
81 67
82 66
83 65
84 64
85 63
86 62
87 61
88 60
89 59
90 58
91 57
92 56
93 55
94 54
95 53
95 53
94 53
94 53
93 54
93 54
92 55
91 55
90 56
90 56
89 57
88 58
88 59
87 60
87 60
86 61
86 62
85 63
85 64
85 64
84 65
83 66
82 67
82 67
82 68
81 69
81 70
81 70
81 71
81 72
81 72
81 72
82 73
82 73
83 73
83 73
84 72
85 71
85 71
86 70
87 69
87 69
88 68
88 67
89 66
89 66
90 65
91 64
92 63
92 63
93 62
93 61
94 60
94 60
95 59
95 58
96 57
96 56
96 56
96 55
96 54
96 53
96 52
96 51
96 50
96 49
96 48
96 47
96 46
96 45
96 44
96 43
96 42
96 41
97 40
97 39
97 38
97 37
97 36
97 35
97 34
97 33
97 32
97 31
97 30
97 29
97 28
97 27
97 26
97 25
97 24
97 24
97 23
97 22
96 21
96 20
96 19
96 18
96 17
96 16
95 15
95 14
95 13
95 13
95 12
95 11
95 10
95 10
94 9
94 8
94 8
94 8
94 9
94 9
94 10
94 10
94 11
95 12
95 13
95 13
95 14
95 15
95 16
95 17
95 18
95 19
95 20
95 20
95 21
95 22
95 23
95 24
95 25
95 26
95 27
95 28
95 28
95 29
95 30
95 31
95 32
95 33
95 34
95 35
95 36
95 37
95 38
95 39
95 40
95 40
95 41
95 42
95 43
95 44
95 45
96 46
96 47
96 48
96 49
96 50
96 51
96 51
96 52
96 53
96 54
96 55
96 56
97 57
97 58
97 59
97 60
97 61
97 62
97 63
97 63
97 64
97 65
97 66
97 67
98 68
98 69
98 70
98 71
98 72
98 72
98 73
98 74
98 75
98 76
98 77
98 78
98 78
98 79
99 80
99 81
99 82
99 82
99 83
99 84
98 85
98 86
98 87
98 87
98 88
98 89
98 89
97 90
97 90
97 91
97 91
97 92
97 92
