13 4
13 3
13 2
13 1
13 0
13 0
13 1
13 1
13 1
13 2
13 2
14 3
14 4
14 4
14 5
15 6
15 7
15 8
15 8
15 9
16 10
16 11
16 12
16 12
16 13
16 14
16 15
16 16
16 17
16 18
16 18
16 19
16 20
16 21
17 22
17 23
17 24
17 25
17 26
17 26
17 27
17 28
17 29
18 30
18 31
18 32
18 33
18 34
18 34
18 35
18 36
18 37
18 38
18 39
18 40
18 41
18 42
18 43
18 43
18 44
18 45
18 46
18 47
18 48
18 49
18 50
18 51
18 52
18 52
18 53
18 54
18 55
18 56
18 57
18 58
18 59
18 60
18 60
18 61
18 62
19 63
19 64
19 65
19 66
19 66
19 67
19 68
19 69
19 70
19 71
19 71
19 72
19 73
19 74
19 74
19 75
19 76
19 77
19 77
19 78
19 78
18 78
18 78
18 77
18 76
18 76
18 75
17 74
17 73
17 73
17 72
16 71
16 70
15 69
15 68
15 68
15 67
15 66
15 65
14 64
14 63
14 62
14 61
14 61
14 60
13 59
13 58
13 57
13 56
12 55
12 54
12 54
12 53
12 52
11 51
11 50
11 49
11 49
11 48
11 47
10 46
10 45
10 44
10 44
10 43
9 42
9 41
9 40
9 39
8 38
8 37
8 36
7 35
7 34
7 33
7 32
6 31
6 30
6 29
6 28
5 27
5 26
5 26
5 25
4 24
4 23
4 22
4 21
3 20
3 19
3 18
3 18
3 17
2 16
2 15
1 14
1 13
1 13
1 12
1 11
1 10
1 9
1 9
0 8
0 8
0 7
0 6
0 6
0 5
0 5
0 4
0 4
1 3
2 3
2 3
3 2
4 2
4 2
5 1
6 1
6 1
7 1
8 1
9 1
9 1
10 1
11 1
12 1
13 1
13 1
14 1
15 2
16 2
17 2
17 2
18 2
19 3
20 3
21 3
21 3
22 3
23 4
24 4
25 4
25 4
26 4
27 5
28 5
29 5
29 5
30 6
31 6
32 7
32 7
33 8
33 9
34 10
34 10
35 11
35 12
36 13
36 14
36 14
36 15
36 16
37 17
37 18
37 19
37 19
37 20
37 21
37 22
37 23
37 24
37 25
37 25
37 26
37 27
37 28
36 29
36 30
36 31
36 32
36 32
36 33
35 34
35 35
34 36
34 37
34 38
33 39
33 40
33 40
33 41
32 42
32 43
32 44
31 45
31 46
31 47
31 48
30 49
30 50
30 50
30 51
29 52
29 53
29 54
28 55
28 56
27 57
27 58
27 59
26 60
26 61
26 61
25 62
25 63
24 64
24 65
23 66
23 67
22 68
22 69
21 70
21 70
21 71
20 72
20 73
19 74
19 75
18 76
18 77
17 78
17 79
17 79
16 80
16 81
15 82
14 83
14 84
13 85
13 86
12 87
12 87
12 88
11 89
11 90
10 91
10 92
9 93
9 94
9 94
8 95
7 96
6 96
5 97
5 97
4 98
3 99
3 99
2 99
2 99
1 98
1 98
1 97
1 96
1 96
1 95
2 94
2 93
2 92
2 92
3 91
4 90
5 89
6 89
7 88
8 87
9 86
10 85
11 84
12 83
13 82
14 82
15 81
16 80
17 79
18 78
19 77
20 76
21 75
22 75
23 74
24 73
25 72
26 71
27 70
28 69
29 68
30 68
31 67
32 66
33 65
34 64
35 63
36 62
37 61
38 61
39 60
40 59
41 58
42 57
43 56
44 55
45 54
46 54
47 53
48 52
49 51
49 51
50 52
50 52
50 53
50 53
50 53
50 53
50 53
49 53
49 53
49 52
49 52
49 51
49 51
49 50
49 50
48 49
48 48
48 48
48 47
48 47
48 46
47 45
47 44
47 44
47 43
47 42
47 41
47 41
46 40
46 39
46 39
46 38
46 38
45 38
45 38
45 39
45 39
45 40
44 41
44 42
44 42
44 43
44 44
44 45
44 45
44 46
44 47
43 48
43 49
43 50
43 50
43 51
43 52
42 53
42 54
42 55
42 56
42 56
42 57
42 58
42 59
42 60
42 61
42 62
42 62
42 63
42 64
41 65
41 66
41 67
41 67
41 68
41 69
41 70
41 71
41 71
41 72
42 73
42 74
42 74
42 75
42 75
42 74
42 74
43 73
43 73
43 72
44 71
44 70
44 70
44 69
45 68
45 67
45 66
45 66
45 65
45 64
45 63
45 62
45 62
45 61
45 60
46 59
46 58
46 57
46 57
46 56
47 55
47 54
47 53
47 53
47 52
47 51
47 50
47 49
47 49
48 48
48 47
48 47
48 46
48 45
48 45
48 44
48 44
48 44
48 45
48 45
48 46
48 46
49 47
49 48
49 48
49 49
49 50
49 51
49 52
49 52
49 53
49 54
49 55
49 56
49 56
49 57
49 58
49 59
49 60
49 60
49 61
50 62
50 63
50 64
50 64
51 65
51 66
51 66
52 67
53 68
53 68
54 69
54 69
55 69
56 69
56 69
57 69
57 69
58 68
58 68
59 67
59 66
59 66
60 65
60 65
61 64
61 63
61 63
61 62
61 61
61 60
61 59
60 58
60 57
60 56
60 55
60 54
60 53
60 52
60 51
60 50
60 49
59 48
59 47
59 46
59 45
59 44
59 44
59 44
59 44
59 45
59 45
59 46
59 46
59 47
60 48
60 49
60 49
60 50
60 51
60 52
60 53
60 53
60 54
61 55
61 56
61 57
61 57
61 58
61 59
61 60
61 61
61 61
61 62
62 63
62 64
62 65
62 65
62 66
63 67
63 68
63 68
63 69
63 70
63 71
63 71
64 72
64 73
64 73
65 73
65 73
66 73
66 73
66 72
66 71
66 71
66 70
67 69
67 68
67 68
67 67
67 66
67 65
67 64
67 64
67 63
67 62
68 61
68 60
68 59
68 59
68 58
68 57
69 56
69 55
69 54
69 53
69 53
69 52
69 51
69 50
69 49
69 48
69 48
69 47
70 46
70 45
70 45
70 44
70 43
70 43
71 42
71 42
71 41
71 41
71 41
71 40
72 39
72 38
72 37
73 36
73 35
73 34
74 33
74 32
74 31
75 30
75 29
75 29
76 28
76 28
75 27
75 27
75 27
76 27
76 27
76 27
77 28
77 29
77 29
77 30
77 30
78 31
78 32
78 32
79 33
79 34
79 34
79 35
79 36
79 36
79 37
79 37
79 38
79 39
78 40
78 41
78 42
78 43
78 43
78 44
78 45
78 46
78 47
78 47
78 48
78 48
77 49
77 50
77 50
78 51
78 51
78 52
78 53
78 54
78 54
78 55
77 56
77 57
77 58
77 58
77 59
77 60
77 61
77 62
77 63
77 63
77 64
77 65
77 66
77 67
77 67
77 68
77 69
77 70
77 70
77 71
77 72
77 73
77 73
77 74
77 75
77 75
78 75
78 75
78 75
79 74
80 73
81 72
82 71
82 70
83 69
84 68
85 67
86 66
87 65
88 64
89 63
89 62
90 61
91 60
92 59
93 58
93 58
94 57
95 57
95 57
96 56
96 56
96 56
96 55
96 55
96 54
96 54
95 53
95 53
95 52
95 51
95 51
94 50
94 49
94 49
94 48
94 48
93 47
93 47
93 46
93 46
92 46
92 46
91 46
91 46
91 46
90 47
90 47
90 48
89 49
89 50
89 50
89 51
89 52
89 52
89 53
88 54
88 55
88 56
88 56
88 57
88 58
88 59
88 60
88 61
88 61
88 62
88 63
88 64
88 65
88 65
88 66
88 67
88 68
88 68
89 69
89 70
89 70
90 71
90 71
91 70
91 70
92 69
92 68
92 68
92 67
93 66
93 65
93 65
93 64
94 63
94 62
94 61
94 61
94 60
94 59
94 58
94 57
94 56
94 56
94 55
94 54
94 53
95 52
95 51
95 50
95 49
95 49
95 48
95 47
95 46
95 45
95 44
95 43
95 42
95 42
95 41
95 40
95 39
95 38
95 37
95 36
95 35
95 35
95 34
95 33
95 32
95 31
95 30
95 29
95 28
95 28
95 27
95 26
95 25
95 24
95 23
95 22
95 22
95 21
95 20
95 19
95 18
95 18
95 17
95 16
95 15
95 15
95 14
96 13
96 12
96 12
96 12
96 12
96 13
96 13
96 14
96 14
96 15
96 16
96 17
96 18
96 18
96 19
96 20
96 21
96 22
96 23
96 24
96 24
96 25
96 26
96 27
96 28
96 29
96 30
96 31
96 32
96 32
96 33
96 34
96 35
96 36
96 37
96 38
96 39
96 40
96 41
96 42
96 42
96 43
96 44
96 45
96 46
96 47
96 48
96 49
96 50
96 51
96 52
96 53
96 53
96 54
96 55
96 56
96 57
96 58
96 59
96 60
96 61
96 62
96 63
96 64
96 65
96 65
96 66
96 67
96 68
96 69
96 70
96 71
96 72
96 73
96 74
96 75
96 76
96 76
96 77
96 78
96 79
96 80
97 81
97 82
97 83
97 84
97 85
97 85
97 86
97 87
97 88
98 89
98 90
98 91
98 92
98 93
98 93
98 94
99 95
99 96
