10 17
9 16
9 16
9 16
9 16
9 17
9 18
9 19
9 20
9 21
9 22
9 23
9 24
9 24
9 25
9 26
9 27
9 28
9 29
9 30
10 31
10 32
10 33
10 34
10 35
10 36
10 37
10 37
10 38
10 39
10 40
10 41
10 42
10 43
10 44
11 45
11 46
11 47
11 48
11 49
11 50
11 51
11 52
11 52
11 53
11 54
11 55
12 56
12 57
12 58
12 59
12 60
12 61
12 62
12 63
13 64
13 65
13 66
13 67
13 67
13 68
14 69
14 70
14 71
15 72
15 73
15 74
15 75
16 76
16 77
16 77
16 78
17 79
17 80
17 81
18 82
18 83
18 83
19 84
19 85
19 85
19 86
19 86
18 86
18 86
18 85
18 85
18 84
17 83
17 82
17 81
17 80
16 79
16 78
16 77
16 76
15 75
15 74
15 73
15 72
14 71
14 70
14 69
14 68
13 67
13 66
13 65
13 64
12 63
12 62
12 61
12 60
11 59
11 58
11 57
11 56
10 55
10 54
10 53
10 52
9 51
9 50
9 49
9 48
8 47
8 46
8 45
8 44
7 43
7 42
7 41
7 40
6 39
6 38
6 37
6 36
5 35
5 34
5 33
5 32
4 31
4 30
4 29
4 28
3 27
3 26
3 25
3 25
2 24
1 24
1 24
1 23
0 22
0 21
0 21
0 20
0 20
0 19
0 19
1 18
1 17
1 17
2 16
3 15
4 14
5 13
5 13
6 12
7 11
8 11
9 10
10 9
10 9
11 8
12 7
13 6
14 5
15 4
15 4
16 4
17 3
18 3
19 2
20 2
21 1
22 1
22 1
23 1
24 1
25 0
26 0
27 0
28 0
28 0
29 1
30 1
31 2
32 3
33 3
34 4
34 4
35 5
36 6
37 7
37 8
38 9
39 10
39 10
39 11
40 12
40 13
40 14
40 15
41 16
41 17
41 18
41 18
41 19
41 20
41 21
42 22
42 23
42 24
42 25
42 26
42 26
42 27
42 28
42 29
42 30
42 31
42 32
42 33
42 34
42 34
42 35
42 36
41 37
41 38
41 39
41 40
40 41
40 42
40 43
40 43
40 44
39 45
39 46
38 47
38 48
38 49
37 50
37 51
36 52
36 53
36 53
36 54
35 55
35 56
35 57
34 58
34 59
33 60
33 61
33 62
32 63
32 64
32 64
31 65
31 66
30 67
30 68
29 69
29 70
28 71
28 72
27 73
27 74
27 74
26 75
26 76
25 77
25 78
24 79
24 80
23 81
23 82
22 83
22 84
22 84
21 85
21 86
20 87
20 88
19 89
19 90
18 91
18 92
18 92
17 93
17 94
16 95
16 96
15 97
15 97
14 98
13 99
13 99
13 99
14 98
14 97
14 97
14 96
15 95
15 94
15 93
15 93
16 92
17 91
18 90
19 90
20 89
21 88
22 87
23 86
24 85
25 84
26 83
27 83
28 82
29 81
30 80
31 79
32 78
33 77
34 76
35 76
36 75
37 74
38 73
39 72
40 71
41 70
42 70
43 69
44 68
45 67
46 66
47 65
48 64
49 63
50 63
51 62
52 61
53 60
53 60
53 59
53 58
53 57
54 56
54 55
54 54
54 53
54 52
54 52
54 51
54 50
53 49
53 48
53 47
53 47
52 47
51 47
51 47
50 48
49 48
48 49
48 49
48 50
47 51
47 52
46 53
46 54
46 54
46 55
45 56
45 57
45 58
45 59
44 60
44 61
44 61
44 62
43 63
43 64
43 65
43 66
42 67
42 68
42 69
42 69
42 70
42 71
41 72
41 73
41 74
41 74
41 75
41 76
41 77
41 78
41 78
41 79
41 79
42 79
42 79
43 78
44 78
44 78
45 77
45 76
46 75
46 74
46 74
46 73
47 72
47 71
48 70
48 69
48 69
48 68
49 67
49 66
49 65
50 64
50 63
50 63
50 62
51 61
51 60
51 59
52 58
52 57
52 57
53 56
53 55
54 54
54 54
55 53
55 53
55 54
55 55
55 55
55 56
55 57
54 58
54 59
54 60
54 60
54 61
54 62
54 63
54 64
54 65
54 66
54 66
54 67
54 68
54 69
54 70
54 71
54 71
54 72
54 73
54 74
54 74
55 75
55 76
55 76
56 77
56 77
57 76
57 76
58 75
58 74
58 74
58 73
58 72
59 71
59 70
59 69
59 68
59 67
60 66
60 65
60 64
60 63
60 62
60 61
61 60
61 59
61 58
61 58
62 58
63 58
64 58
64 58
65 59
65 60
65 60
65 61
66 62
66 63
66 63
66 64
67 65
67 66
67 67
67 67
67 68
67 69
67 70
67 71
67 71
67 72
67 73
68 74
68 75
68 76
68 77
68 77
68 78
67 79
67 80
67 81
67 81
67 82
67 83
67 83
66 84
66 84
66 84
66 83
66 83
66 82
66 81
66 81
66 80
67 79
67 78
67 78
68 77
68 76
69 75
69 74
69 74
69 73
70 72
70 71
70 70
71 69
71 68
71 68
71 67
72 66
72 65
72 64
72 63
73 62
73 61
73 61
73 60
73 59
73 58
73 57
73 56
73 55
73 54
73 53
73 52
73 51
73 50
73 49
72 48
72 47
72 46
72 45
72 44
72 43
72 42
72 41
72 40
72 39
72 38
72 37
72 36
72 35
72 35
73 34
74 33
75 32
75 32
75 31
75 31
75 32
75 32
76 33
77 34
77 34
77 35
77 36
77 37
77 38
77 39
77 40
77 41
77 42
77 43
77 44
77 45
77 46
77 47
77 47
77 48
77 49
76 50
76 51
76 52
76 53
75 54
75 55
75 56
75 56
75 57
75 58
75 59
75 60
75 60
75 61
74 62
74 63
74 64
74 64
74 65
74 66
74 67
73 68
73 69
73 70
73 71
73 72
73 72
73 73
73 74
73 75
73 76
73 77
73 78
73 78
73 79
73 80
73 81
73 81
73 82
73 83
73 83
74 83
74 83
75 82
75 82
75 81
76 80
76 79
76 79
77 78
77 77
78 76
78 75
78 75
79 74
80 73
80 72
81 71
81 71
82 70
83 69
84 68
85 67
86 66
86 65
87 64
88 63
89 62
90 61
90 61
91 60
92 59
93 59
94 58
94 58
94 58
94 58
93 59
93 60
93 60
92 61
91 62
91 62
90 63
89 64
89 65
88 66
88 66
87 67
87 68
86 69
86 70
85 71
85 71
85 72
84 73
84 74
84 75
84 76
83 77
83 78
83 78
82 79
82 80
81 81
81 81
81 82
81 83
81 83
81 83
82 82
82 81
83 80
83 80
84 79
84 78
85 77
85 77
86 76
87 75
88 74
88 74
89 73
89 72
90 71
90 70
90 70
90 69
91 68
91 67
91 67
91 66
92 65
92 64
92 64
92 63
92 62
92 61
92 60
92 59
92 59
92 58
92 57
92 56
92 55
93 54
93 53
93 52
93 51
93 50
93 49
93 48
93 47
93 46
93 45
94 44
94 43
94 42
94 41
94 40
94 39
94 38
94 37
94 36
95 35
95 34
95 33
95 32
95 31
95 30
95 29
95 28
95 27
95 26
96 25
96 24
96 23
96 22
96 21
96 20
96 19
96 18
96 17
97 16
97 15
97 14
97 13
97 12
97 11
97 10
97 9
97 8
97 7
98 6
98 5
98 4
98 3
98 2
98 2
98 2
97 3
97 3
97 4
97 5
96 6
96 7
96 8
96 9
96 9
96 10
96 11
96 12
96 13
95 14
95 15
95 16
95 17
95 18
95 18
95 19
95 20
95 21
95 22
95 23
95 24
95 25
95 26
95 27
95 28
95 29
95 30
95 30
95 31
95 32
95 33
95 34
95 35
95 36
96 37
96 38
96 39
96 40
96 41
96 42
96 43
96 43
96 44
96 45
96 46
96 47
96 48
96 49
96 50
96 51
96 52
96 53
96 54
96 55
96 56
96 57
96 58
96 58
96 59
96 60
96 61
96 62
96 63
97 64
97 65
97 66
97 67
97 68
97 69
97 70
97 70
97 71
97 72
97 73
97 74
98 75
98 76
98 77
98 78
98 79
98 79
98 80
98 81
99 82
99 83
99 84
99 85
99 85
99 86
98 87
98 88
98 88
98 89
98 90
98 91
98 91
97 92
97 92
96 92
96 92
95 91
