2 87
2 87
2 88
2 89
2 90
2 91
2 92
2 92
1 93
1 94
1 94
1 95
1 96
1 96
1 97
1 97
1 98
1 98
0 98
0 98
0 97
0 97
0 96
0 95
0 95
0 94
0 93
0 92
0 91
0 91
0 90
0 89
0 88
0 87
0 86
0 85
0 85
0 84
0 83
0 82
1 81
1 80
1 79
1 78
1 77
1 77
1 76
1 75
1 74
1 73
2 72
2 71
2 70
2 69
2 68
2 68
2 67
2 66
3 65
3 64
3 63
3 62
4 61
4 60
4 59
4 59
4 58
4 57
5 56
5 55
5 54
5 53
5 52
6 51
6 50
6 49
6 49
6 48
7 47
7 46
7 45
7 44
8 43
8 42
8 41
8 40
9 39
9 38
9 37
9 37
9 36
9 35
10 34
10 33
10 32
10 31
10 30
11 29
11 28
11 27
11 27
11 26
12 25
12 24
12 23
13 22
13 21
13 20
13 19
14 18
14 17
14 17
14 16
15 15
15 14
15 13
15 12
16 11
16 10
16 10
17 9
17 8
18 7
18 6
19 5
19 5
20 4
20 3
21 2
21 2
22 1
22 0
22 0
23 1
24 1
24 1
24 2
24 3
24 3
24 4
25 5
25 6
25 6
25 7
25 8
25 9
25 10
25 10
25 11
25 12
24 13
24 14
24 15
24 15
24 16
24 17
24 18
24 19
24 20
24 21
24 21
24 22
23 23
23 24
22 25
22 26
22 26
22 27
22 28
21 29
21 30
21 31
21 31
21 32
20 33
20 34
20 35
20 35
19 36
19 37
18 38
18 38
17 39
17 40
16 41
16 41
15 42
14 42
14 42
13 43
13 43
12 43
12 43
12 43
12 42
12 42
13 41
13 41
13 42
14 43
14 44
14 45
15 46
15 47
15 48
16 49
16 50
16 51
17 52
17 53
18 54
18 55
18 56
19 57
19 58
19 59
20 60
20 61
20 62
21 63
21 64
21 65
22 66
22 67
22 68
23 69
23 70
23 71
24 72
24 73
24 74
25 75
25 76
25 77
26 78
26 79
27 80
27 81
27 82
28 83
28 84
28 85
29 86
29 87
29 88
30 89
30 90
30 90
30 91
30 92
30 93
30 94
30 95
30 95
29 96
29 97
29 97
29 98
29 99
29 99
30 99
30 99
31 98
32 98
32 98
33 97
33 96
34 95
34 95
35 94
35 93
36 92
36 91
37 90
37 89
37 89
38 88
38 87
39 86
39 85
40 84
40 83
40 83
40 82
41 81
41 80
42 79
42 78
42 77
43 76
43 75
43 75
43 74
43 73
44 72
44 71
44 70
44 69
44 69
44 68
45 67
45 66
45 65
45 65
45 64
45 63
45 62
45 62
45 61
45 60
45 60
44 59
43 59
43 59
42 59
41 59
41 59
40 59
39 59
39 59
38 60
37 61
37 61
37 62
36 63
36 64
36 65
36 65
36 66
36 67
35 68
35 69
35 70
35 70
35 71
35 72
35 73
35 74
35 75
35 76
35 76
35 77
35 78
35 79
35 80
35 81
35 82
35 82
35 83
36 84
36 85
36 86
36 86
37 87
37 88
38 89
38 89
39 89
40 90
41 90
41 90
42 90
43 90
44 90
44 90
45 89
46 88
46 88
46 87
47 86
47 85
47 84
48 83
48 82
48 81
49 80
49 79
50 78
50 77
50 76
51 75
51 74
51 73
52 72
52 71
52 70
53 69
53 68
53 67
54 66
54 65
55 64
55 63
55 62
56 61
56 60
56 59
57 58
57 57
57 56
58 55
58 54
58 53
59 52
59 51
60 50
60 49
60 48
61 47
61 46
61 45
62 44
62 43
62 43
62 43
61 44
60 45
60 46
59 47
59 47
58 46
57 46
57 46
57 46
58 46
58 46
59 45
59 45
60 44
61 44
62 43
62 43
63 42
64 42
65 41
65 41
66 41
67 40
68 40
69 39
70 39
70 39
71 39
72 38
73 38
73 38
74 37
74 36
75 35
75 35
75 34
75 33
74 32
74 31
74 30
74 29
73 28
73 27
73 26
73 25
72 24
72 23
72 22
72 22
72 21
72 20
72 19
72 18
72 17
72 16
72 15
72 15
72 14
72 14
72 15
72 15
72 16
72 17
72 17
72 18
72 19
72 20
72 20
72 21
72 22
72 23
72 24
72 25
72 25
72 26
72 27
72 28
71 29
71 30
71 31
71 32
71 32
71 33
71 34
71 35
70 36
70 37
70 38
70 39
70 40
70 40
70 41
70 42
69 43
69 44
69 45
69 46
69 47
68 48
68 49
68 50
68 50
68 51
68 52
67 53
67 54
67 55
67 56
66 57
66 58
66 59
66 59
66 60
66 61
66 62
66 63
66 64
66 65
66 66
66 67
66 68
66 68
66 69
66 70
66 71
66 72
66 73
66 74
66 75
66 76
66 76
66 77
66 78
66 79
66 80
66 81
66 82
66 83
66 84
66 84
67 85
67 86
68 87
68 88
68 88
69 89
69 90
70 91
70 91
71 91
72 92
73 92
73 92
74 91
75 91
76 90
77 90
77 90
78 89
79 88
80 88
81 87
81 87
82 86
83 85
83 84
84 83
84 83
85 82
85 81
86 80
86 79
87 78
87 78
87 77
88 76
88 75
89 74
89 73
89 73
89 72
89 71
90 70
90 69
90 68
90 67
90 67
90 66
91 65
91 64
91 63
91 63
91 62
90 61
90 60
90 59
90 59
89 58
89 57
88 56
88 55
88 55
87 54
86 54
86 54
85 54
85 54
84 55
83 56
83 56
83 57
82 58
82 59
82 59
82 60
82 61
81 62
81 63
81 64
81 64
81 65
81 66
81 67
81 68
81 69
81 70
81 71
81 71
81 72
81 73
81 74
81 75
81 76
81 77
81 78
81 79
81 79
81 80
81 81
81 82
82 83
82 84
82 85
82 86
82 86
82 87
82 88
83 89
83 90
83 91
83 92
83 92
84 93
84 94
85 95
85 95
86 95
87 96
88 96
89 96
89 96
90 95
91 95
92 94
93 94
94 93
94 93
95 92
96 91
97 90
97 89
98 88
99 87
