8 56
8 57
8 58
8 59
7 60
7 61
7 62
7 63
7 64
7 65
6 66
6 67
6 68
6 69
6 70
6 71
6 72
5 73
5 74
5 75
5 76
5 77
5 78
4 79
4 80
4 81
4 82
4 83
4 84
4 85
3 86
3 87
3 88
3 89
3 90
3 91
2 92
2 93
2 94
2 95
2 95
2 96
3 97
3 98
3 98
2 99
2 99
1 99
1 99
0 99
0 99
0 99
0 98
0 97
0 96
0 96
0 95
0 94
0 93
0 92
0 91
0 90
0 90
0 89
0 88
0 87
0 86
0 85
0 84
0 83
0 83
0 82
0 81
1 80
1 79
1 78
1 77
1 76
1 75
2 74
2 73
2 72
2 72
2 71
2 70
3 69
3 68
3 67
3 66
3 65
3 64
4 63
4 62
4 61
4 60
4 60
4 59
4 58
4 57
5 56
5 55
5 54
5 53
5 52
5 51
6 50
6 49
6 48
6 47
6 47
6 46
7 45
7 44
7 43
8 42
8 41
9 40
9 39
9 38
10 37
10 36
10 36
10 35
11 34
11 33
12 32
12 31
12 30
13 29
13 28
14 27
14 26
14 26
15 25
15 24
16 23
16 22
17 21
17 20
18 19
18 18
19 17
19 16
19 16
20 15
20 14
21 13
21 12
22 11
22 10
23 9
23 8
24 7
24 7
25 6
26 5
26 4
27 3
28 2
28 2
29 1
30 1
31 0
32 0
32 0
33 0
34 1
35 1
36 1
36 1
36 2
37 3
37 4
37 4
37 5
37 6
37 7
37 8
37 9
37 9
37 10
37 11
37 12
36 13
36 14
36 15
36 16
36 16
35 17
35 18
34 19
34 20
33 21
33 22
33 22
33 23
32 24
32 25
31 26
31 27
30 28
30 29
30 29
30 30
29 31
29 32
28 33
28 34
27 35
27 36
27 36
26 37
25 38
25 39
24 40
23 41
23 41
22 42
21 43
20 44
20 44
19 44
18 45
17 45
16 45
16 45
15 45
14 44
13 44
13 44
12 43
12 42
11 41
11 41
10 40
10 39
10 39
10 38
10 37
10 37
10 38
11 39
11 40
11 41
12 42
12 43
13 44
13 45
13 46
14 47
14 48
14 49
15 50
15 51
15 52
16 53
16 54
16 55
17 56
17 57
18 58
18 59
18 60
19 61
19 62
19 63
20 64
20 65
20 66
21 67
21 68
21 69
22 70
22 71
23 72
23 73
23 74
24 75
24 76
24 77
25 78
25 79
25 79
25 80
25 81
25 82
25 83
25 83
24 84
24 84
25 84
25 84
26 84
27 84
27 84
28 84
29 83
30 83
30 83
31 82
32 81
33 80
34 79
34 79
35 78
35 77
36 76
37 75
37 74
38 73
38 73
39 72
39 71
40 70
41 69
41 68
42 67
42 67
43 66
43 65
44 64
44 63
45 62
45 61
45 61
45 60
46 59
46 58
46 57
47 56
47 55
47 55
47 54
47 53
47 52
47 51
47 51
46 50
46 49
46 49
45 49
44 49
43 49
43 49
42 49
41 49
40 49
40 49
39 50
38 51
37 52
37 52
36 53
35 54
34 55
33 56
33 56
33 57
32 58
32 59
31 60
31 61
31 61
31 62
31 63
30 64
30 65
30 66
30 67
30 67
30 68
30 69
30 70
30 71
30 72
30 73
30 73
30 74
31 75
31 76
32 77
32 78
32 78
33 79
34 80
34 80
35 80
36 81
37 81
38 81
38 81
39 81
40 80
41 80
41 80
42 79
43 78
44 78
45 77
45 77
45 76
46 75
46 74
46 73
47 72
47 71
47 70
48 69
48 68
48 67
49 66
49 65
49 64
50 63
50 62
50 61
51 60
51 59
51 58
51 57
52 56
52 55
52 54
53 53
53 52
53 51
54 50
54 49
54 48
55 47
55 46
55 45
56 44
56 43
56 43
55 42
54 42
54 42
54 42
54 42
55 42
55 42
56 41
57 41
57 41
58 41
59 41
60 41
60 41
61 41
62 41
63 40
64 40
65 40
65 40
66 40
67 40
68 39
69 39
70 39
71 39
71 39
72 39
73 39
74 39
75 39
76 39
76 39
77 39
78 38
79 38
80 38
80 38
81 37
82 37
82 37
82 36
81 35
81 34
80 33
80 32
79 31
79 30
78 29
78 28
78 27
77 26
77 25
76 24
76 23
75 22
75 21
74 20
74 19
74 19
74 19
73 19
73 19
73 20
72 21
72 22
72 22
72 23
72 24
72 25
72 26
72 27
72 27
72 28
72 29
72 30
71 31
71 32
71 33
71 34
71 34
71 35
71 36
70 37
70 38
70 39
70 40
69 41
69 42
69 43
69 43
69 44
68 45
68 46
68 47
68 48
67 49
67 50
67 51
67 52
66 53
66 54
66 54
66 55
66 56
66 57
66 58
66 59
65 60
65 61
65 62
65 63
65 64
65 65
65 65
65 66
65 67
65 68
65 69
64 70
64 71
64 72
64 73
64 74
64 74
64 75
64 76
64 77
65 78
65 79
65 80
65 81
65 81
66 82
67 83
68 84
68 84
69 84
70 84
71 85
72 85
73 85
73 85
74 85
75 84
76 84
77 83
78 83
78 83
79 82
80 81
81 80
82 79
83 78
83 78
84 77
85 76
86 75
87 74
88 73
89 72
89 72
90 71
90 70
91 69
92 68
92 67
93 66
93 66
94 65
94 64
95 63
95 62
96 61
96 61
97 60
97 59
98 58
98 57
98 57
98 56
97 55
97 54
97 53
97 53
96 52
96 51
96 51
95 50
94 50
94 50
93 51
92 51
92 51
91 52
90 53
90 53
89 54
89 55
88 56
88 57
88 57
88 58
88 59
87 60
87 61
87 62
87 62
87 63
87 64
87 65
86 66
86 67
86 68
86 69
86 69
86 70
86 71
87 72
87 73
87 74
87 75
87 75
88 76
88 77
89 78
89 79
89 79
90 80
91 81
91 81
92 81
93 81
94 81
94 81
95 81
96 81
97 80
98 80
99 80
