20 29
20 30
19 31
19 32
19 32
18 32
18 32
18 32
18 32
19 32
19 32
20 31
20 30
20 30
21 29
22 28
22 28
23 27
24 26
24 25
25 24
25 24
26 23
26 22
27 21
27 20
27 20
28 19
29 18
29 17
30 16
30 16
30 15
31 14
31 13
31 12
31 12
31 11
32 10
32 9
32 9
32 8
32 7
32 6
32 6
32 5
32 4
32 4
31 3
31 2
31 2
30 1
30 1
29 1
28 0
27 0
27 0
26 1
25 2
25 2
24 3
23 4
22 5
21 6
21 6
20 7
19 8
19 9
18 10
17 11
17 11
16 12
16 13
15 14
15 15
14 16
14 17
13 18
13 18
12 19
12 20
11 21
11 22
10 23
10 24
9 25
9 25
9 26
8 27
8 28
8 29
8 30
7 31
7 32
7 33
7 33
7 34
6 35
6 36
6 37
5 38
5 39
5 40
5 41
4 42
4 43
4 43
4 44
4 45
3 46
3 47
3 48
3 49
3 50
2 51
2 52
2 53
2 53
2 54
2 55
2 56
2 57
2 58
1 59
1 60
1 61
1 62
1 63
1 64
1 65
1 65
1 66
1 67
1 68
1 69
0 70
0 71
0 72
0 73
0 74
0 75
0 75
0 76
0 77
0 78
0 79
0 80
0 81
0 82
0 83
0 84
0 85
0 85
0 86
0 87
0 88
0 89
0 90
0 91
0 92
0 92
0 93
0 94
1 95
1 96
1 97
1 97
2 98
3 99
3 99
4 99
5 99
6 99
6 99
7 99
8 98
9 98
10 98
10 98
11 97
12 96
13 95
14 94
14 94
15 93
15 92
16 91
17 90
17 89
18 88
18 88
19 87
19 86
20 85
20 84
21 83
21 82
22 81
22 81
23 80
24 80
25 79
26 78
27 77
28 77
29 76
30 75
31 74
32 74
33 73
34 72
35 71
36 71
37 70
37 70
38 69
38 68
39 67
39 67
39 66
39 65
39 65
39 65
39 65
38 65
38 65
38 66
38 66
37 67
36 67
36 67
36 68
35 69
35 70
35 70
34 71
34 72
33 73
33 74
33 74
33 75
32 76
32 77
32 78
32 78
32 79
32 80
32 81
32 82
32 82
32 83
32 84
32 85
32 85
33 86
33 87
33 87
34 88
34 88
35 89
36 89
36 89
37 89
38 89
38 89
39 89
40 88
41 88
41 88
42 87
43 86
43 85
44 84
45 83
45 83
46 82
47 81
47 80
48 79
49 78
49 78
50 77
50 76
51 75
51 74
52 73
52 72
53 71
53 71
54 70
54 69
55 68
56 67
56 66
57 65
57 65
58 64
58 63
59 62
59 61
60 60
60 60
60 59
61 58
61 57
62 56
62 55
62 55
62 54
62 53
63 52
63 51
63 50
63 50
64 49
64 48
64 48
63 47
63 46
63 46
62 45
62 45
61 45
60 45
59 45
59 45
58 45
57 46
56 46
56 46
55 47
54 48
53 49
53 49
52 50
51 51
51 52
50 53
50 53
50 54
49 55
49 56
49 57
48 58
48 59
48 59
48 60
47 61
47 62
47 63
46 64
46 65
46 65
46 66
46 67
45 68
45 69
45 70
45 71
45 71
45 72
45 73
45 74
45 75
45 76
45 77
45 77
45 78
45 79
46 80
46 81
46 82
46 83
46 83
46 84
47 85
47 86
47 87
47 87
48 88
48 89
49 90
49 90
50 91
51 92
51 92
52 92
53 92
54 92
54 92
55 92
56 92
57 92
57 92
58 91
59 90
60 89
60 89
60 88
60 87
60 86
61 85
61 84
61 83
61 82
61 81
61 80
62 79
62 78
62 77
62 76
62 75
62 74
63 73
63 72
63 71
63 70
63 69
63 68
63 67
64 66
64 65
64 64
64 63
64 62
64 61
65 60
65 59
65 58
65 57
65 56
65 55
65 54
66 53
66 52
66 51
66 50
66 49
66 48
67 47
67 46
67 45
67 44
67 43
67 42
68 41
68 40
68 39
68 38
68 38
67 39
67 40
67 40
66 39
66 39
66 39
67 39
67 39
68 38
69 37
69 37
70 36
71 36
72 35
72 35
73 34
74 34
75 33
75 33
76 33
77 32
78 32
79 32
79 32
80 31
81 31
82 30
82 30
83 29
84 29
84 29
85 28
86 28
86 28
86 27
86 26
86 25
86 24
86 23
86 22
86 21
86 20
86 19
86 18
86 17
86 16
86 15
87 14
87 13
87 12
87 11
87 10
87 9
87 8
87 7
87 6
87 5
87 4
87 3
87 2
87 1
87 1
86 2
86 2
85 2
85 2
84 3
84 3
84 4
83 5
83 6
83 6
82 7
82 8
81 9
81 10
81 10
81 11
80 12
80 13
80 14
80 15
79 16
79 17
79 17
79 18
79 19
78 20
78 21
78 22
78 23
78 24
77 25
77 26
77 27
77 27
77 28
76 29
76 30
76 31
76 32
75 33
75 34
75 35
75 36
74 37
74 38
74 38
74 39
74 40
73 41
73 42
73 43
73 44
73 45
73 46
72 47
72 48
72 49
72 49
72 50
72 51
71 52
71 53
71 54
71 55
71 56
70 57
70 58
70 59
70 59
70 60
70 61
70 62
69 63
69 64
69 65
69 66
69 67
69 67
69 68
69 69
69 70
69 71
69 72
69 73
69 74
69 75
69 75
69 76
69 77
70 78
70 79
70 80
70 80
70 81
71 82
71 83
72 84
72 85
72 85
73 86
74 86
75 87
75 87
76 87
77 87
78 87
78 87
79 86
80 86
81 85
82 85
82 85
83 84
84 83
85 83
86 82
87 81
87 81
88 80
89 79
89 78
90 77
91 76
91 76
92 75
92 74
93 73
93 72
94 71
94 70
94 70
94 69
95 68
95 67
96 66
96 65
96 65
96 64
96 63
97 62
97 61
97 60
97 60
97 59
96 58
96 57
96 57
95 56
95 56
94 56
93 56
93 56
92 57
91 58
90 59
90 59
89 60
89 61
88 62
88 63
87 64
87 64
86 65
86 66
85 67
85 68
84 69
84 70
84 70
84 71
84 72
83 73
83 74
83 75
83 76
83 76
83 77
83 78
82 79
82 80
82 81
82 82
82 82
82 83
83 84
83 85
84 86
84 87
84 87
85 88
85 89
86 90
86 90
87 91
87 92
88 93
88 93
89 94
90 94
91 95
92 95
92 95
93 95
94 96
95 96
95 96
96 96
97 96
98 96
99 96
