8 38
8 39
7 40
7 41
7 42
7 42
8 41
8 40
8 40
8 39
9 38
9 37
9 37
10 36
11 35
11 35
12 34
13 33
14 33
15 32
15 32
16 31
16 30
17 29
17 28
18 27
18 27
19 26
20 25
20 24
21 23
21 23
22 22
23 21
23 20
24 19
24 19
25 18
25 17
26 16
26 15
26 15
27 14
27 13
28 12
28 12
28 11
29 10
29 9
29 8
29 8
29 7
29 6
29 5
29 5
29 4
29 3
29 2
29 2
28 1
28 1
27 0
26 0
26 0
25 1
24 2
24 2
23 3
22 4
22 4
21 5
20 6
20 7
19 8
19 8
18 9
18 10
17 11
16 12
16 13
15 14
15 14
15 15
14 16
14 17
13 18
13 19
12 20
12 21
12 21
12 22
11 23
11 24
10 25
10 26
9 27
9 28
9 28
9 29
9 30
8 31
8 32
8 33
8 34
8 35
7 36
7 37
7 38
7 38
7 39
7 40
6 41
6 42
6 43
6 44
6 45
6 46
5 47
5 48
5 49
5 49
5 50
5 51
4 52
4 53
4 54
4 55
3 56
3 57
3 58
3 59
2 60
2 61
2 62
2 62
2 63
2 64
2 65
2 66
2 67
1 68
1 69
1 70
1 71
1 72
1 73
1 74
1 74
1 75
1 76
1 77
1 78
1 79
0 80
0 81
0 82
0 83
0 84
0 85
0 85
0 86
0 87
0 88
0 89
0 90
0 91
0 92
0 92
0 93
1 94
1 95
1 96
1 96
2 97
2 98
3 99
3 99
4 99
5 99
6 99
6 99
7 99
8 99
9 99
10 99
10 99
11 98
12 98
13 97
13 97
14 96
15 95
16 95
17 94
17 94
18 93
18 92
19 91
19 90
20 89
20 88
21 87
21 86
22 85
23 84
23 83
24 82
24 81
25 80
25 79
26 78
26 77
27 76
28 75
28 74
29 73
29 72
30 71
30 70
31 69
31 68
32 67
32 67
32 68
31 69
31 70
31 70
30 71
30 71
30 70
30 70
30 70
30 69
30 69
31 68
32 68
32 68
33 67
34 66
34 66
35 65
36 64
37 63
37 63
38 62
38 61
39 60
39 60
40 59
40 58
41 57
41 57
41 56
42 55
42 54
42 54
43 53
43 52
43 52
44 51
44 51
44 50
44 49
44 49
43 48
43 48
42 47
41 47
41 47
40 47
39 47
39 47
38 48
37 48
37 48
36 49
35 50
34 51
34 51
33 52
32 53
32 54
31 55
31 55
30 56
30 57
29 58
29 59
28 60
28 61
28 61
28 62
27 63
27 64
26 65
26 66
25 67
25 68
25 68
25 69
25 70
25 71
25 72
25 72
25 73
25 74
25 75
25 75
26 76
27 77
27 77
28 78
29 79
29 79
30 79
31 80
32 80
32 80
33 80
34 80
35 80
35 80
36 80
37 79
38 79
38 79
39 78
40 78
41 77
42 77
42 77
42 76
42 75
43 74
43 73
43 72
43 71
43 70
43 69
44 68
44 67
44 66
44 65
44 64
45 63
45 62
45 61
45 60
45 59
45 58
46 57
46 56
46 55
46 54
46 53
46 52
47 51
47 50
47 49
47 49
47 49
47 49
47 49
47 49
48 48
48 47
48 47
49 46
50 45
50 45
51 44
52 44
53 43
53 43
54 42
55 42
56 41
57 41
57 41
58 40
59 40
60 39
61 39
61 39
62 38
63 38
64 37
65 37
65 37
66 36
67 36
68 35
68 35
68 34
69 33
69 32
69 31
69 30
70 29
70 28
70 27
70 26
71 25
71 24
71 23
71 22
72 21
72 20
72 19
72 18
73 17
73 16
73 15
73 15
73 14
72 13
72 12
72 12
71 12
71 12
70 13
70 13
69 14
69 15
69 15
69 16
68 17
68 18
68 19
68 19
68 20
67 21
67 22
67 23
66 24
66 25
66 25
66 26
65 27
65 28
65 29
64 30
64 31
64 31
64 32
63 33
63 34
63 35
62 36
62 37
62 38
61 39
61 40
61 40
61 41
61 42
60 43
60 44
60 45
60 46
60 47
60 48
59 49
59 50
59 51
59 51
59 52
59 53
58 54
58 55
58 56
58 57
58 58
57 59
57 60
57 61
57 61
57 62
57 63
57 64
57 65
57 66
57 67
57 67
57 68
58 69
58 70
59 71
59 72
59 72
60 73
60 74
61 75
61 76
61 76
62 77
62 78
63 79
63 79
64 79
65 80
66 80
66 80
67 80
68 80
69 79
70 79
71 79
71 79
72 78
73 78
74 77
75 77
76 76
76 76
77 75
78 74
79 73
80 73
81 72
82 71
82 71
83 70
84 69
85 68
86 68
87 67
88 66
88 66
89 65
90 64
90 63
91 62
92 61
92 61
92 60
93 59
93 58
94 57
94 56
94 56
94 55
94 54
94 53
94 52
94 52
93 51
93 51
92 50
92 50
91 51
90 51
90 51
89 52
88 53
88 54
87 55
87 55
86 56
85 57
84 58
83 59
83 59
82 60
82 61
81 62
81 63
80 64
80 65
80 65
80 66
80 67
79 68
79 69
79 70
79 70
79 71
79 72
80 73
80 74
80 75
80 75
81 76
81 77
82 78
82 78
83 79
84 79
85 80
85 80
86 80
87 81
88 81
89 81
89 81
90 81
91 81
92 81
93 81
94 81
94 81
95 81
96 81
97 80
98 80
99 80
