3 85
3 86
3 87
3 87
2 88
2 88
1 89
1 90
1 90
1 91
1 92
1 92
1 93
1 94
1 95
1 95
1 96
1 97
1 97
0 98
0 99
0 99
0 99
0 99
0 99
0 98
0 98
0 97
0 96
0 95
0 94
0 94
0 93
0 92
0 91
0 90
0 89
0 88
0 88
0 87
0 86
0 85
0 84
0 83
0 82
0 81
0 80
0 80
0 79
0 78
0 77
0 76
1 75
1 74
1 73
1 72
1 71
1 71
1 70
1 69
1 68
1 67
2 66
2 65
2 64
2 63
2 62
2 62
2 61
3 60
3 59
3 58
4 57
4 56
4 55
5 54
5 53
5 53
5 52
5 51
5 50
6 49
6 48
6 47
6 46
6 45
6 44
6 43
6 42
7 41
7 40
7 39
7 38
7 38
7 37
8 36
8 35
8 34
9 33
9 32
9 31
10 30
10 29
10 28
11 27
11 26
11 26
12 25
12 24
13 23
13 22
14 21
14 20
15 19
15 18
16 17
16 16
16 16
16 15
17 14
17 13
18 12
18 11
19 10
19 9
20 8
20 7
20 7
21 6
22 5
23 4
24 3
24 3
25 2
26 1
27 1
28 0
28 0
29 0
30 1
31 1
31 1
32 2
32 3
32 3
32 4
33 5
33 6
33 7
33 7
33 8
33 9
32 10
32 11
32 12
32 13
32 13
32 14
32 15
31 16
31 17
31 18
31 19
31 19
31 20
30 21
30 22
29 23
29 24
29 24
28 25
27 26
27 27
26 28
26 28
25 29
24 30
24 31
23 32
23 32
22 33
21 34
20 35
20 35
19 36
18 36
17 37
17 37
16 37
15 37
14 37
14 37
13 37
12 36
11 36
11 36
10 35
9 34
9 34
8 33
8 32
8 32
9 31
9 31
10 30
10 29
10 29
10 30
10 31
11 32
11 33
11 34
11 35
12 36
12 37
12 38
12 39
12 40
13 41
13 42
13 43
13 44
14 45
14 46
14 47
14 48
14 49
15 50
15 51
15 52
15 53
16 54
16 55
16 56
16 57
16 58
17 59
17 60
17 61
17 62
18 63
18 64
18 65
18 66
19 67
19 68
19 69
19 70
19 71
20 72
20 73
20 74
20 75
21 76
21 77
21 78
21 79
21 80
22 81
22 82
22 83
22 84
23 85
23 86
23 87
23 88
23 89
24 90
24 91
24 92
24 93
25 94
25 95
25 96
25 96
25 96
24 95
24 94
23 93
23 93
23 94
23 94
23 94
24 93
24 93
25 92
25 91
26 90
26 90
27 89
28 88
28 87
29 86
30 85
30 85
31 84
31 83
32 82
32 81
33 80
33 79
33 79
34 78
34 77
35 76
35 75
36 74
36 73
37 72
37 72
38 71
38 70
39 69
39 68
40 67
40 66
40 66
40 65
41 64
41 63
41 62
42 61
42 60
42 60
42 59
42 58
42 57
42 57
41 56
41 55
41 55
40 54
39 53
39 53
38 54
37 54
37 54
36 55
35 56
35 57
34 58
34 58
33 59
33 60
32 61
32 62
31 63
31 63
31 64
30 65
30 66
30 67
29 68
29 69
29 69
29 70
29 71
28 72
28 73
28 74
28 74
28 75
28 76
29 77
29 78
29 79
29 79
29 80
30 81
30 82
30 82
31 82
32 83
33 83
33 83
34 83
35 83
36 83
36 83
37 83
38 82
39 82
40 82
40 82
41 82
42 81
43 81
43 81
44 81
45 80
46 80
46 80
46 79
47 78
47 77
48 76
48 75
48 74
49 73
49 72
49 71
50 70
50 69
51 68
51 67
51 66
52 65
52 64
53 63
53 62
53 61
54 60
54 59
55 58
55 57
55 56
56 55
56 54
56 53
57 52
57 51
58 50
58 49
58 49
57 49
56 50
55 50
54 50
54 50
53 50
52 50
52 50
51 51
51 51
51 51
51 51
52 50
53 50
53 50
54 50
55 50
56 50
57 50
57 50
58 50
59 50
60 49
61 49
62 49
62 49
63 49
64 49
65 48
66 48
67 48
67 48
68 47
69 47
70 46
71 46
71 46
72 46
73 46
74 45
75 45
76 45
76 45
77 44
78 44
78 44
79 43
80 43
80 43
80 42
80 42
79 41
79 40
79 40
78 39
78 38
77 37
77 36
76 35
76 34
75 33
75 32
74 31
74 30
73 29
73 28
73 28
73 27
72 26
72 25
72 24
71 23
71 22
71 22
71 22
71 23
71 23
71 24
71 25
71 26
71 26
71 27
70 28
70 29
70 30
70 30
70 31
70 32
69 33
69 34
69 35
69 36
69 36
69 37
69 38
69 39
69 40
68 41
68 42
68 43
68 44
68 45
68 45
68 46
68 47
67 48
67 49
67 50
67 51
66 52
66 53
66 54
66 54
66 55
66 56
66 57
66 58
65 59
65 60
65 61
65 62
65 63
65 63
65 64
65 65
65 66
65 67
65 68
65 69
65 70
65 71
65 71
65 72
65 73
65 74
65 75
65 76
65 77
65 78
65 78
66 79
66 80
67 81
67 82
67 82
68 83
69 83
70 84
70 84
71 84
72 85
73 85
74 85
74 85
75 85
76 84
77 84
78 84
79 83
80 83
80 83
81 83
82 82
83 82
84 81
85 81
85 81
86 80
87 80
88 79
89 79
90 78
90 78
91 77
92 76
93 75
94 74
94 74
95 73
95 72
96 71
96 70
96 70
96 69
96 68
97 67
97 66
97 65
97 65
97 64
96 63
96 62
96 62
96 61
95 60
95 59
95 59
94 58
93 57
93 57
92 56
91 56
91 56
90 57
89 58
89 58
88 59
88 60
87 61
87 62
86 63
86 63
86 64
85 65
85 66
85 67
84 68
84 69
84 69
84 70
84 71
84 72
83 73
83 74
83 75
83 76
83 77
83 77
83 78
83 79
83 80
82 81
82 82
82 83
82 84
82 84
82 85
82 86
82 87
82 88
82 89
82 90
82 90
83 91
83 92
84 93
84 94
84 94
85 95
86 96
86 96
87 96
88 96
89 96
90 96
90 96
91 95
92 95
93 94
94 94
94 94
95 94
96 93
97 93
98 92
99 92
