2 95
2 95
2 95
2 95
2 95
2 95
1 94
0 94
0 94
0 93
0 93
0 92
0 91
0 90
0 90
0 89
0 88
0 87
0 86
0 86
0 85
0 84
0 83
0 82
0 81
0 80
0 80
0 79
0 78
0 77
0 76
0 75
0 74
0 73
0 72
0 72
0 71
0 70
0 69
0 68
1 67
1 66
1 65
1 64
1 63
1 63
1 62
1 61
2 60
2 59
2 58
2 57
2 56
2 55
3 54
3 53
3 52
3 51
3 51
3 50
4 49
4 48
4 47
4 46
5 45
5 44
5 43
5 42
6 41
6 40
6 40
6 39
7 38
7 37
7 36
8 35
8 34
9 33
9 32
9 31
10 30
10 29
10 29
11 28
11 27
12 26
12 25
13 24
13 23
14 22
14 21
15 20
15 20
15 19
16 18
16 17
17 16
17 15
18 14
18 13
19 12
19 11
19 11
20 10
20 9
21 8
22 7
22 6
23 5
23 5
24 4
25 3
26 2
27 1
27 1
28 1
29 0
30 0
30 0
31 1
31 2
31 2
31 3
32 4
32 5
32 5
32 6
31 7
31 8
31 9
31 9
31 10
31 11
30 12
30 13
30 14
30 15
30 15
30 16
29 17
29 18
28 19
28 20
27 21
27 22
27 22
27 23
26 24
26 25
25 26
25 27
25 27
24 28
24 29
23 30
23 31
22 32
22 32
21 33
21 34
20 35
20 36
20 36
19 37
18 38
17 39
17 39
16 40
16 40
15 39
14 39
14 39
13 38
12 38
12 38
12 37
12 37
12 36
12 36
13 35
14 35
14 35
14 36
14 37
15 38
15 39
15 40
15 41
16 42
16 43
16 44
16 45
17 46
17 47
17 48
17 49
17 50
18 51
18 52
18 53
18 54
19 55
19 56
19 57
19 58
20 59
20 60
20 61
20 62
20 63
21 64
21 65
21 66
21 67
22 68
22 69
22 70
22 71
23 72
23 73
23 74
23 75
23 76
24 77
24 78
24 79
24 80
25 81
25 82
25 83
25 84
26 85
26 86
26 87
26 87
26 88
26 89
25 90
25 91
25 92
25 92
25 93
24 94
24 95
24 95
24 96
24 96
24 96
25 96
25 96
26 95
27 94
27 94
28 93
29 92
29 91
30 90
30 90
31 89
31 88
32 87
32 86
33 85
33 84
33 84
34 83
34 82
35 81
35 80
36 79
36 78
36 78
37 77
37 76
38 75
39 74
39 73
40 72
40 72
40 71
41 70
41 69
41 68
42 67
42 66
42 66
42 65
43 64
43 63
43 63
43 62
43 61
43 61
42 60
42 59
42 59
41 59
40 59
40 59
39 60
38 60
38 60
37 61
36 62
35 63
35 63
34 64
34 65
33 66
33 66
33 67
32 68
32 69
31 70
31 71
31 71
31 72
31 73
31 74
31 75
31 76
31 76
31 77
31 78
31 79
31 80
31 81
31 81
31 82
32 83
32 84
32 85
32 85
33 86
34 87
34 87
35 87
36 88
37 88
37 88
38 88
39 88
40 88
40 88
41 88
42 88
43 88
43 88
43 87
44 86
44 85
45 84
45 83
46 82
46 81
47 80
47 79
48 78
48 77
49 76
49 75
49 74
50 73
50 72
51 71
51 70
52 69
52 68
53 67
53 66
54 65
54 64
55 63
55 62
56 61
56 60
56 59
57 58
57 57
58 56
58 55
59 54
59 53
60 52
60 51
61 50
61 49
62 48
62 47
62 47
61 47
60 46
59 46
59 46
58 46
57 46
57 46
56 46
55 46
55 46
54 46
54 46
54 46
55 46
55 46
56 46
57 46
58 46
58 46
59 46
60 45
61 45
62 45
62 45
63 45
64 45
65 44
66 44
67 44
67 44
68 44
69 44
70 43
71 43
72 43
72 43
73 43
74 42
75 42
75 42
76 42
77 41
78 41
79 41
79 41
80 40
81 40
81 40
82 39
82 39
81 38
81 37
80 36
79 35
79 34
78 33
78 32
77 31
76 30
76 29
75 28
75 28
75 27
75 26
74 25
74 24
74 23
74 23
74 22
74 22
74 22
74 23
74 23
74 24
74 25
74 25
74 26
73 27
73 28
73 28
73 29
73 30
72 31
72 32
72 33
72 33
72 34
72 35
72 36
71 37
71 38
71 39
71 40
71 40
71 41
70 42
70 43
70 44
70 45
69 46
69 47
69 48
69 48
69 49
69 50
68 51
68 52
68 53
68 54
68 55
67 56
67 57
67 58
67 58
67 59
67 60
66 61
66 62
66 63
66 64
65 65
65 66
65 67
65 67
65 68
65 69
65 70
65 71
65 72
65 73
65 74
65 74
65 75
65 76
65 77
65 78
65 79
65 80
65 81
65 81
65 82
65 83
65 84
66 85
66 86
66 87
66 88
66 88
67 89
67 90
68 91
68 92
68 92
69 93
69 94
70 95
70 95
71 96
72 96
73 97
73 97
74 97
75 98
76 98
77 98
77 98
78 98
79 98
80 98
80 98
81 97
82 97
83 96
84 96
84 96
85 95
86 94
87 93
87 93
88 92
89 91
90 90
90 90
90 89
91 88
91 87
92 86
92 85
92 85
93 84
93 83
94 82
94 81
94 81
94 80
94 79
94 78
94 77
94 76
94 76
94 75
94 74
94 73
94 73
93 72
93 71
93 71
92 71
92 71
91 71
90 71
90 71
89 72
88 73
88 73
88 74
87 75
87 76
87 76
87 77
86 78
86 79
86 80
85 81
85 82
85 82
85 83
85 84
84 85
84 86
84 87
84 87
84 88
84 89
85 90
85 91
85 92
85 93
85 93
86 94
86 95
87 96
87 97
87 97
88 98
89 98
90 99
90 99
91 99
92 99
93 99
94 99
94 99
95 99
96 98
97 98
98 97
99 97
