2 93
2 94
2 95
2 96
2 97
2 97
2 97
2 97
1 98
1 98
1 98
1 98
1 98
0 97
0 96
0 96
0 95
0 94
0 94
0 93
0 92
0 91
0 90
0 90
0 89
0 88
0 87
0 86
0 85
0 84
0 84
0 83
0 82
0 81
0 80
0 79
0 78
0 78
0 77
0 76
0 75
0 74
0 73
0 72
0 71
0 70
0 70
0 69
0 68
1 67
1 66
1 65
1 64
1 63
2 62
2 61
2 60
2 60
2 59
2 58
2 57
2 56
3 55
3 54
3 53
3 52
3 51
3 50
3 50
3 49
4 48
4 47
4 46
5 45
5 44
5 43
5 42
6 41
6 40
6 40
6 39
6 38
7 37
7 36
7 35
7 34
8 33
8 32
8 31
8 31
8 30
9 29
9 28
10 27
10 26
11 25
11 24
12 23
12 22
12 22
12 21
13 20
13 19
14 18
14 17
14 16
15 15
15 14
15 14
15 13
16 12
16 11
17 10
17 9
18 8
18 7
18 7
19 6
20 5
20 4
21 3
21 3
22 2
23 1
23 1
24 0
25 0
25 0
26 1
27 1
27 1
27 2
27 3
27 3
27 4
27 5
27 6
27 6
27 7
27 8
26 9
26 10
26 11
26 11
26 12
25 13
25 14
24 15
24 16
24 16
24 17
23 18
23 19
22 20
22 21
22 21
22 22
21 23
21 24
20 25
20 26
20 26
19 27
19 28
18 29
18 29
17 30
16 31
15 32
15 32
14 33
13 34
13 34
12 34
11 34
11 34
10 34
10 34
10 34
10 33
10 33
10 34
10 35
11 36
11 37
11 38
11 39
11 40
12 41
12 42
12 43
12 44
12 45
13 46
13 47
13 48
13 49
13 50
14 51
14 52
14 53
14 54
14 55
15 56
15 57
15 58
15 59
15 60
16 61
16 62
16 63
16 64
17 65
17 66
17 67
17 68
17 69
18 70
18 71
18 72
18 73
18 74
19 75
19 76
19 77
19 78
19 79
20 80
20 81
20 82
20 83
20 84
21 85
21 86
21 87
21 88
21 89
22 90
22 91
22 92
22 93
22 94
23 95
23 96
23 97
23 97
24 98
24 99
24 99
23 98
22 98
22 98
22 97
22 97
23 97
23 97
23 96
23 96
24 95
25 95
25 95
26 94
27 93
27 93
28 92
28 91
29 90
29 89
29 89
30 88
30 87
31 86
31 86
31 85
32 84
32 83
33 82
33 81
33 81
34 80
34 79
35 78
35 78
35 77
36 76
36 75
36 75
36 74
36 73
36 72
36 72
35 71
35 70
35 70
34 69
34 69
33 68
32 68
32 68
31 69
30 69
30 69
30 70
29 71
29 72
29 72
29 73
28 74
28 75
28 75
28 76
27 77
27 78
27 79
27 79
27 80
27 81
27 82
27 82
27 83
28 84
28 85
28 85
29 86
30 87
30 87
31 88
32 88
32 88
33 88
34 88
35 88
35 88
36 88
37 88
37 88
38 87
38 86
39 85
39 84
40 83
40 82
41 81
41 80
42 79
42 78
43 77
43 76
44 75
44 74
45 73
46 72
46 71
47 70
47 69
48 68
48 67
49 66
49 65
50 64
50 63
51 62
51 61
52 60
52 59
53 58
53 58
52 58
52 58
51 58
51 58
51 58
51 58
52 57
52 57
53 57
54 57
54 57
55 57
56 57
57 57
57 57
58 57
59 56
60 56
60 56
61 56
62 56
63 56
63 56
64 56
65 55
66 55
66 55
67 54
68 54
68 54
69 53
70 53
70 53
70 52
69 51
69 50
68 49
68 48
68 47
67 46
67 45
66 44
66 43
66 42
65 41
65 40
65 39
64 38
64 37
63 36
63 35
63 35
63 35
63 34
64 33
64 32
64 32
64 32
64 32
64 33
64 33
64 34
64 35
64 36
64 36
64 37
63 38
63 39
63 39
63 40
63 41
62 42
62 43
62 44
62 44
62 45
62 46
61 47
61 48
61 49
61 49
61 50
61 51
61 52
60 53
60 54
60 55
60 56
60 56
60 57
59 58
59 59
58 60
58 61
58 61
58 62
58 63
57 64
57 65
57 66
57 66
57 67
57 68
57 69
57 70
57 71
57 71
57 72
58 73
58 74
58 75
58 75
58 76
58 77
58 78
58 79
58 79
59 80
59 81
60 82
60 82
61 83
61 84
62 85
62 85
63 86
64 87
64 87
65 87
66 88
67 88
67 88
68 88
69 88
70 88
70 88
71 88
72 87
73 87
73 87
74 87
75 86
76 86
76 86
77 85
78 84
79 83
79 83
80 82
81 82
82 81
82 81
83 80
83 79
84 78
84 77
84 77
84 76
85 75
85 74
85 73
85 73
85 72
86 71
86 70
86 69
86 69
86 68
86 67
86 66
86 66
86 65
86 64
86 64
85 63
84 62
84 62
83 61
83 61
82 61
81 61
81 61
80 62
80 62
79 63
78 64
78 64
78 65
78 66
78 67
78 68
78 68
78 69
78 70
77 71
77 72
77 73
77 73
77 74
77 75
77 76
77 77
77 78
77 78
78 79
78 80
79 81
79 82
79 82
80 83
80 84
81 85
81 85
82 85
83 86
84 86
84 86
85 86
86 85
87 85
88 85
88 85
89 84
90 84
91 83
92 83
92 83
93 82
94 82
95 81
96 80
97 79
98 79
99 78
