1 96
0 97
0 98
0 98
0 98
0 97
0 97
0 96
0 96
0 95
0 94
0 94
0 93
0 92
0 91
0 90
0 89
0 88
0 88
0 87
0 86
1 85
1 84
1 83
1 82
1 82
1 81
1 80
1 79
1 78
2 77
2 76
2 75
2 74
2 73
2 72
2 72
2 71
2 70
3 69
3 68
3 67
3 66
3 65
3 64
4 63
4 62
4 61
4 60
4 60
4 59
4 58
5 57
5 56
5 55
5 54
6 53
6 52
6 51
6 50
6 49
7 48
7 47
7 46
7 46
7 45
7 44
8 43
8 42
8 41
8 40
9 39
9 38
9 37
9 36
10 35
10 34
10 33
10 33
10 32
11 31
11 30
11 29
12 28
12 27
13 26
13 25
13 24
14 23
14 22
14 22
14 21
15 20
15 19
15 18
16 17
16 16
16 15
17 14
17 13
17 13
18 12
18 11
19 10
19 9
20 8
20 7
20 7
21 6
21 5
22 4
22 3
22 3
23 2
24 1
25 0
25 0
26 1
27 1
27 1
27 2
28 3
28 4
28 5
28 5
28 6
28 7
29 8
29 9
29 10
29 11
29 11
29 12
29 13
29 14
29 15
29 16
29 17
29 18
29 19
29 19
29 20
29 21
29 22
29 23
28 24
28 25
28 26
28 27
28 28
28 28
28 29
27 30
27 31
27 32
26 33
26 34
26 35
26 36
25 37
25 38
25 38
24 39
24 40
23 41
23 42
22 43
22 44
22 44
21 45
21 46
20 47
19 48
19 49
18 50
18 50
17 51
16 52
15 53
14 54
14 54
13 55
12 56
11 57
10 58
10 58
9 58
8 58
7 58
7 58
6 58
5 57
4 57
4 57
3 56
3 56
2 55
2 55
3 54
4 54
4 54
5 55
5 56
6 57
6 58
7 59
7 60
8 61
9 62
9 63
10 64
10 65
11 66
11 67
12 68
13 69
13 70
14 71
14 72
15 73
15 74
16 75
16 76
17 77
18 78
18 79
19 80
19 81
20 82
20 83
21 84
22 85
22 86
23 87
23 88
24 89
24 90
25 91
25 91
25 91
25 92
25 92
24 93
24 93
24 94
24 94
24 95
24 96
24 96
25 96
25 96
26 95
27 95
27 95
28 94
29 94
29 94
30 93
31 92
31 92
32 91
33 90
33 89
34 88
34 88
35 87
35 86
36 85
36 84
37 83
37 83
37 82
38 81
38 80
39 79
39 78
39 78
39 77
40 76
40 75
40 75
40 74
40 74
40 73
40 73
39 73
39 73
38 73
37 73
37 73
36 74
36 75
35 76
35 76
34 77
34 78
33 79
33 79
33 80
33 81
32 82
32 83
32 84
32 84
32 85
31 86
31 87
31 88
31 88
31 89
31 90
31 91
31 92
31 92
31 93
32 94
32 95
32 96
32 96
33 97
33 98
33 98
34 99
35 99
35 99
36 99
37 99
38 99
38 99
39 99
40 99
41 99
41 99
42 98
43 97
44 96
44 96
44 95
44 94
44 93
45 92
45 91
45 90
45 89
45 88
45 87
45 86
46 85
46 84
46 83
46 82
46 81
46 80
47 79
47 78
47 77
47 76
47 75
47 74
47 73
48 72
48 71
48 70
48 69
48 69
47 70
46 70
46 70
45 70
45 70
45 70
46 70
46 70
47 69
48 69
48 69
49 68
50 68
51 67
52 67
52 67
53 66
54 65
55 64
55 64
56 63
57 62
58 61
59 60
59 60
60 59
61 58
62 57
63 56
63 56
64 55
65 54
65 53
66 52
66 52
66 51
66 50
67 49
67 48
67 47
67 46
67 45
67 44
68 43
68 42
68 41
68 40
68 40
68 39
67 38
67 37
67 36
67 36
66 35
65 35
65 35
64 35
64 35
63 35
63 35
62 36
62 37
62 37
62 38
61 39
61 40
61 40
61 41
60 42
60 43
60 44
60 44
60 45
59 46
59 47
58 48
58 49
58 49
58 50
58 51
57 52
57 53
57 54
57 55
57 55
57 56
57 57
57 58
56 59
56 60
56 61
56 62
56 62
56 63
56 64
55 65
55 66
55 67
55 68
55 68
55 69
55 70
55 71
55 72
55 73
55 74
55 74
55 75
55 76
56 77
56 78
56 79
56 79
56 80
56 81
57 82
57 83
57 84
57 84
58 85
58 86
59 87
59 88
59 88
60 89
61 90
61 90
62 91
63 91
64 92
65 92
65 92
66 92
67 92
68 92
69 92
69 92
70 92
71 92
72 92
72 92
73 91
74 91
75 90
75 90
76 89
77 89
78 88
79 88
79 88
80 87
81 86
81 86
82 85
83 84
84 83
84 83
84 82
85 81
85 80
85 79
85 79
85 78
86 77
86 76
86 75
86 75
86 74
86 73
86 73
86 72
86 71
86 70
86 70
85 69
85 69
84 68
83 68
83 68
82 68
81 68
81 68
80 69
79 69
79 69
78 70
77 70
76 71
76 71
75 72
75 73
74 74
74 75
73 76
73 76
72 77
72 78
71 79
71 80
71 80
71 81
71 82
70 83
70 84
70 85
70 85
70 86
69 87
69 88
69 89
69 89
69 90
70 91
70 92
70 93
70 93
71 94
72 95
72 95
73 96
74 96
75 97
75 97
76 97
77 97
78 96
79 96
80 96
80 96
81 96
82 96
83 95
84 95
85 95
86 95
86 95
87 94
88 94
89 93
90 92
91 92
92 91
92 91
93 90
94 90
95 89
96 89
97 88
98 88
99 87
