10 99
9 98
9 98
9 97
9 96
9 96
9 95
9 94
9 93
9 92
9 92
9 91
9 90
9 89
9 88
9 87
9 86
9 86
9 85
9 84
10 83
10 82
10 81
10 80
10 80
10 79
10 78
10 77
10 76
11 75
11 74
11 73
11 72
11 71
11 70
11 70
11 69
11 68
11 67
11 66
11 65
12 64
12 63
12 62
12 61
12 60
12 59
12 58
12 58
12 57
12 56
13 55
13 54
13 53
13 52
13 51
13 50
14 49
14 48
14 47
14 46
14 46
14 45
14 44
14 43
15 42
15 41
15 40
15 39
15 38
15 37
16 36
16 35
16 34
16 33
16 33
16 32
17 31
17 30
17 29
17 28
18 27
18 26
18 25
18 24
19 23
19 22
19 22
19 21
20 20
20 19
20 18
21 17
21 16
21 15
22 14
22 13
22 13
22 12
23 11
23 10
24 9
24 8
25 7
25 6
25 6
26 5
27 4
28 3
28 3
29 2
30 1
31 1
32 0
32 0
33 1
34 2
34 2
35 3
36 4
36 5
37 6
37 6
37 7
38 8
38 9
39 10
39 11
39 11
39 12
39 13
39 14
40 15
40 16
40 17
40 18
40 19
40 19
40 20
40 21
40 22
41 23
41 24
41 25
41 26
41 26
41 27
40 28
40 29
40 30
40 31
39 32
39 33
39 34
39 34
38 35
38 36
37 37
37 38
36 39
36 40
35 41
35 42
35 42
34 43
34 44
33 45
32 46
31 47
31 48
30 49
30 49
29 50
28 51
27 52
26 52
25 53
24 54
23 55
23 55
22 56
21 56
20 57
19 58
18 58
17 59
17 59
16 59
15 60
14 60
13 61
12 61
11 62
10 62
10 62
9 62
8 62
7 63
6 63
5 63
5 63
4 63
3 62
2 62
1 62
1 62
0 62
0 62
1 63
2 64
2 65
3 66
4 67
5 68
5 69
6 70
7 71
8 72
9 73
9 74
10 75
11 76
12 77
12 78
13 79
14 80
15 81
15 82
16 83
17 84
18 85
19 86
19 87
20 88
21 89
22 90
22 91
23 92
24 93
24 93
25 93
26 93
26 93
26 93
27 93
28 93
28 93
29 94
29 94
30 94
31 94
31 94
32 93
33 93
34 92
34 92
35 91
36 90
37 89
37 89
38 88
39 87
39 86
40 85
40 85
41 84
42 83
42 82
43 81
44 80
44 80
44 79
45 78
45 77
46 76
46 75
47 74
47 73
47 73
48 72
48 71
49 70
49 69
50 68
50 67
50 67
50 66
51 65
51 64
52 63
52 62
52 62
52 61
53 60
53 59
53 58
53 58
53 57
54 56
54 55
54 55
53 54
53 54
52 54
52 54
51 55
51 56
51 56
50 57
49 58
49 59
48 60
48 60
48 61
47 62
47 63
46 64
46 65
46 65
45 66
45 67
44 68
44 69
43 70
43 71
43 71
43 72
43 73
42 74
42 75
42 76
42 77
42 77
42 78
42 79
42 80
42 81
42 81
42 82
42 83
42 84
42 85
42 85
43 86
43 87
43 87
44 88
44 88
44 87
45 86
45 85
45 84
46 83
46 82
46 81
47 80
47 79
47 78
48 77
48 76
48 75
48 74
49 73
49 72
49 71
50 70
50 69
50 68
51 67
51 66
51 65
52 64
52 63
52 62
53 61
53 60
53 59
54 58
54 57
54 56
55 55
55 54
55 53
55 52
56 51
56 50
56 49
57 48
57 47
57 46
58 45
58 44
58 44
57 45
57 45
56 45
56 45
57 46
57 46
58 46
58 46
59 47
60 47
60 47
61 47
62 47
63 47
63 47
64 47
65 46
66 46
67 46
67 46
68 46
69 46
70 45
71 45
72 45
72 45
73 44
74 44
75 43
76 43
76 43
77 43
78 43
79 42
80 42
81 42
81 42
81 41
81 40
81 39
81 38
81 37
81 36
81 35
81 34
81 33
80 32
80 31
80 30
80 29
80 28
80 27
80 26
80 25
80 24
80 23
80 23
79 24
79 24
78 25
78 25
77 25
77 25
76 26
76 27
75 28
75 28
75 29
74 30
74 31
74 32
74 32
74 33
73 34
73 35
73 36
73 36
73 37
73 38
72 39
72 40
72 41
72 42
72 42
72 43
72 44
72 45
71 46
71 47
71 48
71 49
71 49
71 50
71 51
71 52
71 53
70 54
70 55
70 56
70 57
70 58
70 58
70 59
70 60
70 61
70 62
69 63
69 64
69 65
69 66
69 67
69 67
69 68
69 69
69 70
69 71
69 72
69 73
69 73
69 74
69 75
70 76
70 77
70 78
70 78
70 79
70 80
70 81
70 81
71 82
71 83
72 84
72 84
73 85
74 85
74 85
75 86
76 86
76 86
77 86
78 86
79 86
79 86
80 86
81 85
82 85
82 85
83 84
84 84
85 83
85 83
86 82
87 81
88 80
88 80
89 79
89 78
90 77
90 77
91 76
91 75
92 74
92 73
92 73
92 72
93 71
93 70
93 70
93 69
94 68
94 67
94 67
94 66
94 65
94 64
94 64
94 63
94 62
94 61
94 61
94 60
93 59
93 58
93 57
93 57
92 56
92 55
92 55
91 54
90 54
90 54
89 53
88 53
88 53
87 54
86 54
86 54
85 55
84 56
84 56
84 57
83 58
83 59
83 59
83 60
82 61
82 62
81 63
81 64
81 64
81 65
81 66
80 67
80 68
80 69
80 69
80 70
80 71
80 72
80 73
80 74
80 75
80 75
80 76
81 77
81 78
81 79
81 79
82 80
82 81
83 82
83 82
84 83
85 84
86 85
86 85
87 85
88 85
89 85
90 85
90 85
91 85
92 84
93 84
94 84
94 84
95 84
96 83
97 83
98 82
99 82
