5 90
5 91
4 92
4 93
4 93
3 93
3 93
2 94
2 94
2 94
1 93
1 93
1 92
1 91
1 91
1 90
0 89
0 88
0 88
0 87
0 86
0 85
0 84
0 83
0 83
0 82
0 81
0 80
0 79
0 78
0 77
0 77
0 76
0 75
0 74
0 73
0 72
0 71
0 70
0 69
0 69
0 68
0 67
1 66
1 65
1 64
1 63
2 62
2 61
2 60
2 60
2 59
2 58
3 57
3 56
3 55
3 54
3 53
3 52
4 51
4 50
4 49
4 49
4 48
5 47
5 46
5 45
6 44
6 43
6 42
6 41
7 40
7 39
7 39
7 38
8 37
8 36
8 35
9 34
9 33
10 32
10 31
10 30
11 29
11 28
11 28
11 27
12 26
12 25
13 24
13 23
14 22
14 21
15 20
15 19
15 19
16 18
16 17
17 16
18 15
19 14
19 13
20 12
20 12
21 11
21 10
22 9
23 8
24 7
24 6
25 5
25 5
26 4
27 3
28 2
28 2
29 1
30 1
31 0
31 0
32 0
33 0
33 0
34 1
34 2
34 2
34 3
35 4
35 5
35 6
35 6
35 7
34 8
34 9
34 10
33 11
33 12
33 12
33 13
32 14
32 15
32 16
31 17
31 18
31 18
31 19
30 20
30 21
30 22
29 23
29 24
29 24
28 25
28 26
27 27
27 28
26 29
26 30
26 30
25 31
24 32
24 33
23 34
23 34
22 35
21 36
20 37
20 37
19 38
18 39
18 39
17 39
16 39
16 39
15 38
14 38
14 38
13 37
13 37
13 36
13 36
14 35
15 34
15 34
15 35
16 36
16 37
16 38
17 39
17 40
17 41
17 42
18 43
18 44
18 45
19 46
19 47
19 48
20 49
20 50
20 51
20 52
21 53
21 54
21 55
22 56
22 57
22 58
23 59
23 60
23 61
23 62
24 63
24 64
24 65
25 66
25 67
25 68
26 69
26 70
26 71
26 72
27 73
27 74
27 75
28 76
28 77
28 78
29 79
29 80
29 81
29 82
30 83
30 84
30 85
31 86
31 87
31 87
31 88
31 89
31 90
31 91
31 91
30 91
29 91
29 91
29 91
29 91
30 90
31 90
31 90
31 89
32 88
32 87
32 87
33 86
33 85
34 84
34 83
35 82
35 81
35 81
36 80
36 79
37 78
37 77
38 76
38 75
38 75
38 74
39 73
39 72
40 71
40 70
41 69
41 68
41 68
41 67
42 66
42 65
43 64
43 63
43 63
43 62
44 61
44 60
44 60
44 59
45 58
45 57
45 57
44 56
44 56
43 55
42 55
42 55
41 56
40 57
40 57
39 58
38 59
37 60
37 60
37 61
36 62
36 63
35 64
35 65
35 65
35 66
34 67
34 68
33 69
33 70
33 70
33 71
33 72
33 73
33 74
33 75
33 75
33 76
33 77
33 78
33 79
33 80
33 80
34 81
34 82
35 83
35 83
36 83
37 84
38 84
38 84
39 84
40 85
41 85
41 85
42 85
43 85
44 85
45 85
45 85
46 84
46 83
47 82
47 81
48 80
48 79
49 78
49 77
50 76
50 75
51 74
51 73
52 72
52 71
53 70
53 69
54 68
54 67
55 66
55 65
56 64
56 63
57 62
57 61
58 60
58 59
59 58
59 57
60 56
60 55
61 54
61 53
62 52
62 51
63 50
63 49
64 48
64 47
65 46
65 46
64 46
63 46
62 46
61 46
61 46
60 46
59 45
58 45
58 45
57 45
56 45
56 45
56 45
56 45
57 45
58 45
58 45
59 45
60 44
61 44
61 44
62 44
63 43
64 43
65 42
66 42
66 42
67 42
68 42
69 42
70 42
71 42
71 42
72 42
73 41
74 41
75 41
75 41
76 41
77 40
78 40
79 40
79 40
80 39
81 39
81 39
82 38
83 38
83 38
83 37
82 36
82 35
81 34
81 33
80 32
80 31
79 30
79 29
79 29
79 28
78 27
78 26
78 25
77 24
77 23
77 23
76 22
76 21
76 21
76 21
76 21
76 22
76 23
76 23
76 24
75 25
75 26
75 26
75 27
75 28
75 29
75 30
75 31
75 31
75 32
74 33
74 34
74 35
74 36
73 37
73 38
73 38
73 39
72 40
72 41
72 42
72 43
71 44
71 45
71 46
71 46
71 47
71 48
70 49
70 50
70 51
70 52
70 53
70 54
69 55
69 56
69 57
69 57
69 58
69 59
68 60
68 61
68 62
68 63
67 64
67 65
67 66
67 66
67 67
67 68
67 69
67 70
67 71
67 72
67 73
67 73
67 74
67 75
67 76
68 77
68 78
68 79
68 80
68 81
68 81
68 82
68 83
69 84
69 85
69 86
69 87
69 87
69 88
70 89
70 90
71 91
71 92
71 92
72 93
73 94
74 95
74 95
75 96
76 96
77 97
78 97
78 97
79 97
80 96
81 96
82 96
82 96
83 95
84 95
85 94
85 94
86 93
87 92
88 92
89 91
89 91
90 90
91 89
91 88
92 87
92 87
93 86
93 85
94 84
94 83
94 83
94 82
95 81
95 80
96 79
96 78
96 78
96 77
96 76
96 75
96 74
96 74
96 73
96 72
96 71
96 70
96 70
95 69
95 68
95 68
94 67
93 67
93 67
92 67
92 67
91 68
91 69
90 70
90 70
89 71
89 72
88 73
88 73
88 74
87 75
87 76
87 77
86 78
86 79
86 79
86 80
86 81
85 82
85 83
85 84
85 85
85 85
85 86
85 87
86 88
86 89
86 90
86 91
86 91
87 92
87 93
88 94
88 95
88 95
89 96
90 97
90 98
91 99
91 99
92 99
93 99
94 99
95 99
95 99
96 99
97 98
98 98
99 98
