35 19
34 18
33 18
32 17
31 16
30 16
29 15
28 14
27 14
26 13
25 12
24 12
23 11
22 10
21 10
20 9
19 8
18 8
17 7
17 7
17 6
17 5
17 4
17 4
17 3
17 3
16 3
16 3
17 4
17 4
17 5
17 6
17 7
17 8
17 8
17 9
18 10
18 11
18 12
19 13
19 14
19 14
19 15
19 16
20 17
20 18
20 19
20 20
20 20
20 21
21 22
21 23
21 24
21 25
22 26
22 27
22 28
22 28
22 29
22 30
23 31
23 32
23 33
23 34
23 34
23 35
24 36
24 37
25 38
25 39
25 39
25 40
26 41
26 42
26 43
26 43
27 44
27 45
27 45
28 46
28 46
28 46
27 45
26 44
25 44
24 43
23 42
22 41
21 40
20 39
19 39
18 38
17 37
16 36
15 35
14 35
13 34
12 33
11 32
10 31
9 30
8 30
7 29
6 28
6 28
5 27
4 27
3 26
2 26
2 26
1 26
1 26
0 26
0 26
0 27
0 28
0 28
0 29
0 30
0 30
1 31
2 32
2 32
3 33
4 34
4 34
5 34
6 35
7 35
8 35
8 35
9 35
10 36
11 36
12 36
12 36
13 36
14 36
15 36
16 36
16 36
17 35
18 35
19 34
20 33
21 33
22 32
23 31
24 31
25 30
26 29
27 28
28 28
29 27
30 26
31 26
32 25
33 24
34 24
35 23
35 23
36 22
37 21
38 21
39 20
39 20
39 20
38 21
37 21
37 21
36 22
36 23
36 23
35 24
35 25
34 26
34 26
33 27
32 28
32 29
31 30
31 30
30 31
29 32
28 33
27 34
27 34
26 35
25 36
25 37
24 38
24 38
23 39
22 40
22 41
21 42
20 43
20 43
19 44
18 45
17 46
16 47
16 47
15 48
14 49
14 50
13 51
13 51
12 52
11 53
11 53
11 54
11 54
12 53
13 53
13 53
14 53
15 52
16 52
16 52
17 51
18 51
19 50
20 50
20 50
21 49
22 49
23 48
24 48
24 48
25 47
26 46
27 46
28 45
28 45
29 44
30 44
31 43
31 43
32 42
33 42
33 42
33 41
33 41
33 42
33 42
33 43
33 43
32 44
31 44
31 44
30 45
30 46
29 47
29 48
29 48
28 49
28 50
27 51
27 51
26 52
25 53
24 54
24 54
23 55
23 56
22 57
22 57
21 58
21 59
21 59
20 59
20 59
21 59
21 59
22 59
22 59
22 58
23 57
23 56
23 56
24 55
25 54
25 54
26 53
27 52
28 51
28 51
29 50
29 49
30 48
30 48
31 47
31 46
32 45
32 45
33 44
34 43
35 42
35 42
36 41
37 41
37 41
38 41
39 41
40 41
40 41
41 42
42 43
42 43
43 44
44 44
45 45
45 45
46 46
46 47
47 48
47 48
48 49
49 50
50 51
50 51
51 52
52 53
52 53
53 53
54 53
55 53
55 53
56 52
57 52
57 52
58 51
59 50
60 49
60 49
61 48
61 47
62 46
62 45
62 45
63 44
63 43
64 42
64 41
64 41
64 40
65 39
65 38
65 37
65 37
64 36
63 35
63 34
62 33
61 32
60 31
59 30
58 29
58 28
57 27
56 26
55 25
54 24
53 23
53 22
52 21
51 20
50 19
49 18
48 17
48 16
47 15
46 14
45 13
44 12
43 11
43 10
42 9
41 8
41 8
41 8
40 9
40 10
40 10
41 11
41 11
41 12
42 13
42 14
42 14
43 15
43 16
44 17
44 18
44 18
45 19
45 20
46 21
46 21
47 22
48 23
48 24
49 25
49 25
50 26
51 26
52 27
52 27
53 28
54 28
55 29
55 29
56 29
57 30
58 30
58 30
57 29
57 28
56 27
56 26
55 25
55 24
54 23
54 22
53 21
53 20
52 19
51 18
51 17
50 16
50 15
49 14
49 13
48 12
48 11
47 10
47 9
46 8
46 7
45 6
45 6
46 5
46 4
46 4
47 3
47 3
48 3
49 3
50 3
51 3
51 3
52 3
53 3
54 2
55 2
56 2
56 2
57 2
58 2
59 1
60 1
61 1
62 1
62 1
63 1
64 1
65 0
66 0
67 0
67 0
68 0
69 0
70 1
71 1
72 1
73 1
73 1
74 1
75 2
76 2
77 2
77 2
78 2
79 3
80 3
80 3
81 3
82 4
83 4
84 4
84 4
85 5
86 6
86 6
86 7
86 8
86 8
85 9
85 10
84 11
84 11
83 12
82 13
81 13
80 14
79 15
78 16
77 16
76 17
76 17
75 17
74 18
73 18
72 18
71 19
70 19
69 20
68 20
67 20
66 21
65 21
65 21
64 21
63 22
62 22
62 22
61 21
61 21
60 21
60 21
61 20
61 20
62 19
63 19
64 18
64 18
65 18
66 17
67 17
67 17
68 17
69 16
70 16
71 16
71 16
72 16
73 15
74 15
75 15
75 15
76 15
77 14
78 14
78 14
79 13
80 13
81 12
81 12
82 12
83 12
83 12
84 11
84 11
84 11
83 11
82 12
81 12
80 13
79 13
78 14
77 14
76 15
75 15
74 16
73 16
72 17
71 17
71 17
70 18
69 19
68 20
67 21
66 22
66 22
65 23
64 24
64 24
64 25
65 26
65 27
65 27
65 28
66 29
66 30
66 30
67 31
68 32
69 33
69 33
70 34
70 35
71 36
71 36
72 37
73 38
73 38
74 39
75 39
75 39
76 39
76 39
77 39
77 39
78 38
78 38
79 37
79 36
79 36
80 35
80 34
80 34
81 33
82 32
82 32
83 32
84 31
85 31
85 31
86 30
87 29
87 29
88 28
89 28
89 28
90 28
91 28
91 28
92 27
93 27
93 27
94 27
94 27
95 27
95 27
95 27
94 28
93 28
93 28
92 29
91 30
91 30
90 31
89 32
88 32
87 33
87 33
86 34
85 34
84 35
83 35
83 35
82 36
81 36
80 37
80 37
79 38
79 39
79 39
79 39
80 39
80 39
81 39
82 38
83 38
83 38
84 38
85 38
86 38
86 38
87 38
88 37
89 37
90 37
90 37
91 37
92 36
93 36
93 36
94 36
95 36
95 36
96 37
96 37
95 38
95 39
95 39
94 40
93 41
93 41
92 42
91 43
90 44
89 45
89 45
88 46
87 47
86 48
85 49
84 50
84 50
83 51
82 51
81 52
80 52
79 53
79 53
78 54
77 55
76 56
76 56
75 57
74 57
74 57
73 57
73 57
74 56
75 56
75 56
76 55
76 54
77 53
77 53
78 52
79 51
79 50
80 49
80 49
81 48
82 47
83 47
84 46
85 45
85 45
86 44
87 43
87 42
88 41
89 40
89 40
90 39
91 38
91 37
92 36
93 35
93 35
94 34
94 33
95 32
95 31
96 30
96 30
96 29
97 28
97 27
97 26
98 25
98 24
98 24
98 23
98 22
99 21
99 20
99 19
99 19
99 18
98 17
98 16
98 15
97 14
97 13
97 13
96 12
95 11
95 10
94 9
93 8
93 8
92 7
91 6
90 5
90 5
89 5
88 6
87 6
86 6
86 6
85 7
84 7
83 8
83 8
83 9
82 10
82 11
81 12
81 13
81 13
81 14
81 15
81 16
81 17
81 18
81 19
81 20
81 21
81 21
81 22
81 23
81 24
81 25
81 26
81 27
81 28
81 29
81 30
81 31
81 31
81 32
81 33
81 34
81 35
81 36
82 37
82 38
82 39
82 40
82 41
82 42
82 42
82 43
82 44
83 45
83 46
83 47
83 48
83 49
83 50
84 51
84 52
84 53
84 54
84 54
84 55
84 56
84 57
84 58
84 59
84 60
85 61
85 62
85 63
85 64
85 65
85 66
85 67
85 67
85 68
85 69
86 70
86 71
86 72
86 73
86 74
87 75
87 76
87 77
87 77
87 78
87 79
87 80
88 81
88 82
88 83
88 84
88 85
88 85
88 86
88 87
88 88
88 89
88 90
88 91
88 92
88 92
88 93
88 94
89 95
89 96
89 97
89 97
90 98
90 99
90 99
91 99
92 99
92 99
93 99
94 99
95 99
95 99
96 98
97 97
