15 5
16 4
17 3
17 3
17 2
17 1
17 1
17 0
17 0
17 1
17 1
17 1
16 2
16 3
16 3
16 4
16 5
16 6
16 7
16 7
16 8
15 9
15 10
14 11
14 12
14 12
14 13
14 14
14 15
14 16
14 17
14 18
14 18
14 19
14 20
15 21
15 22
15 23
15 24
15 24
15 25
16 26
16 27
16 28
16 28
17 29
17 30
18 31
18 31
19 32
20 33
20 33
21 34
21 34
22 34
22 34
21 33
20 32
19 32
18 31
17 30
16 29
15 28
14 27
13 27
12 26
11 25
10 24
9 23
8 23
7 22
6 21
6 21
6 20
5 19
5 18
5 17
5 17
4 17
4 17
3 18
3 18
3 19
3 19
4 20
4 21
5 22
5 22
6 22
7 23
8 23
9 23
9 23
10 23
11 23
12 24
13 24
14 24
14 24
15 24
16 24
17 24
18 23
19 23
20 23
21 23
21 23
22 23
23 23
24 23
25 22
26 22
27 22
28 22
29 22
30 22
31 22
32 21
33 21
34 21
35 21
35 21
36 21
37 20
38 20
39 20
40 19
41 19
42 18
43 18
44 18
45 17
46 17
46 17
47 16
47 16
47 16
47 16
46 17
45 17
45 17
44 17
43 17
42 17
42 17
41 17
40 18
39 18
38 19
37 19
37 19
36 19
35 20
34 20
33 20
32 21
31 21
31 21
30 21
29 22
28 22
27 22
26 23
25 23
25 23
24 23
23 24
22 24
21 24
20 24
19 25
18 25
18 25
17 25
16 26
15 26
14 26
13 26
12 27
11 27
11 27
10 27
9 28
8 28
7 29
6 29
6 29
5 29
4 29
3 30
2 30
1 30
1 30
0 31
0 31
0 32
0 32
1 33
1 33
2 33
3 33
4 32
5 32
6 32
6 32
7 32
8 32
9 32
10 32
11 32
12 32
12 32
13 32
14 32
15 31
16 31
17 31
18 31
18 31
19 31
20 31
21 30
22 30
23 30
24 30
24 30
25 29
26 29
27 28
28 28
28 28
29 28
30 28
31 28
31 28
32 28
33 28
33 28
33 28
32 29
32 29
31 30
30 30
30 30
29 31
28 31
27 32
26 32
25 33
25 33
24 34
23 34
22 35
21 35
20 36
20 36
19 37
18 37
17 38
16 38
15 39
15 39
14 40
13 40
12 41
11 41
10 42
10 42
9 42
8 43
7 43
6 43
5 44
4 44
4 44
3 45
2 45
2 45
1 45
1 45
2 45
2 45
3 44
3 44
4 44
5 43
6 43
7 43
7 43
8 43
9 42
10 42
11 42
11 42
12 41
13 40
14 40
15 39
15 39
16 39
17 38
18 38
19 37
20 37
20 37
21 36
22 36
23 35
23 35
24 34
25 34
26 33
27 33
27 33
28 32
29 32
29 32
29 33
29 33
30 34
30 35
30 35
30 36
30 37
30 38
30 39
30 39
30 40
30 41
30 42
30 43
30 43
30 44
30 45
30 46
30 47
30 47
30 48
31 49
31 50
31 51
31 51
32 52
32 53
33 54
33 54
34 55
35 55
36 56
36 56
37 56
38 56
39 56
40 56
40 56
41 56
42 56
43 56
44 56
45 56
45 56
46 56
47 55
48 55
49 55
50 54
51 54
51 54
52 53
53 53
54 52
55 52
56 51
57 51
58 50
58 50
59 49
60 48
61 48
62 47
62 47
63 46
64 45
65 44
65 44
65 43
65 42
66 41
66 40
66 39
66 39
66 38
66 37
66 36
66 35
66 35
66 34
65 33
65 32
64 31
64 30
63 29
63 28
62 27
62 26
61 25
61 24
60 23
60 22
59 21
59 20
58 19
58 18
57 17
57 16
56 15
56 14
55 13
55 12
55 12
54 11
53 11
52 10
51 10
50 9
49 9
48 8
47 8
46 7
45 7
44 6
44 6
43 6
42 5
41 5
40 5
39 4
38 4
38 4
37 4
36 5
35 5
34 5
34 5
33 6
32 7
32 7
32 8
31 9
31 10
31 10
31 11
32 12
32 13
32 14
32 14
33 15
33 16
34 17
34 18
34 18
35 19
36 20
36 21
37 22
37 22
38 23
39 24
40 24
41 25
41 25
42 25
43 26
44 26
45 27
46 27
46 27
47 27
48 27
49 28
50 28
51 28
51 28
52 28
53 28
54 29
55 29
56 29
56 29
56 28
56 27
56 26
55 25
55 24
55 23
55 22
55 21
55 20
54 19
54 18
54 17
54 16
54 15
54 14
54 13
53 12
53 11
53 10
53 9
53 9
52 8
51 7
50 7
49 6
49 6
48 5
48 4
48 4
48 4
49 4
50 4
50 4
51 4
52 4
53 4
54 4
55 4
56 4
56 4
57 4
58 4
59 3
60 3
61 3
62 3
62 3
63 3
64 3
65 3
66 3
67 3
68 3
69 3
70 3
70 3
71 3
72 3
73 3
74 3
75 3
76 3
77 3
77 3
78 3
79 3
80 3
81 3
82 3
83 3
84 3
84 3
85 3
86 3
87 4
88 4
89 4
89 4
90 4
91 5
92 5
93 5
93 5
94 6
95 6
95 6
96 6
96 6
96 7
96 7
95 7
94 8
93 8
93 8
92 8
91 8
90 9
89 9
88 9
88 9
87 9
86 9
85 10
84 10
83 10
82 10
81 10
80 11
79 11
78 11
77 11
76 11
75 12
74 12
73 12
73 12
72 12
71 12
70 13
69 13
68 13
67 13
66 13
65 14
64 14
63 14
62 14
61 14
60 15
59 15
58 15
58 15
57 15
56 16
55 16
54 16
54 16
53 16
52 17
51 17
51 17
51 17
52 17
52 17
53 17
54 17
55 17
55 17
56 17
57 17
58 17
58 17
59 17
60 17
61 17
61 17
62 17
63 17
64 17
64 17
65 18
65 18
66 19
66 19
66 20
67 21
67 22
67 22
67 23
67 24
67 25
67 25
67 26
68 27
68 28
68 29
68 29
68 30
69 31
69 32
69 33
69 33
70 34
71 35
71 35
72 36
73 37
73 37
74 38
74 38
75 38
75 38
75 38
74 38
74 38
73 38
73 38
72 38
71 38
71 38
70 38
69 38
68 38
68 38
67 38
66 37
65 37
65 37
64 37
63 37
62 37
61 37
61 37
60 37
59 36
58 36
57 36
57 36
56 36
55 36
54 36
54 36
53 35
53 35
53 35
54 36
55 36
55 36
56 36
57 36
58 36
59 36
59 36
60 36
61 36
62 36
63 36
64 36
65 36
65 36
66 36
67 36
68 36
69 36
70 36
70 36
71 36
72 36
73 36
74 36
75 36
76 36
77 36
78 36
78 36
79 36
80 36
81 36
82 36
83 36
84 36
84 36
85 36
86 37
87 37
88 37
88 37
89 37
90 38
91 38
91 38
91 39
92 40
92 41
92 41
93 42
93 43
93 43
92 44
92 45
92 45
91 46
90 46
89 47
89 47
88 48
87 48
86 49
86 49
85 49
84 49
83 50
82 50
81 50
81 50
80 50
79 50
78 50
77 51
76 51
75 51
74 51
74 51
73 51
72 51
71 51
70 51
69 51
68 51
67 51
67 51
66 51
65 51
64 51
63 51
62 51
62 51
61 50
60 50
60 50
59 50
59 50
60 49
61 49
61 49
62 49
63 48
64 48
65 48
65 48
66 48
67 48
68 47
69 47
70 47
70 47
71 47
72 46
73 46
74 46
75 45
76 45
76 45
77 45
78 45
79 44
80 44
81 44
81 44
82 43
83 43
84 42
85 42
85 42
86 41
87 40
88 40
89 39
89 39
90 38
91 38
92 37
93 37
93 37
94 36
94 35
95 34
95 34
96 33
96 32
97 31
97 31
97 30
98 29
98 28
98 27
98 27
98 26
99 25
99 24
99 23
99 23
99 22
98 21
98 20
98 19
98 19
97 18
97 17
96 16
96 15
96 15
95 14
94 13
94 12
93 11
93 11
92 10
91 9
90 9
89 8
89 8
88 7
87 7
86 6
85 6
85 6
84 6
83 6
82 6
81 6
81 6
80 7
79 8
79 8
78 9
77 9
76 10
76 10
75 11
75 12
74 13
74 14
74 14
74 15
74 16
73 17
73 18
73 19
73 19
73 20
72 21
72 22
72 23
72 23
72 24
72 25
71 26
71 27
71 28
71 29
71 29
71 30
71 31
71 32
71 33
71 34
71 35
71 36
71 36
71 37
71 38
71 39
72 40
72 41
72 42
72 43
72 43
72 44
72 45
72 46
72 47
72 48
72 49
72 50
72 51
72 52
72 52
72 53
73 54
73 55
73 56
73 57
74 58
74 59
74 60
74 60
74 61
75 62
75 63
76 64
76 65
76 66
77 67
77 68
77 68
78 69
78 70
79 71
79 72
80 73
80 74
80 74
81 75
81 76
82 77
82 78
83 79
83 79
83 80
84 81
84 82
85 83
85 84
85 84
86 85
86 86
87 87
87 88
87 88
88 89
88 90
89 91
89 91
89 92
90 93
90 94
90 94
91 95
91 96
91 96
92 97
92 97
92 97
92 98
92 98
92 98
91 98
91 98
91 98
90 99
90 99
89 99
89 99
