15 6
15 5
15 4
15 4
15 4
14 5
14 6
14 6
14 7
14 8
15 9
15 10
15 11
15 11
15 12
15 13
16 14
16 15
16 16
16 16
16 17
17 18
17 19
18 20
18 21
18 21
18 22
19 23
19 24
19 25
20 26
20 27
20 27
21 28
21 29
22 30
22 31
22 31
23 32
23 33
24 34
24 35
24 35
25 36
26 37
26 37
27 38
27 38
28 39
28 39
27 38
26 37
25 36
24 35
23 34
22 33
21 32
21 31
20 30
19 29
18 28
17 27
16 26
15 25
15 25
14 25
13 24
12 24
11 23
10 23
9 22
8 22
8 22
7 22
6 22
5 22
4 22
4 22
3 23
2 23
1 24
1 24
0 25
0 25
0 26
0 27
0 27
1 28
2 29
2 29
3 29
4 29
5 29
6 29
6 29
7 29
8 29
9 30
10 30
11 30
12 30
12 30
13 30
14 30
15 29
16 29
17 29
17 29
18 29
19 29
20 28
21 28
22 28
23 28
23 28
24 28
25 27
26 27
27 27
28 26
29 26
29 26
30 26
31 26
32 25
33 25
34 25
34 25
35 25
36 24
37 24
38 24
38 24
39 24
40 24
41 24
41 24
42 24
42 24
42 25
42 25
41 26
40 26
40 26
39 27
38 27
37 28
37 28
36 29
35 29
34 30
34 30
33 31
32 31
31 32
30 32
29 33
29 33
28 34
27 34
26 35
25 35
25 35
24 36
23 36
22 37
21 37
20 38
20 38
19 38
18 39
17 39
16 39
16 39
15 40
14 40
13 41
13 41
12 41
11 42
10 42
10 42
10 42
11 42
11 42
12 41
13 41
13 41
14 41
15 41
16 41
16 41
17 41
18 40
19 40
20 40
20 40
21 40
22 39
23 39
24 38
25 38
25 38
26 38
27 37
28 37
29 37
29 37
30 37
31 36
32 36
32 36
33 36
34 35
35 35
35 35
36 36
37 36
37 36
37 37
37 37
37 38
36 39
36 40
36 40
35 41
35 42
34 43
34 43
33 44
33 45
32 46
32 46
31 47
30 48
29 49
29 49
28 50
27 50
26 51
26 51
25 52
24 52
24 52
24 52
24 51
24 51
25 50
25 49
26 48
26 48
27 47
27 46
28 45
28 45
28 44
29 43
29 42
29 42
30 41
30 40
30 40
31 39
32 39
32 39
33 38
33 38
34 37
35 37
35 37
36 38
37 38
37 38
38 38
39 39
40 39
40 39
41 40
42 40
43 41
43 41
44 42
45 42
46 43
46 43
47 43
48 44
49 44
50 44
50 44
51 44
52 45
53 45
54 45
54 45
55 45
56 46
57 46
58 46
58 46
59 45
60 45
61 44
62 44
62 44
63 43
64 43
65 42
66 42
66 42
67 41
68 40
69 40
70 39
70 39
71 38
72 37
73 36
73 36
73 35
74 34
74 33
74 32
74 32
74 31
75 30
75 29
75 29
74 28
73 27
72 27
71 26
70 25
69 24
68 24
67 23
66 22
65 21
64 20
63 20
62 19
61 18
60 17
59 17
58 16
57 15
56 14
55 13
54 13
53 12
52 11
51 10
50 10
49 9
48 8
47 7
46 6
45 6
44 5
43 4
42 3
41 3
40 2
39 1
39 1
38 2
37 2
36 3
36 3
35 3
34 3
34 3
34 4
34 5
34 5
34 6
34 7
34 7
35 8
36 9
36 9
37 10
38 11
39 12
39 12
40 13
41 14
42 14
43 15
43 15
44 16
45 17
46 18
46 18
47 19
48 20
49 20
50 21
50 21
51 22
52 22
53 23
54 23
54 23
55 23
56 24
57 24
57 24
56 23
55 22
55 21
54 20
53 19
52 18
52 17
51 16
50 15
50 15
49 14
49 13
48 12
48 11
48 11
47 10
47 9
47 9
48 8
49 8
49 8
50 8
51 8
52 7
53 7
54 7
54 7
55 7
56 7
57 6
58 6
59 6
60 6
60 6
61 6
62 6
63 6
64 6
65 6
66 6
66 6
67 6
68 6
69 6
70 6
71 6
72 6
72 6
73 6
74 6
75 6
76 6
77 6
78 6
78 6
79 6
80 6
81 6
82 6
82 6
83 6
84 7
85 7
85 7
86 7
86 7
85 8
85 8
84 8
83 9
82 9
81 10
80 10
79 10
78 11
77 11
76 11
75 12
74 12
73 13
72 13
71 13
70 14
69 14
68 14
67 15
66 15
65 16
64 16
64 16
63 16
62 17
61 17
60 18
59 18
58 19
57 19
57 19
56 19
55 19
55 19
55 19
56 19
56 19
57 18
58 18
58 18
59 18
60 18
60 18
61 18
62 17
63 17
64 17
64 17
65 17
66 16
67 16
67 16
68 16
69 15
70 15
71 15
71 15
72 15
73 15
73 15
74 15
74 15
73 16
73 16
72 17
71 17
71 17
70 18
69 18
68 19
68 19
67 20
66 21
65 22
65 22
64 23
63 23
62 24
62 24
61 25
61 26
60 27
60 27
60 28
60 29
60 29
61 30
61 31
61 31
62 32
63 32
63 32
64 33
65 33
65 33
66 33
67 33
68 34
69 34
70 34
70 34
71 34
72 34
73 34
74 34
74 34
75 34
76 34
77 34
78 34
78 34
79 34
80 33
81 33
81 33
82 33
83 33
84 33
84 33
85 33
86 33
86 33
87 34
87 34
87 35
87 35
87 36
87 36
86 37
86 37
85 38
84 39
84 39
83 40
82 40
82 40
81 40
80 41
79 41
78 41
78 41
77 41
76 42
75 42
74 43
73 43
73 43
72 43
71 44
70 44
69 44
68 45
67 45
67 45
66 45
65 46
64 46
63 47
62 47
61 48
60 48
60 48
59 48
58 49
57 49
56 49
56 49
55 50
54 50
53 51
52 51
52 51
51 51
51 51
52 51
53 51
53 51
54 51
55 51
56 51
56 51
57 51
58 51
59 50
60 50
61 50
61 50
62 50
63 50
64 49
65 49
66 49
67 49
67 49
68 48
69 48
70 47
71 47
72 46
73 46
73 46
74 46
75 45
76 45
77 45
78 44
79 44
79 44
80 43
81 43
82 42
83 42
84 41
84 41
85 41
86 40
87 40
88 39
89 39
89 39
90 38
91 38
92 37
92 37
93 36
94 36
95 35
95 35
96 34
97 33
97 33
98 32
99 31
99 31
98 30
98 29
98 29
97 28
96 28
96 28
95 27
94 27
93 26
92 26
91 25
90 25
89 24
88 24
87 23
86 22
85 22
84 21
83 21
82 20
81 20
80 19
79 19
78 18
78 18
77 17
76 16
75 15
75 14
74 13
73 12
73 12
72 11
71 11
70 10
70 10
69 10
69 10
68 11
68 12
68 12
68 13
69 14
69 15
69 16
69 16
69 17
69 18
69 19
69 20
69 21
69 22
69 22
69 23
69 24
70 25
70 26
70 27
70 28
70 28
70 29
70 30
70 31
70 32
70 33
70 34
70 35
70 36
70 37
70 37
70 37
70 38
70 39
70 40
70 41
71 42
71 43
71 44
71 45
71 46
71 47
71 48
71 49
71 50
71 51
72 52
72 53
72 54
72 55
72 56
72 56
72 56
72 57
72 58
73 59
73 60
73 61
73 62
74 63
74 64
74 65
74 66
74 67
75 68
75 69
75 70
75 71
76 72
76 73
76 74
76 74
76 75
77 76
77 77
78 78
78 79
79 80
79 81
79 81
79 82
80 83
80 84
80 85
81 86
81 87
81 87
81 88
82 89
82 90
83 91
83 92
83 92
84 93
84 94
85 95
85 95
85 96
86 97
86 98
86 98
85 99
85 99
85 99
85 99
84 98
84 98
84 97
83 96
83 95
