17 9
17 8
18 7
18 6
18 5
18 5
18 4
18 3
18 2
18 1
18 1
19 0
19 0
19 1
19 2
19 2
20 3
20 4
20 4
20 5
20 6
21 7
21 8
21 9
21 10
21 10
21 11
21 12
22 13
22 14
22 15
22 16
22 16
22 17
22 18
23 19
23 20
23 21
23 22
23 22
23 23
23 24
24 25
24 26
24 27
24 27
24 28
24 29
25 30
25 31
25 32
25 32
25 33
26 34
26 35
26 35
27 36
27 37
27 37
28 38
28 38
27 38
26 37
25 37
24 37
23 37
22 36
21 36
20 36
19 35
18 35
17 35
16 34
15 34
14 34
13 34
12 33
11 33
10 33
9 32
8 32
7 32
6 31
5 31
4 31
3 31
2 30
1 30
1 30
1 30
0 29
0 29
1 29
1 29
2 29
3 30
4 30
4 30
5 30
6 30
7 30
8 30
9 30
9 30
10 30
11 30
12 30
13 30
14 30
14 30
15 30
16 30
17 29
18 29
19 29
20 29
20 29
21 29
22 29
23 28
24 28
25 28
26 28
26 28
27 28
28 27
29 27
30 27
31 26
32 26
32 26
33 25
34 24
35 24
36 23
36 23
37 23
38 22
39 22
40 22
40 22
41 21
41 21
41 21
41 22
41 23
41 23
40 24
39 25
39 25
38 26
37 27
36 28
36 28
35 29
34 30
33 30
32 31
32 31
31 32
30 33
29 33
28 34
28 34
27 35
26 36
25 37
24 38
24 38
23 39
22 39
21 40
20 40
20 40
19 41
18 42
17 42
16 43
16 43
15 44
14 44
13 45
13 45
12 46
11 46
11 46
11 47
11 47
12 47
13 47
13 47
14 46
15 46
15 46
16 46
17 45
18 45
19 45
19 45
20 44
21 44
22 43
23 43
23 43
24 43
25 42
26 42
27 42
27 42
28 41
29 41
30 40
30 40
31 40
31 40
32 40
32 40
32 40
31 41
31 41
30 42
30 43
29 44
29 44
28 45
28 46
27 47
27 47
26 48
25 49
25 50
24 51
24 51
23 52
23 53
22 54
22 54
21 55
20 55
19 56
19 56
18 57
18 58
18 58
18 58
19 57
19 57
20 56
21 55
21 55
22 54
22 53
23 52
23 52
24 51
25 51
26 50
26 50
27 49
28 48
29 47
29 47
30 46
31 45
31 45
32 45
33 44
34 44
34 44
35 43
36 43
36 43
37 43
38 44
39 44
39 44
40 45
41 45
42 46
42 46
43 47
44 48
45 48
46 49
46 49
47 49
48 50
49 50
50 51
51 51
51 51
52 52
53 52
54 53
55 53
55 53
56 53
57 53
58 54
59 54
60 54
60 54
61 54
62 54
63 54
64 54
65 54
65 54
66 53
67 53
68 52
69 52
69 52
70 51
71 50
72 49
72 49
73 48
74 47
74 46
75 45
75 45
76 44
76 43
77 42
77 41
77 41
77 40
78 39
78 38
78 38
77 37
76 36
75 35
74 35
73 34
72 33
71 32
70 31
69 30
68 30
67 29
66 28
65 27
64 26
63 25
62 24
61 24
60 23
59 22
58 21
57 20
56 19
55 19
54 18
53 17
52 16
51 15
50 14
49 13
48 13
47 12
46 11
45 10
44 9
43 8
42 8
41 7
40 6
39 5
39 5
39 6
38 7
38 8
38 8
37 9
37 10
37 10
37 11
37 12
37 13
37 13
38 14
38 15
39 16
39 16
40 17
40 18
41 19
41 20
41 20
42 21
43 21
44 22
44 22
45 23
46 23
47 24
48 24
49 25
49 25
50 25
51 26
52 26
53 26
54 27
55 27
55 27
56 27
57 27
58 28
59 28
60 28
60 28
59 27
59 26
58 25
58 24
57 23
57 22
56 21
56 20
55 19
55 18
54 17
54 16
53 15
53 14
52 13
52 12
52 12
53 11
54 10
54 10
55 9
55 9
56 9
57 9
58 9
59 9
60 9
60 9
61 9
62 9
63 9
64 9
65 9
65 9
66 9
67 9
68 9
69 9
70 9
71 9
71 9
72 9
73 9
74 9
75 9
76 9
76 9
77 9
78 9
79 9
80 9
81 9
81 9
82 9
83 10
84 10
85 10
85 10
86 10
87 10
87 10
87 11
87 11
87 12
87 12
86 13
85 13
84 14
84 14
83 14
82 15
81 15
80 15
79 16
78 16
77 16
76 17
75 17
74 17
73 18
72 18
71 18
70 18
69 19
68 19
67 19
66 20
65 20
64 20
63 21
62 21
62 21
61 21
60 22
59 22
58 22
57 23
56 23
56 23
56 23
57 22
58 22
58 22
59 22
60 22
60 22
61 23
61 23
62 24
63 25
63 25
64 26
65 27
65 27
66 28
67 29
67 29
68 30
69 31
70 32
70 32
71 33
71 34
72 35
72 35
73 35
74 36
75 36
75 36
76 37
77 37
77 37
78 37
79 37
79 37
79 37
79 37
79 37
79 36
79 36
79 35
79 35
80 35
81 35
81 35
82 34
82 34
83 34
84 34
85 34
85 34
86 33
87 33
87 33
88 33
89 33
89 33
90 34
90 34
91 34
91 34
90 35
90 35
89 36
89 36
88 37
87 38
87 38
86 39
85 39
85 39
84 40
83 40
82 41
82 41
81 42
80 42
79 43
79 43
78 43
77 44
76 44
76 44
75 45
74 45
74 45
73 46
72 46
71 47
70 47
69 48
68 48
67 49
67 49
66 50
65 51
64 51
63 52
63 52
62 53
62 54
62 54
63 55
63 55
64 55
65 55
65 55
66 55
67 54
68 54
69 54
69 54
70 53
71 53
72 52
73 52
74 51
74 51
75 50
76 50
77 49
78 49
79 48
79 48
80 47
81 47
82 46
83 45
84 45
85 44
85 44
86 43
87 42
88 42
89 41
90 40
90 40
91 39
92 39
93 38
94 38
95 37
95 37
96 36
96 35
97 34
97 34
98 33
98 32
99 31
99 31
98 30
98 29
98 29
97 28
97 28
96 27
95 27
94 26
93 26
92 25
91 25
90 24
89 24
88 23
87 23
86 22
85 22
84 21
83 21
82 20
81 20
80 19
79 19
78 18
77 18
76 17
75 17
74 16
73 16
73 16
72 16
71 16
70 16
70 16
69 16
69 16
70 17
70 18
70 18
71 19
71 20
72 21
72 22
72 22
72 23
73 24
73 25
74 26
74 27
74 27
74 28
75 29
75 30
76 31
76 32
77 33
77 34
77 34
77 35
78 36
78 37
79 38
79 39
79 40
80 41
80 42
80 42
80 43
80 44
81 45
81 46
81 47
81 48
81 49
82 50
82 51
82 52
82 52
82 53
83 54
83 55
83 56
84 57
84 58
84 59
84 60
85 61
85 62
85 62
85 63
85 64
86 65
86 66
86 67
86 68
86 69
86 70
87 71
87 72
87 73
87 73
87 74
87 75
87 76
88 77
88 78
88 79
88 80
88 81
88 81
88 82
88 83
88 84
89 85
89 86
89 87
89 88
89 88
89 89
89 90
90 91
90 92
90 93
90 94
90 94
91 95
91 96
92 97
92 97
93 98
94 99
94 99
95 99
96 99
96 99
97 99
97 99
98 99
