25 4
26 3
27 3
28 2
29 2
29 2
29 1
29 1
28 0
27 0
27 0
26 1
26 2
26 2
25 3
25 4
25 4
25 5
24 6
24 7
24 8
24 8
24 9
23 10
23 11
23 12
23 12
23 13
23 14
23 15
23 16
23 17
23 17
23 18
23 19
23 20
23 20
23 21
23 22
23 22
24 23
24 23
25 24
25 24
26 24
26 24
25 24
24 24
23 24
22 23
21 23
20 23
19 23
18 23
18 23
17 23
16 22
15 22
14 21
13 21
13 21
12 21
11 21
10 20
9 20
8 20
8 20
7 20
6 20
5 20
5 20
5 20
5 20
6 21
6 21
7 22
8 22
9 23
9 23
10 24
11 25
11 25
12 25
13 26
14 26
14 26
15 26
16 26
17 26
17 26
18 26
19 26
20 26
21 26
21 26
22 26
23 26
24 25
25 25
26 25
26 25
27 25
28 25
29 24
30 24
31 24
31 24
32 24
33 23
34 23
35 22
36 22
36 22
37 21
38 21
39 20
40 20
40 20
41 19
42 19
42 19
43 18
44 18
44 18
45 17
45 17
45 17
44 18
44 18
43 19
42 19
42 19
41 20
40 20
40 20
39 21
38 21
37 22
36 22
36 22
35 22
34 23
33 23
32 24
31 24
31 24
30 24
29 25
28 25
27 26
26 26
26 26
25 27
24 27
23 28
22 28
21 29
20 29
20 29
19 29
18 30
17 30
16 31
15 31
15 31
14 32
13 32
12 33
11 33
11 33
10 33
9 34
8 34
8 34
7 35
6 35
6 35
6 35
7 35
7 35
8 34
8 34
9 34
10 33
11 33
11 33
12 33
13 32
14 32
15 32
15 32
16 32
17 31
18 31
19 30
20 30
20 30
21 30
22 30
23 29
24 29
25 29
25 29
26 29
27 28
28 28
29 28
29 28
30 28
31 27
32 27
33 27
33 27
34 27
35 27
35 27
35 27
34 28
34 28
33 29
32 29
32 29
31 30
30 30
29 31
29 31
28 31
27 32
26 32
25 33
24 33
24 33
23 34
22 34
21 35
20 35
19 36
19 36
18 36
17 37
16 37
15 37
14 38
13 38
13 38
12 39
11 39
10 40
9 40
8 41
7 41
7 41
6 41
5 42
4 42
3 43
2 43
2 43
1 44
0 45
0 45
0 45
1 45
1 45
2 44
3 44
3 44
4 43
5 43
6 42
7 42
8 41
9 41
10 40
11 40
12 39
13 38
14 38
15 37
16 37
17 36
18 36
19 35
20 35
21 34
22 34
23 33
23 33
24 33
25 32
26 32
27 31
28 31
29 31
30 30
31 30
31 30
32 29
33 29
33 29
33 30
33 30
33 31
33 31
33 32
33 32
32 33
32 34
32 34
32 35
32 36
32 36
32 37
32 38
32 39
32 39
33 40
33 40
34 41
35 42
35 42
36 42
37 42
37 42
38 41
39 41
39 41
40 40
41 40
42 39
43 39
43 39
44 38
45 38
46 37
47 37
47 37
47 36
47 35
47 34
46 33
46 32
46 31
46 30
46 29
46 28
45 27
45 26
45 25
45 24
45 23
45 22
44 21
44 20
44 19
44 18
44 18
43 17
43 16
42 15
42 15
41 14
40 14
40 14
40 14
40 15
40 15
40 15
41 16
42 17
42 17
43 18
43 19
43 19
44 20
44 20
45 21
46 21
46 21
47 22
47 22
48 22
48 22
49 23
49 23
49 23
49 23
49 23
48 22
48 22
47 22
47 22
46 21
45 21
45 21
44 20
44 20
43 19
42 19
42 19
41 18
41 18
41 17
41 17
42 17
42 17
43 16
44 16
44 16
45 16
46 15
47 15
48 15
48 15
49 15
50 15
51 15
52 15
53 15
54 15
54 15
55 15
56 15
57 15
58 14
59 14
60 14
61 14
61 14
62 14
63 14
64 13
65 13
66 13
67 13
67 13
68 13
69 13
70 13
71 13
72 13
73 13
74 13
74 13
75 13
76 13
77 13
78 13
78 13
79 13
80 14
81 14
81 14
81 15
81 15
81 16
81 17
81 17
80 18
79 19
79 19
78 20
77 20
76 21
75 21
75 21
74 22
73 22
72 23
71 23
71 23
70 23
69 23
68 24
67 24
66 24
65 24
65 24
64 24
63 24
62 25
61 25
60 25
60 25
59 25
58 25
57 25
56 25
55 25
54 25
54 25
53 25
52 25
51 26
50 26
49 26
49 26
48 26
47 27
46 27
45 27
45 27
44 27
43 27
42 27
42 27
41 27
41 27
42 27
42 27
43 27
44 26
45 26
45 26
46 25
47 25
48 24
49 24
49 24
50 24
51 24
52 24
53 23
54 23
55 23
56 23
56 23
57 23
58 23
59 22
60 22
61 22
61 22
62 22
63 22
64 23
65 23
66 23
66 23
67 23
68 24
69 24
69 24
70 25
70 25
71 26
71 27
71 27
70 28
70 29
70 29
69 29
68 30
67 30
67 30
66 31
65 31
64 32
64 32
63 32
62 33
61 33
60 33
60 33
59 33
58 34
57 34
57 34
56 34
55 34
54 34
54 34
53 33
52 33
52 33
51 33
51 33
50 32
50 32
51 32
52 32
52 32
53 31
54 31
54 31
55 31
56 31
57 31
58 31
58 31
59 31
60 31
61 31
61 31
62 31
63 31
64 31
64 31
65 31
66 31
67 31
67 31
68 32
68 32
69 32
69 32
69 33
69 33
68 34
68 34
68 35
68 35
67 36
67 36
66 36
66 36
65 36
65 36
65 36
65 36
65 35
65 35
65 34
65 34
66 34
66 34
66 34
67 33
67 33
67 33
68 33
68 33
68 33
69 33
69 33
69 33
69 33
68 33
68 33
67 33
67 33
66 33
65 33
65 33
64 33
63 34
62 34
62 34
61 34
60 34
59 34
59 34
58 34
57 35
56 35
55 35
55 35
54 35
53 35
52 36
51 36
50 36
50 36
49 36
48 37
47 37
47 37
46 38
45 39
45 39
44 40
44 41
44 41
44 42
45 43
45 44
45 44
46 44
47 45
48 45
49 46
50 46
50 46
51 46
52 47
53 47
54 47
55 48
56 48
56 48
57 48
58 48
59 48
60 48
61 48
62 48
63 48
64 48
64 48
65 48
66 48
67 48
68 47
69 47
70 47
71 47
72 47
72 47
73 47
74 46
75 46
76 46
77 45
78 45
79 45
80 44
81 44
81 44
82 44
83 43
84 43
85 43
86 42
87 42
88 42
89 41
90 41
90 41
91 40
92 40
93 39
94 39
95 38
95 38
96 37
97 36
98 35
99 34
99 34
99 33
98 32
98 31
98 30
98 30
97 29
96 28
95 27
94 26
94 26
93 25
92 24
91 23
90 23
89 22
88 21
88 21
87 21
86 20
85 20
84 19
83 19
82 18
81 18
81 18
80 18
79 17
78 17
77 17
76 17
75 16
74 16
74 16
73 16
72 16
71 16
70 16
69 16
68 16
68 16
67 16
66 16
65 16
64 16
64 16
63 16
62 17
61 17
61 17
61 18
60 19
60 20
60 20
60 21
59 22
59 23
59 24
59 24
59 25
59 26
58 27
58 28
58 29
58 29
58 30
57 31
57 32
57 33
57 34
56 35
56 36
56 37
56 37
56 38
55 39
55 40
55 41
55 42
54 43
54 44
54 45
54 45
54 46
54 47
54 48
54 49
53 50
53 51
53 52
53 53
53 54
53 54
53 55
54 56
54 57
54 58
54 59
55 60
55 61
55 61
55 62
56 63
56 64
56 65
56 66
57 67
57 68
57 68
58 69
59 70
59 71
60 72
61 73
61 73
62 74
63 75
63 76
64 77
65 78
65 78
66 79
67 80
67 81
68 82
69 83
69 83
70 84
71 85
72 86
73 87
73 87
74 88
75 89
76 90
77 91
78 92
78 92
79 93
80 94
81 95
82 96
82 96
83 96
84 97
85 97
86 98
87 98
87 98
88 98
89 98
90 99
91 99
92 99
