0 31
1 30
1 29
1 29
0 28
0 28
1 28
1 28
1 28
1 29
1 29
1 30
1 30
1 31
1 31
1 32
1 32
1 33
1 34
1 34
2 35
2 35
3 36
3 36
4 36
5 36
5 36
6 36
7 36
8 36
8 36
9 36
10 35
11 35
12 35
12 35
13 34
14 34
15 33
15 33
16 32
17 32
18 31
19 31
20 30
21 30
22 29
23 29
24 28
25 28
26 27
27 27
28 26
29 26
30 25
31 25
31 25
32 24
33 23
34 23
35 22
35 22
35 22
35 22
34 22
34 22
34 23
34 23
33 24
32 25
32 25
31 26
31 27
31 27
30 28
29 29
29 29
28 30
27 31
26 32
26 32
25 31
24 31
23 30
22 30
21 29
20 28
19 28
18 27
17 26
16 26
15 25
14 25
13 24
12 23
11 23
10 22
9 22
8 21
8 21
8 20
8 19
7 18
7 17
7 16
7 16
6 15
5 14
5 13
4 12
4 12
4 11
4 10
4 9
4 8
4 7
4 7
5 6
6 5
7 4
7 4
8 3
9 3
10 2
10 2
11 1
12 1
13 0
13 0
14 0
15 1
16 1
16 1
17 2
18 2
18 2
18 3
19 4
19 5
19 5
19 6
20 7
20 8
20 9
20 9
20 10
20 11
20 12
20 13
20 14
20 14
20 15
20 16
20 17
19 18
19 19
19 20
19 21
19 21
19 22
19 23
18 24
18 25
18 26
18 27
18 27
18 28
18 29
18 30
17 31
17 32
17 33
17 34
17 34
17 35
17 36
17 37
17 38
17 39
17 40
17 40
17 41
17 42
17 43
17 44
17 45
17 46
17 46
17 47
18 48
18 49
18 50
18 50
19 51
20 52
20 52
21 53
21 54
21 54
22 54
22 54
22 54
21 53
21 53
20 52
20 52
19 51
18 51
17 50
17 50
16 49
15 48
15 48
14 47
13 47
13 47
12 47
11 47
11 47
10 47
10 47
9 47
9 47
9 47
10 47
11 47
11 47
12 46
13 46
13 46
14 45
15 44
16 43
16 43
17 43
18 42
19 42
20 41
21 41
21 41
22 41
23 40
24 40
25 39
26 39
26 39
27 39
28 38
29 38
30 38
30 38
31 38
32 38
32 38
33 39
33 40
33 40
32 41
31 42
31 42
30 43
30 44
29 45
29 46
29 46
28 47
27 48
26 49
26 49
25 50
24 51
23 52
23 52
22 53
21 54
20 55
20 55
19 56
18 56
18 56
17 57
17 57
16 57
16 57
17 57
17 57
18 56
18 56
19 55
20 55
20 55
21 54
22 53
23 52
23 52
24 51
25 51
26 50
27 50
27 50
28 49
29 49
30 48
30 48
31 48
32 47
33 47
33 47
34 48
34 48
34 48
33 49
33 50
33 50
32 51
32 52
32 52
31 53
30 54
30 54
29 55
28 55
27 56
27 56
26 57
25 57
25 57
24 58
23 59
23 59
22 60
22 60
21 60
20 60
20 60
20 60
20 60
21 59
21 59
22 58
22 58
23 58
23 58
24 58
25 57
26 57
26 57
27 56
28 55
28 55
29 55
30 54
31 54
31 54
32 53
33 53
34 52
34 52
35 51
36 51
37 50
37 50
38 50
39 50
39 50
40 49
41 49
41 49
41 49
41 50
41 50
41 50
40 50
40 50
40 51
40 51
40 51
40 51
40 50
40 50
40 50
40 50
40 49
40 49
41 49
41 49
41 49
41 49
41 49
41 49
41 49
41 49
41 49
41 49
41 50
41 50
42 51
42 51
43 52
43 52
43 53
43 53
44 54
44 55
44 55
45 56
46 56
46 56
47 56
48 56
49 56
49 56
50 56
51 56
52 56
53 56
53 56
54 56
55 56
56 56
57 56
58 56
58 56
59 56
60 56
61 55
62 55
63 55
64 55
64 55
64 55
65 55
66 55
67 54
68 54
69 54
70 54
71 54
72 54
73 53
74 53
75 53
75 53
76 53
77 53
78 52
79 52
80 52
80 52
81 52
82 52
83 51
84 51
85 51
85 51
86 50
87 50
88 49
89 49
89 49
90 49
91 48
92 48
92 48
93 47
94 46
94 46
95 45
96 44
96 44
96 43
97 42
97 41
97 41
97 40
98 39
98 38
98 38
98 37
98 36
98 35
98 34
98 33
98 33
98 32
98 31
99 30
99 29
99 28
99 28
99 27
98 26
98 25
98 24
98 24
97 23
97 22
97 22
96 21
95 21
95 21
94 21
93 21
92 21
92 21
92 21
91 21
90 21
89 20
88 20
87 20
86 20
85 20
84 20
83 19
82 19
81 19
80 19
79 19
78 19
77 18
76 18
75 18
74 18
73 18
72 18
71 17
70 17
69 17
68 17
67 17
66 17
65 16
64 16
63 16
62 16
61 16
60 16
59 15
58 15
57 15
56 15
55 15
54 15
53 14
52 14
51 14
50 14
49 14
48 14
47 13
46 13
45 13
44 13
44 13
43 13
42 13
41 13
40 13
40 13
39 12
39 12
39 12
39 13
39 14
39 14
40 15
40 15
41 16
42 17
42 17
43 18
43 18
44 19
44 19
45 20
45 20
45 20
46 21
46 21
47 21
48 21
48 21
49 20
49 20
50 19
51 19
51 19
52 18
53 17
53 17
54 16
55 15
55 15
56 14
57 14
58 13
58 13
59 12
60 11
61 10
61 10
62 9
63 9
64 8
65 8
65 8
66 8
67 7
68 7
69 6
70 6
70 6
71 6
72 5
73 5
74 5
74 5
75 5
76 5
77 4
78 4
79 4
79 4
80 4
81 4
82 4
82 4
83 4
84 4
85 4
85 4
86 5
86 5
86 6
86 7
86 7
85 8
85 8
84 9
83 10
82 11
82 11
81 12
80 12
79 13
78 13
78 13
77 14
76 14
75 15
74 15
73 16
73 16
72 16
71 17
70 17
69 18
68 18
68 18
67 18
66 19
65 19
64 20
63 20
63 20
62 20
61 21
60 21
59 22
58 22
58 22
57 22
56 23
55 23
55 23
54 22
54 22
55 21
55 21
56 20
57 20
58 19
58 19
59 18
60 18
61 17
62 17
62 17
63 17
64 16
65 16
66 15
67 15
67 15
68 15
69 14
70 14
71 13
72 13
72 13
73 13
74 12
75 12
76 12
76 12
77 12
78 11
79 11
80 11
80 11
81 11
82 12
83 12
83 12
84 13
84 13
83 14
83 15
82 16
82 16
81 17
80 18
79 18
78 19
78 19
77 20
76 21
75 21
74 22
74 22
73 23
72 24
71 24
70 25
69 26
69 26
68 27
67 27
66 28
65 28
64 29
64 29
63 30
62 30
61 31
61 31
60 31
59 32
58 32
58 32
57 32
57 32
57 32
58 31
59 31
59 31
60 31
61 30
62 30
62 30
63 30
64 29
65 29
66 29
66 29
67 28
68 28
69 27
69 27
70 26
71 26
72 25
73 25
73 25
74 25
75 24
76 24
77 24
77 24
78 23
79 23
79 23
80 23
80 23
79 24
79 24
78 25
77 26
77 26
76 27
75 27
74 28
74 28
73 29
72 29
71 30
70 30
70 30
69 31
68 31
68 31
67 32
66 33
66 33
66 33
67 33
68 33
68 33
69 33
69 33
70 33
71 32
72 32
72 32
73 31
74 31
74 31
75 31
76 30
77 30
77 30
78 30
79 29
80 29
80 29
81 28
82 28
82 28
83 28
83 28
83 28
82 29
82 30
82 30
81 31
80 31
79 32
79 32
78 33
77 34
76 35
76 35
75 36
74 36
73 37
72 37
71 38
71 38
70 39
69 40
68 40
67 41
67 41
66 42
65 43
64 43
63 44
63 44
62 45
61 46
60 47
60 47
59 48
58 49
58 49
58 50
58 51
58 51
59 51
59 51
60 51
61 51
62 51
62 51
63 51
64 50
65 50
65 50
66 49
67 49
68 48
69 48
69 48
70 47
71 47
72 46
73 46
73 46
74 45
75 44
76 44
77 43
77 43
78 42
79 41
79 40
80 39
80 39
81 38
81 37
82 36
82 36
82 35
83 34
83 33
83 32
83 32
83 31
84 30
84 29
84 29
84 28
84 27
84 26
84 25
84 25
84 24
83 23
83 22
83 22
83 21
82 20
82 19
82 18
82 18
82 17
81 16
81 15
81 15
80 14
80 14
79 14
78 14
78 14
77 14
76 14
76 14
75 15
75 15
74 16
74 16
73 17
73 17
73 18
73 19
73 19
73 20
73 21
73 22
73 22
73 23
73 24
73 25
73 26
73 26
73 27
74 28
74 29
74 30
74 30
74 31
74 32
75 33
75 34
75 35
75 35
75 36
75 37
75 38
76 39
76 40
76 41
76 42
76 42
76 43
76 44
76 45
77 46
77 47
77 48
77 49
77 50
77 50
77 51
77 52
77 53
77 54
78 55
78 56
78 57
78 58
78 59
78 59
78 60
78 61
79 62
79 63
79 64
79 65
80 66
80 67
80 68
80 68
80 69
80 70
80 71
81 72
81 73
81 74
81 75
81 76
81 76
81 77
82 78
82 79
82 80
82 81
83 82
83 83
83 83
83 84
83 85
84 86
84 87
84 88
84 88
85 89
85 90
86 91
86 92
86 92
86 93
87 94
87 95
87 95
88 96
88 97
88 97
88 97
88 97
88 98
88 98
89 98
89 98
89 99
89 99
