9 11
9 10
9 9
9 8
9 7
9 7
9 6
10 5
10 4
10 4
10 3
10 2
10 2
11 1
11 1
11 2
11 2
12 3
12 4
12 4
12 5
13 6
13 7
13 7
13 8
14 9
14 10
14 11
14 11
15 12
15 13
16 14
16 15
16 15
16 16
16 17
17 18
17 19
17 20
17 21
17 21
17 22
17 23
18 24
18 25
18 26
18 26
19 27
19 28
20 29
20 30
20 30
20 31
21 32
21 33
21 34
21 34
22 35
22 36
23 37
23 37
24 37
24 37
23 36
22 35
21 34
20 33
19 32
18 32
17 31
16 30
15 29
14 28
13 27
12 26
11 25
10 24
9 23
8 23
7 22
6 21
5 20
4 19
3 18
3 18
3 18
2 18
1 19
0 19
0 19
0 20
0 21
0 21
0 22
0 23
0 24
0 24
1 25
1 26
2 27
2 27
3 27
4 28
5 28
5 28
6 29
7 29
8 30
8 30
9 30
10 30
11 30
12 30
12 30
13 30
14 30
15 30
16 30
17 30
17 30
18 30
19 29
20 29
21 29
22 28
23 28
24 28
25 27
26 27
27 27
28 26
29 26
30 26
31 25
32 25
33 25
34 25
35 24
36 24
37 24
38 23
39 23
40 23
41 22
42 22
43 22
44 21
45 21
45 21
46 20
47 20
47 20
46 19
46 19
45 19
44 19
43 19
42 19
42 19
41 19
40 19
40 19
39 19
38 19
37 19
36 19
36 19
35 19
34 20
33 20
32 21
31 21
31 21
30 22
29 22
28 23
27 23
26 24
25 24
25 24
24 25
23 25
22 26
21 26
20 27
19 27
18 28
18 28
17 29
16 29
15 30
14 30
13 31
12 31
11 32
11 32
10 33
9 34
8 34
7 35
6 36
6 36
5 37
4 37
3 38
3 38
2 39
1 40
1 40
2 41
2 41
3 41
4 42
5 42
5 42
6 42
7 42
8 42
9 42
10 42
10 42
11 42
12 41
13 41
14 41
14 41
15 41
16 41
17 40
18 40
19 40
19 40
20 40
21 40
22 39
23 39
24 39
24 39
25 39
26 38
27 38
28 38
28 38
29 37
30 37
30 37
31 37
31 37
30 38
30 38
29 39
28 39
28 39
27 40
27 41
26 42
26 42
25 43
24 44
23 44
22 45
22 45
21 46
20 47
19 47
18 48
18 48
17 49
16 50
15 51
14 52
14 52
13 53
12 54
11 55
11 55
10 56
9 57
9 57
8 58
8 58
9 58
9 58
10 57
11 56
11 56
12 55
13 55
14 54
14 54
15 53
16 52
17 52
18 51
18 51
19 50
20 50
21 49
21 49
22 48
23 47
24 47
25 46
25 46
26 45
27 44
27 44
28 44
29 44
29 44
30 44
31 44
31 44
32 45
33 46
33 46
34 46
35 47
36 47
36 47
37 48
38 48
39 49
39 49
40 50
41 50
42 51
42 51
43 51
44 52
45 52
46 52
46 52
47 52
48 52
49 52
50 52
50 52
51 52
52 52
53 52
54 52
54 52
55 51
56 51
57 50
58 50
59 49
59 49
60 48
61 47
62 46
62 46
63 45
64 44
65 43
66 42
66 42
67 41
67 40
68 39
68 39
68 38
69 37
69 36
69 35
69 35
69 34
69 33
69 32
69 31
69 31
68 30
67 29
66 28
65 27
64 26
63 25
62 24
61 24
60 23
59 22
58 21
57 20
56 19
55 18
54 17
53 16
52 15
51 14
50 13
49 12
48 11
47 10
46 9
45 9
44 8
43 7
42 6
41 5
40 4
39 3
38 2
38 2
37 2
36 2
35 2
34 2
33 2
32 2
31 2
31 2
30 2
29 2
29 2
28 3
27 3
27 3
27 4
26 5
26 6
26 6
26 7
25 8
25 9
25 9
25 10
25 11
25 12
25 12
26 13
26 14
27 15
27 16
27 16
28 17
28 18
29 19
29 19
30 20
31 20
32 21
33 21
33 21
34 22
35 22
36 23
36 23
37 23
38 24
39 24
40 25
41 25
41 25
41 24
40 23
40 22
40 21
39 20
39 19
39 18
39 17
38 16
38 15
38 15
38 14
38 13
37 12
37 11
37 10
37 10
37 9
37 8
37 8
38 7
38 6
38 6
39 5
40 5
41 4
42 4
42 4
43 4
44 4
45 3
46 3
47 3
47 3
48 3
49 2
50 2
51 2
52 2
53 1
54 1
54 1
55 1
56 1
57 1
58 1
59 1
60 1
60 1
61 1
62 1
63 0
64 0
65 0
66 0
66 0
67 0
68 0
69 1
70 1
71 1
72 1
72 1
73 1
74 1
75 1
76 1
76 1
77 1
78 2
79 2
79 2
80 3
81 3
81 3
81 4
81 5
81 5
80 5
79 6
78 6
77 7
76 7
75 7
74 8
73 8
72 8
71 9
70 9
69 10
68 10
67 10
66 11
65 11
64 12
63 12
62 12
61 13
60 13
59 13
58 14
57 14
56 15
55 15
55 15
54 16
53 16
52 17
51 17
50 18
49 18
49 18
48 17
48 17
48 17
49 16
49 16
50 16
51 15
52 15
52 15
53 15
54 15
55 14
56 14
57 14
57 14
58 14
59 13
60 13
61 13
61 13
62 13
63 13
64 12
65 12
66 12
66 12
67 12
68 11
69 11
70 11
70 11
71 11
72 10
73 10
74 10
74 10
75 10
75 10
75 10
74 10
73 11
72 11
71 11
70 11
69 12
68 12
67 12
66 12
65 13
64 13
63 13
62 13
61 14
60 14
59 14
59 14
58 15
57 16
56 17
55 17
54 18
53 19
53 19
52 20
51 21
51 21
50 22
50 23
50 23
50 23
50 24
50 25
50 26
51 27
51 28
51 29
51 30
51 30
52 31
53 32
53 32
54 33
54 34
55 35
55 35
56 36
57 37
57 37
57 37
58 37
59 37
60 38
61 38
62 38
62 38
63 37
64 37
64 37
65 36
66 36
66 36
67 35
68 34
68 34
69 34
70 33
71 33
71 33
72 32
73 31
73 31
74 30
75 30
76 29
76 29
77 29
78 29
79 29
79 29
80 29
81 28
82 28
82 28
83 28
84 28
84 28
85 28
86 28
86 28
86 28
87 28
87 28
86 29
86 29
85 29
84 30
83 30
83 30
82 30
81 31
80 31
79 31
79 31
78 32
77 32
76 33
75 33
75 33
74 33
73 34
72 34
71 35
70 35
70 35
69 36
68 36
67 37
66 37
66 37
65 37
64 38
63 38
63 38
62 39
62 39
62 40
62 40
63 40
63 40
64 40
65 40
65 40
66 40
67 40
68 40
69 40
69 40
70 40
71 40
72 40
73 40
73 40
74 39
75 39
75 39
76 39
77 39
78 39
78 39
79 38
79 38
79 38
78 39
78 39
77 39
76 40
75 40
74 40
74 40
73 40
72 41
71 41
70 42
69 42
69 42
68 42
67 43
66 43
65 43
64 44
63 44
63 44
62 44
61 45
60 45
59 46
58 46
57 47
56 47
56 47
56 47
55 48
54 48
53 49
52 49
51 50
50 50
49 51
49 51
48 52
48 52
49 52
50 53
51 53
51 53
52 53
53 53
54 53
55 53
55 53
56 53
57 52
58 52
59 52
60 51
61 51
61 51
62 51
63 50
64 50
65 50
66 50
67 49
68 49
68 49
68 49
69 49
70 48
71 48
72 48
73 47
74 47
75 47
76 46
77 46
78 46
79 45
80 45
81 45
82 44
83 44
83 44
84 43
85 43
86 42
87 42
88 41
88 41
89 41
90 40
91 40
92 39
93 39
93 39
94 38
95 37
96 37
97 36
97 36
98 35
98 34
98 34
99 33
99 32
99 32
98 31
98 30
97 29
97 29
96 28
95 27
95 26
94 25
94 25
93 24
92 23
91 22
90 21
90 21
89 20
88 19
87 18
86 18
85 17
84 16
84 16
83 15
82 14
81 14
80 13
79 12
79 12
78 11
77 10
76 10
75 9
75 9
74 8
73 8
72 7
71 7
71 7
70 8
69 8
69 8
69 8
68 9
68 10
67 11
67 12
66 13
66 14
66 14
66 15
65 16
65 17
65 18
65 19
64 20
64 21
64 21
64 22
63 23
63 24
63 25
63 26
62 27
62 28
62 29
62 29
62 30
62 31
62 32
62 33
61 34
61 35
61 36
61 37
61 38
61 39
61 39
61 40
61 41
60 42
60 43
60 44
60 45
60 46
60 47
59 48
59 49
59 50
59 50
59 51
59 52
59 53
59 54
59 55
59 56
59 57
59 58
59 59
59 60
59 61
59 61
59 62
59 63
59 64
59 65
59 66
60 67
60 68
60 69
60 70
60 71
60 72
60 72
60 73
60 74
60 75
61 76
61 77
61 78
61 79
61 80
61 80
61 81
62 82
62 83
62 84
62 85
63 86
63 87
63 87
63 88
63 89
64 90
64 91
64 92
64 92
64 92
65 93
66 94
67 95
67 96
68 97
69 98
69 98
70 99
71 99
71 99
72 99
72 99
73 99
73 99
73 99
73 99
72 98
72 97
