21 5
21 5
20 4
19 4
19 4
18 3
18 3
18 2
18 1
18 1
18 0
18 0
18 1
18 1
18 1
18 2
19 3
19 4
19 5
19 5
19 6
19 7
19 8
19 9
19 10
19 10
19 11
19 12
19 13
20 14
20 15
20 16
20 17
20 17
20 18
20 19
20 20
21 21
21 22
21 23
21 24
21 24
21 25
21 26
22 27
22 28
22 29
22 30
22 30
22 31
23 32
23 33
23 34
23 34
24 35
24 35
25 35
25 35
24 34
23 33
22 32
21 31
20 30
19 29
18 28
17 28
16 27
15 26
14 25
13 24
12 23
11 22
10 21
10 21
9 22
9 22
8 22
7 22
7 22
7 23
7 23
8 24
8 25
8 25
9 25
10 26
11 26
11 26
12 26
13 27
14 27
15 27
15 27
16 27
17 28
18 28
19 28
19 28
20 28
21 28
22 28
23 28
23 28
24 28
25 28
26 27
27 27
28 27
28 27
29 27
30 27
31 26
32 26
33 26
33 26
34 26
35 26
36 26
36 26
37 25
38 25
38 25
39 24
39 24
39 23
39 23
39 23
38 22
38 22
37 22
36 22
36 22
35 23
35 23
34 23
33 24
32 24
31 24
31 24
30 24
29 25
28 25
27 26
26 26
26 26
25 26
24 27
23 27
22 28
21 28
20 29
19 29
19 29
18 29
17 30
16 30
15 30
14 31
13 31
13 31
12 32
11 32
10 33
9 33
8 34
7 34
7 34
6 34
5 35
4 35
3 36
2 36
2 36
1 37
0 38
0 38
0 39
0 39
0 39
1 39
2 39
3 39
3 39
4 39
5 38
6 38
7 38
7 38
8 38
9 37
10 37
11 36
12 36
12 36
13 36
14 35
15 35
16 35
17 34
18 34
18 34
19 34
20 33
21 33
22 33
23 32
24 32
24 32
25 32
26 31
27 31
28 31
29 31
30 30
31 30
31 30
32 30
33 29
34 29
35 29
35 29
36 29
37 29
38 29
39 29
39 29
40 29
41 29
41 29
41 30
41 30
40 31
39 31
39 31
38 32
37 32
36 33
36 33
35 34
34 34
33 35
32 35
31 36
31 36
30 37
29 37
28 38
27 38
26 39
25 39
24 40
24 40
23 41
22 41
21 42
20 43
19 43
18 44
18 44
17 45
16 45
15 46
14 46
13 47
13 47
12 48
11 48
10 49
9 49
8 50
8 50
7 51
6 51
6 51
6 52
6 52
7 51
7 51
8 50
9 50
10 49
10 49
11 48
12 47
13 47
14 46
14 46
15 45
16 44
17 44
18 43
18 43
19 42
20 41
21 41
22 40
22 40
23 39
24 38
25 38
26 37
26 37
27 36
28 36
29 35
29 35
30 35
31 34
32 34
32 34
33 34
33 34
34 34
34 34
34 34
35 35
35 36
35 36
35 37
35 38
35 38
35 39
36 40
36 41
36 42
36 42
37 43
38 44
38 44
39 45
40 45
40 45
41 45
42 45
43 45
43 45
44 45
45 44
46 44
46 44
47 44
48 43
49 43
50 43
50 43
51 42
52 42
53 41
54 41
54 41
55 40
56 39
56 39
55 38
55 37
54 36
53 35
53 34
52 33
51 32
51 31
50 30
49 29
49 28
48 27
47 26
47 25
46 24
45 23
45 22
44 21
43 20
43 19
42 18
42 18
41 18
40 18
39 18
39 18
38 18
37 17
36 17
36 17
35 17
34 17
33 17
33 17
32 18
31 18
31 18
32 19
32 19
33 20
33 20
34 21
35 21
36 22
36 22
37 23
38 23
38 23
39 23
40 24
41 24
41 24
42 25
43 25
43 25
44 26
45 26
45 26
46 26
47 26
47 26
48 26
48 26
48 25
48 25
48 25
48 24
48 24
47 23
46 23
46 23
45 22
45 22
44 22
43 21
42 21
42 21
41 21
41 21
40 20
40 20
40 20
41 20
42 19
43 19
43 19
44 19
45 19
46 18
47 18
48 18
48 18
49 18
50 17
51 17
52 17
53 17
54 16
55 16
55 16
56 16
57 15
58 15
59 15
60 15
61 14
62 14
63 14
63 14
64 14
65 14
66 14
67 13
68 13
69 13
70 13
70 13
71 13
72 13
73 13
74 13
75 13
76 13
77 13
77 13
78 13
79 13
80 13
81 13
82 13
82 13
83 13
84 13
85 13
85 13
86 14
87 14
87 14
87 15
87 16
87 16
86 17
85 18
85 18
84 19
83 19
82 20
82 20
81 20
80 21
79 21
78 22
77 22
77 22
76 22
75 23
74 23
73 24
72 24
72 24
71 24
70 25
69 25
68 26
67 26
66 27
65 27
65 27
64 27
63 28
62 28
61 28
60 28
59 29
58 29
57 29
57 29
56 30
55 30
54 31
53 31
52 32
51 32
51 32
50 32
49 33
48 33
47 33
46 34
45 34
45 34
44 35
43 35
43 35
42 35
42 35
42 34
42 34
43 33
43 32
43 32
44 31
45 31
46 30
46 30
47 29
48 29
49 28
49 28
50 28
51 28
52 27
53 27
54 27
54 27
55 27
56 26
57 26
58 26
59 25
60 25
60 25
61 25
62 25
63 25
64 25
65 25
66 25
67 25
67 25
68 25
69 25
70 25
71 25
72 25
73 25
73 25
74 25
75 26
76 26
77 26
77 26
78 27
79 27
79 27
79 28
79 29
79 29
78 30
78 31
78 31
77 32
76 33
75 33
74 34
74 34
73 35
72 35
71 36
70 36
70 36
69 37
68 38
67 38
66 39
66 39
65 39
64 39
63 40
62 40
61 40
61 40
60 40
59 40
58 40
58 40
57 40
57 40
57 40
57 39
57 38
57 38
58 37
58 37
59 36
60 36
60 36
61 35
62 35
63 34
63 34
64 34
65 33
66 33
66 33
67 33
68 33
69 33
70 33
70 33
71 33
72 33
72 33
73 33
73 33
74 34
74 34
73 35
73 35
72 36
71 36
71 36
70 36
69 37
68 37
68 37
67 37
66 38
65 38
65 38
64 38
63 38
63 38
62 38
62 38
62 38
62 37
62 37
63 37
64 37
64 37
65 36
65 36
66 36
66 36
67 35
67 35
67 35
67 35
68 35
68 35
68 35
68 35
68 35
67 36
67 36
67 36
66 36
66 36
65 36
65 36
64 37
63 37
63 37
62 37
61 38
60 38
60 38
59 38
58 39
57 39
57 39
56 40
55 40
55 40
54 41
53 41
53 41
52 42
52 43
52 43
53 44
53 45
53 45
54 46
54 46
55 46
56 47
57 47
57 47
58 47
59 48
60 48
60 48
61 48
62 48
63 47
64 47
65 47
66 47
66 47
67 47
68 47
69 47
70 46
71 46
72 46
73 46
73 46
74 46
75 45
76 45
77 44
78 44
79 44
80 43
81 43
81 43
82 43
83 42
84 42
85 42
86 41
87 41
88 41
89 40
90 40
90 40
91 39
92 38
93 38
94 37
95 36
95 36
96 35
97 34
98 33
98 33
98 32
99 31
99 30
99 29
99 29
98 28
97 27
96 26
96 26
95 25
94 24
93 24
92 23
92 23
91 23
90 22
89 22
88 22
87 21
86 21
86 21
85 21
84 21
83 21
82 20
81 20
80 20
79 20
79 20
78 20
77 20
76 20
75 20
74 20
73 20
72 20
72 20
71 20
70 20
69 19
68 19
67 19
67 19
66 19
65 19
64 19
64 19
63 19
62 19
62 19
62 20
62 20
61 21
60 22
60 22
60 23
59 24
59 25
59 26
59 27
58 28
58 29
58 29
58 30
57 31
57 32
57 33
56 34
56 35
56 36
56 37
55 38
55 39
55 39
55 40
55 41
55 42
54 43
54 44
54 45
54 46
54 47
54 48
53 49
53 50
53 51
53 52
53 52
53 53
53 54
53 55
53 56
53 57
52 58
52 59
52 60
52 61
52 62
52 63
52 63
52 64
52 65
52 66
52 67
52 68
52 69
52 70
52 71
52 72
52 73
52 73
52 74
53 75
53 76
54 77
54 78
55 79
55 80
55 80
56 81
57 82
58 83
59 84
60 85
60 85
61 85
62 86
63 86
64 87
65 87
66 88
67 88
67 88
68 88
69 88
70 88
71 89
72 89
73 89
74 89
75 89
75 89
76 89
77 90
78 90
79 90
80 90
81 91
82 91
82 91
83 91
84 92
85 92
86 92
87 92
88 93
89 93
89 93
90 94
91 94
92 95
93 95
94 96
94 96
95 97
96 98
97 99
