20 9
21 8
21 7
22 6
22 6
22 5
22 4
22 3
22 3
22 2
22 2
22 2
22 3
22 3
22 4
22 5
22 6
22 7
22 8
22 8
22 9
22 10
21 11
21 12
21 13
21 13
21 14
21 15
21 16
20 17
20 18
20 19
20 20
20 20
20 21
20 22
20 23
20 24
20 25
20 25
20 26
21 27
21 28
21 28
22 29
23 30
23 30
24 31
25 32
25 32
26 32
27 32
27 32
26 31
25 30
24 30
23 29
22 28
21 27
20 27
19 26
18 25
17 24
16 24
15 23
14 22
13 21
12 21
11 20
10 19
10 19
9 18
8 17
7 16
7 16
6 15
5 14
5 14
4 14
4 14
3 14
3 14
4 15
5 15
5 15
6 16
7 16
7 16
8 16
9 17
10 17
10 17
11 17
12 17
13 18
14 18
15 18
15 18
16 18
17 18
18 17
19 17
20 17
21 17
22 17
23 17
24 16
25 16
26 16
27 16
28 16
29 16
30 15
31 15
32 15
33 15
34 15
35 15
36 14
37 14
38 14
39 14
40 14
41 14
42 13
43 13
44 13
45 13
46 13
47 13
48 12
49 12
50 12
50 12
50 12
49 13
48 13
47 14
47 14
46 15
45 15
44 16
43 16
43 16
42 17
41 17
40 18
39 18
39 18
38 18
37 19
36 19
35 19
34 20
33 20
33 20
32 21
31 21
30 22
29 22
28 23
27 23
27 23
26 23
25 24
24 24
23 25
22 25
21 25
20 26
19 26
19 26
18 26
17 27
16 27
15 28
14 28
13 29
12 29
12 29
11 30
10 30
9 31
8 31
7 32
6 32
6 32
5 32
4 33
3 33
2 34
1 34
1 34
0 35
0 35
0 36
0 36
1 36
2 36
2 36
3 36
4 36
5 36
6 36
7 36
8 36
8 36
9 36
10 36
11 35
12 35
13 35
13 35
14 35
15 34
16 34
17 34
18 33
19 33
19 33
20 33
21 33
22 32
23 32
24 32
25 32
25 32
26 31
27 31
28 30
29 30
29 30
30 30
31 30
32 30
33 30
33 30
34 29
34 29
34 29
33 30
33 30
32 30
31 30
31 30
30 31
29 32
28 33
28 33
27 34
26 34
25 35
24 35
24 35
23 36
22 36
21 37
20 37
19 38
18 38
18 38
17 39
16 39
15 40
14 40
13 41
13 41
12 42
11 42
10 43
10 43
9 43
8 44
7 44
7 44
7 44
8 44
8 44
9 44
10 43
11 43
11 43
12 42
13 42
14 41
14 41
15 40
16 40
17 39
18 39
18 39
19 38
20 38
21 37
22 37
22 37
23 36
24 36
25 35
25 35
26 34
27 34
28 33
28 33
29 33
30 32
31 32
31 32
32 33
32 33
33 34
33 35
34 36
34 36
34 37
35 38
35 39
35 39
35 40
36 41
36 42
36 43
36 43
37 44
37 45
38 46
38 46
39 47
40 48
40 48
41 48
42 49
43 49
43 49
44 49
45 48
46 48
46 48
47 47
48 47
49 46
50 46
50 46
51 45
52 44
53 44
54 43
55 42
55 42
56 41
57 40
58 40
59 39
59 39
60 38
61 37
61 36
62 35
62 35
63 34
63 33
64 32
64 31
64 31
63 30
62 29
62 28
61 27
60 26
59 25
58 24
58 23
57 22
56 21
55 20
54 19
54 18
53 17
52 16
51 15
50 14
50 13
49 12
48 11
47 10
46 9
46 8
45 7
44 6
43 5
42 4
42 3
41 2
40 1
40 1
39 2
38 2
38 2
38 3
38 3
37 4
37 5
37 5
38 6
38 7
38 7
38 8
39 9
39 10
39 10
40 11
40 12
40 12
41 13
41 14
42 15
42 15
43 16
44 17
45 17
46 18
46 18
47 19
48 20
49 21
49 21
49 20
48 19
48 18
48 17
48 16
47 15
47 14
47 13
47 12
46 11
46 10
46 10
46 9
46 8
45 7
45 6
45 5
45 5
45 4
45 4
46 3
47 3
47 3
48 3
49 2
50 2
51 2
51 2
52 2
53 2
54 2
55 1
56 1
57 1
58 1
58 1
59 1
60 1
61 1
62 1
63 1
64 1
65 1
66 1
66 1
67 1
68 1
69 1
70 1
71 1
72 1
73 1
74 1
74 1
75 1
76 1
77 1
78 1
79 1
80 1
81 1
81 1
82 1
83 1
84 1
85 1
86 1
87 1
87 1
88 1
89 2
90 2
91 2
91 2
92 3
92 3
92 4
92 4
91 5
91 6
91 6
90 6
89 7
88 7
87 8
86 8
86 8
85 8
84 9
83 9
82 9
81 9
80 10
79 10
79 10
79 10
78 10
77 10
76 11
75 11
74 11
73 11
72 11
71 12
70 12
69 12
68 12
67 12
66 12
65 13
64 13
63 13
62 13
61 13
60 14
59 14
58 14
58 14
57 14
56 14
55 14
54 14
54 14
53 14
52 14
51 14
51 14
51 14
52 14
53 14
53 14
54 14
55 14
56 14
56 14
57 14
58 14
59 14
60 14
61 14
61 14
62 14
63 14
64 13
65 13
66 13
67 13
67 13
68 13
69 13
70 13
71 13
72 13
73 13
73 13
74 13
75 13
76 12
77 12
78 12
78 12
79 12
80 12
81 12
81 12
82 12
82 12
81 12
81 12
80 12
79 13
78 13
78 13
77 13
76 13
75 13
74 13
74 13
73 13
72 14
71 14
70 14
70 14
69 15
68 15
67 16
66 16
66 16
65 17
64 17
63 18
62 18
62 18
61 19
60 20
60 20
60 21
59 22
59 23
59 23
59 24
60 25
60 26
60 26
61 27
62 27
63 28
63 28
64 29
65 29
66 30
66 30
67 31
68 31
69 32
69 32
70 32
71 32
72 33
73 33
74 33
74 33
75 33
76 34
77 34
78 34
78 34
79 34
80 35
81 35
82 35
82 35
83 35
84 36
85 36
85 36
86 36
87 37
88 37
88 37
88 38
88 38
88 39
88 40
88 40
87 41
86 42
86 42
85 42
84 43
83 43
82 44
81 44
81 44
80 44
79 44
78 44
77 45
76 45
75 45
74 45
74 45
73 45
72 45
71 45
70 46
69 46
68 46
67 46
66 46
66 46
65 46
64 46
63 46
62 47
61 47
60 47
59 47
59 47
58 47
57 47
56 47
55 47
54 47
54 47
53 47
52 46
51 46
51 46
51 46
52 46
53 46
54 46
54 46
55 46
56 46
57 45
58 45
59 45
59 45
60 45
61 45
62 45
63 45
64 45
65 45
66 45
66 45
67 45
68 45
69 45
70 44
71 44
72 44
73 44
74 44
74 44
75 44
76 44
77 44
78 43
79 43
80 43
81 43
82 43
82 43
83 43
84 42
85 42
86 42
87 42
88 41
89 41
89 41
90 41
91 40
92 40
93 39
94 39
94 39
95 38
96 38
97 37
97 37
98 36
99 35
99 35
99 34
98 33
98 32
98 32
97 31
97 30
96 29
96 29
95 28
94 27
93 26
93 26
92 25
91 24
90 24
89 23
88 22
88 22
87 21
86 20
85 19
84 18
83 17
83 17
82 16
82 15
81 14
81 13
80 12
80 12
79 11
78 10
77 9
77 9
76 8
75 7
75 7
74 7
73 7
73 7
73 8
72 9
72 10
72 11
72 11
72 12
71 13
71 14
70 15
70 16
70 16
70 17
70 18
69 19
69 20
69 21
69 22
68 23
68 24
68 25
68 25
68 26
68 27
67 28
67 29
67 30
67 31
66 32
66 33
66 34
66 34
66 35
66 36
66 37
66 38
66 39
65 40
65 41
65 42
65 43
65 44
65 45
65 45
65 46
65 47
65 48
65 49
65 50
65 51
65 52
65 53
65 54
65 54
65 55
65 56
65 57
65 58
66 59
66 60
66 61
66 62
66 63
66 63
66 64
66 65
66 66
67 67
67 68
67 69
67 70
67 70
67 71
67 72
68 73
68 74
68 75
68 76
68 76
68 77
68 78
69 79
69 80
69 81
69 82
69 82
69 83
70 84
70 85
71 86
71 87
71 87
71 88
72 89
72 90
72 91
72 91
73 92
73 93
74 94
74 95
74 95
74 96
75 97
75 98
75 98
76 99
76 99
77 99
77 99
77 99
