0 34
0 34
0 34
0 34
0 34
0 34
0 34
0 34
0 34
0 34
0 34
1 34
1 34
2 35
2 36
2 36
3 37
3 37
4 38
4 38
5 39
5 40
5 40
6 41
6 41
7 41
7 41
7 42
7 42
8 42
8 42
9 41
9 41
9 41
10 40
10 40
10 39
10 39
11 38
11 37
11 37
11 36
11 36
11 35
11 34
11 34
12 33
12 33
12 32
12 31
12 31
12 30
12 29
12 29
12 28
12 27
12 27
12 26
12 25
12 25
12 24
12 23
12 22
12 22
12 21
12 20
12 20
11 19
11 18
11 18
11 17
11 17
11 16
11 15
11 15
11 14
11 14
11 14
11 14
11 14
11 14
11 14
11 14
11 15
11 16
11 16
12 17
12 18
12 18
12 19
13 20
13 21
13 21
13 22
14 23
14 24
14 25
14 25
14 26
15 27
15 28
15 29
15 29
15 30
16 31
16 32
17 33
17 34
17 34
17 35
18 36
18 37
18 38
18 38
18 39
19 40
19 41
20 42
20 43
20 43
21 44
21 45
22 46
22 47
22 47
23 48
23 49
23 49
24 50
24 51
24 51
25 52
25 52
25 53
25 54
25 54
25 55
25 55
25 56
25 56
24 57
24 57
24 57
23 58
23 58
22 58
21 58
21 58
20 58
20 58
19 58
18 58
18 58
17 58
16 58
16 58
15 59
14 59
14 59
13 59
12 59
12 59
11 59
10 59
10 59
9 60
8 60
8 60
7 60
6 60
6 60
5 61
4 61
4 61
3 60
3 60
2 60
2 60
2 60
1 59
1 59
1 59
2 58
2 58
2 57
2 57
3 56
3 55
3 55
4 54
5 53
5 53
6 52
6 51
7 50
7 49
7 49
8 48
8 47
9 46
9 45
9 45
10 44
11 43
11 42
12 41
12 41
13 40
14 39
14 38
15 37
15 37
16 36
17 35
17 34
18 33
18 33
19 32
19 31
20 30
20 29
20 29
21 28
22 28
23 27
23 27
24 26
24 25
24 25
25 24
26 24
26 24
27 23
27 23
27 23
28 23
28 23
28 24
28 24
28 24
28 25
28 26
28 26
27 27
27 27
27 28
26 29
26 30
26 30
26 31
25 32
25 33
25 33
25 34
25 35
25 36
25 36
25 37
24 38
24 39
24 40
24 40
24 41
23 42
23 43
23 43
22 44
22 45
22 45
21 46
21 47
21 47
21 48
21 49
21 50
21 50
20 51
20 52
20 52
20 53
20 54
20 54
20 55
20 56
20 56
20 57
19 58
19 59
19 59
19 60
19 61
19 61
19 62
19 63
19 63
19 64
19 65
19 65
18 66
18 67
18 67
18 68
18 68
18 69
18 69
17 70
17 70
17 71
17 72
17 72
17 73
17 73
16 74
16 74
16 75
16 75
16 76
16 76
16 77
16 77
16 77
16 77
16 77
16 76
16 76
16 75
16 75
16 74
16 74
16 73
16 73
16 72
16 72
16 71
16 70
16 69
16 68
17 67
17 66
17 65
17 64
17 63
17 62
17 61
17 60
17 59
17 58
18 57
18 56
18 55
18 54
18 53
18 52
18 51
18 50
18 49
18 48
19 47
19 46
19 45
19 44
19 43
19 43
20 42
20 42
21 41
21 41
22 41
22 41
22 41
23 42
23 42
24 42
24 42
25 43
25 43
25 44
25 45
25 45
26 46
26 46
27 47
27 47
27 48
27 49
27 49
28 50
28 50
29 51
29 51
30 52
30 53
30 53
31 54
31 54
32 55
32 56
32 56
33 57
33 57
34 58
34 58
34 58
35 59
35 59
36 59
36 59
36 59
37 58
37 58
38 57
38 57
38 57
39 56
39 56
40 55
40 55
41 55
41 55
42 54
43 54
43 54
44 53
44 53
45 52
45 52
46 52
46 52
47 51
47 51
48 50
48 50
48 50
47 50
47 50
47 50
47 51
47 51
46 51
46 51
46 51
46 50
46 50
46 50
45 49
45 49
45 48
45 47
45 47
44 46
44 46
44 45
44 45
44 44
43 43
43 42
42 41
42 40
41 39
41 38
40 37
40 36
39 35
39 34
39 33
38 32
38 31
37 30
37 29
36 28
36 27
35 26
35 25
35 24
34 23
34 22
33 21
33 20
32 19
32 18
31 17
31 16
30 15
30 14
30 14
30 14
29 14
28 14
28 14
27 14
27 14
27 14
27 14
27 14
28 14
28 14
29 15
29 15
30 16
30 16
31 17
31 17
32 18
33 19
33 19
34 20
34 20
35 21
35 21
36 21
37 21
37 21
38 22
38 22
39 22
39 22
39 22
39 22
39 22
40 21
40 21
40 20
40 19
40 19
41 18
41 17
41 17
42 16
42 15
42 15
43 14
43 13
43 13
44 12
44 11
45 10
45 10
46 9
47 8
47 8
48 7
49 6
49 6
50 5
51 5
52 4
52 4
53 4
54 3
55 3
55 3
56 2
57 2
57 2
58 1
59 1
59 1
60 0
61 0
61 0
62 1
62 1
63 1
64 1
64 1
65 2
65 2
66 3
66 4
66 4
66 5
67 6
67 7
67 7
68 8
68 8
69 8
69 8
69 9
69 9
69 10
69 10
69 11
69 11
68 12
68 13
68 13
67 14
67 14
66 15
66 16
66 16
66 17
66 18
66 18
65 19
65 20
65 20
64 21
64 21
63 22
63 23
63 23
62 24
61 24
61 24
60 25
59 25
59 25
58 26
57 26
57 26
56 27
56 27
55 28
54 28
54 28
53 29
52 29
52 29
51 29
51 29
50 29
49 29
49 29
48 29
47 29
47 29
46 29
46 29
45 29
45 29
44 28
44 28
43 28
43 28
43 27
43 27
43 27
43 26
43 26
43 25
43 25
43 24
43 24
43 24
44 23
44 23
44 22
44 22
45 21
45 21
46 20
46 20
47 19
47 19
48 18
48 18
49 17
49 17
50 16
50 16
51 15
51 15
52 14
53 14
53 14
54 13
54 13
55 12
56 12
56 12
57 12
57 12
58 11
58 11
59 11
59 11
59 11
60 11
60 11
60 11
61 11
61 11
61 11
62 11
62 11
62 12
62 12
62 13
62 13
62 14
62 14
62 15
62 15
61 16
61 16
61 17
61 18
61 18
61 19
60 20
60 21
60 21
59 22
59 23
59 23
58 24
58 25
58 25
57 26
57 27
57 27
56 28
56 29
56 29
55 30
55 30
54 31
54 32
54 32
53 33
53 33
52 34
52 34
51 35
51 35
50 35
50 35
50 36
50 36
49 36
49 36
49 35
49 35
49 35
50 34
50 34
50 33
50 33
51 32
51 32
52 31
52 31
53 30
54 29
54 29
55 28
55 28
56 27
56 27
57 26
57 26
58 26
58 26
59 26
59 26
60 26
60 26
61 26
62 26
62 26
63 27
63 28
63 28
64 29
64 30
64 30
65 31
65 32
65 32
65 33
65 34
65 35
65 35
65 36
65 37
65 38
65 39
65 39
65 40
65 41
65 42
65 42
65 43
64 44
64 45
64 45
64 46
64 47
64 48
64 48
64 49
63 50
63 51
63 51
63 52
63 53
63 54
63 54
62 55
62 56
62 56
61 57
61 57
61 58
61 58
60 58
60 58
60 58
59 57
59 57
58 56
57 56
57 56
56 55
56 54
56 54
55 53
55 52
54 51
54 51
53 50
53 49
53 49
52 48
52 47
51 46
51 45
51 45
51 44
50 43
50 42
50 42
50 41
49 40
49 39
49 38
49 38
49 37
48 36
48 35
48 34
48 34
48 33
48 32
48 31
48 30
48 30
48 29
48 28
47 27
47 26
47 25
47 25
47 24
47 23
47 22
47 21
47 21
47 20
48 19
48 18
48 17
48 17
48 16
48 15
48 14
48 14
49 13
49 12
49 12
49 11
49 10
49 10
50 9
50 9
51 9
51 9
51 9
52 10
52 10
53 11
53 12
53 12
54 13
54 14
54 14
54 15
55 16
55 17
55 17
56 18
56 19
57 20
57 21
57 21
57 22
58 23
58 24
59 25
59 26
59 26
59 27
60 28
60 29
61 30
61 31
62 32
62 33
62 33
62 34
63 35
63 36
64 37
64 38
64 39
65 40
65 41
65 41
65 42
66 43
66 44
66 45
67 46
67 47
67 48
68 49
68 50
68 50
68 51
69 52
69 53
70 54
70 55
71 56
71 57
71 57
72 58
72 59
73 60
73 61
74 62
74 63
74 63
74 64
75 65
75 66
76 67
76 68
76 68
77 69
77 70
78 71
78 72
79 73
79 73
80 74
80 75
81 76
81 77
81 77
82 78
83 79
83 80
84 81
84 81
85 82
85 83
86 84
86 84
87 85
87 86
88 87
88 87
89 88
90 88
91 89
91 89
92 90
92 91
92 91
93 92
94 93
94 93
94 94
95 95
95 96
95 96
96 97
97 98
97 98
98 99
99 99
