0 9
0 10
0 11
0 12
0 13
0 13
0 12
0 11
0 10
0 10
0 9
0 9
0 10
0 10
1 11
1 11
2 11
3 11
3 11
4 10
5 10
5 10
6 9
7 8
7 8
8 7
9 6
9 6
10 5
11 4
12 3
12 3
13 2
14 1
14 1
15 0
16 0
16 0
17 0
17 0
18 1
18 2
18 2
18 3
18 4
18 4
18 5
18 6
18 6
18 7
18 8
18 9
18 10
18 11
18 11
18 12
18 13
18 14
18 15
18 16
18 17
18 18
18 18
18 19
18 20
18 21
17 22
17 23
17 24
17 25
17 26
17 26
17 27
17 28
17 29
17 30
17 31
17 32
17 33
17 34
17 34
17 35
17 36
16 37
16 38
16 39
16 40
16 40
16 41
16 42
15 43
15 44
15 45
15 46
15 46
15 47
14 48
14 49
14 49
14 50
14 51
14 51
13 51
13 51
12 51
12 51
12 50
11 49
11 48
11 47
11 46
10 45
10 44
10 43
10 42
9 41
9 40
9 39
9 38
8 37
8 36
8 35
8 34
7 33
7 32
7 31
7 30
6 29
6 28
6 27
6 27
6 27
5 26
5 26
5 27
5 28
5 29
5 30
5 30
5 31
5 32
4 33
4 34
4 35
4 35
4 36
4 37
4 38
4 39
4 40
4 41
4 41
4 42
4 43
4 44
4 45
4 46
4 46
4 47
4 48
4 49
4 50
4 51
4 52
4 53
4 53
4 54
4 55
4 56
4 57
4 58
4 58
4 59
4 60
4 61
4 62
4 62
4 63
4 64
4 64
4 65
4 66
4 66
4 66
4 66
5 65
5 65
5 64
6 63
6 62
6 62
7 61
7 60
8 59
8 58
8 58
9 57
9 56
10 55
10 54
11 53
11 53
12 52
13 51
13 50
14 49
14 49
15 48
16 47
16 46
17 45
17 45
18 44
19 44
20 43
21 43
21 43
22 43
23 42
24 42
24 42
25 42
26 42
26 42
27 43
28 44
28 44
28 45
29 46
29 47
29 48
29 48
29 49
30 50
30 51
30 52
30 52
30 53
30 54
30 55
30 56
30 57
30 58
30 59
30 59
30 60
30 61
30 62
30 63
30 64
30 65
30 65
30 66
30 67
30 68
30 69
30 70
30 71
30 72
30 72
30 73
30 74
30 75
30 76
30 77
30 78
30 79
30 80
30 80
30 81
30 82
29 83
29 84
29 85
29 85
29 86
29 87
28 88
28 89
28 90
28 90
28 91
27 92
27 93
27 94
27 94
27 95
26 96
26 97
26 97
25 98
24 98
24 98
23 99
22 99
22 99
21 99
20 99
20 99
19 98
18 97
18 97
17 96
16 95
16 95
15 94
14 93
14 92
13 91
13 91
12 90
11 90
11 90
10 90
9 89
8 89
8 89
7 89
6 89
6 89
5 89
4 90
3 90
3 90
2 90
2 90
1 90
1 90
0 90
0 90
0 89
0 89
1 88
1 88
2 87
2 86
3 85
3 85
4 84
4 83
5 82
5 82
6 81
7 80
8 80
9 79
9 79
10 78
11 77
12 76
13 75
13 75
14 74
15 73
16 73
17 72
17 72
18 71
19 70
20 70
21 69
21 69
22 68
23 68
24 67
24 67
25 66
26 65
26 64
27 63
28 62
29 61
29 60
30 59
31 58
32 57
32 56
33 55
34 54
35 53
35 52
36 51
37 50
38 49
38 48
39 47
40 46
41 45
41 44
42 43
43 42
44 41
44 40
45 39
46 38
47 37
47 36
48 35
49 34
50 33
50 32
51 31
52 30
53 29
53 28
54 27
55 26
56 25
56 24
57 23
58 22
59 21
59 20
60 19
61 18
61 18
62 17
62 16
62 16
62 15
62 14
62 14
62 14
62 15
62 16
62 16
63 17
63 18
64 19
64 20
64 20
64 21
64 22
65 23
65 24
65 25
65 25
66 26
66 27
67 28
67 28
68 29
68 30
69 31
69 31
70 32
71 32
71 32
72 31
72 31
72 30
73 29
73 28
74 27
74 26
74 25
75 24
75 23
75 22
76 21
76 20
77 19
77 18
77 17
78 16
78 15
78 14
79 13
79 12
80 11
80 10
80 9
81 8
81 7
81 7
82 7
83 6
84 6
84 6
83 6
83 6
83 6
83 7
83 8
83 9
83 9
83 10
83 11
83 12
83 13
83 13
83 14
82 15
82 16
82 17
82 17
82 18
82 19
81 20
81 21
81 22
81 22
81 23
80 24
80 25
80 26
80 26
80 27
79 28
79 29
78 30
78 31
78 31
77 32
77 33
76 34
76 35
75 36
75 36
74 37
73 38
73 39
72 40
72 40
71 41
70 42
70 43
69 44
69 44
68 45
67 46
66 47
66 47
65 48
64 49
63 50
63 50
62 51
62 51
61 52
61 52
61 53
61 53
61 53
61 53
62 53
62 53
63 52
64 52
65 51
65 51
66 50
67 49
68 48
68 48
69 47
70 46
71 45
72 44
72 44
73 43
74 42
75 42
76 41
77 40
77 40
78 39
79 38
80 37
81 36
81 36
82 35
83 34
84 34
85 33
85 33
86 32
87 32
87 32
88 31
89 31
89 31
89 30
89 30
89 29
89 29
88 28
88 27
87 26
87 25
86 24
85 23
85 22
84 21
83 20
83 19
82 18
82 17
81 16
80 15
80 14
79 13
78 12
78 11
77 10
77 9
76 8
76 8
76 9
76 10
76 11
76 12
76 12
75 12
75 12
75 13
74 14
74 15
74 16
74 16
74 17
74 18
74 19
73 20
73 21
73 22
73 23
73 24
73 24
73 25
73 26
73 27
72 28
72 29
72 30
72 31
72 32
72 32
72 33
72 34
72 35
72 36
71 37
71 38
71 39
71 40
71 41
71 41
71 42
71 43
71 44
71 45
71 46
71 47
71 48
71 49
71 49
71 50
71 51
71 52
70 53
70 54
70 55
70 56
70 57
70 57
70 58
70 59
69 60
69 61
69 62
69 63
69 63
69 64
68 65
68 66
68 67
67 68
67 69
67 69
67 70
66 71
66 72
66 73
66 73
66 74
65 75
65 76
65 76
64 77
64 78
64 78
64 78
64 77
64 76
64 76
64 75
65 74
65 73
65 72
65 71
66 70
66 69
66 68
66 67
67 66
67 65
67 64
67 63
68 62
68 61
68 60
68 59
69 58
69 57
69 56
69 55
70 54
70 53
70 52
70 51
71 50
71 49
71 48
71 47
72 46
72 45
72 44
72 43
73 42
73 41
73 41
74 41
75 41
76 41
77 41
77 41
77 41
77 40
77 40
77 41
77 42
77 42
77 43
77 44
77 45
77 46
77 46
77 47
77 48
76 49
76 50
76 51
76 51
76 52
76 53
76 54
75 55
75 56
75 57
75 58
75 58
75 59
75 60
75 61
75 62
75 63
75 63
75 64
75 65
75 66
75 67
75 68
75 68
75 69
74 70
74 71
74 72
74 72
74 73
74 74
74 74
74 75
74 76
74 76
75 77
75 77
76 77
76 77
77 77
77 77
78 76
79 76
79 76
80 76
81 75
82 75
82 75
83 74
84 74
85 73
85 73
86 73
87 72
88 72
88 72
89 71
90 70
90 70
91 70
92 69
93 69
93 69
94 68
95 68
95 68
96 67
96 66
96 66
97 65
98 65
98 65
98 64
98 63
98 63
98 62
99 61
99 60
99 60
99 59
99 58
99 57
99 57
99 56
99 55
98 54
98 53
98 52
98 52
98 51
98 50
98 49
98 48
98 47
98 47
98 46
98 45
97 44
97 43
97 42
97 41
97 41
97 40
97 39
97 38
97 37
97 36
97 35
97 35
97 34
96 33
96 32
96 31
