9 7
8 8
7 8
7 8
7 8
6 8
6 8
6 8
6 8
7 7
7 7
7 6
7 6
8 5
9 5
9 5
10 4
10 4
11 3
12 3
13 2
13 2
14 1
15 1
15 1
16 0
17 0
17 0
18 0
18 0
19 1
20 1
20 1
21 2
21 2
22 3
22 4
22 4
22 5
23 6
23 7
23 8
23 8
23 9
23 10
23 11
23 12
23 13
23 13
23 14
23 15
23 16
23 17
23 18
23 19
23 19
23 20
23 21
23 22
23 23
23 24
23 25
23 26
23 26
23 27
23 28
23 29
22 30
22 31
22 32
22 33
22 34
22 34
22 35
22 36
22 37
21 38
21 39
21 40
21 41
21 41
21 42
21 43
21 44
21 45
21 46
21 46
21 47
21 48
21 49
21 50
21 50
21 51
21 52
21 53
21 53
20 54
20 55
20 55
20 55
19 55
19 55
19 54
19 53
18 52
18 51
18 50
18 49
18 48
17 47
17 46
17 45
17 44
17 43
16 42
16 41
16 40
16 39
15 38
15 37
15 36
15 35
15 34
14 33
14 32
14 31
14 30
14 29
13 28
13 27
13 26
13 26
13 25
13 25
13 25
13 26
13 26
12 27
12 27
12 28
12 28
12 29
12 30
12 31
12 31
12 32
11 33
11 34
11 34
11 35
11 36
11 37
11 38
11 38
11 39
10 40
10 41
10 41
10 42
10 43
10 44
10 44
10 45
9 46
9 47
9 47
9 48
9 49
9 50
9 50
9 51
8 52
8 53
8 53
8 54
8 55
8 55
8 56
8 57
8 57
8 58
8 58
8 59
8 59
8 59
9 59
9 59
9 58
9 58
10 57
11 56
11 56
12 55
12 54
12 54
13 53
14 52
14 52
15 51
16 50
16 50
17 49
17 49
18 48
19 47
19 47
20 46
21 46
21 46
22 45
22 45
23 45
24 45
24 45
25 45
26 45
26 45
27 45
27 45
28 46
28 46
29 47
29 47
30 48
30 48
30 49
31 50
31 51
31 51
32 52
32 53
32 53
32 54
32 55
32 56
32 57
32 57
32 58
33 59
33 60
33 60
33 61
33 62
33 63
33 64
33 65
33 65
33 66
33 67
33 68
33 69
33 69
33 70
33 71
33 72
33 73
33 74
33 74
33 75
33 76
32 77
32 78
32 79
32 79
32 80
32 81
32 82
32 83
32 84
32 84
32 85
32 86
31 87
31 88
31 89
31 90
31 90
31 91
31 92
31 93
31 94
31 94
31 95
30 96
30 97
30 97
29 98
29 98
28 99
28 99
27 99
27 99
26 98
26 98
25 97
25 96
24 95
24 95
23 94
23 93
22 92
22 91
22 91
21 90
21 89
20 88
20 87
20 87
19 87
18 87
17 86
16 86
15 86
14 86
13 85
12 85
11 85
10 85
9 85
8 84
7 84
6 84
5 84
4 83
3 83
2 83
2 83
1 84
1 84
0 84
0 84
0 84
0 84
1 83
1 83
2 82
3 82
3 82
4 81
5 80
5 80
6 79
7 79
7 79
8 78
9 78
10 77
11 77
11 77
12 76
13 76
14 75
14 75
15 74
16 74
17 73
17 73
18 72
19 72
20 71
21 71
21 71
22 70
23 69
24 68
24 68
24 67
25 66
25 65
26 64
26 63
27 62
27 61
27 60
28 59
28 58
29 57
29 56
30 55
30 54
31 53
31 52
31 51
32 50
32 49
33 48
33 47
34 46
34 45
34 44
35 43
35 42
36 41
36 40
37 39
37 38
37 37
38 36
38 35
39 34
39 33
40 32
40 31
40 30
41 29
41 28
42 27
42 26
43 25
43 24
44 23
44 22
44 21
45 20
45 19
46 18
46 17
47 16
47 15
47 15
48 16
48 16
48 16
48 17
48 17
49 18
49 19
49 19
49 20
49 21
49 22
49 22
49 23
50 24
50 25
50 25
50 26
51 27
51 28
51 28
51 29
51 30
51 31
51 31
51 32
52 33
52 34
52 34
52 35
52 35
53 36
53 37
53 37
53 38
53 38
54 39
54 39
54 38
55 37
55 36
56 35
56 34
56 33
57 32
57 31
58 30
58 29
58 28
59 27
59 26
60 25
60 24
61 23
61 22
61 21
62 20
62 19
63 18
63 17
63 16
64 15
64 14
65 13
65 12
65 12
66 11
67 11
67 11
67 11
67 12
67 12
67 12
67 13
67 14
67 14
67 15
67 15
66 16
66 17
66 17
65 18
65 19
65 19
65 20
65 21
65 21
65 22
64 23
64 24
64 24
63 25
63 26
62 27
62 28
62 28
62 29
61 30
61 31
61 31
60 32
60 33
59 34
59 34
58 35
58 36
57 37
57 38
57 38
56 39
55 40
54 41
54 41
53 42
53 43
52 44
52 45
52 45
51 46
50 47
49 48
49 48
48 49
48 50
47 51
47 52
47 52
46 53
46 54
46 54
45 55
44 55
44 55
44 56
44 56
43 57
43 57
43 57
44 56
44 56
45 55
46 55
46 55
47 54
47 53
48 52
48 52
49 51
50 50
51 49
51 49
52 48
53 47
54 46
54 46
55 45
56 45
57 44
58 44
58 44
59 43
60 42
61 41
61 41
62 40
63 40
64 39
64 39
65 38
66 38
67 37
67 37
68 36
69 35
69 35
70 34
71 33
71 33
72 32
72 32
73 31
73 31
73 30
73 30
72 29
72 28
71 27
70 26
70 25
69 24
68 23
68 22
67 21
66 20
66 19
65 18
65 17
64 16
63 15
63 14
62 13
61 12
61 11
60 10
59 9
59 8
58 7
58 7
58 8
58 8
58 9
58 9
58 10
58 11
58 11
58 12
58 12
58 13
58 14
58 14
58 15
58 16
58 16
58 17
58 18
58 19
58 19
58 20
58 21
58 22
58 23
58 23
58 24
58 25
58 26
58 27
58 28
58 28
58 29
58 30
58 31
58 32
58 32
58 33
58 34
58 35
58 36
58 37
58 38
58 38
58 39
58 40
57 41
57 42
57 43
57 44
57 44
57 45
57 46
56 47
56 48
56 49
56 49
56 50
56 51
56 52
56 53
56 54
56 55
56 55
56 56
56 57
55 58
55 59
55 60
55 61
55 61
55 62
55 63
54 64
54 65
54 66
54 66
54 67
53 68
53 69
52 70
52 71
52 71
52 72
52 73
51 74
51 75
51 76
51 76
51 77
50 78
50 79
50 80
50 80
50 81
49 82
49 83
49 83
49 84
49 85
49 85
48 86
48 86
48 85
48 85
48 84
49 83
49 82
49 81
49 80
50 79
50 78
50 77
51 76
51 75
51 74
51 73
52 72
52 71
52 70
53 69
53 68
53 67
53 66
54 65
54 64
54 63
55 62
55 61
55 60
55 59
56 58
56 57
56 56
56 55
57 54
57 53
57 52
58 51
58 50
58 49
58 48
59 47
59 46
59 45
60 44
60 43
60 42
60 41
61 40
61 39
61 39
61 40
61 40
61 41
61 41
60 41
60 41
60 42
60 42
60 43
60 44
60 44
60 45
60 45
60 46
60 47
60 48
60 48
59 49
59 50
59 50
59 51
59 52
59 52
59 53
59 54
59 54
59 55
59 56
59 57
59 57
59 58
59 59
59 59
59 60
59 61
59 62
59 62
59 63
59 64
59 64
59 65
60 66
60 67
60 67
60 68
60 69
60 69
60 70
60 71
60 71
61 72
61 72
62 73
62 74
62 74
62 75
62 76
62 76
63 77
63 77
64 78
65 78
65 78
66 79
66 79
67 80
67 80
68 80
69 80
69 80
70 80
71 80
71 80
72 80
72 80
73 80
74 80
74 80
75 80
76 80
76 80
77 80
78 80
78 80
79 79
79 79
80 79
81 79
81 79
82 78
83 78
83 78
84 77
85 76
85 76
86 75
87 75
87 75
88 74
88 74
89 73
90 73
90 73
91 72
92 71
92 71
93 70
93 70
94 69
94 68
94 68
95 67
95 66
95 66
96 65
96 64
97 63
97 63
97 62
97 61
97 60
97 59
97 59
98 58
98 57
98 57
98 56
98 55
98 54
98 54
98 53
99 52
99 51
99 51
98 50
98 49
98 49
98 48
98 47
98 46
