13 4
13 4
12 5
12 5
11 5
11 5
11 6
11 7
11 7
11 8
11 8
11 9
11 10
11 10
12 11
12 11
13 12
14 12
14 12
15 12
16 11
17 11
17 11
18 10
19 10
20 9
21 9
21 9
22 8
23 8
24 7
25 7
25 7
26 6
27 5
28 5
29 4
29 4
30 3
31 2
32 1
32 1
33 0
34 0
34 0
35 1
36 1
36 1
36 2
36 2
35 3
35 4
35 4
35 5
35 6
35 7
35 8
35 9
35 9
35 10
35 11
34 12
34 13
34 14
34 14
34 15
33 16
33 17
32 18
32 19
32 19
32 20
32 21
31 22
31 23
31 24
31 25
31 25
31 26
31 27
30 28
30 29
30 30
30 31
30 31
30 32
29 33
29 34
28 35
28 36
28 36
28 37
27 38
27 39
27 39
27 40
27 41
27 41
26 42
26 42
26 41
25 40
25 39
25 38
25 37
24 36
24 35
24 34
23 33
23 32
23 31
23 30
22 29
22 28
22 27
21 26
21 25
21 24
21 23
20 22
20 21
20 21
19 20
18 20
18 20
18 19
18 19
17 19
17 19
17 20
17 21
17 21
17 22
17 23
17 23
17 24
16 25
16 26
16 27
16 27
16 28
16 29
16 30
16 31
16 31
16 32
16 33
15 34
15 35
15 36
15 36
15 37
14 38
14 39
14 40
13 41
13 42
13 42
13 43
13 44
12 45
12 46
12 47
12 47
12 48
12 49
12 50
12 50
12 51
12 51
12 52
12 52
12 53
12 53
13 53
14 53
14 53
15 52
15 52
16 52
17 51
18 51
18 51
19 50
20 49
21 48
21 48
22 47
23 46
24 46
25 45
25 45
26 44
27 43
28 43
29 42
29 42
30 41
31 40
32 40
33 39
33 39
34 39
35 39
35 39
36 40
37 41
37 41
38 42
38 43
38 43
38 44
39 45
39 46
39 46
39 47
39 48
39 49
39 50
39 51
39 51
39 52
39 53
39 54
39 55
39 56
39 56
39 57
39 58
39 59
38 60
38 61
38 62
38 63
38 64
38 64
38 65
38 66
38 67
37 68
37 69
37 70
37 71
37 72
37 72
37 73
37 74
37 75
36 76
36 77
36 78
36 79
36 80
36 80
36 81
36 82
35 83
35 84
35 85
35 86
35 86
35 87
35 88
34 89
34 90
34 91
34 91
34 92
34 93
33 94
33 95
33 96
33 96
32 97
32 98
32 98
31 99
31 99
30 99
30 99
29 99
29 99
28 98
28 97
28 97
28 96
27 95
27 94
27 94
26 93
26 92
26 92
25 92
24 91
23 91
22 90
21 90
20 89
19 89
18 88
17 88
16 87
15 87
14 86
13 86
12 85
11 85
10 84
9 84
8 83
7 83
6 82
5 82
4 81
3 81
3 81
2 82
1 82
1 82
0 82
0 82
0 81
0 80
0 80
0 79
0 79
1 78
2 78
2 78
3 77
4 76
4 76
5 75
6 74
7 74
8 73
8 73
9 72
10 72
11 71
12 71
12 71
13 70
14 70
15 69
16 69
16 69
17 68
18 68
19 67
20 67
20 67
21 67
22 66
23 66
23 66
24 65
25 64
26 63
27 63
28 62
29 61
30 60
31 59
32 58
33 57
34 57
35 56
36 55
37 54
38 53
39 52
40 51
41 50
42 50
43 49
44 48
45 47
46 46
47 45
48 44
49 44
50 43
51 42
52 41
53 40
54 39
55 38
56 38
57 37
58 36
59 35
59 35
59 34
60 33
60 32
60 31
60 31
60 30
60 29
60 29
60 28
60 27
60 27
60 28
60 28
61 29
61 30
61 30
61 31
62 32
62 33
62 34
62 34
62 35
62 36
62 37
62 38
62 38
62 39
62 40
63 41
63 42
63 43
63 43
63 44
63 45
63 46
63 46
64 47
64 48
64 48
65 47
65 46
66 45
66 44
67 43
67 42
68 41
69 40
69 39
70 38
70 37
71 36
71 35
72 34
73 33
73 32
74 31
74 30
75 29
75 28
76 27
76 27
77 26
78 25
79 24
80 23
80 23
80 23
80 22
80 22
80 23
80 24
80 24
80 25
80 26
80 26
80 27
79 28
79 29
79 30
79 30
79 31
78 32
78 33
78 34
78 34
78 35
77 36
77 37
76 38
76 39
76 39
75 40
75 41
74 42
74 43
73 44
73 44
72 45
71 46
71 47
70 48
69 49
69 49
68 50
68 51
67 52
66 53
66 54
65 55
65 55
64 56
63 57
63 58
62 59
61 60
61 60
60 61
59 62
58 63
57 64
57 64
56 65
55 65
54 66
54 66
53 67
53 67
53 67
54 67
54 67
55 66
55 66
56 65
57 64
57 64
58 63
59 63
60 62
61 62
62 61
62 61
63 60
64 59
65 59
66 58
66 58
67 57
68 57
69 56
70 56
71 55
72 55
72 55
73 54
74 54
75 53
76 53
77 52
77 52
78 52
79 51
80 51
81 51
81 51
82 51
83 50
84 50
84 50
85 49
85 49
84 49
84 49
83 48
83 48
82 47
81 47
81 47
80 47
79 46
78 46
78 46
78 45
77 44
77 43
77 42
77 41
76 40
76 39
76 38
75 37
75 36
75 35
75 34
74 33
74 32
74 31
73 30
73 29
73 28
73 27
72 26
72 25
72 25
73 24
73 23
73 23
73 23
73 24
73 24
73 25
72 26
72 27
72 28
72 28
72 29
72 30
72 31
72 32
72 33
72 34
72 35
72 35
72 36
72 37
71 38
71 39
71 40
71 41
70 42
70 43
70 44
70 44
70 45
70 46
70 47
70 48
69 49
69 50
69 51
69 52
69 53
69 53
69 54
69 55
68 56
68 57
68 58
68 59
67 60
67 61
67 62
67 62
67 63
66 64
66 65
66 66
65 67
65 68
65 69
64 70
64 71
64 71
64 72
64 73
63 74
63 75
63 76
63 77
63 77
63 78
63 79
62 80
62 81
62 82
62 82
61 83
61 84
61 84
62 84
62 84
62 83
63 82
63 81
64 80
64 79
65 78
65 77
65 76
66 75
66 74
67 73
67 72
68 71
68 70
69 69
69 68
69 67
70 66
70 65
71 64
71 63
72 62
72 61
72 61
73 61
74 61
75 61
75 61
75 60
75 59
75 58
75 58
75 58
74 58
74 58
74 59
74 60
74 60
74 61
74 62
74 63
74 63
74 64
74 65
73 66
73 67
73 68
73 68
73 69
73 70
72 71
72 72
72 73
72 73
72 74
71 75
71 76
71 77
71 77
71 78
70 79
70 80
70 81
70 81
70 82
70 83
70 83
70 84
70 85
70 85
70 86
70 86
71 87
72 87
72 87
73 87
74 87
74 87
75 87
76 87
77 87
77 87
78 87
79 87
80 87
81 87
81 87
82 87
83 87
84 87
84 87
85 86
86 86
87 85
88 85
88 85
89 85
90 85
91 85
91 85
92 85
93 84
94 84
94 84
95 83
95 83
96 82
97 81
97 81
97 80
97 80
97 79
98 78
98 77
98 77
98 76
98 75
98 75
98 74
99 73
99 72
99 71
99 71
99 70
99 69
99 68
99 67
99 66
99 66
99 65
99 64
98 63
98 62
98 61
98 60
98 60
98 59
98 58
98 57
98 56
98 55
98 54
98 53
98 53
98 52
98 51
98 50
97 49
97 48
97 47
97 46
