2 15
2 15
2 15
2 14
2 14
2 14
3 14
3 14
4 13
4 13
5 12
5 11
5 11
6 10
7 9
7 9
8 8
9 8
10 7
10 7
11 6
12 6
13 5
13 5
14 4
15 4
16 3
16 3
17 2
18 2
18 2
19 2
20 1
21 1
21 1
22 0
23 0
23 0
24 1
24 1
25 1
26 1
26 1
26 2
26 2
27 3
27 3
27 4
27 4
27 5
27 6
27 6
27 7
27 8
27 9
27 10
27 10
27 11
26 12
26 13
26 13
26 14
26 15
25 16
25 17
25 18
25 18
25 19
24 20
24 21
24 22
24 22
24 23
23 24
23 25
22 26
22 27
22 27
22 28
22 29
21 30
21 31
21 32
21 33
21 33
21 34
20 35
20 36
19 37
19 38
19 38
19 39
19 40
18 41
18 42
18 43
18 43
18 44
17 45
17 46
17 46
17 47
17 48
17 48
16 49
16 49
16 50
16 50
16 50
16 49
16 49
17 48
17 48
17 47
17 46
17 45
17 44
17 43
17 42
17 41
17 40
17 39
17 38
17 37
17 36
17 35
17 34
17 33
17 32
17 31
17 30
17 29
17 28
17 27
17 27
17 26
17 26
17 25
17 25
17 24
17 24
17 25
17 25
16 26
16 26
16 27
16 27
16 28
15 29
15 30
15 30
15 31
14 32
14 33
14 34
14 34
14 35
13 36
13 37
13 37
13 38
13 39
12 40
12 41
12 42
12 42
12 43
11 44
11 45
11 46
11 46
11 47
10 48
10 49
10 50
10 50
10 51
9 52
9 53
9 53
9 54
9 55
9 56
9 56
8 57
8 58
8 58
8 59
8 59
8 60
8 60
8 60
9 60
9 60
10 59
11 59
11 59
12 58
12 57
12 57
13 56
14 55
15 54
15 54
16 53
17 52
17 52
18 51
19 50
20 49
20 49
21 48
22 47
23 46
23 46
24 46
25 45
26 45
26 45
27 44
28 44
29 43
29 43
30 42
31 42
31 42
32 42
33 42
33 42
34 43
34 43
35 44
35 44
36 45
36 46
36 46
37 47
37 48
37 48
37 49
37 50
37 51
37 51
37 52
37 53
37 54
37 54
37 55
36 56
36 57
36 58
36 58
36 59
36 60
36 61
36 62
36 62
36 63
36 64
35 65
35 66
35 67
35 67
35 68
34 69
34 70
34 71
34 71
34 72
33 73
33 74
32 75
32 76
32 76
32 77
31 78
31 79
31 80
31 80
30 81
30 82
29 83
29 84
29 84
28 85
28 86
27 87
27 88
27 88
26 89
26 90
25 91
25 92
25 92
25 93
24 94
24 95
24 95
23 96
23 97
23 97
22 98
22 99
22 99
22 99
21 99
21 99
21 99
20 98
20 98
19 97
19 97
19 96
19 95
19 95
18 94
18 93
18 93
17 92
17 92
16 92
15 92
14 91
13 91
12 91
11 91
10 90
9 90
8 90
7 90
6 89
5 89
4 89
4 89
3 90
2 91
2 91
1 91
0 91
0 91
0 91
0 91
0 91
0 91
1 90
1 90
2 89
2 89
3 88
4 87
4 87
5 86
6 85
6 85
7 84
8 83
9 82
9 82
10 81
11 80
12 79
12 79
13 78
14 78
15 77
15 77
16 76
17 76
18 75
18 75
19 74
20 74
21 73
21 73
22 72
23 72
23 72
24 72
25 72
25 72
26 71
26 71
27 70
27 70
28 69
29 68
30 67
30 66
31 65
32 64
33 63
34 62
35 61
36 60
37 59
37 58
38 57
39 56
40 55
41 54
42 53
43 52
44 51
44 50
45 49
46 48
47 47
48 46
49 45
50 44
50 43
51 42
52 41
53 40
54 39
55 38
56 37
57 36
57 35
58 34
59 33
60 32
60 32
60 31
60 30
60 29
60 28
60 27
60 27
60 26
60 25
60 25
60 24
60 24
60 23
60 23
61 23
61 23
61 23
61 23
62 24
62 24
62 25
62 26
62 26
63 27
63 28
63 28
63 29
63 29
63 30
63 30
64 29
65 28
66 27
67 26
68 25
68 24
69 23
70 22
71 21
72 20
72 20
73 19
74 19
74 19
74 18
74 17
74 17
75 16
75 16
75 16
75 16
75 16
75 17
75 17
74 18
73 18
73 18
72 19
72 20
72 20
71 21
71 22
70 23
70 23
70 24
69 25
69 26
69 26
68 27
68 28
67 29
67 30
67 30
66 31
65 32
64 33
63 34
63 34
62 35
62 36
61 37
61 38
60 39
60 39
59 40
59 41
58 42
58 43
58 43
57 44
56 45
56 46
55 47
55 47
54 48
54 49
53 50
53 51
53 51
52 52
52 53
51 54
51 54
51 55
50 56
50 57
50 57
49 58
49 59
49 59
49 60
49 60
49 61
49 61
49 61
49 61
50 60
51 60
51 60
52 59
53 59
53 59
54 58
55 57
56 56
56 56
57 55
58 55
59 54
59 54
60 53
61 52
62 51
62 51
63 50
64 50
65 49
66 49
66 49
67 48
68 48
69 47
69 47
70 47
71 46
72 46
73 46
73 46
74 45
75 45
75 45
76 44
77 44
77 44
78 44
78 44
79 43
79 43
79 43
79 42
79 42
79 42
79 41
78 40
78 39
78 38
77 37
77 36
76 35
76 34
76 33
75 32
75 31
75 30
74 29
74 28
73 27
73 26
73 25
72 24
72 23
72 22
71 21
71 20
71 19
70 18
70 17
69 16
69 15
69 14
68 13
68 12
68 12
67 11
67 11
67 11
67 11
67 12
67 12
67 13
67 13
67 14
67 15
67 16
67 17
67 17
67 18
66 19
66 20
66 20
66 21
65 22
65 23
65 24
65 24
65 25
65 26
65 27
65 28
65 29
65 30
65 31
65 31
65 32
65 33
65 34
64 35
64 36
64 37
64 38
64 39
64 39
64 40
64 41
64 42
64 43
64 44
64 45
64 46
64 47
64 47
64 48
64 49
64 50
64 51
64 52
64 53
64 54
64 55
64 56
64 56
64 57
64 58
64 59
63 60
63 61
63 62
63 63
63 64
63 64
63 65
63 66
63 67
63 68
63 69
63 70
63 71
63 71
63 72
63 73
62 74
62 75
62 76
62 77
62 77
62 78
62 79
62 80
62 81
62 81
62 82
62 83
62 83
62 84
62 84
62 85
62 85
62 84
62 84
62 83
62 82
62 82
62 81
62 80
63 79
63 78
63 77
63 76
64 75
64 74
64 73
64 72
65 71
65 70
65 69
65 68
66 67
66 66
66 65
66 64
67 63
67 62
67 61
67 61
68 60
68 59
69 58
69 57
69 57
69 57
69 57
70 57
70 57
70 58
70 59
70 59
70 60
70 61
70 61
70 62
70 63
70 64
70 65
70 65
70 66
70 67
70 68
70 68
70 69
70 70
70 71
70 72
70 72
70 73
70 74
70 75
70 75
70 76
70 77
70 77
70 78
70 79
70 80
70 80
70 81
70 81
70 82
70 83
70 83
71 84
71 84
72 84
72 84
73 84
74 84
74 84
75 83
76 83
76 83
77 82
78 82
78 82
79 81
80 81
80 81
81 81
82 80
83 80
83 80
84 79
85 79
85 79
86 78
87 78
88 77
88 77
89 76
90 76
90 76
91 75
92 75
92 75
93 74
94 73
94 73
95 72
96 72
96 72
97 71
97 71
98 70
98 70
98 69
98 69
99 68
99 68
99 67
99 67
99 66
99 66
98 66
98 66
98 65
98 65
98 65
98 64
98 64
98 64
97 63
97 63
97 62
97 62
96 61
96 61
96 61
96 60
96 60
96 59
96 59
96 59
95 58
95 58
