5 14
5 15
5 15
5 14
5 14
5 13
5 13
5 12
5 12
6 11
6 11
7 10
8 9
8 9
9 8
10 7
10 7
11 6
12 5
13 4
13 4
14 3
15 3
16 2
17 2
17 2
18 2
19 1
20 1
21 1
21 1
22 1
23 0
24 0
24 0
25 1
26 2
26 2
27 3
28 4
28 4
28 5
28 6
28 7
28 7
28 8
28 9
27 10
27 11
27 12
27 13
27 13
27 14
27 15
26 16
26 17
26 18
26 19
26 19
26 20
26 21
26 22
25 23
25 24
25 25
25 26
25 27
25 27
25 28
24 29
24 30
24 31
24 32
23 33
23 34
23 34
23 35
23 36
23 37
22 38
22 39
22 40
22 41
22 41
22 42
21 43
21 44
21 45
20 46
20 47
20 47
20 48
19 49
19 50
19 51
18 52
18 53
18 53
18 54
17 55
17 56
17 56
17 57
17 58
17 58
16 58
16 58
16 57
16 56
16 55
16 54
16 53
16 52
16 51
16 50
16 49
15 48
15 47
15 46
15 45
15 44
15 43
15 42
15 41
15 40
15 39
15 38
15 37
15 36
15 35
15 34
15 33
15 32
15 31
14 30
14 29
14 28
14 27
14 26
14 25
14 24
14 23
14 22
14 21
14 21
15 22
15 22
15 21
14 20
14 19
14 18
14 18
14 18
13 19
13 20
13 20
13 21
13 22
13 23
13 24
13 24
13 25
12 26
12 27
12 28
12 28
12 29
12 30
11 31
11 32
11 33
11 33
11 34
11 35
11 36
10 37
10 38
10 39
10 40
10 40
10 41
9 42
9 43
9 44
8 45
8 46
8 46
8 47
8 48
7 49
7 50
7 51
7 52
7 52
7 53
6 54
6 55
5 56
5 57
5 57
5 58
4 59
4 60
4 60
4 61
4 62
4 62
3 63
3 63
3 63
4 63
4 63
5 62
5 62
6 61
7 60
7 60
8 59
9 58
10 57
10 57
11 56
12 55
13 54
14 53
14 53
15 52
16 52
17 51
18 51
19 50
19 50
20 50
21 49
22 49
23 49
23 49
24 49
25 49
26 49
27 49
27 49
28 49
29 50
30 50
30 50
31 51
31 52
32 53
32 53
32 54
33 55
33 56
33 56
33 57
33 58
33 59
33 60
33 60
33 61
33 62
33 63
33 64
33 65
33 66
33 67
33 67
33 68
33 69
33 70
32 71
32 72
32 73
32 74
32 74
32 75
32 76
32 77
31 78
31 79
31 80
31 81
31 81
31 82
30 83
30 84
29 85
29 86
29 86
29 87
29 88
28 89
28 90
28 91
28 91
27 92
27 93
26 94
26 95
26 95
25 96
25 97
25 97
24 98
23 99
23 99
22 99
22 99
21 99
20 99
20 99
19 98
19 98
18 97
17 96
17 96
16 96
15 95
14 95
13 94
12 94
11 94
10 93
9 93
8 93
7 92
6 92
5 91
4 91
3 91
2 90
1 90
1 90
0 89
0 88
0 88
0 87
0 86
0 86
0 85
0 85
1 84
2 83
2 83
3 82
4 81
4 81
5 80
6 79
7 78
7 78
8 77
9 77
10 76
10 76
11 75
12 75
13 74
14 74
14 74
15 73
16 73
17 72
18 72
18 72
19 72
20 71
21 71
22 71
22 71
23 71
24 70
25 70
25 70
26 69
27 69
27 69
28 68
28 67
29 66
30 65
31 64
31 63
32 62
33 61
34 60
34 59
35 58
36 57
36 56
37 55
38 54
39 53
39 52
40 51
41 50
42 49
42 48
43 47
44 46
44 45
45 44
46 43
47 42
47 41
48 40
49 39
49 38
50 37
51 36
52 35
52 34
53 33
54 32
55 31
55 30
56 29
56 29
56 30
57 31
57 32
57 32
57 32
57 31
57 30
57 30
57 31
58 32
58 33
58 33
59 34
59 35
60 36
60 36
60 37
60 38
60 39
60 39
60 40
61 41
61 42
61 43
61 43
61 44
61 45
61 45
62 46
62 47
62 47
63 47
63 47
64 46
65 46
65 46
66 45
66 44
67 43
67 42
68 41
68 40
69 39
69 38
70 37
70 36
71 35
71 34
72 33
72 32
73 31
73 30
74 29
74 28
75 27
75 26
75 26
76 25
77 25
78 24
79 24
79 24
79 25
79 25
79 25
79 26
79 27
79 28
79 28
79 29
79 30
79 31
79 31
78 32
78 33
77 34
77 35
77 35
76 36
76 37
75 38
75 39
75 39
74 40
74 41
73 42
73 43
72 44
72 44
71 45
70 46
70 47
69 48
68 49
68 49
67 50
66 51
66 52
65 53
64 54
64 54
63 55
62 56
61 57
60 58
59 59
59 59
58 60
57 61
56 61
55 62
54 63
54 63
53 64
52 64
51 65
50 65
50 65
49 66
49 66
49 66
49 66
50 66
51 66
51 66
52 65
53 65
54 64
54 64
55 63
56 63
57 62
58 62
58 62
59 61
60 61
61 60
62 60
63 59
64 59
64 59
65 59
66 58
67 58
68 58
69 57
70 57
70 57
71 57
72 56
73 56
74 56
75 55
76 55
76 55
77 55
78 54
79 54
80 54
80 54
81 54
82 53
83 53
83 53
84 53
84 53
83 52
83 52
82 51
82 51
81 50
80 50
80 50
80 49
79 48
79 47
79 46
78 45
78 44
77 43
77 42
77 41
76 40
76 39
76 38
75 37
75 36
74 35
74 34
74 33
73 32
73 31
73 30
72 29
72 28
71 27
71 26
71 25
70 24
70 23
70 23
70 23
70 22
70 21
70 21
70 22
70 22
70 23
70 24
70 25
70 25
70 26
70 27
70 28
70 29
70 30
70 30
70 31
70 32
70 33
69 34
69 35
69 36
69 37
69 37
69 38
69 39
69 40
69 41
68 42
68 43
68 44
68 45
68 46
68 46
68 47
68 48
67 49
67 50
67 51
67 52
67 53
66 54
66 55
66 56
66 56
66 57
65 58
65 59
64 60
64 61
64 62
63 63
63 64
63 64
63 65
62 66
62 67
62 68
62 69
61 70
61 71
61 71
61 72
60 73
60 74
59 75
59 76
59 76
59 77
59 78
59 79
59 79
58 80
58 81
58 81
59 82
59 82
60 81
60 80
60 80
60 79
61 78
61 77
62 76
62 75
63 74
63 73
63 72
64 71
64 70
65 69
65 68
66 67
66 66
66 65
67 64
67 63
68 62
68 61
69 60
69 59
69 59
70 59
71 58
72 58
72 58
72 59
72 59
72 59
72 60
72 61
72 61
71 62
71 63
71 63
71 64
71 65
71 66
71 67
71 68
71 68
71 69
71 70
70 71
70 72
70 73
70 73
70 74
70 75
69 76
69 77
69 78
69 78
69 79
69 80
69 81
69 82
69 83
69 83
69 84
69 85
69 86
69 86
69 87
69 88
69 88
70 89
70 89
71 89
71 89
72 89
73 89
74 89
74 89
75 88
76 88
77 87
77 87
78 87
79 86
80 86
80 86
81 86
82 85
83 85
83 85
84 85
85 84
86 84
86 84
87 84
88 84
89 84
90 84
90 84
91 83
92 83
92 83
93 82
94 82
94 82
95 81
96 80
96 80
97 79
97 79
97 78
98 77
98 76
98 76
98 75
98 74
98 73
98 73
98 72
99 71
99 70
99 69
99 69
99 68
99 67
98 66
98 65
98 64
98 63
98 63
98 62
98 61
98 60
98 59
98 58
98 57
98 57
98 56
98 55
98 54
97 53
97 52
97 51
97 50
97 50
97 49
97 48
97 47
96 46
96 45
96 44
96 43
