0 7
0 8
0 8
0 8
0 8
0 8
0 7
0 7
1 7
1 7
2 6
2 6
3 5
3 5
4 4
4 4
5 3
6 3
6 3
7 2
8 1
8 1
9 1
10 1
10 1
11 0
12 0
12 0
13 1
13 1
14 2
15 2
15 2
15 3
15 4
15 4
15 5
16 6
16 7
16 7
16 8
16 9
16 10
16 11
16 12
16 12
16 13
16 14
16 15
16 16
16 16
16 17
16 18
16 19
16 20
16 20
16 21
16 22
16 23
16 24
16 25
16 25
16 26
16 27
15 28
15 29
15 30
15 30
15 31
15 32
15 33
15 33
15 34
15 35
15 36
15 37
15 37
15 38
15 39
15 40
15 40
15 41
15 41
15 42
15 42
15 42
14 42
14 42
14 41
13 40
13 39
12 38
12 37
11 36
11 35
11 34
10 33
10 32
9 31
9 30
8 29
8 28
8 27
7 26
7 25
6 24
6 23
5 22
5 21
5 21
5 21
5 21
5 22
5 23
5 23
5 24
5 25
5 25
5 26
4 27
4 28
4 29
4 29
4 30
4 31
4 32
4 33
4 33
4 34
4 35
3 36
3 37
3 38
3 38
3 39
3 40
2 41
2 42
2 43
2 43
2 44
1 45
1 46
1 47
1 47
1 48
1 49
1 50
1 51
1 52
1 52
1 53
0 54
0 55
0 55
0 56
0 57
0 58
0 58
0 59
0 59
1 60
1 60
2 60
2 60
3 59
3 59
4 59
5 58
6 58
6 58
7 57
8 57
8 57
9 56
10 56
11 55
11 55
12 54
13 54
14 53
14 53
15 53
16 52
17 52
17 52
18 51
19 51
20 50
20 50
21 49
22 49
22 49
23 49
24 49
25 49
25 49
26 49
27 49
27 49
28 50
28 51
28 51
29 52
29 53
29 53
29 54
30 55
30 56
30 57
30 57
30 58
30 59
30 60
30 61
30 61
30 62
30 63
30 64
30 65
30 65
30 66
30 67
30 68
30 69
30 70
30 70
30 71
30 72
30 73
30 74
30 74
30 75
29 76
29 77
29 78
29 78
29 79
29 80
29 81
29 82
29 83
29 83
29 84
28 85
28 86
28 87
28 87
28 88
27 89
27 90
27 91
27 91
27 92
27 93
27 93
27 94
26 95
26 96
26 96
26 97
26 98
26 98
25 99
25 99
24 99
23 99
23 99
22 99
22 99
21 99
20 99
20 99
19 98
18 98
18 98
17 97
16 97
16 97
15 97
14 96
13 96
13 96
12 95
11 95
11 95
10 94
9 93
9 93
8 93
7 93
7 93
6 92
5 92
5 92
4 92
3 92
3 92
2 92
2 92
1 92
1 92
0 91
0 91
0 91
0 90
0 90
0 89
0 89
1 88
1 88
2 87
2 86
2 86
3 85
4 84
4 84
5 84
6 83
7 83
7 83
8 82
9 81
9 81
10 80
11 80
12 79
12 79
13 78
14 78
14 78
15 78
16 77
17 77
17 77
18 76
18 75
19 74
20 73
20 72
21 71
21 70
22 69
23 68
23 67
24 66
25 65
25 64
26 63
26 62
27 61
28 60
28 59
29 58
30 57
30 56
31 55
31 54
32 53
33 52
33 51
34 50
35 49
35 48
36 47
36 46
37 45
38 44
38 43
39 42
40 41
40 40
41 39
41 38
42 37
43 36
43 35
44 34
45 33
45 32
46 31
46 30
47 29
48 28
48 27
49 26
49 26
50 26
50 26
50 27
50 27
50 27
50 27
51 28
51 29
51 29
52 30
52 31
52 31
53 32
53 33
53 33
54 34
54 35
54 35
55 36
55 37
55 37
56 38
57 39
57 39
58 40
58 41
58 41
58 41
59 41
60 41
60 41
61 40
61 39
61 39
62 38
62 37
62 37
62 36
63 35
63 34
63 33
63 33
64 32
64 31
65 30
65 30
65 29
65 28
66 27
66 26
66 25
66 25
66 24
67 23
67 22
67 21
67 21
68 20
68 19
68 19
68 18
68 18
68 18
68 18
67 19
67 19
67 20
67 21
67 22
67 22
67 23
66 24
66 25
66 25
65 26
65 27
64 28
64 29
64 29
63 30
63 31
62 32
62 33
62 33
62 34
61 35
61 36
60 37
60 38
60 38
59 39
59 40
58 41
58 42
57 43
57 44
57 44
57 45
56 46
56 47
56 48
55 49
55 50
55 50
54 51
54 52
53 53
53 54
52 55
52 55
51 56
51 57
50 58
50 59
50 59
50 60
49 61
49 62
49 63
49 63
48 64
48 65
47 66
47 66
47 67
47 68
47 68
46 69
46 69
46 70
46 70
47 70
47 70
48 69
48 69
49 68
50 68
50 68
51 67
51 66
52 65
52 65
53 64
54 63
55 62
55 62
56 61
56 60
57 59
57 59
58 58
59 57
60 56
60 56
61 55
62 54
63 53
63 53
64 52
65 51
66 50
66 50
67 49
67 48
68 47
68 47
69 46
69 45
69 45
70 44
71 43
71 43
71 42
71 42
70 41
70 40
69 39
69 38
68 37
68 36
67 35
66 34
66 33
65 32
65 31
64 30
64 29
63 28
63 27
62 26
61 25
61 24
60 23
60 22
59 21
59 20
58 19
58 19
58 19
58 20
58 20
58 21
58 21
58 22
58 23
58 24
58 24
58 25
58 26
58 27
58 28
58 28
58 29
57 30
57 31
57 32
57 32
57 33
57 34
57 35
57 36
57 37
57 38
57 38
57 39
57 40
57 41
57 42
57 43
57 44
57 45
57 45
57 46
57 47
56 48
56 49
56 50
56 51
56 51
56 52
56 53
56 54
55 55
55 56
55 57
55 58
55 58
55 59
55 60
54 61
54 62
54 63
54 64
54 64
54 65
54 66
54 67
54 68
54 69
54 70
54 70
54 71
53 72
53 73
53 74
53 74
53 75
52 76
52 77
52 77
52 78
52 79
52 80
52 81
52 81
51 82
51 83
51 83
51 84
51 84
51 84
51 83
52 82
52 81
52 80
53 79
53 78
53 77
54 76
54 75
54 74
55 73
55 72
56 71
56 70
56 69
57 68
57 67
57 66
58 65
58 64
58 63
59 62
59 61
59 60
60 59
60 58
60 58
60 57
61 56
61 55
62 54
62 53
62 53
63 52
63 51
63 51
64 51
64 51
64 51
64 52
64 52
64 53
64 53
64 54
64 55
64 55
64 56
63 57
63 58
63 58
63 59
63 60
63 61
63 62
63 62
63 63
63 64
63 65
63 66
63 66
63 67
63 68
63 69
63 70
63 70
63 71
63 72
63 73
63 73
63 74
63 75
63 76
63 76
63 77
63 78
63 78
64 79
64 80
64 80
65 81
65 82
65 82
66 83
67 83
67 83
68 83
69 83
69 83
70 83
71 82
72 82
73 82
73 82
74 81
75 81
76 80
76 80
77 79
78 79
79 78
79 78
80 78
81 77
82 77
83 77
83 77
84 76
85 76
86 75
86 75
87 74
88 74
88 74
89 73
90 72
90 72
91 71
92 71
92 71
93 70
93 69
94 68
94 68
95 67
95 66
96 65
96 65
96 64
97 63
97 62
97 62
97 61
98 60
98 59
98 59
98 58
99 57
99 56
99 55
99 55
99 54
98 53
98 52
98 51
98 51
98 50
97 49
97 48
97 47
97 47
97 46
96 45
96 44
96 43
