5 11
4 11
4 11
3 11
3 11
2 11
2 11
2 11
2 11
2 10
2 10
2 10
3 9
3 8
3 8
4 7
4 7
5 6
5 5
5 5
6 4
7 4
8 3
8 3
9 2
10 1
10 1
11 1
12 1
12 1
13 0
13 0
14 1
15 1
15 1
15 2
16 3
16 4
16 4
17 5
17 6
17 6
17 7
17 8
17 9
17 10
17 11
17 11
17 12
17 13
17 14
17 15
17 16
17 16
17 17
17 18
17 19
17 20
17 21
17 21
17 22
17 23
16 24
16 25
16 26
16 26
16 27
16 28
15 29
15 30
15 31
15 31
15 32
14 33
14 34
14 35
14 35
14 36
14 37
14 38
14 38
14 39
13 40
13 41
13 41
13 42
13 43
13 43
13 44
13 44
13 44
13 43
13 42
12 41
12 40
12 39
12 38
12 37
12 36
11 35
11 34
11 33
11 32
11 31
11 30
10 29
10 28
10 27
10 26
10 25
10 24
9 23
9 22
9 21
9 21
9 21
8 22
8 22
8 23
8 23
7 24
7 25
7 25
7 26
6 27
6 28
6 28
6 29
5 30
5 31
5 32
5 32
5 33
4 34
4 35
4 36
4 36
4 37
3 38
3 39
3 40
3 40
3 41
3 42
2 43
2 44
2 45
2 45
2 46
1 47
1 48
1 49
1 49
1 50
1 51
1 52
1 53
1 53
0 54
0 55
0 55
0 56
0 57
0 58
0 58
0 59
0 60
0 60
0 61
0 61
0 62
0 62
0 62
1 61
1 61
2 60
2 60
3 59
3 58
4 57
4 57
5 56
5 55
6 54
6 54
7 53
8 52
9 51
9 51
10 50
10 49
11 48
11 48
12 47
13 47
14 46
14 46
15 45
16 45
16 45
17 45
18 44
19 44
19 44
20 44
21 44
21 44
22 44
22 44
23 45
24 45
24 45
25 46
26 47
26 47
27 48
27 49
27 49
27 50
28 51
28 52
28 52
28 53
29 54
29 55
29 56
29 56
29 57
29 58
29 59
29 60
29 60
29 61
29 62
29 63
29 64
29 64
29 65
29 66
29 67
29 68
29 69
29 69
29 70
29 71
29 72
29 73
29 73
29 74
29 75
28 76
28 77
28 78
28 78
28 79
27 80
27 81
27 82
27 82
27 83
26 84
26 85
26 86
26 86
26 87
25 88
25 89
25 89
25 90
24 91
24 92
24 92
23 93
23 93
22 94
21 95
21 95
20 95
20 95
19 96
18 96
18 96
17 95
16 95
16 95
15 95
14 95
14 95
13 95
13 95
12 94
11 94
11 94
10 94
10 94
9 93
8 93
8 93
7 93
7 93
6 92
5 92
5 92
4 92
4 92
3 91
3 91
3 91
3 90
3 90
2 90
2 90
3 89
3 89
3 88
3 87
3 87
4 86
4 85
5 84
5 84
6 83
6 82
7 81
7 81
8 80
9 79
10 78
10 78
11 77
12 76
13 75
13 75
14 74
15 73
15 73
16 72
17 72
17 72
18 71
19 71
19 71
20 70
20 70
21 69
21 69
22 69
22 69
22 68
23 67
23 66
24 65
24 64
25 63
25 62
26 61
26 60
27 59
27 58
28 57
28 56
29 55
29 54
30 53
30 52
31 51
31 50
32 49
32 48
33 47
33 46
34 45
34 44
35 43
35 42
36 41
36 40
37 39
37 38
37 37
38 36
38 35
39 34
39 33
40 32
40 31
41 30
41 29
42 28
42 27
43 26
43 25
44 24
44 23
45 22
45 21
46 20
46 19
47 18
47 17
48 16
48 15
49 14
49 13
50 12
50 11
51 10
51 9
51 9
50 8
50 8
50 8
50 8
50 9
50 9
50 10
50 11
50 11
50 12
51 13
51 14
51 14
51 15
51 16
51 17
51 18
51 19
51 19
51 20
52 21
52 22
52 23
52 23
53 24
53 25
54 26
54 27
54 27
54 28
55 29
55 30
55 31
55 31
55 32
56 33
56 34
56 34
57 35
57 36
57 36
58 37
58 37
58 37
59 37
59 37
59 36
60 35
60 34
60 33
61 32
61 31
62 30
62 29
62 28
63 27
63 26
63 25
64 24
64 23
65 22
65 21
65 20
66 19
66 18
66 17
67 16
67 15
67 14
68 13
68 12
69 11
69 10
69 9
70 8
70 7
70 7
71 6
71 6
71 7
71 7
71 8
71 8
71 9
71 9
71 10
71 11
71 11
71 12
70 13
70 14
70 14
70 15
69 16
69 17
69 17
68 18
68 19
67 20
67 20
66 21
66 22
65 23
65 24
65 24
65 25
64 26
64 27
63 28
63 29
63 29
62 30
61 31
61 32
60 33
60 33
59 34
59 35
58 36
58 37
58 37
57 38
57 39
56 40
56 41
55 42
55 42
54 43
54 44
53 45
53 46
52 47
52 47
51 48
51 49
50 50
50 51
50 51
49 52
49 53
48 54
48 55
48 55
48 56
47 57
47 58
47 59
47 59
47 60
46 61
46 62
46 63
46 63
45 64
45 65
45 65
45 66
45 66
46 67
46 67
47 66
48 66
48 66
49 65
50 65
50 65
51 64
52 64
53 63
53 63
54 62
55 61
56 60
56 60
57 59
58 58
58 57
59 56
59 56
60 55
61 54
62 53
62 53
63 52
63 51
64 50
64 49
64 49
65 48
66 47
67 46
67 46
68 45
68 44
69 43
69 42
69 42
70 41
70 40
71 39
71 38
71 38
72 37
72 36
73 35
73 34
73 34
73 33
74 32
74 31
74 31
74 30
75 29
75 28
75 27
75 27
75 26
75 25
75 25
75 24
75 23
75 22
75 22
75 21
74 20
74 19
73 18
73 17
72 16
72 15
71 14
71 13
71 12
70 11
70 10
69 9
69 8
68 7
68 6
67 5
67 4
67 4
66 3
66 3
66 3
66 3
66 4
66 4
66 5
66 6
66 6
66 7
65 8
65 9
65 9
65 10
65 11
65 12
65 13
65 13
65 14
65 15
65 16
65 17
65 18
65 18
65 19
65 20
64 21
64 22
64 23
64 24
64 24
64 25
64 26
64 27
64 28
64 29
64 30
64 30
64 31
64 32
64 33
63 34
63 35
63 36
63 37
63 37
63 38
63 39
63 40
62 41
62 42
62 43
62 44
62 45
62 45
62 46
62 47
62 48
61 49
61 50
61 51
61 52
61 53
61 53
61 54
61 55
61 56
60 57
60 58
60 59
60 60
60 60
60 61
59 62
59 63
59 64
59 65
58 66
58 67
58 67
58 68
58 69
57 70
57 71
57 72
57 73
57 73
57 74
56 75
56 76
56 77
56 78
55 79
55 80
55 80
55 81
55 82
54 83
54 84
54 85
54 86
54 86
54 87
53 88
53 89
53 90
52 91
52 92
52 92
52 93
51 94
51 95
51 96
51 96
51 97
50 98
50 99
50 99
50 99
49 99
49 99
49 98
49 97
49 97
49 96
49 95
49 94
49 93
49 93
49 92
50 91
50 90
50 89
51 88
51 87
51 86
51 85
52 84
52 83
52 82
53 81
53 80
53 79
54 78
54 77
54 76
55 75
55 74
55 73
55 72
56 71
56 70
56 69
57 68
57 67
57 66
58 65
58 64
58 63
59 62
59 61
59 60
59 59
60 58
60 57
60 56
61 55
61 54
61 54
62 53
62 52
63 51
63 51
63 51
63 51
64 52
64 52
64 53
64 54
64 54
64 55
64 56
64 56
64 57
64 58
64 58
64 59
64 60
64 61
64 61
64 62
64 63
64 64
64 64
64 65
64 66
64 67
64 67
64 68
64 69
64 70
64 70
64 71
64 72
64 73
64 73
64 74
65 75
65 76
65 76
65 77
65 78
65 79
65 79
65 80
66 81
66 82
66 82
67 83
67 84
67 84
68 85
69 85
69 85
70 86
70 87
70 87
71 88
72 88
72 88
73 88
74 88
75 88
75 88
76 88
77 88
77 88
78 87
79 87
79 87
80 87
81 86
82 86
82 86
83 85
84 85
85 84
85 84
86 83
86 82
87 81
87 81
88 80
89 79
90 78
90 78
91 77
91 76
92 75
92 74
92 74
92 73
93 72
93 71
94 70
94 69
94 69
94 68
95 67
95 66
96 65
96 64
96 64
96 63
96 62
96 61
97 60
97 59
97 58
97 57
97 57
97 56
97 55
97 54
98 53
98 52
98 51
98 50
98 49
98 49
98 48
98 47
98 46
98 45
99 44
99 43
99 42
99 41
99 40
