0 11
0 11
0 11
0 10
0 10
1 9
1 9
2 8
3 7
3 7
4 6
5 5
5 5
6 4
7 4
7 4
8 3
9 3
10 2
10 2
11 2
12 1
13 1
13 1
14 1
15 0
16 0
16 0
17 1
18 1
18 1
19 2
19 3
19 3
20 4
20 5
20 5
20 6
20 7
20 8
20 9
20 9
20 10
20 11
20 12
20 13
20 13
20 14
20 15
20 16
20 17
20 18
20 18
20 19
20 20
19 21
19 22
19 23
19 24
19 24
19 25
19 26
18 27
18 28
18 29
18 29
18 30
18 31
17 32
17 33
17 34
17 34
17 35
16 36
16 37
16 38
16 38
15 39
15 40
14 41
14 42
14 42
14 41
14 40
14 39
14 38
14 37
14 36
14 35
14 34
14 33
14 32
14 31
14 30
14 29
14 28
13 27
13 26
13 25
13 24
13 23
13 22
13 21
13 20
13 19
13 18
13 17
13 16
13 15
13 14
13 13
13 13
13 12
14 11
14 10
14 9
14 9
14 9
14 9
14 10
14 11
14 12
14 12
14 13
14 14
13 15
13 16
13 17
13 17
13 18
13 19
13 20
12 21
12 22
12 23
12 24
12 24
12 25
12 26
11 27
11 28
11 29
11 30
11 30
11 31
10 32
10 33
10 34
10 35
9 36
9 37
9 38
9 38
9 39
9 40
9 41
8 42
8 43
8 44
8 45
8 45
8 46
7 47
7 48
7 49
7 50
6 51
6 52
6 52
6 53
6 54
5 55
5 56
5 57
5 57
5 58
5 59
4 60
4 61
4 62
4 62
4 63
4 64
4 65
4 65
4 66
4 66
4 66
5 66
6 66
6 66
7 65
8 64
8 64
9 63
9 62
10 61
10 61
11 60
12 59
13 58
13 58
14 57
15 56
16 55
17 54
17 54
18 53
19 52
20 52
21 51
21 51
22 50
23 50
24 49
24 49
25 49
26 48
27 48
27 48
28 49
29 49
29 49
30 50
31 50
31 50
32 51
32 52
32 52
32 53
33 54
33 55
33 55
33 56
34 57
34 58
34 59
34 59
34 60
34 61
34 62
34 63
34 63
34 64
34 65
33 66
33 67
33 68
33 68
33 69
33 70
32 71
32 72
32 73
32 74
32 74
32 75
32 76
31 77
31 78
31 79
31 79
31 80
31 81
30 82
30 83
30 84
30 84
30 85
29 86
29 87
29 88
28 89
28 90
28 90
28 91
27 92
27 93
27 94
27 94
26 95
26 96
25 97
25 97
24 98
23 99
23 99
22 99
21 99
21 99
20 99
19 99
19 99
18 99
17 99
16 99
16 99
15 98
14 97
14 97
13 96
12 96
12 96
11 95
10 94
10 94
9 93
8 92
8 92
7 91
7 90
7 90
6 89
6 88
6 88
6 87
6 86
6 86
6 85
6 85
7 84
7 83
7 83
7 82
8 81
8 80
8 80
9 79
10 78
10 78
11 77
11 76
12 75
12 75
13 74
14 73
15 72
15 72
16 71
17 70
18 70
19 69
19 69
20 68
21 67
21 66
22 65
22 65
23 64
23 63
24 62
24 61
25 60
26 59
26 58
27 57
28 56
28 55
29 54
29 53
30 52
31 51
31 50
32 49
33 48
33 47
34 46
34 45
35 44
36 43
36 42
37 41
38 40
38 39
39 38
39 37
40 36
41 35
41 34
42 33
43 32
43 31
44 30
44 29
45 28
46 27
46 26
47 25
48 24
48 23
49 22
49 21
50 20
50 20
49 19
49 18
49 18
49 17
49 17
49 17
49 17
50 18
50 19
50 19
51 20
51 21
51 21
51 22
52 23
52 24
52 24
52 25
53 26
53 27
53 28
53 28
53 29
54 30
54 31
54 31
54 32
55 33
55 34
55 35
55 35
56 36
56 37
57 38
57 38
58 39
58 40
58 40
59 40
59 40
60 40
61 40
61 40
62 39
63 38
63 38
63 37
64 36
64 35
64 34
64 34
64 33
65 32
65 31
66 30
66 29
66 29
67 28
67 27
68 26
68 25
69 24
69 24
69 23
70 22
70 21
71 20
71 19
71 19
72 18
72 17
73 16
73 15
73 15
74 14
74 13
74 13
74 12
74 12
74 13
74 13
73 14
73 14
73 15
72 16
72 17
72 17
72 18
71 19
71 20
71 21
71 21
70 22
70 23
69 24
69 25
68 26
68 26
68 27
67 28
67 29
67 30
66 31
66 32
66 32
65 33
65 34
64 35
64 36
63 37
63 38
63 38
63 39
62 40
62 41
61 42
61 43
60 44
60 45
60 45
60 46
59 47
59 48
59 49
59 50
58 51
58 52
58 52
57 53
57 54
56 55
56 56
55 57
55 57
55 58
55 59
54 60
54 61
54 62
54 63
54 63
53 64
53 65
52 66
52 66
52 67
52 68
52 68
52 69
52 69
52 69
53 69
53 69
54 68
55 67
55 67
56 66
57 66
58 65
58 65
59 64
59 63
60 62
60 62
61 61
62 60
63 59
63 59
64 58
65 57
66 56
66 56
67 55
68 54
69 53
69 53
70 52
70 51
71 50
71 49
71 49
72 48
73 48
74 47
74 47
74 46
75 45
75 44
75 44
76 43
77 42
77 42
77 41
76 40
76 39
75 38
75 37
75 36
74 35
74 34
73 33
73 32
73 31
72 30
72 29
71 28
71 27
70 26
70 25
70 24
69 23
69 22
68 21
68 20
68 19
67 18
67 17
66 16
66 15
66 14
65 13
65 12
64 11
64 10
64 10
63 10
62 11
61 11
61 11
60 12
60 12
60 12
60 13
59 14
59 15
59 15
59 16
59 17
59 18
59 18
59 19
59 20
59 21
59 22
59 23
59 23
59 24
59 25
59 26
59 27
59 28
59 29
59 30
59 30
59 31
59 32
59 33
59 34
59 35
59 36
59 37
59 38
59 38
59 39
59 40
59 41
59 42
59 43
59 44
59 45
59 46
59 46
59 47
59 48
59 49
59 50
58 51
58 52
58 53
58 54
58 55
58 55
58 56
58 57
58 58
58 59
57 60
57 61
57 62
57 63
57 64
57 64
57 65
56 66
56 67
56 68
56 69
55 70
55 71
55 72
55 72
55 73
55 74
55 75
54 76
54 77
54 78
54 79
54 79
54 80
54 81
53 82
53 83
53 84
53 84
53 85
53 86
52 87
52 88
52 89
52 89
52 90
51 91
51 92
51 92
50 93
50 94
50 94
50 94
50 93
50 93
50 92
51 91
51 90
51 89
52 88
52 87
53 86
53 85
53 84
54 83
54 82
54 81
55 80
55 79
55 78
56 77
56 76
57 75
57 74
57 73
58 72
58 71
58 70
59 69
59 68
60 67
60 66
60 65
61 64
61 63
61 62
62 61
62 60
62 59
63 58
63 57
64 56
64 55
64 54
65 53
65 52
65 52
65 51
66 50
66 49
67 48
67 47
67 47
68 46
68 46
68 47
68 47
68 48
68 48
68 49
68 50
68 51
68 51
68 52
67 53
67 54
67 55
67 55
67 56
67 57
67 58
67 59
67 60
67 60
67 61
67 62
67 63
67 64
67 65
67 65
67 66
67 67
67 68
67 69
67 70
67 70
67 71
67 72
67 73
67 74
67 74
67 75
67 76
67 77
67 78
67 78
67 79
67 80
67 81
67 81
67 82
68 83
68 84
68 84
69 85
69 86
69 86
70 87
71 88
71 88
72 88
73 88
74 88
74 88
75 88
76 88
77 88
77 88
78 88
79 87
80 87
81 87
81 87
82 86
83 86
84 85
85 85
85 85
86 84
87 84
88 83
88 83
89 82
90 81
91 81
92 80
92 80
93 79
94 78
94 78
95 77
96 76
97 75
97 75
98 74
98 73
98 73
98 72
98 71
98 71
98 70
99 69
99 68
99 67
99 67
99 66
98 65
98 64
98 63
98 63
98 62
98 61
98 60
98 59
98 58
98 57
98 57
98 56
98 55
98 54
98 53
98 52
98 51
98 50
98 49
98 49
98 48
98 47
98 46
98 45
98 44
98 43
98 42
98 41
98 40
