2 5
2 5
1 5
1 5
1 5
2 5
2 5
2 6
2 6
3 6
3 6
4 5
4 5
5 5
5 5
6 4
7 4
7 4
8 3
9 3
9 3
10 2
11 2
11 2
12 1
13 1
13 1
14 0
15 0
15 0
16 1
16 1
17 1
17 1
18 2
18 3
18 3
18 4
18 5
18 5
18 6
18 7
18 8
18 8
18 9
18 10
18 11
18 12
18 12
18 13
18 14
18 15
18 16
18 16
18 17
18 18
18 19
18 20
18 21
18 22
18 22
18 23
18 24
18 25
18 26
18 26
18 27
18 28
18 29
18 30
18 30
18 31
17 32
17 33
17 34
17 34
17 35
17 36
17 36
17 37
17 37
17 38
17 38
17 38
17 38
16 38
16 38
15 37
15 36
14 35
14 34
13 33
12 32
12 31
11 30
11 29
10 28
10 27
9 26
8 25
8 24
7 23
7 22
6 21
6 21
7 20
7 19
7 19
7 19
7 20
7 20
7 21
7 22
7 23
7 23
7 24
7 25
7 26
7 26
7 27
6 28
6 29
6 30
6 30
6 31
6 32
6 33
6 34
6 35
6 35
6 36
5 37
5 38
5 39
5 39
5 40
5 41
4 42
4 43
4 44
4 44
4 45
3 46
3 47
3 48
3 48
3 49
3 50
3 51
3 52
3 52
2 53
2 54
2 54
2 55
2 55
3 56
3 56
4 56
4 56
5 55
5 55
6 55
7 55
7 55
8 54
8 53
8 53
9 53
10 52
11 52
11 52
12 51
13 51
13 51
14 51
15 50
16 50
16 50
17 49
18 49
18 49
19 48
20 48
20 48
21 48
22 48
22 48
23 48
24 48
24 48
25 49
25 49
26 50
27 51
27 51
27 52
28 53
28 54
28 54
28 55
28 56
28 57
28 57
28 58
29 59
29 60
29 61
29 61
29 62
29 63
29 64
29 65
29 66
29 66
29 67
29 68
28 69
28 70
28 71
28 71
28 72
28 73
28 74
28 75
28 76
28 76
28 77
28 78
28 79
28 80
28 81
28 81
28 82
28 83
27 84
27 85
27 86
27 86
27 87
27 88
27 89
27 90
27 90
27 91
27 92
27 93
27 93
27 94
27 95
27 96
27 96
27 97
27 98
27 98
26 99
26 99
25 99
25 99
25 99
24 99
23 99
23 99
22 99
22 99
21 99
20 98
19 98
19 98
18 97
17 97
17 97
16 96
15 96
15 96
14 95
13 95
12 94
12 94
11 94
10 94
9 94
9 94
8 94
7 94
7 94
6 94
5 94
5 94
4 94
3 94
3 94
2 94
1 94
1 94
0 93
0 93
0 92
0 92
0 91
0 91
0 90
0 89
0 89
1 88
1 87
1 87
2 86
2 85
2 85
3 84
4 83
4 83
5 82
6 81
7 80
7 80
8 79
8 78
9 77
9 77
10 76
11 75
12 74
12 74
13 73
14 72
14 72
15 71
15 70
16 69
17 68
17 67
18 66
19 65
19 64
20 63
21 62
21 61
22 60
23 59
23 58
24 57
25 56
25 55
26 54
27 53
27 52
28 51
29 50
29 49
30 48
31 47
31 46
32 45
32 44
33 43
34 42
34 41
35 40
36 39
36 38
37 37
38 36
38 35
39 34
40 33
40 32
41 31
42 30
42 29
43 28
44 27
44 26
45 25
46 24
46 23
47 22
48 21
48 20
49 19
49 19
50 19
50 19
50 19
51 20
51 21
51 21
51 22
51 23
51 23
52 24
52 25
52 25
52 26
53 27
53 28
53 28
54 29
54 30
54 30
55 31
55 32
55 32
56 33
56 33
57 34
57 34
58 33
59 33
59 33
60 32
61 31
61 31
62 30
62 29
63 28
63 27
63 27
64 26
64 25
65 24
65 23
65 23
66 22
66 21
67 20
67 19
67 19
67 18
68 17
68 16
69 15
69 14
69 14
69 13
70 12
70 11
70 11
71 10
71 9
71 9
71 9
70 10
70 10
70 11
70 11
69 12
69 13
68 14
68 14
68 15
67 16
67 17
67 18
67 18
66 19
65 20
65 21
64 22
64 22
64 23
63 24
63 25
63 26
62 27
62 28
62 28
61 29
61 30
60 31
60 32
59 33
59 33
58 34
58 35
57 36
57 37
56 38
56 39
56 39
56 40
55 41
55 42
55 43
54 44
54 45
54 45
53 46
53 47
52 48
52 49
51 50
51 51
51 51
51 52
50 53
50 54
49 55
49 56
49 56
48 57
48 58
47 59
47 60
47 60
46 61
46 62
46 62
45 63
45 64
45 64
45 64
45 64
45 64
46 64
47 64
47 64
48 63
49 62
49 62
50 61
51 60
51 60
52 59
53 58
54 57
54 57
55 56
56 55
57 54
57 54
58 53
59 52
59 51
60 50
60 50
61 49
62 48
63 47
63 47
64 46
65 45
65 44
66 43
66 43
67 42
68 41
68 41
69 40
70 39
70 39
71 38
71 37
71 37
71 36
71 36
70 35
70 34
69 33
69 32
68 31
67 30
67 29
66 28
66 27
65 26
64 25
64 24
63 23
63 22
62 21
61 20
61 19
60 18
60 17
59 16
59 16
58 16
58 16
57 16
57 16
57 17
57 17
57 18
56 19
56 20
56 20
56 21
56 22
56 23
56 24
56 24
56 25
56 26
56 27
56 28
56 29
56 29
56 30
56 31
56 32
55 33
55 34
55 35
55 36
55 36
55 37
55 38
54 39
54 40
54 41
54 42
54 42
54 43
54 44
54 45
53 46
53 47
53 48
53 49
53 49
53 50
53 51
53 52
52 53
52 54
52 55
52 56
52 56
52 57
52 58
51 59
51 60
51 61
51 62
51 62
51 63
51 64
50 65
50 66
50 67
50 67
50 68
50 69
50 70
50 71
50 72
50 72
50 73
49 74
49 75
49 75
49 76
48 77
48 78
48 78
48 79
48 80
48 81
48 81
47 82
47 82
47 83
47 83
47 83
47 82
48 81
48 80
48 79
49 78
49 77
49 76
50 75
50 74
50 73
51 72
51 71
51 70
52 69
52 68
52 67
53 66
53 65
53 64
54 63
54 62
54 61
55 60
55 59
55 58
56 57
56 56
56 56
57 55
57 54
58 53
58 53
58 52
58 52
58 52
58 52
59 52
59 52
59 52
59 53
59 54
59 54
60 55
60 56
60 56
60 57
60 58
60 58
60 59
60 60
60 61
60 62
60 62
60 63
60 64
61 65
61 66
61 67
61 67
61 68
61 69
61 70
61 70
61 71
61 72
61 73
61 74
61 74
61 75
62 76
62 77
62 77
62 78
62 79
62 80
62 80
63 81
64 81
64 81
65 82
66 82
66 82
67 82
68 82
69 82
69 82
70 82
71 82
72 82
72 82
73 81
74 81
75 80
76 80
76 80
77 80
78 79
79 79
80 79
80 79
81 78
82 78
83 77
84 77
84 77
85 76
86 76
87 75
88 75
88 75
89 74
90 74
91 73
91 73
92 72
92 71
93 70
93 70
94 69
95 68
95 68
96 67
96 66
97 65
97 64
97 64
97 63
98 62
98 61
98 60
98 60
98 59
98 58
98 57
98 56
98 55
98 55
98 54
98 53
99 52
99 51
99 50
99 49
99 49
99 48
99 47
99 46
99 45
99 44
99 43
99 42
99 42
99 41
99 40
99 39
98 38
98 37
98 36
98 35
