13 5
12 6
12 7
11 8
11 8
10 8
9 8
9 8
8 7
8 7
8 7
8 7
7 7
7 7
8 7
8 7
9 8
9 8
10 8
11 8
11 8
12 8
13 7
14 7
14 7
15 6
16 6
17 5
18 5
18 5
19 4
20 4
21 3
21 3
22 2
23 2
24 1
25 1
25 1
26 1
27 1
27 1
28 1
29 1
29 1
29 2
29 2
29 3
30 4
30 5
30 5
30 6
29 7
29 8
29 9
29 9
29 10
29 11
28 12
28 13
28 14
28 14
28 15
28 16
27 17
27 18
27 19
27 20
27 20
27 21
27 22
26 23
26 24
26 25
26 26
26 26
26 27
26 28
25 29
25 30
25 31
25 32
25 32
25 33
25 34
24 35
24 36
24 37
24 37
24 38
23 39
23 40
23 41
23 41
22 42
22 43
22 43
22 44
22 44
22 43
21 42
21 41
21 40
21 39
20 38
20 37
20 36
20 35
19 34
19 33
19 32
18 31
18 30
18 29
18 28
17 27
17 26
17 25
17 24
16 23
16 22
16 21
16 20
15 19
15 18
15 18
15 19
15 19
15 20
15 20
15 21
15 21
15 22
14 23
14 24
14 24
14 25
14 26
14 27
14 28
14 28
14 29
14 30
14 31
14 32
14 33
14 33
14 34
14 35
13 36
13 37
13 38
13 38
13 39
13 40
12 41
12 42
12 43
12 43
12 44
12 45
11 46
11 47
11 48
11 48
11 49
10 50
10 51
10 51
9 52
9 53
9 53
9 54
9 54
9 54
9 54
10 54
10 54
11 53
11 53
12 52
13 52
14 51
14 51
15 50
16 49
17 48
17 48
18 47
19 46
20 46
21 45
22 44
22 44
23 43
24 42
25 42
26 41
27 40
27 40
28 39
29 39
30 38
30 38
31 38
32 38
33 38
33 38
34 39
35 39
35 39
36 40
36 41
36 41
36 42
37 43
37 44
37 44
37 45
37 46
37 47
37 48
37 49
37 49
37 50
37 51
37 52
37 53
37 54
37 55
37 55
37 56
37 57
37 58
36 59
36 60
36 61
36 62
36 63
36 63
36 64
36 65
36 66
36 67
35 68
35 69
35 70
35 71
35 72
35 72
35 73
35 74
35 75
35 76
34 77
34 78
34 79
34 80
34 81
34 81
34 82
34 83
34 84
33 85
33 86
33 87
33 88
33 88
33 89
32 90
32 91
32 92
32 92
32 93
31 94
31 95
31 96
31 96
30 97
30 98
30 98
29 99
29 99
28 99
28 99
27 98
27 98
26 97
26 96
26 96
25 95
25 94
24 93
24 92
24 92
23 91
22 90
22 90
21 89
21 88
20 87
20 87
19 87
18 87
18 87
17 87
16 86
15 86
14 86
13 85
12 85
11 85
10 84
9 84
8 83
7 83
6 83
5 82
4 82
3 82
2 81
1 81
1 81
0 82
0 82
0 81
0 81
0 80
0 79
0 79
1 79
1 79
2 78
2 78
3 77
4 76
4 76
5 75
6 75
7 74
7 74
8 74
9 73
10 73
11 73
11 73
12 72
13 72
14 71
15 71
15 71
16 70
17 69
18 69
19 68
19 68
20 67
21 67
22 66
23 66
23 66
24 65
25 65
26 64
27 64
27 64
28 63
29 62
30 61
31 60
32 59
33 58
34 57
35 56
35 55
36 54
37 53
38 52
39 51
40 50
41 49
42 48
43 47
44 46
45 45
46 44
47 43
48 42
49 41
50 40
50 39
51 38
52 37
53 36
54 35
55 34
56 33
57 32
57 32
57 31
58 30
58 29
59 28
59 27
59 27
59 26
59 25
59 24
59 23
59 23
59 22
59 22
59 21
59 21
59 22
59 23
59 23
59 24
60 25
60 26
60 27
60 27
60 28
60 29
60 30
60 31
60 32
60 32
60 33
60 34
60 35
60 36
60 37
60 37
60 38
60 39
60 40
60 41
60 41
60 42
60 43
60 44
60 44
61 45
61 45
62 44
62 44
63 43
63 42
64 41
64 40
65 39
66 38
66 37
67 36
68 35
68 34
69 33
69 32
70 31
71 30
71 29
72 28
72 27
73 26
73 26
74 25
74 24
75 23
75 22
76 21
76 20
77 19
77 18
77 18
77 19
77 19
77 19
77 20
77 20
77 21
77 22
77 23
77 24
77 24
77 25
77 26
76 27
76 28
76 29
76 29
76 30
75 31
75 32
74 33
74 34
74 34
73 35
73 36
72 37
72 38
71 39
71 39
70 40
70 41
69 42
69 43
68 44
68 45
68 45
67 46
67 47
66 48
65 49
65 50
64 51
64 51
63 52
62 53
61 54
61 55
60 56
59 57
59 57
58 58
57 59
57 60
56 61
55 62
55 62
54 63
53 64
52 64
51 65
51 65
50 66
49 67
49 67
49 67
50 67
50 67
51 66
51 66
52 66
53 65
54 65
54 65
55 64
56 63
57 63
58 62
58 62
59 61
60 60
61 60
62 59
63 58
63 58
64 57
65 57
66 56
67 56
68 55
68 55
69 55
70 55
71 54
72 54
73 54
74 54
74 54
75 54
76 54
77 53
78 53
79 53
79 53
80 53
81 52
82 52
82 52
83 52
84 52
84 52
84 52
83 51
83 51
82 50
81 50
81 50
80 49
79 49
79 49
79 48
78 47
78 46
78 45
77 44
77 43
77 42
76 41
76 40
76 39
75 38
75 37
75 36
74 35
74 34
74 33
73 32
73 31
73 30
73 29
72 28
72 27
72 26
71 25
71 24
71 23
70 22
70 21
70 20
69 19
69 18
69 17
68 16
68 15
68 15
68 16
68 17
68 17
68 17
68 18
68 19
68 19
68 20
68 21
68 22
68 23
68 24
68 25
68 25
68 26
68 27
68 28
67 29
67 30
67 31
67 32
67 33
67 33
67 34
67 35
67 36
67 37
67 38
67 39
67 40
67 41
67 42
67 42
67 43
67 44
66 45
66 46
66 47
66 48
65 49
65 50
65 51
65 51
65 52
65 53
64 54
64 55
64 56
64 57
63 58
63 59
63 60
63 60
63 61
62 62
62 63
62 64
62 65
61 66
61 67
61 68
61 68
61 69
60 70
60 71
60 72
60 73
59 74
59 75
59 75
59 76
58 77
58 78
58 79
58 79
57 80
57 81
57 81
58 82
58 82
59 81
59 80
59 80
59 79
60 78
60 77
60 76
61 75
61 74
62 73
62 72
62 71
63 70
63 69
63 68
64 67
64 66
64 65
65 64
65 63
66 62
66 61
66 60
67 59
67 58
67 58
68 58
69 57
70 57
71 57
71 57
71 58
71 59
71 59
71 58
71 58
71 59
71 60
71 60
71 61
71 62
71 63
71 63
71 64
70 65
70 66
70 67
70 67
70 68
70 69
70 70
70 71
70 71
70 72
70 73
69 74
69 75
69 76
69 77
69 77
69 78
68 79
68 80
68 81
68 81
68 82
68 83
68 84
68 85
68 85
68 86
68 87
68 87
69 88
69 88
70 89
70 89
71 89
72 89
72 89
73 89
74 89
74 89
75 89
76 88
77 88
78 88
78 88
79 88
80 87
81 87
81 87
82 86
83 86
84 85
85 85
85 85
86 85
87 84
88 84
89 84
89 84
90 84
91 83
92 83
92 83
93 82
94 82
94 82
95 81
96 81
96 81
97 80
97 80
98 79
98 79
98 78
98 78
98 77
99 76
99 75
99 75
99 74
99 73
99 72
99 72
99 71
99 70
98 69
98 68
98 67
98 67
98 66
98 65
98 64
98 63
98 62
98 62
98 61
98 60
98 59
97 58
97 57
97 56
97 55
97 54
