1 11
1 12
0 13
0 14
0 15
0 15
1 14
1 13
1 13
1 12
0 11
0 10
0 9
0 9
0 9
1 8
1 8
2 8
3 7
4 7
4 7
5 6
6 5
6 5
7 4
8 4
9 3
9 3
10 2
11 2
12 1
13 1
13 1
14 1
15 0
16 0
16 0
17 1
18 1
18 1
19 2
19 3
19 3
19 4
19 5
19 6
19 6
19 7
19 8
19 9
19 10
19 10
19 11
19 12
19 13
18 14
18 15
18 16
18 17
18 17
18 18
18 19
17 20
17 21
17 22
17 23
17 23
17 24
17 25
17 26
17 27
17 28
17 29
17 30
17 31
17 31
17 32
16 33
16 34
16 35
16 35
16 36
15 37
15 38
15 39
15 39
15 40
15 41
15 42
15 42
14 43
14 44
14 44
14 43
13 42
13 41
12 40
12 39
12 38
11 37
11 36
11 35
10 34
10 33
9 32
9 31
9 30
8 29
8 28
8 27
7 26
7 25
6 24
6 23
6 22
5 21
5 20
5 20
5 21
6 22
6 23
7 24
7 25
7 25
6 25
6 25
6 26
5 27
5 28
5 29
5 29
5 30
5 31
5 32
5 33
5 34
5 35
5 35
5 36
5 37
4 38
4 39
4 40
4 41
4 41
4 42
4 43
4 44
4 45
4 46
4 46
4 47
4 48
4 49
4 50
4 50
4 51
3 52
3 53
3 53
3 54
2 55
2 56
2 56
2 57
2 57
2 58
2 58
2 58
2 58
3 57
4 57
4 57
5 56
5 55
5 55
6 54
7 53
8 52
8 52
9 51
10 50
11 50
12 49
12 49
13 48
14 47
15 47
16 46
16 46
17 46
18 45
19 45
20 45
20 45
21 45
22 45
23 45
23 45
24 46
25 46
25 46
26 47
27 48
27 48
27 49
28 50
28 51
28 52
28 52
28 53
28 54
28 55
28 56
28 57
28 57
28 58
28 59
28 60
28 61
28 62
28 63
28 64
28 64
28 65
28 66
28 67
28 68
28 69
28 70
28 71
28 72
28 72
28 73
28 74
28 75
27 76
27 77
27 78
27 79
27 79
27 80
27 81
27 82
27 83
27 84
27 85
27 85
27 86
26 87
26 88
26 89
26 89
26 90
25 91
25 92
25 93
25 93
25 94
24 95
24 96
24 96
23 97
23 98
23 98
22 99
22 99
21 99
20 99
20 99
19 98
18 97
17 96
16 95
15 94
14 93
13 93
12 92
11 91
10 90
9 89
8 88
7 87
7 87
6 88
5 89
4 90
4 90
3 89
2 89
2 89
1 88
0 88
0 88
0 87
0 87
0 87
0 87
1 86
2 85
2 85
3 84
4 84
5 83
5 83
6 82
7 81
7 80
8 79
8 79
9 78
10 78
11 77
12 77
13 76
13 76
14 75
15 74
16 73
17 72
17 72
18 71
19 70
20 70
21 69
21 69
22 68
23 67
24 66
24 65
25 64
26 63
27 62
28 61
29 60
29 59
30 58
31 57
32 56
33 55
34 54
34 53
35 52
36 51
37 50
38 49
39 48
40 47
40 46
41 45
42 44
43 43
44 42
45 41
45 40
46 39
47 38
48 37
49 36
50 35
50 34
51 33
52 32
53 31
54 30
55 29
55 28
56 27
57 26
58 25
58 25
58 24
58 23
58 22
58 22
58 21
58 21
58 20
58 19
58 19
58 20
58 21
58 21
58 22
59 23
59 24
59 25
59 25
59 26
60 27
60 28
61 29
61 30
61 30
62 31
62 32
63 33
63 34
63 34
64 35
64 36
65 37
65 37
66 38
66 38
67 38
68 38
68 38
69 37
70 36
70 36
70 35
71 34
71 33
71 32
72 31
72 30
73 29
73 28
73 27
74 26
74 25
74 24
75 23
75 22
75 21
76 20
76 19
77 18
77 17
77 16
78 15
78 14
78 14
79 13
80 13
81 12
81 12
81 12
81 12
81 13
80 14
80 15
80 15
80 16
80 17
80 18
80 19
80 20
80 20
80 21
79 22
79 23
78 24
78 25
78 25
78 26
78 27
77 28
77 29
77 30
77 31
77 31
77 32
76 33
76 34
76 35
75 36
75 37
75 37
74 38
74 39
73 40
73 41
72 42
72 42
71 43
71 44
70 45
69 46
69 47
68 48
68 48
67 49
66 50
66 51
65 52
64 53
64 53
63 54
62 55
62 56
61 57
60 58
60 58
59 59
58 60
57 60
56 61
56 61
55 62
54 63
54 63
53 63
53 63
53 63
53 63
54 63
54 63
54 63
55 62
56 61
57 60
57 60
58 59
59 59
60 58
61 58
62 57
62 57
63 56
64 56
65 55
66 55
67 54
67 54
68 53
69 53
70 52
71 51
72 51
73 50
73 50
74 50
75 49
76 49
77 48
78 48
78 48
79 47
80 47
81 46
82 46
82 46
83 45
84 45
84 45
85 44
85 44
85 44
84 43
83 43
83 43
82 42
81 41
81 41
80 40
80 39
79 38
79 37
78 36
78 35
77 34
77 33
76 32
76 31
75 30
74 29
74 28
73 27
73 26
72 25
72 24
71 23
71 22
70 21
70 20
69 19
69 18
68 17
68 17
68 18
68 19
68 19
69 20
69 20
68 19
68 19
68 20
68 21
68 22
68 23
68 23
68 24
68 25
68 26
67 27
67 28
67 29
67 30
67 30
67 31
67 32
67 33
67 34
67 35
67 36
67 37
67 38
67 39
67 39
67 40
67 41
67 42
67 43
66 44
66 45
66 46
66 47
66 48
66 48
66 49
66 50
66 51
66 52
65 53
65 54
65 55
65 56
65 57
65 58
65 58
65 59
65 60
65 61
65 62
64 63
64 64
64 65
64 66
64 67
64 67
64 68
64 69
64 70
63 71
63 72
63 73
63 74
63 75
63 75
63 76
63 77
63 78
62 79
62 80
62 81
62 82
62 82
62 83
62 84
61 85
61 86
61 87
61 87
61 88
60 89
60 90
60 90
60 91
60 92
60 92
60 92
61 91
61 91
61 90
61 89
62 88
62 87
62 86
62 85
63 84
63 83
63 82
63 81
64 80
64 79
64 78
64 77
65 76
65 75
65 74
65 73
65 72
66 71
66 70
66 69
66 68
67 67
67 66
67 65
67 64
68 63
68 62
68 61
68 61
69 60
70 59
71 58
71 58
71 57
71 57
71 56
71 56
71 57
71 57
72 58
72 58
72 59
72 59
72 60
72 61
72 62
72 62
72 63
72 64
72 65
72 66
72 66
72 67
72 68
72 69
72 70
72 71
72 71
72 72
72 73
72 74
72 75
72 75
72 76
72 77
72 78
72 78
72 79
73 80
73 81
73 81
73 82
73 83
73 84
73 84
74 85
74 86
74 86
75 87
76 87
76 87
77 88
78 88
78 88
79 88
80 88
80 88
81 88
82 87
83 87
83 87
84 86
85 86
86 85
87 85
87 85
88 84
89 83
90 83
91 82
91 82
92 81
93 81
94 80
94 80
95 79
95 78
96 77
96 77
96 76
97 75
97 74
97 74
97 73
98 72
98 71
98 71
98 70
99 69
99 68
99 68
99 67
98 66
98 65
98 65
98 64
98 63
98 62
98 61
98 61
98 60
97 59
97 58
97 57
97 57
97 56
97 55
96 54
96 53
96 52
96 51
96 51
96 50
96 49
96 48
96 47
96 46
96 45
96 45
96 44
96 43
96 42
96 41
96 40
96 39
96 38
