22 22
23 22
24 22
24 22
24 21
24 21
24 20
24 20
24 19
24 19
25 18
25 17
25 17
25 16
26 15
26 14
26 14
26 13
26 12
26 11
26 11
26 10
26 9
26 9
26 8
26 7
26 6
26 6
26 5
25 4
25 3
25 3
24 2
23 1
23 1
22 0
21 0
21 0
20 1
19 1
18 2
18 2
17 3
16 4
15 5
15 5
14 6
13 7
13 8
12 9
12 9
11 10
10 11
9 12
9 12
9 13
8 14
8 15
8 16
8 16
8 17
8 18
7 19
7 20
7 21
7 21
7 22
7 23
6 24
6 25
6 26
6 26
6 27
6 28
7 29
7 30
7 31
7 31
7 32
7 33
8 34
8 35
8 36
8 37
8 37
8 38
9 39
9 40
10 41
10 42
10 42
11 43
12 44
12 45
13 46
13 46
14 47
15 48
15 49
16 50
17 51
17 51
18 52
18 53
19 54
19 55
20 56
20 56
21 57
22 58
22 59
23 60
24 61
24 61
25 62
25 63
26 64
26 65
27 66
27 67
27 67
27 68
28 69
28 70
29 71
29 72
29 72
29 73
29 74
30 75
30 76
30 77
30 77
30 78
30 79
30 80
30 81
30 82
30 82
30 83
29 84
29 85
28 86
28 87
28 87
27 88
27 89
26 90
26 91
26 91
25 92
24 93
23 94
22 95
22 95
21 96
20 96
19 97
19 97
18 98
17 98
16 99
15 99
15 99
14 99
13 99
12 99
11 99
11 99
10 99
9 99
8 99
8 99
7 99
6 98
5 98
5 98
4 97
3 96
3 96
2 95
2 94
1 93
1 93
1 92
0 91
0 90
0 90
1 89
2 89
3 88
4 87
5 87
6 86
7 86
8 85
9 84
10 84
11 83
12 82
13 82
14 81
15 81
16 80
17 79
18 79
19 78
20 77
21 77
22 76
23 76
24 75
25 74
26 74
27 73
28 72
29 72
30 71
31 71
32 70
33 69
34 69
35 68
36 67
37 67
38 66
39 66
40 65
41 64
42 64
43 63
43 63
42 62
42 62
42 62
41 61
41 61
41 62
41 63
41 63
41 64
41 65
41 66
41 67
41 67
41 68
41 69
41 70
41 70
41 71
41 72
41 73
41 74
41 74
41 75
42 76
42 77
42 78
42 78
43 79
43 80
43 80
44 81
44 82
44 82
44 83
45 84
45 85
45 85
46 86
46 86
47 85
48 85
48 85
49 84
50 84
50 84
51 83
51 82
51 82
52 81
52 80
53 79
53 78
53 78
53 77
54 76
54 75
54 74
54 74
54 73
54 72
54 71
54 70
54 70
54 69
54 68
54 67
54 66
54 65
54 65
54 64
54 63
53 62
53 61
53 60
53 60
53 59
52 58
52 57
52 57
51 56
50 56
50 56
49 56
48 56
48 56
47 57
46 57
46 57
45 58
44 59
44 59
44 60
43 61
43 62
43 62
43 63
43 64
43 64
44 64
45 64
46 64
47 64
48 64
49 64
50 64
51 64
52 64
53 64
54 64
55 64
56 64
57 64
58 64
59 64
60 64
61 64
62 64
63 64
64 64
65 64
66 64
67 64
68 64
68 64
69 64
70 63
71 63
72 62
73 62
73 62
73 61
73 60
73 60
73 59
73 58
73 58
72 57
72 56
72 56
72 55
72 54
72 54
72 53
72 52
72 51
72 51
72 50
72 49
72 49
71 48
71 48
70 48
69 48
69 48
68 49
68 50
67 51
67 51
66 52
66 53
65 54
65 55
65 55
65 56
64 57
64 58
63 59
63 60
63 60
63 61
63 62
62 63
62 64
62 65
62 65
62 66
62 67
62 68
62 69
62 70
62 71
62 71
62 72
62 73
62 74
62 74
63 75
64 76
64 76
65 77
65 77
66 77
67 77
67 77
68 76
69 75
69 75
70 74
71 73
71 73
72 72
73 71
73 71
73 70
74 69
74 68
74 68
74 67
74 66
74 65
74 65
74 64
74 64
74 64
74 64
74 65
74 65
74 66
74 67
74 68
74 68
74 69
74 70
74 71
74 72
74 73
74 73
74 74
75 75
75 76
75 76
75 77
75 78
75 79
75 79
76 80
77 81
77 81
78 81
78 81
79 81
80 81
80 81
80 80
80 79
81 78
81 77
81 76
81 75
82 74
82 73
82 72
82 71
82 70
83 69
83 68
83 67
83 66
83 65
84 64
84 63
84 62
84 61
85 60
85 59
85 58
85 58
86 57
86 56
86 56
86 55
86 55
85 55
85 55
85 56
85 57
85 57
85 58
86 59
86 60
86 61
86 61
86 62
86 63
86 64
86 65
86 65
86 66
86 67
87 68
87 69
87 70
87 70
87 71
87 72
87 73
87 74
87 74
87 75
87 76
87 77
87 77
87 78
87 79
87 79
87 80
87 81
87 81
87 81
87 81
87 80
87 79
87 79
87 78
87 77
87 76
87 75
87 75
87 74
87 73
88 72
88 71
88 70
88 70
88 69
89 68
89 67
89 66
90 65
90 64
90 64
90 63
91 62
91 61
91 60
91 59
92 58
92 57
92 56
92 56
92 55
93 54
93 53
94 52
94 51
94 51
95 50
95 49
95 49
95 49
96 50
96 50
96 51
96 52
96 52
96 53
96 54
96 55
96 55
96 56
96 57
96 58
96 59
96 59
96 60
96 61
97 62
97 63
97 64
97 64
97 65
97 66
97 67
97 68
97 69
97 70
97 70
97 71
97 72
98 73
98 74
98 75
98 75
98 76
98 77
98 78
98 79
98 79
98 80
99 81
99 82
