18 21
19 21
19 21
19 20
19 19
19 18
19 18
19 17
19 16
19 15
19 15
20 14
20 13
20 13
20 12
20 11
20 10
20 9
20 9
20 8
21 7
21 6
21 5
21 5
21 4
21 3
21 3
20 2
20 2
19 1
19 1
18 0
17 0
17 0
16 1
16 1
15 2
14 3
14 3
13 4
12 5
11 6
11 6
10 7
10 8
9 9
9 10
8 11
8 11
7 12
7 13
6 14
6 15
5 16
5 16
5 17
4 18
4 19
4 20
3 21
3 22
3 22
3 23
2 24
2 25
1 26
1 27
1 27
1 28
1 29
0 30
0 31
0 32
0 33
0 33
0 34
0 35
0 36
0 36
0 37
0 38
0 39
0 40
0 40
0 41
1 42
1 43
1 44
1 44
2 45
2 46
3 47
3 47
4 48
5 49
6 50
6 50
7 51
8 51
9 52
9 52
10 53
11 54
12 54
13 55
13 55
14 55
15 56
16 56
16 56
17 57
18 57
19 58
19 58
20 59
20 60
21 61
21 61
21 62
22 63
22 64
22 65
22 65
22 66
22 67
22 68
22 69
22 70
22 70
22 71
22 72
21 73
21 74
21 75
21 75
21 76
20 77
20 78
20 79
19 80
19 81
19 81
18 82
18 83
17 84
17 85
16 86
16 86
15 87
15 88
14 89
14 90
13 91
13 91
12 92
12 93
11 94
11 95
10 96
10 96
9 97
8 98
7 99
7 99
6 99
5 99
5 99
4 99
3 99
3 99
3 99
3 98
3 98
4 97
5 96
6 95
7 94
8 93
9 92
10 91
11 90
12 89
13 88
14 88
15 87
16 86
17 85
18 84
19 83
20 82
21 81
22 80
23 79
24 78
25 77
26 76
27 75
28 74
29 73
30 72
31 71
32 70
33 69
34 68
35 68
36 67
37 66
38 65
39 64
40 63
41 62
42 61
43 60
44 59
45 58
45 58
45 58
45 58
45 57
45 57
44 58
44 58
44 59
44 59
44 60
43 61
43 62
43 62
43 63
43 64
43 65
43 65
43 66
42 67
42 68
42 68
42 69
42 70
42 71
42 72
42 72
42 73
42 74
42 75
42 75
42 76
42 77
42 78
42 79
42 79
42 80
43 81
43 82
43 82
44 83
44 84
44 84
45 85
45 86
45 86
46 86
46 86
47 86
47 86
48 86
48 86
49 85
49 84
49 84
49 83
50 82
50 81
50 81
50 80
51 79
51 78
51 77
51 77
51 76
52 75
52 74
52 73
52 73
52 72
52 71
52 70
52 70
52 69
52 68
52 67
52 67
52 66
51 65
51 64
51 64
51 63
50 62
50 61
50 61
49 60
48 59
48 59
47 59
46 59
46 59
45 59
44 59
44 59
43 60
43 60
42 60
41 60
41 60
41 60
40 60
40 60
40 60
40 60
40 60
41 60
42 60
43 60
44 60
45 61
46 61
47 61
48 61
49 61
50 61
51 61
52 61
53 61
54 61
55 62
56 62
57 62
58 62
59 62
60 62
61 62
62 62
63 62
64 62
65 63
66 63
67 63
68 63
69 63
69 63
69 63
69 62
69 62
69 61
69 61
69 60
69 60
69 59
69 58
69 58
69 57
69 56
69 56
69 55
69 55
69 54
69 53
69 53
68 52
68 52
68 52
67 51
67 51
66 52
66 52
65 53
65 54
65 54
65 55
64 56
64 57
64 57
64 58
64 59
63 60
63 61
63 62
63 62
62 63
62 64
61 65
61 66
61 66
61 67
61 68
61 69
61 70
61 70
61 71
60 72
60 73
60 73
60 74
60 75
60 76
60 76
61 77
61 77
61 78
61 78
62 78
63 78
63 78
64 77
64 77
65 76
65 75
66 74
66 74
66 73
67 72
67 71
67 71
67 70
68 69
68 68
68 68
69 67
70 66
70 66
70 65
70 65
70 65
70 65
70 66
70 66
70 67
70 68
70 68
70 69
70 70
70 71
70 72
70 72
70 73
70 74
70 75
70 75
70 76
71 77
71 78
71 78
72 79
72 80
72 80
73 81
73 81
74 81
74 81
75 80
76 80
76 80
77 79
77 78
77 78
78 77
78 77
79 76
79 75
79 75
79 74
80 73
80 72
80 71
80 70
81 69
81 68
81 67
81 66
82 65
82 64
82 63
82 62
83 61
83 60
83 59
83 58
84 57
84 56
84 55
84 55
84 54
84 54
84 53
84 53
84 52
84 52
84 52
85 51
85 50
85 50
86 50
86 50
87 49
87 49
87 49
88 49
88 49
88 50
88 51
88 51
88 52
88 53
88 54
88 54
88 55
88 56
88 57
88 57
88 58
88 59
88 60
88 61
88 62
88 62
88 63
87 64
87 65
87 66
87 66
87 67
87 68
87 69
87 70
87 70
87 71
87 72
87 73
87 74
87 74
87 75
86 76
86 77
86 78
86 78
86 79
86 80
86 81
86 81
86 82
86 82
86 83
86 83
86 83
86 83
86 82
86 81
86 81
86 80
87 79
87 78
87 78
87 77
87 76
88 75
88 74
88 73
88 73
88 72
88 71
88 70
88 69
88 68
88 68
88 67
88 66
89 65
89 64
89 63
89 63
89 62
90 61
90 60
90 59
90 59
90 58
91 57
91 56
91 56
92 55
92 54
92 54
93 53
93 53
93 52
93 52
94 52
94 52
95 53
95 53
95 54
95 55
95 55
96 56
96 57
96 57
96 58
96 59
96 60
96 61
96 61
96 62
96 63
97 64
97 65
97 66
97 66
97 67
97 68
97 69
97 70
97 70
97 71
97 72
97 73
97 73
98 74
98 75
98 75
98 76
98 77
98 77
98 78
98 78
98 78
99 78
99 78
99 78
