25 21
26 20
27 19
27 19
27 18
27 17
27 16
27 15
27 15
28 14
28 13
28 13
28 12
28 11
28 11
28 10
28 9
28 8
28 8
28 7
28 6
28 5
28 5
28 4
28 3
28 3
27 2
27 1
27 1
26 0
25 0
25 0
24 1
23 1
23 1
22 2
22 3
21 4
21 4
20 5
19 6
18 7
18 7
17 8
16 9
16 10
15 11
15 11
15 12
14 13
14 14
13 15
13 16
13 16
13 17
12 18
12 19
11 20
11 21
11 21
11 22
10 23
10 24
10 25
10 25
10 26
10 27
9 28
9 29
9 30
9 30
9 31
9 32
9 33
9 34
9 35
9 35
9 36
9 37
10 38
10 39
10 40
10 41
10 41
10 42
10 43
10 44
11 45
11 46
11 47
11 48
11 48
11 49
11 50
11 51
12 52
12 53
12 54
12 55
12 55
12 56
13 57
13 58
13 59
13 60
14 61
14 62
14 63
14 63
14 64
15 65
15 66
15 67
15 68
16 69
16 70
16 70
16 71
17 72
17 73
17 74
18 75
18 76
18 76
18 77
19 78
19 79
20 80
20 81
20 81
20 82
21 83
21 84
21 85
21 85
21 86
21 87
21 88
21 89
21 89
20 90
19 91
19 91
18 92
18 93
17 94
17 94
16 95
15 96
14 97
14 97
13 97
12 98
11 98
11 98
10 98
9 99
8 99
8 99
7 99
6 99
5 99
5 99
4 99
3 99
2 99
2 99
1 98
1 98
0 98
0 98
0 98
1 97
2 96
3 95
3 94
4 93
5 92
6 91
7 90
8 89
8 88
9 87
10 86
11 85
12 84
13 83
14 82
14 81
15 80
16 79
17 78
18 77
19 76
20 75
20 74
21 73
22 72
23 71
24 70
25 69
25 68
26 67
27 66
28 65
28 65
29 65
30 64
31 64
32 63
33 63
33 63
33 62
33 61
33 61
33 62
33 63
33 63
33 64
33 65
32 66
32 67
32 68
32 68
32 69
32 70
32 71
32 72
32 73
32 74
32 74
32 75
31 76
31 77
31 78
31 78
31 79
31 80
31 81
31 82
31 83
31 83
31 84
31 85
31 86
31 87
31 87
31 88
31 89
31 89
32 90
32 91
32 91
33 92
34 92
34 92
35 91
36 90
36 90
37 89
38 88
39 87
39 87
40 86
40 85
41 84
41 83
42 82
42 82
43 81
43 80
44 79
44 78
45 77
45 76
45 76
46 75
46 74
47 73
47 72
48 71
48 71
48 70
48 69
48 68
48 67
48 66
48 66
48 65
48 64
48 63
48 62
48 61
48 61
47 60
47 59
47 59
46 58
45 57
45 57
44 57
43 57
43 57
42 57
41 58
40 58
40 58
39 59
38 60
38 60
38 61
37 62
37 63
37 63
37 64
36 65
36 66
36 66
37 66
38 66
39 67
40 67
41 67
42 67
43 67
44 67
45 68
46 68
47 68
48 68
49 68
50 69
51 69
52 69
53 69
54 69
55 69
56 70
57 70
58 70
59 70
60 70
61 70
62 71
63 71
64 71
64 71
65 70
66 69
66 68
67 67
68 66
68 66
68 65
68 64
68 63
68 63
68 62
68 61
68 60
68 60
68 59
68 59
68 58
68 57
68 57
67 56
67 55
67 55
66 54
66 54
65 55
64 56
64 56
63 57
63 58
62 59
62 59
62 60
61 61
61 62
60 63
60 64
59 65
59 66
59 66
58 67
58 68
57 69
57 70
56 71
56 71
56 72
56 73
55 74
55 75
55 76
55 77
55 77
55 78
55 79
55 80
55 80
55 81
55 82
55 83
55 83
56 84
56 84
57 84
58 84
58 84
59 83
60 82
60 82
61 81
61 80
62 79
62 78
62 78
63 77
63 76
64 75
64 75
65 74
65 73
65 73
65 72
66 71
66 70
66 70
67 69
67 68
67 68
67 67
67 67
67 67
67 68
67 68
67 69
67 70
67 70
67 71
67 72
67 73
67 74
67 74
67 75
68 76
68 77
68 78
68 78
68 79
68 80
68 81
68 82
68 82
68 83
69 84
69 85
69 85
70 86
70 86
71 86
72 86
72 86
73 86
74 86
74 86
74 85
75 84
75 83
76 82
76 81
76 80
77 79
77 78
77 77
78 76
78 75
79 74
79 73
79 72
80 71
80 70
80 69
81 68
81 67
82 66
82 65
82 64
83 63
83 62
83 62
83 61
84 60
84 59
84 59
84 58
84 58
84 58
84 59
84 59
84 60
84 61
84 62
84 62
84 63
84 64
84 65
84 66
84 67
84 68
84 68
84 69
83 70
83 71
83 72
83 72
83 73
83 74
83 75
83 76
83 77
83 77
83 78
82 79
82 80
82 81
82 81
81 82
81 83
81 83
81 84
81 84
81 84
81 84
81 83
82 82
82 81
82 81
82 80
82 79
83 78
83 77
83 76
83 76
83 75
84 74
84 73
85 72
85 71
85 71
86 70
86 69
87 68
87 67
88 66
88 66
88 65
89 64
89 63
90 62
90 61
90 61
90 60
91 59
91 58
91 58
92 57
93 57
93 57
93 58
93 58
94 59
94 59
94 60
95 61
95 62
95 62
95 63
95 64
95 65
95 65
95 66
95 67
96 68
96 69
96 70
96 70
96 71
96 72
96 73
96 74
96 75
96 75
96 76
96 77
97 78
97 79
97 80
97 80
97 81
97 82
97 83
97 84
97 84
97 85
98 86
98 87
98 87
98 88
99 89
99 90
