14 18
14 19
15 20
15 21
15 22
16 23
16 24
16 24
17 24
18 24
18 24
19 23
19 23
20 23
21 23
22 23
22 23
23 22
24 21
24 21
25 20
25 19
26 18
26 18
26 17
27 16
27 15
27 14
27 14
27 13
28 12
28 11
28 10
28 10
28 9
28 8
28 7
28 6
28 6
28 5
27 4
27 3
27 2
27 2
26 1
25 0
25 0
24 0
23 0
22 0
21 0
21 0
20 1
19 2
18 2
17 3
17 3
16 4
15 5
14 5
13 6
13 6
12 7
11 8
10 9
9 10
9 10
8 11
8 12
7 13
7 14
7 14
6 15
6 16
5 17
5 18
5 18
5 19
5 20
5 21
5 22
5 22
5 23
5 24
6 25
6 26
6 27
6 27
6 28
6 29
7 30
7 31
7 32
7 33
7 33
7 34
8 35
8 36
9 37
9 38
10 39
10 40
10 40
10 41
11 42
11 43
12 44
12 45
12 46
13 47
13 48
13 48
13 49
14 50
14 51
14 52
15 53
15 54
15 55
16 56
16 57
16 57
16 58
17 59
17 60
17 61
18 62
18 63
18 64
19 65
19 66
19 66
19 67
20 68
20 69
21 70
21 71
21 72
22 73
22 74
22 74
22 75
23 76
23 77
23 78
23 79
24 80
24 81
24 82
24 82
24 83
24 84
24 85
24 86
24 87
24 88
24 89
24 89
24 90
23 91
23 92
22 93
22 94
22 94
21 95
20 96
19 97
19 97
18 97
17 98
16 98
16 98
15 98
14 98
13 98
13 98
12 98
11 98
10 98
9 98
9 98
8 97
7 97
6 96
6 96
5 95
4 94
3 94
2 93
2 93
1 92
0 91
0 91
0 90
0 89
0 88
0 88
0 87
0 87
0 87
1 86
2 85
3 85
4 84
5 83
6 82
7 82
8 81
9 80
10 79
11 78
12 78
13 77
14 76
15 75
16 74
17 74
18 73
19 72
20 71
21 71
22 70
23 69
24 68
25 67
26 67
27 66
28 65
29 64
30 64
31 63
32 62
32 62
33 62
34 62
35 61
36 61
37 61
38 61
38 61
39 61
39 61
39 60
39 59
39 59
39 60
38 61
38 62
38 63
38 63
38 64
38 65
39 66
39 67
39 68
39 68
39 69
39 70
38 71
38 72
38 73
38 74
38 74
38 75
38 76
37 77
37 78
37 79
37 79
37 80
37 81
36 82
36 83
36 84
36 84
36 85
36 86
36 87
36 88
36 89
36 89
36 90
37 91
37 92
37 92
38 93
39 93
39 93
40 93
41 93
41 93
42 92
42 91
43 90
43 90
44 89
44 88
45 87
45 86
46 85
46 85
47 84
47 83
48 82
48 81
49 80
49 79
49 79
49 78
49 77
49 76
50 75
50 74
50 73
50 72
50 71
50 71
50 70
50 69
51 68
51 67
51 66
51 65
51 65
51 64
51 63
51 62
50 61
50 60
50 59
50 58
50 58
49 57
49 56
48 55
48 55
47 54
46 54
46 54
45 54
44 54
43 54
43 54
42 55
41 56
41 56
40 57
39 58
39 58
39 59
38 60
38 61
38 61
38 62
38 63
38 64
38 65
38 65
39 66
40 66
41 67
42 68
43 68
44 69
45 70
46 70
47 71
48 72
49 72
50 73
51 74
52 75
53 75
54 76
55 77
56 77
57 78
58 79
59 79
60 80
61 81
62 81
63 82
63 82
64 82
65 82
66 82
67 82
68 82
68 82
68 81
69 80
69 79
69 79
69 78
70 77
70 76
70 76
70 75
70 74
71 73
71 72
71 71
71 71
71 70
71 69
72 68
72 67
72 66
72 66
72 65
72 64
72 63
72 62
72 62
72 61
71 60
71 59
71 59
70 58
70 57
69 56
69 56
68 55
67 55
67 55
66 56
66 57
65 58
65 58
64 59
63 60
62 61
61 62
61 62
60 63
60 64
59 65
59 66
58 67
58 67
58 68
57 69
57 70
57 71
56 72
56 73
56 73
56 74
55 75
55 76
55 77
54 78
54 79
54 79
54 80
54 81
54 82
54 83
54 83
54 84
55 85
55 86
55 87
55 87
56 88
56 89
56 89
57 89
58 89
58 89
59 88
60 88
61 87
61 87
62 86
63 85
63 84
64 83
64 83
65 82
65 81
66 80
66 79
67 78
67 78
68 77
68 76
69 75
69 74
70 73
70 73
70 72
71 71
71 70
72 69
72 68
72 68
72 68
72 68
72 69
71 70
71 71
71 71
71 72
70 73
70 74
69 75
69 76
69 76
69 77
69 78
68 79
68 80
68 81
68 81
68 82
67 83
67 84
67 85
67 85
67 86
67 87
67 88
67 89
67 90
67 90
67 91
68 92
68 93
68 93
68 94
69 95
69 96
69 96
70 97
70 97
70 96
71 95
71 94
72 93
72 92
73 91
73 90
74 89
74 88
74 87
75 86
75 85
76 84
76 83
77 82
77 81
77 80
78 79
78 78
79 77
79 76
80 75
80 74
81 73
81 72
81 72
81 71
82 70
82 69
82 69
82 68
82 67
82 67
82 66
82 65
82 64
82 64
82 64
83 65
83 65
83 66
83 66
83 67
83 68
83 69
83 70
83 71
83 71
83 72
83 73
82 74
82 75
82 76
82 77
82 77
82 78
82 79
82 80
81 81
81 82
81 83
81 84
81 84
81 85
81 86
81 87
80 88
80 89
80 90
80 91
80 91
80 92
79 93
79 94
79 95
79 95
79 96
78 97
78 98
78 98
78 99
78 99
78 99
78 99
78 98
79 97
79 96
79 96
80 95
80 94
81 93
81 92
82 91
82 90
82 90
82 89
83 88
83 87
83 86
83 85
84 84
84 83
84 82
84 82
84 81
85 80
85 79
86 78
86 77
87 76
87 75
87 75
87 74
88 73
88 72
89 71
89 70
89 70
90 69
90 68
91 67
91 66
92 65
92 65
93 64
94 64
94 64
95 64
96 64
96 64
97 65
98 65
98 65
98 66
98 67
98 68
98 68
98 69
98 70
98 71
98 72
98 72
98 73
98 74
98 75
98 76
98 77
98 77
98 78
97 79
97 80
97 81
97 81
97 82
97 83
97 84
97 85
97 86
97 86
97 87
96 88
96 89
96 90
96 90
96 91
97 92
97 93
97 93
97 94
97 95
97 96
97 96
97 97
97 98
97 99
