25 31
26 30
27 30
27 30
27 29
27 28
27 28
28 27
28 27
28 26
28 26
29 25
29 24
29 24
30 23
30 22
30 22
30 21
31 20
31 19
31 18
31 18
31 17
31 16
31 15
31 15
31 14
32 13
32 12
32 11
32 11
32 10
32 9
32 8
32 8
32 7
31 6
31 5
31 5
30 4
30 3
30 3
29 2
28 1
28 1
27 0
26 0
26 0
25 0
24 1
23 1
23 1
22 1
21 2
20 2
20 2
19 3
18 4
17 5
17 5
16 6
15 7
15 8
14 9
14 9
13 10
13 11
12 12
12 13
12 13
11 14
11 15
10 16
10 17
10 17
10 18
10 19
9 20
9 21
9 22
9 22
9 23
9 24
9 25
9 26
9 26
9 27
9 28
9 29
9 30
9 30
9 31
10 32
10 33
10 34
10 34
10 35
11 36
11 37
12 38
12 39
12 39
13 40
13 41
14 42
14 43
14 43
15 44
16 45
16 46
17 47
17 47
18 48
19 49
20 50
21 51
21 51
22 52
22 53
23 54
24 55
24 56
25 57
25 57
26 58
26 59
27 60
27 61
28 62
28 63
28 63
29 64
29 65
30 66
30 67
31 68
31 69
31 69
31 70
31 71
32 72
32 73
32 74
32 75
32 75
32 76
33 77
33 78
33 79
33 79
33 80
32 81
32 82
32 83
32 83
32 84
31 85
31 86
31 87
31 87
30 88
30 89
29 90
29 91
29 91
28 92
27 93
26 94
26 94
25 95
24 96
23 97
23 97
22 97
21 98
20 98
19 98
19 98
18 98
17 99
16 99
15 99
15 99
14 99
13 99
12 99
11 99
11 99
10 99
9 99
8 99
7 99
7 99
6 99
5 98
4 98
4 98
3 97
2 97
1 96
1 96
0 95
0 94
0 94
0 93
0 92
0 91
0 91
1 90
2 90
3 89
4 89
5 88
6 87
7 87
8 86
9 86
10 85
11 85
12 84
13 83
14 83
15 82
16 82
17 81
18 80
19 80
20 79
21 79
22 78
23 77
24 77
25 76
26 76
27 75
28 75
29 74
30 73
31 73
32 72
33 72
34 71
35 70
36 70
37 69
38 69
39 68
40 67
41 67
42 66
43 66
44 65
45 65
46 64
47 63
48 63
49 62
50 62
51 61
51 61
50 62
50 62
49 61
49 61
48 62
48 63
47 64
47 64
47 65
46 66
46 67
46 68
46 68
46 69
46 70
46 71
45 72
45 73
45 74
45 75
45 75
45 76
45 77
45 78
45 79
45 79
45 80
45 81
45 82
45 83
45 84
45 84
45 85
45 86
45 87
45 87
45 88
45 89
45 90
45 90
46 91
46 91
47 92
48 92
48 92
49 91
49 90
49 90
50 89
51 88
52 87
52 87
52 86
53 85
53 84
54 83
54 82
54 82
55 81
55 80
56 79
56 78
56 78
56 77
56 76
57 75
57 74
57 73
57 73
57 72
57 71
57 70
57 69
57 68
57 68
57 67
56 66
56 65
56 65
56 64
55 63
55 62
55 62
54 61
53 61
53 61
52 61
51 61
51 61
50 62
49 62
49 62
48 63
48 63
47 64
47 65
47 65
46 66
46 67
46 67
47 67
48 67
49 68
50 68
51 68
52 68
53 69
54 69
55 69
56 69
57 69
58 70
59 70
60 70
61 70
62 70
63 71
64 71
65 71
66 71
67 72
68 72
69 72
69 72
70 71
71 70
72 70
73 69
73 69
73 68
73 67
73 67
73 66
73 65
73 65
73 64
73 63
73 62
73 62
73 61
73 60
73 59
73 59
73 58
73 57
73 56
73 56
72 55
72 55
71 55
70 55
70 55
69 56
69 57
68 58
68 58
67 59
67 60
66 61
66 62
65 63
65 63
64 64
64 65
63 66
63 67
62 68
62 69
62 69
62 70
61 71
61 72
61 73
61 74
60 75
60 76
60 77
60 77
60 78
59 79
59 80
59 81
59 81
59 82
60 83
60 84
60 85
60 85
61 86
61 87
61 87
62 88
62 88
63 87
64 87
64 87
65 86
66 85
66 85
67 84
68 83
69 82
69 82
69 81
70 80
70 79
70 78
70 78
71 77
71 76
72 75
72 75
72 74
73 73
73 72
73 72
73 71
73 71
73 71
73 72
73 72
73 73
73 74
73 74
73 75
73 76
73 77
73 77
73 78
73 79
73 80
73 81
73 81
73 82
73 83
73 84
73 85
73 85
73 86
74 87
74 88
74 88
75 89
75 90
75 90
76 91
76 91
77 91
77 91
77 90
78 89
78 88
78 87
79 86
79 85
79 84
79 83
80 82
80 81
80 80
81 79
81 78
81 77
82 76
82 75
82 74
82 73
83 72
83 71
83 70
84 69
84 68
84 67
85 66
85 65
85 64
85 63
86 62
86 61
86 61
86 60
86 59
86 59
86 58
86 58
86 59
86 59
86 60
86 61
86 62
86 62
86 63
86 64
86 65
86 66
86 67
86 67
86 68
86 69
86 70
86 71
86 72
86 73
86 73
86 74
86 75
86 76
85 77
85 78
85 79
85 80
85 80
85 81
85 82
85 83
85 84
85 84
85 85
85 86
85 87
85 87
85 88
85 89
85 89
85 90
85 90
85 90
85 89
85 89
85 88
85 87
85 86
85 86
85 85
86 84
86 83
86 82
87 81
87 80
87 80
87 79
88 78
88 77
88 76
88 75
89 74
89 73
89 73
89 72
90 71
90 70
90 69
90 68
91 67
91 66
91 65
91 65
92 64
92 63
93 62
93 61
93 61
93 60
94 59
94 58
94 58
95 58
95 58
95 58
96 59
96 59
96 60
96 61
96 61
96 62
97 63
97 64
97 65
97 65
97 66
97 67
97 68
97 69
97 70
97 70
97 71
97 72
98 73
98 74
98 75
98 75
98 76
98 77
98 78
98 79
98 80
98 80
98 81
98 82
98 83
98 83
98 84
99 85
99 86
99 86
99 87
98 88
98 89
