19 29
20 29
21 28
22 28
22 28
22 27
23 26
23 25
23 24
23 24
23 23
24 22
24 21
24 21
25 20
25 19
26 18
26 18
26 17
27 16
27 15
27 14
27 14
27 13
28 12
28 11
28 10
28 10
28 9
29 8
29 7
29 6
29 6
29 5
29 4
29 3
29 3
28 2
27 1
27 1
26 1
25 1
24 1
24 1
23 1
22 2
21 2
20 2
20 2
19 3
18 4
17 4
16 5
16 5
15 6
14 6
13 7
12 7
11 8
11 8
10 9
9 10
8 11
7 12
7 12
6 13
6 14
5 15
5 16
5 16
4 17
4 18
3 19
3 20
3 20
3 21
2 22
2 23
2 24
2 24
2 25
3 26
3 27
3 28
3 28
4 29
4 30
5 31
5 32
5 32
5 33
6 34
6 35
6 36
7 37
7 38
7 38
8 39
9 40
9 41
10 42
11 43
11 43
11 44
12 45
12 46
13 47
13 48
14 49
14 50
14 50
14 51
15 52
15 53
16 54
16 55
16 56
17 57
17 58
17 58
17 59
18 60
18 61
18 62
18 63
19 64
19 65
19 66
19 66
19 67
19 68
19 69
20 70
20 71
20 72
20 73
20 73
20 74
20 75
20 76
19 77
19 78
19 79
19 80
19 80
19 81
19 82
18 83
18 84
18 85
18 86
18 86
17 87
17 88
16 89
16 90
16 90
15 91
14 92
14 93
13 94
13 94
12 95
11 95
10 96
10 96
9 96
8 97
7 97
7 97
6 97
5 97
4 97
4 97
3 97
2 97
2 97
1 96
0 95
0 95
0 94
0 94
0 93
0 92
0 92
1 91
2 90
3 89
4 88
5 87
6 86
7 85
8 84
9 83
10 82
11 81
12 80
13 79
14 78
15 77
16 76
16 75
17 74
18 73
19 72
20 71
21 70
22 69
23 68
24 67
25 66
26 65
27 64
28 63
29 62
30 61
31 60
32 59
32 59
33 58
34 57
35 56
36 55
37 54
37 54
37 53
37 53
38 53
38 53
38 54
38 55
38 55
38 56
37 57
37 58
37 58
37 59
36 60
36 61
35 62
35 63
35 63
35 64
35 65
34 66
34 67
34 68
34 69
34 69
34 70
34 71
33 72
33 73
33 74
33 75
33 75
33 76
33 77
32 78
32 79
32 80
32 81
32 81
32 82
32 83
32 84
32 85
32 85
33 86
33 87
34 88
34 88
35 89
35 90
35 90
36 90
37 89
38 89
38 89
39 88
40 87
40 86
41 85
41 85
42 84
42 83
43 82
43 81
44 80
44 80
44 79
45 78
45 77
45 76
46 75
46 74
46 74
46 73
46 72
46 71
47 70
47 69
47 68
47 67
47 67
47 66
47 65
48 64
48 63
48 62
48 61
48 61
48 60
47 59
47 58
46 57
46 56
46 56
45 55
44 54
44 54
43 53
42 53
42 53
41 53
40 54
39 54
39 54
38 55
37 56
37 56
36 57
35 58
35 58
35 59
35 60
35 61
35 61
36 61
37 62
38 62
39 62
40 62
41 63
42 63
43 63
44 63
45 64
46 64
47 64
48 64
49 65
50 65
51 65
52 65
53 66
54 66
55 66
56 66
57 67
58 67
59 67
60 67
61 68
62 68
63 68
63 68
64 69
65 70
65 71
66 72
67 73
67 73
67 72
67 71
67 71
67 70
67 69
67 68
67 67
67 67
67 66
67 65
67 65
67 64
68 63
68 62
68 62
68 61
68 60
68 59
68 58
68 58
68 57
67 56
67 55
67 54
67 54
66 53
66 52
65 51
65 51
64 50
64 50
63 50
62 51
61 51
61 51
60 52
60 53
59 54
59 55
59 55
58 56
57 57
57 58
56 59
56 59
56 60
56 61
55 62
55 63
55 64
55 65
55 65
55 66
55 67
54 68
54 69
54 70
54 70
54 71
54 72
53 73
53 74
53 75
53 75
53 76
54 77
54 78
54 79
54 79
54 80
55 81
55 82
55 82
56 82
57 82
57 82
58 81
59 81
59 81
60 80
61 79
61 78
62 77
62 77
63 76
64 75
64 74
65 73
65 73
66 72
66 71
67 70
67 69
67 69
68 68
68 67
68 67
68 67
67 67
67 67
67 68
66 69
66 70
66 70
66 71
66 72
66 73
66 74
66 75
66 75
66 76
66 77
65 78
65 79
65 80
65 80
65 81
64 82
64 83
64 84
64 84
64 85
65 86
65 87
65 87
65 88
65 89
65 90
65 90
66 91
67 92
67 92
68 92
68 92
68 91
69 90
69 89
69 88
70 87
70 86
71 85
71 84
71 83
72 82
72 81
72 80
73 79
73 78
74 77
74 76
74 75
75 74
75 73
75 72
76 71
76 70
77 69
77 68
77 67
78 66
78 65
78 65
79 64
80 64
81 63
81 63
81 62
81 62
81 61
80 60
80 59
80 59
81 60
81 60
81 61
81 61
81 62
82 63
82 64
82 64
82 65
82 66
82 67
82 68
82 69
82 69
82 70
82 71
82 72
82 73
82 74
82 74
82 75
82 76
82 77
81 78
81 79
81 80
81 81
81 81
81 82
81 83
81 84
80 85
80 86
80 87
80 88
80 88
80 89
80 90
79 91
79 92
79 93
79 94
79 94
79 95
78 96
78 97
78 98
78 98
78 99
78 99
78 99
78 98
78 97
78 97
78 96
79 95
79 94
79 94
79 93
80 92
80 91
81 90
81 89
81 88
82 87
82 86
82 86
82 85
83 84
83 83
84 82
84 81
84 80
85 79
85 78
85 78
85 77
86 76
86 75
86 74
87 73
87 72
87 71
88 70
88 69
88 69
89 68
89 67
90 66
90 65
91 64
91 64
92 63
92 62
93 61
93 61
94 61
94 61
95 62
95 62
95 63
96 64
96 65
96 65
96 66
96 67
96 68
96 69
96 69
96 70
96 71
96 72
96 73
96 74
96 74
96 75
96 76
95 77
95 78
95 79
95 80
95 80
95 81
95 82
96 83
96 84
96 85
96 86
96 86
96 87
96 88
96 89
96 90
96 91
96 91
96 92
97 93
97 94
97 95
97 95
97 96
98 97
98 98
98 98
99 99
