16 21
17 22
17 22
17 21
17 21
17 20
17 20
17 19
17 19
17 18
17 17
17 17
17 16
17 16
17 15
17 14
17 13
17 13
18 12
18 11
18 11
18 10
18 9
18 8
18 8
18 7
18 6
18 6
18 5
18 4
18 3
18 3
17 2
17 2
17 1
17 0
17 0
16 0
16 0
15 1
14 2
14 2
13 3
12 4
12 4
12 5
11 6
11 7
11 7
10 8
10 9
9 10
9 11
9 11
9 12
8 13
8 14
7 15
7 16
7 16
7 17
6 18
6 19
6 20
5 21
5 22
5 22
5 23
5 24
4 25
4 26
4 27
4 28
4 28
4 29
3 30
3 31
3 32
3 32
3 33
3 34
3 35
3 36
3 36
3 37
3 38
3 39
3 39
4 40
4 41
4 41
5 42
5 43
5 43
6 44
6 44
7 44
8 44
9 44
9 44
10 44
11 44
11 44
12 44
13 44
14 44
14 44
15 44
16 44
16 44
17 45
18 45
18 45
19 46
19 47
19 47
20 48
20 49
20 49
20 50
21 51
21 52
21 52
21 53
21 54
21 55
21 56
21 56
21 57
20 58
20 59
20 60
20 60
20 61
20 62
19 63
19 64
19 65
19 65
19 66
18 67
18 68
18 69
18 69
18 70
17 71
17 72
16 73
16 74
16 74
16 75
15 76
15 77
14 78
14 79
14 79
14 80
13 81
13 82
12 83
12 84
12 84
11 85
11 86
10 87
10 88
9 89
9 89
8 90
7 91
7 92
6 93
6 93
5 94
5 95
4 96
4 96
3 97
2 98
2 98
1 99
1 99
0 99
0 99
0 99
0 99
1 98
2 97
3 96
4 95
5 94
6 93
7 92
8 91
9 90
10 89
11 89
12 88
13 87
14 86
15 85
16 84
17 83
18 82
19 81
20 80
21 79
22 78
23 77
24 76
25 75
26 74
27 73
28 72
29 71
30 70
31 70
32 69
33 68
34 67
35 66
36 65
37 64
38 63
39 62
40 61
41 60
41 60
41 59
41 58
41 57
41 57
40 56
40 56
40 55
40 55
40 54
40 54
39 53
39 53
39 52
39 52
38 52
38 52
37 52
37 52
37 53
37 54
37 54
36 55
36 56
36 56
36 57
35 58
35 59
35 59
35 60
34 61
34 62
34 63
34 63
34 64
33 65
33 66
33 67
33 67
33 68
33 69
33 70
33 70
33 71
33 72
33 73
33 73
33 74
33 75
33 76
33 76
33 77
33 78
33 79
33 79
34 80
34 81
34 81
35 81
35 81
36 81
36 81
37 80
37 79
37 79
38 78
38 77
39 76
39 76
39 75
40 74
40 73
40 73
40 72
40 71
40 70
40 70
40 69
41 68
41 67
41 67
41 66
41 65
41 64
41 63
41 63
41 62
41 61
41 61
41 60
41 59
41 59
41 59
41 59
41 59
41 60
41 60
41 61
41 61
41 62
41 63
41 63
41 64
41 65
41 65
42 65
43 64
44 64
45 63
46 63
47 63
48 62
49 62
50 61
51 61
52 60
53 60
54 60
55 59
56 59
57 58
58 58
59 58
60 57
61 57
62 56
63 56
63 56
63 55
64 54
64 53
64 53
64 52
64 51
64 51
64 51
63 50
63 50
62 50
62 50
61 50
61 50
60 51
60 51
59 52
59 52
58 53
58 54
58 54
57 55
57 56
57 56
57 57
57 58
56 59
56 60
56 61
56 61
56 62
56 63
56 64
56 65
56 65
56 66
55 67
55 68
55 68
55 69
55 70
55 71
55 71
56 72
56 73
56 73
56 74
56 74
57 74
57 74
58 73
58 73
59 72
60 71
60 71
60 70
61 69
61 68
61 68
61 67
62 66
62 65
62 65
62 64
63 63
63 62
63 61
63 61
63 60
64 59
64 58
64 57
64 57
64 56
64 55
64 55
64 55
64 55
64 55
64 56
64 57
64 57
64 58
64 59
64 60
64 60
64 61
64 62
64 63
64 64
64 64
64 65
65 66
65 67
65 68
65 68
65 69
66 70
66 71
66 71
66 72
67 73
67 74
67 75
67 75
67 76
68 77
68 78
68 78
69 79
69 80
70 81
70 81
71 82
71 82
71 81
72 80
72 79
73 78
73 77
73 76
74 75
74 74
74 73
75 72
75 71
76 70
76 69
76 68
77 67
77 66
78 65
78 64
78 63
79 62
79 61
80 60
80 59
80 58
81 57
81 56
81 55
82 54
82 53
83 52
83 51
83 51
84 51
84 51
84 51
83 51
83 51
83 52
83 52
83 53
83 54
83 55
83 55
83 56
83 57
83 57
83 58
83 59
83 60
83 61
83 61
83 62
83 63
83 64
83 65
83 65
83 66
83 67
83 68
83 68
83 69
83 70
83 71
83 71
83 72
83 73
83 73
83 74
83 75
83 75
83 76
83 76
83 77
83 77
83 76
83 76
84 75
84 74
84 74
84 73
85 72
85 71
85 71
85 70
86 69
86 68
86 67
86 67
87 66
87 65
88 64
88 63
88 63
88 62
89 61
89 60
89 59
89 59
90 58
90 57
91 56
91 56
92 55
92 54
92 54
93 54
93 54
94 54
94 54
94 54
95 55
95 56
95 56
95 57
95 58
95 58
95 59
96 60
96 61
96 61
96 62
96 63
96 64
96 65
96 65
96 66
96 67
96 68
96 69
96 69
96 70
97 71
97 72
97 72
97 73
97 74
97 75
97 76
97 76
97 77
98 78
98 79
98 80
98 80
98 81
98 82
98 83
98 83
98 84
98 85
