10 32
10 33
10 34
10 34
10 33
10 33
10 33
10 32
10 32
10 31
10 31
11 30
11 29
11 29
11 28
12 27
12 26
12 26
12 25
13 24
13 23
13 22
13 22
13 21
14 20
14 19
14 18
14 18
14 17
15 16
15 15
15 14
15 14
15 13
15 12
15 11
15 10
15 10
15 9
15 8
15 7
15 7
15 6
15 5
15 4
15 4
15 3
14 2
14 1
14 1
13 0
13 0
12 0
11 0
11 0
10 1
9 2
9 2
9 3
8 4
8 5
8 5
7 6
7 7
6 8
6 9
6 9
6 10
5 11
5 12
4 13
4 14
4 14
4 15
4 16
3 17
3 18
3 19
3 20
3 20
3 21
2 22
2 23
2 24
1 25
1 26
1 26
1 27
1 28
1 29
0 30
0 31
0 32
0 33
0 33
0 34
0 35
0 36
0 37
0 38
0 38
0 39
0 40
0 41
0 42
0 43
0 44
0 44
0 45
0 46
0 47
0 48
0 48
0 49
1 50
1 51
1 51
2 52
2 53
2 53
3 54
4 54
4 54
5 55
6 55
7 56
7 56
8 56
9 56
9 56
10 56
11 57
12 57
12 57
13 58
14 58
14 58
15 58
16 59
17 59
17 59
18 60
18 61
18 61
19 62
19 63
20 64
20 64
20 65
20 66
20 67
20 68
20 68
20 69
20 70
20 71
20 71
20 72
20 73
20 74
20 75
20 75
20 76
19 77
19 78
19 79
19 79
18 80
18 81
17 82
17 83
17 83
17 84
16 85
16 86
15 87
15 88
15 88
14 89
14 90
13 91
13 91
12 92
12 93
11 94
11 94
10 95
9 95
8 96
8 96
7 97
6 98
6 98
5 99
4 99
4 99
3 99
2 99
2 99
1 99
1 99
1 99
2 98
3 97
4 96
5 95
5 94
6 93
7 92
8 91
9 90
10 89
11 88
12 87
13 86
13 85
14 84
15 83
16 82
17 81
18 80
19 79
20 78
21 77
21 76
22 75
23 74
24 73
25 72
26 71
27 70
28 69
28 68
29 67
30 66
31 65
32 64
33 63
34 62
35 61
36 60
36 59
37 58
38 57
39 56
40 55
40 55
40 54
40 53
40 53
39 52
39 52
39 52
39 52
39 53
39 54
39 54
38 55
38 56
38 56
38 57
37 58
37 59
37 59
37 60
37 61
37 62
37 63
37 63
37 64
36 65
36 66
36 67
36 67
36 68
36 69
36 70
36 71
36 71
36 72
36 73
36 74
36 74
36 75
36 76
36 77
36 77
37 78
37 79
37 79
38 80
38 80
39 81
39 81
40 80
41 80
41 80
42 79
43 78
43 78
44 77
44 76
44 76
45 75
45 74
45 74
45 73
46 72
46 71
46 71
46 70
46 69
46 69
46 68
46 67
46 66
46 66
46 65
45 64
45 63
45 62
45 62
45 61
44 60
44 59
44 58
44 58
44 57
43 56
43 55
43 55
43 54
42 53
42 52
42 52
41 51
41 50
41 50
40 49
40 49
40 49
40 49
40 49
41 49
42 49
43 49
44 49
45 49
46 49
47 49
48 49
49 49
50 49
51 49
52 49
53 49
54 49
55 49
56 50
57 50
58 50
59 50
60 50
61 50
62 50
63 50
64 50
65 50
66 50
67 50
68 50
69 50
70 50
71 50
71 50
70 49
70 49
69 48
69 48
69 47
69 47
68 47
68 47
67 47
67 47
66 48
66 48
65 49
65 50
65 50
65 51
64 52
64 53
64 53
64 54
63 55
63 56
63 56
63 57
63 58
62 59
62 60
62 61
62 61
62 62
61 63
61 64
61 65
61 65
61 66
61 67
61 68
61 69
61 69
61 70
61 71
61 71
61 72
61 73
61 73
62 74
62 74
63 74
63 74
64 73
64 72
64 72
64 71
65 70
65 69
65 69
66 68
66 67
67 66
67 65
67 65
67 64
67 63
67 62
67 61
67 61
67 60
68 59
68 58
68 57
68 57
68 56
69 55
69 54
69 53
69 53
69 52
69 52
69 51
69 51
69 51
69 52
69 53
69 53
69 54
69 55
69 55
69 56
69 57
69 58
69 59
69 59
69 60
69 61
69 62
69 63
69 64
69 64
69 65
70 66
70 67
70 68
70 68
70 69
71 70
71 71
71 72
71 72
71 73
72 74
72 75
72 75
72 76
73 77
73 78
73 78
74 79
74 79
75 79
76 79
76 79
76 78
77 77
77 76
77 75
78 74
78 73
78 72
79 71
79 70
79 69
79 68
80 67
80 66
80 65
81 64
81 63
81 62
82 61
82 60
82 59
83 58
83 57
83 56
84 55
84 54
84 53
84 52
85 51
85 50
85 49
86 48
86 47
86 47
86 46
86 46
86 45
86 44
86 44
86 44
86 44
86 45
86 46
86 46
86 47
86 48
86 48
86 49
86 50
86 51
86 51
86 52
86 53
86 54
86 55
86 56
86 56
86 57
86 58
85 59
85 60
85 61
85 61
85 62
85 63
85 64
85 65
85 66
85 67
85 67
85 68
85 69
85 70
85 71
85 72
85 72
85 73
85 74
85 75
85 76
85 76
85 77
85 78
85 79
85 79
85 80
85 81
85 81
85 81
86 80
86 80
86 79
87 78
87 77
87 77
87 76
87 75
88 74
88 73
88 72
88 72
88 71
88 70
89 69
89 68
89 67
89 66
89 66
89 65
89 64
90 63
90 62
90 61
90 60
90 60
90 59
91 58
91 57
92 56
92 55
92 55
92 54
93 53
93 52
93 51
93 51
94 50
94 50
95 51
95 51
95 52
95 52
95 53
96 54
96 55
96 55
96 56
96 57
96 58
96 59
96 59
96 60
96 61
96 62
96 63
96 63
96 64
96 65
96 66
96 67
96 68
96 68
96 69
97 70
97 71
97 72
97 72
97 73
97 74
97 75
97 76
97 76
97 77
97 78
98 79
98 80
98 81
98 81
98 82
98 83
98 84
98 84
98 85
98 86
98 87
98 88
98 88
98 89
99 90
99 91
