10 22
11 23
11 23
11 23
10 23
10 23
10 23
10 23
11 22
11 22
11 21
11 20
11 20
11 19
12 18
12 17
12 17
12 16
13 15
13 14
13 14
13 13
14 12
14 11
14 11
14 10
14 9
14 8
14 8
14 7
14 6
14 6
14 5
14 4
14 4
14 3
14 2
14 2
13 1
13 1
12 0
12 0
11 1
11 1
10 2
10 2
9 3
9 3
8 4
8 5
7 6
7 6
7 7
6 8
6 9
6 9
6 10
6 11
5 12
5 13
5 14
5 14
5 15
4 16
4 17
3 18
3 19
3 19
3 20
2 21
2 22
2 23
2 23
2 24
2 25
1 26
1 27
1 28
1 28
1 29
1 30
0 31
0 32
0 33
0 33
0 34
0 35
0 36
0 37
0 38
0 39
0 39
0 40
0 41
0 42
0 42
0 43
0 44
0 45
0 45
0 46
0 47
0 48
0 48
1 49
1 49
2 50
3 50
3 50
4 50
5 50
5 50
6 50
7 50
8 50
8 50
9 50
10 50
10 50
11 51
12 51
12 51
13 52
14 53
14 53
14 54
15 55
15 56
15 56
15 57
16 58
16 59
16 60
16 60
16 61
16 62
16 63
16 64
16 64
16 65
16 66
16 67
16 68
16 69
16 69
16 70
16 71
16 72
16 73
16 74
16 75
16 75
16 76
16 77
15 78
15 79
15 80
15 80
15 81
14 82
14 83
14 84
14 84
14 85
13 86
13 87
12 88
12 89
12 89
11 90
11 91
10 92
10 93
10 93
9 94
9 95
8 96
8 96
7 97
7 98
6 99
6 99
5 99
4 99
3 99
3 99
2 99
2 99
1 99
1 99
1 98
1 98
1 97
1 97
1 96
1 96
2 95
3 94
4 93
5 92
6 91
7 90
8 89
9 88
10 87
11 86
12 85
13 84
14 83
15 82
16 81
17 80
18 79
19 78
20 77
21 76
21 75
22 74
23 73
24 72
25 71
26 70
27 69
28 68
29 67
30 66
31 65
32 64
33 63
34 62
35 61
36 60
37 59
38 58
39 57
40 56
41 55
41 55
40 54
40 54
40 54
39 54
39 54
39 55
39 55
38 56
38 57
38 57
37 58
37 59
37 59
37 60
37 61
37 62
37 63
37 63
37 64
36 65
36 66
36 67
36 67
36 68
35 69
35 70
35 71
35 71
35 72
35 73
35 74
35 75
35 75
35 76
35 77
35 78
35 79
35 79
35 80
36 81
36 82
36 82
37 83
37 84
37 84
38 85
38 85
39 86
40 86
40 86
41 85
42 85
42 85
43 84
44 83
44 83
45 82
45 81
46 80
46 80
47 79
47 78
47 78
47 77
48 76
48 75
48 75
48 74
48 73
48 72
48 72
48 71
47 70
47 69
47 68
47 68
47 67
46 66
46 65
46 65
46 64
45 63
45 62
45 62
44 61
43 60
43 60
42 59
42 59
41 58
41 58
40 57
40 57
40 57
40 57
40 57
41 58
41 58
42 58
42 58
43 59
43 59
44 59
45 59
45 59
46 59
47 59
48 59
49 59
50 59
51 58
52 58
53 58
54 58
55 58
56 58
57 58
58 58
59 58
60 58
61 58
62 58
63 57
64 57
65 57
66 57
67 57
68 57
68 57
67 56
67 55
67 55
67 55
66 55
66 55
65 56
65 56
64 57
64 58
64 58
63 59
63 60
63 60
63 61
62 62
62 63
62 64
62 64
62 65
61 66
61 67
61 68
61 68
61 69
61 70
61 71
61 72
61 72
61 73
60 74
60 75
60 75
60 76
60 77
60 78
60 78
60 79
60 79
61 80
61 80
62 79
62 79
63 78
63 77
63 77
64 76
64 75
64 75
65 74
65 73
66 72
66 71
66 71
66 70
67 69
67 68
67 67
67 67
67 66
67 65
67 64
67 63
67 63
68 62
68 61
68 61
68 60
68 59
68 59
68 58
68 58
68 58
68 59
68 60
68 60
68 61
68 62
68 62
68 63
68 64
68 65
68 65
68 66
68 67
68 68
68 68
68 69
69 70
69 71
69 71
69 72
70 73
70 74
70 74
71 75
71 76
71 76
72 77
73 77
73 77
74 78
74 78
75 78
76 78
76 78
77 78
78 78
78 78
78 77
79 76
79 75
79 74
80 73
80 72
80 71
80 70
81 69
81 68
81 67
82 66
82 65
82 64
83 63
83 62
83 61
83 60
84 59
84 58
84 58
84 57
85 56
85 55
85 54
85 54
85 53
85 52
85 51
85 51
86 50
86 50
86 50
86 51
86 51
86 52
86 53
86 53
86 54
86 55
86 56
86 56
86 57
86 58
86 59
86 59
86 60
86 61
86 62
86 63
86 63
86 64
86 65
85 66
85 67
85 68
85 68
85 69
85 70
85 71
85 72
85 72
85 73
85 74
85 75
85 75
85 76
85 77
85 77
85 78
85 78
85 79
85 79
86 79
86 79
86 78
86 77
86 77
86 76
87 75
87 74
87 74
87 73
88 72
88 71
88 70
88 70
88 69
88 68
89 67
89 66
89 65
89 65
89 64
90 63
90 62
90 61
90 61
91 60
91 59
92 58
92 57
92 57
92 56
93 55
93 54
93 54
94 53
94 53
95 52
95 52
96 52
96 52
96 53
96 53
97 54
97 54
97 55
97 56
97 57
97 57
97 58
98 59
98 60
98 61
98 61
98 62
98 63
98 64
98 65
98 66
98 66
98 67
98 68
98 69
98 70
98 71
98 71
98 72
98 73
98 74
98 75
98 76
98 76
98 77
98 78
98 79
98 80
98 81
98 81
98 82
98 83
98 84
98 84
98 85
98 86
98 87
98 87
99 88
99 89
