27 36
28 36
28 36
28 35
28 34
28 33
28 33
28 32
28 32
28 31
28 30
28 30
28 29
29 28
29 27
29 26
29 26
29 25
30 24
30 23
30 23
30 22
30 21
30 20
30 19
30 19
30 18
30 17
30 16
30 15
30 14
30 13
30 13
30 12
30 11
30 10
30 9
30 9
30 8
29 7
29 6
29 5
29 5
29 4
28 3
28 2
28 2
27 1
27 0
27 0
26 0
25 0
24 0
24 0
23 1
22 1
21 2
21 2
20 3
19 3
18 4
18 4
17 5
16 6
15 7
15 7
14 8
14 9
13 10
13 11
13 11
12 12
12 13
11 14
11 15
11 15
11 16
10 17
10 18
10 19
10 19
10 20
10 21
10 22
10 23
10 24
10 24
10 25
10 26
11 27
11 28
11 29
11 29
11 30
12 31
12 32
12 33
13 34
13 35
13 35
13 36
14 37
14 38
15 39
15 40
15 40
16 41
16 42
17 43
17 44
18 45
18 46
18 46
19 47
19 48
20 49
20 50
21 51
21 52
21 52
21 53
22 54
22 55
22 56
22 57
23 58
23 59
23 60
23 60
23 61
24 62
24 63
24 64
24 65
25 66
25 67
25 67
25 68
25 69
25 70
26 71
26 72
26 73
26 74
26 74
26 75
26 76
26 77
26 78
26 79
26 79
26 80
26 81
25 82
25 83
25 84
25 84
25 85
24 86
24 87
23 88
23 89
23 89
22 90
22 91
21 92
21 93
21 93
20 94
19 95
18 96
18 96
17 97
16 97
15 98
14 98
14 98
13 98
12 99
11 99
11 99
10 99
9 99
8 99
8 99
7 99
6 99
5 99
5 99
4 98
3 98
3 98
2 97
1 96
1 96
0 95
0 94
0 94
0 93
0 93
1 92
2 91
3 90
4 89
5 88
6 87
7 86
8 85
9 84
10 83
11 82
12 81
13 80
14 79
15 78
16 77
17 76
18 75
19 74
20 73
21 72
22 71
23 70
24 69
25 68
26 67
27 66
28 65
29 64
30 63
31 62
31 62
32 62
33 62
34 61
35 61
36 61
36 61
37 60
37 59
37 59
37 59
36 60
36 61
36 61
36 62
36 63
36 64
36 64
36 65
36 66
36 67
36 67
36 68
36 69
36 70
36 71
36 71
36 72
36 73
35 74
35 75
35 76
35 76
35 77
35 78
35 79
35 80
35 81
35 81
35 82
34 83
34 84
34 85
34 85
34 86
34 87
34 88
34 89
34 89
34 90
35 91
35 92
35 92
36 93
36 93
37 94
38 94
38 94
39 93
40 93
41 92
42 92
42 92
43 91
44 90
44 89
45 88
45 88
46 87
47 86
47 85
48 84
49 83
49 83
50 82
50 81
51 80
51 79
51 79
51 78
51 77
52 76
52 75
52 74
52 74
52 73
53 72
53 71
53 70
53 70
53 69
53 68
52 67
52 66
52 65
52 65
52 64
51 63
51 62
51 62
50 61
50 60
50 60
49 59
48 59
48 59
47 59
46 59
45 59
45 59
44 60
43 61
43 61
42 62
42 63
42 63
43 63
44 64
45 64
46 64
47 64
48 65
49 65
50 65
51 65
52 66
53 66
54 66
55 66
56 67
57 67
58 67
59 67
60 68
61 68
62 68
63 68
64 69
65 69
65 69
66 68
67 68
68 67
69 67
69 67
69 66
69 65
69 65
69 64
69 63
69 63
69 62
69 61
69 61
69 60
69 59
69 59
69 58
68 57
68 56
68 56
67 55
67 55
66 55
65 55
65 55
64 56
63 56
63 56
62 57
62 58
61 59
61 60
61 60
61 61
60 62
60 63
60 64
59 65
59 66
59 66
59 67
58 68
58 69
58 70
57 71
57 72
57 72
57 73
57 74
56 75
56 76
56 77
56 77
56 78
56 79
56 80
56 80
56 81
56 82
56 83
56 83
57 84
57 84
58 85
59 85
59 85
60 84
61 84
61 84
62 83
63 82
64 81
64 81
65 80
65 79
66 78
66 78
67 77
67 76
67 76
68 75
68 74
68 74
68 73
69 72
69 71
69 71
69 71
69 71
69 71
69 72
69 73
69 73
69 74
69 75
69 76
69 76
69 77
69 78
69 79
69 80
69 80
69 81
69 82
69 83
69 83
69 84
70 85
70 86
70 86
71 87
71 88
71 88
72 88
72 88
73 87
74 87
74 87
74 86
75 85
75 84
76 83
76 82
77 81
77 80
78 79
78 78
79 77
79 76
80 75
80 74
81 73
81 72
82 71
82 70
82 70
82 69
82 68
83 67
83 66
83 65
83 65
83 64
83 63
83 63
83 62
83 62
83 62
83 62
83 63
83 64
83 64
83 65
83 66
83 67
83 68
83 68
83 69
83 70
82 71
82 72
82 73
82 74
82 74
82 75
82 76
81 77
81 78
81 79
81 80
81 80
81 81
81 82
80 83
80 84
80 85
80 85
80 86
79 87
79 88
79 89
79 89
78 90
78 91
78 91
78 92
78 92
78 92
78 91
78 91
78 90
79 89
79 88
79 88
79 87
80 86
80 85
81 84
81 83
81 83
81 82
82 81
82 80
83 79
83 78
83 78
83 77
84 76
84 75
84 74
85 73
85 72
85 72
85 71
86 70
86 69
86 68
86 67
87 66
87 65
87 65
88 64
88 63
89 62
89 61
89 61
90 60
90 59
90 59
91 58
91 58
92 59
92 59
92 59
93 60
93 60
93 61
94 62
94 63
94 63
94 64
95 65
95 66
95 66
95 67
95 68
95 69
95 70
95 70
95 71
96 72
96 73
96 74
96 74
96 75
97 76
97 77
97 78
97 78
97 79
97 80
97 81
97 82
97 82
97 83
98 84
98 85
98 85
98 86
98 87
98 87
98 88
98 88
99 88
