27 26
26 26
26 26
25 25
25 24
25 24
25 23
25 23
26 22
26 22
26 21
26 20
26 20
26 19
26 18
26 17
26 17
26 16
27 15
27 14
27 14
27 13
27 12
27 11
27 11
27 10
27 9
27 8
27 8
27 7
26 6
26 5
26 5
26 4
26 3
26 2
26 2
25 1
24 0
24 0
23 0
22 0
21 0
20 0
20 0
19 1
18 1
17 2
17 2
16 3
15 4
14 4
13 5
13 5
12 6
11 7
10 8
9 9
8 10
8 10
7 11
6 12
6 13
5 14
4 15
4 15
3 16
3 17
2 18
2 19
1 20
1 20
1 21
1 22
0 23
0 24
0 25
0 25
0 26
0 27
0 28
0 29
0 30
0 30
0 31
0 32
0 33
0 34
0 35
0 35
0 36
1 37
1 38
2 39
2 40
2 40
3 41
3 42
4 43
4 44
5 45
5 45
6 46
6 47
7 48
8 49
8 50
9 51
9 51
10 52
10 53
11 54
12 55
12 56
13 57
13 57
14 58
14 59
15 60
15 61
16 62
16 63
17 64
17 64
18 65
18 66
19 67
19 68
20 69
20 70
20 70
20 71
21 72
21 73
21 74
22 75
22 76
22 76
22 77
22 78
22 79
22 80
22 81
22 82
22 82
22 83
22 84
21 85
21 86
21 87
21 87
20 88
20 89
19 90
19 91
19 91
18 92
18 93
17 94
17 94
16 95
15 95
14 96
14 96
13 96
12 97
11 97
10 97
10 97
9 97
8 97
7 97
7 97
6 97
5 96
4 96
4 96
3 95
2 94
2 94
2 93
2 93
2 92
2 91
2 91
3 90
4 89
5 88
6 87
7 86
8 85
9 84
9 83
10 82
11 81
12 80
13 79
14 78
15 77
16 76
17 75
18 74
19 73
20 72
21 71
22 70
22 69
23 68
24 67
25 66
26 65
27 64
28 63
28 63
29 63
30 63
31 62
32 62
33 62
34 62
34 62
35 61
35 61
35 62
35 62
35 63
35 64
35 64
35 65
35 66
35 67
35 68
35 68
35 69
34 70
34 71
34 72
34 72
34 73
34 74
34 75
34 76
34 77
34 77
34 78
34 79
33 80
33 81
33 82
33 83
33 83
33 84
33 85
33 86
33 87
33 87
33 88
34 89
34 90
34 90
35 91
35 92
35 92
36 92
37 92
37 92
38 91
39 91
40 90
40 90
41 89
41 88
42 87
42 86
43 85
43 85
43 84
44 83
44 82
45 81
45 80
45 80
45 79
46 78
46 77
46 76
46 75
47 74
47 73
47 73
47 72
47 71
47 70
48 69
48 68
48 67
48 66
48 66
48 65
48 64
47 63
47 62
47 61
47 60
47 60
46 59
46 58
45 57
45 57
44 56
43 55
43 55
42 55
41 55
40 55
40 55
39 55
38 55
38 55
37 56
36 57
36 57
35 58
35 59
35 59
35 60
35 61
35 62
35 62
36 63
37 63
38 64
39 64
40 65
41 65
42 66
43 66
44 67
45 67
46 68
47 68
48 69
49 69
50 70
51 70
52 71
53 71
54 72
55 72
56 73
57 73
58 74
59 74
60 75
60 75
61 76
62 76
63 77
64 77
65 78
66 78
67 79
67 79
68 78
68 77
69 76
69 75
69 75
69 74
69 73
69 72
69 72
70 71
70 70
70 70
70 69
70 68
70 67
70 67
70 66
70 65
70 64
70 64
70 63
69 62
69 61
69 60
69 60
68 59
68 58
67 57
67 57
66 57
65 57
65 57
64 57
63 57
63 57
62 58
61 59
61 60
60 61
60 61
59 62
59 63
58 64
58 65
57 66
57 66
57 67
56 68
56 69
55 70
55 71
55 71
55 72
55 73
54 74
54 75
54 76
54 77
54 77
54 78
54 79
53 80
53 81
53 82
53 83
53 83
53 84
54 85
54 86
54 87
54 87
54 88
55 89
55 90
55 90
56 91
56 91
57 91
58 90
59 90
59 90
60 89
60 88
61 87
61 87
62 86
63 85
64 84
64 84
65 83
65 82
66 81
66 80
66 80
66 79
66 78
67 77
67 76
67 75
67 75
67 74
68 73
68 72
68 72
68 71
68 71
68 72
68 72
68 73
68 74
68 74
68 75
67 76
67 77
67 77
67 78
67 79
66 80
66 81
66 82
66 82
66 83
66 84
66 85
66 85
66 86
66 87
66 88
66 89
66 89
66 90
67 91
67 92
67 92
68 93
68 94
68 94
68 93
69 92
69 91
70 90
70 89
71 88
71 87
71 86
72 85
72 84
73 83
73 82
73 81
74 80
74 79
75 78
75 77
76 76
76 75
76 74
77 73
77 72
78 71
78 70
78 70
78 69
79 68
79 67
79 66
79 66
79 65
79 64
79 63
79 63
79 63
80 64
80 64
81 64
81 64
81 65
81 66
81 67
81 67
81 68
81 69
80 70
80 71
80 72
80 72
80 73
80 74
80 75
80 76
80 77
80 78
80 78
80 79
80 80
79 81
79 82
79 83
79 84
79 84
79 85
79 86
78 87
78 88
78 89
78 90
78 90
78 91
78 92
77 93
77 94
77 95
77 95
77 96
77 97
77 98
77 98
77 99
77 99
77 99
78 98
78 98
79 97
79 96
80 95
80 94
80 94
80 93
81 92
81 91
81 90
82 89
82 88
82 88
82 87
83 86
83 85
84 84
84 83
85 82
85 81
85 81
86 80
86 79
87 78
87 77
88 76
88 75
88 75
89 74
89 73
90 72
90 71
91 70
91 69
91 69
92 68
92 67
92 67
93 67
93 67
93 67
94 68
94 69
94 69
95 70
95 71
95 71
95 72
96 73
96 74
96 74
96 75
97 76
97 77
97 78
97 78
97 79
97 80
97 81
97 82
97 82
97 83
97 84
97 85
97 86
97 86
97 87
97 88
97 89
97 90
97 90
97 91
97 92
97 93
97 94
97 94
97 95
97 96
97 96
98 97
98 98
98 98
99 98
