6 22
7 21
8 20
9 19
9 19
9 18
9 18
8 17
7 17
7 17
8 17
8 17
8 17
8 17
9 17
9 17
10 18
10 18
11 19
11 19
12 20
13 20
13 20
14 21
14 21
13 22
12 23
11 24
10 25
9 26
8 27
7 28
7 29
6 30
5 31
4 32
3 33
2 34
1 35
1 35
1 36
2 37
2 38
2 39
2 39
1 39
0 39
0 39
0 40
0 40
0 41
0 41
0 42
0 43
0 44
0 45
0 45
0 46
0 47
1 48
1 49
1 50
1 51
1 51
1 52
1 53
1 54
1 55
1 55
1 56
2 57
2 58
2 58
2 59
3 60
3 61
3 62
3 62
4 63
4 64
5 65
5 65
5 66
5 66
6 65
6 64
6 64
6 63
6 63
6 62
7 61
7 60
7 60
7 59
7 58
7 57
7 57
7 56
7 55
7 54
8 53
8 52
8 51
8 50
8 50
9 49
9 48
10 47
10 46
11 45
11 44
11 44
12 43
12 42
13 41
13 40
14 39
14 38
14 38
15 37
16 36
17 35
17 34
18 33
19 32
19 32
20 31
21 30
21 29
22 28
23 27
23 27
24 26
25 25
25 24
26 23
27 22
27 22
28 21
29 21
30 20
30 20
31 20
32 19
33 19
33 19
34 19
34 19
34 19
34 19
34 20
34 20
34 21
33 22
33 23
33 24
33 24
33 25
32 26
32 27
31 28
31 29
30 30
30 31
30 32
29 33
29 34
28 35
28 36
27 37
27 38
27 39
26 40
26 41
25 42
25 43
25 44
24 45
24 46
23 47
23 48
22 49
22 50
22 51
21 52
21 53
20 54
20 55
19 56
19 57
19 58
18 59
18 60
17 61
17 62
16 63
16 64
16 65
15 66
15 67
14 68
14 69
14 70
13 71
13 72
12 73
12 74
11 75
11 76
11 77
10 78
10 79
9 80
9 81
8 82
8 83
8 83
8 84
7 85
7 86
7 87
6 88
6 89
6 90
5 91
5 92
5 92
4 92
4 92
4 92
4 91
4 90
4 89
4 89
5 88
5 87
6 86
6 85
6 85
7 84
7 83
8 82
8 81
9 80
9 79
9 79
10 78
10 77
11 76
12 75
12 74
13 73
13 73
14 72
14 71
15 70
16 69
16 68
17 67
17 67
18 66
19 65
19 64
20 63
21 62
21 62
22 61
23 60
24 59
25 58
25 58
26 57
27 56
27 55
28 54
28 54
27 54
26 53
25 53
24 52
23 52
22 51
21 51
21 51
21 50
21 49
21 48
21 48
21 48
21 48
21 49
21 50
21 51
21 51
21 52
22 53
22 54
22 55
22 55
22 56
22 57
22 58
22 59
22 60
22 61
22 62
22 62
22 63
22 64
22 65
23 66
23 67
23 68
23 69
23 70
23 70
23 71
23 72
23 73
23 74
23 75
23 76
23 77
23 78
23 78
23 79
23 80
24 81
24 82
24 83
24 84
24 84
24 85
24 86
24 87
24 88
24 89
24 89
24 90
25 91
25 92
25 93
25 93
25 94
25 95
25 96
25 96
26 97
26 97
26 97
26 97
26 96
25 95
25 94
24 93
24 92
23 91
23 90
23 89
22 88
22 87
21 86
21 85
20 84
20 83
20 83
21 82
21 82
21 82
20 82
20 82
20 82
20 83
20 83
20 84
19 85
19 86
19 87
19 87
19 88
19 89
18 90
18 91
18 92
18 93
18 93
18 94
17 95
17 96
17 97
16 98
16 99
16 99
16 98
17 97
17 96
18 95
18 94
18 93
19 92
19 91
19 90
20 89
20 88
21 87
21 86
21 86
22 85
23 84
24 83
24 82
25 81
26 80
27 79
27 79
28 79
29 79
29 79
28 79
28 79
29 79
29 79
30 80
30 80
31 81
31 82
31 82
32 83
32 84
32 84
33 85
33 86
33 86
34 87
35 88
35 88
36 89
36 90
36 90
36 91
36 92
36 92
37 93
37 93
37 92
37 91
38 90
38 89
38 88
38 87
38 86
39 85
39 84
39 83
39 82
40 81
40 80
40 79
40 78
40 77
41 76
41 75
41 74
41 73
41 72
42 71
42 70
42 69
42 68
43 67
43 66
43 65
43 64
43 63
44 62
44 61
44 60
44 59
44 58
45 57
45 56
45 55
45 54
46 53
46 52
46 51
46 50
46 49
47 48
47 47
47 46
47 45
47 44
48 43
48 42
48 41
48 40
49 39
49 38
49 37
49 36
49 35
50 34
50 33
50 32
50 31
50 30
51 29
51 28
51 27
51 26
52 25
52 24
52 23
52 22
52 21
53 20
53 19
53 18
53 17
53 16
54 15
54 14
54 13
54 12
55 11
55 10
55 9
55 8
55 7
56 6
56 5
56 4
56 4
57 3
58 3
58 3
58 2
58 1
58 1
58 0
58 0
58 1
58 1
58 1
58 2
58 2
58 3
58 4
57 5
57 6
57 7
57 7
57 8
56 9
56 10
55 11
55 12
55 13
54 14
54 15
54 15
54 16
53 17
53 18
52 19
52 20
51 21
51 22
50 23
50 24
50 24
50 25
51 26
51 27
52 28
52 29
52 30
53 31
53 32
53 32
54 31
55 31
56 30
57 29
58 29
59 28
59 28
60 27
60 27
60 27
60 28
60 28
60 28
59 29
59 30
58 31
58 31
58 32
58 33
57 34
57 35
57 36
57 37
57 37
57 38
56 39
56 40
55 41
55 42
54 43
54 44
54 44
54 45
53 46
53 47
52 48
52 49
51 50
51 51
51 51
51 52
51 53
52 54
52 55
52 56
52 57
52 57
53 56
54 55
55 54
56 53
57 52
57 52
58 52
58 52
58 52
59 53
59 54
59 54
59 55
59 56
59 56
59 57
59 58
59 59
59 59
59 60
59 61
59 62
59 63
59 63
59 64
59 65
59 66
59 67
59 67
59 68
59 69
59 70
59 71
59 71
59 72
59 73
59 74
59 75
59 75
59 74
59 73
60 72
60 71
60 70
60 69
60 68
61 67
61 66
61 65
61 64
61 63
62 62
62 61
62 60
62 59
62 58
63 57
63 56
63 55
63 54
64 53
64 52
64 51
64 50
64 49
65 48
65 47
65 46
65 45
65 44
66 43
66 42
66 41
66 40
66 39
67 38
67 37
67 36
67 36
67 35
67 34
67 34
67 33
67 33
67 32
68 31
68 30
68 29
68 29
69 28
69 27
70 26
70 25
70 25
71 24
71 23
72 22
72 21
72 21
73 20
73 19
74 18
74 18
74 19
74 20
75 21
75 22
75 23
75 23
75 24
75 25
75 25
75 25
75 25
75 26
75 26
75 27
75 27
75 28
75 29
75 30
75 31
75 32
75 32
75 33
75 34
75 35
75 36
75 37
75 38
75 39
75 39
75 40
75 41
75 42
75 43
75 44
75 45
75 45
75 46
75 47
75 48
75 49
75 50
75 50
75 51
76 52
76 53
76 54
76 54
76 55
76 56
76 57
76 58
76 58
76 57
76 56
76 55
76 54
77 53
77 52
77 51
77 50
77 49
77 48
77 48
78 47
78 46
78 46
78 46
78 46
78 46
78 45
78 44
78 44
79 43
79 42
79 42
78 42
77 41
76 41
75 40
74 40
73 40
72 39
71 39
70 38
69 38
69 38
69 39
68 40
68 41
68 42
68 42
68 42
68 43
68 44
68 45
68 45
68 46
68 47
68 48
68 49
68 50
68 50
68 51
68 52
68 53
67 54
67 55
67 56
67 57
67 58
67 58
67 59
67 60
67 61
67 62
67 63
67 63
67 64
67 65
67 66
67 67
67 68
67 68
67 69
66 70
66 71
66 72
66 72
66 73
66 74
66 74
66 75
66 75
66 75
66 75
66 75
67 74
67 73
68 72
68 71
68 71
69 70
70 69
70 68
71 67
72 66
72 66
73 65
74 64
75 63
76 62
77 61
77 61
78 60
79 59
79 58
80 57
81 56
81 56
82 55
83 54
84 53
84 52
85 51
86 50
86 50
87 49
88 49
89 48
90 47
91 47
92 46
92 46
93 45
94 44
95 43
95 43
96 42
97 41
97 41
98 40
99 40
99 40
99 40
99 40
99 40
99 40
99 40
