1 0
2 1
2 2
3 3
3 4
4 5
4 5
5 4
6 3
6 3
7 4
7 4
8 5
9 5
9 5
10 6
10 6
11 7
11 7
12 7
12 7
13 8
13 8
13 8
13 8
13 8
12 9
11 10
10 10
9 11
8 12
7 13
6 14
5 15
4 15
3 16
2 17
2 17
1 18
1 19
1 19
1 19
1 20
1 20
1 21
1 21
1 22
1 23
1 23
1 24
1 25
1 25
1 26
1 27
1 28
1 28
1 29
2 30
2 31
2 31
2 32
2 33
2 34
2 35
2 35
2 36
3 37
3 38
3 38
3 39
3 40
3 41
3 41
3 42
3 43
3 44
3 44
3 45
3 46
3 46
3 47
3 48
3 48
3 49
3 49
3 49
3 49
4 49
4 49
4 49
4 49
4 49
5 48
5 47
6 46
6 45
6 45
6 44
7 43
7 42
7 42
7 41
8 40
8 39
8 39
9 38
10 37
10 37
11 36
11 35
11 35
12 34
13 33
13 33
14 32
14 31
15 30
15 30
16 29
17 28
17 28
18 27
19 27
19 27
20 26
21 25
21 25
22 25
23 25
24 25
24 25
25 25
26 25
26 25
27 25
28 25
28 25
29 25
30 25
30 25
31 26
31 26
32 27
32 27
32 27
32 28
32 28
32 29
32 30
32 30
31 31
31 31
31 32
30 33
30 34
30 34
29 35
28 36
27 37
27 37
26 38
25 39
24 40
24 40
23 41
22 42
21 43
20 44
19 45
18 46
18 47
17 48
16 49
15 50
14 51
13 52
12 53
11 54
10 55
9 56
8 57
7 58
6 59
6 60
5 61
4 62
3 63
2 64
1 65
0 66
0 66
0 66
0 66
0 66
0 66
0 66
1 66
1 66
2 66
3 65
4 65
4 65
5 64
6 64
7 63
8 63
8 63
9 62
10 62
11 61
11 61
12 61
13 60
14 60
15 59
16 59
16 59
17 58
18 58
19 57
20 57
20 57
21 57
22 56
23 56
23 56
24 55
25 55
26 54
26 54
27 54
28 53
29 53
29 53
30 52
31 52
31 52
32 51
32 51
32 51
32 51
32 51
31 50
30 50
29 49
28 48
27 48
26 47
25 46
24 46
23 45
22 45
21 44
20 43
19 43
18 42
18 42
18 41
18 41
18 41
18 41
18 41
19 42
19 43
19 43
19 44
19 44
19 45
19 46
19 47
19 47
19 48
20 49
20 50
20 50
20 51
20 52
20 53
20 53
20 54
20 55
20 56
20 57
20 57
20 58
20 59
20 60
20 61
20 61
20 62
20 63
20 64
20 65
20 66
20 66
20 67
20 68
20 69
20 70
20 71
20 72
20 73
20 73
20 74
20 75
20 76
20 77
20 78
20 79
20 80
20 81
20 81
20 82
20 83
20 84
20 85
20 85
20 86
20 87
20 88
20 89
20 89
20 90
20 91
20 92
20 93
20 94
20 94
20 95
20 96
20 97
20 97
20 98
20 99
20 99
20 99
20 99
19 99
19 99
19 98
19 98
19 97
19 96
19 95
19 94
19 93
19 92
19 91
19 90
19 89
19 88
19 87
19 86
19 85
19 84
19 83
19 82
19 81
19 80
19 79
19 78
19 77
19 76
19 75
19 74
19 73
19 72
19 71
19 70
19 69
19 68
19 67
19 66
19 65
19 64
19 63
19 63
19 62
19 61
19 60
19 60
19 59
19 59
19 59
18 59
18 59
17 60
17 61
17 61
16 62
16 63
16 63
15 64
15 65
14 66
14 66
14 67
13 68
13 69
13 69
12 70
12 71
11 72
11 73
11 73
10 74
9 75
9 76
8 77
8 77
7 78
7 79
6 80
6 81
6 81
5 82
5 83
4 84
4 84
4 85
3 86
3 87
3 87
3 86
4 85
4 84
5 83
5 82
6 81
6 80
6 79
7 78
7 77
8 76
8 75
9 74
9 73
9 72
10 71
10 70
11 69
11 68
12 67
12 66
12 66
13 66
14 65
15 65
16 65
17 65
18 64
19 64
19 64
20 64
20 64
21 64
22 64
23 64
23 64
24 65
25 65
26 66
27 66
27 66
28 67
29 67
29 67
30 68
31 69
31 69
32 70
33 70
33 70
34 70
34 70
35 71
35 71
35 70
36 69
36 68
37 67
37 66
37 65
38 64
38 63
39 62
39 61
39 60
40 59
40 58
41 57
41 56
41 55
42 54
42 53
43 52
43 51
43 50
44 49
44 48
44 47
45 46
45 45
46 44
46 43
46 42
47 41
47 40
48 39
48 38
48 37
49 36
49 35
50 34
50 33
50 33
50 33
50 33
49 33
49 33
49 33
49 33
49 33
49 33
49 34
49 34
49 35
49 35
49 36
49 36
48 37
48 38
48 38
48 39
48 40
48 40
48 41
47 42
47 43
47 43
46 44
46 45
46 45
46 46
45 47
45 48
45 48
44 49
44 50
43 51
43 51
43 52
43 53
43 53
42 54
42 54
41 55
41 55
41 55
42 54
43 53
44 52
45 51
46 50
47 49
48 48
49 47
50 46
51 45
52 44
53 43
54 42
54 42
55 42
56 42
57 42
57 42
57 42
57 42
57 42
56 42
56 42
56 43
56 44
56 44
55 45
55 46
55 46
54 47
53 48
53 48
53 49
52 50
52 51
52 51
51 52
50 53
50 53
49 54
49 55
48 56
48 56
47 57
46 58
46 58
45 59
45 60
44 61
44 61
43 62
43 62
44 61
45 60
46 59
47 58
47 57
48 56
49 55
50 54
51 53
51 53
52 53
53 53
54 53
54 53
54 53
54 53
54 54
54 54
55 55
55 55
55 56
55 57
55 57
55 58
55 59
55 59
55 60
55 61
55 62
55 62
55 63
55 64
55 65
55 65
55 66
55 67
55 68
55 68
55 69
55 70
55 71
55 72
55 72
55 73
55 74
55 75
55 75
55 76
54 77
54 78
54 78
54 79
54 80
54 81
54 81
54 82
54 82
54 83
54 83
54 83
54 83
54 82
54 82
54 81
55 80
55 79
55 78
55 77
56 76
56 75
56 74
56 73
57 72
57 71
57 70
57 69
58 68
58 67
58 66
58 65
59 64
59 63
59 62
59 61
60 60
60 59
60 58
60 57
61 56
61 55
61 54
61 54
62 53
63 52
64 51
64 51
65 50
65 50
66 49
67 48
67 48
68 48
69 47
70 47
70 47
71 47
72 46
73 46
73 46
74 46
75 45
76 45
76 45
77 44
78 44
78 44
79 44
80 44
80 44
81 43
82 43
82 43
83 43
83 43
84 42
84 42
84 42
84 42
84 42
83 43
82 43
81 44
80 45
79 45
78 46
77 47
76 47
75 48
75 48
75 48
74 49
74 50
74 50
74 50
74 51
74 51
74 52
74 52
74 53
74 53
75 54
75 55
75 55
75 56
75 57
75 58
75 58
75 59
75 60
75 60
75 61
75 62
75 63
75 63
75 64
75 65
75 65
75 66
75 67
75 68
75 68
74 69
74 70
74 70
74 71
74 72
74 72
74 73
74 73
74 73
74 72
74 71
74 70
74 69
75 68
75 67
75 66
75 65
75 64
75 64
76 63
77 63
77 63
78 62
78 62
79 61
79 61
80 60
81 60
81 60
82 59
82 58
82 58
83 58
84 58
84 58
85 57
85 57
86 57
87 57
87 57
88 57
88 57
88 57
88 57
88 57
88 57
87 57
86 57
85 57
84 57
83 58
82 58
81 58
80 58
79 58
78 58
77 58
76 58
75 58
74 58
73 59
72 59
71 59
70 59
69 59
68 59
68 59
68 59
68 59
67 60
67 61
67 61
67 62
67 62
67 63
67 64
67 64
67 65
67 66
67 67
67 67
68 68
68 69
68 69
68 70
68 71
68 71
68 72
69 73
69 74
69 74
69 75
69 76
69 76
69 77
69 77
69 78
69 78
69 79
69 79
69 79
69 79
69 79
70 79
70 79
69 79
68 79
68 79
68 79
68 79
68 79
68 79
69 79
70 79
71 79
71 79
72 78
73 78
74 77
74 77
75 76
76 76
77 75
78 75
78 75
79 75
80 74
81 74
81 74
82 73
83 73
84 72
85 72
85 72
86 72
87 71
88 71
89 71
89 71
90 71
91 70
92 70
92 70
93 70
94 70
94 70
95 70
96 69
97 69
97 69
98 69
98 69
99 68
