12 5
12 4
13 3
13 2
13 1
13 1
14 0
14 0
14 0
14 1
14 1
14 1
15 2
15 3
15 3
16 4
16 4
17 5
17 5
17 6
17 6
18 6
18 6
18 7
18 8
18 8
18 9
18 9
17 10
17 11
16 12
15 13
15 14
14 15
13 16
13 17
12 18
12 19
11 20
10 21
10 22
9 23
8 24
8 25
7 26
6 27
6 28
5 29
4 30
4 31
3 32
3 33
2 34
1 35
1 36
0 37
0 37
1 38
1 38
1 37
1 37
1 37
1 37
1 37
1 38
1 38
1 39
1 39
1 40
1 41
1 41
2 42
2 43
2 43
2 44
2 45
2 45
3 46
3 47
3 47
3 48
3 49
3 49
3 50
3 50
4 51
4 51
4 52
4 52
5 51
5 50
6 49
6 48
7 47
8 46
8 45
9 44
10 43
10 42
11 41
11 40
12 39
12 39
12 39
12 39
12 39
12 38
12 37
12 37
13 36
13 36
14 35
14 34
14 34
15 33
15 32
16 31
16 30
16 30
17 29
18 28
18 27
19 26
19 26
20 25
21 24
21 23
22 22
22 22
23 21
24 20
24 19
25 18
25 18
26 17
27 16
28 16
29 15
29 15
30 14
31 13
32 13
33 12
34 11
34 11
35 10
36 9
37 8
37 8
38 8
39 7
40 7
40 7
41 7
42 6
43 6
43 6
44 7
44 8
44 8
44 9
45 10
45 11
45 11
45 12
45 13
45 14
45 15
45 15
45 16
45 17
44 18
44 19
44 20
44 20
44 21
44 22
43 23
43 24
43 25
43 25
43 26
42 27
42 28
41 29
41 30
41 30
41 31
40 32
40 33
40 33
39 34
39 35
38 36
38 37
37 38
37 39
36 40
36 41
35 42
35 43
34 44
34 45
33 46
33 47
32 48
32 49
31 50
31 51
30 52
30 53
29 54
29 55
28 56
28 57
27 58
27 59
26 60
26 61
25 62
25 63
24 64
24 65
23 66
23 67
22 68
22 69
21 70
21 71
20 72
20 73
19 74
19 75
18 76
18 76
17 77
17 78
16 79
15 80
15 81
14 82
13 83
13 84
12 85
12 85
11 86
11 87
10 88
10 88
9 89
8 90
8 90
7 90
7 90
7 90
8 89
8 89
9 88
9 87
10 86
10 85
10 85
11 84
11 83
12 82
12 81
12 81
13 80
14 79
14 78
15 77
15 77
16 76
17 75
17 74
18 73
19 72
19 72
20 71
20 70
21 69
21 68
22 67
22 67
23 66
24 65
25 64
26 63
26 63
27 62
28 61
28 60
29 59
29 59
30 58
30 57
31 56
31 55
31 55
32 54
33 53
33 53
34 52
34 51
34 51
34 51
33 51
32 50
31 50
30 49
29 49
28 48
27 48
27 48
27 47
27 47
26 46
26 46
26 46
26 46
26 47
26 48
26 49
26 49
26 50
26 51
26 52
26 53
26 53
26 54
26 55
26 56
26 57
26 58
26 58
26 59
26 60
26 61
26 62
26 63
26 64
26 64
26 65
26 66
26 67
26 68
26 69
26 70
26 70
26 71
26 72
27 73
27 74
27 75
27 76
27 76
27 77
27 78
27 79
27 80
27 81
27 82
27 82
27 83
27 84
28 85
28 86
28 87
28 87
28 88
28 89
28 90
28 91
28 92
28 92
28 93
29 94
29 95
29 95
29 96
29 96
29 97
29 97
29 96
29 95
29 94
29 93
29 92
29 91
29 90
29 89
29 89
29 88
29 87
29 86
29 85
29 84
29 83
29 82
29 81
29 81
29 80
29 79
29 79
28 79
28 79
28 79
27 80
27 80
26 81
26 82
26 82
26 83
25 84
25 85
25 85
25 86
24 87
24 88
24 89
24 89
24 90
23 91
23 92
23 92
22 93
21 94
21 94
21 95
20 96
20 97
20 97
20 98
20 99
20 99
19 99
19 99
19 98
20 97
20 96
21 95
21 94
22 93
22 92
22 91
23 90
23 89
24 88
24 87
25 86
25 85
25 84
26 83
26 82
27 81
27 80
28 79
28 78
28 78
29 78
30 78
31 78
31 78
31 78
31 78
31 79
31 79
32 80
32 80
33 80
33 80
34 81
34 81
35 82
35 82
36 83
37 83
37 83
38 83
38 83
39 84
39 84
40 84
40 84
41 84
41 84
42 83
42 83
42 82
42 81
43 80
43 79
43 78
43 77
44 76
44 75
44 74
44 73
45 72
45 71
45 70
45 69
45 68
46 67
46 66
46 65
46 64
47 63
47 62
47 61
47 60
48 59
48 58
48 57
48 56
49 55
49 54
49 53
49 52
49 51
50 50
50 49
50 48
50 47
51 46
51 45
51 44
51 43
52 42
52 41
52 40
52 39
52 38
53 37
53 36
53 35
53 34
54 33
54 32
54 31
54 30
55 29
55 28
55 27
55 26
56 25
56 24
56 23
56 22
56 21
57 20
57 19
57 18
57 17
58 16
58 15
58 14
58 13
59 12
59 11
59 10
59 10
60 9
61 8
61 8
61 7
61 7
61 6
61 6
61 7
61 7
60 8
60 9
60 9
59 10
59 11
59 11
59 12
58 13
58 14
58 14
58 15
57 16
57 17
57 18
57 18
56 19
56 20
55 21
55 21
55 22
54 23
54 24
54 24
54 25
53 26
53 27
53 27
53 28
52 29
52 30
52 30
51 31
51 32
51 32
52 31
53 30
54 29
55 28
56 27
57 27
58 26
59 25
60 24
61 23
62 22
62 22
62 22
62 22
62 22
62 23
61 24
61 25
61 25
61 26
61 27
61 28
61 28
61 29
60 30
60 31
60 31
59 32
59 33
59 33
58 34
58 35
58 35
58 36
58 37
58 37
57 38
57 39
57 39
58 40
58 40
59 39
60 39
60 39
60 39
61 39
61 39
61 40
61 40
61 41
62 42
62 43
62 43
62 44
62 45
62 46
62 46
62 47
62 48
62 49
62 50
62 51
62 51
62 52
62 53
62 54
63 55
63 56
63 57
63 58
63 58
63 59
63 60
63 61
63 62
63 63
63 64
63 64
63 65
63 66
63 67
63 68
63 69
63 70
63 70
63 71
63 72
63 73
63 74
63 74
63 75
64 76
64 77
64 77
64 78
64 78
64 77
64 77
64 76
64 75
64 74
64 74
64 73
64 72
64 71
64 70
64 69
65 68
65 67
65 66
65 65
65 64
65 63
65 62
65 61
65 60
65 59
65 58
66 57
66 56
66 55
66 54
66 53
66 52
66 51
66 50
66 49
66 48
66 47
66 46
67 45
67 44
67 43
67 42
67 41
67 40
67 39
67 38
67 37
67 36
67 35
68 34
68 33
68 32
68 31
68 30
68 29
68 29
69 28
70 27
71 26
71 26
71 25
71 25
71 24
71 24
72 23
72 22
72 22
72 21
72 20
72 20
73 19
73 18
73 18
74 17
75 16
75 16
76 15
76 14
76 14
77 13
77 12
77 12
78 11
79 11
79 11
80 10
80 10
80 10
81 10
81 10
81 10
81 11
81 11
80 11
80 11
80 12
80 12
80 13
80 13
79 14
79 15
79 15
79 16
79 17
79 17
79 18
79 19
79 20
79 21
79 21
79 22
79 23
79 24
79 25
79 26
79 26
79 27
79 28
80 29
80 30
80 31
80 32
80 32
80 33
80 34
80 35
80 36
80 36
80 37
80 38
80 39
80 40
80 41
80 41
80 42
80 43
80 44
80 45
80 45
80 46
81 47
81 48
81 48
81 49
81 50
81 51
81 51
81 52
81 53
81 53
81 53
81 52
81 52
82 51
82 50
82 50
82 49
82 48
82 47
82 47
82 46
82 45
82 44
82 44
82 43
82 42
82 42
82 41
82 40
82 40
83 39
83 39
83 38
83 37
83 37
84 36
84 36
85 35
85 34
85 34
86 33
86 32
86 32
87 31
87 31
88 30
88 29
88 29
89 28
89 28
90 27
90 27
91 26
91 26
90 27
89 28
88 29
87 30
86 31
85 32
84 33
83 34
82 34
81 35
80 36
79 37
78 38
77 39
76 40
75 41
75 41
74 42
74 42
73 42
73 42
72 43
72 44
72 44
72 45
72 45
72 46
72 47
72 47
72 48
72 49
72 49
72 50
72 51
72 52
72 53
72 53
72 54
73 55
73 56
73 57
73 57
73 58
73 59
73 60
73 61
73 61
73 62
73 63
73 64
73 65
73 65
73 66
73 67
73 68
73 69
73 69
73 70
73 71
73 72
73 72
73 73
73 74
73 75
73 75
73 76
73 76
74 77
74 77
74 77
75 77
75 77
76 76
76 76
77 75
78 74
78 74
79 73
80 72
80 72
81 71
82 71
83 70
83 70
84 69
85 69
86 68
86 68
87 67
88 66
89 65
89 65
90 64
91 64
92 63
92 63
93 62
94 61
94 60
95 59
95 59
96 58
96 57
97 56
97 56
98 55
99 54
99 54
99 54
