14 2
14 2
14 2
13 1
13 1
13 1
13 1
13 1
13 2
13 2
14 3
14 3
14 3
15 4
15 4
15 5
15 5
16 6
16 6
16 7
16 7
15 8
15 9
14 10
14 11
13 12
13 13
12 14
11 15
11 16
10 17
10 18
9 19
9 20
8 21
8 22
7 23
6 24
6 25
5 26
5 27
4 28
4 29
3 30
3 30
2 31
2 31
1 31
1 31
1 32
1 32
1 33
1 33
1 34
1 34
1 35
1 36
1 36
2 37
2 38
2 38
2 39
2 40
2 40
2 41
2 42
2 42
3 43
3 44
3 44
3 45
3 46
3 46
4 47
4 47
4 46
5 45
5 44
6 43
6 42
6 41
7 40
7 39
8 38
8 37
9 36
9 35
9 34
10 33
10 32
11 31
11 30
11 30
12 29
13 28
14 27
15 26
15 26
16 25
16 24
16 24
16 23
16 22
16 21
16 21
17 20
17 20
18 19
18 18
18 18
18 17
19 16
19 15
19 15
20 14
21 13
21 13
22 12
23 12
23 12
24 11
25 10
25 10
26 9
26 9
27 8
28 8
28 8
28 8
29 9
29 9
29 10
29 11
29 11
28 12
28 13
28 13
28 14
28 15
28 16
28 17
28 17
27 18
27 19
26 20
26 21
26 21
25 22
25 23
24 24
24 25
24 25
24 26
24 27
23 28
23 29
23 30
23 30
23 31
22 32
22 33
21 34
21 35
20 36
20 37
20 38
19 39
19 40
18 41
18 42
17 43
17 44
17 45
16 46
16 47
15 48
15 49
14 50
14 51
14 52
13 53
13 54
12 55
12 56
12 57
11 58
11 59
10 60
10 61
9 62
9 63
9 64
8 65
8 66
7 67
7 68
6 69
6 70
6 71
5 72
5 73
4 74
4 75
3 76
3 77
3 77
3 78
3 79
2 80
2 81
2 82
2 83
1 84
1 85
1 86
1 86
0 85
0 85
0 85
0 86
0 86
0 85
0 85
0 84
1 83
1 82
1 82
2 81
2 80
3 79
3 78
3 78
4 77
5 76
5 75
6 74
6 74
6 73
7 72
7 71
8 70
8 69
8 69
9 68
10 67
11 66
12 65
12 65
13 64
14 63
14 62
15 61
15 61
16 60
16 59
17 58
17 57
17 57
18 56
18 55
19 54
19 54
20 53
21 52
21 52
21 51
21 50
21 50
22 49
22 49
21 49
21 49
21 48
21 48
20 48
20 48
19 48
18 49
17 49
17 49
16 48
15 47
15 47
15 46
15 46
15 46
15 46
15 47
15 47
15 48
15 48
15 49
15 50
15 51
15 51
15 52
16 53
16 54
16 54
16 55
16 56
16 57
16 58
16 59
16 59
16 60
16 61
17 62
17 63
17 64
17 65
17 65
17 66
17 67
17 68
17 69
17 70
17 71
17 71
17 72
17 73
17 74
18 75
18 76
18 77
18 78
18 78
18 79
18 80
18 81
18 82
18 83
18 84
18 84
18 85
18 86
18 87
18 88
18 89
18 89
18 90
18 91
19 92
19 93
19 94
19 94
19 95
19 96
19 97
19 98
19 98
19 99
19 99
19 99
19 99
19 98
19 97
19 96
19 96
19 95
19 94
19 93
19 92
19 92
19 91
19 90
19 89
19 88
19 88
19 87
19 86
19 85
19 84
19 84
19 83
18 82
18 81
18 80
18 80
18 79
18 78
18 77
18 77
18 76
18 76
17 76
17 76
17 76
16 77
16 77
16 78
15 79
15 80
15 80
15 81
14 82
14 83
14 83
14 84
13 85
13 86
13 87
13 87
12 88
12 89
11 90
11 90
11 91
10 92
10 93
10 94
10 94
9 95
9 96
9 96
9 97
9 97
9 96
10 95
10 94
11 93
11 92
11 91
12 90
12 89
12 88
13 87
13 86
14 85
14 84
14 83
15 82
15 81
15 81
16 80
17 79
18 78
18 78
19 77
19 77
18 78
18 78
19 79
19 79
19 80
19 80
20 80
20 80
21 81
21 81
22 81
22 81
23 81
24 81
24 81
25 81
25 81
26 80
26 80
27 80
27 80
27 79
28 78
28 77
29 76
29 75
30 74
30 73
31 72
31 71
31 70
32 69
32 68
33 67
33 66
34 65
34 64
35 63
35 62
35 61
36 60
36 59
37 58
37 57
38 56
38 55
39 54
39 53
39 52
40 51
40 50
41 49
41 48
42 47
42 46
43 45
43 44
43 43
44 42
44 41
45 40
45 39
46 38
46 37
47 36
47 35
47 34
48 33
48 32
49 31
49 30
50 29
50 28
51 27
51 26
51 25
52 24
52 23
53 22
53 21
54 20
54 19
55 18
55 17
55 16
56 15
56 14
57 13
57 12
58 11
58 10
59 9
59 8
59 8
59 8
59 8
59 8
59 8
59 8
59 8
58 9
58 10
58 10
58 11
58 12
58 12
57 13
57 14
57 14
57 15
56 16
56 17
56 17
56 18
55 19
55 20
55 20
55 21
55 22
55 22
54 23
54 24
54 24
53 25
53 26
53 26
53 27
53 27
53 28
53 28
53 28
54 27
55 26
56 25
57 24
58 23
59 22
60 21
60 21
61 20
61 19
62 18
62 18
62 18
62 19
62 19
62 20
62 20
62 21
62 22
62 22
61 23
61 24
61 24
60 25
60 26
60 26
59 27
59 28
59 28
59 29
58 30
58 31
58 31
57 32
57 33
57 33
57 34
57 34
56 35
56 35
56 35
56 35
57 34
57 34
57 34
58 33
58 33
59 33
59 33
59 33
60 34
60 35
60 35
60 36
60 37
60 37
60 38
61 39
61 40
61 40
61 41
61 42
61 43
61 44
61 45
61 45
61 46
61 47
61 48
61 49
61 49
61 50
61 51
61 52
61 52
61 53
61 54
61 55
61 55
61 56
61 57
61 57
61 58
61 58
62 58
62 58
62 57
62 57
62 56
62 55
63 54
63 53
63 52
63 51
63 50
63 49
64 48
64 47
64 46
64 45
64 44
64 43
65 42
65 41
65 40
65 39
65 38
66 37
66 36
66 35
66 34
66 33
66 32
67 31
67 30
67 29
67 28
67 27
67 26
68 25
68 24
68 23
68 23
69 22
69 21
70 20
70 19
70 19
70 18
70 17
70 17
70 16
70 16
70 15
70 14
70 14
70 13
71 12
71 11
71 11
71 10
72 9
72 8
72 8
73 7
73 6
73 6
74 5
75 4
75 4
76 3
76 2
76 2
77 1
77 1
78 0
78 0
78 0
78 1
78 1
78 2
78 2
78 3
78 3
77 3
77 3
77 4
77 4
76 5
76 5
76 6
76 6
76 7
76 7
76 8
76 9
76 10
76 10
76 11
76 12
76 13
76 13
76 14
77 15
77 16
77 17
77 17
77 18
77 19
77 20
77 21
77 21
77 22
77 23
77 24
77 25
77 25
77 26
77 27
77 28
77 29
77 29
77 30
77 31
77 32
77 33
77 33
77 34
77 35
77 36
77 36
77 37
78 38
78 39
78 39
78 40
78 40
78 41
78 41
78 41
78 40
78 40
78 40
78 39
78 39
78 38
78 38
78 37
78 36
78 36
78 35
78 34
78 34
79 33
79 32
79 32
80 31
80 31
81 30
81 29
81 29
82 28
82 27
82 27
83 26
83 25
83 25
84 24
84 24
84 23
84 23
85 22
85 22
84 23
83 24
82 25
81 25
80 26
79 27
78 28
77 29
76 30
75 30
74 31
73 32
73 32
72 33
72 34
72 34
71 35
70 35
70 35
70 35
69 36
69 37
69 37
69 38
69 39
69 40
69 40
69 41
69 42
69 42
69 43
70 44
70 45
70 45
70 46
71 47
71 48
71 48
71 49
72 50
72 51
72 51
72 52
72 53
72 53
72 54
72 55
72 56
72 56
72 57
72 58
72 59
72 59
72 60
72 61
72 62
72 62
72 63
72 64
72 65
72 65
72 65
72 64
72 63
72 63
72 63
72 62
72 62
72 61
72 61
73 60
73 60
73 59
74 58
74 57
74 57
75 56
75 55
76 54
76 54
77 53
77 52
78 51
78 51
79 50
80 50
81 49
81 49
82 48
83 47
84 46
84 46
85 45
85 44
86 43
86 43
87 43
88 42
89 42
89 42
90 41
91 41
92 40
92 40
93 39
94 38
94 38
95 37
96 37
96 37
97 36
98 36
98 36
98 35
98 35
99 35
