2 1
2 1
3 1
4 1
4 1
5 2
5 3
5 3
6 4
7 4
7 4
8 5
8 5
9 6
9 6
10 7
10 7
11 7
11 7
11 7
11 7
11 7
10 8
9 9
8 10
7 11
6 12
5 12
4 13
3 14
2 15
1 16
0 17
0 17
0 18
0 19
0 19
0 20
0 20
0 21
0 21
0 22
0 22
0 23
0 24
0 25
0 25
0 26
0 27
0 28
0 28
0 29
0 30
0 31
0 31
0 32
0 33
0 34
0 34
0 35
0 36
0 37
0 38
0 38
0 39
0 40
0 41
0 41
0 42
1 43
1 44
1 44
1 45
1 46
1 46
1 47
1 48
1 48
1 49
1 49
1 50
1 50
1 50
1 50
1 50
1 50
1 50
2 49
2 48
3 47
3 47
4 46
4 45
4 45
4 44
5 43
5 42
5 42
5 41
6 40
6 39
6 39
7 38
7 37
8 36
8 35
8 35
9 34
9 33
10 32
10 32
10 31
11 30
11 29
11 29
12 28
12 27
13 26
13 26
14 25
14 24
15 23
15 23
16 22
17 21
17 21
18 20
19 19
19 19
20 18
20 17
20 17
21 16
22 16
22 16
23 15
24 15
24 15
25 14
25 14
26 14
26 14
27 14
27 14
28 15
28 15
29 16
29 16
30 16
30 16
30 17
30 17
30 18
30 19
30 19
30 20
30 21
30 21
29 22
29 23
28 24
28 24
28 25
27 26
27 27
27 28
27 28
26 29
26 30
25 31
25 31
24 32
24 33
23 34
23 35
22 36
22 37
21 38
21 39
20 40
20 41
19 42
19 43
18 44
18 45
17 46
17 47
16 48
16 49
15 50
15 51
14 52
14 53
13 54
13 55
12 56
12 57
11 58
11 59
10 60
10 61
9 62
9 63
9 63
9 64
8 65
8 66
8 66
7 67
7 67
7 67
6 67
6 67
6 68
6 68
6 68
7 67
7 67
7 67
8 66
8 65
8 65
9 64
10 63
10 63
11 62
12 61
12 61
13 60
14 59
14 59
15 58
16 57
16 57
17 56
18 55
19 54
19 54
20 53
21 52
21 52
22 51
23 50
23 50
24 49
25 49
25 49
26 48
26 48
26 48
27 48
27 48
26 48
26 48
26 48
25 47
24 46
23 45
23 44
22 43
21 42
20 41
19 40
18 39
18 38
17 37
16 36
16 36
16 36
16 36
16 36
16 36
16 36
16 36
16 37
17 38
17 39
17 39
17 40
17 41
17 41
17 42
18 43
18 44
18 44
18 45
18 46
18 47
18 48
18 48
18 49
18 50
18 51
18 52
18 52
18 53
18 54
18 55
18 56
18 57
18 57
18 58
18 59
18 60
18 61
18 62
18 62
18 63
18 64
18 65
18 66
19 67
19 68
19 69
19 70
19 71
19 71
19 72
19 73
19 74
19 75
19 76
19 77
19 78
19 78
19 79
19 80
19 81
19 82
19 83
19 84
19 84
19 85
19 86
19 87
19 88
19 89
19 90
19 90
19 91
19 92
19 93
19 93
19 94
19 95
19 96
19 96
19 97
19 98
19 99
19 99
19 99
19 99
19 98
19 97
19 96
19 95
19 94
19 93
19 92
19 91
19 90
18 89
18 88
18 87
18 86
18 85
18 84
18 83
18 82
18 81
18 80
18 79
18 78
18 77
18 76
18 75
18 74
18 73
18 72
18 71
18 70
17 69
17 68
17 67
17 66
17 65
17 64
17 63
17 62
17 61
17 60
17 59
17 59
17 58
17 57
17 57
17 57
17 57
16 58
16 58
16 59
15 60
15 61
15 61
15 62
14 63
14 64
14 64
13 65
13 66
12 67
12 68
12 68
12 69
12 70
11 71
11 72
11 73
11 73
11 74
10 75
10 76
10 77
9 78
9 79
9 79
9 80
8 81
8 82
8 83
8 83
7 84
7 85
7 85
7 86
7 87
7 87
6 88
6 88
6 88
6 87
7 86
7 85
7 84
8 83
8 82
8 81
9 80
9 79
9 78
10 77
10 76
10 75
10 74
11 73
11 72
11 71
12 70
12 69
12 68
13 67
13 66
13 66
14 66
15 65
16 65
16 65
17 65
17 65
18 65
19 65
19 65
20 65
21 65
21 65
22 65
23 66
24 66
24 66
25 66
26 66
26 66
27 66
28 67
29 67
29 67
30 67
31 67
31 67
32 68
33 68
33 68
34 68
34 68
34 68
34 67
35 66
35 65
35 64
35 63
36 62
36 61
36 60
37 59
37 58
37 57
38 56
38 55
38 54
38 53
39 52
39 51
39 50
40 49
40 48
40 47
40 46
41 45
41 44
41 43
42 42
42 41
42 40
43 39
43 38
43 37
43 36
44 35
44 34
44 33
45 32
45 31
45 30
45 29
46 28
46 27
46 26
47 25
47 24
47 23
48 22
48 21
48 20
48 19
49 18
49 17
49 17
49 17
49 17
49 17
49 18
48 19
48 20
48 20
48 21
48 22
48 22
47 23
47 24
47 24
47 25
46 26
46 27
46 27
46 28
46 29
46 30
46 30
46 31
45 32
45 33
45 34
45 34
44 35
44 36
44 36
44 37
44 38
44 39
44 39
44 40
44 41
44 41
44 41
45 40
45 39
46 38
46 37
47 36
47 35
48 34
49 33
49 32
50 31
50 30
51 29
51 28
52 27
52 26
53 25
53 25
54 24
55 24
55 24
55 24
55 24
55 24
54 25
54 25
53 26
53 27
53 27
53 28
53 29
53 30
53 30
53 31
52 32
52 33
52 33
52 34
51 35
51 36
51 36
51 37
50 38
50 39
50 39
49 40
49 41
48 42
48 43
48 43
48 44
47 45
47 46
47 47
47 47
46 48
46 49
45 50
45 50
44 51
44 52
44 52
44 53
44 53
44 54
44 54
44 54
45 53
45 52
46 51
47 50
47 49
48 48
49 47
49 46
50 45
51 44
51 43
52 42
53 41
53 40
54 39
54 39
54 39
54 39
54 40
54 41
54 41
54 42
54 42
54 43
54 44
54 44
54 45
54 46
54 46
54 47
54 48
54 48
54 49
54 50
54 51
54 51
54 52
54 53
54 54
54 55
54 55
54 56
54 57
54 58
54 59
54 59
54 60
54 61
54 62
54 63
54 63
54 64
54 65
54 66
54 67
54 67
54 68
55 69
55 70
55 70
55 71
55 72
55 72
55 73
55 73
55 73
55 73
55 72
55 71
55 70
55 69
56 68
56 67
56 66
56 65
56 64
56 63
56 62
56 61
57 60
57 59
57 58
57 57
57 56
57 55
57 54
57 53
57 52
58 51
58 50
58 49
58 48
58 47
58 46
58 45
58 44
59 43
59 42
59 41
59 40
59 39
59 38
59 37
59 36
59 35
60 34
60 33
60 32
60 31
60 30
60 29
60 28
60 27
61 26
61 25
61 24
61 23
61 22
61 22
61 22
61 22
61 22
61 22
62 21
62 21
63 21
64 21
64 21
65 20
66 20
66 20
67 20
68 20
69 20
69 20
70 20
71 19
72 19
72 19
73 18
73 17
74 16
74 16
75 15
76 15
76 15
77 14
78 14
78 14
79 14
80 14
80 14
80 13
80 13
81 13
81 13
81 13
81 13
80 13
80 13
79 14
79 14
78 15
77 16
76 17
75 18
75 19
74 20
73 21
72 22
72 22
72 22
72 23
72 24
72 24
72 25
72 26
72 26
72 27
72 28
72 28
72 29
72 30
72 30
72 31
72 32
72 32
72 33
72 34
72 35
72 35
72 36
72 37
72 38
72 38
72 39
72 40
72 41
72 41
72 42
72 43
72 44
72 44
72 45
72 46
72 46
72 47
72 48
72 48
72 49
72 50
72 50
72 51
72 51
72 52
72 52
72 53
72 53
72 54
72 54
72 54
72 53
72 52
72 51
72 50
73 49
73 48
73 47
73 46
73 45
73 44
73 44
73 44
74 43
74 42
74 42
75 41
75 40
75 40
75 39
75 39
76 38
76 38
77 37
77 37
78 36
78 36
78 36
79 35
79 35
79 35
80 35
80 35
80 35
80 35
80 35
80 35
79 35
78 35
77 36
76 36
75 36
74 36
73 37
72 37
71 37
70 37
69 38
68 38
67 38
67 38
66 38
66 38
65 38
65 38
65 38
65 38
65 38
65 38
65 38
65 39
66 40
66 41
66 41
66 42
66 43
66 44
66 44
66 45
66 46
66 46
66 47
66 48
66 49
66 49
67 50
67 51
67 51
67 52
67 53
67 53
67 54
67 55
67 55
67 56
67 57
67 57
67 58
67 58
67 58
67 59
67 59
68 59
68 59
67 59
66 60
65 60
64 60
64 60
63 61
62 61
62 61
61 61
61 61
61 61
61 61
61 61
62 61
62 61
63 60
64 60
64 60
65 59
66 58
66 58
67 58
68 57
69 57
69 57
70 56
71 56
72 55
73 55
73 55
74 54
75 54
76 53
76 53
77 53
78 52
79 52
80 52
80 52
81 51
82 51
83 50
84 50
84 50
85 50
86 50
87 49
88 49
89 49
89 49
90 49
91 48
92 48
92 48
93 48
94 47
95 47
95 47
96 46
97 45
97 45
98 45
99 45
