10 14
10 13
11 12
11 11
11 10
11 10
10 9
10 8
10 8
11 7
11 7
11 7
11 7
11 7
12 8
12 8
13 8
13 8
14 9
14 9
14 10
13 11
13 12
12 13
12 14
11 15
11 16
10 17
10 18
9 19
9 20
8 21
8 22
7 23
7 24
6 25
6 26
5 27
5 28
4 29
4 30
4 30
5 31
5 32
6 33
6 34
6 34
5 34
4 35
3 35
3 35
2 36
2 36
2 37
2 37
2 38
3 39
3 40
3 41
3 41
3 42
3 43
3 44
3 45
3 45
4 46
4 47
4 47
5 48
5 49
5 49
6 50
6 51
6 51
7 51
7 51
8 51
8 51
8 50
8 49
8 49
9 48
9 47
10 46
10 45
10 45
10 44
11 43
11 42
12 41
12 40
12 40
13 39
13 38
14 37
14 36
15 35
15 35
16 34
16 33
17 32
17 31
18 30
18 30
19 29
19 28
20 27
21 26
22 25
22 24
23 23
23 23
24 22
25 21
26 20
27 19
27 19
28 18
29 17
30 16
30 16
31 15
32 14
32 14
33 13
34 13
34 13
35 13
35 13
36 13
36 13
36 14
36 15
36 16
36 17
36 17
35 18
35 19
34 20
34 21
33 22
33 23
32 24
32 25
31 26
31 27
30 28
30 29
29 30
29 31
28 32
28 33
27 34
27 35
26 36
26 37
25 38
25 39
24 40
24 41
23 42
23 43
22 44
22 45
21 46
21 47
20 48
20 49
19 50
19 51
18 52
18 53
17 54
17 55
16 56
16 57
15 58
15 59
14 60
14 61
13 62
13 63
12 64
12 65
11 66
11 67
10 68
10 69
9 70
9 71
8 72
8 73
8 73
7 74
7 75
6 76
6 77
5 78
5 79
4 80
4 81
3 82
3 83
2 84
2 85
1 86
1 86
0 87
0 87
0 87
1 86
1 85
1 85
2 84
2 83
3 82
3 82
4 81
4 80
5 79
6 78
6 77
7 76
7 76
8 75
9 74
10 73
10 72
11 71
12 70
12 70
13 69
14 68
15 67
15 66
16 65
17 64
17 64
18 63
19 62
20 61
20 60
21 59
22 58
22 58
23 57
24 56
25 55
26 54
27 53
27 53
28 52
29 51
30 50
31 49
31 49
30 48
29 48
28 47
27 47
26 46
25 46
24 45
24 45
23 44
23 43
22 42
22 42
22 42
22 43
22 44
22 44
22 45
23 46
23 47
23 48
23 48
23 49
23 50
23 51
23 52
23 53
23 54
23 55
23 55
23 56
23 57
23 58
24 59
24 60
24 61
24 62
24 63
24 63
24 64
24 65
24 66
24 67
25 68
25 69
25 70
25 71
25 72
25 72
25 73
26 74
26 75
26 76
26 77
27 78
27 79
27 79
27 80
27 81
27 82
28 83
28 84
28 85
28 86
28 86
28 87
28 88
28 89
28 90
28 90
28 91
29 92
29 93
29 94
29 94
30 95
30 96
30 96
30 97
30 97
30 97
30 96
29 95
29 94
28 93
28 92
27 91
27 90
26 89
26 88
26 87
25 86
25 85
24 84
24 83
23 82
23 81
22 80
22 79
22 79
23 78
24 78
24 78
23 78
23 78
23 78
23 79
23 79
23 79
23 80
22 81
22 82
22 82
22 83
21 84
21 85
21 86
20 87
20 88
20 88
20 89
19 90
19 91
19 92
18 93
18 94
18 94
18 95
18 96
17 97
17 98
17 99
17 99
17 98
18 97
18 96
19 95
19 94
20 93
20 92
21 91
21 90
22 89
22 88
23 87
23 86
24 85
24 84
25 83
25 82
25 82
26 81
27 80
28 79
29 78
30 77
31 76
31 76
32 76
32 76
33 76
33 76
34 77
35 77
35 77
36 77
36 77
37 78
37 79
37 79
38 80
39 80
39 80
39 80
40 81
40 81
40 81
40 81
40 82
40 82
40 81
41 80
41 79
41 78
41 77
42 76
42 75
42 74
42 73
43 72
43 71
43 70
43 69
44 68
44 67
44 66
44 65
45 64
45 63
45 62
46 61
46 60
46 59
46 58
47 57
47 56
47 55
47 54
48 53
48 52
48 51
48 50
49 49
49 48
49 47
49 46
50 45
50 44
50 43
51 42
51 41
51 40
51 39
52 38
52 37
52 36
52 35
53 34
53 33
53 32
53 31
54 30
54 29
54 28
54 27
55 26
55 25
55 24
56 23
56 22
56 21
56 20
57 19
57 18
57 17
57 16
58 15
58 14
58 13
58 12
59 11
59 10
59 9
59 8
60 7
60 6
60 6
60 5
61 4
61 3
61 2
61 2
61 1
61 0
61 0
61 0
61 0
61 0
61 1
61 1
60 2
60 3
59 4
59 5
59 5
59 6
58 7
58 8
58 9
57 10
57 11
57 11
56 12
56 13
55 14
55 15
54 16
54 17
53 18
53 19
53 19
53 20
53 21
52 22
52 23
52 24
52 25
52 26
52 27
51 28
51 29
51 30
51 31
51 31
52 30
53 29
54 28
55 27
56 26
57 25
57 25
58 24
59 24
59 24
60 24
60 24
60 24
60 24
60 24
60 25
59 26
59 27
59 28
59 28
59 29
58 30
58 31
58 32
57 33
57 34
57 34
56 35
56 36
55 37
55 38
54 39
54 40
54 40
54 41
54 42
54 43
54 44
54 45
54 46
54 46
55 45
56 44
56 43
57 42
57 42
58 42
58 42
58 43
58 43
59 44
59 45
59 45
59 46
59 47
59 47
59 48
59 49
59 50
59 50
59 51
59 52
59 53
59 54
59 54
59 55
59 56
59 57
59 57
59 58
59 59
59 60
59 61
59 61
59 62
59 63
59 64
59 65
59 65
59 64
59 63
59 62
60 61
60 60
60 59
60 58
60 57
60 56
60 55
60 54
61 53
61 52
61 51
61 50
61 49
61 48
61 47
62 46
62 45
62 44
62 43
62 42
62 41
62 40
62 39
63 38
63 37
63 36
63 35
63 34
63 33
63 32
63 31
64 30
64 29
64 28
64 27
64 27
65 27
66 26
67 26
67 26
66 25
65 24
65 24
65 23
65 22
65 22
66 21
67 20
67 20
67 19
68 18
68 17
68 16
68 16
69 15
69 14
70 13
70 13
71 12
72 11
73 10
73 10
74 9
75 9
75 9
76 10
76 11
76 11
76 12
76 13
76 14
76 15
76 15
75 16
75 16
75 16
75 17
75 17
75 18
75 19
75 20
75 20
75 21
75 22
75 23
75 24
75 25
75 25
75 26
75 27
75 28
75 29
75 29
75 30
75 31
76 32
76 33
76 34
76 34
76 35
76 36
76 37
76 38
76 39
76 39
76 40
76 41
76 42
76 43
76 44
76 44
76 45
76 46
76 47
76 47
76 46
77 45
77 44
77 43
77 42
78 41
78 40
78 39
78 39
78 38
78 37
78 37
78 36
78 36
78 36
79 35
79 34
79 34
79 33
79 32
79 32
80 31
80 31
81 30
81 30
80 30
79 30
78 30
77 30
76 29
75 29
74 29
73 29
72 29
71 29
71 29
71 30
70 31
70 32
70 33
70 33
69 33
69 33
69 34
69 35
69 35
69 36
69 37
70 38
70 39
70 40
70 40
70 41
70 42
70 43
70 44
70 45
70 46
70 46
70 47
70 48
70 49
70 50
70 51
70 51
70 52
70 53
70 54
70 55
70 56
70 56
70 57
70 58
70 59
70 60
70 60
70 61
69 62
69 63
69 64
69 64
69 65
68 66
68 67
68 68
68 68
68 68
67 68
67 68
67 68
67 68
67 67
67 66
67 66
68 65
69 64
70 63
70 63
71 62
72 61
72 60
73 59
73 59
74 58
75 57
76 56
77 55
77 55
78 54
79 53
80 53
81 52
82 51
82 51
83 50
84 49
85 48
86 47
86 47
87 46
88 45
89 45
90 44
91 43
91 43
92 42
93 41
94 40
94 40
95 39
96 39
96 39
97 39
98 39
98 39
99 39
99 39
99 39
99 39
99 39
99 39
98 39
98 39
