10 4
11 3
12 2
12 2
11 2
11 2
10 1
10 0
10 0
10 1
10 2
10 2
10 3
10 4
10 4
10 5
10 5
11 6
11 7
11 7
12 8
12 8
13 9
13 9
14 9
14 9
15 10
15 10
15 10
15 11
15 12
15 12
14 13
13 14
13 15
12 16
11 17
10 18
9 19
8 20
8 21
7 22
6 23
5 24
4 25
4 26
3 27
2 28
2 28
1 29
1 30
1 30
0 31
0 31
0 31
0 32
0 33
0 33
0 34
0 35
0 35
0 36
0 37
0 38
0 38
0 39
0 40
0 41
0 41
0 42
0 43
0 43
0 44
0 45
0 45
0 45
1 45
2 45
2 45
3 44
4 44
4 44
5 43
6 42
7 41
7 41
8 40
9 39
10 38
11 37
11 37
12 36
13 35
14 35
15 34
16 33
16 33
17 32
18 31
19 31
20 30
20 30
21 29
22 28
22 28
23 27
24 27
24 27
25 27
25 27
26 27
26 27
26 28
26 28
26 29
26 29
25 30
25 31
24 32
24 33
23 34
23 35
22 36
22 37
21 38
21 39
20 40
20 41
19 42
19 43
18 44
18 45
17 46
17 47
16 48
16 49
15 50
15 51
14 52
14 53
13 54
13 55
12 56
12 57
11 58
11 59
10 60
10 61
9 62
9 63
8 64
8 65
7 66
7 67
6 68
6 69
5 70
5 71
4 72
4 73
3 74
3 75
2 76
2 77
1 78
1 79
0 80
0 80
0 81
0 82
0 83
1 84
1 85
1 86
1 87
1 87
1 87
1 86
2 85
2 84
2 84
3 83
3 83
4 82
5 81
5 81
6 80
7 80
8 79
8 79
9 78
10 77
11 76
11 76
12 75
13 74
14 73
14 73
15 72
16 71
16 70
17 69
17 69
18 68
19 68
20 67
20 67
21 66
21 65
22 64
22 64
23 63
23 62
23 62
24 62
24 62
24 62
23 62
22 62
21 62
20 61
19 61
18 61
17 61
17 61
18 60
18 59
18 59
17 59
17 59
17 59
17 59
17 60
17 61
17 61
17 62
17 63
17 64
17 65
17 65
17 66
18 67
18 68
18 69
18 69
18 70
18 71
18 72
18 72
18 73
19 74
19 75
19 76
19 76
19 77
20 78
20 79
20 80
20 80
20 81
21 82
21 83
21 84
21 84
21 85
21 86
21 87
21 87
21 88
22 89
22 90
22 90
22 91
22 92
22 92
22 91
21 90
21 89
21 88
20 87
20 86
20 86
20 85
20 84
20 83
20 82
20 82
20 81
20 81
19 81
19 81
18 82
18 82
17 83
17 84
17 84
17 85
16 86
16 87
16 87
16 88
15 89
15 90
15 90
15 91
14 92
14 93
14 93
13 94
13 95
13 95
12 96
12 97
12 97
11 98
11 98
10 99
10 99
10 99
10 98
11 97
11 96
12 95
12 94
13 93
13 92
13 91
14 90
14 89
15 88
15 87
15 86
16 85
16 84
17 83
17 82
18 81
18 80
18 80
19 80
20 79
21 79
21 79
22 79
22 79
23 80
23 81
23 81
24 82
24 82
25 83
26 84
26 84
27 85
28 85
28 85
29 85
30 85
30 85
31 85
32 85
33 85
33 85
34 85
35 85
35 85
36 86
37 86
37 86
38 86
38 86
39 86
39 86
39 85
40 84
40 83
40 82
40 81
41 80
41 79
41 78
41 77
42 76
42 75
42 74
42 73
43 72
43 71
43 70
43 69
44 68
44 67
44 66
44 65
45 64
45 63
45 62
45 61
46 60
46 59
46 58
47 57
47 56
47 55
47 54
48 53
48 52
48 51
48 50
49 49
49 48
49 47
49 46
50 45
50 44
50 43
50 42
51 41
51 40
51 39
51 38
52 37
52 36
52 35
53 34
53 33
53 32
53 31
54 30
54 29
54 28
54 27
55 26
55 25
55 24
55 23
56 22
56 21
56 20
56 19
57 18
57 17
57 16
57 15
58 14
58 13
58 12
58 11
59 10
59 9
59 9
59 9
59 9
58 9
58 9
58 10
57 11
57 12
57 12
56 13
56 14
56 14
56 15
55 16
55 17
55 17
55 18
54 19
54 20
54 20
53 21
53 22
53 22
52 23
52 24
52 24
51 25
51 26
50 27
50 27
50 28
50 29
50 29
49 30
49 31
49 31
50 30
51 30
52 29
53 28
54 28
55 27
56 27
57 26
57 26
58 26
59 25
60 25
60 25
60 25
60 25
60 25
60 26
60 26
60 27
60 28
60 28
60 29
59 30
59 31
59 31
59 32
58 33
58 34
58 34
58 35
57 36
57 37
57 38
57 38
57 39
56 40
56 41
56 42
56 42
56 43
56 44
56 45
56 45
57 44
57 43
57 43
58 43
58 43
59 44
59 44
60 45
60 45
60 46
60 47
60 47
60 48
61 49
61 50
61 50
61 51
62 52
62 53
62 53
62 54
62 55
62 56
62 56
62 57
62 58
62 59
62 59
62 60
62 61
62 62
62 62
62 63
62 63
62 64
62 64
62 63
62 62
62 61
63 60
63 59
63 58
63 57
63 56
63 55
64 54
64 53
64 52
64 51
64 50
64 49
65 48
65 47
65 46
65 45
65 44
65 43
66 42
66 41
66 40
66 39
66 38
66 37
67 36
67 35
67 34
67 33
67 32
67 31
68 30
68 29
68 28
68 27
68 26
68 25
69 24
69 23
69 22
69 21
69 21
70 20
71 19
72 18
72 18
72 18
72 17
72 17
72 16
72 16
73 15
73 15
74 14
75 13
75 13
76 12
76 11
77 10
77 10
78 9
79 8
79 8
80 7
81 7
81 7
82 6
82 5
82 5
83 4
83 4
84 4
84 4
84 4
83 5
83 5
82 6
82 7
82 7
81 8
81 8
80 9
80 10
80 10
80 11
80 11
79 12
79 13
79 13
79 14
79 14
79 15
79 16
79 17
79 17
79 18
79 19
79 20
79 20
79 21
79 22
79 23
79 23
79 24
79 25
79 25
79 26
80 27
80 28
80 28
80 29
80 30
80 31
80 32
80 32
80 33
81 34
81 35
81 35
81 36
81 37
81 38
81 38
81 39
81 40
81 40
81 41
81 41
81 41
81 41
81 40
81 39
81 39
81 38
81 38
81 37
81 36
81 36
82 35
82 34
82 34
82 33
82 32
82 32
83 31
83 30
83 30
83 29
83 29
84 28
85 27
85 27
86 26
86 26
87 25
87 25
87 24
87 24
86 25
85 25
84 26
83 27
82 28
81 28
80 29
79 30
78 31
77 31
76 32
75 33
74 34
73 34
72 35
72 35
72 36
72 36
72 37
72 37
71 37
71 37
71 38
71 39
71 39
71 40
71 41
71 41
72 42
72 43
72 43
72 44
72 45
72 46
72 46
72 47
73 48
73 49
73 49
73 50
73 51
73 52
73 52
73 53
74 54
74 55
74 55
74 56
74 57
74 58
74 58
75 59
75 60
75 60
75 61
75 62
75 63
75 63
75 64
75 65
75 66
75 67
75 68
75 69
75 69
74 70
74 70
74 70
74 70
74 69
74 69
75 68
75 67
75 67
76 66
77 65
77 65
78 64
79 63
79 63
80 62
81 61
81 61
82 60
83 60
84 59
84 59
85 58
85 57
86 56
86 56
87 55
88 55
89 54
89 54
90 53
91 52
92 51
92 51
93 50
94 49
94 49
95 48
96 47
96 47
97 46
98 46
98 46
99 45
