2 1
3 2
3 3
3 3
4 2
4 2
5 1
5 0
5 0
6 1
6 1
7 1
7 1
8 2
9 2
9 2
10 3
10 4
10 4
11 5
12 5
12 5
13 6
13 6
14 7
14 7
15 8
15 8
15 9
15 9
15 9
15 9
14 10
13 11
12 12
11 12
10 13
9 14
8 15
7 16
6 17
5 18
4 18
3 19
2 20
1 21
1 21
1 21
1 21
1 22
1 23
1 24
1 24
1 25
1 25
1 26
1 26
1 27
1 28
1 28
1 29
1 30
1 30
2 31
2 32
2 32
2 33
2 34
2 34
2 35
2 36
2 37
2 37
2 38
2 39
2 39
2 40
2 41
2 41
2 42
2 43
2 43
2 44
2 45
2 45
2 46
2 46
2 47
2 47
2 48
2 48
2 48
2 48
2 48
2 48
2 48
2 48
2 48
3 47
3 46
4 45
4 45
4 44
4 43
4 43
5 42
5 42
6 41
6 40
6 40
7 39
7 38
7 38
8 37
8 36
8 36
9 35
9 34
9 34
10 33
10 33
11 32
11 31
11 31
12 30
13 29
13 29
14 28
14 27
14 27
15 26
16 26
17 25
17 25
18 24
18 23
18 23
19 22
20 21
20 21
21 20
22 20
22 20
23 19
24 19
24 19
25 19
25 19
26 19
27 19
27 19
28 19
28 19
29 20
29 20
30 21
30 21
30 22
30 22
31 22
31 22
31 23
31 23
31 23
31 24
30 25
30 26
30 26
29 27
29 27
28 28
28 29
27 30
27 30
26 31
26 32
26 32
25 33
25 34
24 35
23 36
22 37
22 38
21 39
20 40
20 41
19 42
18 43
18 44
17 45
16 46
15 47
15 48
14 49
13 50
13 51
12 52
11 53
11 54
10 55
9 56
8 57
8 58
7 59
6 60
6 61
5 62
4 63
4 64
3 65
2 66
1 67
1 68
0 69
0 69
0 69
0 69
0 69
0 69
0 69
0 69
0 69
1 70
1 70
2 69
3 68
3 68
4 67
5 67
6 66
6 66
7 65
8 64
9 63
9 63
10 62
11 61
12 60
13 59
13 59
14 58
15 58
16 57
17 57
17 57
18 56
19 55
20 54
20 54
21 53
22 53
23 52
23 52
24 51
25 50
25 50
26 49
27 48
27 48
28 47
29 47
29 47
29 46
29 46
29 46
29 46
29 46
29 46
28 45
27 44
26 43
25 42
24 41
24 40
23 39
22 38
21 37
20 36
19 35
19 35
19 35
19 35
19 35
19 36
19 36
20 37
20 38
20 38
20 39
20 40
20 40
20 41
20 42
20 42
20 43
20 44
20 45
20 45
20 46
20 47
20 48
20 49
20 50
20 50
20 51
20 52
20 53
20 54
20 55
20 55
20 56
20 57
20 58
20 59
20 60
20 60
20 61
20 62
20 63
20 64
20 65
20 66
20 67
20 67
20 68
20 69
20 70
20 71
20 72
20 73
20 73
20 74
20 75
21 76
21 77
21 78
21 79
21 79
21 80
21 81
21 82
21 83
21 84
21 85
21 85
21 86
21 87
21 88
21 89
21 90
21 90
21 91
21 92
21 93
21 94
21 94
21 95
21 96
21 97
21 97
21 98
21 98
21 99
21 99
21 99
21 99
21 98
21 98
21 97
21 96
21 95
21 95
21 94
21 93
21 92
21 91
21 90
21 89
21 88
21 87
21 86
21 85
21 84
21 83
21 82
21 81
21 80
21 79
20 78
20 77
20 76
20 75
20 74
20 73
20 72
20 71
20 70
20 69
20 68
20 67
20 66
20 65
20 64
20 63
20 62
20 61
20 61
20 61
20 60
20 59
20 58
20 58
20 58
20 58
19 58
19 58
19 59
19 59
18 60
18 60
18 61
17 62
17 63
17 63
17 64
16 65
16 66
16 66
15 67
15 68
14 69
14 69
13 70
13 71
12 72
12 73
12 73
11 74
11 75
10 76
10 77
10 77
9 78
9 79
8 80
8 80
7 81
7 82
6 83
6 83
5 84
5 85
5 85
4 86
4 86
4 86
5 85
5 84
6 83
7 82
7 81
8 80
9 79
9 78
10 77
11 76
11 75
12 74
12 73
13 72
14 71
14 70
15 69
16 68
16 67
17 66
17 66
18 65
19 65
20 64
20 64
21 64
22 64
22 64
23 65
24 65
24 65
25 66
26 66
26 66
27 67
28 67
28 67
29 68
30 68
31 69
31 69
32 70
33 70
33 70
34 70
35 70
35 70
36 71
36 71
37 71
37 71
37 70
38 69
38 68
38 67
39 66
39 65
39 64
40 63
40 62
40 61
41 60
41 59
41 58
42 57
42 56
42 55
43 54
43 53
43 52
44 51
44 50
44 49
45 48
45 47
45 46
46 45
46 44
46 43
47 42
47 41
47 40
48 39
48 38
48 37
49 36
49 35
49 34
50 33
50 32
50 31
51 30
51 29
51 28
52 27
52 26
52 25
53 24
53 23
53 23
53 23
53 23
53 23
53 23
53 24
53 25
53 26
53 27
53 27
53 28
52 29
52 30
52 30
52 31
52 32
52 33
52 33
52 34
52 35
52 36
52 36
52 37
52 38
52 38
52 39
51 40
51 41
51 41
51 42
51 43
51 43
51 43
51 44
51 44
51 44
52 43
53 42
53 41
54 40
55 39
56 38
56 37
57 36
58 35
59 34
59 33
60 32
61 31
61 31
61 31
61 31
61 31
61 31
61 31
61 32
61 33
61 33
60 34
60 35
59 36
59 36
58 37
58 38
58 38
57 39
57 40
56 41
56 41
56 42
55 43
55 44
55 44
54 45
54 46
53 47
53 47
52 48
52 49
51 50
51 50
51 51
50 52
50 53
50 54
50 54
49 55
48 56
48 56
48 57
48 58
48 58
49 57
49 56
50 55
51 54
51 53
52 52
53 51
53 50
54 49
55 48
55 47
56 46
56 46
57 45
57 45
57 45
58 45
58 45
58 46
58 46
58 47
58 47
59 48
59 49
59 49
59 50
59 51
59 52
59 52
59 53
59 54
59 55
59 55
59 56
59 57
59 58
59 58
59 59
59 60
59 61
59 62
59 62
59 63
59 64
59 65
59 66
59 66
59 67
59 68
59 69
59 69
59 70
59 71
59 71
59 72
59 73
59 73
59 74
59 74
59 75
59 75
59 75
59 75
59 75
59 74
59 73
59 72
60 71
60 70
60 69
60 68
60 67
60 66
60 65
61 64
61 63
61 62
61 61
61 60
61 59
61 58
62 57
62 56
62 55
62 54
62 53
62 52
62 51
62 50
63 49
63 48
63 47
63 46
63 45
63 44
63 43
64 42
64 41
64 40
64 39
64 39
65 38
66 37
66 37
67 37
67 37
68 36
68 36
69 35
70 34
70 34
71 33
72 33
72 33
73 32
74 32
74 32
75 31
76 31
77 30
77 30
78 29
79 29
79 29
80 28
81 28
81 28
82 27
82 27
83 27
83 27
84 27
84 27
84 27
84 27
84 27
83 28
82 28
81 29
80 30
79 30
78 31
77 32
76 32
75 33
75 33
75 33
75 34
75 35
75 35
75 36
75 36
75 37
75 38
75 39
75 39
75 40
75 41
75 41
75 42
75 43
75 44
75 45
75 45
75 46
75 47
75 48
75 48
75 49
75 50
75 51
75 51
75 52
75 53
75 54
75 54
75 55
75 56
75 57
75 57
75 58
75 59
75 59
75 59
75 60
75 61
75 62
75 62
75 62
75 62
75 61
75 60
75 59
75 58
76 57
76 56
76 55
76 54
76 53
76 53
77 52
77 51
77 51
77 50
77 50
78 49
79 48
79 48
80 47
80 47
81 46
82 45
82 45
83 44
83 44
84 43
85 43
85 43
86 43
86 43
87 43
87 43
88 43
88 43
88 42
88 42
88 42
88 42
87 42
87 42
87 43
87 43
86 43
85 43
84 43
83 43
82 43
81 43
80 43
79 43
78 43
77 43
76 43
75 43
74 43
73 43
72 43
71 43
70 43
70 43
70 43
69 44
69 45
69 45
69 45
69 45
68 46
68 47
68 47
68 48
68 49
68 49
69 50
69 51
69 51
69 52
69 53
69 54
69 54
69 55
69 56
69 57
69 57
70 58
70 59
70 59
70 60
70 61
70 62
70 62
71 63
71 63
71 64
71 65
71 65
71 66
71 66
71 67
71 67
71 67
71 67
71 67
71 67
71 67
71 67
71 67
71 67
71 66
71 66
71 66
71 66
71 66
71 66
71 66
71 66
71 66
71 66
72 65
72 64
72 64
73 63
73 63
74 62
75 62
75 62
76 62
77 61
78 61
78 61
79 60
80 60
81 59
81 59
82 58
83 58
83 58
84 58
85 57
86 57
86 57
87 57
88 56
89 56
89 56
90 56
91 55
92 55
92 55
93 54
94 54
94 54
95 54
96 54
96 54
97 54
98 54
98 54
99 54
