10 2
10 2
11 2
11 2
12 2
12 2
13 2
14 2
14 2
15 2
16 2
17 2
17 2
18 2
19 1
20 1
21 1
21 1
22 1
23 1
24 1
24 1
25 0
26 0
26 0
27 0
28 0
28 0
27 1
26 1
25 2
24 3
23 3
22 4
21 4
20 5
20 5
20 6
20 7
20 8
20 9
20 10
20 11
20 12
20 13
20 14
20 15
20 16
20 17
20 18
20 18
20 19
20 20
20 20
20 19
20 18
20 17
20 17
20 18
20 19
20 20
20 21
20 22
20 23
20 24
20 24
20 25
20 26
20 27
20 28
20 29
20 30
20 31
20 32
20 33
20 34
20 34
20 35
20 36
20 37
20 38
20 39
20 40
20 41
20 42
20 43
20 44
20 45
20 46
20 47
20 47
20 48
20 49
20 50
20 51
20 52
20 53
19 54
19 55
19 56
19 57
19 58
19 59
19 60
19 60
19 61
19 62
19 63
19 64
19 65
19 66
19 67
19 68
19 69
19 70
19 71
19 71
19 72
19 73
19 74
18 75
18 76
18 77
18 78
18 79
18 79
18 80
18 81
18 82
17 83
17 84
17 85
17 86
17 86
17 87
16 88
16 89
16 90
15 91
15 92
15 92
14 93
13 94
13 95
12 96
12 96
11 97
11 98
10 99
10 99
9 99
8 99
7 99
7 99
6 99
5 98
4 98
3 98
3 98
3 97
2 96
2 95
1 94
1 93
1 93
1 92
1 91
0 90
0 89
0 88
0 87
0 87
1 86
2 85
3 84
4 83
5 82
6 81
7 80
8 79
9 78
10 77
11 76
12 75
13 74
14 73
15 72
15 71
16 70
17 69
18 68
19 67
20 66
21 65
22 64
23 63
24 62
25 61
26 60
27 59
28 58
29 57
30 56
30 56
30 57
31 58
31 59
31 60
32 61
32 62
32 62
32 61
32 60
32 60
31 61
31 62
31 62
31 63
31 64
31 65
31 66
31 67
31 68
31 68
31 69
31 70
31 71
32 72
32 73
32 74
32 75
32 75
32 76
32 77
33 78
33 79
33 80
33 80
33 81
34 82
34 83
34 84
34 84
35 85
36 86
36 86
37 85
37 85
38 84
38 84
38 83
39 82
39 81
39 80
39 80
39 79
39 78
39 77
39 76
39 75
39 75
39 74
39 73
39 72
39 71
39 70
39 70
39 69
39 68
38 67
38 66
38 65
38 64
38 64
37 63
37 62
36 61
36 60
36 60
35 59
35 58
35 58
34 59
33 59
33 59
32 60
32 61
31 62
31 62
31 63
30 64
30 65
29 66
29 67
29 67
29 68
28 69
28 70
28 71
28 71
28 72
28 73
28 73
28 73
29 73
29 73
30 72
30 71
30 71
31 70
32 69
32 68
33 67
33 67
34 66
34 65
35 64
35 63
36 62
36 61
36 61
37 60
37 59
38 58
39 57
39 56
40 55
40 55
41 54
41 53
42 52
42 51
43 50
43 50
44 50
45 49
46 49
46 49
47 50
47 50
47 51
48 52
48 53
49 54
49 55
49 55
49 56
49 57
49 58
49 59
49 60
49 60
49 61
49 62
49 63
49 64
49 65
49 66
49 66
49 67
49 68
49 69
49 70
49 71
49 72
49 72
49 73
49 74
49 75
49 75
48 76
48 77
48 77
48 78
48 78
48 78
48 77
48 77
48 76
48 75
48 75
48 74
49 73
49 72
49 71
49 71
49 70
49 69
50 68
50 67
50 66
50 65
50 65
50 64
51 63
51 62
52 61
52 60
52 60
53 59
54 58
54 58
55 58
55 58
55 59
55 60
55 61
55 61
55 62
55 63
55 64
55 65
55 65
55 66
55 67
55 68
55 69
55 70
55 71
55 71
55 72
55 73
55 74
55 75
55 76
55 76
55 77
56 78
56 79
56 80
56 80
56 81
57 82
57 83
57 83
58 84
58 85
58 85
59 85
60 85
60 85
61 84
62 84
62 84
63 83
63 82
64 81
64 81
65 80
65 79
66 78
66 77
67 76
67 76
68 75
69 74
70 73
71 72
71 72
72 71
72 70
73 69
73 68
74 67
74 66
74 66
74 65
75 64
75 63
75 62
76 61
76 60
76 60
76 59
76 58
77 57
77 56
77 55
77 55
77 54
78 53
78 52
78 51
78 51
78 50
78 49
78 48
78 48
77 48
77 48
76 49
76 50
76 50
75 51
75 52
74 53
74 53
74 54
73 55
73 56
72 57
72 58
72 58
72 59
71 60
71 61
71 62
70 63
70 64
70 64
70 65
70 66
70 67
69 68
69 69
69 70
69 71
69 71
69 72
69 73
69 74
69 75
69 76
69 76
69 77
69 78
69 79
69 80
69 80
69 81
70 82
70 83
70 83
71 84
71 85
71 85
72 84
73 84
73 84
74 83
74 82
75 81
75 81
76 80
76 79
77 78
77 77
78 76
78 76
79 75
79 74
80 73
80 72
81 71
81 70
81 70
82 69
82 68
83 67
83 66
84 65
84 64
85 63
85 62
85 62
85 61
86 60
86 59
86 58
87 57
87 56
87 56
88 55
89 54
89 53
90 52
90 52
90 51
91 50
91 49
91 49
92 49
92 49
93 50
93 51
93 51
93 52
93 53
93 54
93 55
93 55
93 56
92 57
92 58
92 59
92 59
92 60
92 61
92 62
92 63
92 64
92 64
92 65
91 66
91 67
91 68
91 68
91 69
92 70
92 71
92 71
93 72
93 73
93 73
94 74
95 74
95 74
96 75
96 76
96 76
97 77
98 77
98 77
99 78
99 78
98 79
98 80
98 80
97 81
97 82
