7 8
7 9
8 10
8 11
8 12
8 12
8 11
8 10
8 10
8 9
8 8
8 7
8 6
8 5
8 5
9 5
9 5
10 5
11 5
11 5
12 5
13 5
14 5
15 5
15 5
16 5
17 4
18 4
18 4
19 4
20 3
21 3
22 3
22 3
23 2
24 1
24 1
25 0
25 0
24 1
23 2
22 2
21 3
20 4
20 4
20 5
20 6
20 7
20 8
19 9
19 10
19 11
19 12
19 13
19 14
19 14
19 15
19 15
19 16
18 17
18 18
18 19
18 19
18 20
18 21
18 22
18 23
18 24
18 25
18 26
18 27
18 27
18 28
18 29
18 30
18 31
18 32
19 33
19 34
19 35
19 36
19 37
19 38
19 38
19 39
19 40
19 41
19 42
19 43
19 44
19 45
19 46
19 47
19 48
19 49
19 50
19 50
19 51
19 52
19 53
19 54
19 55
19 56
19 57
19 58
19 59
19 60
19 61
19 62
19 62
19 63
19 64
19 65
19 66
20 67
20 68
20 69
20 70
20 71
20 72
20 72
20 73
20 74
20 75
19 76
19 77
19 78
19 79
19 79
19 80
19 81
18 82
18 83
18 84
18 84
18 85
17 86
17 87
17 88
16 89
16 90
16 90
15 91
15 92
14 93
14 94
13 95
13 95
12 96
11 97
10 97
9 98
9 98
8 98
7 99
6 99
5 99
5 99
4 98
3 98
3 98
2 97
1 96
0 95
0 95
0 94
0 93
0 92
0 92
0 91
0 90
0 90
1 89
2 88
3 87
4 86
5 85
6 84
7 83
8 82
9 81
10 80
11 79
12 78
13 77
14 76
14 75
15 74
16 73
17 72
18 71
19 70
20 69
21 68
22 67
23 66
24 65
25 64
26 63
27 62
28 61
28 61
29 62
29 63
30 64
31 65
31 66
32 67
32 67
32 68
32 68
32 69
32 69
32 70
32 71
33 72
33 73
33 74
33 75
33 75
33 76
33 77
34 78
34 79
34 80
34 80
34 81
34 82
35 83
35 84
35 85
35 85
36 86
36 87
36 87
36 87
37 86
37 86
37 85
38 84
38 83
38 83
38 82
39 81
39 80
39 79
39 79
39 78
39 77
39 76
39 75
39 74
39 73
39 73
39 72
39 71
38 70
38 69
38 68
38 68
38 67
37 66
37 65
37 64
37 64
36 63
35 62
35 62
34 63
33 63
33 63
32 64
32 65
31 66
31 66
31 67
30 68
30 69
30 70
30 70
30 71
29 72
29 73
29 74
29 74
29 75
29 76
29 76
29 77
29 78
29 78
30 78
30 78
31 77
32 76
32 76
33 75
34 74
34 73
35 72
35 72
36 71
36 70
37 69
38 68
38 67
39 66
39 66
40 65
41 64
42 63
42 62
43 61
44 60
44 60
45 59
45 58
46 57
46 56
47 55
47 55
48 54
49 53
49 53
50 54
50 54
50 55
51 56
51 57
51 57
51 58
51 59
51 60
51 61
51 62
51 62
51 63
51 64
51 65
51 66
51 67
51 68
51 68
51 69
51 70
50 71
50 72
50 73
50 74
50 74
50 75
50 76
49 77
49 78
49 79
49 80
49 80
49 81
49 82
49 83
49 83
48 84
48 85
48 85
48 86
48 86
48 85
48 85
48 84
48 84
48 83
49 82
49 81
49 80
50 79
50 78
50 78
51 77
51 76
52 75
52 74
52 74
52 73
52 72
53 71
53 70
53 69
53 69
54 68
54 68
54 68
54 69
54 70
54 70
54 71
55 72
55 73
55 73
55 74
55 75
55 76
55 77
55 77
55 78
56 79
56 80
56 80
56 81
57 82
57 83
57 83
58 84
58 84
59 85
59 85
60 84
61 84
62 83
62 83
63 82
63 81
64 80
64 80
65 79
65 78
66 77
66 76
67 75
67 75
67 74
68 73
68 72
69 71
69 70
69 70
69 69
70 68
70 67
71 66
71 65
71 65
71 64
71 63
72 62
72 61
72 60
72 60
72 59
72 58
72 57
72 56
72 56
72 55
72 55
71 55
70 55
70 55
69 56
68 56
68 56
67 57
67 58
66 59
66 60
66 60
66 61
65 62
65 63
64 64
64 65
64 65
64 66
63 67
63 68
62 69
62 70
62 70
62 71
62 72
62 73
62 74
62 75
62 76
62 76
62 77
62 78
62 79
62 80
62 80
63 81
63 82
64 83
64 84
64 84
65 85
66 85
66 85
67 84
68 83
68 83
69 82
70 82
71 81
71 81
72 80
72 79
73 78
74 77
74 76
75 75
75 75
76 74
76 73
77 72
77 71
78 70
78 69
78 69
79 68
79 67
80 66
80 65
81 64
81 63
82 62
82 62
82 61
83 60
83 59
84 58
84 57
85 56
85 55
85 55
85 54
86 53
86 52
87 51
87 50
88 49
88 48
88 48
89 47
89 46
90 45
90 45
90 44
90 43
90 43
91 43
91 43
91 44
91 44
90 45
90 46
90 46
90 47
90 48
90 49
90 49
90 50
90 51
90 52
90 52
90 53
91 54
91 55
91 55
92 56
92 57
93 58
93 59
93 59
93 60
94 61
94 62
94 63
94 63
95 64
95 65
96 66
96 67
96 67
97 68
97 69
98 70
98 71
98 71
98 72
99 73
99 74
99 74
99 75
98 76
98 77
98 78
98 78
98 79
97 80
97 81
97 82
97 82
97 83
96 84
96 85
96 85
95 86
94 86
93 87
93 87
92 87
91 88
90 88
90 88
89 88
88 88
87 88
