12 4
12 5
12 6
12 7
12 8
12 8
13 7
13 6
13 6
13 5
13 4
13 3
13 2
13 2
14 3
14 3
15 3
15 3
16 3
17 3
17 3
18 3
19 3
19 3
20 3
21 3
21 3
22 3
23 2
24 2
24 2
25 1
26 0
26 0
27 0
28 0
28 0
27 1
26 2
26 3
25 4
24 5
24 5
24 6
24 7
23 8
23 9
23 10
23 10
23 11
23 12
23 12
23 13
23 14
23 14
23 15
23 16
23 17
23 18
23 19
23 20
23 20
23 21
23 22
23 23
23 24
23 25
23 26
23 27
23 28
23 28
23 29
23 30
23 31
23 32
23 33
22 34
22 35
22 36
22 37
22 38
22 39
22 39
22 40
22 41
22 42
22 43
22 44
22 45
22 46
22 47
22 48
22 49
22 50
22 50
22 51
22 52
22 53
22 54
22 55
22 56
22 57
22 58
22 59
22 60
22 61
22 62
22 62
22 63
22 64
22 65
22 66
22 67
22 68
21 69
21 70
21 71
21 72
21 73
21 74
21 75
21 75
21 76
21 77
21 78
20 79
20 80
20 81
20 82
20 83
20 83
20 84
20 85
19 86
19 87
19 88
19 89
19 89
19 90
19 91
18 92
18 93
18 94
18 94
17 95
17 96
16 97
16 98
16 98
15 98
14 99
13 99
13 99
12 99
11 99
10 99
10 99
9 98
8 98
7 97
7 97
6 96
6 95
5 94
5 93
4 92
4 91
4 91
4 90
3 89
3 88
2 87
2 86
2 85
1 84
1 83
1 83
1 82
1 81
1 80
0 79
0 78
0 77
0 76
0 75
0 75
0 74
0 73
0 72
0 71
0 70
0 69
0 68
0 68
1 68
2 67
3 67
4 67
5 66
6 66
7 65
8 65
9 65
10 64
11 64
12 64
13 63
14 63
15 63
16 62
17 62
18 62
19 61
20 61
21 60
22 60
23 60
24 59
25 59
25 59
26 60
26 61
27 62
27 63
28 64
28 65
29 66
29 67
30 68
30 69
30 69
31 70
31 70
30 69
30 68
30 68
30 69
30 70
30 71
30 71
30 72
30 73
30 74
30 74
30 75
31 76
31 77
31 78
31 78
31 79
32 80
32 81
32 81
33 82
34 83
34 83
35 83
35 83
36 82
36 81
36 81
37 80
37 79
37 79
37 78
37 77
37 76
37 75
37 75
37 74
37 73
37 72
37 71
37 71
37 70
37 69
36 68
36 67
36 66
36 66
35 65
35 64
34 63
34 63
33 62
32 62
32 62
31 63
31 64
31 64
30 65
30 66
29 67
29 67
29 68
28 69
28 70
28 70
28 71
27 72
27 73
27 73
27 74
27 75
27 75
28 75
28 75
29 74
29 73
29 73
30 72
30 71
31 70
31 69
31 69
31 68
32 67
32 66
32 65
33 64
33 63
33 63
34 62
34 61
35 60
36 59
36 58
37 57
37 57
37 56
38 55
38 54
39 53
39 52
40 51
40 50
40 50
41 49
41 48
42 47
42 47
43 46
43 46
44 47
45 47
45 47
46 48
46 49
46 49
46 50
47 51
47 52
47 52
47 53
47 54
47 55
47 56
47 56
47 57
48 58
48 59
48 60
48 60
48 61
48 62
48 63
48 64
48 64
47 65
47 66
47 66
47 67
47 68
47 68
47 69
47 69
46 69
46 69
46 68
46 67
46 67
46 66
46 65
46 65
46 64
47 63
47 62
47 62
47 61
48 60
48 59
48 59
48 58
49 57
49 56
49 56
50 55
51 55
51 55
52 56
52 56
52 57
53 58
53 59
53 59
53 60
53 61
54 62
54 63
54 64
54 64
54 65
54 66
54 67
54 68
54 69
54 69
54 70
54 71
54 72
54 73
54 74
54 75
54 75
54 76
55 77
55 78
55 78
56 79
56 80
56 80
57 81
57 82
57 82
58 82
58 82
59 81
59 80
60 79
60 79
61 78
62 77
63 76
63 76
64 75
64 74
65 73
65 72
66 71
66 70
66 70
66 69
67 68
67 67
68 66
68 65
69 64
69 63
69 63
69 62
70 61
70 60
71 59
71 58
71 57
72 56
72 55
72 55
72 54
73 53
73 52
73 51
74 50
74 49
74 49
74 48
75 47
75 46
75 45
75 45
75 44
75 43
75 43
75 43
74 44
74 44
73 45
72 46
72 46
71 47
71 48
70 49
70 50
70 50
70 51
69 52
69 53
68 54
68 55
68 55
68 56
68 57
67 58
67 59
67 60
67 61
67 61
67 62
67 63
66 64
66 65
66 66
66 67
66 67
66 68
66 69
66 70
66 71
66 72
66 72
66 73
66 74
67 75
67 76
67 77
67 77
68 78
69 78
69 78
70 78
71 77
72 77
72 77
73 76
74 76
75 75
75 75
76 74
76 73
77 72
78 71
78 70
79 69
79 69
80 68
80 67
81 66
81 65
82 64
82 63
83 62
83 62
83 61
84 60
84 59
85 58
85 57
86 56
86 55
87 54
87 53
87 53
88 52
88 51
89 50
89 49
90 48
90 47
91 46
91 45
91 45
91 44
92 43
92 42
93 41
93 40
93 40
94 39
94 38
94 38
95 38
95 38
95 39
94 40
94 41
94 41
94 42
94 43
94 44
94 45
94 46
94 46
94 47
94 48
94 49
94 50
94 51
94 52
94 53
94 53
94 54
94 55
94 56
94 57
94 58
94 59
94 59
94 60
94 61
95 62
95 63
95 64
95 64
95 65
96 66
96 67
96 67
97 68
97 69
98 70
98 70
98 71
98 72
98 72
98 73
99 74
99 75
99 75
98 76
98 77
98 77
97 78
97 79
96 80
96 81
96 81
95 82
95 83
94 84
94 85
94 85
93 86
92 87
92 88
91 89
