5 7
5 8
4 9
4 10
4 11
4 11
4 10
5 9
5 8
5 8
6 7
6 6
6 6
7 5
8 5
9 4
9 4
10 4
11 3
12 3
13 3
13 3
14 3
15 2
16 2
16 2
17 2
18 1
19 1
19 1
20 1
21 1
21 1
20 1
19 0
18 0
18 0
18 1
18 2
18 3
18 4
18 5
17 6
17 7
17 8
17 9
17 10
17 11
17 11
17 12
16 13
16 14
16 14
16 15
16 15
16 16
16 17
16 18
16 19
16 20
16 21
16 22
16 23
16 23
16 24
16 25
16 26
16 27
16 28
17 29
17 30
17 31
17 32
17 33
17 34
17 35
17 35
17 36
17 37
17 38
17 39
17 40
17 41
17 42
17 43
17 44
17 45
17 46
17 47
17 48
17 49
17 49
17 50
17 51
17 52
17 53
17 54
17 55
18 56
18 57
18 58
18 59
18 60
18 61
18 62
18 62
18 63
18 64
18 65
18 66
18 67
18 68
18 69
18 70
18 71
18 72
18 72
18 73
18 74
18 75
18 76
18 77
18 78
18 79
18 80
18 80
18 81
18 82
17 83
17 84
17 85
17 86
17 86
17 87
16 88
16 89
16 90
15 91
15 92
15 92
14 93
14 94
13 95
13 96
12 97
12 97
11 98
10 98
9 99
9 99
8 99
7 99
6 99
6 99
5 99
4 98
3 98
3 98
3 97
2 96
2 95
1 94
1 93
1 93
1 92
1 91
0 90
0 89
0 88
0 88
0 87
0 86
0 85
0 84
0 83
0 83
1 82
2 81
3 81
4 80
5 79
6 78
7 78
8 77
9 76
10 75
11 75
12 74
13 73
14 72
15 71
16 71
17 70
18 69
19 68
20 68
21 67
22 66
23 65
24 65
25 64
26 63
27 62
28 62
29 61
30 60
30 60
30 61
30 62
31 63
31 64
31 65
31 66
32 67
32 68
32 69
32 70
33 71
33 72
33 73
33 73
33 72
33 71
33 71
33 72
33 73
33 74
33 74
33 75
33 76
33 77
33 78
33 79
33 80
33 81
33 82
33 82
33 83
33 84
34 85
34 86
34 87
34 87
35 88
35 89
35 89
36 90
36 90
37 89
37 89
37 88
37 87
37 86
37 85
37 85
37 84
37 83
38 82
38 81
38 80
38 80
38 79
38 78
37 77
37 76
37 75
37 74
37 74
37 73
37 72
37 71
37 70
37 69
37 68
37 68
36 67
35 66
35 66
34 65
34 65
33 66
33 67
32 68
32 68
32 69
31 70
31 71
30 72
30 73
30 73
30 74
29 75
29 76
29 77
28 78
28 79
28 79
28 80
28 81
28 82
28 83
28 84
28 84
28 85
27 86
27 87
27 87
27 88
27 88
28 89
28 89
29 88
29 87
30 86
30 86
31 85
32 84
32 83
33 82
33 82
33 81
34 80
34 79
35 78
35 77
36 76
36 75
36 75
37 74
37 73
38 72
38 71
39 70
39 69
40 68
40 68
41 67
41 66
42 65
42 64
43 63
43 62
44 61
44 61
45 60
45 59
46 58
46 58
47 57
48 57
48 57
48 57
49 58
49 59
49 59
49 60
49 61
49 62
49 62
49 63
49 64
49 65
49 66
49 67
49 67
49 68
49 69
48 70
48 71
48 72
48 73
48 73
48 74
48 75
48 76
48 77
48 78
48 79
48 79
48 80
47 81
47 82
47 83
47 83
47 84
46 85
46 86
46 86
46 87
46 87
46 87
46 86
46 86
46 85
47 84
47 83
47 83
47 82
47 81
48 80
48 79
48 78
48 78
48 77
49 76
49 75
49 74
49 73
50 72
50 71
50 71
50 70
51 69
51 68
52 67
52 66
52 66
52 65
53 64
53 63
53 63
54 62
54 62
54 62
54 63
54 64
54 64
54 65
54 66
54 67
54 67
54 68
55 69
55 70
55 71
55 71
55 72
55 73
55 74
55 75
55 76
55 76
55 77
56 78
56 79
56 79
57 80
57 81
57 81
58 82
59 83
59 83
60 82
61 82
61 82
62 81
63 80
63 80
64 79
65 78
66 77
66 77
67 76
67 75
68 74
68 73
69 72
69 72
69 71
70 70
70 69
70 68
71 67
71 66
71 66
71 65
72 64
72 63
72 62
73 61
73 60
73 60
73 59
73 58
74 57
74 56
74 55
74 54
74 54
74 53
74 52
74 51
74 50
74 50
74 49
73 48
73 47
73 46
73 46
72 46
72 46
71 47
70 48
70 48
70 49
69 50
69 51
68 52
68 53
68 53
68 54
68 55
68 56
67 57
67 58
67 59
67 60
67 60
67 61
67 62
67 63
66 64
66 65
66 66
66 67
66 67
66 68
66 69
65 70
65 71
65 72
65 73
65 73
65 74
66 75
66 76
66 77
66 77
66 78
67 79
67 80
67 80
68 81
69 81
69 81
70 80
71 79
71 79
72 78
73 77
73 76
74 75
74 75
75 74
75 73
76 72
76 71
77 70
77 69
77 69
78 68
78 67
79 66
79 65
80 64
80 63
81 62
81 62
81 61
82 60
82 59
83 58
83 57
84 56
84 55
84 55
84 54
85 53
85 52
86 51
86 50
87 49
87 48
87 48
87 47
88 46
88 45
89 44
89 43
89 43
90 42
91 41
91 41
92 40
92 40
92 41
92 41
92 42
92 43
92 44
92 44
92 45
92 46
92 47
92 47
92 48
92 49
92 50
92 51
92 51
92 52
93 53
93 54
93 55
93 55
94 56
94 57
95 58
95 59
95 59
95 60
96 61
96 62
96 63
96 63
96 64
96 65
97 66
97 67
97 68
97 68
97 69
97 70
98 71
98 72
98 73
98 73
98 74
98 75
99 76
99 77
99 78
99 78
99 79
99 80
98 81
98 82
98 83
98 83
98 84
97 85
97 86
97 87
97 87
97 88
96 89
96 90
96 90
95 90
94 91
93 91
93 91
92 91
91 92
90 92
