0 10
0 9
0 9
0 8
0 8
1 8
1 8
2 8
2 8
3 8
4 8
4 8
5 8
6 8
7 8
7 8
8 7
9 7
10 6
10 6
11 5
12 5
13 4
13 4
14 3
15 3
16 2
16 2
17 1
18 1
18 1
17 2
17 3
16 4
15 5
15 6
14 7
14 7
14 8
14 9
14 10
14 11
14 12
14 13
14 13
14 14
14 14
14 15
14 16
14 17
14 18
14 19
14 19
14 20
14 21
14 22
14 23
14 24
14 25
14 26
14 27
14 27
14 28
14 29
14 30
14 31
14 32
15 33
15 34
15 35
15 36
15 37
15 38
15 38
15 39
15 40
15 41
15 42
15 43
15 44
15 45
15 46
15 47
15 48
15 48
15 49
15 50
15 51
16 52
16 53
16 54
16 55
16 56
16 56
16 57
16 58
16 59
16 60
16 61
16 62
16 63
16 63
16 64
16 65
16 66
16 67
16 68
16 68
16 69
16 70
16 71
16 72
16 73
16 73
16 74
16 75
15 76
15 77
15 78
15 78
15 79
15 80
15 81
15 82
15 82
15 83
14 84
14 85
14 86
14 86
14 87
13 88
13 89
13 89
13 90
12 91
12 92
12 92
11 93
11 94
11 94
10 95
9 96
9 96
8 97
8 97
7 98
7 98
6 99
5 99
5 99
4 99
4 99
3 99
3 99
2 99
2 99
1 98
1 98
0 97
0 97
0 96
0 96
0 95
0 94
0 93
0 93
1 92
2 91
2 90
3 89
4 88
5 87
6 86
7 85
7 84
8 83
9 82
10 81
11 80
12 79
12 78
13 77
14 76
15 75
16 74
17 73
17 72
18 71
19 70
20 69
21 68
22 67
22 66
23 65
24 64
25 63
26 62
27 61
27 60
28 59
29 58
30 57
31 56
32 55
32 54
33 53
34 52
34 52
34 53
34 54
34 55
34 56
33 57
33 58
33 59
33 60
33 61
33 62
33 62
32 63
32 64
32 64
32 65
32 66
31 67
31 68
31 69
31 69
31 70
31 71
31 72
31 73
31 74
31 75
31 76
31 76
31 77
31 78
31 79
31 80
31 80
31 81
32 82
32 83
32 83
33 83
34 83
34 83
35 83
35 83
36 82
36 82
37 81
37 80
37 80
37 79
38 78
38 77
38 77
38 76
39 75
39 74
39 73
39 73
39 72
40 71
40 70
40 69
40 69
40 68
40 67
40 66
40 66
39 65
39 64
39 64
38 63
37 62
36 62
35 61
35 61
35 60
35 60
35 59
35 59
36 58
36 57
36 57
37 56
37 55
37 55
38 54
38 53
39 52
39 52
40 51
40 50
41 49
41 49
42 48
43 47
44 46
44 46
45 45
46 44
47 43
47 43
48 42
49 41
49 41
50 41
51 41
51 41
52 41
52 41
53 42
53 42
54 43
54 43
55 44
55 45
55 45
55 46
55 47
55 48
55 49
55 49
55 50
55 51
54 52
54 53
54 54
54 54
54 55
54 56
53 57
53 58
53 59
53 60
53 60
53 61
53 62
52 63
52 64
52 65
52 66
52 66
52 67
51 68
51 69
51 70
51 70
51 71
50 72
50 73
50 74
50 74
50 75
50 76
50 77
50 77
49 78
49 78
50 78
50 78
50 78
50 77
50 76
50 76
50 75
50 74
50 74
50 73
50 72
51 71
51 70
51 69
51 69
51 68
51 67
52 66
52 65
52 64
52 63
52 63
52 62
53 61
53 60
53 59
53 58
54 57
54 56
54 55
54 55
54 54
54 53
55 52
55 51
55 50
55 49
55 49
56 48
56 47
57 46
57 45
57 45
58 44
58 43
59 42
59 41
59 41
60 40
60 40
61 40
61 40
62 41
62 41
62 42
62 43
62 43
63 44
63 45
63 45
63 46
62 47
62 48
62 49
62 49
62 50
62 51
62 52
62 53
62 53
62 54
62 55
61 56
61 57
61 58
61 58
61 59
61 60
61 61
61 62
61 62
61 63
60 64
60 65
60 66
60 66
60 67
60 68
60 69
60 70
60 70
61 71
61 72
61 72
61 73
61 73
62 74
63 75
63 75
64 74
64 74
65 73
66 73
66 73
67 72
67 71
68 70
68 70
69 69
69 68
70 67
70 67
71 66
72 65
73 64
73 64
74 63
74 62
75 61
75 61
75 60
76 59
76 58
77 57
77 56
77 56
78 55
78 54
79 53
79 52
79 52
79 51
80 50
80 49
80 48
80 48
80 47
81 46
81 45
81 44
81 44
81 43
82 42
82 41
82 41
82 40
81 39
81 38
81 38
81 37
81 37
80 37
80 37
79 38
79 38
79 39
78 40
78 41
78 41
78 42
78 43
77 44
77 45
77 46
77 46
77 47
77 48
76 49
76 50
76 51
76 51
76 52
76 53
76 54
76 55
76 55
76 56
76 57
76 58
76 59
76 59
77 60
77 61
77 61
78 62
78 62
79 62
80 62
80 62
81 61
82 61
82 61
83 60
84 59
84 59
85 58
85 57
86 56
86 56
87 55
87 54
88 53
88 52
88 52
89 51
89 50
90 49
90 48
90 48
90 47
91 46
91 45
91 44
91 44
92 43
92 42
93 41
93 40
93 40
94 39
94 39
95 39
96 39
96 39
97 40
97 41
97 41
98 42
98 43
98 43
98 44
98 45
98 46
98 47
98 47
98 48
98 49
99 50
99 51
99 52
99 53
99 53
99 54
99 55
99 56
99 57
99 58
99 58
99 59
98 60
98 61
98 62
98 62
98 63
97 64
97 65
97 66
97 66
96 67
95 68
