0 10
0 9
0 9
0 8
0 8
0 8
1 7
2 7
2 7
3 6
3 6
4 5
5 5
5 5
6 4
7 4
7 4
8 3
9 3
9 3
10 2
11 2
11 2
12 1
13 1
13 1
14 1
14 1
15 0
15 0
14 1
13 2
12 3
12 4
11 5
10 6
10 6
10 7
10 8
9 9
9 10
9 11
9 11
9 12
9 13
9 13
9 14
9 15
9 16
9 17
9 17
9 18
9 19
9 20
9 21
9 22
9 22
9 23
9 24
9 25
9 26
9 27
9 28
9 28
9 29
9 30
9 31
9 32
9 33
9 34
9 35
9 36
9 36
9 37
9 38
9 39
10 40
10 41
10 42
10 43
10 43
10 44
10 45
10 46
10 47
10 48
10 49
10 50
10 51
10 51
10 52
10 53
10 54
11 55
11 56
11 57
11 58
11 58
11 59
11 60
11 61
11 62
11 63
11 64
11 64
11 65
11 66
11 67
11 68
11 69
11 70
11 70
11 71
11 72
11 73
11 74
11 75
11 75
11 76
11 77
10 78
10 79
10 80
10 81
10 81
10 82
10 83
9 84
9 85
9 86
9 87
9 87
8 88
8 89
7 90
7 91
7 91
7 92
6 93
6 94
6 95
6 95
5 96
5 97
4 98
4 98
3 99
2 99
2 99
1 99
1 99
0 98
0 98
1 97
1 96
2 95
3 94
3 93
4 92
5 91
5 90
6 89
6 88
7 87
8 86
8 85
9 84
10 83
10 82
11 81
12 80
12 79
13 78
14 77
14 76
15 75
16 74
16 73
17 72
18 71
18 70
19 69
19 68
20 67
21 66
21 65
22 64
23 63
23 62
24 61
24 61
25 60
26 60
27 59
27 59
28 58
28 58
28 59
28 59
29 60
29 60
29 61
29 62
29 62
28 63
28 64
28 64
28 65
28 66
28 67
28 68
28 68
28 69
28 70
28 71
28 72
28 72
28 73
28 74
27 75
27 76
27 77
27 77
27 78
27 79
27 80
27 81
27 82
27 82
27 83
27 84
27 85
27 85
28 86
28 87
28 87
29 88
29 88
30 88
30 88
31 88
32 88
32 88
33 87
33 86
33 86
33 85
33 84
33 83
33 83
33 82
34 81
34 80
34 79
34 79
34 78
34 77
34 76
34 75
34 75
34 74
35 73
35 72
35 71
35 71
35 70
34 69
34 68
34 67
34 67
34 66
34 65
34 64
34 64
33 63
33 62
33 62
32 61
32 61
32 62
32 62
31 62
31 62
30 63
30 63
30 64
30 64
31 65
31 65
32 66
32 66
33 67
33 67
34 67
35 67
35 67
36 67
37 66
38 66
38 66
39 65
40 64
40 64
41 63
42 63
43 62
43 62
44 61
45 60
46 59
46 59
47 58
47 57
48 56
48 56
49 55
49 55
50 54
51 54
51 54
51 54
52 54
52 54
52 54
51 55
51 56
51 56
51 57
51 58
51 59
51 60
51 60
51 61
50 62
50 63
50 64
50 64
50 65
49 66
49 67
49 68
49 68
49 69
49 70
49 71
49 72
49 72
49 73
49 74
49 75
49 76
49 77
49 77
49 78
48 79
48 80
48 80
48 81
48 81
49 82
49 82
49 82
50 81
50 80
50 80
51 79
51 78
51 78
51 77
52 76
52 75
52 74
52 74
52 73
53 72
53 71
53 70
53 70
53 69
54 68
54 67
54 66
54 66
55 65
56 64
56 64
57 63
57 63
58 63
58 63
59 63
60 63
60 63
61 64
61 65
61 65
62 66
62 66
62 67
63 68
63 69
63 69
64 70
64 71
64 71
65 72
65 73
65 73
66 74
66 74
67 75
67 75
68 75
69 75
69 75
70 74
70 73
70 73
71 72
72 72
72 72
73 71
73 70
74 69
74 69
74 68
75 67
75 66
75 65
75 65
76 64
76 63
77 62
77 62
77 61
77 60
78 59
78 58
78 57
78 57
78 56
79 55
79 54
79 54
79 53
79 52
79 51
79 51
79 50
79 50
78 51
78 51
77 52
77 52
76 53
76 54
76 54
76 55
75 56
75 57
75 57
75 58
74 59
74 60
74 61
74 61
74 62
74 63
74 64
74 64
74 65
74 66
74 67
74 68
74 68
74 69
74 70
74 71
74 71
74 72
75 73
75 74
75 74
76 75
77 75
77 75
78 76
79 76
79 76
80 75
81 75
81 75
82 74
83 74
84 73
84 73
85 72
86 71
87 70
88 69
88 69
89 68
90 67
90 66
91 65
91 65
92 64
92 63
93 62
93 61
93 61
94 60
94 59
95 58
95 57
95 57
96 56
97 55
97 55
97 54
98 53
98 52
98 52
99 51
99 51
99 51
98 51
98 51
97 52
97 53
97 53
96 54
95 55
95 55
95 56
94 57
94 58
94 58
93 59
93 60
92 61
92 61
91 62
91 63
91 63
91 64
90 65
90 66
90 66
89 67
89 67
89 68
89 69
89 69
90 70
90 70
91 71
91 71
92 72
92 72
93 73
93 73
93 74
93 75
93 75
93 76
93 77
93 77
93 78
93 79
93 79
93 80
92 81
92 82
92 82
91 83
91 84
