2 14
2 13
3 12
3 11
3 11
3 10
3 9
3 9
4 9
4 9
5 8
6 8
6 8
7 8
8 8
8 8
9 8
10 7
11 7
11 7
12 6
13 6
14 5
14 5
15 4
16 3
16 3
17 3
18 2
19 2
19 2
20 1
20 1
21 0
22 0
22 0
21 1
20 2
19 3
18 3
17 4
16 5
15 6
15 6
15 7
15 8
15 9
15 10
15 10
14 11
14 11
14 12
14 13
14 14
14 14
14 15
14 16
14 17
14 18
14 19
14 20
14 21
14 21
14 22
14 23
14 24
14 25
15 26
15 27
15 28
15 29
15 30
15 31
15 31
15 32
15 33
15 34
15 35
15 36
15 37
15 38
15 39
15 40
15 40
15 41
15 42
15 43
15 44
15 45
15 46
15 47
15 48
15 49
15 50
15 50
15 51
15 52
15 53
15 54
15 55
15 56
15 57
15 58
15 59
15 59
15 60
15 61
15 62
15 63
15 64
15 65
15 66
15 66
15 67
15 68
15 69
15 70
15 71
15 72
15 72
15 73
15 74
15 75
15 76
15 77
15 77
15 78
15 79
14 80
14 81
14 82
14 82
14 83
14 84
13 85
13 86
13 87
13 87
13 88
12 89
12 90
12 91
12 91
11 92
11 93
10 94
10 94
10 95
9 96
9 97
9 97
8 98
7 99
7 99
6 99
5 99
5 99
4 99
3 99
3 99
2 98
1 98
1 98
0 97
0 96
0 96
0 95
0 94
0 93
0 93
1 92
2 91
3 90
4 89
5 88
6 87
7 86
8 85
9 84
10 83
11 82
12 81
13 80
14 79
15 78
16 77
17 76
18 75
19 74
20 73
21 72
22 71
23 70
24 69
25 68
26 67
27 66
28 65
29 64
30 63
31 62
32 61
33 60
34 59
35 58
36 57
37 56
38 55
39 54
40 53
40 53
40 53
39 54
39 54
39 55
39 55
39 56
38 57
38 58
38 59
38 59
38 60
37 61
37 62
37 63
37 63
37 64
37 65
36 66
36 67
36 68
36 68
36 69
35 70
35 71
35 72
35 72
35 73
35 74
35 75
35 76
35 76
35 77
35 78
35 79
35 80
35 80
35 81
35 82
35 83
35 83
36 84
36 85
36 85
37 86
37 86
38 86
38 86
39 85
39 84
40 83
40 83
40 82
41 81
41 80
41 79
41 79
41 78
42 77
42 76
43 75
43 74
43 74
43 73
44 72
44 71
44 70
44 70
44 69
44 68
44 67
44 66
44 65
44 65
44 64
44 63
43 62
43 61
43 60
43 60
43 59
43 58
43 57
43 57
42 56
42 55
42 55
41 55
40 55
40 55
39 56
39 56
38 57
38 57
38 58
38 58
39 58
40 57
41 57
42 56
43 56
44 56
45 55
46 55
46 55
47 54
48 54
49 53
49 53
50 52
50 52
51 51
51 50
51 50
52 50
52 50
53 51
54 51
54 51
55 51
55 51
56 52
57 52
57 52
58 53
58 53
58 54
58 55
58 55
58 56
58 57
58 57
58 58
58 59
58 60
58 61
58 61
58 62
58 63
57 64
57 65
57 66
57 66
57 67
56 68
56 69
56 70
56 70
56 71
55 72
55 73
55 74
55 74
55 75
54 76
54 77
54 78
54 78
54 79
54 80
54 80
53 81
53 82
53 82
53 82
53 82
53 81
53 80
53 80
53 79
54 78
54 77
54 77
54 76
54 75
55 74
55 73
55 72
55 72
55 71
55 70
56 69
56 68
56 67
56 67
56 66
57 65
57 64
57 63
58 62
58 61
58 61
58 60
59 59
59 58
59 57
59 57
60 56
60 55
60 55
61 54
62 53
62 53
63 53
63 53
64 54
64 55
64 55
64 56
64 57
64 57
64 58
64 59
64 60
64 61
64 62
64 62
64 63
64 64
64 65
64 66
64 67
64 67
64 68
64 69
63 70
63 71
63 72
63 72
63 73
63 74
63 75
63 76
63 77
63 77
63 78
62 79
62 80
62 81
62 81
62 82
62 83
62 84
62 84
62 85
62 86
62 86
63 86
63 86
64 86
64 86
65 85
65 84
65 84
66 83
66 82
67 81
67 81
68 80
69 79
69 78
70 77
70 77
71 76
71 75
72 74
72 73
72 73
73 72
73 71
74 70
74 69
74 69
75 68
75 67
76 66
76 65
76 65
76 64
77 63
77 62
78 61
78 60
78 60
79 59
79 58
80 57
80 56
80 56
80 55
80 54
80 53
80 52
80 52
80 51
80 50
80 50
80 49
80 49
79 48
79 48
78 49
77 49
77 49
77 50
76 51
76 52
76 52
75 53
75 54
74 55
74 56
74 56
74 57
74 58
73 59
73 60
73 61
73 61
73 62
72 63
72 64
72 65
72 65
72 66
72 67
72 68
72 68
73 69
73 70
73 70
74 71
74 71
75 72
75 72
76 71
77 71
77 71
78 70
79 70
79 70
80 69
81 69
82 68
82 68
83 67
83 66
84 65
84 64
84 64
85 63
85 62
86 61
86 61
86 60
86 59
87 58
87 57
87 56
87 56
88 55
88 54
89 53
89 52
89 52
89 51
90 50
90 49
91 48
91 47
91 47
92 46
92 45
92 45
93 45
94 45
94 45
95 46
95 46
95 47
96 48
96 49
96 49
96 50
96 51
96 52
96 53
96 53
96 54
97 55
97 56
97 57
97 57
97 58
97 59
98 60
98 61
98 62
98 62
98 63
98 64
98 65
98 66
98 67
98 67
98 68
99 69
99 70
99 70
99 71
98 72
98 73
98 74
98 74
97 75
97 76
97 76
96 77
96 78
95 79
95 79
94 80
93 81
93 81
92 82
91 83
