16 11
15 12
15 12
15 11
15 11
15 11
15 11
16 11
16 11
17 11
17 11
18 10
19 10
19 10
20 9
21 9
22 8
22 8
23 8
24 7
25 7
25 7
26 6
27 6
28 5
28 5
29 5
30 4
31 4
31 4
32 3
33 3
34 2
34 2
35 2
36 1
37 1
37 1
38 0
38 0
39 0
40 0
40 0
39 1
39 2
38 3
37 4
37 5
36 6
36 6
35 7
34 7
33 8
33 8
32 9
32 9
31 9
31 9
30 9
30 9
29 10
29 10
28 11
28 11
28 12
28 13
28 13
28 14
28 15
28 16
28 16
28 17
28 18
28 19
28 20
28 21
28 22
28 22
28 23
28 24
28 25
28 26
28 27
28 28
28 29
28 30
28 30
28 31
28 32
28 33
28 34
27 35
27 36
27 37
27 38
27 39
27 39
27 40
27 41
27 42
27 43
27 44
27 45
27 46
27 47
27 48
27 49
27 50
27 51
27 51
27 52
27 53
27 54
27 55
27 56
27 57
27 58
27 59
27 60
27 60
27 61
27 62
27 63
27 64
27 65
27 66
27 67
27 68
27 68
27 69
27 70
27 71
27 72
27 73
27 74
27 75
27 76
27 76
27 77
27 78
26 79
26 80
26 81
26 82
26 82
26 83
26 84
25 85
25 86
25 87
25 87
25 88
24 89
24 90
24 90
24 91
23 92
23 93
23 93
22 94
21 95
20 96
20 96
19 97
18 98
18 98
17 98
16 98
15 98
14 98
14 98
13 98
12 99
11 99
11 99
10 98
9 98
8 97
7 97
7 97
6 96
5 96
4 95
4 95
3 94
3 93
2 92
2 92
1 91
1 90
0 89
0 89
1 88
2 88
3 87
4 87
5 86
6 86
7 85
8 84
9 84
10 83
11 83
12 82
13 82
14 81
15 81
16 80
17 79
18 79
19 78
20 78
21 77
22 77
23 76
24 75
25 75
26 74
27 74
28 73
29 73
30 72
31 72
32 71
33 70
34 70
35 69
36 69
37 68
38 68
39 67
40 66
41 66
42 65
43 65
44 64
45 64
46 63
47 63
48 62
48 62
47 61
47 60
47 60
47 60
47 60
47 60
46 60
46 60
46 60
46 60
46 60
46 60
46 61
46 61
46 62
46 62
46 63
46 64
45 65
45 66
45 67
45 67
45 68
45 69
44 70
44 71
44 72
44 73
44 73
44 74
44 75
44 76
43 77
43 78
43 79
43 80
43 81
43 81
43 82
43 83
42 84
42 85
42 86
42 87
42 87
42 88
42 89
42 90
42 91
42 91
42 92
42 93
42 94
42 94
42 95
42 96
42 96
43 97
43 97
44 97
45 97
45 97
45 96
46 95
46 94
46 94
47 93
47 92
48 91
48 91
48 90
49 89
49 88
49 88
50 87
50 86
51 85
51 84
51 84
51 83
52 82
52 81
52 80
53 79
53 78
53 78
53 77
53 76
54 75
54 74
54 73
54 73
54 72
54 71
55 70
55 69
55 68
55 67
55 67
55 66
55 65
55 64
55 63
55 62
55 62
55 61
55 60
55 59
55 58
55 58
55 57
55 56
55 55
55 54
55 54
55 53
55 52
55 52
54 51
54 50
54 50
53 49
53 49
52 49
52 49
51 50
51 50
50 51
50 51
49 52
49 53
49 53
48 54
48 55
48 55
48 56
48 57
48 58
48 58
48 59
48 60
48 61
48 61
49 62
50 63
50 63
51 64
51 65
51 65
52 65
53 65
53 65
54 64
55 64
55 64
56 63
57 62
57 62
58 61
59 61
60 60
60 60
61 59
62 58
62 58
63 57
64 57
64 57
65 56
66 55
66 55
67 54
67 54
68 54
68 54
69 54
69 54
70 54
70 54
70 54
70 54
70 54
70 54
70 54
69 54
69 54
69 54
69 54
69 54
69 54
69 54
69 55
69 55
69 55
69 55
69 55
69 55
69 55
69 55
69 55
69 55
69 55
69 56
69 56
69 56
69 56
69 56
68 56
68 56
68 57
68 57
68 58
68 59
68 59
67 60
67 61
67 61
67 62
67 62
66 63
66 64
66 64
66 65
66 66
66 67
66 67
66 68
65 69
65 70
65 70
65 71
65 72
65 73
65 74
65 74
65 75
64 76
64 77
64 77
64 78
63 79
63 80
63 80
63 81
63 82
63 82
63 83
63 84
63 84
63 85
63 85
63 85
63 86
63 86
63 86
63 86
64 86
64 86
64 86
64 86
64 86
64 86
64 85
64 85
64 84
64 84
64 83
64 82
64 81
64 81
64 80
65 79
65 78
65 78
65 77
66 76
66 75
66 74
66 74
66 73
67 72
67 71
67 70
67 70
67 69
67 68
68 67
68 66
68 65
68 65
68 64
69 63
69 62
70 61
70 60
70 60
70 59
71 58
71 57
71 57
71 56
72 55
72 54
72 53
72 53
72 52
73 51
73 50
73 50
74 49
74 49
75 48
75 48
75 49
75 49
75 50
75 50
76 51
76 52
76 52
76 53
76 54
76 54
76 55
76 55
76 56
76 57
76 57
76 58
76 58
76 59
76 60
76 61
76 61
76 62
75 63
75 64
75 65
75 65
75 66
75 67
75 68
75 69
75 69
75 70
74 71
74 72
74 73
74 73
74 74
74 75
74 76
74 76
74 77
74 78
74 79
74 79
74 80
74 81
74 81
74 82
74 82
75 83
75 83
75 83
76 83
76 83
77 82
77 82
78 81
78 81
79 80
80 80
80 80
81 79
81 78
81 78
81 77
82 76
82 75
82 75
83 74
84 73
84 73
84 72
85 71
85 70
85 69
85 69
85 68
86 67
86 66
86 65
86 65
86 64
87 63
87 62
87 61
87 61
87 60
87 59
87 58
87 58
87 57
87 56
87 56
86 55
86 54
86 54
85 53
85 53
85 52
85 52
84 52
84 52
84 53
84 54
84 54
83 55
83 56
83 56
83 57
83 58
83 59
83 59
83 60
83 61
82 62
82 63
82 64
82 64
82 65
82 66
81 67
81 68
81 69
81 69
81 70
81 71
81 72
81 72
81 73
82 74
82 75
82 75
82 76
82 76
83 76
83 76
84 76
85 76
85 76
86 75
86 75
87 74
87 73
88 72
88 72
89 71
89 70
90 69
90 69
91 68
91 67
92 66
92 66
93 65
93 64
94 63
94 62
94 62
95 61
95 60
96 59
96 58
96 58
96 57
97 56
97 55
97 54
97 54
97 53
98 52
98 51
98 51
98 50
98 49
98 48
98 48
99 47
99 47
99 46
99 46
98 46
98 46
98 46
98 47
98 47
98 48
98 49
98 49
98 50
98 51
98 52
98 52
98 53
97 54
97 55
97 55
97 56
96 57
96 58
96 59
96 59
96 60
96 61
96 62
96 63
96 63
96 64
95 65
95 66
95 67
95 67
95 68
95 69
95 70
95 71
95 72
95 72
95 73
95 74
95 75
95 76
95 76
95 77
96 78
96 79
96 79
96 80
96 81
96 82
96 83
96 83
96 84
97 85
97 86
97 86
97 87
98 88
98 89
98 89
98 90
98 91
98 92
98 92
98 93
98 94
98 94
98 95
97 96
97 97
97 97
96 98
95 99
