3 10
3 9
3 8
3 8
3 7
3 6
3 6
4 5
5 5
5 5
6 4
7 4
8 3
8 3
9 2
10 2
11 1
11 1
12 1
13 0
14 0
15 0
15 0
16 0
17 1
18 1
18 1
19 1
20 2
21 2
21 2
22 3
23 4
23 4
22 5
21 5
20 6
19 6
18 7
18 7
18 8
18 9
18 10
17 11
17 12
17 13
17 14
17 15
17 15
17 14
17 13
17 13
17 14
17 15
17 15
17 16
17 17
17 18
17 19
17 20
17 21
17 22
17 22
17 23
17 24
17 25
17 26
17 27
17 28
17 29
17 30
17 31
17 32
17 33
17 33
17 34
17 35
17 36
17 37
17 38
17 39
17 40
17 41
17 42
17 43
17 43
17 44
17 45
17 46
17 47
17 48
17 49
17 50
17 51
17 52
17 53
17 53
17 54
17 55
17 56
17 57
17 58
17 59
17 60
17 61
17 62
17 62
17 63
17 64
17 65
17 66
17 67
17 68
17 69
17 70
17 70
17 71
17 72
17 73
16 74
16 75
16 76
16 77
16 78
16 78
16 79
15 80
15 81
15 82
15 83
14 84
14 85
14 85
14 86
13 87
13 88
12 89
12 90
12 90
11 91
11 92
10 93
10 94
9 95
9 96
9 96
8 97
7 97
6 98
5 98
5 98
4 98
3 99
2 99
2 99
1 98
0 97
0 97
1 96
1 95
2 94
3 93
4 92
4 91
5 90
6 89
7 88
7 87
8 86
9 85
9 84
10 83
11 82
12 81
12 80
13 79
14 78
15 77
15 76
16 75
17 74
18 73
18 72
19 71
20 70
20 69
21 68
22 67
23 66
23 65
24 64
25 63
26 62
26 61
27 60
28 59
28 58
29 57
30 56
31 55
31 54
32 53
33 52
34 51
34 50
35 49
35 49
35 50
35 51
35 52
35 53
36 54
36 55
36 56
36 57
36 58
36 59
36 59
35 59
35 59
34 60
34 61
34 61
34 62
33 63
33 64
33 64
33 65
33 66
33 67
33 68
33 69
33 70
33 70
33 71
34 72
34 73
34 74
34 74
34 75
35 76
35 77
35 78
35 78
36 79
36 79
37 78
38 78
38 78
38 77
39 76
39 75
39 75
39 74
40 73
40 72
40 71
40 71
40 70
40 69
41 68
41 67
41 66
41 66
41 65
41 64
41 63
41 62
41 61
41 60
41 60
41 59
41 58
40 57
40 56
40 55
40 54
40 54
40 53
40 52
40 51
40 51
39 50
39 49
39 49
38 50
38 50
37 51
37 52
37 52
36 53
35 54
34 55
34 55
34 56
33 57
33 58
33 59
33 59
32 60
31 61
31 61
31 62
31 62
31 62
32 61
32 61
32 60
33 59
33 58
33 58
34 57
34 56
35 55
35 54
35 54
36 53
37 52
38 51
39 50
39 50
40 49
41 48
42 47
43 46
43 46
44 45
45 45
46 44
46 44
47 45
48 45
48 45
49 46
50 47
50 47
50 48
51 49
51 50
51 50
51 51
51 52
51 53
51 53
51 54
51 55
51 56
51 57
51 58
51 58
51 59
51 60
51 61
51 62
51 63
51 63
51 64
50 65
50 66
50 67
50 67
50 68
49 69
49 70
49 70
48 71
48 71
48 71
48 71
48 70
48 69
48 69
48 68
49 67
49 66
50 65
50 64
50 64
50 63
51 62
51 61
51 60
51 59
52 58
52 57
52 57
52 56
53 55
53 54
53 53
54 52
54 51
54 51
55 50
55 49
56 48
56 47
56 47
57 46
57 46
58 47
58 47
58 48
58 49
58 49
58 50
59 51
59 52
59 52
59 53
59 54
59 55
59 56
59 56
59 57
59 58
59 59
59 60
59 61
59 61
59 62
60 63
60 64
60 64
60 65
61 66
61 67
61 68
61 68
62 69
63 70
63 70
64 70
64 70
65 70
66 69
67 69
67 69
68 68
69 67
69 67
70 66
70 65
71 64
71 63
72 62
72 62
72 61
73 60
73 59
73 58
74 57
74 56
74 56
74 55
75 54
75 53
75 52
75 51
76 50
76 49
76 49
76 48
76 47
77 46
77 45
77 44
77 44
77 43
77 42
77 41
77 40
77 40
77 39
77 38
77 38
76 39
76 39
75 40
75 41
74 42
74 42
74 43
73 44
73 45
72 46
72 47
72 47
72 48
71 49
71 50
71 51
70 52
70 53
70 53
70 54
70 55
69 56
69 57
69 58
69 59
69 59
69 60
69 61
69 62
69 63
69 64
69 65
69 65
69 66
69 67
69 68
69 69
69 69
70 70
70 71
70 71
71 72
72 72
72 72
73 71
74 70
74 70
75 69
76 68
76 67
77 66
77 66
78 65
78 64
79 63
80 62
80 61
81 60
81 60
81 59
82 58
82 57
83 56
83 55
84 54
84 53
84 53
84 52
85 51
85 50
86 49
86 48
87 47
87 46
87 46
87 45
88 44
88 43
89 42
89 41
89 41
90 40
90 39
91 38
91 38
92 37
92 37
92 37
92 38
92 39
92 39
92 40
92 41
92 42
92 42
92 43
93 44
93 45
93 46
93 46
93 47
93 48
93 49
93 49
93 50
94 51
94 52
94 53
94 53
95 54
95 55
95 55
95 56
96 57
96 58
96 59
96 59
96 60
97 61
97 62
97 63
97 63
97 64
98 65
98 66
98 67
98 67
98 68
99 69
99 70
99 70
99 71
98 72
98 73
98 74
98 74
98 75
97 76
97 77
97 77
96 78
96 79
96 79
95 79
94 79
93 79
