2 9
3 10
3 11
3 11
3 10
3 9
3 8
3 8
3 8
4 7
5 7
5 7
6 7
7 7
7 7
8 6
9 6
9 6
10 5
11 5
11 5
12 4
13 4
14 3
14 3
15 2
16 2
16 2
17 1
18 1
18 1
19 0
19 0
18 1
17 2
16 3
16 4
15 5
14 6
14 6
14 7
14 8
14 9
14 10
14 11
14 12
14 12
14 11
14 11
14 12
14 13
14 14
14 14
14 15
14 16
15 17
15 18
15 19
15 19
15 20
15 21
15 22
15 23
15 24
15 25
15 26
15 27
15 27
15 28
15 29
16 30
16 31
16 32
16 33
16 33
16 34
16 35
16 36
16 37
16 38
16 39
16 39
16 40
16 41
16 42
16 43
16 44
16 45
16 45
16 46
16 47
16 48
16 49
16 50
16 51
16 52
16 52
16 53
16 54
16 55
16 56
16 57
16 58
16 59
16 59
16 60
16 61
16 62
16 63
16 64
16 65
16 66
16 66
16 67
16 68
16 69
16 70
16 71
16 72
16 72
16 73
15 74
15 75
15 76
15 76
15 77
14 78
14 79
14 79
14 80
13 81
13 82
13 82
13 83
12 84
12 85
12 86
12 86
12 87
11 88
11 89
11 89
10 90
10 91
9 92
9 93
9 93
8 94
8 95
7 96
7 96
6 97
5 98
5 98
4 99
4 99
3 99
3 99
2 99
2 99
1 99
1 99
0 98
0 98
0 97
0 96
0 96
0 95
0 94
0 94
0 93
0 92
0 92
1 91
2 90
3 89
4 88
5 87
6 86
7 85
8 84
9 83
10 82
11 81
12 80
13 79
14 78
15 77
16 76
17 75
18 74
19 73
20 73
21 72
22 71
23 70
24 69
25 68
26 67
27 66
28 65
29 64
30 63
31 62
32 61
33 60
34 59
35 58
36 57
37 56
38 55
38 55
38 56
37 57
37 58
37 59
37 60
36 61
36 62
36 62
36 63
35 64
35 65
35 65
35 66
34 67
34 68
34 69
34 69
34 70
34 71
34 72
34 73
34 74
34 74
34 75
34 76
34 77
34 78
34 79
34 80
34 80
34 81
34 82
34 82
34 83
34 84
34 84
35 85
35 85
36 85
36 85
37 84
37 84
38 83
38 82
38 82
38 81
39 80
39 79
39 78
39 78
39 77
40 76
40 75
40 74
40 74
40 73
40 72
40 71
40 70
40 70
40 69
40 68
40 67
40 67
40 66
40 66
40 65
40 64
40 63
39 62
39 61
39 60
39 59
39 59
40 58
41 58
41 58
41 57
42 56
42 55
42 55
43 54
44 54
44 54
45 53
46 52
46 52
47 51
48 50
48 50
49 49
50 49
50 49
51 48
52 48
52 48
53 47
54 47
54 47
55 48
55 48
55 49
55 50
55 50
56 51
56 52
56 52
56 53
56 54
56 55
56 56
56 56
56 57
55 58
55 59
55 60
55 60
55 61
55 62
55 63
55 64
55 64
55 65
55 66
54 67
54 68
54 69
54 69
54 70
53 71
53 72
53 73
53 73
53 74
52 75
52 76
52 76
52 77
51 78
51 79
51 79
50 80
50 81
50 81
50 81
50 81
50 80
50 80
50 79
51 78
51 77
51 77
52 76
52 75
53 74
53 73
53 73
53 72
53 71
54 70
54 69
54 68
54 67
54 67
54 66
55 65
55 64
55 63
56 62
56 61
56 61
56 60
56 59
57 58
57 57
57 56
57 56
58 55
58 54
59 53
59 53
60 52
60 51
61 50
61 50
62 49
62 49
63 49
63 49
64 49
65 49
65 49
65 50
65 50
65 51
65 52
65 52
65 53
65 54
65 54
65 55
65 56
65 57
65 57
65 58
65 59
64 60
64 61
64 62
64 62
64 63
64 64
63 65
63 66
63 67
63 68
63 68
63 69
62 70
62 71
62 72
62 72
62 73
61 74
61 75
61 76
61 76
61 77
60 78
60 79
60 79
60 80
60 81
60 81
60 82
60 82
61 82
61 82
62 82
62 82
63 81
64 81
64 81
65 80
65 79
65 79
66 78
67 77
67 77
68 76
68 75
69 74
69 74
70 73
71 72
72 71
72 71
72 70
73 69
73 68
74 67
74 66
74 66
75 65
75 64
76 63
76 62
76 62
77 61
77 60
78 59
78 58
78 58
79 57
79 56
80 55
80 55
80 54
81 53
81 52
81 52
81 51
82 50
82 49
82 49
82 48
82 47
82 47
82 46
82 46
81 45
81 45
80 45
80 45
79 46
79 46
78 47
78 47
78 48
77 49
77 50
77 50
77 51
76 52
76 53
76 54
76 54
76 55
75 56
75 57
75 58
75 58
75 59
74 60
74 61
74 62
74 62
74 63
74 64
74 64
75 65
75 66
75 66
76 67
76 68
76 68
77 68
78 68
78 68
79 68
79 68
80 67
81 67
81 67
82 66
83 65
83 65
84 64
85 63
85 63
86 62
86 61
87 60
87 60
87 59
88 58
88 57
88 56
88 56
89 55
89 54
90 53
90 52
90 52
90 51
91 50
91 49
91 49
92 48
93 47
93 47
94 46
94 46
95 45
95 45
96 45
96 45
97 45
97 45
97 46
97 47
97 47
97 48
98 49
98 50
98 50
98 51
98 52
98 53
98 53
98 54
98 55
99 56
99 57
99 58
99 58
99 59
98 60
98 61
98 61
98 62
98 63
98 64
98 65
98 65
98 66
97 67
97 68
97 68
96 69
96 70
96 70
95 71
95 72
94 73
94 73
93 74
92 75
