6 8
5 9
5 9
5 9
4 8
4 8
4 8
4 8
4 9
4 9
5 9
5 9
6 9
6 9
7 9
7 9
8 8
9 8
9 8
10 7
11 7
11 7
12 7
13 6
14 6
14 6
15 6
16 6
16 6
17 5
18 5
18 5
19 4
20 4
20 4
21 3
22 3
22 3
23 2
24 2
24 2
25 1
25 1
25 0
25 0
25 0
25 1
25 1
24 1
24 1
24 2
24 2
23 2
23 2
22 3
22 3
21 3
21 3
20 4
20 4
20 5
20 5
20 6
20 6
19 7
19 8
19 8
19 9
19 10
19 10
19 11
19 12
19 13
19 13
19 14
19 15
19 16
19 16
19 17
19 18
19 19
19 20
19 20
19 21
19 22
19 23
19 24
19 25
19 25
19 26
19 27
19 28
19 29
19 30
19 30
19 31
19 32
19 33
19 34
19 35
19 36
19 36
19 37
19 38
19 39
20 40
20 41
20 42
20 43
20 43
20 44
20 45
20 46
20 47
20 48
20 49
20 49
20 50
20 51
20 52
20 53
20 54
20 55
20 56
20 56
20 57
20 58
20 59
19 60
19 61
19 62
19 63
19 63
19 64
19 65
19 66
19 67
19 68
19 69
19 69
19 70
19 71
19 72
19 73
19 74
19 75
19 75
19 76
19 77
18 78
18 79
18 80
18 80
18 81
18 82
17 83
17 84
17 85
17 85
16 86
16 87
15 88
15 89
15 89
15 90
14 91
14 92
14 93
14 93
13 94
12 95
11 96
11 96
10 97
10 98
9 99
9 99
8 99
7 99
7 99
6 99
5 99
5 99
4 99
3 99
3 99
2 98
1 97
1 97
0 96
0 95
0 95
0 94
0 93
0 93
1 92
2 91
3 90
4 89
5 88
6 87
7 86
8 85
9 84
10 84
11 83
12 82
13 81
14 80
15 79
16 78
17 77
18 76
19 75
20 74
21 73
22 72
23 71
24 70
25 69
26 68
27 67
28 66
29 66
30 65
31 64
32 63
33 62
34 61
35 60
36 59
37 58
38 57
38 57
38 57
38 56
38 56
38 56
38 56
37 56
37 56
37 56
37 56
37 57
37 57
37 57
36 58
36 59
36 59
36 60
36 60
36 61
36 62
36 62
36 63
35 64
35 65
35 65
35 66
35 67
35 67
35 68
34 69
34 70
34 70
34 71
34 72
34 73
34 73
34 74
34 75
34 76
34 76
34 77
34 78
34 79
34 79
34 80
34 81
34 81
35 82
35 83
35 83
35 84
35 84
36 84
36 84
37 83
37 83
38 82
38 81
38 81
38 80
38 79
38 79
38 78
39 77
39 76
39 76
40 75
40 74
40 74
40 73
40 72
40 71
40 71
40 70
41 69
41 68
41 68
40 67
40 66
40 66
40 65
40 64
40 64
39 63
39 63
39 62
39 62
38 62
38 62
37 62
37 62
37 62
37 62
37 62
37 62
37 63
37 63
38 64
38 64
39 65
39 65
40 66
40 66
41 67
41 67
42 67
43 67
43 67
44 67
45 67
45 67
46 67
47 67
47 67
48 66
49 66
49 66
50 65
50 65
51 64
52 64
52 64
53 63
54 63
54 63
55 62
55 61
55 61
56 60
56 60
57 59
57 59
58 59
58 59
58 59
58 59
57 59
57 59
57 60
57 60
56 61
56 61
56 62
56 62
55 63
55 64
55 64
55 65
55 66
55 67
55 67
55 68
54 69
54 70
54 70
54 71
53 72
53 73
53 74
53 74
53 75
53 76
53 77
53 77
53 78
52 79
52 80
52 80
52 81
52 82
52 82
52 83
52 84
52 84
52 85
52 85
52 85
52 85
52 84
52 84
52 83
52 82
52 82
52 81
53 80
53 79
53 79
53 78
54 77
54 76
54 76
54 75
55 74
55 73
55 73
55 72
56 71
56 70
56 70
57 69
57 68
57 68
58 67
59 66
59 66
60 65
60 64
60 64
61 63
61 63
62 63
62 63
63 63
63 63
63 63
64 64
64 65
64 65
64 66
64 66
64 67
64 68
64 68
64 69
65 70
65 71
65 71
65 72
65 73
65 73
65 74
66 75
66 76
66 76
67 77
67 78
67 78
67 79
67 80
67 80
68 81
68 81
69 82
70 82
70 82
71 82
71 82
72 81
73 80
73 80
74 79
75 78
75 78
76 77
76 76
76 76
77 75
77 74
78 73
78 73
79 72
79 71
80 70
80 70
81 69
81 68
82 67
82 67
82 66
83 65
83 64
83 64
83 63
83 62
83 62
84 61
84 60
84 60
83 59
83 59
83 59
82 59
82 59
81 60
81 60
80 61
79 61
79 61
78 62
78 63
78 63
77 64
77 65
77 65
76 66
76 67
76 67
76 68
76 69
76 70
76 70
76 71
75 72
75 73
75 73
75 74
75 75
75 75
75 76
75 77
75 77
75 78
75 79
75 79
76 80
76 81
76 81
77 82
77 82
78 82
78 82
79 82
80 82
80 82
81 81
81 80
81 80
82 79
83 78
83 78
84 77
84 76
85 75
85 75
86 74
87 73
87 73
88 72
89 71
89 71
90 70
90 69
91 68
91 68
92 67
92 66
93 65
93 65
93 64
94 63
94 62
94 62
95 61
96 60
96 60
97 59
97 58
97 58
98 57
98 57
99 56
99 56
99 56
99 56
98 56
98 56
98 56
98 57
98 57
97 57
97 57
97 58
97 58
97 59
97 59
96 60
96 60
96 61
96 61
95 62
95 62
95 63
95 64
95 64
94 65
94 66
94 66
94 67
94 68
94 68
93 69
93 70
93 70
94 71
94 72
94 72
94 73
94 73
94 74
94 75
94 75
95 76
95 77
95 77
95 78
95 79
95 79
96 80
96 81
96 81
96 82
96 83
96 83
96 84
96 85
96 85
95 86
95 87
95 87
95 88
94 89
94 90
94 90
93 91
92 92
92 92
91 93
91 94
90 95
90 95
89 96
88 97
87 98
87 98
86 99
85 99
