1 9
2 8
2 7
2 7
2 6
2 5
3 4
3 3
3 2
3 2
3 1
3 0
3 0
4 1
5 2
5 2
6 3
7 3
7 3
8 3
9 3
10 3
10 3
11 3
12 3
13 3
13 3
14 3
15 2
16 2
16 2
17 2
18 2
18 2
17 3
16 3
15 4
14 5
13 6
12 6
11 7
11 7
11 8
11 9
11 10
11 11
11 12
11 13
11 14
11 15
11 16
11 17
11 18
11 19
11 20
11 21
11 22
11 23
11 23
11 23
11 23
11 24
11 25
11 26
11 27
11 28
11 29
11 30
11 30
11 31
11 32
11 33
11 34
11 35
12 36
12 37
12 38
12 39
12 40
12 41
12 41
12 42
12 43
12 44
12 45
12 46
12 47
12 48
12 49
12 50
12 51
12 52
12 52
12 53
12 54
12 55
12 56
13 57
13 58
13 59
13 60
13 61
13 62
13 62
13 63
13 64
13 65
13 66
13 67
13 68
13 69
13 70
13 71
13 71
13 72
13 73
13 74
13 75
13 76
13 77
13 77
13 78
12 79
12 80
12 81
12 82
11 83
11 84
11 84
11 85
10 86
10 87
10 88
9 89
9 90
9 90
9 91
8 92
8 93
7 94
7 95
6 96
6 97
6 97
5 98
4 98
3 99
3 99
2 99
1 99
0 99
0 99
1 98
1 97
2 96
2 95
3 94
4 93
4 92
5 91
5 90
6 89
6 88
7 87
8 86
8 85
9 84
9 83
10 82
11 81
11 80
12 79
12 78
13 77
14 76
14 75
15 74
15 73
16 72
16 71
17 70
18 69
18 68
19 67
19 66
20 65
21 64
21 63
22 62
22 61
23 60
23 59
24 58
25 57
25 56
26 55
26 54
27 53
27 53
27 54
28 55
28 56
28 57
28 58
29 59
29 60
29 61
29 61
29 62
29 62
29 63
29 64
29 65
29 66
29 66
29 67
29 68
29 69
29 70
29 70
29 71
30 72
30 73
30 73
30 74
31 75
31 76
31 76
32 77
32 77
33 76
34 76
34 76
34 75
35 74
35 73
35 73
35 72
36 71
36 70
36 69
36 69
36 68
36 67
36 66
36 65
36 64
36 63
36 63
36 62
36 61
36 60
35 59
35 58
35 57
35 56
35 56
35 55
34 54
34 53
33 52
33 51
33 51
32 50
32 49
32 49
31 49
30 49
30 49
29 50
29 51
29 51
29 52
29 53
28 54
28 55
28 56
28 56
28 57
28 58
27 59
27 60
27 61
27 61
27 62
27 63
27 64
27 65
27 65
27 66
27 66
27 66
28 65
28 65
28 64
29 63
29 62
29 61
29 61
30 60
30 59
31 58
31 57
32 56
32 56
33 55
33 54
34 53
34 52
35 51
35 50
35 50
36 49
36 48
37 47
37 46
38 45
38 45
39 44
40 44
41 43
41 43
42 44
42 44
42 45
43 46
43 47
43 47
43 48
44 49
44 50
44 51
44 51
44 52
44 53
45 54
45 55
45 56
45 56
45 57
45 58
45 59
45 60
45 60
45 61
45 62
45 63
45 64
45 64
45 65
44 66
44 67
44 67
44 68
44 68
44 68
44 67
44 67
45 66
45 65
45 65
45 64
45 63
46 62
46 61
46 60
46 60
46 59
47 58
47 57
48 56
48 55
48 55
48 54
49 53
49 52
50 51
50 50
50 50
51 49
51 48
52 47
52 47
53 46
53 46
54 47
54 48
54 48
54 49
54 50
54 51
54 51
54 52
54 53
54 54
54 55
54 56
54 56
54 57
54 58
54 59
54 60
54 61
54 62
54 62
54 63
54 64
55 65
55 66
55 67
55 67
55 68
55 69
55 70
55 70
56 71
56 71
57 71
58 71
58 71
59 70
60 70
60 70
61 69
62 68
62 68
63 67
63 66
64 65
64 64
65 63
65 63
66 62
66 61
67 60
67 59
68 58
68 58
69 57
69 56
70 55
70 54
71 53
71 52
71 52
71 51
72 50
72 49
73 48
73 47
74 46
74 45
74 45
74 44
75 43
75 42
75 41
76 40
76 39
76 39
76 38
76 37
76 36
76 35
76 35
76 34
76 33
76 32
76 32
75 32
75 32
74 33
73 34
73 34
73 35
72 36
72 37
71 38
71 39
71 39
71 40
70 41
70 42
69 43
69 44
68 45
68 46
68 46
68 47
68 48
68 49
68 50
67 51
67 52
67 53
67 54
67 55
67 55
67 56
67 57
67 58
66 59
66 60
66 61
66 62
66 62
66 63
66 64
66 65
66 66
66 67
66 67
66 68
67 69
67 70
67 71
67 71
68 72
69 73
69 73
70 73
71 72
72 72
72 72
73 71
74 71
75 70
76 70
76 70
77 69
77 68
78 67
78 66
79 65
79 65
79 64
80 63
80 62
81 61
81 60
82 59
82 58
83 57
83 56
83 56
83 55
84 54
84 53
85 52
85 51
85 50
86 49
86 48
87 47
87 46
87 46
87 45
88 44
88 43
89 42
89 41
89 40
90 39
90 38
90 38
90 37
91 36
91 35
92 34
92 33
92 33
92 32
93 31
93 30
93 29
93 29
93 29
93 30
93 31
93 32
93 32
93 33
93 34
93 35
93 36
93 37
93 38
93 38
93 39
93 40
93 41
93 42
93 43
93 44
93 44
93 45
94 46
94 47
94 48
94 48
94 49
95 50
95 51
96 52
96 53
96 53
96 54
97 55
97 56
97 56
97 57
97 58
98 59
98 60
98 61
98 61
98 62
98 63
98 64
98 65
98 65
98 66
99 67
99 68
99 69
99 69
99 70
98 71
98 72
97 73
97 74
97 74
97 75
96 76
96 77
96 78
