2 78
2 78
2 77
1 76
1 75
1 75
0 75
0 75
0 74
0 74
1 73
2 73
2 73
3 72
4 71
5 70
5 70
6 69
7 68
8 67
8 67
9 66
10 65
10 64
11 63
11 63
12 62
13 61
13 60
14 59
14 59
15 58
16 57
17 56
17 56
17 55
17 54
17 53
17 52
17 51
17 50
17 49
17 48
17 47
17 46
17 45
17 44
17 43
16 42
16 41
16 40
16 39
16 38
16 37
16 36
16 35
16 34
16 33
16 32
16 31
16 30
16 29
16 28
16 28
16 27
16 26
15 25
15 24
15 23
15 23
15 23
15 24
15 24
15 25
15 25
15 26
15 27
15 28
14 29
14 30
14 31
14 32
14 32
14 33
14 34
14 35
14 36
14 37
14 38
14 39
14 40
14 41
14 42
14 43
14 43
14 44
14 45
14 46
14 47
14 48
14 49
13 50
13 51
13 52
13 53
13 54
13 55
13 56
13 57
13 57
13 58
13 59
13 60
13 61
13 62
12 63
12 64
12 65
12 66
12 67
12 68
12 68
12 69
12 70
12 71
12 72
12 73
12 74
12 75
12 76
12 77
12 77
12 78
12 79
12 80
13 81
13 82
13 83
13 84
13 84
13 85
13 86
14 87
14 88
14 89
14 90
14 90
14 91
14 92
15 93
15 94
15 95
15 95
15 96
15 97
15 97
16 98
16 98
17 99
17 99
17 98
18 97
18 96
18 95
18 94
19 93
19 92
19 91
19 90
20 89
20 88
20 87
21 86
21 85
21 84
21 83
22 82
22 81
22 80
23 79
23 78
23 77
23 76
24 75
24 74
24 73
24 72
25 71
25 70
25 69
26 68
26 67
26 66
26 65
27 64
27 63
27 62
27 61
28 60
28 59
28 58
29 57
29 56
29 55
29 54
30 53
30 52
30 51
31 50
31 49
31 48
31 47
32 46
32 45
32 44
32 43
33 42
33 41
33 41
33 40
34 39
34 38
34 37
34 36
35 35
35 34
35 34
34 34
34 34
34 34
34 35
33 36
33 37
33 38
33 38
33 39
32 40
32 41
32 42
32 43
31 44
31 45
31 45
31 46
31 47
30 48
30 49
30 50
30 51
30 52
29 53
29 54
29 55
29 55
29 56
28 57
28 58
28 59
28 60
27 61
27 62
27 62
27 63
27 64
27 65
26 66
26 67
26 68
26 69
26 69
26 70
26 71
26 72
26 73
26 74
26 75
26 75
26 76
26 77
26 78
26 78
26 79
26 79
27 80
28 80
28 80
29 79
29 78
29 78
30 77
30 76
31 75
31 74
32 73
32 73
32 72
33 71
33 70
33 69
34 68
34 67
34 66
34 65
35 64
35 63
35 63
35 62
36 61
36 60
36 59
36 58
37 57
37 56
37 55
37 55
37 54
37 53
37 52
37 51
37 50
37 49
37 48
37 47
37 47
37 46
37 46
37 45
37 45
37 45
37 46
37 46
37 47
37 48
37 49
37 50
37 50
37 51
37 52
37 53
37 54
37 55
37 56
37 56
37 57
37 58
37 59
36 60
36 61
36 62
36 63
36 63
36 64
36 65
37 66
37 67
37 68
37 69
37 69
37 70
37 71
38 72
38 73
38 74
38 75
38 75
39 76
39 77
40 78
40 78
41 79
41 80
41 80
42 81
43 81
43 81
43 80
43 79
43 78
43 77
44 76
44 75
44 74
44 73
44 72
44 71
44 70
44 69
45 68
45 67
45 66
45 65
45 64
45 63
45 62
45 61
45 60
46 59
46 58
46 57
46 56
46 55
46 54
46 53
46 52
47 51
47 50
47 49
47 48
47 47
47 46
47 45
47 44
47 43
48 42
48 41
48 40
48 39
48 38
48 37
48 36
48 35
48 34
49 33
49 32
49 31
49 30
49 29
49 28
49 27
49 26
50 25
50 24
50 23
50 22
50 21
50 20
50 19
50 18
50 17
51 16
51 15
51 14
51 13
51 12
51 11
51 10
51 9
52 8
52 7
52 6
52 5
52 4
52 4
53 3
54 3
54 3
53 2
52 1
52 1
51 0
51 0
52 0
52 0
52 1
52 1
52 2
52 2
52 3
52 4
51 5
51 6
51 7
51 8
51 9
51 10
50 11
50 12
50 13
50 14
50 15
49 16
49 17
49 18
49 19
49 20
48 21
48 22
48 23
48 24
48 25
48 26
47 27
47 28
47 29
47 29
47 30
47 31
47 32
47 33
47 34
47 35
47 35
47 35
47 35
48 34
48 33
48 33
48 32
48 32
49 31
49 30
50 29
50 29
51 28
51 27
51 27
52 26
52 26
53 27
53 28
53 28
53 29
53 30
53 30
53 31
53 32
53 33
53 34
53 35
53 36
53 36
53 37
53 38
53 39
53 40
53 41
53 42
53 43
53 43
53 44
53 45
53 46
52 47
52 48
52 49
52 50
52 50
52 51
52 52
52 53
52 54
52 55
52 55
52 56
52 57
52 58
52 59
52 59
52 60
52 61
52 62
52 62
53 63
53 63
53 64
53 64
54 65
54 65
54 64
55 63
55 62
55 61
55 60
56 59
56 58
56 57
56 56
57 55
57 54
57 53
57 52
58 51
58 50
58 49
58 48
59 47
59 46
59 45
59 44
60 43
60 42
60 41
60 40
61 39
61 38
61 37
61 36
62 35
62 34
62 33
62 33
62 32
63 31
63 30
63 29
64 28
64 27
64 26
64 25
65 24
65 23
65 23
65 22
65 22
64 22
64 22
64 22
64 23
64 24
64 25
64 25
64 26
64 27
64 28
64 29
64 30
64 31
64 32
64 32
64 33
64 34
64 35
64 36
64 37
64 38
64 38
64 39
64 40
64 41
63 42
63 43
63 44
63 45
63 45
63 46
63 47
63 48
63 49
63 50
63 51
63 51
63 52
63 53
62 54
62 55
62 56
62 56
62 57
62 58
62 58
62 59
62 59
62 59
62 58
62 58
62 57
62 56
62 56
62 55
63 54
63 53
63 52
63 51
64 50
64 49
64 48
64 48
64 47
64 46
65 45
65 44
65 43
65 42
65 41
65 40
66 39
66 38
66 37
66 37
66 36
66 35
67 34
67 33
67 32
67 31
67 30
67 29
68 28
68 27
68 26
68 26
68 25
68 24
68 23
69 22
69 21
69 20
69 19
69 19
69 18
69 17
69 17
69 18
69 18
69 18
69 19
69 20
69 21
69 22
69 22
69 23
69 24
69 25
70 26
70 27
70 28
70 29
70 29
70 30
70 31
70 32
70 33
70 34
70 35
70 36
70 36
70 37
70 38
70 39
70 40
70 41
70 42
70 43
70 43
70 44
70 45
71 46
71 47
71 48
71 49
71 49
72 50
72 51
73 52
73 53
73 53
74 54
74 54
75 54
76 54
77 54
77 54
78 53
79 53
80 52
80 52
81 51
81 50
82 49
82 48
83 47
83 46
83 46
83 45
84 44
84 43
85 42
85 41
86 40
86 39
87 38
87 37
87 37
87 36
87 35
88 34
88 33
88 32
88 31
88 30
89 29
89 28
89 27
89 27
89 26
89 25
89 24
89 23
90 22
90 21
90 20
90 19
90 18
90 18
90 17
90 16
90 15
90 14
90 13
90 13
89 13
88 13
88 13
87 14
86 15
86 15
85 16
84 17
83 18
83 18
83 19
82 20
82 21
82 22
82 22
82 23
82 24
82 25
82 26
82 27
82 27
82 28
82 29
82 30
82 31
82 32
82 32
83 33
83 34
84 35
84 36
84 36
84 37
85 38
85 39
85 39
86 40
87 40
88 41
88 41
89 42
90 42
90 42
91 42
92 41
93 41
93 41
94 40
95 39
96 38
96 38
97 37
97 36
98 35
