2 60
2 61
1 62
1 63
1 63
1 63
0 63
0 63
0 63
0 63
0 63
0 62
0 62
0 61
0 61
1 60
2 59
2 59
2 58
3 57
3 56
3 56
4 55
5 54
5 54
6 53
7 53
8 52
8 52
9 51
9 50
10 49
10 49
11 48
12 47
12 47
13 46
13 46
13 45
13 45
13 44
13 43
12 42
12 41
12 40
12 39
11 38
11 37
11 36
11 35
11 34
10 33
10 32
10 31
10 31
10 30
10 29
10 28
10 27
10 26
10 26
9 25
9 25
9 25
9 26
9 26
9 27
9 28
9 29
9 30
9 31
9 31
9 32
9 33
9 34
9 35
9 36
9 37
9 38
9 39
9 39
9 40
9 41
9 42
9 43
10 44
10 45
10 46
10 47
10 48
10 49
10 49
10 50
10 51
10 52
10 53
10 54
10 55
10 56
10 57
10 58
10 59
10 60
10 61
10 61
10 62
10 63
10 64
10 65
10 66
10 67
10 68
10 69
10 70
10 71
10 72
10 73
10 73
10 74
10 75
10 76
10 77
10 78
10 79
10 80
10 81
10 82
10 82
10 83
10 84
11 85
11 86
11 87
11 88
11 88
11 89
11 90
12 91
12 92
12 93
12 93
12 94
12 95
12 96
12 97
12 97
13 98
13 99
13 99
14 99
14 99
15 98
15 98
15 97
16 96
16 95
16 94
16 94
16 93
17 92
17 91
17 90
18 89
18 88
18 88
18 87
19 86
19 85
19 84
19 83
20 82
20 81
20 80
20 80
20 79
21 78
21 77
22 76
22 75
23 74
23 73
23 72
24 71
24 70
25 69
25 68
26 67
26 66
26 65
27 64
27 63
28 62
28 61
29 60
29 59
29 58
30 57
30 56
31 55
31 54
32 53
32 52
32 51
33 50
33 49
34 48
34 47
35 46
35 45
35 45
35 44
36 43
36 42
37 41
37 40
37 40
37 39
36 38
36 37
36 37
36 36
36 35
36 34
36 34
35 33
35 32
35 32
34 31
34 31
33 31
33 31
32 31
32 31
32 32
31 33
31 34
31 35
31 35
31 36
31 37
31 38
30 39
30 40
30 41
30 42
30 42
30 43
30 44
30 45
29 46
29 47
29 48
29 49
29 49
29 50
29 51
29 52
28 53
28 54
28 55
28 56
28 57
28 57
28 58
28 59
28 60
28 61
28 62
28 63
28 64
28 65
28 65
28 66
28 67
28 68
28 69
28 70
28 71
28 71
28 72
28 73
28 74
28 75
28 75
28 76
28 77
28 77
29 78
29 78
29 79
29 79
30 78
30 78
30 77
31 76
31 75
31 75
31 74
32 73
32 72
33 71
33 70
33 70
33 69
33 68
33 67
34 66
34 65
34 64
34 63
34 62
34 62
34 61
34 60
34 59
35 58
35 57
35 56
35 55
35 54
35 54
35 53
35 52
35 51
36 50
36 49
36 48
36 47
36 47
36 46
36 45
36 44
36 44
36 43
36 42
36 42
36 42
37 43
37 43
37 44
37 45
37 46
37 46
37 47
38 48
38 49
38 50
38 50
38 51
38 52
38 53
38 54
38 55
38 56
38 56
38 57
38 58
39 59
39 60
39 61
39 61
39 62
39 63
40 64
40 65
40 66
40 66
40 67
41 68
41 69
41 70
41 70
42 71
42 72
42 72
42 73
42 74
42 74
43 75
43 75
44 74
45 74
45 74
45 73
46 72
46 71
46 70
46 70
46 69
46 68
46 67
46 66
46 65
46 64
46 63
46 62
46 61
46 60
46 59
46 58
46 57
46 56
47 55
47 54
47 53
47 52
47 51
47 50
47 49
47 48
47 47
47 46
47 45
47 44
47 43
47 42
47 41
47 40
47 39
47 38
47 37
47 36
47 35
47 34
47 33
47 32
47 31
47 30
47 29
47 28
47 27
47 26
48 25
48 24
48 23
48 22
48 21
48 20
48 19
48 18
48 17
48 16
48 15
48 14
48 13
48 12
48 11
48 11
48 10
48 9
48 8
48 7
48 6
48 5
48 4
48 3
48 2
48 1
48 1
48 0
48 0
48 0
48 0
48 0
48 1
48 1
49 2
49 3
49 3
49 4
49 4
50 5
50 6
50 6
51 7
51 8
51 8
52 9
52 9
52 10
52 11
52 12
52 13
52 14
51 15
51 16
51 17
51 18
51 19
51 20
51 21
51 22
51 23
51 24
51 25
50 26
50 27
50 28
50 29
50 30
50 31
50 31
50 32
50 33
49 34
49 35
49 36
49 36
48 36
48 36
47 36
47 36
47 35
47 35
47 34
47 34
47 33
47 33
48 32
48 32
49 31
49 30
49 30
50 31
50 31
51 32
51 32
51 33
52 34
52 35
52 36
52 36
52 37
52 38
52 39
52 40
52 41
52 41
52 42
52 43
52 44
52 45
52 46
52 47
52 48
52 49
52 49
52 50
52 51
52 52
52 53
52 54
52 55
52 56
52 57
52 57
52 58
52 59
52 60
52 61
52 62
52 63
52 64
52 65
52 65
52 66
52 67
52 68
52 69
52 70
52 70
52 71
52 72
52 72
52 73
52 73
53 73
53 73
54 73
54 73
55 72
55 71
55 71
56 70
56 69
57 68
57 67
57 67
57 66
57 65
58 64
58 63
58 62
58 62
58 61
58 60
59 59
59 58
59 57
59 56
60 55
60 54
60 53
60 52
60 51
61 50
61 49
61 48
61 47
62 46
62 45
62 44
62 43
63 42
63 41
63 40
63 39
63 38
64 37
64 36
64 35
64 34
65 33
65 32
65 31
65 30
65 29
66 28
66 27
66 26
66 25
67 24
67 23
67 22
67 22
67 22
66 22
66 22
66 22
66 22
66 23
66 24
66 24
66 25
66 26
66 27
66 28
66 28
66 29
66 30
66 31
66 32
66 33
66 34
66 34
66 35
66 36
66 37
66 38
66 39
66 40
66 40
66 41
66 42
66 43
66 44
66 45
66 46
66 47
66 47
66 48
66 49
66 50
66 51
66 52
66 52
66 53
66 54
66 55
66 56
66 56
66 57
66 58
66 59
66 59
66 60
66 60
66 60
66 59
66 58
66 58
66 57
66 56
67 55
67 54
67 53
67 53
67 52
67 51
67 50
67 49
67 48
67 47
67 46
67 45
67 45
67 44
68 43
68 42
68 41
68 40
69 39
69 38
69 37
69 37
69 36
69 35
69 34
70 33
70 32
70 31
70 30
70 29
70 29
70 28
70 27
70 26
71 25
71 24
71 23
71 22
71 22
71 21
72 20
72 19
73 18
73 17
73 17
73 16
74 15
74 14
74 14
74 13
74 13
75 13
75 13
75 14
76 15
76 16
76 16
76 17
76 18
76 19
76 20
76 20
76 21
76 22
77 23
77 24
77 25
77 26
77 26
77 27
77 28
77 29
77 30
77 31
77 32
77 33
77 33
77 34
77 35
77 36
77 37
77 38
77 39
77 40
77 40
77 41
77 42
77 43
77 44
77 45
77 46
77 46
77 47
77 48
77 49
77 50
77 51
77 51
77 52
77 53
77 54
77 54
78 55
78 56
78 56
78 56
79 55
80 55
80 55
81 54
81 53
82 52
82 52
82 51
83 50
83 49
83 48
84 47
84 46
84 46
84 45
85 44
85 43
85 42
86 41
86 40
86 40
87 39
87 38
88 37
88 36
89 35
89 34
89 34
89 33
90 32
90 31
90 30
91 29
91 28
91 28
91 27
91 26
92 25
92 24
92 23
92 22
92 22
92 21
92 20
93 19
93 18
93 17
93 16
93 16
93 15
93 14
93 13
93 12
93 12
93 11
93 10
93 9
93 8
93 8
92 7
92 6
92 6
91 5
91 4
91 4
90 4
90 4
89 4
89 4
89 5
88 6
88 7
88 8
88 8
88 9
88 10
87 11
87 12
87 13
87 13
87 14
87 15
86 16
86 17
86 18
86 19
86 19
86 20
86 21
85 22
85 23
85 24
85 25
85 25
85 26
85 27
85 28
85 29
85 30
85 31
85 32
85 32
85 33
85 34
85 35
86 36
86 37
86 38
86 39
86 39
86 40
86 41
87 42
87 43
87 44
87 44
87 45
87 46
88 47
88 48
88 49
88 49
89 50
89 51
90 52
90 53
90 53
91 54
92 55
92 55
93 56
94 56
94 56
95 56
96 56
96 56
97 55
98 54
98 54
99 53
