0 81
1 82
1 82
1 81
0 80
0 79
0 78
0 78
0 78
1 77
1 76
1 76
2 75
2 74
3 73
3 73
4 72
5 71
5 70
6 69
6 69
7 68
8 67
8 66
9 65
9 65
10 64
11 63
11 62
12 61
12 61
13 60
14 59
14 58
15 57
15 57
16 56
16 55
17 54
17 54
17 53
17 52
17 51
17 50
16 49
16 48
16 47
16 46
16 45
16 44
16 43
16 42
16 41
15 40
15 39
15 38
15 37
15 36
15 35
15 34
15 33
15 32
15 31
14 30
14 29
14 28
14 27
14 26
14 26
14 25
14 24
14 23
14 22
14 22
13 22
13 22
13 22
13 23
13 23
13 24
13 25
13 26
13 27
13 28
13 29
13 30
13 31
13 32
13 32
13 33
13 34
13 35
13 36
13 37
13 38
12 39
12 40
12 41
12 42
12 43
12 44
12 45
12 46
12 46
12 47
12 48
12 49
12 50
12 51
12 52
12 53
12 54
12 55
12 56
12 57
12 57
12 58
12 59
12 60
12 61
12 62
12 63
12 64
12 65
12 66
12 66
12 67
12 68
12 69
12 70
12 71
12 72
12 73
12 74
12 75
12 75
12 76
12 77
12 78
13 79
13 80
13 81
13 82
13 83
13 83
13 84
13 85
13 86
13 87
13 88
13 88
13 89
14 90
14 91
14 92
14 92
14 93
15 94
15 95
15 95
16 96
16 97
16 97
17 98
18 99
18 99
18 98
19 97
19 96
19 95
20 94
20 93
20 92
21 91
21 90
21 89
21 88
22 87
22 86
22 85
23 84
23 83
23 82
24 81
24 80
24 79
25 78
25 77
25 76
26 75
26 74
26 73
26 72
27 71
27 70
27 69
28 68
28 67
28 66
29 65
29 64
29 63
30 62
30 61
30 60
31 59
31 58
31 57
31 56
32 55
32 54
32 53
33 52
33 51
33 50
34 49
34 48
34 48
34 47
34 46
34 45
35 44
35 43
35 42
35 41
35 40
35 40
34 40
34 40
33 41
32 42
32 42
32 43
31 44
31 45
31 45
31 46
31 47
30 48
30 49
30 50
30 51
29 52
29 53
29 54
29 54
29 55
29 56
28 57
28 58
28 59
28 60
27 61
27 62
27 63
27 63
27 64
27 65
26 66
26 67
26 68
26 69
25 70
25 71
25 72
25 72
25 73
25 74
24 75
24 76
24 77
24 78
24 78
24 79
24 80
24 81
24 82
24 82
24 83
25 84
25 85
25 85
26 86
26 87
26 87
27 88
28 88
28 88
29 87
29 86
30 85
30 84
30 84
30 83
31 82
31 81
32 80
32 79
32 78
33 77
33 76
33 76
33 75
34 74
34 73
34 72
34 71
35 70
35 69
35 68
35 67
36 66
36 65
36 64
36 64
36 63
36 62
36 61
37 60
37 59
37 58
37 57
37 56
37 56
38 55
38 54
38 54
37 55
37 55
37 55
37 56
37 56
37 57
37 57
37 58
37 59
37 60
37 61
37 62
37 62
37 63
37 64
37 65
37 66
37 67
37 68
37 69
37 70
37 70
37 71
37 72
38 73
38 74
38 75
38 76
38 76
38 77
38 78
39 79
39 80
39 81
39 82
39 82
39 83
40 84
40 85
40 85
41 86
41 87
41 87
42 88
42 89
42 89
42 88
42 87
42 86
42 85
43 84
43 83
43 82
43 81
43 80
43 79
43 78
43 77
43 76
44 75
44 74
44 73
44 72
44 71
44 70
44 69
44 68
44 67
45 66
45 65
45 64
45 63
45 62
45 61
45 60
45 59
45 58
46 57
46 56
46 55
46 54
46 53
46 52
46 51
46 50
46 49
47 48
47 47
47 46
47 45
47 44
47 43
47 42
47 41
47 40
47 39
48 38
48 37
48 36
48 35
48 34
48 33
48 32
48 31
48 30
49 29
49 28
49 27
49 26
49 25
49 24
49 23
49 22
49 21
50 20
50 19
50 18
50 17
50 16
50 15
50 14
50 13
50 12
51 11
51 10
51 9
51 8
51 7
51 7
52 6
52 5
52 5
52 4
51 3
51 2
51 1
51 1
51 0
51 0
51 1
51 1
51 2
51 3
50 4
50 5
50 6
50 7
50 8
50 9
49 10
49 11
49 12
49 13
49 14
49 15
48 16
48 17
48 18
48 19
48 20
47 21
47 22
47 23
47 24
47 25
47 26
46 27
46 28
46 29
46 30
46 31
46 32
45 33
45 34
45 35
45 35
45 36
45 37
45 38
45 39
45 40
45 40
45 39
45 39
45 39
46 38
46 37
46 37
47 36
47 35
47 35
48 34
48 33
49 32
49 32
50 31
51 30
51 30
52 31
52 31
53 32
53 33
53 33
53 34
53 35
53 36
53 37
53 38
53 39
53 39
53 40
53 41
53 42
53 43
53 44
53 45
53 46
53 47
53 47
53 48
53 49
53 50
53 51
52 52
52 53
52 54
52 55
52 56
52 56
52 57
52 58
52 59
52 60
52 61
52 62
52 63
52 64
52 65
52 65
52 66
52 67
52 68
52 69
52 70
52 71
52 71
52 72
52 73
52 74
52 75
52 76
52 76
52 77
52 78
52 78
52 79
52 79
52 79
53 79
53 79
54 78
54 77
54 77
54 76
54 75
55 74
55 73
55 72
55 71
56 70
56 69
56 68
56 67
57 66
57 65
57 64
57 63
58 62
58 61
58 60
58 59
58 58
59 57
59 56
59 55
59 54
60 53
60 52
60 51
60 50
61 49
61 48
61 47
61 46
62 45
62 44
62 43
62 42
63 41
63 40
63 39
63 38
63 37
64 36
64 35
64 34
64 33
65 32
65 31
65 30
65 29
66 28
66 27
66 26
66 25
67 24
67 23
67 22
67 22
67 22
67 21
66 20
66 19
66 19
65 18
65 18
65 18
65 19
65 20
65 21
65 22
65 23
65 23
65 24
65 25
65 26
65 27
65 28
65 29
65 30
65 31
65 31
65 32
65 33
65 34
65 35
64 36
64 37
64 38
64 39
64 40
64 41
64 41
64 42
64 43
64 44
63 45
63 46
63 47
63 48
63 49
63 49
63 50
63 51
63 52
63 53
63 54
63 55
63 56
63 57
63 57
63 58
63 59
63 60
63 61
63 62
63 62
63 63
63 64
63 65
63 66
63 66
63 67
63 68
63 69
63 69
63 69
63 69
63 69
63 68
63 68
63 67
63 66
63 65
64 64
64 63
64 62
64 61
64 60
64 60
64 59
64 58
65 57
65 56
65 55
65 54
65 53
65 52
66 51
66 50
66 49
66 48
66 48
66 47
66 46
67 45
67 44
67 43
67 42
67 41
67 40
68 39
68 38
68 37
68 36
68 36
68 35
69 34
69 33
69 32
69 31
70 30
70 29
70 29
70 28
71 27
71 26
71 25
72 24
72 23
72 23
72 23
72 23
72 23
72 24
72 25
72 26
72 27
72 28
72 29
72 30
72 30
72 31
72 32
72 33
72 34
73 35
73 36
73 37
73 38
73 39
73 39
73 40
73 41
73 42
73 43
73 44
73 45
73 46
73 47
73 48
73 48
73 49
73 50
73 51
73 52
73 53
73 54
73 54
73 55
73 56
74 57
74 58
74 59
74 59
75 60
75 61
76 62
76 62
77 63
78 63
78 63
79 62
80 62
81 61
81 61
82 60
83 59
83 58
84 57
85 56
85 56
85 55
86 54
86 53
87 52
87 51
88 50
88 49
89 48
89 47
89 47
89 46
90 45
90 44
90 43
90 42
91 41
91 40
91 39
91 38
92 37
92 36
92 35
92 35
92 34
92 33
93 32
93 31
93 30
93 29
93 28
93 27
94 26
94 25
94 24
94 23
94 23
94 22
94 21
94 20
94 19
94 18
94 17
94 17
93 16
93 16
92 16
91 16
91 16
90 17
89 18
89 19
88 20
88 20
87 21
87 22
86 23
86 24
85 25
85 26
84 27
84 27
84 28
84 29
84 30
84 31
84 32
84 33
84 34
84 35
84 35
84 36
84 37
84 38
84 39
84 40
84 41
84 41
84 42
84 43
85 44
85 45
85 46
85 47
85 47
86 48
86 49
87 50
87 51
87 51
88 52
89 53
90 54
90 54
91 55
92 55
92 55
93 54
94 54
95 53
95 53
96 52
97 51
98 50
99 49
