0 69
0 68
0 67
0 67
0 66
0 66
0 66
1 65
2 64
2 64
3 63
3 62
4 61
4 60
4 60
5 59
6 58
6 57
7 56
7 56
8 55
8 54
9 53
9 52
9 52
10 51
11 50
11 49
12 48
12 48
12 47
12 46
12 45
12 44
12 43
12 42
12 41
12 40
12 39
12 38
12 37
12 36
12 35
12 34
11 33
11 32
11 31
11 30
11 29
11 28
11 27
11 26
11 25
11 24
11 23
11 22
11 21
11 20
11 19
11 19
11 18
11 17
10 16
10 15
10 14
10 13
10 13
10 12
10 12
9 12
9 12
9 13
9 14
9 15
9 16
9 17
9 18
9 19
9 19
9 20
9 21
9 22
9 23
9 24
9 25
9 26
9 27
9 28
9 29
9 30
9 30
9 31
9 32
9 33
9 34
9 35
9 36
9 37
8 38
8 39
8 40
8 41
8 42
8 43
8 44
8 45
8 45
8 46
8 47
8 48
8 49
8 50
8 51
7 52
7 53
7 54
7 55
7 56
7 57
7 58
7 58
7 59
7 60
7 61
7 62
7 63
7 64
7 65
7 66
7 67
7 68
7 69
7 70
7 70
7 71
7 72
7 73
7 74
8 75
8 76
8 77
8 78
8 79
8 80
8 80
8 81
8 82
8 83
8 84
8 85
8 86
8 87
8 87
8 88
8 89
8 90
9 91
9 92
9 93
9 94
9 94
9 95
10 96
10 97
10 97
11 98
11 99
11 99
12 99
12 99
13 99
13 99
14 98
15 98
15 98
15 97
16 96
16 95
16 94
17 93
17 92
17 91
17 90
18 89
18 88
18 87
19 86
19 85
19 84
20 83
20 82
20 81
21 80
21 79
21 78
21 77
22 76
22 75
22 74
23 73
23 72
23 71
24 70
24 69
24 68
25 67
25 66
25 65
26 64
26 63
26 62
26 61
27 60
27 59
27 58
28 57
28 56
28 55
29 54
29 53
29 52
30 51
30 50
30 49
30 48
31 47
31 46
31 45
32 44
32 43
32 43
32 42
32 41
32 40
32 39
32 38
32 37
32 36
32 36
31 35
31 35
30 36
30 37
30 37
30 38
30 39
30 40
30 41
30 41
30 42
30 43
29 44
29 45
29 46
29 47
28 48
28 49
28 50
28 50
28 51
27 52
27 53
27 54
27 55
26 56
26 57
26 58
26 58
26 59
26 60
25 61
25 62
25 63
25 64
25 64
25 65
25 66
25 67
24 68
24 69
24 70
24 71
24 72
24 72
24 73
24 74
24 75
24 76
24 76
24 77
24 78
24 78
25 79
25 79
26 79
26 79
27 78
27 77
27 77
27 76
28 75
28 74
29 73
29 72
30 71
30 70
30 70
30 69
31 68
31 67
31 66
31 65
32 64
32 63
32 62
32 62
32 61
32 60
32 59
32 58
32 57
32 56
32 55
32 54
32 54
32 55
32 55
32 55
32 56
32 56
32 57
32 58
32 58
32 59
32 60
32 61
32 62
32 63
32 63
32 64
32 65
32 66
32 67
32 68
32 69
32 70
32 70
32 71
32 72
33 73
33 74
33 75
33 75
33 76
34 77
34 78
34 79
34 79
34 80
35 81
35 82
35 82
35 83
36 84
36 85
36 85
37 86
38 87
38 87
38 86
38 85
38 84
39 83
39 82
39 81
39 80
39 79
39 78
39 77
40 76
40 75
40 74
40 73
40 72
40 71
40 70
41 69
41 68
41 67
41 66
41 65
41 64
42 63
42 62
42 61
42 60
42 59
42 58
42 57
43 56
43 55
43 54
43 53
43 52
43 51
43 50
44 49
44 48
44 47
44 46
44 45
44 44
44 43
45 42
45 41
45 40
45 39
45 38
45 37
45 36
46 35
46 34
46 33
46 32
46 31
46 30
46 29
47 28
47 27
47 26
47 25
47 24
47 23
48 22
48 21
48 20
48 19
48 18
48 17
48 16
49 15
49 14
49 13
49 12
49 11
49 10
49 9
50 8
50 7
50 6
50 5
50 5
50 4
50 3
50 2
50 1
50 1
50 0
50 0
50 1
50 1
50 1
50 2
50 3
49 4
49 5
49 6
49 7
49 8
48 9
48 10
48 11
48 12
47 13
47 14
47 15
47 16
47 17
46 18
46 19
46 20
46 21
46 22
45 23
45 24
45 25
45 26
44 27
44 28
44 29
44 30
44 31
43 32
43 33
43 34
43 34
43 35
43 36
43 37
44 38
44 39
44 40
44 41
44 41
44 41
45 40
45 39
45 39
46 38
46 37
46 37
47 36
47 35
47 35
48 34
48 33
48 33
49 32
50 32
50 32
51 33
52 34
52 34
52 35
52 36
52 37
52 38
52 39
52 39
52 40
52 41
52 42
52 43
52 44
52 45
52 46
52 47
52 48
52 49
52 49
52 50
52 51
52 52
52 53
52 54
51 55
51 56
51 57
51 58
51 59
51 60
51 60
51 61
51 62
50 63
50 64
50 65
50 66
50 67
50 68
49 69
49 70
49 71
49 71
49 72
49 73
49 74
49 75
49 76
49 77
49 78
49 78
49 79
49 80
49 81
49 82
49 83
49 83
49 84
50 85
50 86
50 87
50 87
50 87
51 87
51 87
51 87
52 86
52 86
52 85
53 84
53 83
54 82
54 81
54 81
54 80
54 79
55 78
55 77
55 76
55 75
56 74
56 73
56 72
56 71
56 70
57 69
57 68
57 67
57 66
57 65
58 64
58 63
58 62
58 61
59 60
59 59
59 58
59 57
59 56
60 55
60 54
60 53
60 52
60 51
61 50
61 49
61 48
61 47
62 46
62 45
62 44
62 43
62 42
63 41
63 40
63 39
63 38
63 37
64 36
64 35
64 34
64 33
65 32
65 31
65 30
65 30
66 29
66 28
67 27
67 26
68 25
68 24
68 24
67 24
66 24
66 24
66 24
66 25
66 25
66 26
66 27
66 28
66 29
66 30
66 30
66 31
66 32
66 33
66 34
66 35
66 36
66 37
66 38
66 39
66 39
66 40
66 41
66 42
66 43
66 44
65 45
65 46
65 47
65 48
65 49
65 50
65 50
65 51
65 52
65 53
65 54
65 55
65 55
65 56
65 56
65 57
65 58
65 59
65 59
65 59
65 59
65 59
65 58
65 57
65 56
65 55
65 54
65 53
65 53
65 52
66 51
66 50
66 49
66 48
67 47
67 46
67 46
67 45
68 44
68 43
68 42
68 41
69 40
69 39
69 38
69 37
70 36
70 35
70 34
70 34
70 33
71 32
71 31
72 30
72 29
72 28
73 27
73 26
73 26
73 25
74 24
74 23
74 23
74 23
74 24
74 24
74 25
74 25
74 26
74 27
74 28
75 29
75 30
75 31
75 32
75 32
75 33
75 34
75 35
75 36
75 37
75 38
75 39
75 39
75 40
75 41
75 42
75 43
75 44
75 45
75 46
75 46
75 47
75 48
75 49
75 50
75 51
75 52
75 52
75 53
76 54
76 55
76 56
76 56
76 57
76 58
76 59
76 59
76 60
76 60
76 61
76 61
77 62
77 62
78 61
78 60
79 59
80 58
80 57
81 56
82 55
82 54
83 53
83 52
84 51
85 50
85 49
86 48
86 48
87 47
87 46
88 45
88 44
89 43
89 43
90 43
90 43
91 42
91 41
91 41
91 40
91 39
91 38
91 38
91 37
92 36
92 35
92 34
92 34
92 33
92 32
92 31
93 30
93 29
93 28
93 27
93 27
93 26
93 25
93 24
94 23
94 22
94 21
94 20
94 20
94 19
94 18
94 17
94 16
94 15
94 14
94 13
94 13
94 12
94 11
94 10
94 9
94 8
94 8
93 7
93 6
93 6
93 5
93 5
92 4
92 4
91 5
90 5
90 5
89 6
89 6
89 7
88 8
88 9
88 10
88 10
88 11
88 12
87 13
87 14
87 15
87 16
87 16
87 17
87 18
87 19
87 20
87 21
87 22
87 23
87 24
87 24
87 25
87 26
87 27
87 28
87 29
87 30
87 31
87 32
87 32
87 33
87 34
87 35
87 36
87 37
87 38
87 39
87 39
87 40
87 41
87 42
87 43
87 44
87 44
87 45
88 46
88 47
88 47
88 48
89 49
89 50
89 51
89 51
89 52
89 53
89 54
89 55
89 55
90 56
90 57
90 57
91 58
91 59
91 59
92 60
92 61
92 61
93 61
93 61
94 60
95 60
95 60
96 59
96 59
97 58
97 57
97 57
98 56
98 55
