0 72
1 71
1 71
1 70
0 69
0 68
0 68
0 67
0 67
0 67
1 66
1 65
2 64
2 64
3 63
3 62
4 61
4 61
5 60
6 59
7 58
7 58
8 57
9 56
10 55
11 54
11 54
12 53
12 52
13 51
13 50
14 49
14 49
14 48
14 47
14 46
14 45
14 44
14 43
14 42
14 41
14 40
14 39
13 38
13 37
13 36
13 35
13 34
13 33
13 32
13 31
13 30
13 29
13 28
13 28
13 27
13 26
12 25
12 24
12 23
12 23
12 23
11 23
11 23
11 24
11 25
11 26
11 27
11 28
11 29
11 30
11 30
11 31
11 32
11 33
11 34
11 35
11 36
11 37
11 38
11 39
11 40
11 41
11 41
11 42
11 43
11 44
11 45
11 46
11 47
10 48
10 49
10 50
10 51
10 52
10 53
10 54
10 55
10 55
10 56
10 57
10 58
10 59
10 60
10 61
9 62
9 63
9 64
9 65
9 66
9 67
9 68
9 68
9 69
9 70
9 71
9 72
9 73
9 74
9 75
9 76
9 77
9 78
9 78
9 79
9 80
9 81
9 82
9 83
9 84
9 85
9 86
9 86
9 87
9 88
10 89
10 90
10 91
10 92
10 92
10 93
11 94
11 95
11 96
11 96
12 97
12 98
12 98
13 99
13 99
14 99
14 99
15 99
15 99
16 98
17 98
17 98
17 97
18 96
18 95
19 94
19 93
19 92
20 91
20 90
21 89
21 88
21 87
22 86
22 85
23 84
23 83
23 82
24 81
24 80
25 79
25 78
25 77
26 76
26 75
27 74
27 73
28 72
28 71
28 70
29 69
29 68
30 67
30 66
30 65
31 64
31 63
32 62
32 61
32 60
33 59
33 58
34 57
34 56
34 55
35 54
35 53
36 52
36 51
36 50
37 49
37 48
38 47
38 46
38 46
38 46
37 46
36 47
35 47
35 47
34 48
34 49
33 50
33 50
33 51
32 52
32 53
32 54
32 55
31 56
31 57
31 58
31 58
31 59
30 60
30 61
30 62
30 63
29 64
29 65
29 66
29 66
29 67
29 68
29 69
28 70
28 71
28 72
28 73
28 73
28 74
28 75
27 76
27 77
27 78
27 79
27 79
27 80
27 81
27 82
27 83
27 83
27 84
27 85
27 86
27 86
28 87
28 88
28 88
29 89
29 89
30 88
31 88
31 88
32 87
32 86
33 85
33 84
34 83
34 82
34 82
34 81
35 80
35 79
35 78
36 77
36 76
36 75
37 74
37 73
37 73
37 72
37 71
38 70
38 69
38 68
38 67
38 66
38 65
39 64
39 63
39 62
39 62
39 61
39 60
39 59
40 58
40 57
40 56
40 55
40 55
40 54
40 53
40 53
40 53
40 54
40 55
40 56
40 56
40 56
40 57
40 58
40 59
40 60
40 60
40 61
40 62
40 63
39 64
39 65
39 66
39 67
39 68
39 68
39 69
39 70
40 71
40 72
40 73
40 73
40 74
40 75
40 76
40 77
40 78
40 78
40 79
41 80
41 81
41 81
42 82
42 83
42 83
42 84
42 85
42 85
42 84
42 83
43 82
43 81
43 80
43 79
43 78
43 77
44 76
44 75
44 74
44 73
44 72
44 71
45 70
45 69
45 68
45 67
45 66
45 65
46 64
46 63
46 62
46 61
46 60
46 59
47 58
47 57
47 56
47 55
47 54
47 53
48 52
48 51
48 50
48 49
48 48
48 47
49 46
49 45
49 44
49 43
49 42
49 41
50 40
50 39
50 38
50 37
50 36
50 35
51 34
51 33
51 32
51 31
51 30
51 29
52 28
52 27
52 26
52 25
52 24
52 23
53 22
53 21
53 20
53 19
53 18
53 17
54 16
54 15
54 14
54 13
54 12
54 11
55 10
55 9
55 8
55 8
56 7
57 6
57 5
58 4
58 4
58 3
58 2
58 1
58 1
57 0
57 0
57 1
57 1
57 1
57 1
57 1
57 2
57 3
56 4
56 5
56 6
56 7
56 8
55 9
55 10
55 11
55 12
55 13
54 14
54 15
54 16
54 17
54 18
53 19
53 20
53 21
53 22
52 23
52 24
52 25
52 26
52 27
51 28
51 29
51 30
51 31
51 32
50 33
50 34
50 35
50 36
50 37
49 38
49 39
49 40
49 40
49 41
49 42
50 43
50 44
50 45
50 45
50 44
50 44
50 43
50 43
51 42
51 41
51 41
52 40
52 39
53 38
53 37
53 37
53 36
54 35
54 34
55 33
55 32
55 32
56 31
56 30
56 30
57 29
57 29
57 29
57 30
57 30
57 31
57 32
57 33
57 34
57 35
57 36
57 37
57 37
57 38
57 39
57 40
57 41
57 42
57 43
57 44
57 45
57 46
57 47
57 47
57 48
57 49
57 50
57 51
57 52
57 53
57 54
57 55
57 56
57 56
57 57
57 58
57 59
57 60
57 61
57 62
57 62
57 63
57 64
57 65
57 66
57 66
57 67
57 68
57 69
57 70
57 70
57 71
57 72
57 72
57 72
57 72
58 72
58 72
58 71
58 70
59 69
59 68
59 67
59 66
59 65
60 64
60 63
60 62
60 61
61 60
61 59
61 58
61 57
61 56
62 55
62 54
62 53
62 52
62 51
63 50
63 49
63 48
63 47
64 46
64 45
64 44
64 43
64 42
65 41
65 40
65 39
65 38
65 37
66 36
66 35
66 34
66 33
67 32
67 31
67 30
67 29
67 28
68 27
68 26
68 25
68 25
68 25
68 25
68 25
68 25
68 25
68 26
68 27
68 28
69 29
69 30
69 31
69 32
69 33
69 33
69 34
69 35
69 36
69 37
69 38
68 39
68 40
68 41
68 42
68 43
68 44
68 44
68 45
68 46
68 47
68 48
68 49
68 50
68 50
68 51
68 52
68 53
68 54
68 55
68 55
68 56
68 57
68 58
68 58
68 59
68 59
68 59
68 59
68 59
68 58
68 57
68 56
68 55
68 54
68 53
68 52
68 51
68 51
68 50
68 49
69 48
69 47
69 46
69 45
69 44
69 43
70 42
70 41
70 40
70 39
70 39
70 38
70 37
71 36
71 35
71 34
71 33
71 32
72 31
72 30
72 29
72 29
72 28
73 27
73 26
74 25
74 24
74 24
75 23
75 22
75 22
75 22
75 22
75 23
75 24
75 25
75 26
75 26
75 27
75 28
75 29
75 30
75 31
75 32
75 32
75 33
75 34
75 35
75 36
75 37
75 38
75 39
75 40
75 40
75 41
75 42
75 43
75 44
75 45
75 46
75 46
75 47
75 48
75 49
75 50
75 51
75 51
75 52
76 53
76 54
76 55
76 55
76 56
76 57
76 58
76 59
76 60
76 60
77 61
77 62
77 62
78 63
78 63
78 63
79 63
79 63
80 63
80 63
81 62
81 62
81 61
82 60
82 59
82 59
83 58
83 57
84 56
84 55
84 55
84 54
84 53
84 52
85 51
85 50
85 49
85 48
85 48
85 47
86 46
86 45
86 44
86 43
87 42
87 41
87 40
87 40
87 39
87 38
88 37
88 36
88 35
88 34
89 33
89 32
89 31
89 31
89 30
90 29
90 28
90 27
91 26
91 25
91 25
91 24
91 23
91 22
91 21
91 20
91 19
91 18
91 18
91 17
91 16
91 15
91 15
91 14
91 13
91 13
91 12
91 12
90 11
90 11
89 10
88 10
88 10
87 11
86 12
86 12
85 13
85 14
84 15
84 15
84 16
83 17
83 18
82 19
82 20
82 20
82 21
82 22
82 23
82 24
82 25
82 26
82 27
82 27
82 28
82 29
82 30
82 31
82 32
82 33
82 34
82 35
82 35
82 36
82 37
82 38
82 39
82 40
82 41
82 42
82 42
82 43
83 44
83 45
83 46
83 46
84 47
84 48
85 49
85 49
86 49
87 49
87 49
88 49
89 49
89 49
90 49
91 49
92 49
92 49
93 48
93 48
94 47
95 46
95 46
96 45
96 45
96 44
96 44
97 44
97 44
98 44
98 44
99 44
