1 34
1 35
1 35
0 35
0 35
0 35
0 35
0 35
0 34
0 34
1 33
2 33
2 33
3 32
3 31
4 30
4 30
5 29
6 29
7 28
8 28
8 28
9 27
10 26
11 25
11 25
12 24
13 23
14 22
15 21
15 21
16 20
17 20
18 19
18 19
19 18
20 17
21 16
21 16
22 16
23 15
24 15
24 15
25 14
25 14
25 13
25 13
25 13
24 12
23 11
22 10
21 9
20 8
19 8
18 7
17 6
16 5
15 4
15 4
14 3
13 3
13 3
13 3
13 3
13 3
14 4
14 5
14 5
14 6
14 7
14 7
15 8
15 9
16 10
16 11
16 11
16 12
16 13
17 14
17 15
17 16
17 16
17 17
17 18
18 19
18 20
18 21
18 22
18 22
18 23
18 24
19 25
19 26
19 27
19 28
19 28
19 29
19 30
19 31
20 32
20 33
20 34
20 35
20 35
20 36
20 37
20 38
20 39
20 40
20 41
20 41
20 42
20 43
21 44
21 45
21 46
21 47
21 47
21 48
21 49
21 50
21 51
21 52
21 52
21 53
21 54
22 55
22 56
22 57
22 57
22 58
22 59
22 60
22 60
22 61
22 61
22 61
22 61
22 60
22 59
22 59
22 58
22 57
22 56
22 56
22 55
22 54
22 53
22 52
22 51
22 50
22 50
22 49
22 48
22 47
22 46
22 45
22 44
22 43
22 43
22 42
22 41
22 40
22 39
22 38
22 37
22 37
22 36
22 35
21 34
21 33
21 32
21 31
21 31
21 30
20 29
20 28
20 27
20 27
20 26
19 25
19 24
19 24
18 24
18 24
17 25
17 25
16 26
15 27
15 27
14 28
14 29
13 30
13 30
13 31
12 32
12 33
11 34
11 35
11 35
10 36
10 37
9 38
9 39
8 40
8 41
8 41
8 42
7 43
7 44
6 45
6 46
6 46
5 47
5 48
4 49
4 50
3 51
3 51
2 52
2 53
1 54
1 55
1 55
0 56
0 56
0 56
1 55
2 55
2 55
3 54
4 53
4 52
5 51
5 51
6 50
7 49
8 49
9 48
10 47
10 47
11 46
12 45
13 44
14 43
15 42
15 42
16 41
17 40
18 40
19 39
20 38
20 38
21 37
22 36
23 36
24 35
25 34
25 34
26 33
27 32
28 32
29 31
29 31
30 30
31 30
32 29
32 29
33 29
34 29
34 29
35 28
36 28
36 28
36 28
36 28
35 29
34 30
33 31
32 32
32 33
31 34
30 35
29 36
28 37
27 38
26 39
25 40
25 41
24 42
23 43
22 44
21 45
20 46
19 47
18 48
18 49
17 50
16 51
15 52
14 53
14 53
14 54
14 55
14 56
14 56
15 56
15 56
15 56
16 55
16 55
17 54
18 54
19 53
19 53
20 53
21 52
22 52
22 52
23 51
24 50
24 50
25 49
26 49
27 48
27 48
28 48
28 48
29 48
29 48
29 49
29 49
29 50
29 51
29 52
29 52
28 53
28 54
27 55
27 56
27 56
26 57
26 58
25 59
25 60
25 60
24 61
24 62
23 63
23 63
22 64
22 65
22 65
22 66
22 67
22 67
22 68
22 68
23 69
23 69
24 70
25 70
25 70
26 70
27 71
28 71
28 71
29 72
30 72
30 72
31 73
32 74
32 74
33 75
33 76
34 77
34 77
34 78
35 79
35 80
35 81
35 81
35 82
36 83
36 84
36 84
36 85
36 86
36 87
36 88
36 89
36 89
35 90
35 91
35 91
35 92
35 93
35 94
35 94
34 95
34 96
34 96
33 97
33 97
32 98
32 98
31 99
30 99
30 99
29 99
28 99
28 99
27 99
26 99
26 99
25 99
25 99
25 99
24 98
24 98
24 97
24 96
24 96
24 95
24 95
25 94
25 93
25 93
25 92
25 91
25 91
25 90
26 89
26 88
26 88
25 89
24 89
23 90
22 90
21 91
20 91
19 92
18 92
17 93
16 93
15 94
14 94
13 95
12 95
11 96
10 96
9 97
8 97
7 98
7 98
6 99
5 99
5 99
5 98
5 98
5 97
5 96
5 96
6 95
7 94
7 94
8 93
8 92
9 91
9 90
9 90
10 89
11 88
11 87
12 86
13 85
13 85
14 84
14 83
15 82
15 81
16 80
16 80
17 79
18 78
19 77
20 76
21 75
22 74
22 74
23 73
24 72
25 71
26 70
27 69
28 68
29 67
29 67
30 66
31 65
32 64
33 63
34 62
35 61
36 60
36 60
37 59
38 58
39 57
40 56
41 56
42 55
43 54
44 53
44 53
44 52
45 51
45 50
46 49
46 48
47 47
47 46
47 45
48 44
48 43
49 42
49 41
50 40
50 39
50 38
51 37
51 36
52 35
52 34
53 33
53 32
53 31
54 30
54 29
55 28
55 27
56 26
56 25
57 24
57 23
57 22
58 21
58 20
59 19
59 18
60 17
60 16
60 15
61 14
61 13
62 12
62 11
63 10
63 9
63 8
64 7
64 6
65 5
65 4
66 3
66 2
66 2
66 2
66 1
66 0
66 0
66 0
67 1
67 1
68 2
68 3
68 3
69 4
69 5
69 5
70 6
71 7
71 7
72 8
73 9
73 9
74 10
75 10
75 10
76 11
77 11
77 11
78 11
79 12
80 12
80 12
81 13
81 13
82 13
82 13
83 14
83 14
83 15
83 15
82 16
82 16
81 17
80 17
79 18
78 18
77 19
76 20
75 20
74 21
73 22
72 22
71 23
70 23
69 24
69 24
68 25
67 26
66 27
65 28
65 28
64 29
63 29
63 29
62 29
62 29
62 29
63 29
63 29
64 28
64 28
65 27
66 27
66 27
67 26
68 26
69 25
69 25
70 24
71 23
72 22
73 21
73 21
74 20
75 19
76 19
77 18
77 18
78 17
79 17
80 16
81 16
81 16
82 15
83 14
83 14
84 13
85 13
85 13
86 14
86 14
87 15
87 15
86 16
86 17
86 17
86 18
85 19
85 20
85 21
85 21
85 22
84 23
84 24
83 25
83 26
83 26
82 27
82 28
81 29
81 30
81 30
80 31
79 32
78 33
78 33
77 34
77 35
76 36
76 36
75 37
75 38
75 38
74 39
74 39
74 39
75 39
76 39
76 39
77 38
78 38
78 38
79 37
80 37
81 36
81 36
82 35
83 35
84 34
84 34
85 33
86 33
87 32
87 32
88 32
89 31
90 31
91 31
91 31
92 31
93 30
94 30
94 30
95 30
96 30
96 30
97 31
98 31
98 31
98 32
98 33
98 33
99 34
99 35
99 35
99 36
98 37
98 38
98 39
98 39
97 40
97 41
96 42
96 43
96 43
95 44
95 45
94 46
94 47
94 47
93 48
93 49
92 50
92 51
92 51
91 52
90 53
90 54
89 55
89 55
88 56
87 57
86 58
86 58
85 59
84 59
83 60
83 60
82 61
81 62
81 62
80 63
79 63
79 63
79 62
79 61
79 60
79 59
79 58
79 57
79 56
79 55
79 54
79 53
79 52
79 51
79 50
79 49
79 48
79 47
80 46
80 45
80 44
80 43
80 42
80 41
80 40
80 39
80 38
80 37
80 36
80 35
80 34
80 33
80 32
80 31
80 30
80 30
81 30
82 29
83 29
83 29
83 29
82 29
82 29
82 30
81 31
81 32
81 32
81 33
81 34
80 35
80 36
80 37
80 37
79 38
79 39
78 40
78 41
77 42
77 42
76 43
76 44
75 45
75 46
74 47
74 48
74 48
73 49
73 50
72 51
72 52
71 53
71 54
71 54
70 55
70 56
69 57
69 58
68 59
68 60
68 60
67 61
67 62
66 63
65 64
65 65
64 66
64 66
64 67
63 68
63 69
62 70
62 71
61 72
61 73
