4 36
3 37
3 38
2 39
2 39
1 39
0 39
0 39
0 39
0 39
1 38
1 38
2 37
3 36
3 36
4 35
5 35
6 34
7 34
7 34
8 33
9 32
10 32
11 31
12 30
12 30
13 29
14 28
15 28
16 27
17 26
17 26
18 25
19 24
20 24
21 23
21 23
22 22
23 22
24 21
25 21
26 20
26 20
27 19
28 19
29 18
29 18
30 17
31 17
31 17
31 17
30 17
30 17
29 17
29 17
28 16
27 15
27 14
26 13
25 12
24 11
24 10
23 9
22 8
21 7
21 6
20 5
19 4
18 3
18 2
17 1
17 1
18 1
18 1
17 0
17 0
17 1
17 1
17 2
17 3
17 3
17 4
17 5
17 6
17 6
17 7
17 8
18 9
18 10
18 11
18 11
18 12
18 13
18 14
18 15
19 16
19 17
19 18
19 19
19 20
19 20
19 21
19 22
19 23
19 24
20 25
20 26
20 27
20 28
20 29
20 29
20 30
20 31
20 32
20 33
20 34
21 35
21 36
21 37
21 38
21 39
21 40
21 40
21 41
22 42
22 43
22 44
22 45
23 46
23 47
23 48
23 48
23 49
23 50
23 51
24 52
24 53
24 54
24 55
24 55
24 56
25 57
25 58
25 58
25 59
26 60
26 61
26 61
26 61
26 61
26 61
25 60
25 59
25 59
24 58
24 57
24 57
24 56
24 55
24 54
24 53
23 52
23 51
23 50
23 49
23 48
23 47
23 46
23 45
23 44
22 43
22 42
22 41
22 40
22 39
22 39
22 38
22 37
22 36
22 35
22 34
22 33
22 32
22 32
22 31
22 31
21 31
21 31
20 31
19 31
19 31
19 32
18 33
18 34
18 34
17 35
16 36
15 37
15 37
15 38
14 39
14 40
13 41
13 42
13 42
12 43
12 44
11 45
11 46
10 47
10 47
9 48
9 49
8 50
8 51
8 51
7 52
7 53
7 53
7 53
8 52
8 52
9 51
10 50
10 49
11 48
11 48
12 47
13 46
13 45
14 44
15 43
15 43
16 42
17 41
17 40
18 39
19 38
19 38
20 37
21 37
22 36
23 35
24 35
25 34
25 34
26 33
27 33
28 32
29 32
30 31
30 31
31 30
32 29
33 29
34 28
34 28
35 28
36 28
37 28
37 28
38 28
38 28
38 29
38 30
38 30
37 31
37 32
36 33
36 33
35 34
35 35
34 36
34 37
33 38
33 38
32 39
32 40
31 41
30 42
30 43
29 44
29 44
28 45
27 46
26 47
26 48
25 49
24 50
24 50
23 51
22 52
21 53
20 54
20 54
19 55
19 56
18 57
18 57
18 58
18 58
19 58
19 58
20 57
21 57
21 57
22 56
23 55
24 55
25 54
25 54
26 53
27 52
28 52
29 51
29 51
30 51
31 50
32 50
33 50
33 50
34 50
35 50
35 50
36 51
36 52
36 52
36 53
35 54
35 55
35 56
35 56
34 57
34 58
33 59
33 60
32 61
32 62
32 62
31 63
31 64
30 65
30 66
29 67
29 67
28 68
28 69
27 70
27 71
26 72
26 72
26 73
25 74
25 75
25 76
25 76
24 77
24 78
24 78
25 79
25 80
25 80
26 80
27 80
28 80
28 80
29 80
30 81
31 81
31 81
32 81
33 81
34 81
35 81
35 81
36 82
37 82
37 82
38 83
39 84
39 84
39 85
39 86
39 86
38 87
38 88
37 89
37 89
36 90
35 91
35 92
34 93
34 93
33 94
32 95
31 96
30 97
30 97
29 98
28 98
27 99
26 99
26 99
25 98
24 97
24 96
23 95
22 94
21 93
21 92
20 91
19 90
18 89
17 88
17 87
16 86
15 85
14 84
14 83
13 82
12 81
12 81
11 82
10 82
9 83
9 83
8 83
8 83
8 83
8 83
8 83
9 83
9 83
10 83
10 83
11 82
12 81
13 81
14 80
14 80
15 79
16 78
17 78
18 77
19 76
19 76
20 75
21 75
22 74
23 73
24 72
25 72
26 71
26 71
27 70
28 69
29 68
30 68
31 67
32 66
33 65
33 65
34 64
35 64
36 63
37 62
38 61
39 61
40 60
40 60
41 59
42 58
43 57
44 57
45 56
46 55
46 55
47 54
48 54
49 53
50 53
51 52
51 52
52 51
53 50
53 50
53 51
53 51
52 51
52 51
51 52
50 52
49 53
49 53
48 54
47 54
46 55
46 55
45 56
44 56
44 56
43 56
43 56
43 55
44 54
44 53
45 52
45 51
46 50
46 49
47 48
47 47
48 46
48 45
49 44
49 43
50 42
50 41
51 40
51 39
52 38
52 37
53 36
53 35
54 34
54 33
55 32
55 31
56 30
56 29
57 28
57 27
58 26
58 25
59 24
59 23
60 22
60 21
61 20
61 19
62 18
62 17
63 16
63 15
64 14
64 13
65 12
65 11
66 10
66 9
67 8
67 7
67 7
68 7
69 7
70 7
71 7
71 7
70 7
70 7
71 7
71 7
72 7
73 8
74 8
74 8
75 9
76 10
76 10
77 11
78 11
79 12
79 12
80 13
81 13
81 13
82 13
83 14
84 14
84 14
85 15
85 15
86 16
86 16
86 16
86 16
85 17
84 18
83 19
83 20
82 21
81 22
80 23
79 24
78 25
78 26
77 27
76 28
75 29
74 30
73 31
73 32
72 33
71 34
71 34
71 35
71 36
70 37
70 38
70 39
70 39
69 40
69 40
69 39
69 39
70 39
71 39
71 39
72 38
72 37
72 37
73 36
74 36
75 35
75 35
76 34
77 33
78 33
79 32
79 32
80 31
81 31
82 30
83 30
84 29
84 29
84 30
84 31
84 32
84 33
84 34
84 35
84 36
84 37
84 37
83 38
82 39
81 40
80 41
79 42
79 42
79 43
79 43
79 44
79 44
80 43
80 43
81 43
82 43
82 43
83 43
84 42
85 42
86 42
86 42
87 42
88 41
89 41
89 41
90 41
91 41
92 41
93 41
93 41
94 41
95 41
96 41
97 41
97 41
98 42
99 42
99 42
99 43
98 44
98 45
98 46
98 46
98 47
97 48
97 49
97 50
97 50
96 51
95 52
94 53
94 53
93 54
92 55
92 56
91 57
91 57
90 58
89 59
88 59
87 60
87 60
86 61
85 62
85 62
84 63
83 63
83 63
82 63
81 63
81 63
81 62
81 61
82 60
82 59
82 58
82 57
82 56
83 55
83 54
83 53
83 52
83 51
84 50
84 49
84 48
84 47
84 46
85 45
85 44
85 43
85 42
85 41
86 40
86 39
86 38
86 37
86 36
87 35
87 34
87 33
87 33
86 33
86 33
85 34
84 34
84 34
83 35
83 35
82 36
82 37
81 38
81 39
81 39
80 40
80 41
79 42
79 43
78 44
78 45
78 45
77 46
77 47
76 48
76 49
75 50
75 51
74 52
74 52
73 53
73 54
72 55
71 56
70 57
70 58
69 59
