1 30
1 31
0 32
0 33
0 33
0 32
0 31
0 31
0 31
0 31
0 30
0 30
1 29
2 29
2 29
3 28
4 27
4 27
5 26
6 25
7 24
7 24
8 23
9 22
10 22
11 21
11 21
12 20
13 20
14 19
15 19
15 19
16 18
17 17
18 17
19 16
19 16
20 15
21 15
22 14
22 14
23 13
24 12
24 12
25 12
26 11
27 11
27 11
27 10
27 10
28 9
28 9
27 9
27 9
26 9
26 9
25 9
24 9
23 9
22 10
21 10
20 10
19 10
19 10
18 10
17 9
16 9
16 9
15 8
15 8
15 8
15 8
15 9
15 10
15 10
15 11
15 12
15 12
15 13
16 14
16 15
16 15
16 16
16 17
17 18
17 19
17 20
17 20
17 21
17 22
18 23
18 24
18 25
18 25
18 26
18 27
18 28
19 29
19 30
19 31
19 32
19 33
19 33
19 34
19 35
19 36
20 37
20 38
20 39
20 40
20 40
20 41
20 42
20 43
20 44
21 45
21 46
21 47
21 48
21 49
21 49
21 50
21 51
21 52
22 53
22 54
22 55
22 56
22 56
22 57
22 58
23 59
23 60
23 61
23 62
23 62
23 63
24 64
24 65
24 66
24 66
24 67
24 68
24 69
24 70
24 70
24 71
24 71
24 71
24 71
24 70
24 69
24 68
24 68
24 67
24 66
23 65
23 64
23 63
23 62
23 61
23 60
22 59
22 58
22 57
22 56
22 55
21 54
21 53
21 52
21 51
21 50
21 49
20 48
20 47
20 46
20 45
20 44
19 43
19 42
19 41
19 40
19 39
19 38
18 37
18 36
18 35
18 35
18 34
18 33
18 32
18 31
19 30
19 29
19 28
19 27
19 26
19 26
19 25
19 25
19 24
19 24
19 24
19 25
19 25
18 26
18 27
18 27
18 28
17 29
17 30
17 31
17 31
17 32
16 33
16 34
16 35
16 35
15 36
15 37
14 38
14 39
14 39
13 40
13 41
12 42
12 43
12 43
11 44
11 45
10 46
10 46
10 47
9 48
9 49
9 49
8 50
8 51
8 51
8 52
8 52
8 52
9 52
9 52
10 51
10 51
11 50
12 50
12 50
13 49
14 48
14 48
15 47
16 46
17 45
17 45
18 44
19 43
20 42
20 42
21 41
22 41
23 40
23 40
24 39
25 38
26 37
26 37
27 36
28 36
28 36
29 35
30 34
30 34
31 34
32 34
32 34
33 34
33 34
33 34
33 35
33 35
33 36
33 36
32 37
32 38
32 38
31 39
31 40
30 41
30 41
29 42
29 43
28 44
28 44
27 45
27 46
26 47
25 48
25 49
24 50
24 51
23 52
22 53
22 54
21 55
20 56
20 57
19 58
19 59
18 60
17 61
17 62
16 63
16 63
17 64
17 64
16 64
16 64
17 64
17 64
18 64
18 64
19 63
19 62
19 62
20 61
21 60
21 60
22 59
23 58
23 58
24 57
25 56
26 55
26 55
27 54
28 54
29 53
29 53
30 52
31 52
31 52
32 52
32 52
33 52
33 52
32 53
32 54
32 54
32 55
32 56
32 57
32 57
31 58
31 59
30 60
30 60
30 61
29 62
29 63
29 64
29 64
28 65
28 66
27 67
27 67
26 68
26 69
25 70
25 70
25 71
24 72
24 73
24 73
24 74
24 74
25 75
25 75
26 76
27 77
27 77
28 78
28 78
29 78
30 79
31 79
31 79
32 80
33 81
33 81
34 82
34 83
35 84
35 84
36 85
36 86
37 87
37 87
37 88
37 89
37 90
37 90
38 91
38 92
38 92
38 93
38 94
38 94
38 95
38 96
38 96
37 97
37 97
36 98
36 98
35 99
34 99
34 99
33 99
32 99
32 99
31 99
30 99
30 99
29 99
28 99
28 99
27 98
27 98
27 97
27 96
27 96
27 95
27 94
27 94
28 93
28 93
28 92
28 91
28 91
27 91
26 91
25 91
24 90
23 90
22 90
21 90
20 90
19 90
18 90
17 90
16 89
15 89
14 89
13 89
12 89
12 89
11 90
10 91
10 91
9 91
9 91
9 90
9 90
10 89
10 89
11 88
12 87
12 87
13 86
14 85
15 84
15 84
16 83
17 82
18 81
19 80
19 80
20 79
21 78
22 77
23 76
23 76
24 75
25 74
26 73
26 72
27 71
28 70
28 70
29 69
30 68
31 67
32 67
33 66
34 65
34 65
35 64
36 63
37 62
38 62
39 61
40 60
40 60
41 59
42 59
43 58
44 57
45 57
46 56
46 56
46 55
47 54
47 53
47 52
48 51
48 50
49 49
49 48
49 47
50 46
50 45
50 44
51 43
51 42
51 41
52 40
52 39
52 38
53 37
53 36
54 35
54 34
54 33
55 32
55 31
55 30
56 29
56 28
56 27
57 26
57 25
57 24
58 23
58 22
59 21
59 20
59 19
60 18
60 17
60 16
61 15
61 14
61 13
62 12
62 11
62 10
63 9
63 8
64 7
64 6
64 5
65 4
65 3
65 3
66 2
66 2
66 1
66 1
66 1
67 1
67 1
68 2
68 2
69 3
69 3
70 4
71 5
71 5
72 6
73 6
73 6
74 7
74 8
74 8
75 9
76 9
76 9
77 10
78 10
78 10
79 11
79 11
80 12
80 12
80 13
80 13
81 14
81 14
80 15
79 16
78 17
77 18
76 19
75 20
74 21
73 22
72 23
71 24
70 25
69 26
68 27
67 28
66 29
65 30
64 31
63 32
63 32
62 33
62 34
61 35
61 35
60 35
60 35
60 35
61 34
61 34
62 33
62 33
63 32
64 31
64 31
65 30
66 29
67 28
67 28
68 27
69 27
70 26
71 26
71 26
72 25
73 24
74 23
74 23
75 22
76 22
77 21
78 21
78 21
79 20
80 20
81 19
81 19
82 18
83 18
84 17
84 17
85 16
86 16
87 15
87 15
88 14
88 14
89 14
89 14
89 14
89 14
89 14
88 15
88 15
88 16
87 17
87 18
87 18
87 19
86 20
86 21
86 21
85 22
85 23
84 24
84 25
84 25
83 26
83 27
82 28
82 29
82 29
82 30
81 31
81 32
81 32
80 33
80 34
79 35
79 35
79 36
78 37
78 38
78 38
77 39
77 39
77 39
77 39
78 38
79 38
79 38
80 37
81 36
81 36
82 36
83 35
84 35
84 35
85 34
86 34
87 33
87 33
88 32
89 32
90 31
91 31
91 31
92 31
93 30
94 30
94 30
95 30
96 30
96 30
97 31
97 31
97 32
98 33
98 34
98 34
98 35
99 36
99 37
99 37
99 38
98 39
98 40
98 41
98 41
98 42
97 43
97 44
97 45
97 45
97 46
97 47
96 48
96 49
96 50
96 51
96 51
95 52
95 53
94 54
94 55
93 56
93 56
92 57
92 58
91 59
91 60
91 60
90 61
89 62
88 63
88 63
87 64
86 65
85 66
85 66
84 67
83 68
83 68
82 69
81 69
81 69
81 68
81 67
81 66
81 65
81 64
81 63
81 62
81 61
81 60
81 59
81 58
81 57
80 56
80 55
80 54
80 53
80 52
80 51
80 50
80 49
80 48
80 47
80 46
80 45
80 44
80 43
80 43
80 42
80 41
80 40
81 39
81 38
81 37
81 36
81 36
81 35
81 34
81 34
80 34
80 34
80 35
80 35
80 36
79 37
79 38
79 38
78 39
78 40
77 41
77 42
77 42
77 43
76 44
76 45
76 46
75 47
75 48
75 48
75 49
74 50
74 51
73 52
73 53
72 54
72 55
72 55
72 56
71 57
71 58
70 59
70 60
69 61
69 62
69 62
68 63
68 64
67 65
67 66
66 67
66 68
65 69
65 69
65 70
64 71
64 72
63 73
63 74
62 75
62 76
62 76
61 77
61 78
60 79
60 80
59 81
59 82
58 83
