1 39
0 40
0 40
0 40
0 40
0 40
0 40
0 40
0 39
0 39
0 39
1 38
2 37
2 37
3 36
4 35
4 35
5 34
6 33
7 32
8 31
8 31
9 30
10 29
11 28
12 27
12 27
13 26
14 25
15 25
16 24
17 23
17 23
18 22
19 22
20 21
21 21
21 21
22 20
23 20
24 19
24 19
25 18
26 18
26 18
27 18
27 18
27 18
26 19
26 19
25 18
24 17
24 16
23 15
22 14
21 13
20 12
20 11
19 10
18 9
17 8
16 7
16 6
15 5
14 4
14 4
14 3
14 2
14 1
14 1
14 1
14 0
14 0
14 1
14 2
14 2
14 3
13 4
13 5
13 5
13 6
13 7
13 8
13 9
13 9
13 10
13 11
14 12
14 13
14 14
14 15
14 15
14 16
14 17
14 18
14 19
15 20
15 21
15 22
15 23
15 24
15 24
15 25
15 26
15 27
15 28
16 29
16 30
16 31
16 32
16 33
16 33
16 34
16 35
17 36
17 37
17 38
17 39
17 40
17 41
18 42
18 43
18 44
18 44
18 45
19 46
19 47
19 48
20 49
20 50
20 50
20 51
21 52
21 53
21 54
21 54
21 55
21 56
21 57
21 57
22 58
22 58
22 58
21 57
21 57
21 56
21 55
21 55
20 54
20 53
20 53
20 52
20 51
20 50
20 50
20 50
20 49
20 48
19 47
19 46
19 45
19 44
19 43
19 42
18 41
18 40
18 39
18 38
18 38
18 37
18 36
18 36
17 35
17 35
17 34
17 34
16 35
15 35
15 35
14 36
14 37
14 37
13 38
13 39
12 40
12 40
12 41
11 42
11 43
10 44
10 45
10 45
9 46
9 47
8 48
8 49
7 50
7 50
7 51
6 52
6 53
5 54
5 55
5 55
4 56
3 56
2 57
2 57
2 58
2 59
2 59
2 59
3 58
3 57
3 57
4 56
5 55
6 55
7 54
7 54
8 53
9 52
10 51
11 50
12 49
12 49
13 48
14 47
15 46
16 45
17 44
17 44
18 43
19 42
20 41
21 40
22 39
22 39
23 38
24 37
25 37
26 36
27 35
27 35
28 34
29 34
30 33
31 33
31 33
32 33
33 32
34 32
34 32
35 31
36 31
36 31
35 32
35 33
35 33
34 34
34 35
33 36
33 37
33 37
32 38
32 39
31 40
30 41
30 42
29 43
28 44
28 45
27 46
27 46
26 47
25 48
25 49
24 50
23 51
22 52
22 53
21 54
20 55
20 55
19 56
19 57
19 57
19 57
19 57
20 56
21 56
21 56
22 55
23 54
23 54
24 53
25 52
25 52
26 52
27 51
28 51
28 51
29 50
30 50
30 50
31 51
31 52
31 52
31 53
31 54
31 55
31 55
31 56
30 57
30 58
30 59
30 59
30 60
29 61
29 62
28 63
28 64
28 64
27 65
27 66
26 67
26 68
26 68
25 69
25 70
24 71
24 72
24 72
24 73
24 74
24 75
24 75
24 76
24 76
25 76
25 76
26 77
27 77
27 77
28 77
29 78
30 78
30 78
31 79
32 79
32 79
33 80
34 80
34 80
34 81
35 82
35 83
35 83
34 84
34 85
34 85
33 86
33 87
32 88
32 89
32 89
31 90
30 91
29 92
29 92
28 93
27 94
27 95
26 96
26 96
25 97
24 97
23 98
22 98
22 98
21 98
20 99
19 99
18 99
18 99
18 98
17 97
17 96
17 95
17 94
16 93
16 92
16 91
16 90
15 89
15 88
15 87
15 86
14 85
14 84
14 83
14 82
13 81
13 80
13 80
12 80
12 80
11 81
10 81
9 82
9 82
8 83
8 83
7 83
7 83
7 83
8 83
8 83
9 82
10 82
11 81
11 81
12 80
13 79
14 79
15 78
15 78
16 77
17 76
18 75
19 74
20 73
21 72
21 72
22 71
23 71
24 70
25 69
26 69
27 68
28 68
29 67
29 67
30 66
31 65
32 64
33 63
34 62
35 61
35 61
36 60
37 60
38 59
39 58
40 58
41 57
41 57
42 57
43 56
44 56
45 55
46 55
46 55
47 54
48 54
48 54
48 53
49 52
49 51
49 50
49 49
50 48
50 47
50 46
51 45
51 44
51 43
52 42
52 41
52 40
52 39
53 38
53 37
53 36
54 35
54 34
54 33
55 32
55 31
55 30
55 29
56 28
56 27
56 26
57 25
57 24
57 23
58 22
58 21
58 20
58 19
59 18
59 17
59 16
60 15
60 14
60 13
61 12
61 11
61 10
61 9
62 8
62 7
62 7
63 7
64 7
65 7
65 7
66 7
66 7
67 7
68 7
68 7
69 8
70 8
71 9
71 9
72 10
73 11
73 11
74 12
75 12
76 13
76 13
77 14
77 15
78 16
78 16
79 17
80 17
81 18
81 18
82 18
83 18
83 18
84 19
85 19
85 19
86 19
86 19
86 19
85 20
84 21
83 22
82 23
81 24
80 25
79 26
78 27
77 28
77 29
76 30
75 31
74 32
73 33
72 34
71 35
70 36
69 37
69 37
68 38
68 39
67 40
67 40
67 40
68 40
68 40
69 39
70 38
70 38
71 37
72 36
73 35
73 35
74 34
75 33
76 33
77 32
77 32
78 31
79 30
80 29
81 28
81 28
82 27
83 26
84 26
85 25
85 25
86 24
87 24
88 23
89 23
89 23
90 22
91 22
92 21
92 21
91 22
91 23
90 24
90 25
89 26
89 27
89 27
88 28
87 29
87 30
86 31
85 32
84 33
84 34
83 35
83 35
82 36
81 37
80 38
80 38
79 39
79 39
79 40
79 40
80 41
80 41
81 41
82 41
83 41
83 41
84 41
85 41
85 41
86 41
87 40
88 40
89 40
89 40
90 40
91 40
92 40
92 40
93 40
94 41
95 41
96 41
96 41
97 42
98 42
98 42
99 43
99 44
99 44
98 45
98 46
97 47
97 47
96 48
95 49
94 50
94 50
93 51
92 52
92 53
91 54
90 55
90 55
89 56
88 57
87 58
86 58
85 59
84 60
84 60
83 61
82 62
81 62
80 63
80 63
79 64
78 65
77 65
76 66
76 66
75 67
74 67
73 68
73 68
72 68
72 68
72 67
73 66
73 65
73 64
74 63
74 62
74 61
75 60
75 59
75 58
76 57
76 56
76 55
77 54
77 53
77 52
78 51
78 50
78 49
78 48
79 47
79 46
79 45
80 44
80 43
80 42
81 41
81 40
81 39
82 38
82 37
82 36
83 35
83 34
83 33
84 32
84 31
84 31
85 32
85 32
84 33
84 33
83 33
83 33
82 34
82 35
81 36
81 36
80 37
80 38
79 39
79 40
78 41
78 41
77 42
77 43
76 44
76 45
75 46
75 46
74 47
74 48
73 49
72 50
72 51
71 52
71 52
70 53
70 54
69 55
68 56
68 57
67 58
