4 27
3 28
2 29
2 29
1 30
0 30
0 30
0 30
0 30
0 29
0 29
1 28
1 28
2 28
3 27
4 27
4 27
5 26
6 25
7 25
8 24
8 24
9 23
10 23
11 22
12 22
13 21
13 21
14 20
15 19
16 19
17 18
18 17
18 17
19 17
20 16
21 16
22 15
23 15
23 15
24 14
25 14
26 13
27 13
27 13
28 12
29 12
30 11
30 11
31 10
32 10
32 10
33 9
34 9
34 9
35 8
35 8
35 8
34 8
34 8
33 7
32 6
31 6
30 5
29 4
28 3
27 2
26 2
25 1
24 0
24 0
24 0
24 0
24 1
24 1
24 2
24 3
24 3
24 4
25 5
25 6
25 6
25 7
25 8
25 9
25 10
25 11
25 11
25 12
25 13
25 14
25 15
25 16
25 16
25 17
25 18
26 19
26 20
26 21
26 22
26 22
26 23
26 24
26 25
26 26
26 27
26 28
26 29
26 29
26 30
26 31
26 32
26 33
26 34
26 35
26 35
26 36
26 37
26 38
26 39
26 40
26 41
26 42
26 42
26 43
26 44
26 45
26 46
26 47
26 47
26 48
26 49
26 50
26 50
26 51
26 52
26 53
26 53
26 54
26 54
26 54
26 54
26 53
26 53
26 52
26 51
26 50
26 49
26 48
26 47
26 46
26 45
26 44
26 43
26 42
26 41
26 40
26 39
26 38
26 37
26 36
26 35
26 35
26 34
26 33
27 32
27 31
27 30
27 29
27 29
27 28
27 27
27 27
27 26
27 26
27 26
27 26
26 26
26 26
26 26
25 27
24 28
24 28
23 29
23 30
23 30
22 31
22 32
21 33
21 33
21 34
20 35
20 36
19 37
19 38
19 38
18 39
17 40
17 41
16 42
16 42
15 43
15 44
14 45
14 46
14 46
13 47
13 48
12 49
12 50
12 50
12 51
11 52
11 53
11 53
11 54
11 54
12 55
12 55
13 55
13 55
14 54
14 54
15 54
16 53
17 53
17 53
18 52
19 52
20 51
20 51
21 50
22 50
23 49
24 49
24 49
25 48
26 48
27 47
27 47
28 47
29 47
29 47
30 47
31 47
32 47
32 47
33 48
33 48
33 49
33 50
33 51
33 51
33 52
32 53
32 54
32 54
32 55
31 56
31 57
31 58
31 58
31 59
30 60
30 61
30 62
30 62
30 63
29 64
29 65
29 66
29 66
29 67
28 68
28 69
28 69
29 70
29 71
29 71
30 72
31 73
31 73
32 73
33 74
34 74
34 74
35 74
36 74
37 74
37 74
38 74
39 75
40 75
40 75
41 75
42 76
43 76
43 76
44 77
44 78
44 78
45 79
45 80
45 80
45 81
45 82
45 83
45 84
45 84
44 85
44 86
43 87
43 87
42 88
41 89
41 90
40 91
40 91
39 92
38 93
37 94
37 94
36 95
35 96
34 96
33 97
33 97
32 98
31 98
30 99
29 99
29 99
28 99
27 99
26 99
25 99
25 99
24 99
23 99
22 99
21 99
21 99
20 98
19 98
18 97
17 97
17 97
16 96
16 95
15 94
15 94
14 93
13 93
13 93
12 92
11 91
11 91
10 90
10 90
9 89
9 89
9 88
9 88
10 87
11 87
11 87
12 86
13 85
14 85
15 84
15 84
16 83
17 83
18 82
19 81
20 81
21 80
21 80
22 79
23 79
24 78
25 77
26 76
27 76
28 75
28 75
29 74
30 74
31 73
32 72
33 72
34 71
35 70
36 70
37 69
37 69
38 68
39 68
40 67
41 66
42 66
43 65
44 64
45 64
46 63
46 63
47 62
47 61
48 60
48 59
49 58
49 57
50 56
50 55
51 54
51 53
52 52
52 51
53 50
53 49
54 48
54 47
55 46
56 45
56 44
57 43
57 42
58 41
58 40
59 39
59 38
60 37
60 36
61 35
61 34
62 33
62 32
63 31
63 30
64 29
64 28
65 27
66 26
66 25
67 24
67 23
68 22
68 21
69 20
69 19
70 18
70 17
71 16
71 15
72 14
72 13
73 12
73 11
74 10
74 10
75 11
75 11
75 11
75 11
76 12
76 12
77 12
78 12
78 12
79 13
80 13
80 13
81 14
82 14
82 14
83 15
84 15
84 15
85 15
85 15
86 16
87 16
87 16
88 17
88 17
88 17
88 18
88 18
88 18
87 19
87 20
87 20
86 21
85 21
84 22
83 22
82 23
81 24
80 24
79 25
78 26
77 26
76 27
75 27
74 28
74 28
73 29
72 30
71 30
70 31
69 32
69 32
68 33
68 33
67 33
66 33
66 33
66 33
66 33
67 33
67 33
68 33
68 33
69 32
70 32
70 32
71 32
72 31
73 31
73 31
74 30
75 30
75 30
76 30
77 29
78 29
78 29
79 29
80 28
81 28
81 28
82 27
83 27
83 27
84 26
85 26
85 26
86 26
87 26
87 26
88 26
88 26
89 26
89 26
89 26
89 26
89 26
88 27
88 28
88 28
87 29
87 29
86 30
85 31
85 31
84 32
84 33
83 34
83 34
82 35
81 36
81 37
80 38
80 38
79 39
79 40
78 41
78 41
77 42
76 43
76 43
75 44
74 45
74 45
73 46
73 47
73 47
73 48
73 48
73 48
73 48
73 47
73 47
73 46
73 46
74 45
74 45
75 44
75 44
76 43
76 43
77 42
78 42
78 42
79 41
80 41
80 41
81 40
81 40
82 40
83 40
83 40
84 40
85 40
85 40
86 40
87 40
87 40
88 40
89 41
90 41
90 41
91 42
92 42
92 42
93 42
94 43
95 43
95 43
96 44
96 45
96 45
97 46
98 46
98 46
99 47
99 48
99 48
99 49
99 50
99 51
99 51
98 52
98 53
97 54
97 54
96 55
95 56
95 57
94 58
94 58
93 59
92 60
92 61
91 62
91 62
90 63
89 64
88 65
87 66
86 67
86 67
85 68
84 69
83 70
82 71
82 71
81 72
80 73
79 73
78 74
78 74
77 74
76 75
75 75
75 75
74 75
74 75
73 74
73 73
73 73
73 72
74 71
74 70
74 69
74 69
74 68
74 67
75 66
75 65
75 64
75 64
75 63
76 62
76 61
76 60
77 59
77 58
77 58
77 57
78 56
78 55
79 54
79 53
79 53
80 52
80 51
81 50
81 49
81 49
82 48
82 47
83 46
83 45
83 45
84 44
84 44
84 43
84 43
83 44
83 44
82 45
82 46
81 47
81 47
80 48
79 49
78 50
77 51
77 51
76 52
75 53
74 54
74 55
73 56
72 57
72 57
71 58
70 59
69 60
68 61
67 62
67 62
66 63
65 64
64 65
64 66
63 67
62 68
62 68
61 69
61 70
60 71
60 72
59 73
