1 48
1 49
0 50
0 51
0 51
0 51
1 50
2 49
2 49
3 48
4 47
5 46
5 46
6 45
7 44
8 43
9 42
10 41
10 41
11 40
12 39
13 38
14 37
15 36
15 36
16 35
17 34
18 33
19 32
20 31
20 31
21 30
22 29
23 28
24 27
24 27
25 26
26 25
27 25
28 24
28 24
29 23
30 22
30 22
31 21
31 21
31 21
30 22
29 22
29 22
29 21
28 20
28 19
27 18
27 17
26 16
26 15
26 14
25 13
25 12
24 11
24 10
24 9
23 8
23 7
22 6
22 5
21 4
21 3
21 3
21 2
21 1
21 0
21 0
21 1
21 1
21 2
21 2
21 3
21 4
21 5
21 5
21 6
21 7
21 8
21 9
21 9
21 10
21 11
21 12
21 13
21 14
21 15
21 16
21 16
21 17
21 18
21 19
21 20
22 21
22 22
22 23
22 24
22 25
22 26
22 26
22 27
22 28
22 29
22 30
23 31
23 32
23 33
23 34
23 35
23 36
23 36
23 37
23 38
23 39
23 40
23 41
24 42
24 43
24 44
24 45
24 46
24 47
24 47
24 48
24 49
24 50
25 51
25 52
25 53
25 54
25 55
25 55
25 56
25 57
25 58
25 59
25 60
25 61
25 61
25 62
25 63
25 64
25 64
26 65
26 65
26 66
26 66
25 65
25 65
25 64
25 63
25 63
24 62
24 61
24 61
24 60
23 59
23 58
23 58
23 57
22 56
22 55
22 54
22 54
22 53
21 52
21 51
21 50
21 50
21 49
21 48
21 47
21 46
21 45
21 45
21 44
21 43
20 42
20 41
20 40
20 40
20 39
20 38
20 37
20 37
20 36
20 35
20 35
20 34
20 34
20 35
20 35
20 36
20 36
20 37
20 38
20 39
20 40
20 40
20 41
19 42
19 43
19 44
19 44
19 45
19 46
19 47
19 48
19 49
19 49
19 50
18 51
18 52
18 53
18 53
17 54
17 55
16 56
16 56
15 57
15 58
15 58
16 57
16 57
17 56
17 56
18 55
18 54
19 53
19 53
20 52
21 51
21 50
22 49
22 49
23 48
24 47
25 47
26 46
26 46
27 45
28 45
29 44
29 44
30 44
31 44
31 44
32 45
32 46
32 46
32 47
31 48
31 49
31 50
31 50
31 51
30 52
30 53
30 54
29 55
29 56
29 56
28 57
28 58
27 59
27 60
26 61
26 62
26 62
25 63
24 64
24 65
23 66
22 67
22 67
22 68
21 69
21 70
21 71
21 71
21 72
21 73
21 73
22 73
22 73
23 73
24 73
24 73
25 73
26 72
27 72
27 72
28 72
29 72
30 72
30 72
31 72
32 72
33 72
33 72
34 73
35 74
35 74
35 75
36 76
36 77
36 78
36 78
36 79
36 80
37 81
37 82
37 83
37 83
37 84
37 85
36 86
36 87
36 88
36 88
36 89
35 90
35 91
35 92
35 92
34 93
34 94
33 95
33 96
33 96
32 97
32 98
31 99
31 99
30 99
29 99
29 99
28 99
28 99
27 98
27 97
27 97
26 96
25 96
24 95
23 94
22 94
21 93
20 93
19 92
18 91
17 91
16 90
15 89
14 89
13 88
12 88
11 87
11 87
10 88
10 88
10 88
11 87
11 86
11 86
12 85
13 84
13 84
14 83
15 82
16 81
16 81
17 80
18 79
19 78
20 77
20 77
21 76
22 75
23 74
24 73
25 72
25 72
26 71
27 70
28 69
28 68
29 67
30 66
31 65
31 65
32 64
33 63
34 62
35 62
36 61
37 60
37 60
38 59
38 58
39 57
40 56
40 55
41 54
42 53
43 52
43 51
44 50
45 49
45 48
46 47
47 46
47 45
48 44
49 43
49 42
50 41
51 40
51 39
52 38
53 37
54 36
54 35
55 34
56 33
56 32
57 31
58 30
58 29
59 28
60 27
60 26
61 25
62 24
62 23
63 22
64 21
65 20
65 19
66 18
67 17
67 16
68 15
69 14
69 13
70 12
70 12
71 13
71 13
71 13
72 14
72 14
73 15
74 15
74 15
75 16
76 17
77 18
77 18
78 19
79 20
79 20
80 21
81 21
81 21
82 22
83 22
84 23
84 23
85 23
86 23
86 23
87 24
87 24
88 24
88 24
88 24
87 25
86 25
86 25
85 26
84 27
83 28
82 29
81 30
80 31
79 31
78 32
77 33
76 34
75 35
74 36
73 37
73 37
72 38
71 39
71 40
70 41
69 42
69 42
68 43
68 43
69 42
69 42
70 41
71 40
71 40
72 39
73 38
74 37
75 36
75 36
76 35
77 34
78 33
79 32
79 32
80 31
81 30
82 29
83 28
83 28
84 27
85 27
86 26
87 26
87 26
88 25
89 25
89 25
89 26
89 27
89 28
89 28
88 29
88 30
87 31
87 32
86 33
86 34
85 35
85 36
85 36
84 37
84 38
83 39
83 40
82 41
82 41
81 42
81 43
80 44
80 45
79 46
79 46
78 47
78 48
77 49
77 50
77 50
77 51
77 51
78 51
78 51
79 51
80 50
81 50
81 50
82 49
83 49
84 48
85 48
85 48
86 48
87 47
88 47
89 46
90 46
90 46
91 45
92 45
93 44
94 44
94 44
95 44
96 44
97 44
97 44
98 45
99 46
99 46
99 47
98 48
98 49
98 49
97 50
96 51
95 52
95 52
94 53
94 54
93 55
93 56
92 57
92 57
91 58
90 59
89 60
88 61
88 61
87 62
86 62
85 63
84 63
84 63
83 63
82 64
81 64
81 64
80 63
79 63
79 63
79 62
79 61
80 60
80 59
80 58
80 57
81 56
81 55
81 54
81 53
81 52
82 51
82 50
82 49
82 48
83 47
83 46
83 45
83 44
83 43
84 42
84 41
84 40
84 39
84 38
85 37
85 36
85 35
85 34
86 33
86 32
86 31
86 31
87 30
87 29
87 29
86 30
86 30
85 31
85 32
84 33
84 34
84 34
84 35
83 36
83 37
83 38
82 39
82 40
82 40
81 41
81 42
80 43
80 44
79 45
79 46
78 47
78 47
77 48
77 49
76 50
75 51
74 52
74 53
73 54
