3 46
2 47
2 48
1 49
1 49
0 49
0 49
0 50
0 50
0 49
0 49
1 49
1 49
2 48
3 48
4 47
4 47
5 46
6 45
7 44
8 43
9 42
9 42
10 41
11 40
12 39
12 38
13 37
14 36
15 35
15 35
16 34
17 33
18 33
19 32
20 31
21 30
22 30
23 29
23 29
24 28
25 27
26 26
27 26
28 25
29 24
29 24
30 23
31 22
32 21
33 21
34 20
35 19
35 19
36 18
37 18
38 17
39 17
40 16
40 16
41 15
42 15
43 14
43 14
44 13
45 13
45 13
45 13
44 13
43 13
43 13
42 13
41 13
41 13
40 12
39 12
38 11
37 10
36 10
35 9
34 8
33 8
32 7
31 6
30 6
29 5
29 5
28 4
28 3
27 2
27 1
27 1
27 0
27 0
27 1
27 1
27 2
28 3
28 4
28 4
28 5
28 6
28 7
28 8
28 8
28 9
28 10
28 11
29 12
29 13
29 14
29 15
29 15
29 16
29 17
29 18
29 19
29 20
29 21
29 22
29 23
29 24
29 24
29 25
29 26
29 27
29 28
30 29
30 30
30 31
30 32
30 33
30 34
30 34
30 35
30 36
30 37
30 38
30 39
31 40
31 41
31 42
31 43
31 44
31 45
31 45
31 46
31 47
31 48
31 49
32 50
32 51
32 52
32 53
32 54
32 54
32 55
32 56
32 57
33 58
33 59
33 60
33 61
33 61
33 62
34 63
34 64
34 65
34 65
34 66
34 66
34 66
34 66
34 65
34 64
34 64
34 63
33 62
33 61
33 61
33 60
32 59
32 58
32 58
32 57
32 56
31 55
31 54
31 53
31 53
31 52
31 51
31 50
31 49
31 48
31 47
31 47
31 46
31 45
30 44
30 43
30 42
30 42
30 41
30 40
30 39
30 38
30 38
30 37
30 36
30 35
30 35
29 34
29 34
29 34
29 35
29 35
29 36
28 37
28 38
28 38
27 39
27 40
26 41
26 42
26 42
26 43
26 44
25 45
25 46
25 47
25 47
24 48
24 49
23 50
23 51
22 52
22 52
21 53
21 54
20 55
20 56
20 56
20 57
19 58
19 59
19 59
19 60
19 60
20 59
20 59
21 58
22 58
22 58
23 57
24 57
25 56
26 56
26 56
27 55
28 55
29 54
30 54
30 54
31 53
32 53
33 52
33 52
34 52
35 52
35 52
36 53
36 53
36 54
35 55
35 56
35 56
35 57
34 58
34 59
34 60
34 60
33 61
33 62
32 63
32 64
31 65
31 65
31 66
30 67
30 68
29 69
29 70
29 70
28 71
28 72
27 73
27 73
26 74
26 75
26 75
27 75
27 75
28 75
29 75
30 75
30 75
31 75
32 74
33 74
33 74
34 74
35 74
36 74
36 74
37 74
38 75
39 75
39 75
40 76
41 76
41 76
41 77
42 78
42 79
42 79
42 80
42 81
42 82
42 82
42 83
41 84
41 85
41 86
41 86
40 87
39 88
39 89
38 90
38 90
37 91
36 92
36 93
35 94
35 94
34 95
33 96
32 97
32 97
31 98
30 99
30 99
29 99
28 99
28 99
27 98
27 98
27 97
27 96
27 95
27 95
26 94
25 93
24 92
23 91
22 90
21 90
20 89
19 88
18 87
17 86
16 85
16 85
15 86
14 87
13 88
12 89
12 89
11 90
11 90
12 89
12 89
13 89
13 89
14 88
14 87
14 87
15 86
16 86
17 85
17 85
18 84
19 83
20 82
20 82
21 81
22 80
23 79
24 78
24 78
25 77
26 77
27 76
28 75
29 75
30 74
30 74
31 73
32 72
33 71
34 70
35 69
35 69
36 68
37 67
38 66
39 66
40 65
41 64
41 64
42 63
43 62
44 61
45 61
46 60
47 59
47 59
48 58
49 57
50 57
51 56
52 55
53 54
54 53
55 52
56 52
57 51
58 50
59 49
60 48
61 47
62 47
63 46
64 45
65 44
66 43
67 42
68 42
69 41
70 40
71 39
72 38
73 38
74 37
75 36
76 35
77 34
78 33
79 33
80 32
81 31
82 30
83 29
84 28
85 28
86 27
87 26
87 26
86 25
85 24
84 24
83 23
82 22
81 21
80 21
79 20
78 19
77 18
76 18
75 17
75 17
74 17
74 17
74 16
74 16
75 16
75 16
76 17
76 17
77 17
78 17
78 17
79 18
80 18
81 19
81 19
82 20
83 20
83 20
84 21
84 22
84 22
85 23
86 23
86 23
87 24
87 24
87 25
87 25
87 26
87 26
86 27
85 28
84 29
83 30
82 31
81 32
80 33
79 34
78 34
77 35
76 36
75 37
74 38
73 39
72 40
71 41
71 41
71 42
70 43
70 44
70 45
70 46
69 47
69 48
69 48
70 49
70 49
71 48
71 47
71 47
72 46
73 45
74 45
75 44
75 44
76 43
77 42
78 41
79 40
79 40
80 39
81 38
82 37
83 36
83 36
84 35
85 34
86 33
87 32
87 32
87 33
86 34
86 35
86 36
86 37
85 38
85 39
85 40
85 40
84 41
84 42
83 43
82 44
82 45
81 46
81 47
80 48
80 48
79 49
79 50
79 50
80 49
80 49
81 48
82 47
82 47
83 47
84 46
85 46
85 46
86 45
87 45
88 44
88 44
89 44
90 43
91 43
91 43
92 43
93 44
94 44
95 44
95 44
96 44
97 44
97 44
98 45
98 46
98 46
98 47
99 48
99 49
99 49
98 50
98 51
97 52
97 53
97 53
96 54
95 55
95 56
94 57
94 57
93 58
92 59
92 60
91 61
91 61
90 62
89 63
88 63
87 64
87 64
86 65
86 66
85 67
85 67
84 68
84 68
83 67
83 66
83 66
83 65
83 64
83 63
84 62
84 61
84 60
84 59
84 58
84 57
85 56
85 55
85 54
85 53
85 52
85 51
85 50
86 49
86 48
86 47
86 46
86 45
86 44
87 43
87 42
87 41
87 40
87 40
87 39
87 39
86 39
86 39
86 40
86 41
86 41
85 42
85 43
84 44
84 44
83 45
83 46
82 47
82 48
82 48
82 49
81 50
81 51
81 52
80 53
80 54
80 54
79 55
78 56
78 57
77 58
77 58
76 59
76 60
75 61
75 62
74 63
