22 11
21 12
21 12
21 11
21 11
22 10
22 10
23 10
24 9
25 9
25 9
26 8
27 8
28 7
28 7
29 6
30 6
31 5
31 5
32 4
33 4
34 3
34 3
35 3
36 2
37 2
38 2
38 2
37 1
36 1
35 0
35 0
34 1
33 1
32 2
32 2
31 3
31 4
31 4
31 5
30 6
30 7
30 8
30 8
30 9
30 10
30 11
30 12
30 13
30 14
30 15
30 16
30 16
30 17
30 18
30 19
30 20
30 21
30 22
30 23
30 24
30 25
30 26
30 26
30 27
30 28
30 29
30 30
30 31
30 32
31 33
31 34
31 35
31 36
31 37
31 38
31 39
31 39
31 40
31 41
31 42
31 43
31 44
31 45
32 46
32 47
32 48
32 49
32 50
32 51
32 52
32 53
32 53
32 54
32 55
32 56
32 57
32 58
32 59
32 60
33 61
33 62
33 63
33 64
33 65
33 66
33 67
33 68
33 68
33 69
33 70
33 71
33 72
33 73
34 74
34 75
34 76
34 77
34 78
34 79
34 79
34 80
34 81
34 82
35 83
35 84
35 85
35 86
35 87
35 87
35 88
35 89
36 90
36 91
36 92
36 92
36 93
35 94
35 95
35 96
35 96
34 97
34 98
34 98
33 99
33 99
32 99
31 99
31 99
30 99
29 99
29 99
28 98
27 97
26 97
25 96
24 95
23 94
22 94
21 93
20 92
19 91
18 91
17 90
16 89
15 88
14 88
13 87
12 86
11 85
10 85
9 84
8 83
7 82
6 82
5 81
4 80
3 79
2 79
1 78
1 78
1 77
1 76
0 75
0 74
0 73
0 73
0 72
1 71
1 70
1 70
2 69
2 68
3 67
3 66
3 66
4 65
5 65
6 64
7 63
8 63
9 62
9 62
10 61
11 60
12 59
13 58
14 57
15 56
15 56
16 55
17 54
18 53
19 52
20 52
21 51
22 50
23 49
23 49
24 48
25 47
26 46
27 45
28 45
29 44
30 43
31 42
31 42
32 41
33 41
34 40
35 39
36 39
37 38
38 38
39 37
39 37
40 36
41 36
42 35
43 34
44 34
45 33
46 33
47 32
47 32
48 31
49 31
50 30
51 30
52 29
52 29
53 28
54 28
55 27
56 27
56 27
57 27
58 26
59 26
59 26
59 27
59 27
58 27
57 27
56 27
55 27
54 27
53 27
52 27
51 27
51 27
51 27
51 26
51 26
51 26
51 26
51 26
51 26
51 27
51 27
52 28
52 28
52 29
53 30
53 31
53 32
53 32
53 33
53 34
53 35
53 35
53 36
54 37
54 38
54 39
54 39
54 40
54 41
54 42
54 42
54 43
54 44
54 44
54 45
54 45
54 46
54 46
54 45
54 45
54 44
54 44
54 43
54 42
54 42
54 41
54 40
54 40
54 39
54 38
54 37
54 37
54 36
55 35
55 34
55 33
55 33
56 32
56 31
56 31
56 30
57 29
57 28
57 28
58 27
58 26
58 26
59 26
59 26
60 26
61 26
62 25
63 25
64 25
64 25
65 26
65 26
65 26
64 26
64 26
63 26
63 26
62 25
62 25
62 25
61 25
61 25
61 26
61 26
60 27
60 28
60 28
60 29
60 30
60 30
60 31
60 32
60 32
60 33
60 34
60 34
61 35
61 35
61 36
61 36
62 35
62 35
63 34
63 34
64 33
64 33
64 32
64 31
64 30
64 30
65 29
65 28
65 28
65 27
65 27
65 26
65 26
64 26
64 26
64 26
65 27
65 28
65 28
65 29
65 30
65 30
65 31
65 32
65 32
65 33
65 33
66 33
66 33
66 33
66 32
66 32
67 31
67 30
67 30
67 29
67 29
68 28
68 27
68 27
68 26
68 26
68 25
68 25
68 25
68 25
69 26
69 26
69 27
69 27
69 28
69 28
69 29
69 30
69 30
69 30
70 31
70 31
70 31
70 30
70 30
70 29
70 29
70 28
70 28
70 27
70 27
70 27
71 27
71 27
71 27
71 28
71 28
72 29
72 29
72 30
72 30
72 30
72 30
73 29
73 28
73 28
74 27
74 26
74 26
74 25
74 24
74 23
74 22
75 21
75 20
75 19
75 18
75 17
75 16
75 16
75 15
75 14
75 13
75 12
75 11
75 11
75 10
75 9
75 9
75 8
75 8
75 7
75 7
75 7
75 7
75 8
75 9
75 9
75 10
75 11
75 12
75 12
75 13
75 14
75 15
75 16
75 17
75 17
75 18
76 19
76 20
76 21
76 21
76 22
76 23
76 24
76 25
76 25
76 26
76 27
76 28
76 28
76 29
76 30
76 30
77 31
77 31
77 32
77 32
77 32
77 32
77 31
77 31
76 30
76 29
76 29
76 28
76 27
76 27
76 26
76 25
76 25
76 24
76 23
76 22
76 22
77 21
77 20
77 20
78 19
78 18
78 18
79 17
79 16
79 16
80 16
81 16
81 16
81 17
81 17
81 18
81 18
81 19
81 19
80 20
80 21
80 21
79 22
78 23
78 23
77 24
77 24
76 24
76 24
75 24
74 24
74 24
74 24
74 23
74 23
74 23
75 23
75 23
76 23
76 23
77 23
78 24
79 24
79 24
80 24
81 24
82 24
82 24
83 24
84 24
85 23
86 23
87 23
87 23
88 23
89 22
90 22
91 22
92 21
93 21
93 21
94 20
95 20
96 19
97 19
98 18
99 18
