15 14
15 14
15 14
16 13
17 12
17 12
18 11
19 10
19 10
20 9
21 9
22 8
22 8
23 7
24 7
25 6
25 6
26 5
27 5
28 4
29 4
29 4
30 3
31 2
31 2
32 1
33 1
33 1
34 0
34 0
35 1
35 1
34 1
33 2
32 2
31 3
30 3
29 4
28 4
27 5
26 5
25 6
24 6
23 7
22 7
22 7
22 8
22 9
22 9
22 10
22 10
22 11
22 12
22 12
22 13
22 14
22 15
22 15
22 16
22 17
22 18
22 19
22 20
22 20
22 21
22 22
22 23
22 24
22 25
22 26
22 27
22 27
22 28
22 29
22 30
22 31
23 32
23 33
23 34
23 35
23 36
23 36
23 37
23 38
23 39
23 40
23 41
23 42
23 43
23 44
23 45
23 45
23 46
23 47
23 48
23 49
23 50
23 51
23 52
23 53
23 54
23 55
23 56
23 56
23 57
23 58
23 59
23 60
23 61
23 62
23 63
23 64
23 65
23 66
23 67
23 68
23 68
23 69
23 70
23 71
23 72
24 73
24 74
24 75
24 76
24 77
24 77
24 78
24 79
24 80
24 81
24 82
24 83
24 84
24 84
24 85
24 86
24 87
24 88
24 89
24 89
24 90
24 91
25 92
25 93
25 94
25 94
25 95
25 96
25 97
25 97
24 98
24 99
24 99
24 99
23 98
23 97
22 96
21 95
21 94
20 93
19 92
19 91
18 90
17 89
17 88
16 87
15 86
15 85
14 84
13 83
13 82
12 81
11 80
11 79
10 78
10 78
9 79
8 80
7 80
6 81
5 82
5 82
4 82
3 82
2 82
2 82
1 81
0 81
0 81
0 81
0 80
0 79
0 79
1 78
1 77
2 76
2 75
2 75
3 74
4 73
5 72
6 71
7 70
7 70
8 69
9 68
10 67
11 66
11 65
12 64
13 63
14 62
14 62
15 61
16 60
17 59
18 58
19 57
20 56
21 55
21 55
22 54
23 53
24 52
25 51
26 50
27 49
28 48
29 47
30 46
30 46
31 45
32 44
33 43
34 42
34 41
35 40
36 39
37 38
38 37
38 37
39 36
40 35
41 34
42 34
43 33
44 32
44 32
45 33
46 34
47 35
48 36
49 37
50 38
50 38
49 37
49 36
49 36
49 36
49 36
49 37
49 37
50 38
50 39
50 39
50 40
50 41
50 42
50 43
50 43
50 44
51 45
51 46
51 47
51 47
51 48
51 49
51 50
51 51
51 51
51 52
51 53
51 53
51 54
51 55
51 55
51 56
51 56
51 56
51 55
51 55
51 54
51 53
51 52
51 52
51 51
52 50
52 49
52 48
52 48
52 47
52 46
53 45
53 44
53 43
53 43
53 42
54 41
54 40
54 39
54 39
55 38
55 37
56 36
56 35
56 35
57 34
57 33
58 32
58 32
59 31
60 30
60 30
61 30
62 30
62 30
62 31
63 32
63 33
64 34
64 35
64 35
64 36
64 37
64 38
64 38
64 38
64 38
63 38
63 38
63 37
63 36
63 36
63 35
63 35
62 34
62 34
62 33
62 33
62 34
62 34
62 35
62 35
61 36
61 37
61 37
61 38
61 39
61 40
61 40
61 41
61 42
61 43
61 43
61 44
61 44
61 45
61 45
61 46
61 46
62 45
62 45
63 44
63 44
64 43
64 42
64 42
64 41
64 40
64 40
64 39
65 38
65 37
65 37
66 36
66 35
66 35
66 35
66 35
66 36
66 37
66 37
66 38
66 38
67 39
67 39
67 40
67 40
68 41
68 41
68 41
69 41
69 41
70 40
70 40
71 39
71 38
71 38
71 37
71 36
71 36
72 35
72 35
72 34
72 33
72 33
72 33
72 34
72 34
72 35
72 35
72 36
72 36
71 37
71 38
71 38
71 39
71 39
72 40
72 40
72 40
72 40
73 39
73 39
73 38
73 37
73 37
74 36
74 35
74 35
75 34
75 33
75 33
75 33
76 33
76 33
76 34
76 34
76 35
76 36
76 36
76 37
76 37
76 38
76 38
77 38
77 38
77 38
77 37
77 36
77 35
78 34
78 33
78 32
78 31
78 30
78 29
78 28
78 27
79 26
79 25
79 24
79 23
79 22
79 21
79 20
79 19
80 18
80 17
80 16
80 15
80 15
80 15
80 15
80 15
80 16
80 17
80 17
80 18
80 19
80 20
80 20
80 21
80 22
80 23
80 24
80 24
80 25
80 26
79 27
79 28
79 29
79 29
79 30
79 31
78 32
78 33
78 34
78 34
78 35
78 36
78 37
78 38
78 38
78 39
78 40
78 40
79 41
79 41
79 42
79 42
79 41
79 41
79 41
79 40
79 39
79 39
79 38
79 37
79 36
79 36
79 35
79 34
79 33
79 32
79 32
79 31
80 30
80 29
80 29
80 28
80 27
80 26
80 26
81 25
81 24
81 24
82 23
82 23
83 22
83 22
84 22
84 22
85 22
85 22
85 23
85 23
85 24
85 24
86 25
86 25
85 26
85 26
85 27
85 28
85 28
84 29
84 29
83 30
83 30
82 30
82 30
81 30
81 30
80 30
80 30
80 30
79 30
79 30
80 30
80 30
80 30
81 31
81 31
82 32
82 32
83 32
84 32
84 32
85 32
86 31
87 31
87 31
88 31
89 30
90 30
90 30
91 30
92 29
93 29
93 29
94 29
95 28
96 28
96 28
97 27
98 27
99 26
