22 22
23 23
23 23
23 22
23 22
24 21
25 20
25 20
26 19
27 18
28 17
28 17
29 16
30 15
31 15
32 14
32 14
33 13
34 12
35 12
36 11
36 11
37 10
38 10
39 9
40 9
41 8
41 8
42 7
43 6
44 5
44 5
45 4
46 4
47 3
47 3
48 2
49 1
49 1
50 0
50 0
50 0
49 1
49 1
48 1
47 2
46 2
45 2
44 2
43 3
42 3
41 3
40 3
39 4
38 4
38 4
37 5
37 6
37 6
36 7
36 7
35 8
35 9
35 9
35 10
35 11
35 11
35 12
35 13
35 14
35 15
35 15
35 16
35 17
35 18
34 19
34 20
34 21
34 22
34 22
34 23
34 24
34 25
34 26
34 27
34 28
34 29
34 30
34 30
34 31
34 32
34 33
34 34
34 35
33 36
33 37
33 38
33 39
33 40
33 41
33 41
33 42
33 43
33 44
33 45
33 46
33 47
32 48
32 49
32 50
32 51
32 52
32 53
32 54
32 54
32 55
32 56
32 57
32 58
32 59
32 60
31 61
31 62
31 63
31 64
31 65
31 66
31 67
31 67
31 68
31 69
31 70
31 71
31 72
31 73
31 74
31 75
31 76
31 77
31 78
31 79
31 79
31 80
31 81
31 82
31 83
31 84
31 85
31 86
31 87
31 88
31 88
31 89
31 90
31 91
31 92
31 93
31 94
31 94
31 95
31 96
31 97
31 97
32 98
32 99
32 99
32 99
31 99
30 98
29 98
28 98
27 97
26 97
25 97
24 96
23 96
22 96
21 95
20 95
19 95
18 94
17 94
16 94
15 93
14 93
13 93
12 92
11 92
10 92
9 91
8 91
8 91
7 91
6 91
5 92
4 92
3 92
3 92
2 92
1 91
0 91
0 91
0 90
0 90
0 89
0 88
0 88
1 87
1 86
2 85
2 85
3 84
4 83
5 82
5 81
6 80
7 79
7 79
8 78
9 77
10 76
10 75
11 74
12 73
13 72
13 72
14 71
15 70
16 69
17 68
18 67
19 66
20 65
21 64
21 64
22 63
23 62
24 61
25 60
26 59
27 59
28 58
29 57
30 56
31 55
31 55
32 54
33 53
34 52
35 51
36 51
37 50
38 49
39 48
40 47
40 47
41 46
42 45
43 45
44 44
45 43
46 42
47 42
48 41
49 40
49 40
50 39
51 38
52 37
53 37
54 36
55 35
56 34
56 34
57 33
58 33
59 32
60 31
61 31
62 30
62 30
63 29
64 29
65 28
66 28
67 27
67 27
68 27
69 26
70 26
70 26
69 27
68 28
67 29
66 30
65 31
64 32
63 32
62 33
61 34
60 35
59 36
58 37
58 37
57 36
57 35
57 35
57 35
57 35
57 36
57 36
57 37
57 38
57 38
57 39
58 40
58 41
58 42
58 42
58 43
58 44
58 45
58 45
58 46
58 47
58 48
58 49
58 49
58 50
58 51
58 51
58 52
58 53
58 54
58 54
58 55
58 55
58 56
58 56
58 56
58 55
58 55
58 54
58 53
58 53
58 52
59 51
59 50
59 50
59 49
60 48
60 47
60 46
60 46
60 45
61 44
61 43
61 42
61 42
61 41
62 40
62 39
62 39
63 38
64 37
64 37
65 36
66 35
66 35
67 34
67 34
68 33
69 33
69 33
70 33
70 33
71 34
71 35
72 36
72 37
72 37
71 37
71 37
71 36
71 36
70 35
70 35
70 34
70 34
69 33
69 33
69 33
69 33
68 34
68 34
68 35
68 36
68 36
67 37
67 38
67 38
67 39
67 40
67 41
67 41
67 42
67 43
67 43
67 44
67 45
67 45
67 46
67 46
68 47
68 47
68 47
69 47
69 47
70 46
70 45
70 45
70 44
70 43
70 43
71 42
71 41
71 41
71 40
72 39
72 38
72 38
72 37
72 37
72 36
72 36
72 36
72 37
72 37
73 38
73 38
73 39
73 40
73 40
73 41
73 41
74 41
74 41
75 42
75 42
76 42
76 42
76 41
76 41
77 41
77 41
77 40
77 39
78 38
78 37
78 36
78 35
79 34
79 33
79 32
79 32
79 32
79 32
79 32
79 33
79 33
78 34
78 35
78 35
78 36
78 37
78 37
78 38
78 38
78 39
78 40
78 40
78 41
78 41
79 42
79 43
79 43
79 43
79 43
79 43
80 42
80 41
80 41
80 40
80 39
80 39
81 38
81 37
81 37
82 36
82 35
82 35
82 34
82 33
82 33
83 33
83 33
83 33
83 34
83 34
84 35
84 35
84 36
84 36
84 37
84 37
85 38
85 38
85 39
85 39
86 40
86 40
86 40
86 39
86 38
86 37
87 36
87 35
87 34
87 33
87 32
87 31
87 30
87 29
88 28
88 27
88 26
88 25
88 24
88 24
88 23
88 22
89 21
89 20
89 19
89 18
89 18
89 17
89 16
89 16
89 16
89 16
89 16
89 17
89 18
89 18
89 19
89 20
89 21
89 21
89 22
89 23
89 24
89 25
89 25
89 26
89 27
89 28
89 28
89 29
89 30
89 31
89 31
89 32
89 33
89 34
89 35
89 35
89 36
89 37
89 38
89 38
89 39
89 40
89 40
89 41
89 41
89 41
89 41
89 40
89 40
89 39
89 38
89 38
89 37
89 36
89 35
89 35
89 34
89 33
89 32
89 32
90 31
90 30
90 30
90 29
90 28
90 28
91 27
91 27
91 27
92 27
92 27
93 28
93 28
93 28
93 29
93 29
93 30
93 30
93 31
93 31
93 32
93 32
92 32
92 32
91 33
91 33
91 33
90 33
90 33
90 32
90 32
90 32
91 32
91 32
92 32
92 32
93 33
93 33
94 33
95 34
96 34
96 34
97 34
98 34
99 34
