25 13
25 14
25 14
25 13
25 13
26 13
27 12
28 12
28 12
29 11
30 11
31 10
31 10
32 9
33 9
34 8
35 8
36 7
36 7
37 6
38 6
39 5
40 5
40 5
41 4
42 4
43 3
44 3
44 3
45 2
46 2
47 1
47 1
48 1
49 1
49 1
50 0
50 0
50 1
50 1
49 1
48 1
47 1
46 2
45 2
44 2
43 2
42 2
41 2
40 2
39 2
38 3
37 3
36 3
35 3
35 3
34 4
34 5
34 5
34 6
34 6
34 7
33 8
33 9
33 10
33 10
33 11
33 12
33 13
33 14
33 14
33 15
33 16
33 17
33 18
33 19
33 20
33 21
33 21
33 22
33 23
33 24
33 25
32 26
32 27
32 28
32 29
32 30
32 31
32 31
32 32
32 33
32 34
32 35
32 36
32 37
32 38
32 39
32 40
32 41
32 42
32 42
32 43
32 44
32 45
32 46
32 47
32 48
32 49
32 50
32 51
32 52
32 53
32 54
32 55
32 56
32 56
32 57
32 58
32 59
32 60
32 61
33 62
33 63
33 64
33 65
33 66
33 67
33 67
33 68
33 69
33 70
33 71
33 72
33 73
33 74
33 75
33 76
33 76
33 77
33 78
33 79
33 80
33 81
33 82
33 83
33 84
33 84
33 85
33 86
34 87
34 88
34 89
34 90
34 90
34 91
34 92
34 93
34 94
34 94
34 95
34 96
34 97
34 97
34 98
34 99
34 99
34 99
33 98
32 98
31 97
30 96
29 95
28 95
27 94
26 93
25 92
24 92
23 91
22 90
21 90
20 89
19 88
18 87
17 87
16 86
15 85
14 85
13 84
12 83
11 82
10 82
9 81
8 80
7 79
6 79
5 78
5 78
4 78
3 79
2 79
1 79
1 79
0 79
0 79
0 78
0 78
1 77
1 76
1 76
2 75
3 74
3 73
4 72
5 71
5 71
6 70
7 69
8 68
9 68
10 67
11 66
11 66
12 65
13 64
14 63
15 62
16 61
17 60
18 59
18 59
19 58
20 57
21 56
22 55
23 54
24 53
25 52
26 51
26 51
27 50
28 49
29 48
30 47
31 47
32 46
33 45
34 44
35 43
35 43
36 42
37 42
38 41
39 40
40 40
41 39
42 39
43 38
43 38
44 37
45 37
46 36
47 35
48 34
49 34
50 33
50 33
51 33
52 32
53 32
54 31
55 31
56 31
57 30
58 30
58 30
59 30
59 30
59 30
59 31
59 31
59 32
59 33
59 33
59 34
59 35
59 35
59 36
59 37
59 38
59 39
59 39
59 40
59 41
59 41
59 42
59 43
59 44
59 44
59 45
59 46
59 46
59 47
59 48
59 48
59 48
59 48
59 48
59 47
59 46
59 46
59 45
60 44
60 43
60 43
60 42
61 41
61 40
61 40
61 39
62 38
62 37
62 37
63 36
64 35
64 35
65 34
66 33
66 33
67 32
67 32
68 31
69 31
69 31
70 31
71 31
71 31
72 32
73 32
74 33
74 33
74 34
74 34
73 34
73 34
73 34
73 33
73 33
73 33
72 32
72 32
72 31
72 31
71 31
71 31
71 31
71 32
71 32
70 33
70 33
70 34
70 35
70 35
69 36
69 37
69 37
69 38
69 39
69 39
69 40
69 40
69 41
69 41
69 41
70 41
70 41
71 40
71 40
71 39
71 39
72 38
72 37
72 37
73 36
73 35
73 35
73 34
73 34
74 33
74 33
74 33
74 33
75 34
75 34
75 35
75 35
75 35
76 36
76 36
76 36
77 36
77 36
78 35
78 35
79 34
80 33
80 32
81 31
81 31
81 30
81 29
81 29
81 29
81 30
81 30
81 31
81 31
81 32
81 32
80 33
80 34
80 34
80 35
80 35
80 36
80 36
80 37
80 37
80 37
80 36
80 36
81 36
81 36
81 35
81 35
82 34
82 33
82 33
83 32
83 31
83 31
84 30
84 30
84 30
85 30
85 30
85 31
85 31
85 32
85 32
85 33
85 33
85 33
85 34
85 34
86 34
86 34
86 33
87 32
87 31
87 30
88 29
88 28
88 27
89 26
89 25
89 24
90 23
90 22
90 21
91 20
91 19
91 18
92 17
92 16
92 16
92 15
92 15
92 15
92 16
92 16
92 17
91 18
91 19
91 19
90 20
90 21
90 21
90 22
90 23
90 24
90 24
90 25
89 26
89 27
89 28
89 28
89 29
89 30
89 31
89 31
89 32
89 33
89 33
89 34
89 35
89 35
89 36
89 37
89 37
89 37
89 37
89 37
89 36
89 36
90 35
90 34
90 34
90 33
90 32
90 31
90 31
91 30
91 29
91 29
91 28
92 27
92 26
92 26
93 25
93 24
93 24
94 24
94 24
94 23
94 23
95 24
95 24
95 24
95 25
95 25
95 26
95 27
95 27
94 28
94 28
94 29
94 29
93 30
93 30
92 31
92 31
91 31
91 31
91 31
91 30
91 30
91 30
92 30
92 30
93 30
93 30
94 31
95 32
95 32
96 32
97 33
98 33
99 33
