9 19
9 20
9 21
9 22
9 23
9 23
9 22
9 22
9 21
9 20
9 19
9 19
10 18
11 17
11 17
12 16
13 15
14 14
14 14
15 13
16 12
17 12
18 11
18 11
19 10
20 9
21 8
22 7
22 7
23 6
24 6
25 5
26 5
27 4
27 4
28 3
29 3
30 2
30 2
31 1
32 1
32 1
33 0
34 0
34 0
34 1
34 1
33 2
33 2
32 3
31 3
31 3
30 4
29 5
29 5
28 6
28 7
27 8
27 8
26 9
25 9
24 10
24 10
24 11
23 12
23 13
23 13
22 14
22 15
22 15
22 16
22 17
22 18
22 18
22 19
22 20
22 21
22 22
22 22
22 23
22 24
22 25
22 26
22 27
22 27
22 28
22 29
23 30
23 31
23 32
23 33
23 33
23 34
23 35
23 36
23 37
23 38
23 39
23 40
23 41
23 41
23 42
23 43
23 44
23 45
23 46
23 47
23 48
23 49
23 50
23 50
23 51
23 52
23 53
23 54
23 55
24 56
24 57
24 58
24 59
24 60
24 61
24 61
24 62
24 63
24 64
24 65
24 66
24 67
24 68
24 69
24 70
24 70
24 71
24 72
24 73
25 74
25 75
25 76
25 77
25 78
25 78
25 79
25 80
25 81
25 82
25 83
25 84
25 85
25 86
25 86
25 87
25 88
25 89
25 90
25 91
25 92
25 92
25 93
25 94
25 95
25 96
25 97
25 97
25 98
25 99
25 99
24 98
23 97
22 96
21 95
21 94
20 93
19 92
18 91
17 90
16 89
15 88
14 87
14 86
13 85
12 84
11 83
10 82
9 81
8 80
7 79
7 78
6 77
5 76
4 75
4 75
3 76
3 77
2 78
2 78
1 78
0 78
0 78
0 77
0 77
0 77
1 76
2 75
2 75
3 74
4 73
5 72
5 72
6 71
7 70
8 69
9 68
9 68
10 67
11 66
11 65
12 64
13 63
13 63
14 62
15 61
16 60
16 59
17 58
18 57
18 57
19 56
20 55
21 54
21 53
22 52
23 51
23 51
24 50
25 49
26 48
27 47
28 46
28 46
29 45
30 44
31 44
32 43
33 42
33 42
34 41
35 40
36 39
37 38
37 38
38 37
39 36
40 36
41 35
41 35
42 36
42 36
42 36
42 36
42 36
42 37
42 37
42 38
42 39
42 39
42 40
42 41
42 42
42 42
42 43
42 44
42 45
42 46
42 46
42 47
42 48
42 49
42 49
42 50
42 51
42 51
42 52
42 53
42 53
42 53
42 53
42 53
42 52
42 51
42 51
42 50
42 49
42 49
42 48
43 47
43 46
43 46
43 45
44 44
44 43
44 43
44 42
45 41
45 40
45 40
45 39
46 38
46 37
46 37
47 36
48 36
48 36
49 36
50 35
51 35
52 35
53 35
54 34
55 34
56 34
56 34
57 34
58 34
58 34
58 34
57 34
57 34
57 34
56 35
55 35
55 35
54 36
54 36
53 37
53 38
53 38
52 39
52 40
52 40
51 41
51 42
51 42
51 43
51 44
51 44
51 45
51 45
51 46
51 46
52 46
52 46
52 46
53 45
53 44
53 44
54 43
55 42
55 42
55 41
56 40
56 39
56 39
57 38
57 37
57 37
58 36
58 35
58 35
58 35
58 35
58 36
58 36
58 37
58 38
58 38
58 39
58 39
59 40
59 40
59 41
59 41
60 41
60 41
61 40
61 40
62 39
62 38
62 38
63 37
63 36
63 36
63 35
64 34
64 33
64 33
65 32
65 32
66 32
66 32
67 33
67 33
67 34
67 35
67 35
67 36
67 37
67 37
67 38
67 39
67 39
67 40
67 40
68 40
68 40
68 40
69 39
69 39
70 38
70 37
70 37
70 36
71 35
71 34
71 34
72 33
73 32
73 32
73 31
74 30
74 29
74 29
75 28
75 28
75 28
76 29
76 29
76 30
76 30
76 31
76 32
76 32
76 33
76 34
76 34
76 35
76 36
76 36
76 36
77 37
77 37
77 36
77 36
78 35
78 35
79 34
79 33
79 33
80 32
80 31
81 30
81 30
81 29
82 28
82 27
82 26
82 26
82 25
83 24
83 23
83 22
83 22
83 21
84 20
84 19
84 18
84 18
85 17
85 16
86 15
86 14
86 14
86 13
87 12
87 11
87 10
87 10
87 9
87 8
87 7
87 6
87 6
87 5
87 4
87 4
87 4
87 4
87 5
87 5
87 6
87 7
87 7
87 8
87 9
87 10
87 10
87 11
87 12
87 13
87 14
87 14
87 15
87 16
87 17
87 18
87 18
87 19
87 20
87 21
87 22
87 22
87 23
87 24
87 25
87 26
87 26
87 27
87 28
87 29
87 29
87 30
87 31
87 31
87 32
87 32
87 33
87 33
87 33
87 32
87 32
87 31
87 30
87 30
87 29
88 28
88 27
88 27
88 26
88 25
88 25
88 24
89 23
89 22
89 22
90 21
90 20
90 20
91 19
91 19
92 18
92 18
93 18
93 18
93 18
93 18
93 19
93 19
93 20
93 20
93 21
93 21
92 22
91 23
91 23
90 24
90 25
90 25
89 26
89 26
88 26
88 26
88 26
89 27
89 27
89 27
90 27
91 27
91 27
92 27
92 27
93 27
94 27
94 27
95 27
95 27
96 27
97 27
97 27
98 27
99 27
