19 21
18 22
17 22
16 23
16 23
16 23
16 22
17 21
17 20
17 20
18 19
19 18
19 18
20 17
21 16
22 15
23 14
23 14
24 13
25 12
26 12
27 11
28 10
28 10
29 9
30 9
31 8
32 8
33 7
33 7
34 6
35 5
36 5
37 4
37 4
38 3
39 3
40 2
41 2
41 2
42 1
43 1
44 0
44 0
43 0
42 0
41 0
40 0
39 0
38 1
37 1
36 1
35 1
34 1
33 1
32 1
32 1
32 2
31 3
31 4
30 5
30 6
30 6
29 6
29 6
29 7
29 8
29 9
29 10
29 11
29 12
29 13
29 14
29 14
29 15
29 16
29 17
29 18
29 19
29 20
29 21
29 22
29 23
29 24
29 25
29 25
29 26
29 27
29 28
29 29
29 30
29 31
29 32
29 33
29 34
29 35
29 36
29 37
29 38
29 38
29 39
29 40
29 41
29 42
29 43
29 44
29 45
30 46
30 47
30 48
30 49
30 50
30 51
30 52
30 53
30 53
30 54
30 55
30 56
30 57
30 58
30 59
30 60
31 61
31 62
31 63
31 64
31 65
31 66
31 67
31 68
31 68
31 69
31 70
31 71
31 72
31 73
32 74
32 75
32 76
32 77
32 78
32 79
32 79
32 80
32 81
32 82
33 83
33 84
33 85
33 86
33 87
33 87
33 88
33 89
33 90
33 91
33 92
33 93
33 93
33 94
32 95
32 96
32 96
32 97
32 98
32 98
31 99
30 99
30 99
29 99
28 99
27 99
27 99
26 99
25 99
24 99
24 99
23 98
22 98
21 97
20 96
19 95
18 95
17 94
16 93
15 93
14 92
13 91
12 90
11 90
10 89
9 88
8 88
7 87
6 86
5 85
4 85
3 84
3 84
2 83
2 82
1 81
1 80
0 79
0 78
0 78
0 77
0 77
0 76
1 75
1 74
1 74
2 73
2 72
3 71
3 70
4 69
4 69
5 68
6 67
7 66
7 65
8 64
9 63
9 63
10 62
11 61
12 60
13 59
14 58
15 57
16 56
16 56
17 55
18 54
19 53
20 52
21 51
22 50
23 49
23 49
24 48
25 47
26 46
27 45
28 45
29 44
30 43
31 42
31 42
32 41
33 40
34 40
35 39
36 38
37 37
38 37
39 36
39 36
40 35
41 35
42 34
43 33
44 33
45 32
45 32
46 32
47 32
48 32
49 32
50 32
50 32
50 32
49 32
49 32
49 32
49 32
49 32
49 32
50 33
50 34
50 34
51 35
51 36
51 36
51 37
51 38
51 39
51 40
51 40
51 41
51 42
51 43
51 43
51 44
52 45
52 46
52 46
52 47
52 48
52 48
52 48
52 49
52 49
52 48
52 48
52 47
52 46
52 46
52 45
52 44
52 43
52 43
52 42
53 41
53 40
53 40
53 39
53 38
53 37
53 37
53 36
54 35
54 34
54 33
54 33
54 32
55 31
55 30
55 30
56 29
56 28
56 28
57 28
58 28
59 28
60 29
61 29
62 29
63 29
63 29
63 30
63 30
63 30
62 30
62 30
61 29
61 29
61 29
60 28
60 28
60 29
60 29
59 30
59 30
59 31
59 32
59 32
59 33
59 34
59 34
59 35
59 36
59 36
59 37
59 37
60 38
60 38
61 38
61 38
62 37
62 36
62 36
63 35
63 34
63 34
64 33
64 32
64 32
64 31
64 30
64 30
64 29
64 28
64 28
64 27
64 27
64 27
63 28
63 29
63 29
63 30
63 30
63 31
63 32
63 33
63 33
64 34
64 34
64 35
64 36
64 36
65 36
65 36
66 36
66 36
67 35
67 35
67 34
67 33
67 33
67 32
67 31
67 31
68 30
68 30
68 29
68 28
68 28
68 28
68 28
68 29
68 29
68 30
68 30
68 31
68 32
68 32
68 33
68 34
68 34
69 35
69 35
69 35
69 35
69 34
69 34
69 33
69 33
69 32
69 31
69 31
70 30
70 29
70 29
70 28
70 27
70 27
70 27
71 27
71 27
71 28
71 28
71 29
71 29
72 30
72 31
72 31
72 32
72 32
73 33
73 33
73 34
73 34
74 33
74 33
75 32
75 32
75 31
76 30
76 29
76 29
76 28
76 27
76 27
76 26
77 25
77 24
77 24
77 23
77 22
77 22
77 21
77 20
77 19
77 19
77 18
77 17
77 16
77 15
77 15
77 14
77 13
77 12
77 11
77 11
77 10
77 9
77 8
77 7
77 7
77 6
77 5
77 4
77 4
77 3
77 3
77 2
77 2
77 2
78 3
78 4
78 4
78 5
78 6
78 7
78 8
78 8
78 9
78 10
78 11
78 12
78 13
78 13
78 14
78 15
78 16
78 17
78 18
78 19
78 20
78 20
78 21
78 22
78 23
78 24
78 25
78 25
78 26
78 27
79 28
79 29
79 30
79 30
79 31
79 32
79 33
79 34
79 34
80 35
80 36
80 36
80 37
80 38
80 38
81 39
81 39
81 38
81 38
80 37
80 37
80 36
80 36
80 35
79 34
79 33
79 33
79 32
79 31
79 30
79 30
79 29
80 28
80 27
80 26
80 26
80 25
81 24
81 23
81 22
81 22
81 21
82 20
82 19
82 19
83 18
83 18
84 18
84 18
85 18
85 18
86 18
86 18
86 19
86 19
86 20
86 21
86 21
85 22
85 23
84 24
84 24
83 25
83 26
83 26
82 27
81 27
81 27
80 27
80 27
79 27
79 27
78 27
78 27
78 26
78 26
78 26
79 26
79 26
80 25
80 25
81 26
82 26
82 26
83 26
84 26
84 26
85 26
86 27
87 27
87 27
88 27
89 27
90 27
90 27
91 27
92 26
93 26
94 25
95 25
95 25
96 25
97 24
98 24
