12 13
12 14
13 15
13 16
13 16
14 15
14 14
14 14
15 13
16 12
17 11
17 11
18 10
19 10
20 9
21 9
21 9
22 9
23 8
24 8
25 7
26 7
26 7
27 6
28 5
29 5
30 4
30 4
31 3
32 3
33 2
34 2
34 2
33 2
32 1
31 1
30 1
29 0
28 0
28 0
27 1
26 2
26 3
25 4
25 4
25 5
25 6
25 7
25 8
25 8
25 9
25 10
25 11
24 12
24 13
24 14
24 15
24 15
24 16
24 17
24 18
24 19
24 20
24 21
24 22
24 23
24 24
24 25
24 25
24 26
24 27
24 28
24 29
24 30
24 31
25 32
25 33
25 34
25 35
25 36
25 37
25 38
25 39
25 39
25 40
25 41
25 42
25 43
25 44
25 45
26 46
26 47
26 48
26 49
26 50
26 51
26 52
26 52
26 53
26 54
26 55
26 56
26 57
27 58
27 59
27 60
27 61
27 62
27 63
27 64
27 64
27 65
27 66
27 67
28 68
28 69
28 70
28 71
28 72
28 72
28 73
28 74
28 75
29 76
29 77
29 78
29 79
29 79
29 80
29 81
29 82
29 83
29 84
29 85
29 86
29 86
29 87
29 88
28 89
28 90
28 91
28 91
28 92
27 93
27 94
27 95
27 95
26 96
25 97
25 97
24 98
23 98
23 98
22 98
21 99
20 99
20 99
19 98
18 97
17 96
16 96
15 95
14 94
13 93
12 92
11 91
10 90
9 90
8 89
7 88
6 87
5 86
4 85
3 85
2 84
1 83
0 82
0 82
0 81
0 80
0 79
0 78
0 77
0 77
1 76
1 75
1 75
2 74
3 73
3 72
4 71
5 70
5 70
6 69
7 68
8 67
9 66
10 65
10 65
11 64
12 63
13 62
14 61
15 60
16 59
16 59
17 58
18 57
19 56
20 55
21 54
22 53
22 53
23 52
24 52
25 51
26 50
27 49
28 49
29 48
29 48
30 47
31 47
32 46
33 45
34 44
35 44
36 43
36 43
37 42
38 42
39 41
40 41
41 40
41 40
42 39
43 38
44 37
45 36
46 35
46 35
45 36
44 36
44 36
44 35
44 35
43 35
43 35
43 34
43 34
42 33
42 33
42 33
43 32
43 32
43 31
43 31
44 31
44 31
45 32
45 32
46 33
46 34
46 34
46 35
47 36
47 37
47 37
47 38
47 39
47 40
47 40
47 41
48 42
48 43
48 43
48 44
48 45
48 45
48 46
48 47
48 47
48 48
48 49
48 49
48 49
48 49
48 48
48 48
47 47
47 46
47 46
47 45
48 44
48 43
48 43
48 42
48 41
48 40
48 40
48 39
49 38
49 37
49 36
49 36
49 35
50 34
50 33
50 33
51 32
51 31
51 31
52 31
53 30
54 30
55 30
56 29
57 29
57 29
57 29
57 29
57 29
57 29
56 28
56 28
55 27
55 27
55 27
55 28
55 28
54 28
54 28
54 29
54 30
54 31
54 31
53 32
53 33
53 33
53 34
53 35
53 35
53 36
53 37
53 37
54 38
54 38
55 38
55 38
56 38
56 38
57 37
58 36
58 36
58 35
58 35
59 34
59 33
59 33
58 32
58 32
58 31
58 30
58 30
58 29
58 29
57 29
57 29
57 29
57 30
57 30
58 31
58 32
58 32
58 33
58 34
58 34
59 35
59 36
59 36
60 36
60 36
60 36
61 35
61 35
61 34
61 33
61 33
62 32
62 32
62 31
62 30
62 30
62 29
62 28
62 28
62 27
62 27
62 27
63 27
63 27
63 28
63 28
64 29
64 29
64 30
64 31
64 31
64 32
64 33
64 33
64 34
64 34
64 34
64 34
64 33
64 33
65 32
65 31
65 31
65 30
65 29
65 29
65 28
65 28
65 27
65 27
65 27
65 27
66 28
66 28
66 29
66 30
66 30
66 31
66 31
67 32
67 32
67 33
67 33
67 32
67 32
68 31
68 30
68 30
69 29
69 28
69 28
69 27
69 26
69 26
69 25
69 24
69 23
69 23
69 22
69 21
69 21
69 20
69 19
69 18
69 18
69 17
69 16
69 15
69 15
69 14
70 13
70 12
70 12
70 11
70 10
70 9
70 9
70 8
70 7
70 7
70 6
70 6
70 6
70 6
70 7
71 8
71 9
71 9
71 10
71 11
71 12
71 13
71 13
71 14
71 15
70 16
70 17
70 18
70 18
70 19
71 20
71 21
71 22
71 22
71 23
71 24
71 25
71 26
71 26
71 27
72 28
72 29
72 29
72 30
73 31
73 32
73 32
73 33
73 33
73 33
73 33
73 32
73 32
73 31
73 31
73 30
73 29
73 29
73 28
73 27
73 27
73 26
73 25
73 24
73 24
73 23
74 22
74 21
74 21
74 20
75 19
75 18
75 18
76 17
76 16
76 16
77 15
77 15
77 15
78 15
78 15
78 16
78 17
78 17
77 18
77 19
77 19
76 20
76 21
76 21
75 22
75 23
75 23
74 24
73 25
73 25
72 25
72 25
71 25
71 25
71 25
71 25
71 24
71 24
72 24
72 24
73 24
74 24
74 24
75 24
76 23
77 23
78 23
78 23
79 23
80 22
81 22
82 22
83 21
84 21
84 21
85 21
86 20
87 20
88 20
89 20
90 19
91 19
91 19
92 19
93 18
94 18
95 17
96 17
97 17
98 16
99 16
