10 39
11 40
12 40
12 40
12 40
13 39
13 38
13 38
14 37
14 36
14 36
14 35
14 34
15 33
15 32
15 31
15 31
15 30
15 29
16 28
16 27
16 26
16 25
16 25
16 24
16 23
16 22
17 21
17 20
17 19
17 18
17 18
17 17
17 16
18 15
18 14
18 13
18 12
18 12
18 11
18 10
18 9
18 8
18 7
18 7
18 6
17 5
17 4
17 3
17 3
16 2
16 1
16 1
15 0
14 0
14 0
13 0
12 0
12 0
12 1
11 2
11 3
11 3
10 4
10 5
9 6
9 7
9 7
9 8
8 9
8 10
8 11
8 11
8 12
8 13
8 14
7 15
7 16
7 17
7 18
7 18
7 19
7 20
7 21
7 22
7 23
7 24
7 25
7 26
7 27
7 27
7 28
7 29
7 30
7 31
7 32
7 33
7 34
7 35
7 36
7 37
7 37
7 38
7 39
7 40
7 41
8 42
8 43
8 44
8 45
8 46
8 47
8 47
8 48
8 49
8 50
8 51
9 52
9 53
9 54
9 55
9 56
9 56
9 57
9 58
9 59
10 60
10 61
10 62
10 63
10 64
10 64
10 65
11 66
11 67
11 68
11 69
12 70
12 71
12 72
12 72
12 73
12 74
12 75
12 76
12 77
12 78
12 79
12 79
12 80
12 81
13 82
13 83
13 84
13 85
13 85
13 86
13 87
13 88
13 89
13 89
13 90
12 91
12 92
12 93
12 93
12 94
11 95
11 96
11 96
10 97
10 97
9 98
8 98
8 98
7 99
7 99
6 99
5 99
4 99
3 99
3 99
2 99
1 99
1 99
0 98
0 98
0 97
0 97
0 96
1 95
1 94
1 93
2 92
2 91
2 90
3 89
3 88
3 87
3 86
4 85
4 84
4 83
5 82
5 81
5 80
6 79
6 78
6 77
7 76
7 75
7 74
8 73
8 72
8 71
8 70
9 69
9 68
9 67
10 66
10 65
10 65
10 66
11 67
11 68
11 68
10 68
10 68
9 68
9 68
9 69
9 69
10 69
10 69
11 68
11 68
12 67
12 67
13 66
14 66
15 65
15 65
16 64
17 63
18 62
18 62
19 61
20 60
21 59
21 59
22 58
23 57
24 56
24 56
25 55
26 54
27 53
27 53
28 52
29 51
30 50
30 50
31 49
32 48
32 48
33 47
33 47
33 46
33 46
33 45
32 44
32 43
31 42
31 41
31 40
30 39
30 38
29 37
29 36
28 35
28 34
28 33
27 32
27 31
26 30
26 29
26 29
26 29
25 29
24 29
24 29
24 30
24 30
24 30
24 30
24 31
24 31
24 32
24 33
24 34
24 34
24 35
24 36
24 37
24 38
24 38
24 39
24 40
24 41
24 42
24 42
24 43
24 44
24 45
24 46
24 47
24 47
24 48
24 49
24 50
24 51
24 52
24 53
24 54
24 54
24 55
24 56
24 57
25 58
25 59
25 60
25 61
25 61
25 62
25 63
26 64
26 65
26 66
26 67
26 67
26 68
26 69
26 70
26 71
26 72
26 72
27 73
27 74
28 75
28 76
28 76
29 77
30 78
30 78
31 79
32 80
32 80
33 80
34 80
34 80
35 79
36 79
37 78
37 78
38 77
39 76
40 75
40 75
41 74
41 73
42 72
42 72
43 71
43 70
44 69
44 69
44 68
45 67
45 66
45 66
45 65
45 64
45 64
45 64
45 64
44 63
44 63
43 62
43 62
42 61
42 61
41 60
41 60
41 59
41 59
41 60
42 61
42 62
42 62
42 63
42 64
42 64
42 64
42 64
42 64
42 64
43 63
43 63
44 62
44 61
44 61
44 60
45 59
45 58
45 58
46 57
46 56
47 55
47 54
47 54
48 53
48 52
49 51
49 50
49 50
49 49
49 48
49 47
49 46
49 46
49 45
50 44
50 43
50 42
50 42
50 41
50 40
50 40
50 39
49 38
49 37
49 37
48 36
48 36
47 36
47 36
46 37
46 37
45 38
44 38
44 38
43 39
43 40
43 40
43 41
42 42
42 43
42 44
42 44
42 45
42 46
42 47
42 48
42 49
42 49
42 50
42 51
42 52
42 53
42 54
42 54
42 55
42 56
42 57
42 58
42 59
42 59
43 60
43 61
44 62
44 62
45 63
45 64
46 65
46 65
47 66
47 67
47 67
48 67
49 67
49 67
50 67
51 66
52 66
52 66
53 65
54 65
55 64
56 64
56 64
57 63
58 62
59 61
59 61
60 60
61 59
61 58
62 57
62 57
63 56
63 55
64 54
64 53
64 53
64 52
65 51
65 50
65 49
65 49
65 48
65 47
65 46
65 45
65 45
65 44
65 43
65 43
64 42
64 41
64 41
63 40
63 40
63 40
62 40
62 40
61 41
61 41
61 42
61 43
61 43
61 44
60 45
60 46
60 46
60 47
60 48
61 49
61 50
61 51
61 51
61 52
62 53
62 54
62 54
62 55
63 56
63 57
63 57
64 58
64 59
64 59
65 60
66 60
66 60
67 61
67 61
68 60
69 59
69 59
70 58
70 57
70 57
71 56
72 55
73 54
73 54
73 53
74 52
74 51
74 50
74 50
74 49
74 48
75 47
75 46
75 45
75 45
75 44
75 43
75 42
75 41
75 40
75 40
75 39
75 38
75 37
75 37
75 36
74 35
74 34
74 34
74 33
74 32
74 32
73 31
73 30
73 30
73 30
72 30
72 30
72 30
72 31
72 32
72 32
72 33
72 33
72 34
72 35
72 36
72 36
72 37
73 38
73 39
73 39
73 40
74 41
74 42
74 42
74 43
75 44
75 45
75 45
76 46
76 47
77 48
77 48
78 49
79 50
79 50
80 51
81 52
81 52
82 51
83 51
83 51
84 50
85 50
85 50
86 49
87 48
87 48
88 47
88 46
89 45
89 44
89 44
89 43
89 42
90 41
90 40
90 39
90 39
90 38
91 37
91 36
91 35
91 35
91 34
90 33
90 32
90 31
90 31
90 30
89 29
89 28
89 28
88 27
87 26
87 26
86 26
86 26
85 27
84 27
84 27
84 28
83 29
83 30
83 30
83 31
83 32
82 33
82 34
82 35
82 35
82 36
82 37
82 38
82 39
82 39
82 40
83 41
83 42
83 43
83 43
83 44
84 45
84 46
84 46
85 47
86 48
87 49
87 49
88 49
89 50
90 50
90 50
91 50
92 50
93 50
94 50
94 50
95 50
96 49
97 49
98 48
99 48
