3 33
3 34
2 35
2 36
2 36
2 36
2 36
2 36
3 35
3 34
3 34
3 33
3 33
3 32
4 31
4 30
5 29
5 28
5 28
5 27
5 26
6 25
6 24
6 23
6 23
6 22
7 21
7 20
7 19
8 18
8 17
8 17
8 16
8 15
9 14
9 13
9 12
9 11
9 11
9 10
9 9
10 8
10 7
10 6
10 6
10 5
10 4
10 3
10 3
10 2
10 1
10 1
9 0
9 0
8 0
8 0
7 1
7 2
7 2
6 3
6 4
5 5
5 5
5 6
4 7
4 8
3 9
3 10
3 10
3 11
3 12
3 13
2 14
2 15
2 16
2 17
2 17
2 18
2 19
2 20
2 21
1 22
1 23
1 24
1 25
1 26
1 27
1 27
1 28
1 29
1 30
1 31
0 32
0 33
0 34
0 35
0 36
0 37
0 37
0 38
0 39
0 40
0 41
0 42
0 43
0 44
0 45
0 46
0 47
0 48
0 48
0 49
0 50
0 51
0 52
0 53
0 54
0 55
0 56
0 57
0 58
0 59
0 59
0 60
0 61
0 62
0 63
0 64
0 65
0 66
0 67
0 68
0 69
0 70
0 70
0 71
0 72
0 73
0 74
1 75
1 76
1 77
1 78
1 79
1 80
1 80
1 81
1 82
2 83
2 84
2 85
2 86
2 86
2 87
2 88
3 89
3 90
3 91
3 91
3 92
3 93
3 94
3 95
3 95
3 96
4 97
4 98
4 98
4 99
4 99
3 99
3 99
2 99
2 99
2 99
1 99
1 99
1 98
1 98
1 97
1 96
1 95
1 94
1 93
1 92
1 91
1 90
1 89
2 88
2 87
2 86
2 85
2 84
2 83
2 82
2 81
2 80
2 79
2 78
2 77
2 76
2 75
2 74
2 73
2 72
2 71
2 70
2 69
3 68
3 67
3 66
3 65
3 64
3 63
3 62
3 61
3 60
3 59
3 59
2 60
2 61
2 61
1 60
1 59
1 59
1 59
1 59
1 59
2 58
2 58
3 57
4 57
4 57
5 56
5 55
5 55
6 54
7 54
8 53
8 53
9 52
10 51
10 51
11 50
11 49
12 48
12 48
13 47
14 47
15 46
15 46
16 45
17 44
18 43
18 43
19 42
19 41
20 40
20 40
20 39
20 38
19 37
19 36
19 35
19 34
19 33
18 32
18 31
18 30
18 29
18 28
18 27
17 26
17 25
17 24
17 24
17 23
17 22
17 21
17 21
16 21
16 21
16 21
16 21
16 22
16 22
16 23
16 24
16 24
16 25
16 26
16 27
16 27
16 28
16 29
16 30
16 30
16 31
16 32
15 33
15 34
15 35
15 35
15 36
15 37
15 38
15 39
15 40
15 40
15 41
15 42
15 43
15 44
15 45
15 46
15 46
15 47
15 48
14 49
14 50
14 51
14 51
14 52
14 53
14 54
14 55
14 56
14 57
14 57
14 58
14 59
15 60
15 61
15 62
15 62
15 63
15 64
15 65
15 66
15 66
15 67
16 68
16 69
16 70
16 70
17 71
17 72
17 72
18 73
19 74
19 74
20 75
20 75
21 74
22 74
22 74
23 73
24 73
24 73
25 72
26 71
26 71
27 70
28 70
28 70
28 69
28 69
29 68
29 68
29 68
29 67
30 66
30 65
31 64
31 63
32 62
32 61
33 60
33 59
34 58
34 57
35 56
35 55
35 55
34 54
34 54
34 54
34 55
34 55
34 55
34 55
34 55
34 55
35 56
35 56
35 56
36 55
36 55
37 54
37 53
38 52
38 52
39 51
39 50
40 49
40 49
40 48
41 47
41 46
42 45
42 44
42 44
43 43
43 42
44 41
44 40
44 40
44 39
45 38
45 37
45 37
45 36
46 35
46 34
46 34
46 33
46 32
46 31
46 31
46 30
46 30
45 29
45 29
45 29
44 29
44 29
43 30
43 30
42 31
41 32
41 32
41 33
40 34
40 35
40 35
40 36
39 37
39 38
39 38
39 39
38 40
38 41
38 42
38 42
38 43
37 44
37 45
37 45
37 46
37 47
37 48
37 49
37 49
37 50
37 51
37 52
37 52
37 53
38 54
38 55
38 55
38 56
38 57
38 58
38 58
39 59
40 60
40 60
41 61
41 61
42 62
43 62
43 62
44 62
44 62
45 61
46 61
47 60
47 60
48 59
49 58
50 58
51 57
51 57
52 56
52 55
53 54
53 53
53 53
54 52
54 51
55 50
55 50
55 49
56 48
56 47
56 46
56 46
56 45
57 44
57 43
57 43
57 42
57 41
57 40
57 40
57 39
57 38
57 38
57 37
57 37
57 36
57 35
57 35
57 34
57 34
57 33
57 33
57 32
57 32
56 32
56 32
56 32
56 33
56 33
56 34
56 34
55 35
55 36
55 36
55 37
55 38
55 39
55 39
55 40
55 41
55 41
55 42
55 43
55 44
55 45
55 45
55 46
55 47
55 48
55 48
55 49
56 50
56 51
56 51
56 52
56 53
56 54
56 54
57 55
57 56
57 56
58 56
58 56
59 57
59 57
60 57
61 57
61 57
62 56
62 56
62 55
63 54
63 53
63 53
64 52
64 51
65 50
65 49
65 49
65 48
66 47
66 46
66 45
66 45
66 44
67 43
67 42
67 41
67 41
67 40
67 39
67 39
67 38
67 38
67 37
67 37
67 37
67 37
67 38
67 38
67 39
67 39
67 40
67 41
67 41
68 42
68 43
68 43
68 44
68 45
68 45
68 46
69 47
69 48
69 48
70 49
70 50
70 50
71 51
71 51
72 51
73 51
73 51
74 50
74 50
75 49
76 49
76 49
77 48
78 47
78 47
79 46
79 45
79 45
79 44
80 43
80 42
80 42
80 41
81 40
81 39
81 39
81 38
81 37
81 36
81 35
81 35
81 34
82 33
82 32
82 31
82 31
82 30
82 29
82 29
82 28
82 28
82 27
82 26
82 26
81 25
81 25
81 24
81 24
80 24
80 24
79 24
79 24
79 25
79 25
78 26
78 27
78 27
78 28
78 29
78 29
78 30
77 31
77 32
77 32
77 33
77 34
77 35
77 35
77 36
77 37
77 38
77 38
77 39
78 40
78 41
78 41
79 42
79 43
80 44
80 44
81 45
82 45
82 45
83 45
84 46
85 46
85 46
86 46
87 46
87 46
88 45
89 45
90 44
90 44
91 43
92 42
93 42
94 41
94 41
95 40
96 39
97 39
98 38
99 37
