12 23
12 24
12 25
12 25
12 24
12 23
12 23
12 22
12 22
12 21
13 20
13 19
13 19
14 18
14 17
14 17
14 16
14 15
14 14
14 14
14 13
14 12
14 11
14 11
14 10
14 9
14 9
14 8
13 7
13 6
13 6
12 5
12 4
12 4
12 3
11 2
11 1
11 1
10 0
10 0
9 0
8 0
8 0
7 1
7 1
6 2
6 3
6 3
6 4
5 5
5 6
5 6
5 7
5 8
5 9
5 10
5 11
5 11
5 12
5 13
5 14
5 15
5 16
5 17
5 18
5 18
5 19
5 20
5 21
5 22
6 23
6 24
6 25
6 26
6 27
6 27
6 28
6 29
6 30
6 31
6 32
6 33
6 34
6 35
6 36
6 37
6 38
6 39
6 39
6 40
6 41
7 42
7 43
7 44
7 45
7 46
8 47
8 48
8 49
8 49
8 50
8 51
8 52
8 53
8 54
9 55
9 56
9 57
9 58
9 59
9 60
9 60
9 61
9 62
9 63
9 64
10 65
10 66
10 67
10 68
10 69
10 70
10 70
10 71
10 72
10 73
11 74
11 75
11 76
11 77
11 77
11 78
11 79
10 80
10 81
10 82
10 83
10 83
10 84
10 85
10 86
10 87
10 87
10 88
9 89
9 90
8 91
8 92
8 92
8 93
7 94
7 95
7 95
6 96
6 97
5 98
5 98
5 99
5 99
4 99
4 99
4 98
4 97
4 96
3 95
3 94
3 93
3 92
3 91
3 90
2 89
2 88
2 87
2 86
2 85
2 84
2 83
1 82
1 81
1 80
1 79
1 78
1 77
0 76
0 75
0 74
0 73
0 73
0 72
1 71
1 70
2 69
2 68
2 68
2 67
3 66
3 65
3 65
4 64
4 63
5 62
5 62
6 61
7 60
7 59
8 58
8 58
9 57
9 56
10 55
10 55
11 54
12 53
13 52
13 52
14 51
15 50
15 50
16 49
17 48
17 48
18 47
18 47
18 46
18 45
18 44
18 43
18 42
18 41
18 40
18 39
19 38
19 37
19 36
19 35
19 34
19 33
19 32
19 31
19 30
19 29
19 29
19 28
19 28
18 28
18 28
18 28
18 29
18 30
18 31
18 31
18 32
17 33
17 34
17 35
17 35
17 36
17 37
16 38
16 39
16 40
16 41
16 41
16 42
16 43
16 44
16 45
16 46
16 47
16 48
16 49
16 50
16 50
16 51
16 52
16 53
15 54
15 55
15 56
15 57
15 58
15 58
15 59
15 60
15 61
15 62
15 63
15 64
15 65
15 65
15 66
15 67
16 68
16 69
16 70
16 70
16 71
16 72
16 73
16 73
16 74
17 75
17 76
17 76
18 77
18 78
18 78
19 79
19 79
20 79
21 79
21 79
22 78
23 78
23 78
24 77
24 76
25 75
25 75
26 74
27 73
27 72
28 71
29 70
30 69
30 68
31 67
32 66
33 65
33 64
34 63
34 63
33 64
32 65
31 66
31 66
31 67
31 67
31 68
31 68
31 68
32 67
32 67
33 66
34 65
34 65
34 64
35 63
35 62
35 62
36 61
36 60
37 59
37 59
38 58
38 57
39 56
39 55
39 55
39 54
40 53
40 52
40 52
40 51
40 50
40 50
40 49
40 48
40 48
40 47
40 47
39 48
39 48
38 48
37 48
37 48
37 49
36 50
36 51
36 51
35 52
35 53
34 54
34 55
34 55
34 56
34 57
33 58
33 59
33 60
33 60
33 61
32 62
32 63
32 64
32 64
32 65
32 66
32 67
32 68
32 68
33 69
33 70
33 70
34 71
35 72
35 72
36 72
37 72
37 72
38 72
39 72
39 72
40 71
41 71
41 71
42 70
42 69
43 68
43 68
44 67
45 67
46 66
46 66
46 65
47 64
47 63
48 62
48 61
48 60
49 59
49 58
49 57
50 56
50 55
51 54
51 53
51 52
52 51
52 50
52 50
52 49
52 48
52 47
52 47
52 47
51 47
51 47
51 48
51 48
51 49
51 50
51 51
51 51
51 52
50 53
50 54
50 55
50 55
50 56
51 57
51 58
51 58
51 59
51 60
51 61
51 62
51 62
52 63
52 64
52 64
53 65
53 65
54 66
54 66
55 65
56 65
56 65
57 64
57 64
58 63
59 62
59 62
60 61
60 60
61 59
61 59
61 58
62 57
62 56
62 56
62 55
62 54
62 53
62 53
62 52
62 51
62 51
62 50
62 50
62 50
62 51
62 51
62 52
62 53
62 53
62 54
62 55
62 55
63 56
63 56
64 57
64 57
65 58
65 58
66 58
67 58
67 58
68 57
68 57
69 56
70 56
71 55
71 55
72 54
73 53
73 53
74 52
75 52
76 51
76 51
77 50
77 49
78 48
78 48
78 47
79 46
79 45
79 45
79 44
79 43
79 42
79 42
79 41
79 40
79 40
78 39
78 39
77 39
77 39
76 40
76 40
75 41
74 42
73 43
73 43
72 44
72 45
71 46
71 47
71 47
71 48
71 49
71 50
71 51
71 52
71 52
71 53
71 54
71 55
71 55
72 56
73 57
73 57
74 57
75 58
76 58
76 58
77 58
78 57
79 57
80 57
80 57
81 56
82 56
83 55
84 55
85 54
86 54
86 54
87 54
88 53
89 53
90 53
91 52
92 52
92 52
93 52
94 51
95 51
96 51
97 51
98 50
99 50
