4 30
4 31
4 32
4 33
4 33
4 33
4 33
4 34
4 34
5 34
5 34
6 33
6 33
7 32
8 32
8 32
9 31
10 30
10 30
11 29
12 29
13 28
13 28
13 27
14 26
14 25
15 24
15 23
15 23
16 22
17 21
17 20
18 19
18 19
18 18
19 17
19 16
19 15
19 15
20 14
20 13
21 12
21 12
21 11
22 10
22 9
22 8
22 8
22 7
23 6
23 5
23 4
23 4
24 3
24 2
24 2
23 1
23 1
22 0
22 0
21 1
20 1
20 1
19 2
18 2
18 2
17 3
17 4
16 5
16 5
15 6
14 7
14 8
13 9
13 9
13 10
12 11
12 12
11 13
11 14
11 15
10 16
10 17
10 17
10 18
10 19
9 20
9 21
9 22
9 23
9 24
8 25
8 26
8 27
8 27
8 28
7 29
7 30
7 31
7 32
6 33
6 34
6 35
6 36
5 37
5 38
5 38
5 39
5 40
4 41
4 42
4 43
4 44
4 45
4 46
3 47
3 48
3 49
3 50
3 50
3 51
3 52
3 53
3 54
3 55
2 56
2 57
2 58
2 59
2 60
2 61
2 62
2 62
2 63
2 64
2 65
2 66
1 67
1 68
1 69
1 70
1 71
1 71
1 72
1 73
1 74
1 75
0 76
0 77
0 78
0 79
0 80
0 80
0 81
0 82
0 83
0 84
0 85
0 86
0 87
0 87
0 88
0 89
0 90
0 91
0 92
0 92
0 93
0 94
0 95
0 96
0 96
0 97
0 98
0 99
0 99
0 99
0 98
0 98
1 97
1 96
1 96
1 95
2 94
2 93
2 92
2 91
3 90
3 89
3 88
3 87
4 86
4 85
4 84
5 83
5 82
5 81
5 80
6 79
6 78
6 77
6 76
7 75
7 74
7 73
8 72
8 71
8 70
8 69
9 68
9 67
9 66
9 65
10 64
10 63
10 62
10 61
11 60
11 59
11 58
12 57
12 56
12 55
12 54
13 53
13 52
13 51
13 50
14 49
14 48
14 48
13 49
13 50
12 51
12 52
12 52
11 52
11 52
11 52
12 51
12 51
13 50
13 50
14 49
15 48
16 47
16 47
17 46
18 45
18 44
19 43
19 43
20 42
21 42
22 41
23 41
24 40
24 40
25 39
26 38
27 38
28 37
28 37
29 36
30 35
31 34
32 33
32 33
33 32
34 32
35 31
35 31
34 30
33 29
32 29
31 28
30 27
29 26
28 26
27 25
26 24
26 24
26 23
26 23
25 22
25 22
25 22
25 23
25 24
25 24
25 25
25 26
25 27
25 28
25 28
25 29
25 30
25 31
25 32
25 32
25 33
25 34
25 35
25 36
25 37
25 38
25 38
25 39
25 40
25 41
25 42
25 43
25 44
25 44
25 45
25 46
25 47
25 48
25 49
25 50
25 51
25 52
25 52
25 53
25 54
25 55
24 56
24 57
24 58
24 59
24 60
24 60
24 61
24 62
24 63
23 64
23 65
23 66
23 67
23 68
23 68
23 69
23 70
22 71
22 72
22 73
22 74
22 74
22 75
22 76
21 77
21 78
21 79
21 79
21 80
22 81
22 82
22 82
22 83
22 83
23 82
23 81
24 80
24 79
25 78
25 77
26 76
26 75
27 74
27 73
28 72
28 71
29 70
29 69
30 68
30 67
31 66
31 65
32 64
32 63
33 62
33 61
34 60
34 59
34 59
34 60
34 61
34 62
34 63
34 63
34 64
34 64
34 64
35 65
35 65
36 64
36 64
37 63
37 63
38 62
38 61
39 60
39 60
40 59
40 58
41 57
41 57
42 56
42 55
43 54
43 54
44 53
45 52
45 52
46 51
46 50
46 50
47 49
47 48
47 48
47 47
47 47
47 46
47 45
47 45
46 44
46 44
45 43
45 43
44 43
44 43
43 43
43 43
42 44
42 45
41 46
41 46
41 47
40 48
40 49
40 49
40 50
39 51
39 52
39 53
39 53
39 54
39 55
38 56
38 57
38 58
38 58
38 59
37 60
37 61
37 62
37 62
37 63
37 64
37 65
37 65
37 66
37 67
37 67
38 68
39 69
39 69
40 69
41 69
41 69
42 68
43 67
43 67
44 66
45 66
46 65
46 65
47 64
47 63
48 62
48 62
49 61
50 60
51 59
51 59
52 58
52 57
53 56
53 56
54 55
54 54
55 53
55 53
56 52
56 51
56 51
56 50
56 49
56 49
56 48
56 47
56 47
56 46
56 46
56 46
55 45
55 45
55 46
55 46
55 47
55 47
55 48
55 49
55 49
55 50
55 51
55 52
55 52
55 53
55 54
55 55
55 55
55 56
56 57
56 58
56 58
56 59
56 60
56 60
56 61
56 62
56 62
57 62
57 62
58 61
58 61
59 60
59 59
59 59
60 58
60 57
60 57
61 56
61 55
61 55
62 54
62 53
62 53
63 52
63 51
63 51
63 50
63 49
63 48
63 48
64 47
64 46
64 46
64 45
64 45
64 44
64 43
64 43
64 43
64 42
64 42
64 42
64 42
65 43
65 43
66 43
66 43
67 44
68 44
68 44
69 44
70 44
70 44
71 44
72 44
73 44
73 44
74 43
75 43
75 43
76 42
76 42
77 41
77 40
77 40
77 39
77 38
77 38
76 37
76 36
76 36
76 35
76 34
76 34
75 33
75 33
74 33
74 33
73 32
73 32
72 32
72 32
71 33
71 33
71 34
71 35
71 35
70 36
70 37
70 37
70 38
70 39
70 39
70 40
70 41
70 42
70 42
70 43
70 44
70 45
70 46
70 46
70 47
70 48
70 49
70 50
70 50
70 51
71 52
71 53
71 54
71 54
71 55
72 56
72 57
72 57
73 58
73 59
73 59
74 59
75 59
75 59
76 59
77 58
78 58
78 58
79 57
80 56
81 55
81 55
82 54
83 53
84 52
85 51
85 51
86 50
87 49
88 49
89 48
89 48
90 47
91 46
92 45
92 45
93 44
94 43
95 42
95 42
96 41
97 40
98 40
99 39
