19 19
19 19
19 19
19 19
19 19
19 19
19 19
19 19
19 19
19 19
19 19
19 19
19 19
19 19
19 19
19 19
19 19
19 19
19 19
19 19
19 19
19 19
19 19
20 20
20 20
20 20
20 20
20 20
20 20
20 20
20 20
20 20
20 20
20 20
20 20
20 20
20 20
20 20
20 20
20 20
20 20
20 20
20 20
20 20
20 20
20 20
20 20
20 20
20 20
20 20
20 20
20 20
20 20
20 20
20 20
20 20
20 20
20 20
20 20
20 20
21 19
21 19
21 19
22 18
22 18
23 17
23 17
23 16
23 15
23 15
24 14
24 14
25 13
25 12
25 12
25 11
25 11
25 10
25 10
25 9
25 8
25 8
25 7
25 7
25 6
25 5
25 5
25 4
25 4
25 3
25 3
25 2
25 2
24 1
24 1
24 1
23 1
23 1
22 1
22 1
21 2
21 2
20 3
20 3
19 4
19 5
19 5
18 6
18 6
17 7
17 8
17 8
17 9
17 10
17 10
17 11
16 12
16 13
16 13
16 14
15 15
15 16
15 16
15 17
15 18
15 19
15 19
15 20
14 21
14 22
14 22
14 23
14 24
14 25
14 26
14 26
14 27
14 28
14 29
14 29
14 30
14 31
14 32
14 32
14 33
14 34
14 35
14 35
14 36
14 37
14 38
14 39
14 39
14 40
14 41
14 42
14 42
14 43
14 44
14 45
14 45
14 46
14 47
14 48
14 49
14 49
14 50
14 51
14 51
14 52
14 53
14 54
14 54
14 55
14 56
14 57
14 57
14 58
13 59
13 60
13 60
13 61
13 62
13 63
13 63
13 64
13 65
13 66
13 66
13 67
12 68
12 69
12 69
12 70
12 71
12 72
12 72
12 73
11 74
11 75
11 75
11 76
10 77
10 78
10 79
10 79
10 80
10 81
10 82
10 82
10 83
9 84
9 85
9 85
8 86
8 87
7 88
7 88
7 89
6 90
6 91
6 91
6 92
5 93
5 94
5 94
4 95
3 96
3 96
2 97
2 98
2 98
1 99
1 99
1 99
0 99
0 99
0 98
1 97
1 96
2 95
2 94
3 93
3 92
4 91
4 90
5 89
5 88
5 87
6 86
6 85
7 84
7 83
8 82
8 81
9 80
9 79
10 78
10 77
11 76
11 75
11 74
12 73
12 72
13 71
13 70
14 69
14 68
15 67
15 66
16 65
16 64
16 64
16 64
15 65
14 66
14 66
14 67
14 67
13 68
13 68
13 68
13 68
13 68
14 67
14 67
15 66
15 66
16 65
17 64
17 64
18 63
19 62
19 62
20 61
21 61
22 60
22 60
23 59
23 58
24 57
24 57
25 56
26 55
27 54
27 54
28 53
29 52
29 52
30 51
30 50
30 50
31 49
31 49
31 48
31 48
31 48
31 48
31 48
30 48
30 48
30 47
30 46
29 45
29 44
29 43
29 42
29 41
29 40
28 39
28 38
28 37
28 36
28 36
28 36
27 35
27 34
27 34
27 33
27 33
27 33
27 33
27 34
27 35
27 35
27 36
27 37
27 37
27 38
26 39
26 40
26 41
26 41
26 42
26 43
26 44
26 45
26 45
26 46
26 47
25 48
25 49
25 50
25 51
25 51
25 52
25 53
25 54
25 55
25 55
25 56
25 57
25 58
25 59
25 60
25 60
25 61
24 62
24 63
24 64
24 64
24 65
24 66
24 67
24 68
24 69
24 69
24 70
24 71
24 72
24 73
24 73
24 74
24 75
24 76
24 77
24 77
24 78
24 79
24 80
24 80
24 81
23 82
23 83
23 83
23 84
23 85
23 85
23 86
23 86
24 86
24 86
24 87
24 87
24 88
24 88
24 88
24 88
24 88
24 88
24 88
25 87
26 86
27 86
28 85
29 84
30 83
31 82
32 81
33 81
34 80
35 79
35 79
35 79
35 79
35 79
34 80
34 80
34 81
34 81
34 81
34 81
34 81
34 81
34 81
34 81
35 80
35 80
35 79
35 79
36 78
36 78
37 77
37 77
38 76
38 76
39 75
39 74
39 74
40 73
40 73
41 72
41 71
41 71
42 70
42 69
42 69
43 68
43 67
43 67
44 66
44 66
44 65
44 64
44 64
44 63
44 63
45 62
45 62
45 61
45 61
45 60
45 60
45 59
45 59
45 58
45 58
45 57
45 57
45 57
45 57
44 57
44 57
44 57
44 57
44 57
43 58
43 58
43 59
43 60
43 60
42 61
42 61
42 62
42 63
42 63
41 64
41 65
41 65
41 66
41 66
41 67
41 68
41 68
41 69
41 70
41 70
42 71
42 71
42 72
42 73
42 73
43 74
43 75
43 75
43 76
43 76
44 77
44 77
44 78
44 78
45 78
45 78
46 79
46 79
47 78
47 78
48 78
48 78
49 77
49 77
50 76
50 75
50 75
51 74
52 73
52 73
53 72
53 71
53 71
54 70
54 70
55 69
55 68
55 68
56 67
56 67
56 66
56 66
56 66
56 66
56 66
56 66
56 67
56 67
56 67
56 68
56 68
56 69
56 69
56 70
56 71
56 71
56 72
56 72
56 73
56 74
56 74
56 75
56 76
56 77
56 77
56 78
56 79
56 79
56 80
56 81
56 81
56 82
56 83
56 83
56 84
56 84
57 85
57 85
57 85
58 85
58 85
58 84
58 84
59 83
59 83
59 82
59 82
60 81
60 80
60 80
61 79
61 79
61 78
61 77
61 77
62 76
62 76
62 75
62 74
62 74
63 73
63 73
63 72
63 71
63 71
63 70
63 70
63 69
63 69
64 68
64 68
64 67
64 67
64 67
64 67
64 66
64 66
64 66
64 66
64 65
64 65
64 65
64 65
64 65
64 65
64 65
64 65
64 65
64 65
64 65
64 65
64 65
64 65
64 65
64 65
64 66
64 66
64 67
64 67
64 66
64 65
64 65
64 65
64 65
64 65
64 65
64 65
64 65
64 65
64 65
64 65
64 65
64 65
64 65
64 65
64 65
64 65
64 65
64 65
64 65
64 66
64 66
64 66
64 66
64 66
64 67
64 67
64 68
64 68
64 69
64 69
64 70
64 70
64 70
65 71
65 71
65 72
65 72
66 73
66 73
67 74
67 74
68 74
68 74
69 74
69 74
70 73
71 73
71 73
72 72
73 71
73 71
74 70
74 69
74 69
75 68
76 67
76 67
77 66
77 66
77 65
77 64
77 64
77 63
77 63
77 62
77 62
76 61
76 61
75 60
75 60
74 61
74 61
73 62
73 62
72 63
72 64
72 64
72 65
72 66
72 67
72 67
72 68
72 69
72 70
72 71
72 71
72 72
72 73
72 74
72 74
72 75
72 76
72 77
72 78
72 78
72 79
73 80
73 81
73 81
74 82
74 83
75 84
75 84
76 84
77 84
78 84
78 84
79 83
80 83
81 82
82 82
83 81
83 81
84 80
85 79
86 79
87 78
88 77
89 76
90 76
91 75
91 75
92 74
93 73
94 73
95 72
96 71
97 70
98 70
99 69
