9 30
9 31
9 32
9 32
9 31
9 31
9 30
9 29
9 28
9 28
9 27
9 26
9 26
9 25
10 24
10 23
10 23
10 22
11 21
11 20
11 20
11 19
11 18
11 17
11 16
11 16
11 15
11 14
12 13
12 12
12 11
12 11
12 10
12 9
12 8
12 7
12 6
12 6
12 5
12 4
12 3
12 3
11 2
11 1
11 1
10 0
10 0
9 1
9 1
8 2
7 2
7 2
7 3
6 4
6 5
6 5
6 6
6 7
5 8
5 9
5 10
5 10
5 11
5 12
5 13
5 14
4 15
4 16
4 17
4 18
4 19
4 19
4 20
4 21
4 22
4 23
4 24
4 25
3 26
3 27
3 28
3 29
3 30
3 31
3 32
3 32
3 33
3 34
3 35
3 36
3 37
3 38
3 39
2 40
2 41
2 42
2 43
2 44
2 45
2 46
2 47
2 47
2 48
2 49
2 50
2 51
2 52
2 53
2 54
2 55
2 56
2 57
2 58
2 59
2 60
2 61
2 62
2 62
2 63
2 64
2 65
2 66
2 67
3 68
3 69
3 70
3 71
3 72
3 73
3 74
3 74
3 75
3 76
3 77
3 78
3 79
3 80
3 81
3 82
3 83
3 83
3 84
3 85
2 86
2 87
2 88
2 89
2 89
2 90
2 91
2 92
2 93
2 93
2 94
1 95
1 96
1 97
1 97
0 98
0 99
0 99
0 98
0 97
0 96
0 95
0 94
0 93
0 92
0 91
1 90
1 89
1 88
1 87
1 86
1 85
1 84
1 83
1 82
1 81
1 80
1 79
1 78
1 77
1 76
1 75
1 74
1 73
2 72
2 71
2 70
2 69
2 68
2 67
2 66
2 65
2 64
2 63
2 63
3 62
4 61
4 60
5 59
6 58
7 57
7 56
8 55
9 54
9 54
10 53
10 52
11 51
11 50
12 49
12 49
13 48
14 47
15 46
16 45
16 45
17 44
18 43
19 42
19 42
20 41
21 41
22 40
22 40
22 39
23 38
23 37
23 36
23 35
24 34
24 33
24 32
24 31
25 30
25 29
25 28
25 27
26 26
26 25
26 24
26 23
27 22
27 21
27 21
27 21
27 22
27 22
26 23
26 24
26 24
26 25
25 26
25 27
25 28
25 28
25 29
24 30
24 31
24 32
23 33
23 34
23 34
23 35
23 36
23 37
22 38
22 39
22 40
22 41
22 41
22 42
21 43
21 44
21 45
21 46
20 47
20 48
20 49
20 49
20 50
20 51
20 52
20 53
20 54
20 55
20 56
20 56
20 57
20 58
20 59
20 60
20 61
20 62
20 62
20 63
21 64
21 65
21 65
21 66
22 67
22 68
22 68
23 67
23 66
24 65
24 64
25 63
26 62
26 61
27 60
28 59
28 58
29 57
29 56
30 55
30 55
31 56
31 57
31 57
31 56
31 56
32 55
32 55
33 54
33 54
34 53
35 52
35 52
36 51
36 50
36 50
37 49
38 48
38 48
39 47
39 46
39 46
39 45
40 44
40 43
40 43
40 42
41 41
41 40
41 40
42 39
42 38
42 38
42 37
42 36
42 36
41 35
41 35
40 35
40 35
39 35
39 35
38 36
38 36
37 37
37 38
37 38
37 39
36 40
36 41
36 42
36 42
36 43
36 44
35 45
35 46
35 47
35 48
35 48
35 49
35 50
34 51
34 52
34 53
34 53
34 54
34 55
34 56
34 56
34 57
35 58
35 59
35 59
36 60
37 61
37 61
38 61
39 61
39 61
40 61
41 61
41 61
42 60
43 59
43 59
43 58
44 57
44 56
45 55
45 54
45 53
46 52
46 51
47 50
47 49
47 48
48 47
48 46
48 45
49 44
49 43
50 42
50 41
50 40
51 39
51 38
52 37
52 36
52 36
52 36
51 36
51 36
51 37
51 37
50 38
50 39
50 39
50 40
50 41
50 42
50 42
50 43
49 44
49 45
49 46
49 46
49 47
49 48
49 49
49 49
49 50
49 51
49 52
49 52
50 53
50 54
50 54
51 55
51 56
51 56
51 57
51 57
52 57
52 57
52 57
53 56
53 56
54 55
54 54
54 54
55 53
55 52
55 52
56 51
56 51
57 50
57 50
57 51
57 51
57 52
57 52
58 53
58 53
59 54
59 55
59 55
60 56
60 56
61 57
62 57
62 57
63 57
64 57
64 57
65 56
66 56
66 56
67 55
68 54
68 54
69 53
70 52
70 52
70 51
71 50
71 49
71 49
72 48
72 47
72 47
72 46
71 45
71 44
71 44
71 43
71 42
71 42
70 42
70 42
69 43
69 43
68 44
68 45
68 45
68 46
67 47
67 48
67 48
67 49
67 50
67 51
67 51
67 52
68 53
68 54
68 54
69 55
70 56
70 56
71 56
72 57
73 57
74 57
74 57
75 57
76 57
77 58
78 58
79 58
79 58
80 58
81 58
82 58
83 58
84 58
85 58
85 58
86 58
87 58
88 58
89 57
90 57
91 57
92 57
92 57
93 57
94 57
95 57
96 57
97 57
98 57
99 57
