17 39
17 39
17 39
17 39
17 39
17 39
17 39
17 38
17 38
17 37
17 37
17 36
17 36
18 35
18 34
18 34
18 33
19 32
19 31
19 31
19 30
19 29
19 28
19 28
19 27
20 26
20 25
20 24
20 24
20 23
21 22
21 21
21 21
21 20
21 19
21 18
21 18
21 17
20 16
20 15
20 15
19 14
18 13
18 13
17 12
17 11
17 11
16 10
16 10
15 11
15 11
14 11
14 11
14 12
14 12
13 13
13 14
13 14
13 15
13 15
13 16
13 17
13 17
13 18
14 19
14 20
14 20
14 21
14 22
14 23
14 24
14 24
14 25
14 26
15 27
15 28
15 29
15 29
15 30
15 31
15 32
15 33
15 34
15 34
15 35
15 36
16 37
16 38
16 39
16 40
16 40
16 41
16 42
16 43
16 44
16 45
16 46
16 46
16 47
16 48
16 49
16 50
16 51
16 52
16 52
16 53
16 54
16 55
16 56
16 57
16 58
16 58
16 59
16 60
16 61
16 62
16 63
16 64
16 64
16 65
15 66
15 67
15 68
14 69
14 70
14 70
14 71
14 72
14 73
13 74
13 75
13 76
13 77
13 78
13 78
13 79
12 80
12 81
12 82
12 83
11 84
11 85
11 85
10 86
10 87
9 88
9 89
8 90
8 91
8 91
7 92
7 93
6 94
6 95
6 95
5 96
4 96
3 97
3 97
2 98
2 99
2 99
1 99
0 99
0 99
0 99
0 99
1 98
1 97
2 96
3 95
3 94
4 93
5 92
5 91
6 90
7 89
8 88
8 87
9 86
10 85
10 84
11 83
12 82
12 81
13 80
14 79
14 78
15 77
16 76
16 75
17 74
18 73
18 72
19 71
20 70
20 69
21 68
22 67
23 66
23 65
24 64
25 63
25 62
26 61
27 60
27 59
28 58
28 58
28 58
28 58
27 58
27 58
27 58
27 58
27 58
27 58
27 58
27 58
27 58
27 58
28 57
28 57
28 56
28 56
29 55
29 54
30 53
30 53
31 52
31 51
32 50
32 49
32 49
33 48
33 47
34 46
34 45
35 44
35 44
35 43
36 42
36 41
37 40
37 39
37 39
37 38
38 37
38 36
38 35
38 35
38 34
39 33
39 32
39 32
39 31
40 30
40 29
40 28
40 28
39 27
38 27
37 26
36 25
35 25
34 24
33 23
32 23
31 22
31 22
31 21
32 20
32 19
32 19
32 18
32 18
32 18
32 18
32 19
32 19
33 20
33 20
33 21
33 22
33 22
33 23
33 24
33 25
33 26
33 26
33 27
33 28
33 29
33 30
33 31
33 31
33 32
33 33
32 34
32 35
32 36
32 36
32 37
32 38
32 39
32 40
32 41
32 42
32 42
32 43
32 44
31 45
31 46
31 47
31 48
31 48
31 49
31 50
30 51
30 52
30 53
30 54
30 54
30 55
30 56
30 57
30 58
30 59
30 59
30 60
31 61
31 62
31 63
31 63
31 64
32 65
32 66
32 66
32 67
32 67
33 68
34 68
34 68
35 69
35 69
36 69
37 69
37 69
37 68
38 67
38 66
39 65
39 64
40 63
40 62
41 61
41 60
42 59
42 58
43 57
43 56
44 55
44 54
45 53
45 52
46 51
46 50
47 49
47 48
47 48
46 47
46 46
46 46
46 46
46 46
46 46
46 46
46 46
46 46
46 46
46 46
46 46
46 46
47 46
47 46
48 45
48 45
48 44
49 43
49 42
49 42
49 41
50 40
50 39
50 38
50 38
51 37
51 36
52 35
52 35
52 34
53 33
53 32
53 31
53 31
53 30
53 29
53 28
53 28
53 27
53 26
53 25
53 25
53 24
53 23
53 22
53 22
52 21
52 21
51 21
51 21
50 21
49 21
49 21
49 22
48 23
48 24
48 24
48 25
47 26
47 27
47 27
47 28
47 29
46 30
46 31
46 32
46 32
46 33
46 34
46 35
46 36
46 37
46 38
46 38
46 39
46 40
46 41
47 42
47 43
47 44
47 45
47 45
47 46
47 47
48 48
48 49
48 50
48 50
49 51
49 52
50 53
50 53
51 54
51 54
52 54
53 54
53 54
54 53
55 52
56 51
56 51
57 50
57 49
58 48
58 47
59 46
59 46
59 45
60 44
60 43
61 42
61 41
61 41
61 40
61 39
61 38
61 37
61 36
61 35
61 34
61 33
61 32
61 31
61 30
61 29
62 28
62 27
62 26
62 25
62 24
62 23
62 22
62 21
62 20
62 19
62 18
62 17
62 16
62 15
62 15
63 15
63 15
63 15
63 15
63 15
63 16
63 16
63 17
63 18
63 18
64 19
64 20
64 20
64 21
65 22
65 23
65 23
65 24
66 25
66 26
66 27
66 27
66 28
66 29
67 30
67 31
67 32
67 32
67 33
68 34
68 35
69 36
69 37
69 37
69 38
70 39
70 40
70 41
70 41
71 42
71 43
71 43
72 43
73 43
73 43
74 42
74 41
75 40
75 40
75 39
76 38
76 37
77 36
77 35
77 35
77 34
78 33
78 32
79 31
79 30
80 29
80 28
80 28
80 27
81 26
81 25
81 24
81 23
82 22
82 21
82 20
82 20
82 19
83 18
83 17
83 16
83 15
84 14
84 13
84 12
84 12
84 11
85 10
85 9
86 8
86 7
87 6
87 5
87 5
87 4
88 3
88 2
89 1
89 0
89 0
89 1
89 2
89 3
89 4
88 5
88 6
88 7
88 8
88 9
88 10
88 11
88 12
87 13
87 14
87 15
87 16
87 17
87 18
87 19
87 20
86 21
86 22
86 23
86 24
86 25
86 25
86 26
85 27
85 28
85 28
85 29
85 29
85 30
85 30
85 31
85 32
85 32
86 32
86 32
87 32
88 32
88 32
89 31
90 30
90 30
91 29
91 28
92 27
92 27
93 26
93 25
94 24
94 23
94 23
94 22
95 21
95 20
96 19
96 18
96 18
96 17
97 16
97 15
97 14
97 14
97 13
97 12
97 11
97 10
97 10
97 9
96 8
96 7
96 7
95 6
94 6
94 6
93 6
92 6
92 6
91 7
90 7
89 8
89 8
88 9
87 10
87 11
86 12
86 12
86 13
85 14
85 15
85 16
84 17
84 18
84 18
84 19
84 20
84 21
83 22
83 23
83 24
83 25
83 25
83 26
83 27
83 28
83 29
83 30
83 31
83 31
83 32
83 33
84 34
84 35
84 36
84 36
85 37
85 38
86 39
86 39
87 39
88 39
89 39
89 39
90 39
91 39
92 38
93 38
94 38
94 38
95 37
96 37
97 36
98 36
99 35
