8 24
8 24
8 23
9 22
9 21
9 20
9 20
9 19
9 18
9 18
9 17
9 16
9 16
9 15
9 14
9 13
9 13
9 12
9 11
9 10
9 10
9 9
8 8
8 7
8 7
8 6
7 5
7 4
7 4
6 3
6 2
6 2
5 1
5 1
4 0
4 0
3 1
3 1
2 2
2 3
2 3
2 4
2 5
2 6
2 6
2 7
2 8
2 9
2 10
2 11
2 12
2 13
2 13
2 14
2 15
2 16
2 17
2 18
2 19
2 20
2 21
2 22
2 22
2 23
2 24
2 25
2 26
3 27
3 28
3 29
3 30
3 31
3 32
3 32
3 33
3 34
3 35
3 36
3 37
3 38
4 39
4 40
4 41
4 42
4 43
4 44
4 45
4 45
4 46
4 47
4 48
4 49
4 50
4 51
5 52
5 53
5 54
5 55
5 56
5 57
5 58
5 58
5 59
5 60
6 61
6 62
6 63
6 64
6 65
6 66
7 67
7 68
7 69
7 69
7 70
7 71
7 72
7 73
8 74
8 75
8 76
8 77
8 78
8 78
8 79
8 80
8 81
8 82
8 83
8 83
8 84
8 85
8 86
8 87
8 88
8 89
8 89
7 90
7 91
6 92
6 93
6 93
5 94
5 95
4 96
4 97
4 97
3 98
3 99
3 99
3 98
3 97
3 96
3 95
2 94
2 93
2 92
2 91
2 90
2 89
2 88
2 87
2 86
2 85
1 84
1 83
1 82
1 81
1 80
1 79
1 78
1 77
1 76
1 75
0 74
0 73
0 72
0 71
0 70
0 69
0 69
1 68
2 67
3 66
4 65
5 64
5 64
6 63
6 62
7 61
7 60
8 59
8 59
8 58
8 57
9 56
9 55
9 54
9 54
10 53
11 52
12 52
13 51
13 51
14 50
15 49
16 48
16 48
17 47
17 46
18 45
18 45
19 44
19 43
19 43
20 42
20 42
21 41
21 40
21 40
22 39
22 38
22 38
22 37
22 36
22 35
22 34
23 33
23 32
23 31
23 30
23 29
23 29
23 28
23 27
23 26
23 25
23 25
23 24
23 24
22 23
22 23
22 24
22 24
21 25
21 25
20 26
20 27
20 27
20 28
20 29
19 30
19 31
19 32
19 32
19 33
19 34
18 35
18 36
18 37
18 37
18 38
18 39
18 40
18 41
18 42
18 43
18 44
18 44
18 45
18 46
18 47
17 48
17 49
17 50
17 51
17 51
17 52
17 53
17 54
17 55
17 56
17 57
17 57
17 58
17 59
17 60
17 61
17 61
17 62
18 63
18 64
18 65
18 65
18 66
19 67
19 68
19 68
19 69
20 70
20 71
20 71
21 72
22 72
22 72
23 71
24 71
25 70
26 69
27 68
28 68
29 67
30 66
31 65
32 65
33 64
33 64
33 65
34 66
34 67
34 67
33 67
33 67
32 66
32 66
33 66
33 66
34 65
35 65
35 65
36 64
36 63
36 63
37 62
37 61
37 61
38 60
39 59
39 59
40 58
40 57
41 56
41 56
42 55
42 54
42 54
42 53
42 53
42 52
42 51
42 51
42 50
42 49
42 49
41 49
41 49
40 49
39 49
39 49
38 50
38 50
37 51
36 52
36 52
35 53
35 54
35 54
35 55
35 56
35 57
35 58
35 58
35 59
34 60
34 61
34 61
34 62
34 63
34 64
34 64
35 65
35 66
35 66
36 67
36 67
37 67
38 67
38 67
39 67
40 67
40 67
41 67
42 66
43 66
43 66
43 65
44 64
44 63
45 62
45 61
46 60
46 59
47 58
47 57
47 56
48 55
48 54
49 53
49 52
50 51
50 50
51 49
51 48
51 48
51 47
51 47
51 47
51 48
51 48
51 49
51 49
51 50
51 51
51 52
51 52
50 53
50 54
50 54
50 55
50 56
50 56
51 57
51 58
51 58
52 59
52 59
53 59
53 59
54 58
55 58
55 58
56 57
56 56
56 56
57 55
58 54
58 54
58 53
59 52
59 51
59 51
59 50
60 49
60 48
60 48
60 47
61 46
61 45
61 45
62 44
62 44
62 43
62 42
62 42
62 42
62 42
62 43
62 43
62 44
62 45
62 45
63 46
63 47
63 47
63 48
63 48
64 48
65 48
65 48
66 48
66 48
67 48
68 48
68 48
69 47
70 47
71 46
71 46
72 45
73 44
73 44
74 43
75 42
75 42
76 41
77 40
77 40
78 39
79 38
79 38
79 37
79 36
79 36
79 35
79 35
79 34
79 34
78 33
78 33
77 32
77 32
76 33
76 33
75 34
75 35
75 35
75 36
74 37
74 38
74 39
74 39
74 40
74 41
74 42
74 42
75 43
75 44
75 44
75 45
76 46
76 47
76 47
77 48
78 48
78 48
79 48
80 48
80 48
81 48
82 48
82 48
83 47
84 47
84 47
85 47
86 46
87 46
87 46
88 45
89 44
89 44
90 43
91 43
92 42
92 42
93 41
94 40
95 39
95 39
96 38
97 37
98 36
99 35
