22 20
22 21
22 21
22 22
22 22
22 22
22 23
22 23
22 23
22 23
22 24
22 24
22 24
22 25
22 25
22 25
22 25
22 25
23 25
23 25
23 25
23 25
23 24
23 24
23 23
23 23
24 22
24 22
24 21
24 20
24 20
25 19
25 18
25 18
25 17
25 16
25 16
26 15
26 14
26 14
26 13
26 12
26 12
26 11
26 10
26 10
26 9
26 8
26 8
25 7
25 6
25 6
25 5
25 4
25 4
24 3
24 2
24 2
23 1
22 1
22 1
21 0
21 0
20 1
19 1
19 1
18 2
17 3
17 3
16 4
16 5
15 6
15 6
14 7
14 8
13 9
13 10
13 10
12 11
12 12
11 13
11 14
11 14
10 15
10 16
9 17
9 18
9 18
8 19
8 20
7 21
7 22
6 23
6 23
6 24
6 25
5 26
5 27
5 28
5 29
5 29
5 30
4 31
4 32
4 33
3 34
3 35
3 35
3 36
3 37
3 38
3 39
3 40
3 41
3 41
3 42
3 43
2 44
2 45
2 46
2 46
1 47
1 48
0 49
0 50
0 50
0 51
0 52
0 53
0 54
0 54
0 55
0 56
0 57
0 57
0 58
0 59
0 60
0 60
1 61
1 62
1 62
2 63
2 63
3 64
3 65
3 65
4 66
4 66
5 66
6 66
6 66
7 67
7 67
8 67
9 67
9 67
10 67
11 67
11 67
12 67
12 67
13 67
14 67
14 67
15 66
16 66
16 66
17 65
18 65
19 64
19 64
20 63
20 62
20 62
21 61
22 60
22 60
23 59
23 58
23 58
23 57
24 56
24 55
24 55
24 54
24 53
24 53
24 52
25 51
25 50
25 50
25 49
25 48
25 48
25 47
25 46
25 46
24 46
24 46
24 45
24 45
23 45
23 45
23 45
22 45
22 45
21 45
21 45
21 45
21 46
21 46
21 46
21 46
21 46
21 47
21 47
21 47
22 47
22 47
23 47
23 47
24 46
24 46
25 45
26 45
26 45
27 44
27 43
27 43
28 42
29 42
29 42
30 41
30 41
31 40
31 40
31 40
31 40
31 41
31 41
31 42
31 42
31 43
30 44
30 45
30 45
30 46
30 47
30 48
30 48
30 49
29 50
29 51
29 52
29 52
29 53
29 54
28 55
28 56
28 57
28 57
28 58
28 59
28 60
28 61
28 62
28 62
28 63
28 64
27 65
27 66
27 67
27 67
27 68
26 69
26 70
26 71
26 71
26 72
25 73
25 74
25 74
25 75
25 76
25 76
25 77
25 78
25 78
25 79
25 79
26 78
27 77
28 76
28 75
29 74
30 73
31 72
32 71
33 70
34 69
34 68
35 67
36 66
37 65
37 65
36 66
36 66
35 66
35 66
35 67
35 67
35 67
35 67
35 67
35 66
35 66
36 65
36 65
37 64
37 63
37 63
37 62
38 61
38 60
38 60
39 59
39 58
40 57
40 57
41 56
41 55
42 54
42 53
42 53
43 52
43 51
44 50
44 49
44 49
44 48
45 47
45 46
45 45
45 45
46 44
46 43
46 43
46 42
46 41
46 40
46 40
47 40
47 40
46 40
46 40
46 41
46 41
45 42
44 43
44 43
44 44
43 45
43 46
43 46
43 47
42 48
42 49
42 50
42 50
42 51
41 52
41 53
41 54
41 54
41 55
41 56
41 57
41 58
41 58
41 59
40 60
40 61
40 62
40 62
40 63
41 64
41 65
41 65
42 66
42 66
42 67
42 67
43 66
44 66
44 66
45 65
45 65
46 64
46 64
46 63
47 62
47 61
47 61
48 60
48 59
49 58
49 58
49 57
50 56
50 55
50 55
50 54
51 53
51 52
51 52
52 51
52 50
52 50
52 49
52 49
53 49
53 49
54 48
54 48
54 48
54 47
54 47
54 47
54 47
54 47
54 48
54 48
54 49
54 49
54 50
54 51
54 51
54 52
54 52
55 53
55 53
55 54
55 54
56 55
56 55
57 55
57 55
58 54
58 54
59 53
59 53
60 52
60 52
61 51
61 50
61 50
61 49
61 48
61 48
61 47
62 46
62 45
62 45
62 44
62 44
63 43
63 42
63 42
63 42
63 41
63 41
63 41
63 41
63 41
64 41
64 41
64 41
64 41
65 41
65 41
65 40
65 40
66 40
66 40
66 39
66 39
66 39
66 39
66 39
66 39
66 39
66 40
66 40
66 41
66 42
66 42
65 43
65 44
65 44
65 45
65 46
65 46
65 47
65 48
65 49
65 49
65 50
65 51
65 52
65 53
65 53
65 54
65 55
64 56
64 57
64 58
64 58
64 59
64 60
64 61
64 62
64 63
64 63
64 64
64 65
64 66
64 67
64 68
64 68
64 69
64 70
64 71
64 72
64 73
64 73
64 74
63 75
63 76
63 77
63 77
63 78
63 79
63 80
63 81
63 82
63 82
63 83
62 84
62 85
62 86
62 86
62 87
62 88
61 89
61 90
61 91
61 91
61 92
61 93
61 94
61 94
61 95
60 96
60 97
60 97
59 98
59 99
59 99
59 99
59 99
59 99
60 98
60 97
60 97
60 96
61 95
61 94
61 93
61 93
61 92
62 91
62 90
62 89
62 89
62 88
63 87
63 86
64 85
64 84
64 84
65 83
65 82
66 81
66 80
67 79
67 79
68 78
68 77
69 76
69 75
70 74
70 73
70 73
71 72
72 71
72 70
73 69
74 68
74 68
75 67
76 66
76 65
77 64
78 63
78 63
79 62
80 61
80 60
81 59
82 58
82 58
83 57
84 56
85 55
86 54
86 54
87 53
88 53
89 52
90 52
90 52
91 51
92 51
93 50
93 50
94 49
95 49
96 48
96 48
97 47
98 47
