9 32
9 32
9 32
9 32
9 32
9 32
9 32
9 32
9 32
9 32
9 32
9 32
9 32
9 32
9 32
10 31
11 30
11 30
12 29
12 29
13 28
13 28
14 27
14 26
14 26
14 25
15 24
15 23
15 23
15 22
16 21
16 20
16 20
17 19
17 18
17 18
18 17
18 16
18 16
19 15
19 14
19 14
19 13
19 12
19 12
20 11
20 11
20 10
20 9
20 9
20 8
20 7
20 7
20 6
20 6
19 5
19 4
19 4
19 3
19 3
19 2
19 2
18 1
18 1
18 1
17 1
17 1
16 1
16 1
15 2
15 2
14 3
13 3
13 3
12 4
12 5
12 5
11 6
11 7
10 8
10 8
9 9
9 10
8 11
8 11
7 12
7 13
6 14
6 14
6 15
5 16
5 17
5 17
4 18
4 19
3 20
3 21
3 21
3 22
2 23
2 24
2 25
2 25
2 26
1 27
1 28
1 29
1 29
1 30
1 31
0 32
0 33
0 34
0 34
0 35
0 36
0 37
0 38
0 39
0 40
0 40
0 41
0 42
0 43
0 44
0 45
0 46
0 47
0 47
0 48
0 49
0 50
0 51
0 52
0 53
0 53
0 54
0 55
0 56
0 57
0 58
0 58
0 59
1 60
1 61
1 62
1 62
1 63
1 64
1 65
1 65
1 66
2 67
2 68
2 68
3 69
4 69
4 69
5 70
5 70
6 69
7 69
7 69
8 68
9 68
9 68
10 67
11 66
11 66
11 65
11 64
11 63
12 62
12 61
12 60
12 59
12 58
12 57
13 56
13 55
13 54
13 53
13 52
13 51
14 50
14 49
14 48
14 47
14 47
14 47
14 47
14 47
14 47
14 47
14 47
14 47
14 47
14 47
14 47
14 47
14 47
15 47
15 47
16 47
16 47
17 46
17 46
17 46
18 46
18 46
19 46
19 46
19 46
20 46
20 46
20 46
20 46
21 47
21 47
21 47
22 47
22 47
22 48
22 48
22 49
22 50
22 50
22 51
22 52
22 52
22 53
22 54
22 54
22 55
22 56
22 57
22 58
22 58
22 59
22 60
22 61
22 61
22 62
22 63
22 64
22 65
22 65
22 66
21 67
21 68
21 69
21 69
21 70
21 71
21 72
21 73
21 73
21 74
21 75
21 76
21 77
21 78
21 78
21 79
20 80
20 81
20 82
20 82
20 83
20 84
20 85
20 85
20 86
20 87
20 87
21 88
21 88
21 89
21 89
21 88
22 87
22 86
23 85
23 84
24 83
24 82
25 81
25 80
26 79
26 78
27 77
27 76
28 75
28 74
29 73
29 72
29 71
30 70
30 69
31 68
31 67
32 66
32 65
33 64
33 63
34 62
34 61
35 60
35 59
36 58
36 57
36 57
36 57
36 57
36 57
36 57
36 57
36 57
36 57
36 57
37 56
37 55
37 55
38 54
38 53
38 53
39 52
39 51
39 51
40 50
40 49
40 49
41 48
41 48
42 47
42 46
42 46
42 45
42 45
43 44
43 43
43 43
43 42
43 42
44 41
44 40
44 40
44 39
44 38
44 38
45 37
45 36
45 36
45 35
45 35
45 34
45 34
45 34
45 33
45 33
45 32
45 32
45 32
45 32
45 31
45 31
45 31
44 31
44 31
44 32
44 32
44 32
44 32
43 33
43 33
43 34
43 34
43 34
43 35
43 35
42 36
42 36
42 37
42 37
42 38
42 38
42 39
42 39
42 40
42 41
42 41
42 42
42 42
42 43
42 43
41 44
41 45
41 45
41 46
41 46
41 47
41 47
41 48
41 49
41 49
41 50
41 50
41 51
41 51
41 52
41 53
41 53
41 54
41 54
41 55
41 55
41 56
41 57
41 57
41 58
41 58
41 59
41 60
41 60
41 61
41 61
41 62
41 62
41 63
41 63
41 63
42 64
42 64
42 64
42 65
42 65
42 65
43 66
43 66
43 66
44 67
44 67
44 67
45 66
45 66
45 65
45 65
46 64
46 64
47 63
47 63
47 62
47 62
48 61
48 61
49 60
49 60
49 59
49 58
49 58
50 57
50 56
50 56
50 55
51 54
51 53
51 53
51 52
51 51
51 51
52 50
52 49
52 49
52 48
52 47
52 47
52 46
52 46
52 45
52 45
52 45
52 45
52 45
52 45
52 45
52 45
52 45
52 46
52 46
52 47
52 47
52 48
52 48
53 49
53 49
53 50
53 50
54 50
54 50
54 50
55 49
55 49
56 48
56 48
57 47
57 47
58 46
58 45
58 45
59 44
59 44
60 43
60 42
61 41
61 41
61 40
62 39
62 38
62 38
63 37
64 36
64 36
65 35
65 34
66 33
66 33
66 32
67 31
67 30
67 30
68 29
68 28
68 28
68 27
69 26
69 25
69 25
69 24
70 23
70 22
70 22
71 21
71 20
72 19
72 19
72 18
72 18
73 17
73 17
73 16
73 16
73 15
73 15
73 15
73 15
73 15
73 15
73 16
73 16
72 17
72 18
72 18
72 19
72 20
72 20
72 21
71 22
71 23
71 23
71 24
71 25
71 25
71 26
70 27
70 28
70 28
70 29
70 30
70 30
70 31
69 32
69 33
69 33
69 34
69 35
69 36
69 36
69 37
68 38
68 39
68 40
68 40
68 41
68 42
68 43
68 44
68 44
68 45
68 46
67 47
67 48
67 49
67 49
67 50
66 51
66 52
66 53
66 53
66 54
66 55
66 56
66 57
66 58
66 58
66 59
66 60
65 61
65 62
65 63
65 63
65 64
64 65
64 66
64 67
64 67
64 68
64 69
63 70
63 71
63 72
63 72
63 73
63 74
62 75
62 76
62 77
62 78
62 78
62 79
62 80
61 81
61 82
61 83
61 83
61 84
61 85
61 86
61 87
61 87
61 88
60 89
60 90
60 91
60 91
60 92
60 93
60 94
60 94
60 95
60 96
60 96
60 97
60 98
60 98
60 99
60 99
61 99
61 99
62 99
62 99
63 98
63 98
64 97
64 96
65 95
65 94
65 94
65 93
65 92
66 91
66 90
66 89
66 89
66 88
67 87
67 86
67 85
68 84
68 83
68 83
68 82
69 81
69 80
70 79
70 78
70 78
70 77
71 76
71 75
71 74
72 73
72 72
72 72
72 71
72 70
73 69
73 68
73 67
73 66
73 66
74 65
74 64
75 63
75 62
75 62
75 61
75 60
76 59
76 58
76 57
76 57
76 56
76 55
77 54
77 53
77 52
77 52
77 51
78 50
78 49
78 49
78 48
78 47
78 46
78 46
79 45
79 45
79 45
79 45
79 46
79 47
79 47
79 48
79 49
79 49
79 50
79 51
79 51
79 52
79 53
79 53
80 54
80 54
81 54
81 54
82 53
83 52
83 52
84 51
85 50
85 50
86 49
87 48
87 48
88 47
89 46
89 46
90 45
91 45
92 44
92 44
93 43
94 42
94 42
95 41
96 40
96 40
97 39
98 38
99 37
