15 1
16 1
16 1
15 0
15 0
15 0
14 0
14 0
14 1
14 1
13 1
13 1
12 2
12 3
12 3
11 4
10 4
10 4
10 5
9 6
9 7
9 7
8 8
8 9
7 10
7 10
6 11
6 12
5 13
5 14
5 14
4 15
4 16
3 17
3 18
3 18
3 19
2 20
2 21
1 22
1 23
1 23
1 24
0 25
0 26
0 27
0 27
0 28
0 29
0 30
0 30
0 31
0 32
0 32
0 33
0 34
0 34
1 35
1 35
2 36
2 36
3 37
3 37
4 36
5 36
5 36
6 36
6 36
7 35
8 34
8 34
8 33
8 32
9 31
9 30
9 29
9 28
10 27
10 26
10 25
10 24
11 23
11 22
11 21
11 20
12 19
12 18
12 17
12 17
11 16
11 15
11 15
10 15
10 15
10 15
10 15
10 15
11 15
12 15
12 15
13 15
13 15
14 15
15 15
15 15
16 14
17 14
17 14
18 14
19 14
19 14
20 15
20 15
21 16
21 16
21 17
21 17
21 18
21 19
21 19
20 20
20 21
20 21
20 22
19 23
19 24
19 25
19 25
18 26
18 27
17 28
17 28
17 29
16 30
16 31
16 32
16 32
16 33
15 34
15 35
15 35
15 36
14 37
14 38
14 38
13 39
13 40
13 40
14 41
14 41
14 42
14 42
15 41
16 40
17 40
18 39
19 38
20 37
21 36
22 36
23 35
24 34
25 33
26 32
27 32
28 31
29 30
29 30
28 30
27 30
27 30
27 30
26 30
26 30
26 30
26 30
26 31
26 31
27 31
27 31
27 31
28 32
28 32
29 32
30 32
30 32
31 31
31 31
32 30
33 30
33 30
34 29
35 28
35 28
36 27
37 26
37 26
38 25
38 25
39 24
39 23
39 23
39 22
39 21
39 21
40 20
40 20
39 19
39 19
39 18
39 18
38 17
38 17
38 17
37 17
37 17
37 17
36 18
36 18
35 19
35 19
34 20
34 20
33 21
33 21
32 22
32 23
32 23
32 24
32 25
32 25
31 26
31 27
31 27
31 28
31 29
31 29
31 30
31 30
31 31
31 32
31 32
31 33
31 34
31 34
31 35
31 35
32 36
32 36
32 37
32 37
33 38
33 38
34 39
34 39
35 39
35 39
36 38
37 38
37 38
38 38
38 38
39 37
40 36
40 36
41 35
42 35
42 35
43 34
44 33
44 33
45 32
46 32
46 32
47 31
47 30
47 30
48 29
49 29
49 29
50 28
50 28
50 27
50 27
50 26
50 26
50 25
50 25
50 24
50 24
50 24
50 23
50 23
50 23
50 23
50 23
50 23
49 23
49 23
49 24
49 24
49 25
49 25
48 26
48 26
48 27
48 27
48 27
48 28
48 28
49 28
49 28
49 28
50 28
50 28
51 28
51 28
52 28
52 28
53 27
53 27
54 27
54 27
55 26
56 26
56 26
57 25
57 25
58 24
58 23
58 23
59 22
59 22
60 21
61 21
61 21
62 20
62 19
62 19
62 18
62 18
63 17
63 17
63 16
63 16
63 15
63 15
63 15
63 15
62 15
62 15
62 15
62 16
62 16
61 17
61 17
61 18
61 18
62 19
62 19
62 19
63 20
64 20
64 20
65 19
66 19
66 19
67 18
68 18
68 18
69 17
70 17
70 17
71 16
72 15
72 15
73 14
74 13
74 13
75 12
75 11
75 11
76 10
76 9
76 9
76 8
76 8
76 7
76 7
75 7
75 7
75 7
74 7
74 7
73 8
73 8
73 9
72 10
72 11
72 11
72 12
71 13
71 14
71 14
70 15
70 16
69 17
69 18
69 18
69 19
68 20
68 21
68 22
67 23
67 24
67 24
67 25
66 26
66 27
66 28
66 29
65 30
65 31
65 31
65 32
64 33
64 34
63 35
63 36
63 37
62 38
62 39
62 39
62 40
61 41
61 42
60 43
60 44
60 45
59 46
59 47
59 47
59 48
58 49
58 50
58 51
58 52
57 53
57 54
57 55
57 55
57 56
56 57
56 58
55 59
55 60
55 61
54 62
54 63
54 63
54 64
53 65
53 66
52 67
52 68
52 69
51 70
51 71
51 71
51 72
50 73
50 74
50 75
49 76
49 77
49 77
49 78
48 79
48 80
48 81
48 82
47 83
47 84
47 84
46 85
46 86
45 87
45 88
44 89
44 89
43 90
43 91
42 92
42 93
42 93
41 94
41 95
40 96
40 96
39 97
38 97
37 98
37 98
36 98
35 99
34 99
34 99
33 99
32 99
32 99
31 99
30 99
30 99
29 98
28 97
28 97
28 96
28 95
28 94
28 94
28 93
28 92
28 91
28 90
28 90
28 89
28 88
28 87
28 86
28 85
28 84
28 84
28 83
29 82
29 81
30 80
30 79
30 79
30 78
31 77
31 76
31 75
32 74
32 73
32 73
33 72
33 71
34 70
35 69
35 68
36 67
36 67
37 66
37 65
38 64
38 63
39 62
39 61
39 61
40 60
41 59
41 58
42 57
43 56
43 56
44 55
45 54
46 53
47 52
47 52
48 51
49 50
49 49
50 48
50 48
51 47
52 46
53 46
54 45
54 45
55 44
56 43
57 42
57 42
58 41
59 41
59 41
60 40
61 40
62 39
62 39
63 38
64 38
64 38
65 38
66 38
66 38
67 38
67 38
68 39
68 39
69 40
69 40
69 41
69 41
69 42
69 43
69 43
70 44
70 44
70 45
70 46
70 46
71 47
71 47
72 47
72 47
73 48
73 48
74 48
75 48
76 48
76 48
77 47
78 47
78 47
79 47
80 46
81 46
81 46
82 45
83 45
83 45
84 44
85 44
85 44
86 43
87 43
87 43
88 43
88 43
89 43
89 43
90 43
90 43
90 44
90 44
90 44
91 44
91 44
91 44
91 45
91 45
91 45
91 45
92 45
92 45
92 45
93 46
94 46
94 46
95 45
95 45
96 44
96 44
97 43
98 43
99 42
