13 24
13 25
12 26
12 27
12 27
11 26
11 25
11 25
11 24
11 24
11 24
11 24
11 23
12 22
12 21
12 21
13 20
13 19
14 18
14 18
14 17
15 16
15 15
15 15
16 14
16 13
17 12
17 11
17 11
18 10
18 9
19 8
19 7
19 7
19 6
20 5
20 4
20 4
21 3
21 2
21 2
21 1
21 1
20 0
20 0
19 1
19 2
19 2
18 3
17 3
17 3
16 4
16 5
15 6
15 7
15 7
14 8
14 9
13 10
13 11
12 12
12 13
12 13
12 14
11 15
11 16
10 17
10 18
9 19
9 20
9 20
9 21
8 22
8 23
8 24
7 25
7 26
7 27
7 28
6 29
6 30
6 30
6 31
5 32
5 33
5 34
4 35
4 36
4 37
4 38
3 39
3 40
3 40
3 41
3 42
2 43
2 44
2 45
2 46
2 47
2 48
1 49
1 50
1 51
1 51
1 52
1 53
1 54
1 55
0 56
0 57
0 58
0 59
0 60
0 61
0 61
0 62
0 63
0 64
0 65
0 66
0 67
0 68
0 68
0 69
0 70
0 71
0 72
0 73
0 73
1 74
1 75
1 75
2 76
3 77
3 77
4 78
5 78
6 79
6 79
6 78
6 77
6 76
6 75
6 74
6 73
6 72
7 71
7 70
7 69
7 68
7 67
7 66
7 65
7 64
7 63
7 63
6 64
5 64
5 64
4 63
4 62
4 62
4 61
4 60
4 59
4 59
4 59
5 58
6 57
6 57
7 56
8 55
8 55
9 54
10 53
10 53
11 52
12 52
12 52
13 51
14 50
14 50
15 50
16 50
16 50
17 50
18 50
18 50
19 50
19 50
19 51
19 52
19 53
19 53
19 54
18 55
18 56
18 56
18 57
18 58
17 59
17 60
17 61
17 61
17 62
17 63
17 64
17 65
17 66
17 67
17 67
17 68
17 69
16 70
16 71
16 72
16 73
16 73
16 74
15 75
15 76
15 77
15 77
15 78
15 79
15 80
15 80
15 81
16 82
16 83
16 83
17 84
17 84
18 85
18 85
19 84
19 83
20 82
20 81
21 80
21 79
22 78
22 77
23 76
24 75
24 74
25 73
25 72
26 71
26 70
27 69
27 68
28 67
28 66
29 65
29 65
30 65
30 65
31 64
31 63
31 63
31 62
31 61
31 61
32 60
32 59
32 59
33 58
34 57
34 57
34 56
35 55
35 54
35 53
35 53
36 52
36 51
37 50
37 49
37 49
38 48
38 47
39 46
39 45
39 45
39 44
40 43
40 42
40 42
41 41
41 40
42 39
42 38
42 38
42 37
42 36
42 36
43 35
43 34
43 34
42 34
42 34
42 33
42 33
41 34
41 34
40 34
40 34
39 35
39 36
39 36
38 37
38 38
37 39
37 40
37 40
37 41
36 42
36 43
36 44
36 44
36 45
36 46
35 47
35 48
35 49
35 50
35 50
35 51
34 52
34 53
34 54
34 54
34 55
34 56
34 57
34 58
34 58
35 59
35 60
35 60
36 61
36 61
37 61
38 61
38 61
39 60
40 60
40 60
41 59
42 59
42 59
43 58
44 57
44 57
45 56
45 55
46 54
46 54
47 53
47 52
48 51
48 51
48 50
49 49
49 48
49 48
50 47
50 46
51 45
51 45
52 44
52 43
52 43
52 42
52 41
52 41
52 41
52 41
52 41
51 42
51 42
51 43
51 44
51 44
51 44
52 45
52 45
53 45
53 45
54 44
54 44
55 43
55 43
56 42
57 42
57 42
58 41
58 40
58 40
59 39
59 39
60 38
60 38
60 38
60 38
60 38
61 37
61 37
62 37
62 37
63 36
63 36
64 35
65 35
65 35
66 34
67 34
67 34
68 33
69 32
69 32
70 31
71 31
71 31
72 30
72 29
73 28
73 28
74 27
74 26
75 25
75 25
76 24
77 23
77 23
78 22
78 21
79 20
79 19
79 19
79 18
80 17
80 16
80 16
81 15
81 14
82 13
82 12
82 12
82 11
83 10
83 9
83 9
83 8
83 8
83 8
82 9
82 9
81 10
81 11
81 11
81 12
80 13
80 14
80 14
80 15
80 16
79 17
79 18
79 19
79 19
79 20
78 21
78 22
78 23
78 24
77 25
77 26
77 26
77 27
76 28
76 29
76 30
76 31
75 32
75 33
75 34
75 34
75 35
74 36
74 37
74 38
74 39
73 40
73 41
73 42
73 43
72 44
72 45
72 46
72 46
72 47
72 48
71 49
71 50
71 51
71 52
71 53
71 54
70 55
70 56
70 57
70 58
70 58
70 59
70 60
69 61
69 62
69 63
69 64
69 65
69 66
68 67
68 68
68 69
68 70
68 70
68 71
68 72
67 73
67 74
67 75
67 76
67 77
67 78
66 79
66 80
66 81
66 81
66 82
66 83
66 84
65 85
65 86
65 87
65 88
65 89
65 89
65 90
64 91
64 92
63 93
63 94
63 94
63 95
62 96
62 97
62 97
61 98
61 99
61 99
61 99
61 99
61 98
62 97
62 96
62 96
62 95
62 94
63 93
63 92
63 91
63 91
63 90
64 89
64 88
64 87
65 86
65 85
65 84
66 83
66 82
66 82
66 81
67 80
67 79
67 78
68 77
68 76
68 75
68 74
69 73
69 72
69 72
69 71
70 70
70 69
71 68
71 67
72 66
72 65
72 64
73 63
73 62
74 61
74 60
74 60
74 59
75 58
75 57
75 56
76 55
76 54
76 53
77 52
77 51
77 50
78 49
78 48
78 48
79 47
79 46
80 45
81 44
82 43
82 42
83 41
83 41
84 40
84 39
85 38
85 37
86 36
86 35
86 35
87 34
87 33
87 33
87 33
87 34
87 34
87 35
87 35
87 36
87 36
88 37
88 37
89 38
90 38
90 38
91 38
92 37
93 37
94 37
94 37
95 37
96 37
97 36
98 36
99 36
