14 23
14 23
14 23
14 23
14 23
14 23
14 23
14 23
14 23
14 23
15 22
15 21
16 20
16 20
16 19
16 18
16 18
17 17
17 16
17 16
17 15
18 14
18 13
18 13
18 12
19 11
19 10
19 9
19 9
19 8
19 7
19 6
19 6
20 5
20 4
20 4
20 3
20 2
20 2
19 1
19 1
19 1
18 0
18 0
17 0
17 0
16 1
16 1
15 2
14 2
14 2
14 3
13 4
13 5
13 5
12 6
12 7
11 8
11 8
10 9
10 10
9 11
9 11
9 12
8 13
8 14
8 15
8 15
7 16
7 17
6 18
6 18
6 19
5 20
5 21
5 22
5 22
5 23
4 24
4 25
4 26
4 26
4 27
3 28
3 29
3 30
3 30
3 31
2 32
2 33
2 34
2 34
2 35
2 36
2 37
2 38
2 39
2 39
2 40
2 41
1 42
1 43
1 44
1 44
1 45
1 46
0 47
0 48
0 49
0 50
0 50
0 51
0 52
0 53
0 54
0 55
0 56
0 56
0 57
0 58
0 59
0 60
0 60
0 61
0 62
0 63
0 64
0 65
0 65
0 66
0 67
0 68
0 68
0 69
0 70
0 71
0 72
0 72
0 73
1 74
1 75
1 75
2 76
2 76
3 77
3 77
4 77
5 77
5 77
6 76
7 75
7 75
8 74
9 73
9 73
10 72
10 71
11 70
11 69
11 69
11 68
12 67
12 66
12 66
13 65
13 64
14 63
14 63
14 62
14 61
14 60
14 60
14 59
15 58
15 57
15 56
15 56
15 55
15 54
15 53
15 52
15 52
15 51
15 50
15 50
15 49
14 48
14 47
14 47
14 46
14 46
14 45
14 45
13 44
13 44
13 44
13 44
13 44
13 44
13 44
13 44
14 44
14 44
15 44
15 44
16 43
16 43
17 43
18 43
18 43
19 43
19 43
20 43
20 43
20 43
20 44
20 44
20 44
20 45
20 46
20 46
20 47
20 48
20 48
20 49
19 50
19 51
19 51
19 52
18 53
18 54
18 55
18 55
18 56
17 57
17 58
17 59
17 59
17 60
17 61
17 62
17 62
17 63
17 63
17 64
17 65
17 65
17 66
17 66
17 67
17 67
17 67
18 67
18 67
18 67
18 67
19 66
20 65
21 64
22 63
22 62
23 61
24 60
25 59
26 58
27 57
28 56
29 55
29 54
30 53
31 52
32 51
32 51
32 51
32 51
32 51
32 51
32 51
32 51
31 51
31 51
31 51
31 51
31 51
31 51
31 51
31 51
32 51
32 51
32 51
33 50
33 50
34 49
34 49
35 48
35 48
36 47
36 47
37 46
37 46
38 45
38 45
39 44
39 43
39 43
40 42
40 42
41 41
41 40
41 40
42 39
42 38
42 38
43 37
43 36
43 36
43 35
43 34
43 34
43 33
43 33
43 32
43 32
43 31
43 31
43 31
43 30
43 30
43 30
42 30
42 30
42 30
42 30
41 30
41 30
41 31
41 31
40 32
40 32
40 33
40 34
40 34
39 35
39 36
39 36
38 37
38 37
38 38
38 39
38 40
38 40
37 41
37 42
37 42
37 43
37 44
37 44
37 45
37 46
37 46
37 47
36 48
36 49
36 49
36 50
36 51
36 52
36 52
36 53
35 54
35 55
35 55
35 56
35 57
35 58
35 58
35 59
35 60
35 60
35 61
35 62
35 63
35 63
35 64
35 64
36 65
36 66
36 66
36 67
36 67
37 68
37 68
38 69
38 69
39 69
39 69
40 68
40 68
41 67
42 66
42 66
43 65
43 64
43 64
43 63
44 62
44 61
44 61
44 60
45 59
45 58
45 58
46 57
46 56
47 55
47 55
47 54
48 53
48 52
48 52
48 51
49 50
49 49
49 49
50 48
50 47
50 47
50 46
50 46
50 45
50 45
50 45
50 45
50 45
50 45
50 46
50 46
50 47
50 47
50 48
50 48
51 49
51 49
51 50
51 50
52 51
52 51
53 50
53 50
54 49
54 49
55 48
56 48
56 48
57 47
57 46
58 45
58 45
59 44
59 43
60 42
60 41
60 41
61 40
61 39
62 38
62 38
63 37
63 36
64 35
64 34
64 34
65 33
66 32
66 31
67 30
67 30
68 29
68 28
69 27
69 26
70 25
70 25
70 24
71 23
71 22
72 21
72 20
72 20
72 19
73 18
73 17
74 16
74 15
74 15
75 14
75 13
76 12
76 11
76 11
77 10
77 9
78 8
78 8
79 7
79 6
79 6
79 5
79 5
80 4
80 4
80 4
80 4
79 5
79 5
79 6
79 6
78 7
78 8
78 8
78 9
78 10
78 11
78 11
78 12
77 13
77 14
77 14
77 15
76 16
76 17
76 18
76 18
76 19
75 20
75 21
75 22
75 22
75 23
75 24
74 25
74 26
74 27
74 27
74 28
73 29
73 30
73 31
73 31
73 32
73 33
72 34
72 35
72 36
72 36
72 37
71 38
71 39
70 40
70 41
70 41
70 42
70 43
69 44
69 45
69 46
69 47
69 47
69 48
69 49
68 50
68 51
68 52
68 53
68 53
68 54
68 55
67 56
67 57
67 58
67 59
67 59
67 60
67 61
66 62
66 63
66 64
66 65
66 65
66 66
65 67
65 68
65 69
64 70
64 71
64 71
64 72
64 73
64 74
63 75
63 76
63 77
63 78
63 78
63 79
63 80
62 81
62 82
62 83
62 83
62 84
62 85
61 86
61 87
61 88
61 89
61 89
61 90
61 91
61 92
61 93
61 93
61 94
61 95
61 96
61 97
61 97
62 98
62 99
62 99
62 99
63 99
64 99
64 99
65 98
65 97
65 97
66 96
67 95
68 94
68 94
68 93
69 92
69 91
70 90
70 89
70 89
70 88
71 87
71 86
71 85
72 84
72 83
72 83
72 82
73 81
73 80
74 79
74 78
74 78
74 77
75 76
75 75
76 74
76 73
76 73
76 72
76 71
77 70
77 69
77 68
77 67
77 67
77 66
78 65
78 64
78 63
78 63
78 62
79 61
79 60
79 59
79 59
79 58
79 57
79 56
79 55
79 55
79 54
80 53
80 52
80 52
80 51
80 50
80 50
80 49
80 49
80 49
80 49
81 50
81 50
82 51
82 51
83 50
84 50
84 50
85 50
86 49
87 49
87 49
88 48
89 47
90 46
90 46
91 45
92 44
93 43
94 42
94 42
95 41
96 40
97 40
98 39
99 38
