8 31
8 31
8 31
8 31
8 31
8 31
8 31
8 31
8 31
8 31
8 31
8 31
8 31
8 31
8 31
8 31
8 31
8 31
8 31
8 31
8 31
8 31
8 31
8 31
8 31
8 31
8 31
8 31
8 31
8 31
8 31
9 31
9 31
9 31
9 30
9 30
9 30
9 30
9 30
9 30
10 29
10 29
10 29
10 29
10 28
10 28
10 28
11 27
11 27
11 26
11 26
12 26
12 26
12 25
12 25
12 24
12 24
13 23
13 23
13 22
13 22
14 21
14 21
14 20
14 20
15 19
15 18
15 18
15 17
15 16
15 16
16 15
16 15
16 14
16 13
16 12
16 12
16 11
16 10
16 10
16 9
16 8
16 8
16 7
16 6
16 6
16 5
16 5
15 4
15 3
15 3
14 2
14 1
14 1
13 1
13 1
12 0
11 0
11 0
10 1
10 1
9 2
8 3
8 3
7 4
7 5
7 5
6 6
5 7
5 7
5 8
4 9
4 10
4 10
3 11
3 12
2 13
2 13
2 14
1 15
1 16
1 17
1 17
1 18
0 19
0 20
0 21
0 21
0 22
0 23
0 24
0 25
0 26
0 26
0 27
0 28
0 29
0 30
0 30
0 31
0 32
0 33
0 34
0 34
0 35
0 36
0 37
0 38
0 38
0 39
1 40
1 41
1 41
1 42
2 43
2 44
2 45
2 45
2 46
3 47
3 48
3 48
4 49
4 50
5 51
5 52
5 52
6 53
6 54
7 55
7 55
8 56
9 57
9 57
10 58
11 59
11 59
12 59
13 59
13 59
14 60
15 60
15 60
16 60
16 60
17 60
17 60
17 59
17 58
17 57
17 56
17 55
17 54
17 53
16 52
16 51
16 50
16 49
16 48
16 47
16 46
16 45
16 45
16 46
16 46
16 46
15 46
15 46
15 46
15 46
15 46
15 46
15 45
15 45
15 44
15 44
14 43
14 43
14 42
14 41
14 41
13 40
13 40
13 39
13 38
13 38
12 37
12 37
12 36
12 36
12 35
12 35
12 35
12 35
12 35
13 34
13 34
14 34
14 34
15 34
16 34
16 34
17 34
17 34
18 34
19 34
19 34
20 34
21 34
21 34
22 33
23 33
23 33
24 33
25 33
25 33
26 32
27 32
27 32
28 31
28 31
29 30
30 30
30 30
31 29
31 29
31 29
31 29
31 30
31 30
31 31
31 31
31 32
31 32
31 33
30 34
30 35
30 35
30 36
29 37
29 38
29 38
29 39
29 40
29 41
29 42
29 42
29 43
29 44
29 45
29 46
29 46
29 47
29 48
29 49
29 50
29 50
29 51
29 52
29 53
29 54
29 54
29 55
30 56
30 57
30 57
31 58
31 59
31 59
32 60
32 61
32 61
33 60
34 60
35 59
36 59
37 58
38 58
39 57
39 57
39 58
39 58
38 59
38 59
38 59
38 59
38 59
38 59
39 58
39 58
40 57
40 57
41 56
41 55
41 55
41 54
42 53
42 52
42 51
42 51
42 50
43 49
43 48
43 48
43 47
43 46
43 45
43 44
43 44
43 43
44 42
44 41
44 41
44 40
44 39
44 38
44 38
44 37
44 36
44 36
44 35
44 34
44 34
43 33
43 33
43 33
42 34
42 34
41 35
41 36
41 36
41 37
40 38
40 39
40 39
40 40
40 41
40 42
40 42
40 43
39 44
39 45
39 45
39 46
39 47
39 48
39 49
39 49
39 50
40 51
40 52
40 52
40 53
41 54
41 55
41 55
41 56
42 57
42 58
42 58
43 59
44 59
44 59
45 60
45 60
46 60
47 60
47 60
48 59
48 59
49 58
50 57
50 57
49 58
48 59
47 60
47 60
47 60
47 60
47 60
47 60
47 60
47 60
47 60
48 60
48 60
48 60
49 60
49 60
49 60
49 60
50 60
50 60
50 60
50 60
51 59
51 59
51 59
51 58
51 58
51 57
51 57
52 56
52 56
52 55
52 55
53 54
53 53
53 53
53 52
53 52
54 51
54 51
54 51
54 50
54 50
55 50
55 50
55 49
55 49
55 49
55 48
55 48
55 48
55 48
55 47
55 47
55 47
55 46
55 46
55 46
55 46
55 45
55 45
55 45
55 45
55 44
55 44
55 44
55 44
55 44
55 44
55 44
55 44
55 44
56 44
56 44
56 43
56 43
56 43
56 43
56 43
56 43
56 43
56 42
56 42
56 42
56 42
56 42
56 42
55 42
55 42
55 42
55 42
55 42
55 42
55 42
55 42
55 42
55 42
55 42
55 42
55 42
55 42
55 42
55 42
55 42
55 42
55 42
55 42
55 42
55 42
55 42
55 42
55 42
55 42
55 42
55 42
55 41
55 41
55 41
55 41
55 41
55 41
55 41
55 41
55 41
55 41
55 42
55 42
56 42
56 42
56 42
56 42
56 43
56 43
56 43
56 43
56 43
56 43
56 43
57 44
57 44
57 44
57 45
57 45
58 45
58 45
59 46
59 46
59 46
60 47
60 47
60 47
61 48
61 48
62 48
62 48
62 48
63 48
63 48
63 48
64 47
64 47
64 46
64 45
64 45
65 44
65 44
66 43
66 42
66 42
67 41
67 40
67 40
68 39
68 38
68 38
69 37
69 36
69 36
69 35
69 35
69 34
69 34
70 33
70 33
70 32
70 32
70 32
70 31
70 31
70 31
70 31
70 31
70 31
70 31
70 31
70 31
70 31
70 31
70 31
70 31
71 32
71 32
71 32
71 32
72 32
72 32
72 32
73 32
73 32
73 31
73 31
74 30
74 30
74 29
74 29
74 28
74 27
74 27
75 26
75 26
75 25
75 24
75 24
75 23
75 23
75 22
75 22
75 22
75 22
75 22
75 22
75 22
75 22
75 23
75 23
75 24
75 24
75 25
75 26
75 26
75 27
75 28
75 28
75 29
75 30
75 30
76 31
76 32
76 32
76 33
76 34
76 34
76 35
76 36
76 37
76 37
76 38
76 39
76 40
76 40
76 41
76 42
76 43
76 44
76 44
76 45
76 46
76 47
76 48
76 48
76 49
75 50
75 51
75 52
75 52
75 53
75 54
74 55
74 56
74 57
74 57
74 58
74 59
74 60
74 61
74 62
74 62
74 63
73 64
73 65
73 66
73 66
73 67
73 68
73 69
73 70
73 71
73 71
73 72
73 73
73 74
73 75
73 75
73 76
73 77
72 78
72 79
72 80
72 80
72 81
71 82
71 83
71 84
71 84
71 85
70 86
70 87
69 88
69 89
69 89
68 90
68 91
67 92
67 92
66 93
66 94
65 95
65 96
65 96
64 97
63 98
63 98
62 98
61 99
60 99
60 99
59 99
58 99
57 99
57 99
56 99
55 98
54 98
54 98
53 97
52 97
51 96
50 96
50 96
49 95
49 94
49 94
49 93
48 92
48 91
48 90
48 90
48 89
48 88
48 87
48 86
48 86
48 85
48 84
49 83
49 82
49 81
49 80
49 80
50 79
50 78
51 77
51 76
52 75
52 74
52 74
53 73
53 72
54 71
55 70
55 69
56 68
56 68
57 67
57 66
58 65
58 64
59 63
59 62
60 61
60 61
61 60
62 59
63 58
64 57
65 56
65 56
66 55
67 54
68 53
69 52
69 52
70 51
71 51
72 50
73 50
74 49
75 49
76 48
77 48
78 47
79 47
80 46
81 46
82 45
83 45
84 44
85 44
86 43
87 43
88 42
89 42
90 41
91 41
91 41
92 40
93 40
94 39
95 38
96 38
97 37
98 37
99 36
