7 23
7 23
7 23
7 23
8 23
8 23
8 22
8 22
8 21
8 21
8 20
8 20
8 19
8 19
8 18
8 18
8 17
8 17
8 17
8 17
7 18
7 18
6 19
6 20
6 20
6 21
5 22
5 23
5 23
5 24
4 25
4 26
4 27
4 27
4 28
3 29
3 30
3 31
3 31
3 32
2 33
2 34
2 35
2 35
2 36
1 37
1 38
0 39
0 40
0 40
0 41
0 42
0 43
0 43
0 44
0 45
0 46
0 46
0 47
0 48
0 48
1 49
1 49
2 49
2 49
3 48
4 48
4 48
5 47
6 47
6 47
7 46
7 45
7 45
7 44
7 43
7 42
7 41
7 40
7 39
7 39
6 40
6 40
5 40
5 40
5 40
6 39
6 39
7 38
7 38
8 37
8 37
9 36
9 36
10 35
11 34
11 34
12 34
12 34
13 33
14 33
14 33
15 34
15 34
15 34
15 35
15 36
15 36
15 37
15 38
15 39
15 39
15 40
15 41
15 42
15 42
15 43
14 44
14 45
14 45
14 46
14 47
14 48
14 48
13 49
13 49
13 50
13 51
13 51
13 51
14 51
14 51
14 51
15 50
16 49
17 48
18 47
18 46
19 45
20 44
21 43
22 42
23 41
24 40
25 39
25 38
26 37
27 36
28 35
28 35
27 36
27 37
26 38
25 39
24 40
24 41
23 42
23 42
24 43
24 43
24 43
23 43
23 43
23 43
23 43
24 43
24 43
24 42
24 42
25 42
25 42
26 41
26 40
26 40
27 39
27 38
27 38
28 37
28 36
28 36
29 35
29 34
29 34
30 33
31 32
31 32
31 31
32 30
32 29
32 29
32 28
32 27
32 27
33 26
33 25
33 25
33 24
33 24
33 24
32 24
32 24
31 25
31 25
31 26
31 27
31 27
31 28
30 29
30 30
30 30
29 31
29 32
28 33
28 33
28 34
28 35
28 35
27 36
27 37
27 37
27 38
27 39
27 39
28 39
28 39
29 39
29 39
30 39
30 39
31 38
32 38
32 38
33 37
34 37
34 37
35 36
36 35
36 35
37 34
37 33
37 33
38 32
39 31
39 31
40 30
40 29
40 29
41 28
41 28
41 27
41 27
41 27
41 28
41 28
41 29
41 29
40 30
40 30
40 31
40 31
41 31
41 31
41 31
42 30
42 30
43 29
43 29
44 28
44 28
45 27
46 26
46 26
47 25
47 25
47 24
47 24
48 24
48 24
49 23
49 23
50 23
50 23
50 23
51 23
51 23
51 23
52 23
52 23
52 23
53 22
53 22
54 21
54 20
54 20
55 19
55 19
56 18
56 17
56 17
57 16
57 15
57 15
58 14
58 13
58 13
59 12
59 11
59 11
60 10
60 9
60 9
61 8
61 7
61 7
62 6
63 5
63 5
64 4
64 4
65 3
65 2
65 2
66 1
66 1
66 1
66 0
66 0
66 1
66 1
66 1
66 1
66 2
66 2
65 3
65 3
65 4
65 5
65 5
65 6
64 7
64 8
64 8
64 9
63 10
63 11
63 12
63 12
63 13
63 14
62 15
62 16
62 17
62 17
62 18
62 19
61 20
61 21
61 22
61 23
61 23
61 24
60 25
60 26
60 27
60 28
59 29
59 30
59 30
59 31
59 32
58 33
58 34
58 35
58 36
58 36
58 37
58 38
58 39
57 40
57 41
57 42
57 43
57 43
57 44
57 45
57 46
56 47
56 48
56 49
56 50
56 51
56 51
56 52
56 53
55 54
55 55
55 56
55 57
55 57
55 58
55 59
54 60
54 61
54 62
54 63
54 63
54 64
54 65
53 66
53 67
53 68
53 69
53 69
53 70
52 71
52 72
52 73
51 74
51 75
51 75
51 76
51 77
50 78
50 79
50 80
50 81
50 81
50 82
50 83
49 84
49 85
49 86
49 87
49 87
48 88
48 89
47 90
47 91
47 91
47 92
46 93
46 94
46 94
46 95
45 96
45 97
45 97
44 98
44 99
44 99
44 99
43 99
43 99
43 99
42 98
42 98
42 97
42 97
42 96
42 95
42 95
42 94
42 93
42 92
42 92
42 91
42 90
42 89
42 88
42 88
42 87
42 86
42 85
42 84
42 84
42 83
43 82
43 81
43 80
43 80
43 79
43 78
44 77
44 76
44 75
44 75
44 74
45 73
45 72
45 71
45 71
45 70
46 69
46 68
47 67
47 66
47 66
48 65
49 64
49 63
50 62
50 62
51 61
51 60
52 59
52 58
53 57
53 57
54 56
54 55
55 54
56 53
56 52
57 51
57 51
58 50
58 49
59 48
59 47
60 46
60 46
61 45
61 44
62 43
63 42
63 41
64 40
64 40
65 39
65 38
66 37
66 36
67 35
67 35
68 34
69 33
69 32
70 31
71 30
71 30
72 29
72 28
73 27
73 26
74 25
74 25
75 24
76 23
76 22
77 21
77 21
78 20
79 19
80 19
81 18
81 18
82 17
83 16
83 16
84 15
84 15
85 15
85 15
86 16
86 16
85 17
85 17
85 18
85 19
85 20
85 20
84 21
84 22
83 23
83 23
83 24
82 25
82 26
82 26
81 27
81 28
80 29
80 29
80 30
80 31
80 31
80 32
80 33
80 33
80 33
81 33
81 33
82 33
83 33
83 33
84 33
85 33
85 33
86 32
87 32
87 32
88 32
89 32
90 32
90 32
91 31
92 30
92 30
93 30
94 29
95 29
95 29
96 28
97 27
98 27
99 26
