13 23
13 23
13 22
13 22
13 21
13 21
13 20
13 20
13 19
13 19
14 18
14 17
14 17
15 16
15 16
15 15
15 14
15 14
15 14
15 13
15 13
15 13
14 14
14 14
13 15
13 15
12 16
12 17
12 17
11 18
11 19
10 20
10 20
9 21
9 22
8 23
8 23
7 24
7 25
6 26
6 27
6 27
6 28
5 29
5 30
4 31
4 32
4 32
4 33
4 34
3 35
3 36
3 37
3 37
3 38
2 39
2 40
1 41
1 42
1 42
1 43
1 44
0 45
0 46
0 47
0 47
0 48
0 49
0 50
0 50
0 51
0 52
0 52
1 52
1 52
2 52
3 52
3 52
4 51
4 50
4 50
5 49
6 48
6 48
7 47
8 46
8 46
8 45
9 44
9 43
9 42
9 41
10 40
10 39
10 38
10 38
9 38
9 38
9 38
9 38
10 37
10 37
10 37
11 36
11 36
12 35
13 35
13 35
14 35
14 35
15 34
15 34
16 33
17 33
17 33
18 33
18 33
18 33
18 34
18 35
18 35
18 36
18 37
18 37
18 38
18 39
18 40
18 41
18 41
18 42
18 43
18 44
18 45
18 45
18 46
17 47
17 48
17 49
17 49
17 50
17 51
17 51
16 52
16 53
16 53
16 54
16 54
16 55
16 55
16 55
16 55
17 54
17 54
18 53
19 52
19 51
20 50
21 49
22 48
22 47
23 46
24 45
25 44
25 43
26 42
26 42
26 43
26 43
26 43
26 43
26 43
26 42
26 42
27 41
27 41
28 40
28 40
29 39
30 39
30 39
31 38
32 37
32 37
33 36
33 35
33 35
34 34
35 34
35 34
36 33
36 32
36 32
36 31
36 31
37 30
37 30
36 29
36 29
36 29
35 29
35 29
34 30
34 30
33 31
33 31
33 32
33 33
33 33
32 34
32 35
32 35
32 36
32 36
32 37
32 38
32 38
32 39
32 40
32 40
32 41
32 41
32 41
33 41
33 41
34 41
34 41
35 40
35 40
36 39
37 39
37 39
38 38
39 37
39 37
40 36
40 35
40 35
41 34
42 33
42 33
43 32
43 32
44 31
44 31
45 30
45 30
45 30
45 30
45 30
46 31
46 31
47 31
47 31
47 31
48 30
48 30
49 29
50 29
50 29
51 28
51 28
52 27
52 27
53 26
53 25
53 25
54 24
55 23
55 23
56 22
56 22
57 21
57 21
58 20
58 20
59 19
59 19
60 19
60 19
61 18
61 18
62 18
62 18
63 17
64 17
64 17
65 16
65 16
66 15
66 15
67 14
67 14
67 13
67 13
68 12
68 12
69 11
69 10
69 10
70 9
70 9
71 8
71 7
71 7
72 6
72 5
72 5
73 4
74 4
74 4
75 3
75 2
75 2
76 1
76 1
77 0
77 0
77 1
77 1
77 1
76 2
76 3
76 3
75 4
75 4
75 5
75 6
75 6
74 7
74 8
73 9
73 9
73 10
72 11
72 12
72 13
72 13
72 14
72 15
71 16
71 17
71 18
71 18
71 19
70 20
70 21
70 22
69 23
69 24
69 24
69 25
68 26
68 27
68 28
68 29
67 30
67 31
67 31
67 32
66 33
66 34
66 35
66 36
65 37
65 38
65 39
65 39
65 40
64 41
64 42
63 43
63 44
62 45
62 46
62 46
62 47
61 48
61 49
61 50
61 51
60 52
60 53
60 54
60 54
60 55
59 56
59 57
58 58
58 59
57 60
57 61
57 61
57 62
56 63
56 64
56 65
55 66
55 67
55 67
55 68
55 69
54 70
54 71
54 72
54 73
54 73
54 74
53 75
53 76
52 77
52 78
52 78
52 79
52 80
51 81
51 82
51 83
51 84
51 84
51 85
50 86
50 87
50 88
50 88
50 89
49 90
49 91
48 92
48 93
48 93
48 94
47 95
47 96
47 96
47 97
46 98
46 99
46 99
46 99
46 99
46 98
46 98
46 97
46 96
46 95
46 95
46 94
47 93
47 92
47 92
47 91
48 90
48 89
48 89
49 88
49 87
50 86
50 86
50 85
51 84
51 83
51 82
51 82
51 81
52 80
52 79
52 78
52 78
52 77
53 76
53 75
54 74
54 73
54 73
54 72
55 71
55 70
56 69
56 68
56 68
57 67
57 66
58 65
58 64
59 63
59 63
59 62
60 61
60 60
60 59
61 58
61 57
61 57
62 56
62 55
63 54
63 53
64 52
64 52
65 51
65 50
66 49
66 48
66 48
67 47
68 46
68 45
69 44
69 44
70 43
71 42
72 41
72 41
73 40
74 39
75 38
75 38
76 37
77 36
78 35
78 35
79 34
79 33
80 32
80 32
81 31
82 30
83 29
83 29
84 28
85 28
86 27
86 27
87 26
88 25
88 25
89 25
89 25
90 25
90 25
90 26
90 27
90 27
90 28
90 28
90 29
90 30
90 30
89 31
89 32
89 32
89 33
89 34
89 34
89 35
89 36
89 36
89 37
89 37
90 37
90 37
91 36
92 36
92 36
93 35
94 35
94 35
95 34
96 34
96 34
97 34
98 33
99 33
