14 2
15 1
15 1
14 0
14 0
14 1
14 1
13 1
13 1
12 2
12 2
11 3
11 4
11 4
10 5
9 6
9 6
9 7
8 8
8 9
8 10
8 10
7 11
7 12
6 13
6 13
5 14
5 15
4 16
4 17
4 17
4 18
3 19
3 20
2 21
2 22
2 22
2 23
2 24
1 25
1 26
1 27
1 27
1 28
0 29
0 30
0 31
0 31
0 32
0 33
0 34
0 34
0 35
0 36
0 37
0 37
0 38
0 38
1 39
1 39
2 39
3 39
3 39
4 38
4 38
5 38
6 37
7 37
7 37
7 36
8 35
8 34
8 33
8 32
9 31
9 30
9 29
9 28
10 27
10 26
10 25
10 24
11 23
11 22
11 21
11 21
10 20
9 20
9 20
8 19
8 19
7 19
7 19
7 19
7 19
7 19
8 19
8 19
9 18
9 18
10 18
11 18
11 18
12 18
13 18
13 18
14 18
14 18
15 18
15 18
16 19
16 20
16 20
16 21
16 22
16 22
15 23
15 24
15 24
15 25
14 26
14 27
14 27
13 28
13 29
12 30
12 31
12 31
12 32
11 33
11 34
11 34
10 35
10 36
10 36
9 37
9 37
10 38
10 38
10 38
11 37
12 36
13 36
14 35
15 34
16 33
17 32
18 32
19 31
20 30
21 29
22 29
23 28
24 27
24 27
24 28
24 28
23 29
23 29
23 29
23 29
24 30
24 30
24 30
25 30
25 30
26 29
27 29
27 29
28 28
29 27
29 27
30 26
31 25
31 25
32 24
32 23
32 23
33 22
33 21
34 20
34 20
35 19
35 19
35 18
35 17
35 17
35 17
35 16
35 16
34 16
34 16
33 17
33 17
32 18
32 18
31 19
31 19
30 20
30 21
30 21
29 22
29 23
29 23
29 24
29 25
29 25
28 26
28 27
28 27
28 28
28 29
28 29
29 30
29 30
30 31
30 31
31 32
31 32
32 32
32 32
33 32
33 32
34 31
35 31
35 31
36 30
37 29
37 29
38 28
39 28
39 28
40 27
41 27
41 27
42 26
42 26
43 25
44 25
44 25
45 24
46 24
46 24
47 23
47 22
47 22
48 22
48 22
48 21
48 21
48 20
48 20
48 20
48 19
48 19
47 19
47 19
47 18
47 18
46 18
46 18
46 18
45 18
45 18
44 19
44 19
44 20
44 20
44 20
44 21
44 21
43 22
43 22
43 23
43 23
43 24
43 24
44 24
44 24
44 25
44 25
45 26
45 26
45 26
46 26
46 26
47 25
47 25
48 25
48 25
49 24
49 24
50 23
50 23
51 22
52 22
52 22
52 21
52 21
53 20
53 20
54 19
54 19
54 18
54 18
55 17
55 16
55 16
56 15
56 15
56 14
56 14
57 13
57 13
58 12
59 12
59 12
59 11
59 11
60 10
60 10
61 9
61 9
61 8
61 8
61 8
61 7
61 7
62 6
62 6
62 6
61 5
61 5
61 5
61 5
61 5
60 6
60 6
59 7
59 7
58 8
58 8
57 9
57 10
57 10
56 11
56 12
56 12
56 13
55 14
55 15
55 15
54 16
54 17
54 17
54 18
53 19
53 20
53 21
53 21
52 22
52 23
51 24
51 25
51 25
51 26
50 27
50 28
50 29
50 29
50 30
49 31
49 32
49 33
49 33
49 34
49 35
48 36
48 37
48 38
48 39
48 39
48 40
48 41
47 42
47 43
47 44
47 45
47 45
47 46
47 47
47 48
47 49
47 50
47 51
47 51
47 52
47 53
46 54
46 55
46 56
46 57
46 57
46 58
46 59
46 60
46 61
46 62
46 63
46 63
46 64
46 65
45 66
45 67
45 68
45 69
45 69
45 70
45 71
44 72
44 73
44 74
44 75
44 75
44 76
44 77
43 78
43 79
43 80
43 81
43 81
43 82
43 83
42 84
42 85
42 86
42 86
41 87
41 88
40 89
40 90
40 90
40 91
39 92
39 93
39 94
39 94
38 95
37 96
37 96
36 97
35 97
34 98
34 98
33 99
32 99
32 99
31 99
30 99
29 99
29 99
28 99
27 99
27 99
26 98
26 98
25 97
25 96
25 96
24 95
24 94
24 94
24 93
24 92
24 91
24 90
24 89
24 89
24 88
24 87
25 86
25 85
25 84
25 84
25 83
26 82
26 81
27 80
27 79
27 79
27 78
28 77
28 76
29 75
29 74
30 73
30 72
30 72
31 71
31 70
32 69
32 68
33 67
33 67
34 66
34 65
35 64
35 63
36 62
36 61
36 61
37 60
38 59
38 58
39 57
40 56
40 56
41 55
42 54
43 53
44 52
44 52
45 51
46 50
47 49
47 49
48 48
49 47
50 46
50 46
51 45
52 44
52 44
53 43
54 43
55 42
55 42
56 42
57 42
57 42
58 42
59 42
59 42
60 42
60 42
61 43
61 44
61 44
62 45
62 45
62 46
62 46
63 47
63 48
63 48
63 48
64 48
64 48
64 49
64 49
65 49
66 49
66 49
67 48
67 48
68 47
69 47
69 47
70 46
71 46
71 46
72 45
72 44
72 44
73 44
74 44
74 44
75 43
76 43
76 43
77 42
77 42
78 42
78 42
78 41
78 41
79 40
79 40
80 39
80 39
81 39
81 39
82 38
82 38
83 37
83 37
83 37
84 36
84 36
84 36
85 36
85 36
85 35
85 35
85 35
85 35
86 34
86 34
86 34
86 34
86 34
86 34
86 34
86 34
86 34
86 33
86 33
87 32
87 32
88 31
88 30
88 30
89 29
90 28
91 27
91 27
92 26
93 25
94 24
94 24
95 23
96 22
97 21
98 20
99 19
