4 31
4 31
4 31
4 31
4 31
4 31
5 30
5 30
6 29
6 29
7 28
7 27
7 27
8 26
8 25
8 25
9 24
9 23
10 22
10 22
10 21
11 20
11 19
11 18
11 18
12 17
12 16
13 15
13 15
13 14
14 13
14 12
14 12
14 11
15 10
15 9
15 9
15 8
15 7
15 6
15 6
15 5
15 4
15 4
14 3
14 2
14 2
13 1
13 1
12 0
12 0
11 0
11 0
10 1
10 1
9 2
9 2
8 3
8 4
8 4
8 5
7 6
7 7
7 7
7 8
6 9
6 10
6 10
6 11
5 12
5 13
5 14
5 14
5 15
4 16
4 17
4 18
3 19
3 20
3 20
3 21
3 22
3 23
2 24
2 25
2 26
2 27
2 27
2 28
2 29
1 30
1 31
1 32
1 33
1 33
1 34
1 35
1 36
0 37
0 38
0 39
0 40
0 40
0 41
0 42
0 43
0 44
0 45
0 46
0 46
0 47
0 48
0 49
0 50
0 51
0 52
0 52
0 53
1 54
1 55
1 56
1 56
1 57
2 58
2 59
2 60
2 60
3 61
3 62
4 63
4 63
5 64
5 65
6 66
6 66
7 67
8 67
8 67
9 68
10 68
10 68
11 69
12 69
12 69
13 68
14 68
14 68
14 67
14 66
14 65
14 64
14 63
14 62
14 61
14 60
14 59
15 58
15 57
15 56
15 55
15 54
15 53
15 52
15 51
15 50
15 49
15 48
15 48
14 49
14 49
14 49
13 49
13 49
13 49
14 49
14 49
15 48
15 48
16 47
17 46
17 46
18 45
18 44
19 43
19 43
20 42
21 41
22 40
22 40
23 39
24 38
25 37
25 37
26 36
27 35
28 34
28 34
29 33
29 32
30 31
30 31
31 30
31 30
31 30
31 30
31 30
31 31
31 31
31 32
31 33
31 33
31 34
31 35
31 36
31 36
31 37
31 38
31 39
31 40
31 40
31 41
31 42
32 43
32 44
32 45
32 45
32 46
32 47
32 48
32 49
32 50
32 50
32 51
33 52
33 53
33 54
33 54
33 55
34 56
34 57
34 58
34 58
34 59
34 60
34 61
34 62
34 62
34 63
35 64
35 65
35 65
35 66
35 67
35 68
35 68
36 69
36 70
36 70
37 71
37 71
37 72
37 72
38 73
38 73
39 73
39 73
40 73
40 73
41 73
41 73
41 72
41 71
41 70
41 69
41 68
41 67
41 66
41 65
41 64
41 63
41 62
41 61
41 60
41 59
41 58
41 57
41 56
41 55
41 54
41 53
41 53
41 54
41 55
41 55
41 56
41 56
40 56
40 56
41 56
41 56
41 56
41 55
41 55
42 54
42 53
42 53
43 52
43 51
44 50
44 50
44 49
45 48
45 47
45 47
46 46
46 45
47 44
47 43
47 43
47 42
48 41
48 40
48 40
48 39
49 38
49 37
49 37
49 36
50 35
50 34
50 34
50 33
50 32
50 31
50 31
49 30
49 30
49 29
49 29
48 30
47 30
47 30
46 31
46 31
46 32
45 33
45 34
45 34
45 35
44 36
44 37
44 38
44 38
44 39
44 40
43 41
43 42
43 43
43 43
43 44
43 45
43 46
43 47
43 48
43 48
43 49
43 50
43 51
43 52
43 52
44 53
44 54
44 54
45 55
45 56
45 56
46 57
46 57
47 57
47 57
48 56
48 56
49 55
49 54
49 54
50 53
51 52
51 52
51 51
52 50
52 49
52 48
52 48
52 47
53 46
53 45
53 45
53 46
53 47
53 48
53 49
54 50
54 51
54 52
54 53
54 54
54 55
54 55
54 55
53 55
53 55
53 55
53 55
53 55
53 55
53 55
53 54
53 54
54 53
54 52
54 52
55 51
55 50
55 50
56 49
57 48
57 48
58 47
58 46
59 45
59 45
60 44
60 43
61 42
61 42
62 41
62 40
63 39
63 39
63 38
64 37
64 36
64 36
65 35
65 34
65 34
66 33
66 33
66 32
66 32
66 31
66 31
66 32
66 32
66 32
66 33
66 34
66 34
66 35
66 36
66 36
66 37
66 38
66 38
66 39
66 40
66 40
66 41
66 42
66 42
66 43
66 44
66 45
66 45
66 46
66 47
66 47
67 48
67 49
67 49
67 50
67 50
68 50
68 50
68 50
69 50
69 50
70 49
70 48
70 48
71 47
71 47
72 46
72 45
72 45
72 44
72 43
72 42
72 42
73 41
73 40
73 40
74 39
74 38
74 38
74 37
74 37
74 37
74 36
74 36
74 36
74 37
74 37
75 37
75 37
75 37
75 38
75 38
75 38
75 39
75 39
76 40
76 40
76 40
77 40
77 40
77 40
78 39
78 39
79 38
79 38
79 37
79 37
80 36
80 36
80 35
80 34
80 34
81 33
81 33
81 32
81 32
82 31
82 31
83 30
83 30
84 31
84 31
84 31
84 32
84 32
85 33
85 34
85 34
85 35
85 35
85 36
85 36
85 37
85 37
85 38
85 38
85 39
85 39
85 39
85 39
86 39
86 39
86 39
86 39
86 39
86 40
86 40
86 41
86 41
86 42
85 43
85 44
85 44
85 45
85 46
85 47
85 48
85 48
85 49
84 50
84 51
84 51
84 52
84 53
84 54
84 55
84 55
84 56
84 57
84 58
84 59
84 60
84 60
84 61
84 62
83 63
83 64
83 65
83 65
83 66
83 67
83 68
83 69
83 70
83 70
83 71
83 72
83 73
83 74
83 75
83 76
83 76
83 77
83 78
83 79
83 80
83 80
83 81
82 82
82 83
82 84
82 84
82 85
82 86
82 87
82 88
82 88
82 89
82 90
82 90
82 91
81 92
81 93
81 93
80 94
80 95
80 95
80 96
80 97
80 97
79 98
78 98
78 98
77 99
76 99
76 99
75 99
74 99
73 99
73 99
72 99
71 99
70 99
70 99
69 99
68 99
68 99
67 99
67 99
67 98
67 97
67 97
67 96
67 95
67 94
67 93
67 93
67 92
68 91
68 90
69 89
69 88
69 88
69 87
70 86
70 85
70 84
71 83
71 82
71 81
72 80
72 79
72 79
72 78
73 77
73 76
74 75
74 74
74 73
75 72
75 71
76 70
76 69
76 69
77 68
77 67
78 66
79 65
79 64
80 63
81 62
81 61
82 60
82 60
83 59
83 58
84 57
85 56
85 55
86 54
87 53
87 52
88 51
88 51
89 50
90 49
91 48
91 47
92 46
93 45
94 44
94 44
95 43
96 42
97 41
98 40
99 39
