11 32
12 33
13 33
13 33
13 32
13 31
13 31
13 30
13 29
13 29
14 28
14 27
15 26
15 25
15 25
15 24
16 23
16 22
16 21
16 21
17 20
17 19
18 18
18 17
18 17
18 16
19 15
19 14
19 13
19 13
19 12
19 11
20 10
20 9
20 8
20 8
20 7
21 6
21 5
21 5
21 4
21 3
21 2
21 2
21 1
21 1
20 0
20 0
19 0
19 0
18 1
17 2
17 2
16 3
16 4
15 5
15 5
14 6
14 7
13 8
13 9
12 10
12 10
12 11
11 12
11 13
11 14
11 15
10 16
10 17
10 17
10 18
9 19
9 20
9 21
8 22
8 23
8 24
8 25
7 26
7 27
7 27
7 28
7 29
6 30
6 31
6 32
6 33
6 34
6 35
5 36
5 37
5 38
5 38
5 39
5 40
5 41
4 42
4 43
4 44
4 45
4 46
4 47
4 48
3 49
3 50
3 51
3 52
3 52
3 53
3 54
3 55
2 56
2 57
2 58
2 59
2 60
2 61
2 62
1 63
1 64
1 65
1 66
1 66
1 67
1 68
1 69
1 70
1 71
1 72
0 73
0 74
0 75
0 76
0 77
0 78
0 79
0 80
0 80
0 81
0 82
0 83
0 84
0 85
0 86
0 87
0 88
0 89
0 90
0 91
0 91
0 92
0 93
1 94
1 95
1 96
1 97
1 97
2 98
3 99
3 99
4 99
5 99
5 99
6 99
7 99
8 99
8 99
9 98
10 98
11 97
11 97
11 96
11 95
11 94
11 93
11 92
11 91
11 90
11 89
11 88
11 87
11 86
11 85
11 84
11 83
11 82
11 81
11 80
11 79
11 78
11 77
11 77
10 78
10 78
9 77
9 77
9 76
9 76
10 75
10 74
11 73
11 73
12 72
12 71
13 70
13 69
13 69
14 68
14 67
15 66
15 65
16 64
16 64
17 63
17 62
18 61
18 61
19 60
19 59
20 58
20 58
21 57
22 56
22 56
23 55
24 55
24 55
24 55
24 56
24 56
24 57
24 58
24 59
24 59
24 60
23 61
23 62
23 63
23 63
23 64
23 65
22 66
22 67
22 68
22 69
22 69
22 70
22 71
22 72
21 73
21 74
21 75
21 76
21 76
21 77
21 78
20 79
20 80
20 81
20 81
20 82
20 83
19 84
19 85
19 86
19 86
19 87
19 88
19 89
19 90
19 90
20 91
20 92
20 92
21 93
21 93
22 93
23 93
24 93
24 93
25 92
26 91
26 91
26 90
27 89
27 88
28 87
28 86
29 85
29 84
30 83
30 82
31 81
31 80
32 79
32 78
33 77
33 76
34 75
34 74
35 73
35 72
36 71
36 70
37 69
37 68
38 67
38 66
39 65
39 64
39 64
38 64
37 64
37 64
37 64
36 64
36 64
37 64
37 64
38 63
38 63
39 63
39 63
40 62
41 61
41 61
42 60
42 59
43 58
43 57
43 57
44 56
44 55
45 54
45 53
45 53
46 52
46 51
47 50
47 50
48 49
48 48
49 47
49 47
50 46
50 45
50 45
50 44
50 43
50 43
50 42
50 41
50 41
50 40
50 40
49 40
49 40
48 41
48 42
48 42
47 43
47 44
46 45
46 45
45 46
44 47
44 47
44 48
43 49
43 50
43 50
43 51
43 52
43 53
43 54
43 54
43 55
43 56
43 57
43 57
43 58
43 59
43 60
43 60
44 61
44 62
44 62
45 63
46 63
46 63
47 63
47 63
48 63
49 62
50 62
50 62
51 61
52 60
52 60
53 59
53 58
54 57
54 56
54 56
55 55
55 54
56 53
56 52
56 52
57 51
57 50
58 49
58 49
58 48
59 47
59 46
59 46
59 45
59 44
59 43
59 43
59 42
59 41
59 41
59 40
59 39
59 39
58 39
58 39
58 39
57 40
57 40
57 41
57 42
57 42
57 43
57 44
57 44
58 45
59 45
59 45
60 44
60 44
61 43
62 43
62 43
62 42
63 41
63 40
63 40
64 39
64 38
65 37
65 37
66 36
66 35
67 34
67 33
67 33
68 32
68 31
69 30
69 29
69 29
69 28
69 27
70 26
70 25
70 24
70 24
70 23
71 22
71 21
71 20
71 20
71 19
72 18
72 17
72 17
72 16
72 16
72 15
72 15
72 14
72 14
72 14
72 15
72 15
73 16
73 16
73 17
73 18
73 18
73 19
73 20
72 21
72 22
72 23
72 23
72 24
72 25
72 26
72 27
72 28
72 29
72 30
72 30
72 31
72 32
72 33
72 34
71 35
71 36
71 37
71 38
71 39
71 39
71 40
71 41
71 42
71 43
71 44
70 45
70 46
70 47
70 48
70 49
70 50
70 50
70 51
70 52
70 53
70 54
70 55
69 56
69 57
69 58
69 59
69 60
69 61
69 62
69 62
69 63
69 64
69 65
69 66
68 67
68 68
68 69
68 70
68 71
68 71
68 72
68 73
68 74
67 75
67 76
67 77
67 78
67 79
67 79
67 80
66 81
66 82
66 83
66 84
65 85
65 86
65 86
65 87
64 88
64 89
64 90
63 91
63 92
63 92
63 93
62 94
62 95
62 95
61 96
61 97
61 97
61 97
61 96
62 95
62 94
62 94
62 93
63 92
63 91
63 90
64 89
64 88
64 88
64 87
65 86
65 85
65 84
66 83
66 82
66 81
67 80
67 79
67 79
67 78
68 77
68 76
68 75
69 74
69 73
70 72
70 71
70 70
71 69
71 68
71 68
71 67
72 66
72 65
72 64
72 63
73 62
73 61
73 60
74 59
74 58
74 57
75 56
75 55
75 54
75 53
76 52
76 51
76 50
77 49
77 48
77 47
77 46
78 45
78 44
78 43
79 42
79 41
79 40
80 39
80 38
80 37
80 36
81 35
81 34
81 34
81 33
81 32
82 31
82 30
82 29
82 28
82 27
83 26
83 25
83 24
83 24
83 24
83 25
83 25
83 26
83 27
82 28
82 29
82 30
82 30
82 31
81 32
81 33
81 33
81 34
82 35
82 36
82 36
83 36
83 36
84 36
85 35
86 35
86 35
87 34
88 33
89 32
89 32
90 31
91 30
92 30
93 29
94 28
94 28
95 27
96 26
97 26
98 25
99 24
