13 34
14 35
14 35
14 34
13 33
13 32
13 32
13 31
14 30
14 29
14 29
14 28
14 27
14 27
14 26
15 25
15 24
15 24
15 23
16 22
16 21
16 21
16 20
16 19
16 18
16 17
16 17
16 16
16 15
16 15
16 14
16 13
16 13
15 12
15 11
15 11
15 10
15 10
14 9
14 9
13 10
13 11
13 11
13 12
12 13
12 14
12 14
12 15
11 16
11 17
10 18
10 19
10 19
10 20
9 21
9 22
9 23
9 24
8 25
8 26
8 27
8 27
8 28
7 29
7 30
7 31
6 32
6 33
6 34
6 35
5 36
5 37
5 37
5 38
5 39
5 40
5 41
4 42
4 43
4 44
4 45
4 46
4 47
4 47
4 48
4 49
3 50
3 51
3 52
3 53
3 54
2 55
2 56
2 57
2 57
2 58
2 59
2 60
2 61
1 62
1 63
1 64
1 65
1 66
1 67
1 67
1 68
1 69
1 70
1 71
1 72
0 73
0 74
0 75
0 76
0 77
0 78
0 79
0 79
0 80
0 81
0 82
0 83
0 84
0 85
0 86
0 86
0 87
0 88
0 89
0 90
0 91
0 91
0 92
1 93
1 94
1 94
2 94
2 94
3 94
4 94
5 94
5 94
6 93
7 92
7 92
7 91
7 90
7 89
7 88
7 87
7 86
8 85
8 84
8 83
8 82
8 81
8 80
8 79
8 78
8 77
8 76
8 75
8 74
8 73
8 72
9 71
9 70
9 69
9 68
9 67
9 66
9 65
9 65
9 64
10 63
10 62
10 62
10 61
9 60
9 59
9 59
10 58
10 57
10 57
11 56
11 55
11 55
12 54
12 53
13 52
13 52
14 51
14 51
15 50
15 50
16 50
16 50
16 51
16 51
16 52
17 53
17 54
17 54
17 55
17 56
17 57
17 57
17 58
17 59
17 60
17 61
17 62
17 63
17 63
17 64
17 65
17 66
16 67
16 68
16 69
16 70
16 70
16 71
16 72
16 73
16 74
16 75
16 76
16 77
16 78
16 78
16 79
16 80
16 81
16 82
16 83
16 83
16 84
16 85
16 86
16 86
16 87
16 88
16 89
16 89
17 90
17 90
18 89
19 89
19 89
20 88
21 87
21 87
21 86
22 85
22 84
23 83
23 82
23 81
24 80
24 79
25 78
25 77
25 76
26 75
26 74
27 73
27 72
27 71
28 70
28 69
29 68
29 67
29 66
30 65
30 64
31 63
31 62
31 61
32 60
32 59
33 58
33 57
33 57
33 58
33 59
33 59
32 58
32 58
33 58
33 58
33 57
33 57
34 56
34 55
34 55
35 54
35 53
36 52
36 52
36 51
37 50
37 49
37 49
38 48
38 47
39 46
39 46
39 45
40 44
40 43
40 42
40 42
40 41
41 40
41 39
41 39
42 38
42 37
42 37
42 36
42 35
42 35
42 34
42 34
41 34
41 34
40 34
40 34
40 35
40 36
40 36
39 37
39 38
39 38
39 39
38 40
38 41
38 41
38 42
38 43
38 44
38 44
38 45
38 46
38 47
38 48
38 48
39 49
39 50
39 50
39 51
39 52
39 52
40 52
41 52
41 52
42 51
42 51
43 50
44 50
45 49
45 49
46 48
46 47
47 46
47 45
47 45
48 44
48 43
49 42
49 42
49 41
50 40
50 39
50 39
50 38
51 37
51 36
51 36
51 35
52 34
52 33
52 33
52 32
52 31
52 30
52 30
53 29
53 29
53 29
53 29
52 30
52 30
52 31
52 31
52 32
52 32
53 33
53 33
54 33
54 33
55 32
55 31
55 31
56 30
57 29
57 29
58 28
59 27
59 26
60 25
60 25
61 24
61 23
62 22
62 22
63 21
63 20
64 19
64 18
64 18
65 17
65 16
66 15
66 14
66 14
66 13
66 12
66 11
66 11
66 10
67 9
67 8
67 8
67 7
68 6
68 5
68 5
68 4
68 3
68 3
69 2
69 1
69 1
69 0
69 0
68 1
68 1
68 2
68 3
68 4
68 4
68 5
67 6
67 7
67 8
67 8
67 9
67 10
67 11
67 12
67 13
67 14
67 14
67 15
67 16
67 17
66 18
66 19
66 20
66 21
66 22
66 22
66 23
66 24
66 25
66 26
65 27
65 28
65 29
65 30
65 31
65 31
65 32
65 33
65 34
65 35
65 36
65 37
64 38
64 39
64 40
64 41
64 42
64 43
64 44
64 45
64 45
64 46
64 47
64 48
63 49
63 50
63 51
63 52
63 53
63 54
63 55
62 56
62 57
62 58
62 59
62 59
62 60
62 61
62 62
62 63
62 64
62 65
62 66
61 67
61 68
61 69
61 70
61 71
61 72
61 73
61 74
61 74
61 75
61 76
61 77
61 78
60 79
60 80
60 81
60 82
60 83
60 84
60 84
60 85
60 86
60 87
59 88
59 89
59 90
59 91
59 91
59 92
59 93
58 94
58 95
58 96
58 96
58 97
57 98
57 99
57 99
57 99
57 99
57 98
58 97
58 96
58 96
58 95
59 94
59 93
59 92
59 91
60 90
60 89
60 89
60 88
60 87
61 86
61 85
61 84
61 83
61 82
62 81
62 80
62 79
62 79
62 78
63 77
63 76
63 75
63 74
64 73
64 72
64 71
64 70
65 69
65 68
65 68
65 67
65 66
66 65
66 64
66 63
66 62
66 61
66 60
67 59
67 58
67 57
67 56
67 56
67 55
67 54
68 53
68 52
68 51
68 50
68 49
69 48
69 47
69 46
69 46
69 45
69 44
70 43
70 42
70 41
70 40
71 39
71 38
71 37
71 37
71 36
72 35
72 34
72 33
72 32
73 31
73 30
73 30
73 29
74 28
74 27
74 27
75 26
75 25
75 25
75 25
75 25
75 26
75 26
76 27
76 27
76 27
77 27
78 27
78 27
79 26
80 25
81 24
81 24
82 23
83 22
84 22
85 21
85 21
86 20
87 20
88 19
89 19
90 18
90 18
91 17
92 16
93 16
94 15
94 15
95 14
96 14
97 13
98 13
99 12
