12 24
13 23
13 22
14 21
14 21
15 20
15 19
15 19
16 18
16 17
16 17
17 16
17 15
18 14
18 14
18 13
19 12
19 11
19 11
20 10
20 9
20 9
20 8
20 7
20 6
20 6
20 5
21 4
21 3
21 3
21 2
21 2
20 1
20 1
19 0
19 0
18 1
18 1
17 2
16 2
16 2
15 3
14 4
13 5
13 5
12 6
12 7
11 8
11 8
10 9
10 10
9 11
9 12
8 13
8 13
8 14
7 15
7 16
6 17
6 18
6 18
6 19
5 20
5 21
5 22
5 23
4 24
4 25
4 25
4 26
3 27
3 28
3 29
2 30
2 31
2 31
2 32
1 33
1 34
1 35
1 36
0 37
0 38
0 39
0 39
0 40
0 41
0 42
0 43
0 44
0 45
0 45
0 46
0 47
0 48
0 49
0 50
0 51
0 51
0 52
0 53
0 54
0 55
0 55
0 56
1 57
1 58
1 58
1 57
2 56
2 55
3 54
3 53
4 52
4 51
5 50
5 49
6 48
6 47
6 47
6 46
6 45
6 45
6 44
6 43
6 43
7 42
7 42
8 41
8 40
8 40
9 39
9 38
10 37
10 37
11 36
12 35
12 35
13 34
14 33
14 33
15 32
16 32
16 32
17 31
17 31
18 31
18 31
18 31
19 32
19 32
19 33
19 33
18 34
18 35
18 35
18 36
18 37
18 38
18 39
18 39
18 40
17 41
17 42
17 42
17 43
17 44
16 45
16 46
16 47
16 47
16 48
16 49
15 50
15 51
15 52
15 52
15 53
15 54
15 55
15 56
15 56
16 57
16 58
16 58
17 59
17 60
17 60
18 61
19 61
19 61
20 60
21 59
22 58
22 57
23 56
24 55
25 54
26 53
27 52
28 51
28 50
29 49
30 48
31 47
31 47
32 47
32 47
31 47
31 47
32 46
32 46
33 45
34 44
34 44
35 43
35 42
35 42
36 41
36 40
37 39
37 39
38 38
39 37
39 37
40 36
40 35
41 34
41 34
42 33
42 32
43 31
43 31
43 30
44 29
44 28
44 28
45 27
45 26
45 26
44 26
44 26
44 25
44 25
43 25
43 25
42 26
42 26
41 27
40 28
40 28
39 29
39 30
38 31
38 31
37 32
37 33
36 34
36 34
36 35
35 36
35 37
35 38
35 38
35 39
35 40
35 41
35 41
36 42
36 43
36 43
37 44
37 45
37 45
38 46
38 46
39 46
40 46
40 46
41 45
42 45
42 45
43 44
44 44
45 43
45 43
46 42
47 42
47 42
48 41
48 40
49 39
49 39
50 38
50 37
50 37
51 36
51 35
51 35
51 34
52 33
52 32
52 32
52 32
52 32
51 32
51 32
51 33
51 33
51 34
51 34
51 35
51 35
52 35
52 35
53 35
54 35
54 35
55 34
55 34
56 33
56 32
56 32
57 31
58 30
58 30
59 29
59 28
59 28
60 27
61 26
61 26
61 25
62 24
62 23
62 23
63 22
64 21
64 21
64 20
64 20
65 19
65 19
66 19
66 19
67 18
67 18
68 17
68 17
69 17
69 17
70 16
70 16
71 16
71 16
71 16
71 16
72 16
72 16
73 16
73 16
74 15
74 15
75 14
76 13
76 13
77 12
78 12
78 12
79 11
79 10
79 10
80 9
80 9
80 8
80 8
79 9
79 9
78 10
78 10
78 11
77 12
77 13
77 13
76 14
76 15
75 16
75 17
75 17
75 18
74 19
74 20
73 21
73 22
73 23
72 24
72 25
72 25
72 26
72 27
71 28
71 29
71 30
71 31
71 32
70 33
70 34
70 35
70 35
70 36
70 37
70 38
69 39
69 40
69 41
69 42
69 43
69 44
68 45
68 46
68 47
68 48
68 48
68 49
68 50
68 51
68 52
68 53
68 54
67 55
67 56
67 57
67 58
67 59
67 60
67 61
67 61
67 62
67 63
67 64
67 65
67 66
66 67
66 68
66 69
66 70
66 71
66 72
66 72
66 73
65 74
65 75
65 76
65 77
64 78
64 79
64 80
64 80
64 81
64 82
64 83
63 84
63 85
63 86
63 87
63 87
63 88
63 89
62 90
62 91
62 92
62 93
62 93
62 94
61 95
61 96
61 96
60 97
60 98
60 98
59 99
58 99
58 99
58 99
58 98
58 97
58 97
58 96
59 95
59 94
59 93
59 93
59 92
59 91
59 90
60 89
60 88
60 87
60 86
60 85
60 85
60 84
61 83
61 82
61 81
62 80
62 79
62 78
62 77
63 76
63 75
63 75
63 74
63 73
64 72
64 71
64 70
64 69
65 68
65 67
65 66
65 65
66 64
66 63
66 62
66 62
66 61
67 60
67 59
67 58
68 57
68 56
68 55
69 54
69 53
69 52
70 51
70 50
70 49
71 48
71 47
71 47
71 46
72 45
72 44
73 43
73 42
74 41
74 40
75 39
75 38
76 37
76 36
76 36
77 35
77 34
78 33
78 32
79 31
79 30
80 29
80 28
81 27
81 27
82 26
83 25
84 24
85 23
85 23
86 22
87 22
87 22
88 23
89 23
89 23
90 24
90 24
91 24
92 24
92 24
93 24
94 24
95 24
95 24
96 24
97 23
98 23
99 23
