11 22
11 21
11 20
11 20
11 19
12 18
12 17
12 17
12 16
12 15
12 15
12 14
13 13
13 12
13 12
13 11
13 10
13 9
13 9
13 8
13 7
13 6
13 6
13 5
13 4
13 3
13 3
13 2
13 2
12 1
12 0
12 0
11 0
11 0
10 1
10 2
10 2
9 3
9 4
8 5
8 6
8 6
8 7
7 8
7 9
6 10
6 11
6 11
6 12
5 13
5 14
5 15
5 16
4 17
4 18
4 19
4 19
4 20
3 21
3 22
3 23
3 24
2 25
2 26
2 27
2 27
2 28
2 29
1 30
1 31
1 32
1 33
1 34
0 35
0 36
0 37
0 37
0 38
0 39
0 40
0 41
0 42
0 43
0 44
0 45
0 46
0 46
0 47
0 48
0 49
0 50
0 51
0 52
0 53
0 54
0 55
0 56
0 56
0 57
0 58
0 59
0 60
0 61
0 62
0 62
1 63
1 64
2 65
2 66
2 66
2 67
3 68
3 69
3 69
4 69
5 70
6 70
6 70
7 71
7 71
8 70
9 70
9 70
9 69
9 68
9 67
9 66
9 65
10 64
10 63
10 62
10 61
10 60
10 59
10 59
9 58
8 58
7 57
7 57
6 56
6 56
6 55
6 54
6 54
6 53
6 53
7 52
7 51
7 51
8 50
8 49
8 49
9 48
9 47
10 46
10 46
11 45
12 44
12 44
13 43
14 43
14 43
15 43
16 43
16 43
17 43
17 43
17 44
17 45
17 45
17 46
17 47
17 48
17 48
17 49
17 50
16 51
16 52
16 53
16 53
16 54
16 55
16 56
16 57
16 58
16 58
16 59
16 60
15 61
15 62
15 63
15 63
15 64
15 65
15 66
15 66
15 67
15 68
15 69
15 69
16 70
16 71
16 71
17 72
17 72
18 72
19 72
19 72
19 71
20 70
20 69
21 68
21 67
22 66
22 65
23 64
23 63
23 62
24 61
24 60
25 59
25 58
26 57
26 56
27 55
27 54
27 54
26 55
26 55
26 54
26 54
26 54
26 53
27 52
27 51
27 51
28 50
28 49
29 48
29 48
29 47
30 46
30 45
30 45
31 44
31 43
32 42
32 42
33 41
33 40
34 39
34 38
34 38
34 37
35 36
35 35
35 35
35 34
36 33
36 32
36 32
36 31
36 31
36 31
36 31
35 32
35 32
34 33
34 33
34 34
34 35
34 35
33 36
33 37
33 37
33 38
33 39
33 40
33 40
33 41
33 42
33 43
33 43
33 44
34 45
34 46
34 46
34 47
34 48
34 48
35 49
35 50
35 50
36 50
37 50
37 50
38 49
39 49
40 48
40 48
41 47
41 46
42 45
42 45
43 44
44 43
44 42
45 41
45 41
46 40
46 39
47 38
47 38
48 37
48 36
49 35
49 34
49 34
50 33
50 32
51 31
51 31
51 30
51 29
51 28
51 28
51 27
52 26
52 25
52 25
51 24
51 23
51 23
51 23
51 23
51 24
51 25
51 25
51 26
51 26
51 27
51 28
51 28
52 29
52 29
53 28
54 28
54 28
55 28
55 28
56 27
57 27
58 26
58 26
59 25
59 24
60 23
60 23
61 22
61 21
62 20
62 20
63 19
63 18
64 17
64 16
64 16
65 15
65 14
66 13
66 12
66 12
67 11
67 10
68 9
68 8
68 8
69 7
69 6
69 6
70 5
70 4
70 4
70 3
70 3
70 3
70 3
70 4
70 4
70 5
70 6
70 6
70 7
69 8
69 9
69 10
69 10
69 11
69 12
69 13
69 14
69 15
69 16
69 16
69 17
69 18
69 19
69 20
68 21
68 22
68 23
68 24
68 25
68 25
68 26
68 27
68 28
68 29
68 30
67 31
67 32
67 33
67 34
67 35
67 36
67 37
67 37
67 38
67 39
67 40
67 41
67 42
67 43
66 44
66 45
66 46
66 47
66 48
66 49
66 50
66 51
66 51
66 52
66 53
66 54
66 55
66 56
66 57
65 58
65 59
65 60
65 61
65 62
65 63
65 64
65 65
65 65
65 66
65 67
65 68
65 69
65 70
65 71
65 72
65 73
65 74
65 75
65 76
65 77
65 77
65 78
65 79
65 80
65 81
64 82
64 83
64 84
64 85
64 86
64 86
64 87
64 88
64 89
64 90
64 91
64 92
64 93
64 94
64 94
64 95
63 96
63 97
63 98
63 98
63 99
63 99
63 99
63 98
63 98
63 97
63 96
63 95
63 95
63 94
63 93
63 92
64 91
64 90
64 89
64 88
64 87
64 87
64 86
64 85
65 84
65 83
65 82
65 81
65 80
65 79
66 78
66 77
66 76
66 75
66 75
66 74
66 73
66 72
67 71
67 70
67 69
67 68
67 67
67 66
68 65
68 64
68 63
68 62
68 62
68 61
68 60
69 59
69 58
69 57
69 56
69 55
70 54
70 53
70 52
70 51
70 50
71 49
71 48
71 47
71 47
71 46
72 45
72 44
72 43
73 42
73 41
73 40
73 39
74 38
74 37
74 37
74 36
74 35
74 34
75 33
75 32
75 31
75 30
75 30
76 29
76 28
76 28
76 27
76 27
77 27
77 27
77 28
77 28
77 28
77 29
77 29
78 30
78 30
79 29
79 29
80 28
81 28
81 28
82 27
82 26
82 26
83 25
84 24
84 24
85 23
85 23
86 24
86 24
86 25
86 26
86 26
86 27
86 28
86 29
86 29
86 30
87 31
87 32
87 32
88 33
89 34
89 34
90 34
91 34
91 34
92 33
93 33
94 32
95 32
95 32
96 31
97 30
98 30
99 29
