12 32
13 32
13 32
13 31
13 30
13 30
14 29
14 28
15 27
15 26
15 26
16 25
16 24
17 23
17 22
17 22
18 21
18 20
19 19
19 18
19 18
20 17
20 16
21 15
21 14
21 14
21 13
21 12
22 11
22 10
22 9
22 9
22 8
23 7
23 6
23 5
23 5
23 4
24 3
24 2
24 2
24 1
24 0
24 0
23 0
23 0
22 1
21 2
21 2
20 3
19 4
18 5
18 5
17 6
17 7
16 8
15 9
15 10
14 11
14 11
14 12
13 13
13 14
12 15
12 16
12 17
11 18
11 19
11 19
11 20
10 21
10 22
10 23
9 24
9 25
8 26
8 27
8 28
7 29
7 30
7 30
7 31
6 32
6 33
6 34
6 35
5 36
5 37
5 38
5 39
4 40
4 41
4 42
4 42
4 43
4 44
3 45
3 46
3 47
3 48
2 49
2 50
2 51
2 52
1 53
1 54
1 55
1 55
1 56
1 57
1 58
1 59
1 60
0 61
0 62
0 63
0 64
0 65
0 66
0 67
0 67
0 68
0 69
0 70
0 71
0 72
0 73
0 74
0 75
0 75
0 76
0 77
0 78
0 79
0 80
0 81
0 81
1 82
1 83
2 84
2 84
3 85
4 86
4 86
5 87
6 88
6 88
6 87
6 86
6 85
6 84
6 83
6 82
6 81
6 80
6 79
6 78
6 77
6 76
6 75
6 74
6 74
5 73
5 72
5 72
5 71
5 70
5 69
5 69
5 68
5 67
5 67
6 66
6 66
7 65
7 64
8 63
8 62
8 62
9 61
10 60
11 59
11 59
12 58
12 57
13 56
13 55
13 55
14 54
15 53
15 53
16 53
16 53
16 53
17 54
17 54
16 55
16 56
16 56
16 57
16 58
16 59
16 59
16 60
15 61
15 62
14 63
14 64
14 64
14 65
14 66
13 67
13 68
13 69
13 70
13 70
13 71
13 72
13 73
12 74
12 75
12 76
12 77
12 77
12 78
12 79
12 80
11 81
11 82
11 83
11 84
11 84
11 85
11 86
10 87
10 88
10 89
10 89
10 90
11 91
11 92
11 92
12 93
12 93
13 94
14 94
14 94
15 95
16 95
16 95
17 94
18 94
19 93
19 93
19 92
20 91
20 90
21 89
21 88
22 87
22 86
23 85
23 84
23 83
24 82
24 81
25 80
25 79
26 78
26 77
27 76
27 75
27 74
28 73
28 72
29 71
29 70
30 69
30 68
31 67
31 66
31 66
30 67
30 68
30 68
30 68
30 68
30 68
30 67
30 67
31 66
31 66
32 65
32 64
33 63
33 63
33 62
34 61
34 60
34 60
35 59
35 58
36 57
36 57
37 56
37 55
38 54
38 54
39 53
39 52
40 51
40 51
40 50
41 49
41 48
41 48
41 47
41 47
42 46
42 46
41 46
41 46
41 45
41 45
41 45
40 45
40 45
40 45
39 46
39 46
39 47
38 48
38 49
38 49
38 50
37 51
37 52
37 53
37 53
37 54
37 55
37 56
37 57
37 57
37 58
36 59
36 60
36 61
36 61
37 62
37 63
37 63
37 64
37 65
37 65
38 65
39 65
39 65
40 65
40 65
41 64
42 64
43 63
43 63
44 62
44 61
45 60
45 60
46 59
46 58
47 57
47 57
48 56
48 55
49 54
49 54
50 53
50 52
51 51
51 51
52 50
52 49
53 48
53 47
53 47
53 46
53 45
53 44
53 44
54 43
54 43
54 42
54 42
54 43
54 43
53 43
53 43
53 44
53 44
53 45
53 46
53 46
54 47
54 47
54 47
55 47
56 47
56 47
57 46
58 46
58 46
59 45
59 44
59 44
60 43
61 42
61 42
62 41
63 41
63 41
64 40
65 39
65 39
65 38
65 37
65 37
66 36
66 35
66 35
66 34
66 33
66 33
67 32
67 31
67 31
67 30
68 29
68 28
68 28
69 27
69 26
69 26
69 25
69 24
69 24
70 23
70 23
70 23
71 23
71 23
71 23
72 22
73 22
73 22
74 21
74 21
75 20
76 20
76 20
77 19
77 19
78 18
78 17
78 17
79 17
79 17
79 18
79 19
79 19
78 20
78 21
77 22
77 22
77 23
77 24
76 25
76 26
76 27
76 28
76 28
76 29
75 30
75 31
75 32
74 33
74 34
74 35
73 36
73 37
73 37
73 38
73 39
72 40
72 41
72 42
72 43
72 44
71 45
71 46
71 47
71 47
71 48
71 49
70 50
70 51
70 52
70 53
70 54
70 55
69 56
69 57
69 58
69 58
69 59
69 60
68 61
68 62
68 63
68 64
67 65
67 66
67 67
67 67
67 68
67 69
66 70
66 71
66 72
66 73
66 74
65 75
65 76
65 77
65 77
65 78
65 79
65 80
64 81
64 82
64 83
64 84
64 85
64 85
64 86
63 87
63 88
63 89
62 90
62 91
62 91
62 92
62 93
61 94
61 95
61 96
61 96
61 97
61 98
61 98
60 99
60 99
61 99
61 99
61 98
61 98
62 97
62 96
63 95
63 94
63 94
64 93
64 92
65 91
65 90
66 89
66 88
66 88
66 87
67 86
67 85
67 84
68 83
68 82
68 81
69 80
69 79
69 79
69 78
70 77
70 76
71 75
71 74
72 73
72 72
73 71
73 70
74 69
74 68
74 68
74 67
75 66
75 65
76 64
76 63
76 62
77 61
77 60
77 59
78 58
78 57
79 56
79 55
79 55
80 54
80 53
81 52
81 51
82 50
82 49
83 48
83 47
84 46
84 45
85 44
85 43
86 42
86 42
87 41
87 40
88 39
88 38
89 37
89 36
90 35
90 34
90 34
90 33
91 32
91 31
92 30
92 29
92 29
92 28
92 28
92 28
92 29
92 29
92 30
92 30
92 31
92 32
92 32
93 32
94 33
95 33
95 33
96 33
97 33
98 33
99 33
