11 29
11 29
12 28
12 28
12 27
12 26
12 25
12 25
13 24
13 23
14 22
14 22
14 21
15 20
15 19
15 19
16 18
16 17
17 16
17 15
17 15
17 14
18 13
18 12
18 11
18 11
18 10
19 9
19 8
19 7
19 7
19 6
19 5
19 4
19 4
19 3
19 2
19 2
19 1
19 0
19 0
19 0
18 1
18 1
17 2
16 3
16 3
15 4
15 5
14 6
14 7
14 7
14 8
13 9
13 10
12 11
12 12
12 12
11 13
11 14
10 15
10 16
9 17
9 18
9 18
9 19
9 20
8 21
8 22
8 23
8 24
7 25
7 26
7 27
7 27
7 28
7 29
6 30
6 31
6 32
6 33
5 34
5 35
5 36
5 36
5 37
5 38
5 39
4 40
4 41
4 42
4 43
4 44
4 45
3 46
3 47
3 48
3 49
3 49
3 50
3 51
3 52
3 53
3 54
2 55
2 56
2 57
2 58
2 59
2 60
2 61
2 61
2 62
2 63
1 64
1 65
1 66
1 67
1 68
1 69
0 70
0 71
0 72
0 73
0 73
0 74
0 75
0 76
0 77
0 78
0 79
0 80
0 81
0 82
0 83
0 83
0 84
0 85
0 86
0 87
0 88
0 89
0 90
0 90
0 91
0 92
0 93
0 94
0 94
0 95
1 96
1 97
1 97
2 98
3 99
3 99
4 99
5 99
5 99
5 98
5 97
5 96
6 95
6 94
6 93
6 92
6 91
6 90
6 89
7 88
7 87
7 86
7 85
7 84
7 83
8 82
8 81
8 80
8 79
8 78
8 77
8 76
9 75
9 74
9 73
9 72
9 72
9 71
9 70
9 69
9 69
9 68
9 67
9 67
9 66
9 65
9 65
10 64
11 63
11 63
12 62
12 61
12 61
13 60
13 59
14 58
14 58
15 57
15 57
16 57
16 57
17 57
17 57
18 58
18 58
18 59
18 60
18 60
18 61
18 62
18 63
18 63
18 64
18 65
18 66
18 67
18 68
18 68
18 69
18 70
17 71
17 72
17 73
17 74
17 74
17 75
17 76
16 77
16 78
16 79
16 80
16 80
16 81
16 82
16 83
16 84
16 85
16 86
16 86
16 87
16 88
16 89
16 90
16 90
16 91
17 92
17 93
17 93
18 94
19 95
19 95
20 96
21 96
21 96
22 95
22 94
23 93
23 92
24 91
24 90
25 89
25 88
26 87
26 86
27 85
27 84
28 83
28 82
29 81
29 80
30 79
30 78
31 77
31 77
31 77
31 76
31 76
32 75
32 75
32 74
33 73
33 72
33 72
33 71
34 70
34 69
34 69
35 68
35 67
36 66
36 66
36 65
37 64
37 63
37 62
37 62
37 61
38 60
38 59
38 59
39 58
39 57
40 56
40 55
40 55
40 54
40 53
40 52
40 52
41 51
41 50
41 50
41 50
40 50
40 50
39 51
39 51
38 52
38 52
37 53
37 54
36 55
36 56
36 56
36 57
36 58
35 59
35 60
35 61
35 61
35 62
34 63
34 64
33 65
33 66
33 66
33 67
33 68
33 69
33 70
33 71
33 72
33 72
33 73
33 74
33 75
33 76
33 76
33 77
33 78
33 79
33 79
34 80
34 80
35 81
36 81
36 81
37 80
38 80
38 80
39 79
40 79
40 79
41 78
42 77
43 76
43 76
44 75
44 74
45 73
45 73
46 72
46 71
47 70
47 69
47 69
48 68
48 67
49 66
49 65
49 65
49 64
50 63
50 62
50 62
50 61
51 60
51 59
51 59
51 58
51 58
51 57
51 57
50 58
50 58
49 59
49 59
49 60
49 61
49 61
48 62
48 62
48 63
48 63
49 63
49 63
50 63
50 63
51 63
51 63
52 62
52 62
53 61
53 60
53 60
54 59
55 59
55 59
56 58
57 57
57 57
58 56
58 56
59 55
59 54
59 54
59 53
59 53
60 52
60 51
60 51
60 50
60 49
60 49
60 48
60 48
60 47
60 47
61 47
61 47
62 47
62 47
62 47
63 47
64 47
64 47
65 46
65 46
66 45
67 45
67 45
68 44
68 43
68 43
69 42
70 41
70 41
71 40
72 39
73 38
73 38
74 37
75 36
75 36
75 35
76 34
76 33
76 33
76 32
77 31
77 30
77 30
77 30
77 30
77 30
76 31
76 32
76 32
76 33
75 34
75 35
75 36
75 36
75 37
74 38
74 39
74 40
74 41
73 42
73 43
73 43
73 44
73 45
72 46
72 47
72 48
72 49
71 50
71 51
71 52
71 52
71 53
71 54
71 55
71 56
70 57
70 58
70 59
70 60
70 61
70 61
70 62
70 63
70 64
70 65
69 66
69 67
69 68
69 69
69 70
69 70
69 71
69 72
69 73
68 74
68 75
68 76
68 77
68 78
68 78
68 79
68 80
68 81
68 82
68 83
68 83
68 84
68 85
68 86
68 87
68 87
68 88
69 89
69 90
69 90
69 91
69 92
69 92
69 93
69 93
69 94
69 94
69 94
69 94
69 94
69 93
70 92
70 91
70 91
70 90
71 89
71 88
71 87
71 87
71 86
72 85
72 84
72 83
73 82
73 81
73 81
73 80
74 79
74 78
74 77
74 76
75 75
75 74
75 73
75 73
75 72
76 71
76 70
77 69
77 68
77 67
78 66
78 65
78 65
78 64
79 63
79 62
79 61
79 60
80 59
80 58
80 57
80 56
81 55
81 54
81 54
81 53
82 52
82 51
82 50
83 49
83 48
84 47
84 46
84 45
85 44
85 43
85 43
85 42
86 41
86 40
86 39
87 38
87 37
87 36
88 35
88 34
88 34
89 33
89 32
90 31
90 30
91 29
91 28
91 28
92 27
92 26
93 25
93 25
94 24
94 24
95 24
95 24
95 25
95 26
95 26
95 27
94 28
94 29
94 29
94 30
93 31
93 32
92 33
92 34
92 34
92 35
91 36
91 37
91 38
91 38
92 39
92 40
92 40
93 40
94 40
94 40
95 40
96 39
97 39
98 38
99 38
