9 26
9 27
9 28
9 28
9 27
9 26
9 26
9 25
9 24
9 23
9 23
10 22
10 21
11 20
11 20
12 19
12 18
12 18
12 17
13 16
13 15
13 15
13 14
14 13
14 12
14 11
14 11
14 10
15 9
15 8
15 8
15 7
16 6
16 5
16 5
17 4
17 3
17 3
17 2
17 1
17 1
16 0
16 0
16 1
16 1
15 2
14 3
14 3
13 4
13 5
12 6
12 7
12 7
11 8
11 9
10 10
10 11
9 12
9 12
9 13
8 14
8 15
8 16
8 17
7 18
7 19
7 20
7 20
7 21
6 22
6 23
6 24
6 25
5 26
5 27
5 28
5 29
4 30
4 31
4 31
4 32
4 33
3 34
3 35
3 36
3 37
3 38
3 39
2 40
2 41
2 42
2 43
2 43
2 44
2 45
1 46
1 47
1 48
1 49
1 50
1 51
0 52
0 53
0 54
0 55
0 55
0 56
0 57
0 58
0 59
0 60
0 61
0 62
0 63
0 64
0 64
0 65
0 66
0 67
0 68
0 69
0 70
0 71
0 72
0 72
0 73
1 74
1 75
1 76
1 76
2 77
2 78
2 78
3 79
4 79
5 80
5 80
5 79
5 78
5 77
5 76
5 75
5 74
5 73
5 72
5 71
5 70
5 69
5 68
5 67
5 66
5 65
5 64
5 64
5 63
5 63
5 62
5 61
5 61
5 60
5 59
5 59
6 58
6 58
7 57
7 56
8 55
8 55
8 54
9 53
9 52
9 52
10 51
11 50
11 50
12 49
13 49
13 49
14 49
14 49
15 49
15 49
15 50
15 51
15 51
15 52
15 53
15 53
15 54
15 55
15 56
15 57
15 58
15 58
15 59
15 60
14 61
14 62
14 63
14 63
14 64
14 65
13 66
13 67
13 68
13 68
13 69
13 70
12 71
12 72
12 73
12 74
12 74
12 75
12 76
12 77
12 78
12 79
12 79
12 80
12 81
12 82
12 83
12 83
13 84
13 85
13 85
14 86
15 87
15 87
16 87
16 87
16 86
17 85
17 84
18 83
18 82
19 81
19 80
19 79
20 78
20 77
21 76
21 75
22 74
22 73
22 72
23 71
23 70
24 69
24 68
24 67
25 66
25 65
26 64
26 63
27 62
27 61
27 61
27 62
27 62
27 62
27 62
27 61
27 61
28 60
28 59
28 59
29 58
30 57
30 57
30 56
31 55
31 54
31 53
31 53
32 52
32 51
33 50
33 50
34 49
34 48
35 47
35 46
35 46
36 45
36 44
37 43
37 42
37 42
37 41
38 40
38 39
38 38
38 38
38 37
39 36
39 35
39 35
39 34
39 34
39 34
38 34
38 34
38 35
38 35
37 36
37 36
36 37
35 38
35 38
35 39
35 40
34 41
34 42
34 43
34 43
34 44
34 45
33 46
33 47
33 48
33 48
33 49
33 50
32 51
32 52
32 53
32 54
32 54
32 55
32 56
31 57
31 58
31 59
31 59
31 60
31 61
31 62
31 63
31 63
31 64
31 65
31 65
32 66
32 66
33 66
34 66
34 66
35 65
36 65
36 65
37 64
38 63
38 63
39 62
39 61
40 60
40 60
41 59
41 58
42 57
42 57
43 56
43 55
44 54
44 53
44 53
45 52
45 51
46 50
46 50
46 49
46 48
47 47
47 46
47 45
47 45
48 44
48 43
48 43
48 42
48 42
48 42
48 42
48 42
48 43
48 43
48 44
48 44
49 45
49 45
49 44
49 44
50 44
51 44
51 44
52 43
52 42
52 42
53 41
54 41
54 41
55 40
55 39
55 39
56 38
56 38
56 37
56 37
56 37
56 37
56 37
56 38
56 38
57 37
57 37
58 37
58 37
59 36
59 35
59 35
60 34
60 34
61 33
62 33
62 33
63 32
64 31
64 31
65 30
66 30
66 30
67 29
67 28
67 28
68 27
69 26
69 26
70 25
70 24
70 24
70 23
71 22
71 21
71 21
71 20
72 19
72 18
72 18
72 17
73 16
73 15
73 14
73 14
73 13
74 12
74 11
74 11
75 10
75 9
75 9
76 8
76 8
76 8
76 9
76 9
76 10
75 11
75 12
75 12
75 13
74 14
74 15
74 16
74 16
74 17
73 18
73 19
72 20
72 21
72 21
72 22
71 23
71 24
71 25
71 26
70 27
70 28
70 29
70 29
70 30
70 31
69 32
69 33
69 34
69 35
69 36
68 37
68 38
68 39
68 39
68 40
68 41
67 42
67 43
67 44
67 45
67 46
67 47
66 48
66 49
66 50
66 51
66 51
66 52
66 53
66 54
65 55
65 56
65 57
65 58
65 59
65 60
64 61
64 62
64 63
64 64
64 64
64 65
64 66
64 67
64 68
64 69
63 70
63 71
63 72
63 73
63 74
63 75
63 76
63 76
63 77
63 78
62 79
62 80
62 81
62 82
61 83
61 84
61 85
61 85
61 86
61 87
61 88
60 89
60 90
60 91
60 92
60 92
60 93
59 94
59 95
59 96
59 96
59 97
59 98
59 99
59 99
58 99
58 99
58 99
58 98
59 97
59 96
59 96
59 95
60 94
60 93
60 92
61 91
61 90
61 90
61 89
62 88
62 87
62 86
62 85
63 84
63 83
63 83
63 82
64 81
64 80
64 79
64 78
65 77
65 76
65 75
65 74
66 73
66 72
66 72
66 71
67 70
67 69
68 68
68 67
69 66
69 65
69 64
70 63
70 62
71 61
71 60
71 60
71 59
72 58
72 57
72 56
73 55
73 54
74 53
74 52
74 51
75 50
75 49
75 48
76 47
76 46
76 46
76 45
77 44
77 43
78 42
78 41
78 40
79 39
79 38
79 37
80 36
80 35
81 34
81 33
81 33
82 32
82 31
83 30
84 29
84 28
85 27
85 26
86 25
86 25
87 24
87 23
88 22
88 21
89 20
89 20
90 19
90 19
90 18
90 18
90 19
90 19
90 19
89 20
89 20
89 21
89 21
90 22
90 22
91 22
92 22
93 22
94 22
94 22
95 22
96 22
97 21
98 21
99 21
