21 4
22 3
22 2
22 2
22 1
22 1
22 0
22 0
22 0
22 1
22 1
22 1
22 1
21 1
21 1
21 2
21 3
21 3
21 4
21 5
21 6
21 6
21 7
21 8
21 9
21 9
21 10
21 11
21 12
21 13
21 14
21 14
21 15
21 16
21 17
21 18
21 19
21 20
21 20
21 21
21 22
21 23
21 24
21 25
21 26
21 27
21 27
21 28
21 29
21 30
21 31
21 32
21 33
21 34
21 34
21 35
21 36
21 37
20 38
20 39
20 40
20 41
20 41
20 42
20 43
20 44
20 45
20 46
20 47
20 47
20 48
20 49
19 50
19 51
19 52
19 52
19 53
19 54
19 55
19 55
19 56
19 56
19 57
19 57
19 57
19 56
19 56
19 55
19 54
19 53
18 52
18 51
18 50
18 49
18 48
18 47
17 46
17 45
17 44
17 43
17 42
17 41
17 40
16 39
16 38
16 37
16 36
16 35
16 34
15 33
15 32
15 31
15 30
15 29
15 28
14 27
14 26
14 25
14 24
14 23
14 22
14 21
13 20
13 19
13 18
13 17
13 16
13 15
12 14
12 13
12 12
12 11
12 11
13 10
13 9
13 9
12 9
12 9
13 9
13 9
14 8
14 7
14 7
15 6
15 6
16 6
17 5
18 5
18 5
19 5
20 4
21 4
21 4
22 4
23 3
24 3
24 3
25 3
26 2
27 2
27 2
28 2
29 2
30 2
31 2
31 2
32 2
33 2
34 2
35 2
35 2
36 2
37 2
38 2
38 2
39 3
40 3
40 3
41 4
42 5
42 5
43 6
43 6
42 7
42 8
42 8
42 9
42 10
42 10
42 11
41 12
41 13
41 14
41 14
40 15
39 16
38 17
38 17
37 18
37 19
36 20
36 21
36 21
35 22
34 23
33 24
33 24
32 25
31 26
31 26
30 27
29 28
29 28
28 29
28 29
27 30
27 30
27 30
27 30
28 30
28 30
29 30
29 30
30 30
31 30
31 30
32 29
33 29
33 29
34 29
35 28
36 28
36 28
37 27
38 27
38 27
39 27
40 27
40 27
41 27
42 27
42 27
43 27
43 27
44 28
44 28
44 29
44 29
44 30
44 31
44 32
44 32
44 33
44 34
44 34
44 35
43 36
43 37
43 38
43 38
42 39
42 40
41 41
41 42
41 42
40 43
40 44
39 45
39 46
39 46
38 47
37 48
37 49
36 50
36 50
36 51
35 52
35 53
34 54
34 55
34 55
33 56
32 57
32 58
31 59
31 59
30 60
29 61
28 62
28 62
27 63
27 64
26 65
26 65
25 66
24 67
23 68
23 68
22 69
22 70
21 71
21 71
20 72
19 72
19 72
18 73
18 74
18 74
17 75
17 75
17 75
18 74
18 74
18 74
19 73
19 73
20 72
21 71
21 71
22 70
23 69
23 69
24 68
25 67
26 66
26 66
27 65
28 64
29 63
29 63
30 62
31 61
32 61
33 60
33 60
34 59
35 58
35 57
36 56
36 56
37 55
38 54
39 53
39 53
40 52
41 52
42 51
43 51
43 51
44 50
44 49
45 48
45 48
46 47
47 47
48 46
48 46
49 45
50 45
51 44
51 44
52 43
52 42
53 41
53 41
54 40
54 39
54 39
55 38
55 37
55 37
56 36
56 36
56 35
56 35
56 35
56 35
55 35
55 35
54 35
53 35
53 35
52 36
52 36
51 37
50 37
50 37
49 38
49 38
48 39
48 39
47 40
47 41
47 41
47 42
47 43
47 44
47 44
47 45
47 45
47 46
47 46
48 47
48 47
49 47
49 47
50 48
51 48
51 48
52 47
52 47
53 47
53 47
54 46
54 46
55 45
55 44
55 44
56 44
56 44
56 44
56 44
56 44
55 44
55 44
55 45
55 46
55 46
55 47
55 47
54 48
54 48
54 48
54 48
54 48
55 48
55 48
56 47
56 47
57 46
58 45
58 45
59 44
59 44
60 43
60 43
61 43
61 43
62 43
62 43
63 43
63 43
63 44
63 44
63 45
63 45
64 46
64 46
64 46
65 46
65 46
66 45
66 45
67 44
67 44
68 43
68 42
68 42
69 41
70 41
70 41
70 40
70 40
71 41
71 41
72 42
72 42
72 43
72 44
72 44
72 45
73 46
73 47
73 47
73 48
73 48
74 49
74 49
74 49
75 49
75 49
76 48
76 48
77 47
77 47
78 46
79 45
79 45
80 44
80 44
81 43
81 43
82 42
82 42
82 42
82 42
82 43
82 43
82 44
82 45
82 45
82 46
82 47
82 48
82 48
82 49
82 50
82 51
82 52
82 52
82 53
82 54
81 55
81 56
81 57
81 58
81 58
81 59
80 60
80 61
80 62
79 63
79 64
79 64
79 65
79 66
78 67
78 68
78 69
78 70
78 70
78 71
78 72
77 73
77 74
77 75
77 75
77 76
76 77
76 78
76 79
75 80
75 81
75 81
74 82
74 83
73 84
73 85
73 85
72 86
72 87
71 88
71 89
70 90
70 90
69 91
68 92
67 93
67 93
66 94
65 94
64 95
64 95
63 95
62 96
61 96
60 96
60 96
59 96
58 97
57 97
56 98
55 98
55 98
54 98
53 98
52 98
51 98
51 98
50 98
49 98
48 99
47 99
46 99
46 99
45 99
44 99
43 99
42 99
41 99
41 99
40 99
39 99
38 99
37 99
36 99
36 99
35 99
34 99
33 98
32 98
31 98
31 98
30 98
29 98
28 97
27 97
26 97
25 97
25 97
24 97
23 96
22 96
21 95
20 95
20 95
19 95
18 94
17 94
16 93
15 93
15 93
14 93
13 92
12 92
11 91
10 91
10 91
9 90
8 90
7 89
7 89
6 88
5 87
4 86
4 86
3 85
2 84
2 84
1 83
1 82
0 81
0 81
0 80
0 80
0 79
0 78
0 78
0 77
0 77
1 76
2 76
2 76
3 76
4 75
5 75
5 75
6 75
7 74
8 74
9 74
9 74
10 74
11 73
12 73
13 73
13 73
14 73
15 72
16 72
17 71
18 71
18 71
19 71
20 71
21 70
22 70
23 70
24 70
24 70
25 70
26 69
27 69
28 69
29 68
30 68
30 68
31 68
32 68
33 67
34 67
35 67
36 67
36 67
37 67
38 66
39 66
40 66
41 66
42 65
43 65
43 65
44 65
45 65
46 65
47 64
48 64
49 64
50 64
50 64
51 64
52 64
53 63
54 63
55 63
56 63
56 63
57 63
58 62
59 62
60 62
61 62
62 61
63 61
63 61
64 61
65 61
66 60
67 60
68 60
69 60
69 60
70 60
71 60
72 59
73 59
74 59
75 59
75 59
76 59
77 59
78 58
79 58
80 58
81 58
81 58
82 58
83 57
84 57
85 57
85 57
86 57
87 57
88 56
89 56
90 56
90 56
91 56
92 56
93 56
93 56
94 55
95 55
95 55
96 55
97 55
97 55
98 56
98 56
98 56
98 56
98 56
98 55
98 55
98 55
