12 5
12 4
12 3
12 3
12 2
12 2
11 2
11 2
11 3
11 3
11 4
11 5
11 6
11 6
11 7
11 8
11 9
11 10
11 10
11 11
11 12
11 13
12 14
12 15
12 16
12 17
12 17
12 18
12 19
12 20
12 21
12 22
12 23
12 23
12 24
12 25
12 26
12 27
12 28
12 29
12 30
12 31
12 31
12 32
12 33
12 34
12 35
12 36
12 37
12 38
12 39
12 40
12 40
12 41
12 42
12 43
12 44
12 45
12 46
12 47
12 47
12 48
12 49
12 50
12 51
12 52
12 53
12 53
12 54
12 55
12 56
12 57
12 58
12 58
12 59
12 60
12 61
12 61
13 62
13 62
13 63
13 63
13 62
13 61
12 60
12 59
12 58
12 57
11 56
11 55
11 54
11 53
11 52
10 51
10 50
10 49
10 48
9 47
9 46
9 45
9 44
9 43
8 42
8 41
8 40
8 39
7 38
7 37
7 36
7 35
7 34
6 33
6 32
6 31
6 30
5 29
5 28
5 27
5 26
5 25
4 24
4 23
4 22
4 21
3 20
3 19
3 18
3 18
2 19
1 19
1 19
0 18
0 18
0 17
0 17
0 16
0 16
1 15
1 14
1 14
2 13
2 12
3 11
3 11
4 10
5 9
5 9
6 8
7 8
8 7
8 7
9 6
10 6
11 5
12 5
12 5
13 4
14 4
15 3
16 3
16 3
17 3
18 2
19 2
19 2
20 2
21 1
22 1
22 1
23 0
24 0
24 0
25 1
25 1
26 2
26 2
26 3
26 4
26 4
26 5
26 6
26 6
26 7
25 8
25 9
25 9
24 10
24 11
24 11
23 12
23 13
22 14
22 15
22 15
21 16
21 17
20 18
20 18
19 19
19 20
18 21
18 21
17 22
17 23
16 24
16 25
16 25
15 26
15 27
14 28
14 28
13 29
13 30
12 31
12 32
12 32
11 33
11 33
11 34
11 34
11 34
11 34
12 33
12 33
13 33
13 33
14 32
15 32
15 32
16 31
16 31
17 30
18 29
18 29
19 28
20 28
20 28
21 27
22 27
22 27
23 26
24 26
24 26
25 26
26 26
26 26
27 27
27 27
28 28
28 28
28 29
28 30
28 30
28 31
28 31
28 32
28 33
28 34
28 34
28 35
27 36
27 37
27 37
26 38
26 39
25 40
25 41
25 41
25 42
24 43
24 44
24 45
24 45
23 46
23 47
22 48
22 49
22 49
21 50
20 51
20 52
19 53
19 53
18 54
18 55
17 56
17 57
17 57
16 58
16 59
15 60
15 60
14 61
14 62
13 63
13 63
12 64
12 65
12 65
11 66
11 66
11 67
11 67
10 67
10 67
10 67
11 67
11 67
11 67
12 67
12 67
12 66
12 66
13 65
14 64
14 64
15 63
15 62
15 62
16 61
17 60
17 60
18 59
18 58
18 58
19 57
19 56
19 56
20 55
20 54
21 53
21 53
22 52
22 51
23 50
23 50
24 49
24 48
25 47
25 47
26 46
26 45
27 44
27 43
27 43
28 42
28 41
29 40
29 39
30 38
30 38
30 37
31 36
31 35
32 34
32 33
32 33
32 32
33 31
33 30
33 29
33 29
33 28
34 27
34 26
35 25
35 24
35 24
35 23
36 22
36 21
36 21
36 20
36 19
36 18
36 18
36 17
36 17
36 16
36 15
36 15
35 15
35 15
34 15
34 15
34 16
34 16
33 17
32 18
32 18
32 19
31 20
31 21
31 21
30 22
30 23
29 24
29 25
29 25
29 26
28 27
28 28
28 29
28 29
28 30
28 31
27 32
27 33
27 34
27 34
27 35
27 36
27 37
27 37
27 38
27 39
27 40
27 40
27 41
27 41
28 42
28 42
29 42
29 42
30 41
31 41
31 41
32 40
33 39
33 39
34 38
34 37
34 37
35 36
35 35
36 34
36 34
36 33
37 32
37 31
37 31
38 30
38 29
39 28
39 28
39 27
39 26
39 26
40 25
40 24
40 24
40 23
40 23
40 22
40 22
41 22
41 22
41 21
41 21
41 21
41 21
41 21
40 21
40 21
40 22
40 23
40 23
40 24
40 25
40 25
40 25
40 26
40 27
39 28
39 29
39 30
39 31
39 31
39 32
39 33
39 33
39 34
39 35
39 35
39 36
39 36
40 37
40 37
40 37
40 37
41 36
41 36
42 35
42 35
42 34
42 33
42 32
42 32
43 31
43 30
43 30
43 29
44 28
44 27
44 27
45 26
45 25
45 25
46 24
46 23
46 23
47 22
47 21
47 21
47 21
47 20
47 20
47 20
47 20
47 21
47 22
47 22
47 23
47 23
47 24
47 25
47 26
47 26
47 27
47 28
47 29
47 29
47 30
46 31
46 32
46 32
46 33
46 34
46 34
46 35
46 36
46 36
46 36
46 37
46 37
46 37
46 37
47 37
47 37
47 36
47 36
48 35
48 35
48 34
48 33
48 33
49 32
49 31
49 31
49 30
49 29
49 28
49 28
49 27
50 26
50 25
50 25
50 24
50 23
50 23
51 22
51 21
51 21
51 20
51 20
51 20
52 19
52 19
52 18
52 18
52 18
52 18
53 18
53 18
53 19
53 19
53 20
53 20
53 21
53 22
53 22
53 23
53 24
53 24
53 25
53 26
53 27
53 28
53 28
53 29
53 30
53 30
53 31
53 32
53 32
53 33
53 34
53 34
53 35
53 35
53 35
53 35
54 35
54 35
54 34
54 34
54 34
55 33
55 33
55 32
55 32
56 31
56 31
56 30
56 29
56 29
57 28
57 27
57 27
58 26
58 25
58 25
58 24
58 23
58 23
59 22
59 21
59 21
59 20
59 20
60 20
60 20
60 19
60 19
60 19
60 19
60 20
60 20
60 21
60 21
60 22
60 23
60 23
60 24
60 24
61 25
61 26
61 26
61 26
62 26
62 26
62 25
62 25
63 24
63 24
64 23
64 22
64 22
65 21
65 20
65 20
66 19
66 18
66 18
66 17
67 16
67 15
67 15
67 14
68 13
68 12
68 11
68 11
68 10
69 9
69 8
69 8
69 7
69 6
69 6
69 5
69 5
69 4
69 4
69 5
69 5
69 5
68 6
68 7
68 7
68 8
68 9
68 10
68 10
68 11
67 12
67 13
67 13
67 14
67 15
67 16
67 17
67 18
67 18
67 19
67 20
66 21
66 22
66 23
66 24
66 24
66 25
66 26
65 27
65 28
65 29
65 30
65 30
65 31
65 32
65 33
65 34
65 35
65 36
65 37
65 37
65 38
65 39
64 40
64 41
64 42
64 43
64 43
64 44
64 45
64 46
63 47
63 48
63 49
63 50
63 50
63 51
63 52
62 53
62 54
62 55
62 55
62 56
62 57
61 58
61 59
61 60
61 60
61 61
61 62
60 63
60 64
60 65
60 65
60 66
59 67
59 68
59 68
59 69
58 70
58 71
58 72
58 72
57 73
57 74
56 75
56 76
56 76
55 77
55 78
54 79
54 79
53 80
53 81
52 82
52 82
51 83
51 84
50 85
50 86
50 86
49 87
48 88
47 89
47 89
46 90
45 91
45 92
44 93
44 93
43 94
42 94
41 95
41 95
40 96
39 96
38 97
38 97
37 98
36 98
35 99
34 99
34 99
33 99
32 99
31 99
31 99
30 99
29 99
28 99
28 99
27 99
26 99
25 99
24 99
24 99
23 99
22 98
21 98
21 98
20 98
19 97
18 97
17 97
17 97
16 96
15 96
14 95
14 95
13 95
12 94
11 94
11 94
10 93
9 93
8 92
8 92
7 91
7 90
6 89
6 89
5 88
5 87
5 87
4 86
4 85
4 85
4 84
4 83
4 82
4 82
5 81
5 80
5 80
5 79
6 78
6 77
6 77
7 76
7 75
8 74
8 73
8 73
9 72
9 71
10 70
10 69
11 68
11 68
12 67
13 66
13 65
14 64
14 64
15 63
16 62
16 61
17 60
18 59
18 59
19 58
20 57
20 56
21 55
22 54
22 54
23 53
24 52
25 51
26 50
27 49
27 49
28 48
29 47
30 46
31 45
32 44
32 44
33 43
34 42
35 42
36 41
37 40
37 40
38 39
39 38
40 37
41 37
42 36
43 35
43 35
44 34
45 34
46 33
47 32
48 32
49 31
49 31
50 30
51 30
52 29
53 28
54 27
55 27
56 26
56 26
57 25
58 25
59 24
60 23
61 22
62 22
63 21
63 21
64 20
65 20
66 19
67 18
68 18
69 17
70 17
71 16
71 16
72 15
73 15
74 14
75 14
76 13
77 13
78 12
78 12
79 11
80 11
81 10
82 10
83 9
84 9
85 8
85 8
86 8
87 8
88 8
89 7
90 7
91 7
92 7
93 7
93 7
94 7
95 6
96 6
97 6
98 5
99 5
99 5
99 4
99 3
99 3
99 2
99 1
99 1
