10 11
10 10
10 10
10 10
10 11
10 12
10 12
10 13
11 14
11 15
11 15
11 16
11 17
11 18
11 19
11 20
11 20
11 21
11 22
12 23
12 24
12 25
12 26
12 26
12 27
12 28
12 29
12 30
12 31
12 32
12 33
12 33
12 34
12 35
12 36
12 37
12 38
12 39
12 40
12 41
12 42
12 42
12 43
12 44
12 45
13 46
13 47
13 48
13 49
13 49
13 50
13 51
13 52
13 53
13 54
13 55
13 55
13 56
13 57
13 58
13 58
13 59
13 59
13 60
13 60
13 60
13 59
13 58
12 57
12 56
12 55
12 54
11 53
11 52
11 51
11 50
10 49
10 48
10 47
10 46
10 45
9 44
9 43
9 42
9 41
8 40
8 39
8 38
8 37
8 36
7 35
7 34
7 33
7 32
6 31
6 30
6 29
6 28
5 27
5 26
5 25
5 24
5 23
4 22
4 21
4 20
4 19
3 18
3 17
3 16
3 16
3 15
3 14
3 13
3 13
3 13
3 13
3 12
3 12
4 11
5 11
5 11
6 10
7 9
7 9
8 8
9 8
10 7
10 7
11 7
12 6
13 6
14 6
14 6
15 5
16 5
17 4
17 4
18 3
19 3
20 2
21 2
21 2
22 2
23 1
24 1
25 1
25 1
26 1
27 0
28 0
28 0
29 1
30 1
30 1
31 2
31 2
31 3
32 4
32 5
32 5
32 6
32 7
32 8
32 9
32 9
32 10
32 11
32 12
32 13
32 14
32 14
32 15
32 16
31 17
31 18
31 19
31 19
31 20
31 21
30 22
30 23
30 24
30 24
30 25
29 26
29 27
28 28
28 29
28 29
27 30
27 31
26 32
26 33
26 33
26 34
25 35
25 36
25 37
25 37
24 38
24 39
24 39
23 40
23 40
23 40
23 40
23 39
23 39
24 38
24 38
25 37
25 36
25 36
26 35
26 34
26 34
27 33
27 32
28 31
28 31
29 30
30 29
30 29
31 28
32 27
32 27
33 26
34 26
34 26
35 26
35 26
36 26
37 26
37 26
37 27
37 27
38 28
38 29
38 29
38 30
38 31
38 32
38 32
38 33
37 34
37 35
37 36
37 36
37 37
37 38
36 39
36 40
36 41
36 41
36 42
35 43
35 44
35 45
34 46
34 47
34 47
34 48
33 49
33 50
33 51
32 52
32 53
32 53
31 54
31 55
30 56
30 57
29 58
29 58
28 59
28 60
27 61
27 62
26 63
26 64
26 64
25 65
24 66
24 67
23 68
23 68
22 69
22 70
21 71
21 72
21 72
20 73
20 74
19 75
19 76
19 76
18 77
18 77
18 77
18 77
19 76
19 75
19 75
20 74
21 73
21 73
22 72
23 71
24 70
24 70
25 69
26 68
26 67
27 66
27 66
28 65
29 64
29 63
30 62
31 61
31 61
32 60
32 59
33 58
33 57
34 56
34 56
35 55
36 54
36 53
37 52
37 52
38 51
38 50
39 49
39 48
40 47
40 47
41 46
42 45
42 44
43 43
43 43
44 42
44 41
45 40
45 39
45 39
46 38
46 37
47 36
47 35
47 35
48 34
48 33
48 33
48 32
48 31
48 31
48 31
48 31
47 32
46 32
46 32
45 33
45 34
45 34
44 35
43 36
43 36
43 37
42 38
42 39
42 39
42 40
41 41
41 42
41 43
41 43
41 44
40 45
40 46
40 46
40 47
40 48
40 48
40 49
40 49
40 49
40 48
40 48
41 48
41 48
42 47
42 46
42 46
43 45
44 44
44 44
44 43
45 42
45 41
45 41
46 40
46 40
47 39
47 39
47 40
47 40
48 41
48 41
49 42
49 42
49 43
49 43
49 44
49 44
49 45
49 45
49 45
50 44
50 44
50 44
51 43
51 42
51 42
52 41
52 41
53 40
53 40
53 40
54 40
54 40
54 40
54 41
54 41
55 42
55 42
55 42
56 41
56 41
56 41
57 40
57 39
57 39
58 38
58 38
59 37
59 37
60 36
60 36
61 36
61 36
62 37
62 37
63 37
63 37
64 38
64 38
65 38
65 38
66 37
66 37
67 36
68 36
68 36
69 35
69 34
69 34
70 33
70 33
71 32
71 32
72 31
72 31
72 32
72 32
73 33
73 33
74 34
74 34
74 35
74 36
74 36
75 37
75 38
75 38
75 39
75 40
75 41
75 41
75 42
75 43
75 43
75 44
76 45
76 46
76 47
76 47
76 48
76 49
76 50
76 51
76 51
76 52
75 53
75 54
75 55
75 55
75 56
75 57
75 58
75 59
75 60
75 61
75 61
75 62
75 63
74 64
74 65
74 66
74 66
74 67
74 68
73 69
73 70
73 71
73 71
73 72
73 73
72 74
72 75
72 76
72 76
71 77
71 78
70 79
70 79
69 80
68 81
68 82
67 83
67 83
66 84
65 85
64 86
64 86
63 87
62 88
61 88
60 89
60 89
59 90
58 91
57 91
56 92
56 92
55 93
54 93
53 94
52 94
51 95
50 95
50 95
49 95
48 96
47 96
46 96
45 97
44 97
44 97
43 97
42 97
41 98
40 98
39 98
38 98
38 98
37 98
36 98
35 98
34 99
33 99
32 99
31 99
31 99
30 99
29 99
28 99
27 99
26 99
25 99
24 99
24 99
23 99
22 99
21 99
20 99
19 99
18 99
18 99
17 99
16 98
15 98
14 98
13 97
12 97
12 97
11 96
10 96
9 95
8 95
8 95
7 94
6 93
5 93
4 92
4 92
3 91
3 90
2 89
2 89
1 88
1 87
0 86
0 85
0 85
0 84
0 83
0 82
0 82
0 81
0 80
0 79
0 79
0 78
1 77
1 76
1 76
2 75
2 74
3 73
3 73
4 72
5 72
6 71
7 71
7 71
8 70
9 70
10 69
11 69
11 69
12 69
13 69
14 68
15 68
16 68
16 68
17 68
18 68
19 67
20 67
21 67
22 67
22 67
23 67
24 66
25 66
26 66
27 65
28 65
28 65
29 65
30 64
31 64
32 64
33 64
34 63
35 63
35 63
36 62
37 62
38 61
39 61
40 60
41 60
41 60
42 60
43 59
44 59
45 58
46 58
47 57
48 57
48 57
49 57
50 56
51 56
52 55
53 55
54 54
55 54
55 54
56 53
57 53
58 52
59 52
60 51
61 51
62 50
62 50
63 50
64 49
65 49
66 48
67 48
68 47
69 47
69 47
70 46
71 45
72 44
73 44
74 43
75 42
75 42
76 41
77 41
78 40
79 40
80 39
81 39
81 39
82 38
83 37
84 37
85 36
85 36
86 35
87 35
88 34
89 34
90 33
90 33
91 32
92 32
93 31
93 31
94 30
95 30
95 30
96 29
97 29
97 29
98 29
98 29
99 29
99 29
98 29
98 29
98 29
98 29
98 29
98 28
98 28
98 28
