11 16
11 15
11 14
11 14
11 13
11 13
11 13
11 12
11 12
11 12
11 13
11 13
11 14
11 15
11 16
11 16
11 17
11 18
12 19
12 20
12 21
12 21
12 22
12 23
12 24
13 25
13 26
13 27
13 28
13 28
13 29
13 30
13 31
14 32
14 33
14 34
14 35
14 36
14 36
14 37
14 38
14 39
14 40
14 41
14 42
14 43
14 44
14 44
14 45
14 46
14 47
14 48
14 49
14 50
14 51
14 52
14 52
14 53
14 54
15 55
15 56
15 57
15 57
15 58
15 59
15 59
15 60
15 60
15 60
15 59
15 58
14 57
14 56
14 55
14 54
14 53
13 52
13 51
13 50
13 49
13 48
12 47
12 46
12 45
12 44
12 43
11 42
11 41
11 40
11 39
11 38
10 37
10 36
10 35
10 34
9 33
9 32
9 31
9 30
9 29
8 28
8 27
8 26
8 25
8 24
7 23
7 22
7 21
7 20
7 19
6 18
6 17
6 16
6 15
6 14
5 13
5 12
5 11
5 11
5 11
5 11
6 11
6 11
7 11
8 11
8 11
9 11
10 11
10 11
11 11
12 10
13 10
13 10
14 9
15 8
15 8
16 7
17 7
18 6
19 6
19 6
20 5
21 5
22 4
22 4
23 3
24 2
24 2
25 1
26 1
27 0
27 0
28 0
28 0
29 1
29 2
29 2
30 3
30 4
30 4
30 5
30 6
30 7
30 8
30 8
30 9
30 10
29 11
29 12
29 13
29 13
29 14
29 15
28 16
28 17
28 18
28 18
28 19
27 20
27 21
27 22
27 22
26 23
26 24
25 25
25 26
25 26
24 27
24 28
23 29
23 29
23 30
22 31
22 32
22 32
21 33
21 34
21 34
21 34
21 34
21 33
21 33
22 32
22 32
23 31
24 30
24 30
25 29
26 28
26 28
27 27
28 26
28 26
29 25
30 24
30 24
31 23
32 23
32 23
33 22
33 22
34 21
35 21
35 21
36 22
36 22
37 23
37 23
37 24
37 25
37 26
37 26
37 27
37 28
37 29
37 29
37 30
37 31
37 32
37 33
37 33
37 34
37 35
36 36
36 37
36 38
36 38
36 39
36 40
35 41
35 42
35 43
35 43
34 44
34 45
33 46
33 47
32 48
32 49
32 49
32 50
31 51
31 52
30 53
30 54
30 54
29 55
29 56
28 57
28 58
27 59
27 60
27 60
26 61
26 62
25 63
25 64
24 65
24 65
23 66
23 67
22 68
22 69
21 70
21 70
20 71
20 72
19 73
19 73
19 74
18 75
18 76
18 76
18 77
18 77
18 77
19 77
19 77
19 76
19 76
20 75
21 74
21 74
22 73
22 72
23 71
23 71
24 70
25 69
26 68
26 68
27 67
28 66
28 65
29 64
29 64
30 63
31 62
31 61
32 60
32 60
33 59
34 58
34 57
35 56
35 56
36 55
37 54
38 54
39 53
39 53
40 52
41 51
41 50
42 49
42 49
43 48
43 47
44 46
44 45
44 45
45 44
46 43
47 42
47 42
48 41
48 40
49 39
49 39
49 38
50 37
50 36
50 36
51 35
51 35
52 34
52 33
52 33
52 33
52 33
52 33
51 33
51 33
50 33
50 33
49 33
48 33
48 33
47 34
47 34
46 35
46 35
45 35
45 35
44 36
44 36
44 37
44 37
43 38
43 38
43 39
43 39
43 40
43 41
43 41
43 42
43 43
43 43
44 44
44 44
45 44
45 44
46 44
46 44
47 44
47 44
48 43
48 43
49 42
49 42
50 41
50 40
50 40
51 39
51 38
51 38
51 37
51 37
52 36
52 36
52 36
52 36
52 37
52 37
52 38
52 39
52 39
52 40
52 40
52 41
52 41
52 41
52 41
52 40
52 40
53 40
53 40
54 39
54 39
54 38
54 37
54 37
55 36
55 36
56 36
56 36
56 36
57 37
57 37
57 38
57 38
58 39
58 39
58 39
59 39
59 39
59 39
60 39
60 39
60 38
60 38
61 37
61 37
62 36
62 36
63 35
63 35
63 35
63 35
64 35
64 35
65 36
65 36
65 36
66 36
66 36
67 35
67 35
67 35
68 34
68 34
69 34
69 34
69 34
70 34
70 34
70 34
70 34
71 35
71 35
71 35
72 35
72 35
73 35
73 35
73 34
73 34
74 33
74 32
74 32
74 31
74 31
75 30
75 30
75 29
75 29
75 29
75 29
75 30
75 30
76 30
76 30
76 31
76 31
76 32
76 32
77 33
77 34
77 34
77 35
77 36
77 37
77 37
77 38
77 39
77 40
77 40
77 41
77 42
77 43
77 44
77 44
77 45
77 46
77 47
77 48
77 48
77 49
77 50
77 51
77 52
77 52
77 53
76 54
76 55
76 55
76 56
76 57
75 58
75 59
75 60
75 60
75 61
74 62
74 63
74 64
74 64
74 65
73 66
73 67
72 68
72 69
72 69
71 70
71 71
70 72
70 73
69 74
69 74
68 75
67 76
67 77
66 78
66 78
65 79
64 80
63 81
62 82
62 82
61 83
60 84
59 85
58 86
58 86
57 87
56 88
55 88
54 89
53 90
53 90
52 91
51 91
50 92
49 92
48 93
48 93
47 94
46 94
45 95
44 95
43 96
42 96
42 96
41 96
40 97
39 97
38 97
37 98
36 98
36 98
35 98
34 98
33 98
32 99
31 99
30 99
29 99
29 99
28 99
27 99
26 99
25 99
24 99
23 99
22 99
22 99
21 99
20 99
19 99
18 99
17 99
16 99
16 99
15 99
14 99
13 98
12 98
11 98
10 98
10 98
9 98
8 97
7 97
6 97
6 97
5 96
4 96
3 95
3 95
2 94
2 93
1 92
1 92
1 91
0 90
0 89
0 89
0 88
0 87
0 86
0 86
0 85
0 84
0 83
0 82
0 82
0 81
1 80
1 79
1 79
2 78
3 77
3 76
4 75
4 75
5 74
6 73
7 73
8 72
8 72
9 71
10 70
11 70
12 69
12 69
13 69
14 68
15 68
16 67
17 67
17 67
18 67
19 66
20 66
21 66
22 65
23 65
23 65
24 65
25 64
26 64
27 64
28 63
29 63
29 63
30 63
31 63
32 63
33 62
34 62
35 62
36 62
36 62
37 62
38 61
39 61
40 61
41 60
42 60
42 60
43 60
44 59
45 59
46 59
47 58
48 58
48 58
49 58
50 57
51 57
52 57
53 57
54 56
55 56
55 56
56 55
57 55
58 54
59 54
60 53
61 53
61 53
62 52
63 52
64 51
65 51
66 50
67 50
67 50
68 49
69 49
70 48
71 48
72 47
73 47
73 47
74 46
75 46
76 45
77 45
78 44
78 44
79 43
80 42
81 42
82 41
83 40
83 40
84 39
85 38
86 38
87 37
87 37
88 36
89 36
90 35
91 35
91 35
92 34
93 34
94 33
94 33
95 32
96 31
96 31
97 30
98 29
98 29
98 29
99 29
99 29
99 29
99 29
98 29
98 29
