9 6
9 6
10 5
10 4
10 4
9 4
9 4
10 5
10 5
10 6
10 7
10 8
10 8
10 9
10 10
10 11
10 11
10 12
10 13
10 14
10 15
10 15
10 16
10 17
11 18
11 19
11 20
11 20
11 21
11 22
11 23
11 24
11 25
11 25
11 26
11 27
12 28
12 29
12 30
12 30
12 31
12 32
12 33
12 34
12 35
12 35
12 36
13 37
13 38
13 38
13 39
13 40
13 41
13 41
13 42
13 43
13 44
13 44
13 45
13 45
14 45
14 45
14 44
13 43
13 42
12 41
12 40
12 39
11 38
11 37
10 36
10 35
10 34
9 33
9 32
8 31
8 30
7 29
7 28
7 27
6 26
6 25
5 24
5 23
5 22
4 21
4 20
3 19
3 18
3 17
2 16
2 15
1 14
1 13
1 13
1 14
1 14
0 13
0 12
0 12
0 11
0 11
0 10
0 9
0 9
1 8
2 8
2 8
3 7
4 6
4 6
5 5
6 5
7 4
8 4
8 4
9 3
10 3
11 2
11 2
12 2
13 1
14 1
15 1
15 1
16 1
17 1
18 0
19 0
20 0
20 0
21 0
22 1
23 1
24 1
24 1
25 1
26 1
26 1
27 2
28 2
28 2
29 3
29 3
29 4
29 5
29 5
29 6
29 7
29 7
28 8
28 9
27 10
27 10
26 11
26 12
26 12
25 13
25 14
24 15
24 15
23 16
22 17
22 17
21 18
20 19
20 19
20 20
19 21
19 22
19 22
18 23
18 23
18 24
18 24
18 25
18 25
19 26
20 26
20 26
21 26
22 26
22 26
23 26
24 26
25 26
25 26
26 25
27 25
27 25
28 25
29 25
29 25
30 24
31 24
31 24
32 25
32 25
32 26
32 27
32 27
31 28
31 29
31 29
31 30
30 31
30 32
30 33
30 33
29 34
29 35
28 36
28 36
28 37
27 38
27 39
27 39
26 40
26 41
25 42
25 42
25 43
24 44
24 45
24 45
23 46
23 47
22 48
22 48
21 49
21 50
21 50
20 51
20 52
20 52
20 53
20 54
20 54
20 55
20 55
21 54
21 54
22 54
23 54
23 54
24 53
24 52
25 51
25 51
26 50
27 49
27 49
28 48
28 47
29 46
29 46
30 45
31 44
32 43
32 43
33 42
34 41
35 40
35 40
36 39
36 38
37 37
37 37
38 36
39 35
40 34
40 34
41 33
42 32
42 32
42 31
43 30
43 29
43 29
43 28
44 27
44 26
44 26
44 25
44 24
44 24
44 23
44 22
44 22
43 21
43 21
43 21
42 21
41 21
41 21
40 22
40 23
40 23
39 24
38 24
38 24
38 25
37 26
37 27
37 27
36 28
35 29
35 29
35 30
35 31
35 32
35 32
34 33
34 34
34 34
35 35
35 36
35 36
35 37
35 37
36 37
37 37
37 37
38 37
39 37
39 37
40 36
41 36
41 36
42 35
43 34
43 34
44 33
45 32
45 32
46 31
46 30
47 29
47 29
48 28
48 28
49 27
49 26
49 26
49 26
50 26
50 26
50 26
50 27
50 28
50 28
51 29
51 30
51 30
51 31
51 32
51 32
52 33
52 33
52 34
52 34
53 34
53 34
53 34
54 33
54 33
55 32
55 31
55 31
56 30
56 29
56 29
57 28
57 27
58 26
58 26
59 25
59 24
59 24
60 23
61 23
61 23
62 22
62 22
63 21
64 21
64 21
65 21
65 21
66 22
66 22
67 23
67 23
68 24
68 24
69 25
69 25
70 25
70 25
70 26
70 26
71 26
71 26
72 25
72 25
73 24
74 23
74 23
75 22
75 22
76 21
77 20
77 20
78 19
78 18
78 18
79 17
79 17
80 16
81 16
81 16
82 15
82 15
83 15
83 15
84 15
84 15
85 14
85 14
86 14
87 14
87 14
88 13
88 13
89 13
89 13
90 12
90 12
91 12
91 12
91 11
91 11
92 11
92 11
92 11
92 12
92 12
92 13
92 14
92 15
92 15
92 16
92 17
92 18
92 18
92 19
92 20
91 21
91 22
91 23
91 23
91 24
91 25
91 26
91 27
91 28
91 28
91 29
90 30
90 31
90 32
89 33
89 34
89 34
89 35
89 36
89 37
88 38
88 39
88 40
88 41
88 41
88 42
88 43
88 44
87 45
87 46
87 47
87 48
87 49
87 49
87 50
86 51
86 52
86 53
86 54
85 55
85 56
85 57
85 57
85 58
85 59
85 60
84 61
84 62
84 63
84 64
84 64
84 65
83 66
83 67
83 68
83 69
82 70
82 71
82 71
82 72
81 73
81 74
81 75
80 76
80 77
80 77
79 78
79 79
78 80
78 81
77 82
77 83
77 83
76 84
75 85
74 85
73 86
72 87
72 87
71 88
70 89
69 89
68 90
67 91
67 91
66 92
65 92
64 93
63 93
62 94
62 94
61 94
60 95
59 95
58 96
57 96
57 96
56 96
55 97
54 97
53 97
52 98
51 98
51 98
50 98
49 98
48 99
47 99
46 99
45 99
45 99
44 99
43 99
42 99
41 99
40 99
39 99
39 99
38 99
37 99
36 99
35 99
34 99
34 99
33 99
32 98
31 98
30 98
29 97
28 97
28 97
27 96
26 96
25 95
24 95
23 94
22 94
22 94
21 93
20 93
19 92
18 91
17 91
16 90
16 90
15 89
14 88
13 87
12 86
11 85
11 85
10 84
9 83
8 82
7 81
6 80
6 80
5 79
5 78
4 77
4 76
3 75
3 75
2 74
2 73
1 72
1 71
1 71
1 70
0 69
0 68
0 68
1 67
1 66
2 65
2 65
3 64
4 63
4 62
5 61
5 61
6 60
7 60
8 59
9 58
10 58
11 57
11 57
12 56
13 56
14 55
15 54
16 53
17 53
18 52
18 52
19 51
20 51
21 50
22 50
23 49
24 49
25 48
26 48
27 47
27 47
28 46
29 46
30 45
31 45
32 44
33 44
34 43
35 43
35 43
36 42
37 42
38 41
39 41
40 40
41 40
42 39
43 39
43 39
44 39
45 38
46 38
47 37
48 37
49 37
50 36
51 36
51 36
52 35
53 35
54 34
55 34
56 33
57 33
58 32
59 32
59 32
60 32
61 31
62 31
63 30
64 30
65 30
66 29
67 29
67 29
68 29
69 28
70 28
71 28
72 27
73 27
74 27
75 26
76 26
76 26
77 26
78 25
79 25
80 25
81 25
82 24
83 24
84 24
84 24
85 24
86 24
87 24
88 23
89 23
90 23
91 23
91 23
92 23
93 23
94 23
95 22
96 22
97 22
98 22
99 22
