16 19
16 18
16 17
16 17
16 16
16 15
16 15
16 14
16 14
15 13
15 13
15 12
15 11
15 11
15 11
15 10
15 10
15 10
15 10
15 10
15 11
15 12
15 12
15 13
15 14
15 14
15 15
15 16
16 17
16 18
16 19
16 20
16 20
16 21
16 22
16 23
16 24
16 25
16 26
16 27
16 28
16 29
16 29
16 30
16 31
16 32
16 33
17 34
17 35
17 36
17 37
17 38
17 39
17 39
17 40
17 41
17 42
17 43
17 44
17 45
17 46
17 47
17 48
17 49
17 49
17 50
17 51
17 52
17 53
17 54
17 55
17 56
17 57
17 58
17 58
17 59
17 60
17 61
17 62
17 63
17 64
17 65
17 66
17 67
17 67
17 68
17 69
17 70
17 71
17 72
17 72
17 73
17 74
17 75
17 76
17 76
17 77
17 77
17 77
17 77
17 76
17 75
17 75
17 74
17 73
17 72
17 71
17 70
16 69
16 68
16 67
16 66
16 65
16 64
16 63
16 62
16 61
16 60
16 59
16 58
15 57
15 56
15 55
15 54
15 53
15 52
15 51
15 50
15 49
15 48
15 47
15 46
14 45
14 44
14 43
14 42
14 41
14 40
14 39
14 38
14 37
14 36
14 35
14 34
13 33
13 32
13 31
13 30
13 29
13 28
13 27
13 26
13 25
13 24
13 23
13 22
12 21
12 20
12 19
12 18
12 17
12 16
12 15
12 15
12 16
11 17
11 18
11 18
10 19
10 19
10 19
10 20
10 20
9 19
9 19
9 19
9 18
9 18
9 17
9 16
9 16
9 15
9 15
9 14
9 14
9 13
9 13
10 12
10 11
10 11
11 10
12 9
12 9
13 8
14 7
14 7
15 6
16 5
16 5
17 5
18 4
19 4
19 4
20 3
21 3
22 2
22 2
23 1
24 1
24 1
25 1
26 1
27 1
27 1
28 1
29 1
29 1
30 2
30 2
30 3
30 4
30 5
30 5
31 6
31 7
31 7
31 8
31 9
31 10
31 11
31 12
31 12
31 13
31 14
30 15
30 16
30 17
30 17
30 18
30 19
29 20
29 21
29 22
29 23
29 23
28 24
28 25
27 26
27 27
27 27
27 28
26 29
26 30
26 30
25 31
25 32
24 33
24 34
24 34
23 35
23 36
23 36
23 36
23 36
23 36
23 36
24 35
24 35
25 34
25 33
25 33
26 32
27 31
27 31
28 30
28 29
29 28
29 28
30 27
31 27
31 27
32 26
33 25
33 25
34 24
35 24
35 24
36 24
36 24
37 25
38 25
38 25
38 26
38 26
38 27
39 28
39 29
39 29
39 30
39 31
39 32
39 32
39 33
39 34
39 35
39 36
39 36
39 37
39 38
38 39
38 40
38 41
38 42
38 42
38 43
38 44
37 45
37 46
37 47
37 48
37 48
37 49
36 50
36 51
36 52
35 53
35 54
35 54
35 55
34 56
34 57
33 58
33 59
32 60
32 61
32 61
32 62
31 63
31 64
31 65
30 66
30 67
30 67
29 68
29 69
28 70
28 71
27 72
27 72
26 73
26 74
25 75
25 76
24 77
24 77
23 78
23 79
22 80
22 80
21 81
21 82
21 82
20 83
20 84
20 84
20 84
20 83
20 83
21 82
21 82
21 81
22 80
22 79
22 79
23 78
23 77
24 76
24 75
24 75
25 74
26 73
26 72
27 71
27 71
28 70
28 69
29 68
29 67
30 66
30 66
31 65
31 64
32 63
32 62
33 61
33 61
34 60
35 59
35 58
36 57
37 56
37 56
38 55
38 54
39 53
39 52
40 51
40 51
41 50
41 49
42 48
42 47
43 46
43 46
44 45
45 44
45 43
46 42
46 42
47 41
47 40
48 39
48 39
49 38
49 37
49 37
50 36
50 35
50 35
50 34
50 34
50 33
50 33
50 33
50 33
49 33
49 33
48 34
48 34
47 35
46 35
46 35
45 36
45 37
45 37
44 38
43 39
43 39
43 40
43 41
43 42
43 42
43 43
42 44
42 45
42 45
42 46
42 47
42 47
42 48
42 49
42 50
42 50
43 51
43 51
44 52
44 52
45 51
45 51
46 50
47 50
47 50
48 49
48 48
48 48
49 47
49 46
49 46
49 45
50 44
50 43
50 43
50 42
51 41
51 40
51 40
52 39
52 39
52 39
52 39
52 40
52 41
52 41
52 42
52 43
52 43
52 44
53 45
53 46
53 46
52 47
52 47
52 48
52 48
53 48
53 48
53 48
53 47
53 47
54 46
54 46
55 45
55 44
55 44
56 43
56 42
56 42
57 42
57 42
57 42
57 43
57 43
58 44
58 45
58 45
58 46
58 47
58 47
58 47
58 48
58 48
59 48
59 48
60 48
60 48
61 47
61 47
62 46
62 45
62 45
63 44
63 43
63 43
64 42
65 41
65 41
66 40
66 40
67 40
67 40
68 40
68 40
69 39
69 39
70 39
70 39
71 38
71 38
72 38
72 38
73 37
73 37
74 37
74 37
74 37
75 37
75 37
76 37
76 37
76 38
76 38
76 39
76 39
77 40
77 40
77 41
77 42
77 42
77 43
78 44
78 45
78 46
78 46
78 47
78 48
78 49
78 50
78 51
78 51
78 52
78 53
78 54
78 55
78 56
78 56
78 57
78 58
79 59
79 60
79 61
79 61
79 62
79 63
79 64
79 65
79 65
79 66
78 67
78 68
78 69
78 69
78 70
78 71
78 72
78 73
78 73
78 74
77 75
77 76
77 77
77 77
76 78
76 79
75 80
75 81
75 81
74 82
74 83
73 84
73 84
72 85
71 86
70 87
70 87
69 88
68 89
67 89
66 90
66 90
65 91
64 91
63 92
63 92
62 92
61 93
60 93
59 94
58 94
58 94
57 94
56 94
55 95
54 95
53 95
53 95
52 95
51 96
50 96
49 97
48 97
48 97
47 97
46 97
45 97
44 97
43 97
42 97
41 97
41 97
40 97
39 97
38 98
37 98
36 98
35 98
35 98
34 98
33 98
32 98
31 99
30 99
29 99
28 99
28 99
27 99
26 99
25 99
24 99
23 99
22 99
22 99
21 99
20 99
19 99
18 99
17 99
17 99
16 99
15 99
14 99
13 99
12 99
12 99
11 99
10 99
9 99
8 99
7 99
7 99
6 99
5 98
4 98
4 98
3 98
2 97
1 97
1 97
0 96
0 95
0 95
0 94
0 93
0 93
0 92
0 91
0 91
1 90
1 89
2 88
2 88
3 87
3 86
4 85
4 85
5 84
6 83
7 82
7 82
8 81
9 81
10 80
11 80
12 79
12 79
13 78
14 78
15 77
16 77
17 76
17 76
18 76
19 75
20 75
21 75
22 74
23 74
23 74
24 73
25 73
26 72
27 71
28 71
29 70
29 70
30 69
31 69
32 68
33 68
34 67
35 67
36 66
36 66
37 65
38 65
39 64
40 63
41 62
42 62
43 61
43 61
44 60
45 60
46 59
47 59
48 58
49 58
50 57
50 57
51 56
52 56
53 55
54 54
55 54
56 53
56 53
57 52
58 52
59 51
60 51
61 50
62 50
63 49
63 49
64 48
65 48
66 47
67 47
68 46
68 46
69 45
70 45
71 44
72 44
73 43
74 43
75 42
75 42
76 41
77 41
78 40
79 40
80 39
80 39
81 38
82 37
83 36
84 35
84 35
85 34
86 33
87 33
88 32
88 32
89 31
90 31
91 30
92 30
92 30
93 29
94 29
94 29
95 28
96 28
96 28
97 27
98 27
98 27
98 27
99 27
99 27
99 27
98 27
98 27
98 27
98 27
98 27
98 27
98 27
