10 4
10 3
10 2
10 2
10 2
10 3
10 4
10 4
10 5
10 6
10 7
10 7
10 8
10 9
10 10
10 11
10 12
10 12
10 13
10 14
11 15
11 16
11 17
11 18
11 18
11 19
11 20
11 21
11 22
11 23
11 24
11 25
11 25
11 26
11 27
11 28
12 29
12 30
12 31
12 32
12 33
12 33
12 34
12 35
12 36
12 37
12 38
12 39
12 40
12 40
12 41
12 42
12 43
12 44
12 45
12 46
12 47
12 48
12 48
12 49
12 50
12 51
12 52
12 53
12 53
12 54
12 55
12 56
12 57
12 57
12 58
12 59
12 59
12 59
12 59
12 58
12 58
12 57
12 56
12 55
11 54
11 53
11 52
11 51
11 50
11 49
11 48
10 47
10 46
10 45
10 44
10 43
10 42
9 41
9 40
9 39
9 38
9 37
9 36
9 35
8 34
8 33
8 32
8 31
8 30
8 29
8 28
7 27
7 26
7 25
7 24
7 23
7 22
6 21
6 20
6 19
6 18
6 17
6 16
6 15
5 14
5 13
5 12
5 11
5 11
4 12
3 12
3 12
3 13
3 13
3 14
3 14
3 14
3 13
3 13
4 12
5 12
5 12
6 11
7 11
7 11
8 10
8 9
9 8
9 8
10 7
11 6
12 5
12 5
13 4
14 4
15 3
15 3
16 2
17 2
18 1
18 1
19 0
20 0
20 0
21 0
22 1
23 1
23 1
24 2
24 3
24 3
24 4
24 5
24 6
24 6
24 7
24 8
24 9
24 9
24 10
24 11
24 12
24 13
24 13
24 14
23 15
23 16
23 17
23 17
23 18
22 19
22 20
22 21
22 21
21 22
21 23
20 24
20 25
20 25
20 26
19 27
19 28
19 28
18 29
18 30
18 30
17 31
17 32
17 32
17 33
17 33
17 32
17 32
17 32
17 31
17 31
18 30
19 29
19 29
20 28
20 27
21 26
21 26
22 25
23 24
23 24
24 23
24 22
25 21
25 21
26 20
27 19
27 19
28 18
29 18
29 18
30 18
30 18
31 18
32 18
32 18
32 19
32 19
33 20
33 21
33 21
33 22
33 23
33 24
33 25
33 25
33 26
32 27
32 28
32 29
32 29
31 30
31 31
30 32
30 33
30 33
30 34
29 35
29 36
29 37
28 38
28 39
28 39
28 40
27 41
27 42
27 43
26 44
26 45
26 45
26 46
25 47
25 48
24 49
24 50
24 50
24 51
23 52
23 53
22 54
22 55
22 55
21 56
20 57
20 58
19 59
19 59
18 60
18 61
17 62
17 63
17 63
16 64
16 65
16 65
15 66
15 66
15 66
15 66
16 65
16 65
17 64
17 63
17 63
18 62
18 61
19 60
19 60
20 59
21 58
21 57
22 56
22 56
23 55
23 54
24 53
24 53
25 52
26 51
26 50
27 49
27 49
28 48
29 47
29 46
30 45
30 45
31 44
31 43
32 42
32 41
32 41
33 40
34 39
35 38
35 38
36 37
37 36
37 36
38 35
38 34
39 33
39 33
40 32
41 32
41 32
42 31
42 30
42 30
43 29
43 29
44 28
44 28
44 28
44 28
44 28
44 28
43 28
43 28
43 28
42 28
42 28
41 29
40 29
40 29
39 30
39 30
38 31
38 31
37 32
37 32
37 33
37 34
37 34
37 35
37 35
37 36
37 37
37 37
37 38
37 38
38 39
38 40
38 40
39 40
39 40
40 40
41 40
41 40
42 40
42 40
43 39
43 39
44 38
44 38
45 37
45 36
45 36
46 35
46 34
46 34
46 33
46 32
46 32
46 31
46 31
46 31
46 31
45 32
45 33
45 33
45 34
45 34
45 35
45 36
45 36
45 37
45 38
45 38
45 39
45 39
45 39
45 39
46 39
46 39
47 38
47 37
47 37
47 36
47 35
47 35
48 34
48 33
48 33
49 32
49 31
49 31
49 31
50 31
50 31
50 32
50 32
51 33
51 34
51 34
52 35
52 35
52 36
52 37
52 37
52 37
53 37
53 37
53 37
54 36
54 35
54 35
55 34
55 33
55 33
55 32
56 31
56 30
56 30
57 29
57 28
57 28
58 27
59 27
59 27
60 26
60 26
61 27
61 27
62 28
62 28
62 29
62 29
62 30
62 30
63 30
63 30
63 31
63 31
64 31
64 31
64 31
65 30
65 30
65 29
65 29
66 28
66 28
67 27
67 27
67 27
68 26
68 26
69 26
69 26
69 27
69 27
69 27
70 27
70 27
70 27
71 27
71 27
71 26
71 26
72 25
72 25
72 25
72 24
72 24
72 24
72 25
72 25
72 25
73 26
73 27
73 27
73 28
73 29
73 29
73 30
74 31
74 32
74 32
74 33
74 34
74 35
74 35
74 36
74 37
74 38
74 38
74 39
74 40
74 41
74 41
74 42
73 43
73 44
73 45
73 45
73 46
73 47
73 48
73 49
73 50
73 50
73 51
72 52
72 53
71 54
71 55
71 55
71 56
71 57
70 58
70 59
70 60
70 60
70 61
69 62
69 63
69 64
68 65
68 66
68 66
67 67
67 68
66 69
66 70
65 71
65 72
65 72
65 73
64 74
64 75
63 76
63 77
63 77
62 78
62 79
61 80
61 81
60 82
60 82
59 83
58 84
57 85
56 86
56 86
55 87
54 88
53 89
52 90
52 90
51 91
50 91
49 92
48 92
47 93
47 93
46 94
45 94
44 95
43 95
42 96
42 96
41 96
40 97
39 97
38 97
37 98
36 98
36 98
35 98
34 98
33 99
32 99
31 99
30 99
30 99
29 99
28 99
27 99
26 99
25 99
24 99
23 99
23 99
22 99
21 99
20 99
19 99
18 99
17 99
17 99
16 99
15 98
14 98
13 98
12 98
11 97
10 97
10 97
9 96
8 95
7 95
6 94
6 94
5 93
4 93
3 92
3 92
2 91
2 90
1 89
1 89
1 88
0 87
0 86
0 85
0 85
0 84
0 83
0 82
0 81
0 81
0 80
0 79
0 78
0 77
0 76
0 76
0 75
1 74
1 73
2 72
2 71
2 71
3 70
4 69
4 68
5 67
5 67
6 66
7 66
8 65
8 65
9 64
10 64
11 63
12 63
13 62
13 62
14 62
15 62
16 61
17 61
18 61
18 61
19 61
20 60
21 60
22 60
23 59
24 59
24 59
25 59
26 58
27 58
28 58
29 57
30 57
30 57
31 57
32 57
33 56
34 56
35 56
36 56
36 56
37 56
38 55
39 55
40 55
41 54
42 54
42 54
43 54
44 53
45 53
46 53
47 52
48 52
48 52
49 52
50 51
51 51
52 51
53 50
54 50
54 50
55 50
56 50
57 49
58 49
59 49
60 49
60 49
61 49
62 48
63 48
64 47
65 47
65 47
66 46
67 46
68 45
69 45
70 44
70 44
71 43
72 43
73 42
74 42
75 41
75 41
76 40
77 40
78 39
79 39
80 38
80 38
81 37
82 37
83 36
84 36
85 35
85 35
86 34
87 33
87 32
88 31
88 31
89 30
90 29
91 29
92 28
92 28
93 27
94 27
95 26
95 26
96 25
97 25
97 25
98 24
98 23
98 23
99 23
99 23
99 23
99 23
99 23
99 23
99 23
98 23
