21 2
22 2
22 2
21 1
21 0
21 0
21 1
21 1
21 2
22 3
22 4
22 4
22 5
22 6
22 7
22 7
22 8
22 9
22 9
22 10
23 11
23 12
23 12
23 13
24 14
24 15
24 15
25 16
25 17
25 17
26 18
26 18
25 19
24 19
23 20
22 21
21 21
20 22
19 22
18 23
17 24
16 24
15 25
14 26
13 26
12 27
11 27
10 28
10 28
9 28
8 29
7 29
6 29
6 29
5 29
4 29
3 29
3 29
2 29
1 29
1 29
0 30
0 30
0 31
0 31
1 32
2 32
2 32
3 32
4 31
5 31
5 31
6 31
7 30
8 30
9 30
10 29
11 29
11 29
12 29
13 28
14 28
15 28
16 27
17 27
17 27
18 27
19 26
20 26
21 25
22 25
23 25
24 24
25 24
25 24
26 24
27 23
28 23
29 22
30 22
31 21
32 21
32 21
33 21
34 20
35 20
36 20
37 19
38 19
38 19
39 19
40 19
41 18
42 18
43 18
44 18
44 18
45 19
46 19
46 19
47 19
48 19
48 19
48 20
48 21
48 21
47 22
47 22
46 23
45 24
45 24
44 25
43 25
43 25
42 26
41 26
40 27
40 27
39 27
38 28
37 28
37 28
36 29
35 30
35 30
34 31
34 32
33 33
33 34
33 34
33 35
33 36
32 37
32 38
32 39
32 39
32 40
32 41
31 42
31 43
31 44
31 45
31 45
31 46
31 47
30 48
30 49
30 50
30 51
30 51
30 52
29 53
29 54
29 55
28 56
28 57
28 57
28 58
27 59
27 60
27 61
26 62
26 63
26 63
25 64
24 65
24 66
23 67
23 67
22 68
21 69
21 70
20 71
20 71
19 72
19 73
18 74
18 74
17 75
16 75
16 75
15 75
14 76
13 76
13 76
12 76
11 76
11 76
10 75
9 74
9 74
9 73
8 72
8 71
8 71
8 70
7 69
7 68
7 67
7 67
7 66
7 65
7 64
7 63
7 62
7 62
7 61
7 60
8 59
8 58
8 57
8 56
8 56
8 55
9 54
9 53
10 52
10 51
10 51
11 50
12 49
13 49
14 48
14 48
15 47
16 47
17 46
17 46
18 46
19 45
20 45
21 45
21 45
22 45
23 45
24 44
25 44
26 44
26 44
27 44
28 44
29 44
30 44
30 44
31 44
32 44
33 44
34 44
35 44
35 44
36 44
37 45
38 45
39 45
39 45
40 46
41 47
42 47
43 48
43 48
44 49
45 50
45 51
46 52
46 52
47 53
47 54
48 55
48 56
49 57
49 57
50 58
50 59
51 60
51 61
52 62
52 62
53 63
54 64
54 64
55 65
55 65
55 65
55 64
55 63
56 62
56 61
56 60
56 59
57 58
57 57
57 56
57 55
57 54
58 53
58 52
58 51
58 50
58 49
59 48
59 47
59 46
59 45
60 44
60 43
60 42
60 41
60 40
61 39
61 38
61 37
61 36
61 35
62 34
62 33
62 32
62 31
63 30
63 29
63 28
63 28
64 28
65 27
66 27
67 27
67 27
66 27
65 27
64 27
64 27
63 26
63 26
62 27
62 28
62 28
62 29
62 29
62 30
62 31
62 31
63 32
63 33
63 33
64 34
65 34
65 34
66 35
67 35
67 35
68 35
69 35
69 35
70 34
71 34
71 34
72 33
72 33
73 32
73 31
74 30
74 30
74 29
75 28
75 27
75 27
76 26
77 25
77 24
78 23
78 23
79 22
79 21
80 20
80 19
81 18
81 17
81 17
82 16
83 15
83 14
84 13
84 13
84 12
84 11
85 10
85 9
85 8
85 8
86 7
86 7
86 6
86 6
86 6
86 6
86 7
86 7
87 8
87 8
88 9
88 10
88 10
89 11
89 12
90 13
90 14
90 14
90 15
91 16
91 17
91 18
91 19
92 20
92 21
92 22
92 22
92 23
93 24
93 25
93 26
94 27
94 28
94 29
95 30
95 31
95 31
95 32
95 33
96 34
96 35
96 36
96 37
96 38
97 39
97 40
97 41
97 41
97 42
97 43
97 44
97 45
97 46
98 47
98 48
98 49
98 50
98 51
98 52
98 52
98 53
98 54
98 55
98 56
99 57
99 58
99 59
99 60
99 61
99 62
99 62
99 63
99 64
99 65
99 66
99 67
99 68
99 69
99 70
99 70
99 71
99 72
98 73
98 74
98 75
98 76
98 76
98 77
97 78
97 79
97 80
97 80
97 81
97 82
96 83
96 84
96 85
96 85
95 86
94 87
94 88
93 89
93 89
92 90
91 91
90 92
90 92
89 93
88 94
87 95
86 96
86 96
85 97
84 97
83 98
82 98
82 98
81 98
80 99
79 99
79 99
78 99
77 99
76 99
75 99
75 99
74 98
73 98
72 97
72 97
71 96
70 95
69 94
