33 7
33 6
33 5
34 4
34 3
34 2
34 1
34 1
34 0
34 0
33 1
32 1
32 1
32 2
32 2
32 3
33 4
33 5
33 5
33 6
33 7
34 8
34 9
34 10
34 10
34 11
34 12
34 13
34 14
34 15
34 16
34 16
34 17
34 18
34 19
34 20
34 21
34 22
34 22
34 23
35 24
35 25
35 26
35 26
35 27
35 28
35 29
35 29
36 30
36 31
36 31
35 31
34 32
33 32
32 32
31 32
30 33
29 33
28 33
27 33
26 34
25 34
25 34
24 34
23 34
22 34
21 34
20 34
19 34
18 34
18 34
17 34
16 34
16 34
15 34
14 34
14 34
14 34
15 34
15 34
16 34
16 34
17 34
18 33
19 33
20 33
20 33
21 33
22 32
23 32
24 31
25 31
25 31
26 31
27 30
28 30
29 30
30 29
31 29
31 29
32 29
33 28
34 28
35 28
36 28
37 27
38 27
38 27
39 27
40 26
41 26
42 26
43 25
44 25
44 25
45 25
46 24
47 24
48 24
49 23
50 23
50 23
51 23
52 23
53 23
53 23
52 23
51 24
50 24
49 24
48 25
47 25
46 25
45 25
44 26
43 26
43 26
43 26
43 26
43 26
43 26
43 26
43 26
42 27
42 27
42 28
41 29
41 30
41 30
40 31
39 32
39 33
38 34
37 35
37 35
36 36
36 37
35 38
34 39
34 40
33 41
33 41
32 42
31 43
30 44
30 45
29 46
28 47
27 48
27 48
26 49
26 50
25 51
24 52
23 53
23 54
22 55
22 55
21 56
20 57
19 58
19 59
18 60
17 61
17 61
16 62
15 63
14 64
14 65
13 66
12 67
12 67
11 68
10 69
9 69
8 70
7 71
7 71
6 71
5 72
4 72
3 73
2 73
2 73
1 74
0 75
0 75
0 75
0 74
0 74
1 73
1 72
1 72
1 71
2 70
2 69
2 69
3 68
3 67
4 66
4 65
5 64
5 64
6 63
6 62
7 61
7 60
8 59
8 59
9 58
10 57
11 56
12 55
12 55
13 54
14 53
15 52
16 51
16 51
17 51
18 50
19 50
20 50
20 50
21 50
22 49
23 49
23 49
24 49
25 50
26 50
26 50
27 51
28 52
28 52
29 53
30 54
31 54
32 55
32 55
33 56
34 57
35 58
35 58
36 59
36 60
37 61
37 61
38 62
39 63
40 64
40 64
41 65
42 65
43 66
43 66
44 67
45 67
45 67
46 67
47 67
47 67
48 66
49 66
49 66
50 65
51 64
51 64
52 63
52 62
53 61
53 61
53 60
53 59
54 58
54 57
54 56
54 56
54 55
55 54
55 53
56 52
56 51
56 51
56 50
57 49
57 48
58 47
58 46
58 46
59 45
60 44
60 43
61 42
61 42
62 41
63 40
64 39
64 39
65 38
66 37
66 37
67 36
68 36
68 36
69 36
69 36
69 36
69 36
70 37
70 37
70 37
71 37
71 37
71 37
72 36
73 35
73 35
74 34
74 33
74 33
75 32
75 31
76 30
76 30
77 29
77 28
78 27
78 26
78 26
78 25
79 24
79 23
80 22
80 21
80 21
80 20
81 19
81 18
82 17
82 16
82 16
82 15
83 14
83 13
84 12
84 11
84 11
84 10
84 9
84 8
84 7
84 7
84 6
85 5
85 4
85 4
85 3
85 3
85 3
85 3
85 4
85 4
85 5
85 6
85 6
85 7
85 8
85 9
85 10
85 11
85 11
85 12
85 13
86 14
86 15
86 16
86 17
86 17
86 18
86 19
86 20
86 21
87 22
87 23
87 24
87 25
87 26
87 26
87 27
87 28
88 29
88 30
88 31
88 32
88 33
89 34
89 35
89 36
89 36
89 37
90 38
90 39
90 40
90 41
91 42
91 43
91 44
91 45
92 46
92 47
92 48
92 48
92 49
92 50
92 51
93 52
93 53
93 54
93 55
93 56
93 57
94 58
94 59
94 60
94 61
94 61
94 62
94 63
95 64
95 65
95 66
95 67
95 68
95 69
96 70
96 71
96 72
96 72
96 73
96 74
97 75
97 76
97 77
97 78
98 79
98 80
98 81
98 81
98 82
98 83
98 84
99 85
99 86
99 87
99 88
99 89
99 89
99 90
99 91
99 92
99 93
99 94
99 94
98 95
98 96
97 97
97 98
97 98
96 99
96 99
95 99
94 99
93 99
93 99
92 99
91 99
90 99
90 99
89 99
88 98
87 98
86 98
85 98
84 97
83 97
83 97
82 96
81 96
80 95
79 94
78 94
77 93
76 93
75 92
75 92
74 91
73 91
72 90
71 90
70 89
69 89
68 88
67 88
67 88
66 88
65 87
64 87
63 86
62 86
62 86
61 86
60 85
59 85
58 84
57 84
