19 20
19 19
18 18
18 17
18 16
18 16
19 16
19 16
19 16
20 17
21 17
21 17
22 18
22 19
23 20
23 20
24 21
24 22
25 23
25 24
25 24
25 25
26 26
26 27
27 28
27 29
27 29
27 30
28 31
28 32
28 32
28 33
28 34
28 35
28 35
28 36
28 37
28 37
27 37
26 37
25 37
24 37
23 38
22 38
21 38
20 38
19 38
18 38
17 38
16 38
15 38
14 38
13 39
12 39
11 39
10 39
9 39
9 39
8 39
7 39
6 39
5 39
4 39
4 39
3 39
3 39
4 39
4 39
4 39
5 39
6 39
7 39
8 39
8 39
9 39
10 39
11 38
12 38
13 38
13 38
14 38
15 37
16 37
17 37
18 36
19 36
19 36
20 36
21 35
22 35
23 35
24 35
25 34
26 34
26 34
27 34
28 33
29 33
30 32
31 32
32 32
33 31
34 31
34 31
35 31
36 30
37 30
38 29
39 29
40 29
41 28
42 28
42 28
43 28
44 27
45 27
46 27
46 27
47 27
48 26
49 26
49 26
49 26
48 26
47 27
46 27
45 27
44 28
43 28
43 28
42 29
41 29
40 30
39 30
38 31
37 31
36 32
35 32
34 33
34 33
33 34
32 35
31 35
30 36
30 36
29 37
28 37
27 38
27 38
26 39
25 39
25 39
24 40
24 40
23 41
23 41
22 42
22 43
22 43
22 44
22 45
22 46
22 46
22 47
22 48
21 49
21 50
21 51
21 51
21 52
20 53
20 54
19 55
19 56
19 56
19 57
18 58
18 59
17 60
17 61
17 61
16 62
16 63
15 64
15 65
14 66
14 67
14 67
13 68
12 69
12 70
11 71
11 71
10 72
9 73
8 74
8 74
7 75
6 76
6 76
5 76
4 76
4 76
3 76
3 76
2 75
1 74
1 74
1 73
0 72
0 71
0 71
0 70
0 69
0 68
0 67
0 66
0 66
0 65
0 64
0 63
0 62
0 61
0 61
1 60
1 59
2 58
2 57
2 57
3 56
4 55
4 54
5 53
6 52
6 52
7 51
8 50
9 50
10 49
10 49
11 49
12 48
13 48
14 48
14 48
15 48
16 48
17 48
17 48
18 48
19 49
20 49
20 49
21 50
22 51
23 52
23 52
24 53
25 54
26 55
26 55
27 56
28 56
29 57
29 57
30 58
31 58
32 59
32 59
33 60
34 60
35 61
35 61
36 62
37 62
38 63
38 63
39 63
40 64
41 64
41 64
42 64
43 65
44 65
44 65
45 65
46 64
47 64
47 64
48 63
48 62
49 61
50 60
50 59
51 58
52 57
53 56
53 55
54 54
55 53
55 52
56 51
57 50
57 49
58 48
58 48
59 47
59 46
60 45
60 44
61 43
61 42
62 41
62 40
62 40
63 39
63 38
63 38
64 37
64 37
64 37
64 37
64 38
64 39
64 39
64 40
64 41
64 41
64 42
64 43
64 44
64 44
64 45
64 46
64 46
65 47
66 47
66 47
66 47
66 47
67 46
67 45
68 44
68 44
68 43
69 42
69 41
69 40
69 40
69 39
69 38
70 37
70 36
70 35
70 35
70 34
71 33
71 32
71 31
71 30
72 29
72 28
72 27
72 27
72 26
72 25
72 24
73 23
73 22
73 21
73 20
73 19
73 19
73 18
74 17
74 16
74 15
74 14
75 13
75 12
75 12
76 11
76 10
77 9
77 8
78 7
78 7
79 6
79 5
80 4
80 3
81 2
81 2
82 1
83 1
83 1
83 1
83 2
83 2
83 3
83 4
84 5
84 6
84 7
84 7
84 8
84 9
84 10
84 11
84 12
84 13
84 14
84 15
84 15
84 16
84 17
84 18
84 19
83 20
83 21
83 22
83 23
83 24
83 24
83 25
83 26
83 27
83 28
83 29
83 30
83 31
83 32
83 33
83 34
83 35
83 35
83 36
83 37
84 38
84 39
84 40
84 41
84 42
84 43
85 44
85 45
85 46
85 47
85 47
85 48
85 49
86 50
86 51
86 52
86 53
87 54
87 55
87 56
87 57
88 58
88 59
88 60
88 60
88 61
89 62
89 63
89 64
90 65
90 66
90 67
91 68
91 69
91 70
92 71
92 72
92 72
92 73
93 74
93 75
93 76
94 77
94 78
94 79
95 80
95 81
95 81
95 82
96 83
96 84
96 85
97 86
97 87
97 87
97 88
98 89
98 90
98 91
98 92
99 93
99 94
99 94
99 95
99 96
99 97
99 97
98 98
97 99
97 99
96 99
95 99
94 99
93 99
93 99
92 99
91 99
90 98
89 98
88 98
87 98
87 98
86 98
85 97
84 97
83 97
82 96
81 96
80 96
79 96
78 95
77 95
77 95
76 94
75 94
74 93
73 93
72 92
71 92
70 91
69 91
68 90
68 90
67 89
66 89
65 88
64 87
63 87
62 86
61 86
60 85
