24 0
24 0
24 0
24 0
24 0
24 0
24 0
25 1
26 1
27 2
27 2
28 3
28 4
28 4
29 5
29 6
29 6
29 7
29 8
29 9
29 9
29 10
29 11
29 11
29 12
29 13
29 13
29 14
29 15
29 15
29 16
29 16
29 17
29 17
29 18
29 18
28 18
27 19
26 19
25 20
24 20
23 21
22 21
21 21
20 22
19 22
18 23
17 23
16 24
15 24
14 24
13 25
12 25
11 26
10 26
9 27
8 27
8 27
8 27
7 27
6 27
5 27
4 27
4 27
4 27
4 27
4 27
4 27
5 27
6 27
6 27
7 27
8 26
9 26
10 26
10 26
11 26
12 25
13 25
14 24
15 24
15 24
16 24
17 23
18 23
19 23
20 22
21 22
21 22
22 22
23 22
24 22
25 21
26 21
27 21
28 21
28 21
29 21
30 21
31 20
32 20
33 20
33 20
34 20
35 20
36 20
37 20
37 20
38 20
39 20
39 20
40 20
41 20
41 20
42 20
42 20
43 20
43 20
43 20
42 21
41 22
40 23
39 24
38 25
38 26
37 27
36 28
35 29
34 30
34 30
34 30
34 30
34 31
35 32
35 33
35 33
35 33
34 34
34 34
34 35
34 36
34 36
33 37
33 37
32 38
32 39
32 39
31 40
30 41
30 41
29 42
29 43
29 43
28 44
28 44
27 45
27 46
27 46
26 47
26 47
25 48
25 49
25 49
25 50
25 50
24 51
24 51
24 52
24 52
23 53
23 53
23 54
23 54
22 55
22 55
21 56
21 56
20 57
20 57
19 58
19 58
19 59
19 59
18 60
18 60
17 61
17 61
16 62
16 62
15 63
15 63
15 64
15 64
14 64
14 64
13 65
13 65
13 65
13 65
12 66
12 66
12 66
11 66
11 66
10 67
10 67
10 67
9 68
9 68
9 68
8 68
8 68
8 68
7 68
7 68
7 68
7 68
7 68
7 68
6 68
6 68
6 68
5 67
5 67
4 66
4 66
3 66
3 66
2 65
2 65
1 64
1 63
1 63
1 62
1 62
1 61
1 60
1 60
0 59
0 59
0 58
0 58
0 57
0 57
0 56
0 56
0 55
0 55
0 54
0 54
0 53
0 53
1 52
1 52
2 51
2 51
3 50
3 50
4 49
4 49
5 48
5 48
6 48
7 48
7 48
8 47
8 47
9 46
10 46
10 46
11 46
12 45
13 45
13 45
14 45
15 45
15 45
16 45
17 45
17 45
18 45
19 45
19 45
20 45
21 45
21 45
22 45
23 45
23 45
24 46
25 46
25 46
26 47
26 47
27 48
28 48
28 48
29 49
29 50
29 50
30 51
31 51
31 51
32 52
33 53
33 53
34 54
34 54
35 55
36 56
36 56
37 57
37 58
37 58
38 59
39 59
39 59
40 60
40 61
40 61
41 61
41 61
42 62
42 62
43 62
43 62
44 61
44 61
45 60
46 59
46 59
47 58
48 58
49 57
49 57
50 56
51 55
51 55
52 54
53 53
53 53
54 52
54 52
54 51
55 50
55 49
56 48
56 47
57 46
57 45
57 44
58 43
58 42
59 41
59 40
59 40
60 40
61 39
62 39
62 39
61 39
61 39
61 39
60 40
60 40
60 41
60 41
60 42
60 43
60 44
60 44
60 45
60 46
60 46
60 47
60 48
60 49
60 49
60 50
60 51
60 51
61 52
62 52
62 52
63 52
64 52
64 52
65 52
66 52
66 52
67 51
68 51
69 50
69 50
70 49
71 48
71 47
72 46
72 46
73 45
74 44
75 44
76 43
76 43
77 42
77 41
78 40
78 40
79 39
80 38
81 37
81 37
82 36
82 36
83 35
83 35
83 35
83 36
83 36
83 37
83 38
83 38
82 39
82 40
82 40
82 41
82 42
82 43
82 43
82 44
82 45
82 45
83 46
83 47
83 47
84 47
85 47
85 47
86 47
86 47
87 46
87 46
88 45
89 44
89 44
90 43
90 42
91 41
91 41
92 40
92 39
93 38
93 38
94 37
94 36
95 35
95 34
95 34
95 33
95 32
96 31
96 30
96 29
96 29
96 28
97 27
97 26
97 26
97 25
98 24
98 23
98 22
98 22
98 21
98 20
98 20
98 19
98 18
98 17
98 17
98 16
98 16
99 16
99 16
99 16
99 17
99 17
99 18
99 18
99 19
99 20
99 21
99 21
99 22
99 23
99 24
99 24
99 25
98 26
98 27
98 28
98 28
98 29
98 30
98 31
98 32
98 33
98 33
98 34
98 35
98 36
98 37
98 38
98 39
98 39
98 40
98 41
97 42
97 43
97 44
97 45
97 45
97 46
97 47
96 48
96 49
96 50
96 51
96 51
96 52
96 53
96 54
96 55
96 56
96 57
96 57
96 58
96 59
95 60
95 61
95 62
95 63
95 63
95 64
95 65
95 66
95 67
95 68
95 69
95 69
95 70
95 71
94 72
94 73
94 74
94 75
94 75
94 76
94 77
94 78
93 79
93 80
93 81
93 82
93 82
92 83
92 84
91 85
91 86
91 86
90 87
89 88
89 89
88 90
88 90
87 91
86 92
85 93
84 94
84 94
83 94
82 95
81 95
80 96
79 96
79 96
78 96
77 97
76 97
75 97
74 98
73 98
73 98
72 98
71 98
70 99
69 99
68 99
67 99
67 99
66 99
65 99
64 99
63 99
62 99
