32 9
33 8
34 8
34 8
34 7
33 6
33 5
33 4
33 4
34 3
34 2
34 2
34 1
34 1
34 0
34 0
34 0
34 1
34 2
34 2
34 3
34 4
34 5
34 6
34 6
34 7
34 8
34 9
34 10
34 11
34 11
34 12
33 13
33 14
33 15
32 16
32 17
32 17
32 18
32 19
32 20
31 21
31 22
31 23
31 24
31 24
31 25
31 26
31 27
31 28
31 28
31 29
31 29
32 30
32 30
32 30
32 30
32 30
31 31
30 31
29 32
28 32
27 33
26 33
25 34
24 35
23 35
22 36
21 36
20 37
19 37
18 38
17 39
16 39
15 40
14 40
13 41
12 41
11 42
10 42
9 43
8 44
7 44
6 45
5 45
4 46
3 46
2 47
2 47
2 47
2 47
1 48
0 49
0 49
0 49
0 49
0 49
1 49
1 49
2 49
3 48
4 48
4 48
5 47
6 47
7 46
8 46
9 45
10 45
10 45
11 44
12 44
13 43
14 43
15 42
16 42
17 41
17 41
18 40
19 40
20 39
21 38
22 38
23 37
24 37
25 36
25 36
26 35
27 35
28 34
29 34
30 33
31 33
32 32
33 32
33 32
34 32
35 31
36 31
37 30
38 30
39 30
40 29
41 29
41 29
42 29
43 28
44 28
45 27
46 27
47 26
48 26
48 26
49 26
50 25
51 25
52 24
53 24
53 24
54 24
55 23
56 23
56 23
57 23
58 23
58 23
58 23
58 23
57 23
57 23
56 23
55 23
55 23
54 23
54 23
53 24
52 25
52 26
51 27
50 28
49 29
48 30
48 31
47 32
46 33
45 34
45 35
44 36
43 37
43 37
43 37
43 38
43 39
43 40
43 41
43 41
43 42
43 43
43 43
43 44
42 45
42 46
42 46
42 47
41 48
41 49
41 49
41 50
40 51
40 52
40 52
40 53
39 54
39 55
39 56
39 56
39 57
38 58
38 59
37 60
37 61
37 61
36 62
36 63
35 64
35 65
35 65
35 66
34 67
34 68
34 69
33 70
33 71
33 71
32 72
32 73
31 74
31 75
31 75
31 76
30 77
30 78
29 79
29 80
29 80
28 81
27 82
27 83
26 84
26 84
26 85
25 86
25 87
24 88
24 89
24 89
23 90
22 91
22 92
21 93
21 93
20 94
20 95
19 96
19 96
18 97
17 98
17 98
16 99
16 99
15 99
14 99
14 99
13 99
13 99
12 99
12 99
11 98
11 98
10 98
10 98
9 97
9 96
9 96
8 95
8 95
8 94
8 94
8 93
7 92
7 91
7 91
6 90
6 89
6 89
6 88
6 87
6 86
6 86
6 85
6 84
6 84
6 83
6 83
6 82
6 81
6 81
6 80
6 79
6 79
6 78
6 77
6 77
7 76
7 75
7 75
7 74
7 74
7 73
7 73
7 72
7 72
8 71
8 71
8 70
8 70
9 69
9 69
10 68
10 68
11 67
11 66
11 66
12 65
12 65
12 65
13 64
13 64
13 64
13 64
14 63
14 63
14 63
15 62
15 62
16 62
16 62
16 61
16 61
17 61
17 61
17 61
17 60
17 60
18 60
18 60
18 60
19 60
19 60
19 60
20 59
20 59
21 59
21 59
21 59
22 59
22 59
22 59
23 59
23 59
23 59
24 59
24 59
25 59
25 59
26 59
26 59
26 59
27 59
27 59
27 60
27 60
28 60
28 60
28 60
28 60
29 60
29 60
29 61
29 61
30 61
30 61
30 61
30 61
31 61
31 61
31 62
31 62
32 62
32 62
32 62
33 63
33 63
33 63
33 63
34 63
34 63
35 64
35 64
35 64
36 64
36 64
36 65
36 65
37 65
37 65
38 66
38 66
39 66
39 66
40 67
40 67
41 67
41 67
42 68
42 68
43 69
43 69
44 69
44 69
45 70
45 70
46 70
46 70
46 71
46 71
47 71
47 71
48 72
48 72
49 73
49 73
49 73
50 73
50 73
50 73
51 74
51 74
51 74
52 74
52 74
53 74
53 74
54 74
54 74
55 74
55 74
56 73
57 73
57 73
58 72
58 71
59 70
59 70
60 69
61 68
62 67
63 66
63 66
64 65
64 64
65 63
65 62
66 61
66 60
66 60
67 59
68 59
69 58
70 58
70 58
70 57
71 56
71 55
71 54
71 53
72 52
72 51
72 50
72 50
72 50
72 49
72 48
72 47
72 47
73 46
73 45
73 45
73 45
73 44
73 44
73 44
73 44
73 44
73 44
73 44
73 44
73 44
73 44
73 44
73 44
73 44
73 44
73 44
73 44
73 44
73 44
73 44
73 44
73 44
73 44
73 44
73 44
73 44
73 44
73 44
73 44
73 44
73 44
73 44
73 44
73 44
73 44
73 44
73 44
73 44
73 44
73 44
73 44
73 44
73 44
73 44
73 44
73 44
73 44
73 44
73 44
73 44
73 44
73 44
73 44
73 44
73 44
73 44
73 44
73 44
73 44
73 44
73 44
73 44
73 44
73 44
73 44
73 44
73 44
73 44
73 44
73 44
73 44
73 44
73 44
73 44
73 44
73 44
73 44
73 44
73 44
73 44
73 44
73 44
73 44
73 44
73 44
73 44
73 44
73 44
73 44
73 44
73 44
73 44
73 44
73 44
73 44
73 44
73 44
73 44
73 44
73 44
73 44
73 44
73 44
73 44
73 44
73 44
73 44
73 44
73 45
73 45
73 45
73 45
73 45
73 45
73 45
73 46
73 46
73 46
73 46
73 46
73 45
73 45
74 45
74 45
75 44
75 43
75 43
76 42
76 41
77 40
77 40
78 39
78 38
79 37
79 36
79 36
80 35
80 34
81 33
81 33
81 32
82 31
82 30
82 30
83 29
83 28
83 28
83 27
83 27
83 26
83 26
83 25
83 25
82 25
82 25
82 25
82 25
82 25
83 26
83 26
83 27
83 28
83 28
83 29
83 30
83 31
83 31
83 32
83 33
83 34
83 34
83 35
83 36
83 37
83 37
83 38
83 39
83 40
83 40
83 41
83 42
83 43
83 43
84 44
84 45
84 45
84 46
84 46
85 47
85 47
85 48
85 48
85 48
85 48
85 47
85 46
85 46
86 45
86 44
86 44
86 43
87 42
87 41
87 41
87 40
88 39
88 38
88 37
88 37
89 36
89 35
90 34
90 34
90 33
91 32
91 31
91 30
91 30
91 29
92 28
92 27
92 27
92 26
93 25
93 24
93 24
93 23
93 22
93 21
93 21
93 20
93 19
93 18
93 17
93 17
93 16
94 15
94 14
94 13
94 13
94 12
95 11
95 10
95 9
95 9
95 8
95 7
95 7
96 6
96 5
96 5
96 4
96 3
96 3
96 2
96 2
96 1
96 1
96 1
96 1
96 1
96 1
96 2
96 2
96 3
96 4
96 4
97 5
97 6
97 6
97 7
97 8
97 9
97 10
97 10
97 11
97 12
97 13
97 14
97 15
97 15
97 16
97 17
98 18
98 19
98 20
98 20
98 21
98 22
98 23
98 24
98 25
98 26
98 26
98 27
98 28
98 29
98 30
98 31
98 31
98 32
98 33
98 34
98 35
98 36
98 37
98 37
98 38
98 39
98 40
98 41
98 42
98 43
98 43
98 44
98 45
98 46
98 47
98 48
98 49
98 49
98 50
98 51
98 52
98 53
98 54
98 55
98 55
98 56
98 57
99 58
99 59
99 60
99 61
99 61
99 62
99 63
99 64
99 65
99 66
99 67
99 67
99 68
99 69
99 70
99 71
99 72
99 72
99 73
99 74
98 75
98 76
98 77
98 77
98 78
98 79
98 80
98 81
98 82
98 82
98 83
98 84
98 85
98 86
98 86
98 87
97 88
97 89
97 90
97 90
97 91
96 92
96 93
96 94
96 94
95 95
95 96
95 96
94 97
94 97
94 98
94 98
93 98
92 98
92 98
91 98
90 98
90 98
89 98
88 97
87 97
86 97
86 97
85 96
84 96
83 95
82 95
81 94
81 94
80 93
79 93
78 92
77 92
76 91
75 91
74 90
