30 23
29 22
28 21
27 20
27 19
26 18
25 17
24 16
24 16
24 15
24 14
24 14
24 13
24 13
24 12
24 12
25 13
25 13
26 13
27 13
27 13
28 14
29 15
30 16
30 16
31 17
32 18
33 19
33 19
33 20
34 21
34 22
35 23
35 24
35 24
35 25
36 26
36 27
36 28
36 28
37 29
37 30
37 30
37 31
37 32
37 32
36 32
35 32
34 32
33 33
32 33
31 33
30 33
29 33
28 33
27 33
26 34
25 34
24 34
23 34
22 34
21 34
20 34
19 35
18 35
17 35
16 35
16 35
15 35
14 35
13 35
13 35
12 35
12 35
12 35
12 35
13 35
14 34
15 34
15 34
16 34
17 33
18 33
19 33
19 33
20 33
21 33
22 32
23 32
24 32
25 32
25 32
26 32
27 32
28 31
29 31
30 31
31 31
31 31
32 31
33 30
34 30
35 30
36 29
37 29
37 29
38 29
39 29
40 28
41 28
42 28
42 28
43 28
44 28
45 27
46 27
47 27
47 27
46 27
45 28
44 28
43 28
42 28
41 29
40 29
39 29
38 29
37 30
36 30
36 30
35 31
34 32
34 32
34 33
34 33
34 34
34 34
34 35
33 36
33 37
33 37
32 38
32 39
31 40
31 41
31 41
31 42
30 43
30 44
29 45
29 46
29 46
28 47
28 48
27 49
27 50
26 51
26 52
25 53
25 53
24 54
24 55
23 56
22 57
21 58
21 59
20 60
20 60
19 61
19 62
18 63
18 64
17 65
17 66
16 67
16 67
15 68
14 69
13 70
13 71
12 72
11 73
11 73
10 74
9 75
8 76
7 77
6 78
6 78
5 79
4 79
3 80
2 80
2 80
1 81
0 81
0 81
0 81
0 80
0 80
1 79
1 78
1 78
1 77
2 76
2 75
2 74
3 73
3 72
3 72
4 71
4 70
5 69
5 68
6 67
6 66
6 66
6 65
7 64
7 63
8 62
8 61
8 61
9 60
9 59
10 58
10 57
11 56
11 56
12 55
13 54
14 53
14 53
15 52
16 51
16 51
17 50
18 50
18 50
19 51
20 51
20 51
21 52
22 53
22 53
23 54
24 55
25 56
25 56
26 57
26 58
27 59
27 60
28 61
28 61
29 62
30 63
30 64
31 65
31 65
32 66
33 67
34 67
35 68
35 68
36 69
37 70
38 70
39 71
39 71
40 70
41 69
41 68
42 67
43 66
44 65
45 64
45 63
46 62
47 61
48 60
49 59
49 58
50 57
51 56
52 55
53 54
54 53
54 52
55 51
56 50
57 49
58 48
58 47
59 46
60 45
61 44
62 43
62 42
63 41
64 40
65 39
66 38
66 37
67 36
68 35
68 35
68 34
68 34
68 35
68 35
67 36
67 37
67 37
67 38
66 39
66 40
66 40
66 41
66 42
66 43
66 43
67 44
67 45
67 45
68 46
68 46
69 46
69 46
69 45
69 44
69 44
69 43
70 42
70 41
70 41
70 40
70 39
70 38
70 37
70 37
70 36
70 35
70 34
70 33
70 32
70 31
70 31
70 30
70 29
69 28
69 27
69 26
69 25
69 25
69 24
69 23
69 22
69 21
69 20
69 19
69 18
69 18
69 17
69 16
68 15
68 14
68 13
68 12
68 12
68 11
68 10
69 9
69 8
69 7
69 7
69 6
70 5
70 4
70 3
70 3
71 2
71 2
72 1
72 0
72 0
72 1
72 1
73 2
73 2
74 3
74 3
75 4
75 5
76 6
76 7
76 7
76 8
77 9
77 10
77 11
77 12
78 13
78 14
78 15
78 15
78 16
78 17
79 18
79 19
79 20
79 21
80 22
80 23
80 24
80 24
80 25
81 26
81 27
81 28
81 29
82 30
82 31
82 32
82 33
83 34
83 35
83 36
83 36
83 37
83 38
84 39
84 40
84 41
84 42
85 43
85 44
85 45
85 46
86 47
86 48
86 49
86 49
86 50
87 51
87 52
87 53
88 54
88 55
88 56
88 57
89 58
89 59
89 60
90 61
90 62
90 62
90 63
91 64
91 65
92 66
92 67
92 68
93 69
93 70
94 71
94 72
94 72
94 73
94 74
95 75
95 76
95 77
95 78
96 79
96 80
96 81
96 81
96 82
97 83
97 84
98 85
98 86
98 87
99 88
99 89
99 89
99 90
99 91
99 92
99 93
99 94
99 94
98 95
98 96
97 97
97 97
96 98
95 99
95 99
94 99
93 99
92 99
91 99
90 99
90 99
89 99
88 99
87 99
86 98
85 98
84 98
83 98
83 98
82 98
81 97
80 97
79 97
78 97
77 96
76 96
75 96
75 96
74 96
73 95
72 95
71 94
70 94
69 94
68 93
67 93
