31 11
31 10
31 9
31 8
31 7
31 6
31 5
31 5
31 4
30 3
30 2
30 2
29 1
29 1
29 0
29 0
30 1
30 1
30 1
30 2
30 3
30 3
30 4
31 5
31 6
31 6
31 7
32 8
32 9
32 10
33 11
33 12
33 12
33 13
33 14
34 15
34 16
34 17
34 18
34 18
34 19
34 20
34 21
34 22
34 23
34 24
34 24
34 25
35 26
35 27
35 28
35 28
35 29
36 30
36 31
36 31
37 32
37 33
37 33
37 34
37 35
37 35
36 36
36 36
35 36
35 36
34 36
33 36
32 36
32 36
31 36
30 35
29 35
29 35
28 35
27 35
26 34
25 34
24 34
24 34
23 34
22 34
21 35
20 35
19 35
18 35
18 35
17 35
16 35
15 36
14 36
13 36
13 36
12 36
11 36
10 37
9 37
8 37
8 37
7 37
6 38
5 38
4 38
3 39
2 39
2 39
1 40
0 41
0 41
0 42
0 42
0 41
0 41
1 41
2 41
3 41
3 41
4 41
5 41
6 40
7 40
8 40
9 40
9 40
10 40
11 40
12 40
13 39
14 39
15 39
16 39
17 39
17 39
18 39
19 38
20 38
21 37
22 37
23 37
24 36
25 36
25 36
26 36
27 35
28 35
29 35
30 34
31 34
32 34
33 34
34 33
35 33
35 33
36 33
37 32
38 32
39 32
40 31
41 31
42 31
43 31
44 30
45 30
45 30
46 30
47 29
48 29
49 29
50 28
51 28
52 28
53 28
54 27
55 27
55 27
56 27
57 26
58 26
59 25
60 25
61 24
62 24
62 24
63 24
64 24
65 23
66 23
67 23
67 23
68 22
68 22
68 23
68 23
68 24
68 24
67 24
66 25
65 25
65 25
64 26
63 27
62 28
61 29
60 30
60 30
59 31
58 32
57 33
56 34
55 35
54 36
54 36
53 37
52 38
51 38
50 39
49 40
48 41
47 41
46 42
46 42
45 43
44 44
43 45
42 46
41 47
40 48
39 49
38 50
38 50
37 51
36 52
35 53
34 54
33 55
32 56
31 57
31 57
30 58
29 59
28 60
27 61
26 62
25 63
24 64
24 64
23 65
23 66
22 67
21 68
20 69
20 70
19 71
19 71
18 72
17 73
16 74
15 75
15 75
14 76
13 77
13 78
12 79
12 79
11 80
10 80
10 80
10 80
10 80
10 79
10 79
10 78
10 77
10 76
10 75
10 75
10 74
10 73
10 72
10 71
10 71
10 70
11 69
11 68
11 67
12 66
12 65
12 65
13 64
13 63
14 62
14 61
15 60
15 59
15 59
16 58
16 57
17 56
17 55
18 54
18 53
18 53
19 52
19 51
20 50
21 49
21 48
22 47
22 47
23 46
24 45
24 44
25 43
25 43
26 42
27 41
28 40
28 40
29 39
29 39
29 39
30 39
30 39
30 40
30 41
30 42
30 42
31 43
32 44
33 45
33 45
33 46
34 47
34 48
34 48
35 49
35 50
36 51
36 52
36 52
37 53
37 54
38 55
38 55
39 56
40 57
41 58
41 58
42 59
43 60
44 60
45 61
45 61
46 62
47 62
48 63
49 63
49 63
50 63
51 64
52 64
52 64
53 64
54 65
55 65
56 65
56 65
57 65
58 65
59 65
60 65
60 65
61 64
62 64
62 64
63 63
64 63
64 63
65 62
66 61
66 61
67 60
67 59
68 58
68 58
68 57
69 56
69 55
69 54
69 54
69 53
70 52
70 51
70 50
70 50
70 49
71 48
71 47
71 46
71 46
72 45
72 44
72 44
72 43
72 43
72 43
72 44
72 44
72 44
71 45
71 46
71 46
71 47
71 47
72 48
72 48
72 48
73 47
73 47
74 46
75 46
75 46
75 45
76 44
76 43
76 43
76 42
77 41
77 40
77 39
77 39
78 38
78 37
79 36
79 35
79 35
79 34
80 33
80 32
81 31
81 30
81 30
81 29
82 28
82 27
83 26
83 25
83 25
84 24
84 23
85 22
85 21
85 21
85 20
86 19
86 18
86 18
86 18
86 18
86 19
86 19
85 20
85 21
85 21
85 22
85 23
85 23
85 23
85 22
85 22
85 21
85 21
85 20
86 19
86 18
86 18
86 17
86 16
86 15
86 14
86 14
86 13
87 12
87 11
87 10
87 10
87 9
88 8
88 7
88 6
88 6
88 5
89 4
89 3
89 3
90 2
90 2
90 2
90 2
90 3
90 4
90 4
90 5
90 6
90 7
90 7
90 8
90 9
90 10
90 11
90 12
90 13
90 14
90 14
90 15
90 16
90 17
90 18
90 19
90 20
90 21
90 22
90 22
90 23
90 24
90 25
90 26
90 27
90 28
90 29
90 30
90 31
90 32
90 33
90 33
90 34
90 35
90 36
90 37
90 38
91 39
91 40
91 41
91 42
91 43
91 44
91 44
91 45
91 46
91 47
91 48
91 49
92 50
92 51
92 52
92 53
92 54
92 55
92 56
92 56
92 57
92 58
92 59
92 60
92 61
92 62
93 63
93 64
93 65
93 66
93 67
93 68
93 69
93 69
93 70
93 71
94 72
94 73
94 74
94 75
94 76
95 77
95 78
95 79
95 79
95 80
95 81
95 82
96 83
96 84
96 85
96 86
96 87
96 87
96 88
96 89
96 90
97 91
97 92
97 93
97 94
97 94
97 95
98 96
98 97
98 98
98 98
99 99
99 99
99 99
99 99
98 98
98 98
97 98
96 97
95 97
94 97
94 97
93 96
92 96
91 95
90 95
89 94
88 94
88 94
87 93
86 93
85 92
84 92
83 91
82 91
82 91
81 90
80 90
79 89
78 89
