46 3
46 4
46 4
46 4
46 5
46 5
46 6
46 6
46 7
46 8
46 9
46 9
46 10
46 11
46 12
46 12
46 13
47 14
47 15
47 15
48 16
48 17
48 17
49 18
49 19
49 19
50 20
50 20
51 21
51 22
51 22
52 23
52 23
51 23
50 24
49 24
48 25
47 25
46 26
45 26
44 27
43 27
42 28
41 28
40 29
39 29
38 30
37 30
36 31
35 31
34 32
33 32
32 33
31 33
30 34
29 34
28 35
27 35
26 36
25 36
24 37
23 37
22 38
21 38
20 39
19 39
18 40
17 40
17 40
16 41
15 42
14 42
13 43
12 44
12 44
11 44
10 44
10 44
10 44
11 44
11 44
12 44
13 43
14 43
14 43
15 43
16 43
17 42
18 42
19 42
19 42
20 42
21 41
22 41
23 41
24 41
25 40
26 40
27 40
27 40
28 40
29 40
30 39
31 39
32 39
33 39
34 38
35 38
36 38
36 38
37 37
38 37
39 36
40 36
41 35
42 35
43 34
44 34
44 34
45 34
46 33
47 33
48 32
49 32
50 32
51 31
52 31
52 31
53 31
54 31
55 31
56 30
57 30
58 30
59 30
60 30
60 30
61 30
62 30
63 29
64 29
65 29
66 29
66 29
67 29
68 28
69 28
70 28
70 28
69 28
68 28
67 29
66 29
65 29
64 29
64 29
64 30
64 30
63 30
62 30
62 30
61 31
61 31
60 32
59 33
59 33
58 34
58 35
57 36
57 37
57 37
56 38
56 39
55 40
55 41
55 41
54 42
53 43
53 44
52 45
51 46
51 46
50 47
49 48
49 49
48 50
47 51
47 51
46 52
45 53
44 54
43 55
42 56
42 56
41 57
40 58
39 59
39 60
38 61
37 62
37 62
36 63
36 64
35 65
34 66
34 67
33 68
33 68
32 69
31 70
30 71
29 71
28 72
27 73
27 73
26 74
25 75
24 76
23 77
22 78
22 78
21 79
20 80
19 81
18 82
17 83
17 83
16 84
15 85
14 85
13 86
12 87
12 87
11 88
10 89
9 90
8 91
8 91
7 92
6 93
5 93
4 94
4 94
3 94
2 95
1 95
1 95
0 95
0 95
1 94
1 93
2 92
2 91
3 90
4 89
4 88
5 87
5 86
6 85
7 84
7 83
8 82
8 81
9 80
10 79
10 78
11 77
11 76
12 75
13 74
13 73
14 72
14 71
15 70
16 69
16 68
17 67
18 66
18 65
19 64
19 63
20 62
21 61
21 60
22 59
22 58
23 57
24 56
24 55
25 54
25 53
26 52
27 51
27 50
28 49
28 48
29 47
30 46
30 45
31 44
31 43
32 42
32 42
33 42
34 41
35 41
36 41
37 41
38 40
39 40
40 40
40 40
40 40
40 41
40 41
40 42
39 43
39 44
39 44
39 45
39 46
39 47
39 48
39 48
39 49
39 50
39 51
39 52
39 52
39 53
40 54
40 55
40 56
40 56
41 57
42 58
42 59
43 60
43 60
44 61
45 62
46 62
47 63
47 63
48 64
49 64
50 65
51 65
52 66
52 66
53 66
54 67
55 67
56 68
57 68
57 68
58 68
59 68
60 69
61 69
62 69
62 69
63 69
64 70
65 70
66 70
67 71
68 71
68 71
69 71
70 71
71 71
72 71
73 71
74 71
74 71
75 71
76 71
77 70
78 70
79 70
80 70
80 70
81 70
82 70
83 70
84 70
85 70
86 70
86 70
86 69
86 68
86 67
86 66
86 65
87 64
87 63
87 62
87 61
87 60
87 59
87 58
87 57
87 56
87 55
87 54
88 53
88 52
88 51
88 50
88 49
88 48
88 47
88 46
88 45
88 44
88 43
89 42
89 41
89 40
89 39
89 38
89 37
89 37
89 36
89 35
89 34
89 34
88 33
88 33
87 32
87 32
87 33
87 34
87 34
86 35
86 36
85 37
85 38
85 38
85 39
85 40
84 41
84 42
84 43
84 43
84 44
84 45
83 46
83 47
83 48
83 49
83 49
83 50
82 51
82 52
82 53
82 53
82 54
82 55
82 56
82 56
83 57
83 58
83 58
84 58
84 58
84 57
84 56
85 55
85 54
85 53
85 52
86 51
86 50
86 49
86 48
87 47
87 46
87 45
87 44
88 43
88 42
88 41
88 40
89 39
89 38
89 37
89 36
90 35
90 34
90 33
90 32
91 31
91 30
91 29
91 28
92 27
92 26
92 25
92 24
93 23
93 22
93 21
93 20
94 19
94 18
94 17
94 16
95 15
95 14
95 13
95 12
96 11
96 10
96 9
96 8
97 7
97 6
97 5
97 5
98 4
98 3
99 2
99 1
99 1
98 1
97 1
97 1
97 0
97 0
97 1
97 2
97 2
96 3
96 4
96 4
96 5
96 6
95 7
95 8
95 9
95 9
95 10
95 11
95 12
94 13
94 14
94 15
94 16
94 16
94 17
94 18
94 19
94 20
94 21
94 22
94 23
94 24
94 25
94 25
94 26
94 27
94 28
94 29
93 30
93 31
93 32
93 33
93 34
93 34
93 35
93 36
93 37
93 38
93 39
93 40
93 41
93 42
93 43
93 44
93 45
93 45
93 46
93 47
93 48
93 49
93 50
94 51
94 52
94 53
94 54
94 55
94 56
94 56
94 57
94 58
94 59
94 60
94 61
95 62
95 63
95 64
95 65
95 66
95 67
95 67
95 68
95 69
95 70
95 71
96 72
96 73
96 74
96 75
96 76
96 77
96 77
96 78
96 79
96 80
96 81
97 82
97 83
97 84
97 85
97 86
97 86
97 87
97 88
97 89
97 90
97 91
97 91
97 92
98 93
98 94
98 95
98 95
98 96
98 97
98 97
97 98
96 99
96 99
96 99
95 99
94 99
94 99
93 99
92 98
91 98
91 98
90 97
89 96
88 96
87 95
87 95
86 94
85 93
84 93
83 92
82 91
82 91
81 90
80 89
79 88
78 87
77 86
76 85
76 85
75 84
74 83
73 82
72 81
71 80
70 79
