0 54
0 54
0 53
0 53
0 53
0 52
0 51
0 51
1 50
1 49
1 49
1 48
2 47
2 46
3 45
3 44
4 43
4 42
4 42
4 41
5 40
5 39
6 38
6 37
6 36
7 35
7 34
7 34
8 33
8 32
9 31
9 30
10 29
10 28
11 27
11 26
12 25
12 24
12 24
13 23
13 22
14 21
14 20
15 19
15 18
16 17
16 16
17 15
17 14
17 14
18 13
18 12
19 11
20 10
21 9
21 8
22 7
22 7
23 6
23 5
24 4
24 3
25 2
25 1
25 1
26 0
26 0
26 1
26 2
26 2
26 3
26 4
26 4
26 5
26 6
26 7
26 8
25 9
25 10
25 11
25 12
25 13
25 13
25 14
25 15
25 16
25 17
25 18
24 19
24 20
24 21
24 22
24 23
24 24
24 25
24 25
24 26
24 27
24 28
24 29
24 30
24 31
24 32
23 33
23 34
23 35
23 36
23 37
23 38
23 39
23 40
23 41
23 41
23 42
23 43
23 44
23 45
22 46
22 47
22 48
22 49
22 50
22 51
22 52
22 53
22 54
21 55
21 56
21 57
21 58
21 59
21 59
21 60
21 61
21 62
21 63
20 64
20 65
20 66
20 67
20 68
20 69
20 70
20 71
20 72
19 73
19 74
19 75
19 76
19 77
19 77
19 78
19 79
19 80
19 81
19 82
19 83
19 84
19 85
19 86
19 87
19 88
19 89
19 89
19 90
19 91
19 92
19 93
19 94
19 95
19 96
19 96
19 97
20 98
20 99
20 99
21 99
22 99
22 99
23 99
23 99
23 98
23 97
24 96
24 95
24 94
24 94
24 93
24 92
24 91
24 90
24 89
24 88
24 87
24 86
24 86
24 85
24 84
24 83
24 82
24 81
25 80
25 79
25 78
25 77
25 76
25 75
25 74
25 74
25 73
24 72
24 71
24 70
24 69
23 68
23 67
23 66
23 66
22 65
22 64
21 63
21 62
20 61
20 60
20 60
19 59
18 58
17 57
16 56
16 56
15 55
14 55
13 54
13 54
12 54
11 54
10 54
9 54
9 54
8 55
7 55
6 56
6 56
5 57
4 58
4 58
3 59
3 60
3 60
3 61
3 62
3 63
3 63
4 64
5 64
6 65
6 65
7 65
8 66
9 66
9 66
10 66
11 65
12 65
13 65
14 64
15 64
15 64
16 63
17 63
18 62
19 62
20 61
21 61
22 60
23 60
23 60
24 59
25 58
26 58
27 57
28 56
29 55
30 55
31 54
32 53
32 53
33 52
34 51
35 51
36 50
37 49
38 48
39 48
40 47
41 46
41 46
42 45
43 44
44 43
45 42
46 41
47 40
48 39
48 39
49 38
50 38
51 37
52 36
53 36
54 35
54 35
55 34
56 33
57 32
57 32
58 31
58 30
58 30
58 29
58 29
57 28
57 27
57 27
56 27
55 26
54 26
54 26
53 26
52 27
51 27
51 27
50 28
49 28
48 29
47 29
47 29
46 30
45 31
45 32
44 33
44 33
43 34
43 35
42 36
42 37
41 38
41 38
41 39
40 40
40 41
40 42
39 43
39 44
39 44
39 45
38 46
38 47
38 48
37 49
37 50
37 50
37 51
37 52
37 53
37 54
37 54
37 55
38 56
38 57
38 57
39 58
39 58
40 59
41 59
41 59
42 58
43 58
43 58
44 57
45 56
46 56
47 55
47 55
48 54
48 53
49 52
49 51
50 50
50 50
51 49
52 48
52 47
53 46
53 46
53 45
54 44
54 43
55 42
55 41
55 41
55 40
56 39
56 38
56 38
56 38
56 38
56 39
56 39
55 40
55 41
55 41
55 42
55 43
55 44
55 44
55 45
55 46
55 46
55 47
56 48
56 49
56 49
56 50
56 50
57 51
58 51
58 51
59 50
60 49
60 49
61 48
62 47
63 46
63 46
64 45
65 44
65 43
66 42
67 41
67 41
68 40
69 39
69 38
70 37
70 37
71 36
71 35
72 34
72 34
73 33
73 33
74 33
74 33
73 34
73 34
73 35
73 36
73 36
73 37
73 38
73 38
73 39
72 40
72 41
72 41
72 42
72 43
72 43
73 44
73 44
73 45
73 45
74 45
75 45
75 45
76 44
77 44
77 44
78 44
79 43
80 43
80 43
81 42
82 42
82 42
83 41
84 41
84 41
85 42
86 42
86 42
86 43
86 43
87 44
87 44
88 45
88 45
89 46
89 47
89 47
90 47
91 47
91 47
92 47
93 47
93 47
94 46
95 46
96 45
97 45
98 44
99 44
