1 49
1 50
1 51
0 52
0 53
0 54
0 54
0 55
0 55
0 56
0 56
0 55
0 55
1 54
1 53
1 53
1 52
2 51
2 50
3 49
3 48
4 47
4 46
4 46
5 45
5 44
6 43
7 42
7 41
8 40
8 39
9 38
9 38
10 37
10 36
11 35
11 34
12 33
12 32
13 31
13 30
14 29
14 28
14 28
15 27
15 26
16 25
17 24
17 23
18 22
19 21
19 20
20 19
20 19
21 18
21 17
22 16
23 15
24 14
24 13
25 12
26 11
26 10
27 9
27 9
28 8
28 7
29 6
30 5
30 4
31 3
31 3
32 2
32 1
33 0
33 0
33 0
33 1
33 1
33 2
32 3
32 4
32 5
32 5
32 6
32 7
31 8
31 9
31 10
31 11
31 11
31 12
31 13
30 14
30 15
30 16
30 17
29 18
29 19
29 20
29 20
29 21
29 22
29 23
28 24
28 25
28 26
28 27
28 28
28 29
28 30
27 31
27 32
27 33
27 34
27 34
27 35
27 36
26 37
26 38
26 39
26 40
26 41
26 42
25 43
25 44
25 45
25 46
25 47
25 48
24 49
24 50
24 51
24 51
24 52
24 53
24 54
24 55
23 56
23 57
23 58
23 59
23 60
23 61
23 62
23 63
23 64
23 65
22 66
22 67
22 68
22 69
22 70
22 70
22 71
22 72
22 73
22 74
22 75
22 76
21 77
21 78
21 79
21 80
21 81
21 82
21 83
21 83
21 84
21 85
21 86
21 87
21 88
21 89
21 90
21 91
21 92
21 92
21 93
21 94
22 95
22 96
22 97
22 97
23 98
23 99
23 99
24 99
24 99
24 98
24 98
24 97
24 96
25 95
25 94
25 93
25 92
25 92
25 91
25 90
25 89
26 88
26 87
26 86
26 85
26 84
26 84
26 83
26 82
26 81
26 80
26 79
26 78
26 77
26 76
26 76
26 75
25 74
25 73
25 72
25 71
24 70
24 69
24 69
23 68
23 67
22 66
22 65
21 64
21 64
20 63
19 62
18 62
17 61
17 61
16 61
15 60
14 60
13 60
13 60
12 60
11 59
10 59
9 59
9 59
8 59
7 59
6 59
5 59
5 59
4 59
4 59
4 60
4 60
4 61
4 61
5 62
6 62
6 62
7 63
8 63
9 64
9 64
10 64
11 63
12 63
13 63
13 63
14 63
15 62
16 62
17 62
18 61
19 61
19 61
20 60
21 59
22 58
23 58
24 57
25 56
25 56
26 55
27 55
28 54
29 54
30 53
31 53
32 52
32 52
33 51
34 51
35 50
36 49
37 48
38 48
39 47
39 47
40 46
41 45
42 45
43 44
44 43
44 43
45 42
46 42
47 41
48 41
48 41
49 40
50 39
50 39
50 39
49 38
49 38
48 37
47 37
47 37
46 37
45 38
44 38
44 38
43 39
42 39
41 40
40 40
40 40
39 41
38 42
37 42
36 43
35 44
35 44
34 45
33 46
32 46
31 47
31 47
30 48
29 49
29 50
28 51
28 51
27 52
27 53
26 54
26 55
26 55
26 56
26 57
26 58
26 59
26 59
26 60
26 61
26 62
26 62
27 63
28 64
28 64
29 64
30 64
30 64
31 64
32 63
33 63
33 63
34 62
35 61
36 60
36 60
37 59
38 58
39 57
40 56
41 55
41 55
42 54
43 53
43 52
44 51
44 51
45 50
45 49
46 48
46 47
46 47
46 46
47 45
47 44
47 44
47 43
47 43
47 43
47 43
46 44
46 45
46 45
46 46
46 47
46 48
46 48
46 49
45 50
45 51
45 52
45 52
45 53
45 54
45 55
45 55
46 56
46 57
46 57
47 58
47 58
48 59
48 59
49 58
50 58
51 57
51 57
52 56
53 55
54 55
55 54
55 54
56 53
57 52
58 51
58 51
59 50
60 49
61 48
61 48
62 47
62 47
63 46
63 46
63 47
63 47
63 48
63 48
63 49
63 49
63 50
63 51
63 52
63 52
63 53
63 54
63 54
63 55
63 55
64 56
64 57
64 57
65 57
65 57
66 56
66 56
67 55
68 55
68 55
69 54
70 54
71 53
71 53
72 52
72 51
73 50
73 50
74 49
75 49
75 49
76 49
76 49
77 49
77 49
77 50
77 50
77 51
77 51
78 52
78 52
78 53
78 53
79 54
79 54
80 54
80 54
81 54
82 53
83 53
83 53
84 52
85 51
86 51
87 50
88 49
88 49
89 48
90 48
91 47
92 47
93 46
93 46
94 45
95 45
96 44
97 43
98 43
99 42
