2 56
2 57
1 58
1 59
1 60
1 60
0 61
0 61
0 62
0 62
0 62
0 61
0 60
0 60
1 59
2 58
2 58
2 57
3 56
3 55
3 54
3 53
4 52
4 51
4 50
4 50
5 49
5 48
6 47
7 46
7 45
8 44
9 43
9 42
10 41
10 41
11 40
11 39
12 38
12 37
13 36
13 35
14 34
14 33
15 32
15 31
16 30
16 30
17 29
17 28
18 27
18 26
19 25
19 24
20 23
20 22
21 21
21 20
22 19
22 19
23 18
24 17
24 16
25 15
26 14
27 13
27 12
28 11
28 11
29 10
29 9
30 8
30 7
31 6
31 5
32 4
32 3
32 3
33 2
34 1
35 0
35 0
35 1
35 1
35 2
34 3
34 4
34 4
34 5
34 6
34 7
33 8
33 9
33 10
33 11
33 11
33 12
32 13
32 14
32 15
31 16
31 17
31 18
31 19
30 20
30 21
30 21
30 22
30 23
30 24
29 25
29 26
29 27
29 28
29 29
29 30
28 31
28 32
28 33
28 34
28 34
28 35
28 36
28 37
27 38
27 39
27 40
27 41
27 42
27 43
27 44
27 45
26 46
26 47
26 48
26 49
26 49
26 50
26 51
26 52
25 53
25 54
25 55
25 56
25 57
25 58
25 59
25 60
24 61
24 62
24 63
24 64
24 64
24 65
24 66
24 67
23 68
23 69
23 70
23 71
23 72
23 73
23 74
23 75
22 76
22 77
22 78
22 79
22 80
22 80
22 81
22 82
21 83
21 84
21 85
21 86
21 87
21 88
20 89
20 90
20 91
20 91
20 92
20 93
20 94
20 95
20 96
20 97
20 97
21 98
21 99
21 99
22 99
22 99
23 98
23 97
24 96
24 95
24 95
24 94
25 93
25 92
25 91
26 90
26 89
26 89
26 88
26 87
27 86
27 85
27 84
27 83
28 82
28 81
28 80
28 80
28 79
28 78
28 77
28 76
29 75
29 74
29 73
29 72
29 71
29 71
29 70
29 69
29 68
28 67
28 66
28 65
28 64
28 64
27 63
27 62
26 61
26 60
26 60
25 59
24 58
23 57
22 56
22 56
21 56
20 55
19 55
18 55
18 55
17 55
16 55
15 55
14 55
13 55
13 55
12 55
11 56
10 56
10 56
9 57
8 57
7 58
7 58
7 59
6 60
6 61
6 61
6 62
5 63
5 64
5 64
6 65
6 66
6 66
7 67
8 68
9 69
9 69
10 69
11 70
12 70
12 70
13 70
14 69
15 69
16 68
17 68
17 68
18 67
19 67
20 66
21 66
22 65
23 65
23 65
24 64
25 63
26 62
27 61
28 60
29 59
30 58
30 58
31 57
32 56
33 56
34 55
35 54
36 53
37 53
38 52
38 52
39 51
39 50
40 49
41 48
42 47
42 46
43 45
43 45
44 44
45 43
46 43
47 42
48 41
48 41
48 40
49 39
49 38
49 38
49 37
49 37
48 36
48 36
47 36
46 36
46 36
45 36
44 36
44 36
43 37
42 38
42 38
41 39
41 40
40 41
40 41
39 42
39 43
38 44
38 45
38 45
37 46
37 47
36 48
36 49
36 49
36 50
35 51
35 52
35 53
35 53
35 54
36 55
36 56
36 56
37 57
37 58
37 58
38 59
39 59
39 59
40 58
41 58
41 58
42 57
43 57
44 56
44 56
45 55
46 54
47 53
47 53
48 52
49 51
49 50
50 49
50 49
51 48
51 47
52 46
52 45
52 45
53 44
54 43
54 43
54 42
54 42
54 42
54 42
54 43
54 43
54 44
54 44
54 45
54 46
54 47
54 47
54 48
54 49
54 50
54 50
55 51
55 52
55 52
56 53
56 53
57 53
58 53
58 53
59 52
60 51
60 51
61 50
62 49
63 48
63 48
64 47
65 47
66 46
66 46
67 45
68 44
69 43
69 43
70 42
70 42
71 43
71 43
71 43
71 44
71 44
71 45
71 46
71 46
72 47
72 47
72 48
72 48
73 49
73 49
74 50
75 50
75 50
76 50
77 49
78 49
78 49
79 48
80 47
81 46
81 46
82 46
83 45
84 45
85 44
86 44
86 44
87 44
88 43
89 43
90 43
90 43
91 43
92 43
92 43
93 44
94 44
94 44
95 44
95 44
96 45
96 45
97 45
98 44
99 44
