1 42
1 43
1 44
0 45
0 46
0 47
0 47
0 48
0 48
0 48
1 47
2 47
2 47
3 46
3 45
4 44
4 44
5 43
5 42
6 41
6 40
7 39
7 38
8 37
8 37
9 36
9 35
10 34
10 33
11 32
11 31
12 30
12 29
13 28
13 27
13 27
13 26
14 25
14 24
15 23
15 22
16 21
16 20
17 19
17 18
18 17
18 16
18 16
19 15
20 14
20 13
21 12
22 11
23 10
23 9
24 8
24 8
25 7
25 6
26 5
26 4
27 3
27 2
27 2
28 1
29 0
29 0
29 1
29 2
29 2
29 3
29 4
29 5
29 6
29 7
29 7
29 8
29 9
29 10
29 11
29 12
29 13
29 14
29 15
29 15
29 16
29 17
29 18
28 19
28 20
28 21
28 22
28 23
28 24
27 25
27 26
27 27
27 28
27 28
27 29
27 30
27 31
26 32
26 33
26 34
26 35
26 36
26 37
26 38
26 39
25 40
25 41
25 42
25 43
25 43
25 44
25 45
25 46
25 47
24 48
24 49
24 50
24 51
24 52
24 53
24 54
24 55
24 56
23 57
23 58
23 59
23 60
23 61
23 61
23 62
23 63
23 64
22 65
22 66
22 67
22 68
22 69
22 70
22 71
21 72
21 73
21 74
21 75
21 75
21 76
21 77
21 78
21 79
21 80
20 81
20 82
20 83
20 84
20 85
20 86
20 87
20 87
20 88
20 89
20 90
19 91
19 92
19 93
19 94
19 95
19 95
19 96
20 97
20 98
20 99
20 99
20 99
21 98
21 98
21 97
21 96
21 95
22 94
22 93
22 92
22 91
22 91
22 90
22 89
22 88
22 87
21 86
21 85
21 84
21 83
21 82
21 81
21 81
21 80
21 79
21 78
21 77
20 76
20 75
20 74
20 73
20 72
20 72
19 71
19 70
18 69
17 68
17 67
16 66
16 66
15 65
14 64
13 63
13 63
12 63
11 64
10 64
9 64
9 64
8 65
7 65
6 66
5 66
5 66
4 67
4 68
3 69
3 69
2 70
2 71
1 72
1 73
1 73
1 74
1 75
1 76
1 76
2 77
3 78
3 78
4 78
5 79
6 79
6 79
7 78
8 78
9 77
10 76
11 76
12 75
12 75
13 74
14 73
15 72
16 71
17 70
18 69
19 68
19 68
20 67
21 66
22 65
23 64
24 63
25 63
26 62
27 61
28 60
29 59
29 59
30 58
31 57
32 56
33 55
34 55
35 54
36 53
37 52
37 52
38 51
38 50
39 49
40 48
41 47
41 46
42 45
42 45
43 44
44 43
45 42
45 42
45 41
45 40
45 40
44 39
44 39
43 38
42 38
42 38
41 38
40 39
39 39
39 39
38 39
37 40
36 40
36 40
35 41
34 42
34 43
33 44
33 44
32 45
32 46
31 47
31 48
30 49
30 49
30 50
29 51
29 52
29 53
28 54
28 55
28 55
28 56
28 57
28 58
27 59
27 60
27 61
27 62
27 62
27 63
27 64
26 65
26 66
26 67
26 67
26 68
27 69
27 70
27 71
27 71
28 71
29 72
30 72
30 72
31 72
32 71
33 71
33 71
34 70
35 69
36 68
36 68
37 67
38 66
38 65
39 64
40 63
40 63
41 62
41 61
42 60
42 59
43 58
43 58
43 57
44 56
44 55
45 54
45 53
45 53
45 52
46 51
46 50
46 50
45 49
45 49
45 50
45 50
45 51
45 51
45 52
45 52
45 53
45 54
45 54
45 55
44 56
44 57
44 57
44 58
45 59
45 60
45 60
45 61
45 61
46 60
47 60
47 60
48 59
49 59
49 59
50 58
51 57
52 57
53 56
53 56
54 55
54 54
55 53
55 52
55 52
56 51
57 50
58 49
58 49
59 48
59 47
59 47
60 46
60 46
60 47
60 47
60 48
60 48
60 49
60 49
60 50
60 51
60 52
60 52
61 53
61 54
61 54
61 55
61 55
62 56
63 56
63 56
64 56
64 56
65 55
66 55
67 54
67 54
68 53
69 52
69 52
70 51
71 50
72 49
72 49
73 49
74 49
74 49
75 50
75 50
75 51
75 51
75 52
75 52
76 53
76 53
76 53
77 53
77 53
78 53
79 53
79 53
80 52
81 52
82 51
82 51
83 50
84 49
85 49
86 48
86 48
87 47
88 47
89 46
90 46
90 46
91 45
92 45
93 44
94 44
94 44
95 44
96 44
97 43
98 43
99 43
