3 50
3 51
3 52
3 53
3 54
3 54
2 54
1 55
0 55
0 55
0 56
0 56
0 55
0 55
1 54
1 54
2 53
3 52
3 51
4 50
4 50
5 49
5 48
6 47
7 46
7 45
8 44
8 43
9 42
9 42
10 41
10 40
11 39
11 38
12 37
13 36
13 35
14 34
14 33
15 32
15 32
16 31
16 30
17 29
18 28
19 27
19 26
20 25
21 24
21 23
22 22
22 22
23 21
24 20
25 19
26 18
26 17
27 16
28 15
29 14
30 13
30 13
31 12
31 11
32 10
33 9
33 8
34 7
35 6
35 5
36 4
36 4
37 4
38 3
39 3
40 3
40 3
41 2
42 2
42 2
42 1
42 0
42 0
42 1
42 2
42 3
42 3
42 4
42 5
42 6
42 7
42 8
42 9
42 10
42 10
42 11
41 12
41 13
40 14
40 15
40 16
39 17
39 18
39 18
39 19
38 20
38 21
38 22
38 23
37 24
37 25
37 26
37 27
36 28
36 29
36 30
36 30
36 31
35 32
35 33
35 34
35 35
34 36
34 37
34 38
34 39
33 40
33 41
33 42
33 43
32 44
32 45
32 45
32 46
31 47
31 48
31 49
31 50
30 51
30 52
30 53
30 54
29 55
29 56
29 57
29 58
28 59
28 60
28 61
28 61
28 62
27 63
27 64
27 65
27 66
26 67
26 68
26 69
26 70
25 71
25 72
25 73
25 74
24 75
24 76
24 76
24 77
23 78
23 79
23 80
22 81
22 82
21 83
21 84
21 85
20 86
20 87
20 87
20 88
20 89
20 90
19 91
19 92
19 93
19 94
19 95
19 95
19 96
19 97
19 98
19 99
19 99
20 99
20 99
21 98
21 98
22 97
22 96
23 95
23 94
24 93
24 92
24 92
24 91
24 90
25 89
25 88
25 87
25 86
26 85
26 84
26 83
26 83
26 82
26 81
27 80
27 79
27 78
27 77
27 76
27 75
28 74
28 73
28 72
28 72
28 71
28 70
28 69
28 68
29 67
29 66
29 65
29 64
29 63
29 62
29 62
29 61
29 60
29 59
29 58
29 57
29 56
29 55
29 55
29 54
28 53
28 52
28 51
27 50
27 49
27 49
26 48
25 48
24 47
24 47
23 47
22 46
21 46
21 46
20 46
19 47
18 47
18 47
17 48
16 49
16 50
15 51
15 51
15 52
14 53
14 54
13 55
13 56
13 56
13 57
13 58
12 59
12 60
12 61
12 62
12 62
12 63
12 64
12 65
12 66
12 67
12 68
12 68
12 69
13 70
13 71
14 72
14 73
14 73
15 74
16 74
17 75
18 75
18 75
19 75
20 75
21 75
22 75
23 75
23 75
24 74
25 74
26 73
27 73
28 72
29 72
30 71
31 71
31 71
32 70
33 70
34 69
35 68
36 68
37 67
38 66
39 66
40 65
40 65
41 64
42 63
43 63
44 62
45 61
46 60
47 60
48 59
49 58
49 58
50 57
51 56
52 55
53 54
54 53
55 52
55 52
56 51
57 50
58 49
59 49
60 48
61 47
61 47
62 46
62 45
63 44
63 43
63 43
63 42
63 41
63 40
63 40
62 39
62 39
61 38
60 38
60 38
59 38
58 39
57 39
57 39
56 40
55 41
54 41
53 42
53 42
52 43
51 44
51 45
50 46
50 46
49 47
49 48
48 49
47 50
47 51
46 52
46 52
46 53
45 54
45 55
44 56
44 57
44 57
44 58
44 59
43 60
43 61
43 62
43 62
43 63
43 64
43 65
43 66
43 66
44 67
44 67
45 68
46 68
46 68
47 67
48 67
49 66
50 66
50 66
51 65
52 64
53 64
54 63
54 63
55 62
56 61
57 60
58 59
59 58
59 58
60 57
61 56
62 56
63 55
63 55
64 54
64 53
64 53
65 53
65 53
65 54
65 54
64 54
64 54
64 55
64 55
64 56
64 57
64 57
65 58
65 59
65 59
66 60
66 60
67 61
68 62
68 62
69 62
70 62
70 62
71 62
72 62
73 62
73 62
74 62
75 61
76 61
77 61
77 61
78 61
79 60
80 60
81 59
82 59
82 59
83 59
84 58
85 58
86 58
86 58
87 58
88 58
89 58
89 58
90 58
91 58
92 58
92 58
93 58
94 59
95 59
95 59
96 58
97 58
98 57
