0 47
1 48
1 48
2 48
2 48
3 47
4 47
4 47
5 46
5 46
6 45
7 44
7 44
8 43
9 42
9 42
10 41
11 40
12 40
13 39
13 39
14 38
15 37
16 36
16 36
17 35
18 34
19 34
20 33
20 33
21 32
21 31
22 30
22 29
23 28
23 28
24 27
25 26
25 25
26 24
27 23
27 23
28 22
28 21
29 20
29 19
30 18
30 18
31 17
31 16
32 15
32 14
33 13
33 12
33 12
34 11
34 10
35 9
35 8
35 8
36 7
36 6
37 5
37 5
37 4
37 3
37 2
37 2
38 1
38 1
38 0
38 0
38 0
38 0
37 0
37 0
37 0
37 1
37 1
36 2
36 3
36 3
35 4
35 5
35 5
34 6
34 7
34 7
33 8
33 9
33 9
33 10
33 11
33 12
33 12
33 13
32 14
32 15
32 15
32 16
31 17
31 18
31 18
31 19
30 20
30 21
30 22
30 22
30 23
29 24
29 25
29 26
29 26
29 27
29 28
29 29
29 30
29 31
29 32
29 32
29 33
29 34
28 35
28 36
28 37
28 38
28 38
28 39
27 40
27 41
27 42
27 43
26 44
26 45
26 46
26 46
26 47
26 48
26 49
25 50
25 51
25 52
25 53
25 53
25 54
25 55
25 56
25 57
25 58
25 59
25 60
25 61
25 61
25 62
25 63
25 64
24 65
24 66
24 67
24 68
24 69
24 69
24 70
24 71
23 72
23 73
23 74
23 75
23 75
23 76
23 77
23 78
23 79
23 80
23 80
23 81
23 82
23 83
23 84
23 85
23 86
23 86
23 87
23 88
23 89
23 90
23 91
23 92
23 92
23 93
23 94
23 95
23 96
23 96
23 97
23 98
23 98
23 98
24 99
24 99
25 99
25 99
26 99
26 99
26 98
26 98
27 97
27 97
28 96
29 96
29 96
29 95
30 94
30 93
30 93
30 92
30 91
30 90
30 90
30 89
31 88
31 87
31 87
31 86
31 85
31 85
31 84
30 83
30 82
30 82
30 81
29 80
29 79
29 78
29 78
29 77
28 76
28 75
28 74
28 74
28 73
27 72
27 71
27 70
27 70
26 69
25 68
25 67
24 66
24 66
24 65
23 64
23 63
23 62
23 62
22 61
21 60
20 59
20 59
19 58
18 58
18 58
17 57
16 57
16 57
15 57
15 57
14 58
13 58
13 58
12 58
12 58
12 58
12 58
13 58
13 58
13 57
13 57
14 56
14 56
15 56
16 56
16 56
17 56
17 56
18 57
19 57
19 57
20 57
21 58
22 58
22 58
23 58
24 59
25 59
25 59
26 59
27 60
28 60
29 60
29 60
30 60
31 61
32 61
33 61
33 61
34 62
35 62
35 62
36 62
37 62
37 62
38 62
38 62
39 61
40 61
40 61
41 60
42 59
42 59
43 58
44 57
44 57
45 56
45 55
46 54
46 54
47 53
48 52
49 51
49 51
49 50
50 49
50 48
51 47
51 46
51 46
51 45
52 44
52 43
53 42
53 41
53 41
53 40
53 39
54 38
54 37
54 36
54 36
54 35
54 34
54 33
54 32
54 32
54 31
54 30
54 30
54 29
54 28
54 28
53 27
53 27
52 27
52 27
52 27
51 27
51 27
50 28
50 28
49 29
49 30
48 31
48 31
48 32
47 33
47 34
47 34
47 35
46 36
46 37
46 38
46 38
46 39
45 40
45 41
45 42
45 42
45 43
45 44
44 45
44 46
44 47
44 47
44 48
43 49
43 50
43 50
43 51
43 52
43 53
43 53
43 54
43 55
43 56
43 56
44 57
44 58
44 58
44 59
44 60
44 60
45 60
45 60
46 61
46 61
47 61
47 61
47 61
48 60
48 59
48 59
49 58
50 57
50 57
51 56
51 55
52 54
52 54
53 53
54 52
54 51
55 50
55 50
56 49
56 48
57 47
57 46
57 46
58 45
58 44
59 43
59 43
60 42
60 41
61 40
61 39
61 39
62 38
63 37
63 37
64 36
64 35
64 35
65 34
65 34
66 34
66 34
66 33
66 33
66 33
66 34
66 34
65 35
65 35
65 36
65 37
65 37
65 38
64 39
64 40
64 40
64 41
64 42
64 43
64 43
64 44
63 45
63 46
63 47
63 47
63 48
63 49
63 50
63 51
63 51
63 52
63 53
63 54
63 54
63 55
63 56
63 57
63 57
63 58
63 59
63 59
63 60
63 60
63 61
63 61
63 60
63 60
63 60
63 59
63 59
63 58
64 57
64 56
64 56
65 55
65 54
66 53
66 53
67 52
67 51
68 50
68 49
68 49
68 48
69 47
69 46
70 45
70 44
70 44
70 43
71 42
71 41
71 41
72 40
73 39
73 39
74 38
74 38
75 38
75 38
76 38
76 38
76 38
77 39
77 39
77 40
77 41
77 41
77 42
77 43
77 43
77 44
77 45
77 46
77 47
77 47
77 48
77 49
77 50
77 50
77 51
78 52
78 53
78 53
78 54
79 55
79 56
79 56
80 57
80 57
81 57
82 57
82 57
83 56
83 56
84 55
85 54
85 54
86 53
86 52
87 51
87 50
87 50
88 49
89 48
89 47
90 46
90 46
91 45
91 44
92 43
92 42
93 41
93 41
93 40
94 39
94 38
95 37
95 36
95 36
96 35
96 34
97 33
97 33
98 32
99 31
