1 48
1 49
0 50
0 51
0 51
0 51
0 51
0 50
0 50
1 49
1 48
2 47
2 47
3 46
3 45
4 44
4 43
5 42
5 41
6 40
6 40
7 39
7 38
8 37
8 36
9 35
9 34
10 33
10 32
10 32
11 31
11 30
12 29
12 28
13 27
14 26
14 25
15 24
15 23
16 22
16 22
17 21
18 20
18 19
19 18
20 17
21 16
21 15
22 14
23 13
23 13
24 12
25 11
26 10
26 9
27 8
28 7
28 7
29 6
30 5
30 4
31 3
32 2
32 2
33 1
34 0
34 0
34 0
34 1
34 1
34 2
34 3
34 4
34 4
34 5
34 6
34 7
33 8
33 9
33 10
33 11
33 11
33 12
33 13
33 14
33 15
32 16
32 17
32 18
32 19
32 20
32 21
32 21
32 22
32 23
32 24
31 25
31 26
31 27
31 28
31 29
31 30
31 31
31 32
30 33
30 34
30 35
30 36
30 36
30 37
30 38
30 39
29 40
29 41
29 42
29 43
29 44
29 45
29 46
29 47
28 48
28 49
28 50
28 51
28 52
28 52
28 53
28 54
28 55
28 56
27 57
27 58
27 59
27 60
27 61
27 62
27 63
27 64
27 65
26 66
26 67
26 68
26 69
26 70
26 70
26 71
26 72
25 73
25 74
25 75
25 76
24 77
24 78
24 79
24 80
24 81
23 82
23 83
23 84
23 84
23 85
23 86
23 87
23 88
23 89
23 90
23 91
23 92
23 92
23 93
24 94
24 95
24 96
24 96
24 97
25 98
25 99
25 99
26 99
26 99
26 99
26 98
26 97
26 96
26 96
26 95
26 94
25 93
25 92
25 91
25 90
25 90
25 89
25 88
24 87
24 86
24 85
24 84
23 83
23 82
23 81
23 81
22 80
22 79
21 78
21 77
20 76
20 75
19 74
19 74
18 73
17 72
16 71
15 70
15 70
14 69
13 69
12 68
11 68
11 68
10 68
9 67
8 67
8 67
7 67
6 67
5 67
5 67
4 68
4 68
4 69
4 69
4 69
5 70
6 71
6 71
7 72
8 72
9 73
10 73
10 73
11 73
12 73
13 73
14 73
15 73
16 73
16 73
17 72
18 72
19 71
20 71
21 70
22 70
22 70
23 69
24 69
25 68
26 68
27 67
28 67
29 66
30 66
30 66
31 65
32 64
33 64
34 63
35 62
36 61
37 61
38 60
38 60
39 59
40 58
41 57
42 57
43 56
44 55
44 55
45 54
46 53
47 52
48 51
48 51
49 50
50 50
51 49
51 49
51 48
51 48
51 48
50 47
49 47
49 47
48 47
47 47
47 47
46 47
45 48
44 48
43 48
43 48
42 49
41 49
40 50
40 50
39 51
38 52
38 53
37 54
37 54
36 55
36 56
35 57
35 58
34 59
34 59
34 60
34 61
34 62
33 63
33 64
33 65
33 66
33 66
33 67
33 68
33 69
33 70
33 70
33 71
34 72
34 73
34 73
35 74
35 75
36 76
36 76
37 76
38 76
39 76
39 76
40 75
41 75
42 74
42 74
43 73
44 72
45 71
46 70
46 70
47 69
48 68
48 67
49 66
50 65
50 65
51 64
51 63
52 62
52 61
53 60
53 60
54 59
54 58
54 58
54 57
54 56
54 56
53 55
53 55
52 56
52 56
52 56
51 57
51 58
51 58
51 59
51 59
52 60
52 61
52 61
53 62
53 63
53 63
54 63
55 63
55 63
56 63
57 63
58 63
58 63
59 62
60 61
61 61
62 60
62 60
63 59
64 58
65 58
66 57
66 57
67 56
68 55
68 54
69 53
69 53
70 52
71 52
71 52
71 52
71 53
71 53
71 53
71 54
71 54
71 55
71 56
71 56
71 57
71 58
71 59
71 59
71 60
71 61
71 61
72 62
72 62
73 62
73 62
74 62
75 61
76 61
76 61
77 60
78 60
78 60
79 59
80 59
81 58
81 58
82 57
83 57
83 57
84 56
84 56
85 56
85 56
86 57
86 57
86 58
86 58
86 59
86 59
87 60
87 60
88 60
89 60
90 60
90 60
91 60
92 59
93 59
93 59
94 58
95 58
96 57
97 56
98 56
99 55
