5 39
5 39
5 39
5 39
4 39
3 39
3 39
3 40
3 40
2 41
2 41
2 42
2 43
2 44
2 44
2 45
2 46
2 46
2 47
1 48
1 49
1 49
1 50
1 51
1 51
1 52
1 53
1 53
2 53
2 53
3 53
4 53
4 53
5 53
6 52
7 52
7 52
8 51
9 50
10 49
10 49
11 48
12 47
13 46
14 45
14 45
15 44
16 43
16 42
17 41
17 41
18 40
19 39
20 39
21 38
21 38
22 37
23 36
24 35
24 35
25 34
26 33
27 32
28 31
28 31
29 30
29 29
30 28
30 28
31 27
31 26
32 25
32 24
33 23
33 23
34 22
34 21
35 20
35 19
35 19
36 18
36 17
37 16
37 15
38 14
38 14
38 13
39 12
39 11
40 10
40 9
40 9
41 8
41 7
42 6
42 5
42 5
42 4
42 3
42 2
42 1
42 1
42 1
41 1
41 1
40 0
40 0
39 1
39 1
38 2
38 2
37 3
37 3
36 4
36 4
36 4
35 5
35 5
35 5
35 6
35 6
35 6
35 7
35 7
35 8
35 8
35 8
34 9
34 9
34 10
34 10
34 11
34 12
34 12
33 13
33 13
33 14
33 14
32 15
32 15
32 16
32 17
32 17
32 18
31 19
31 20
31 20
31 21
30 22
30 23
30 23
30 24
29 25
29 26
29 27
29 27
29 28
28 29
28 30
27 31
27 32
27 32
27 33
27 34
26 35
26 36
26 37
26 37
26 38
25 39
25 40
25 41
25 42
24 43
24 44
24 44
24 45
23 46
23 47
23 48
23 49
22 50
22 51
22 51
22 52
21 53
21 54
21 55
21 56
20 57
20 58
20 58
20 59
20 60
20 61
19 62
19 63
19 64
19 65
19 66
19 66
19 67
19 68
19 69
18 70
18 71
18 72
18 73
18 74
18 74
18 75
18 76
18 77
18 78
18 79
18 80
18 81
18 81
18 82
18 83
17 84
17 85
17 86
17 87
17 87
17 88
17 89
17 90
17 91
17 91
17 92
17 93
17 94
17 95
17 95
17 96
17 97
17 97
17 98
17 99
17 99
18 99
18 99
19 98
19 98
20 97
20 97
20 96
21 95
21 94
22 93
22 92
22 92
23 91
23 90
24 89
24 88
24 88
24 87
25 86
25 85
26 84
26 83
26 83
26 82
26 81
27 80
27 79
27 78
27 77
27 77
27 76
28 75
28 74
28 73
28 72
29 71
29 70
29 70
29 69
29 68
29 67
30 66
30 65
30 64
30 63
30 62
30 62
30 61
30 60
30 59
30 58
30 57
30 56
30 55
30 55
30 54
30 53
30 52
30 51
30 51
29 50
29 49
28 48
28 47
28 47
27 46
27 45
27 45
26 45
25 45
24 45
24 45
23 45
22 45
21 45
21 45
20 46
19 46
18 47
17 47
17 47
16 48
15 48
14 49
14 49
13 50
12 51
11 51
10 52
10 52
9 53
8 54
8 55
7 56
7 56
6 57
6 58
5 59
5 59
4 60
3 61
2 62
2 62
1 63
1 64
0 65
0 66
0 66
0 67
0 68
0 68
0 69
0 69
1 70
2 70
2 70
3 70
4 70
4 70
5 70
6 69
7 69
8 69
8 69
9 69
10 68
11 68
12 68
12 68
13 68
14 67
15 67
16 66
17 66
17 66
18 65
19 65
20 64
21 64
21 64
22 63
23 63
24 62
25 62
25 62
26 61
27 61
28 60
29 60
29 60
30 59
31 59
32 58
32 58
33 57
34 57
35 56
36 56
36 56
37 55
38 54
39 53
39 53
40 52
41 51
41 50
42 49
42 49
43 48
43 47
44 46
44 45
44 45
45 44
45 43
46 42
46 41
46 41
46 40
46 39
46 38
46 37
46 36
46 36
46 35
46 34
46 34
46 33
46 32
46 32
45 32
45 32
44 33
43 34
43 34
42 35
41 36
41 36
40 37
40 38
39 39
39 40
39 40
38 41
37 42
37 43
36 44
36 44
35 45
35 46
34 47
34 48
34 48
33 49
33 50
32 51
32 52
32 52
31 53
31 54
31 54
31 55
31 56
31 56
32 56
33 57
34 57
34 57
35 57
36 57
37 57
37 57
38 57
39 56
40 56
41 56
41 56
42 55
43 55
44 54
44 54
45 54
46 53
47 53
48 53
48 53
49 52
50 52
51 51
51 51
52 50
53 49
53 49
54 48
55 47
56 46
56 46
57 45
58 44
58 44
58 43
59 42
59 41
59 41
60 40
61 39
61 39
61 38
61 37
61 37
61 37
61 37
60 37
60 37
59 38
59 38
58 39
57 39
57 39
57 39
57 40
57 40
57 40
57 40
57 40
57 40
58 40
58 40
58 40
58 40
58 40
58 41
58 41
58 41
59 41
59 41
60 41
60 41
61 40
61 40
62 39
63 38
63 38
64 38
65 37
66 37
66 37
67 36
68 36
68 36
69 35
70 35
70 35
71 35
72 35
72 35
73 35
73 35
74 34
75 34
75 34
76 34
77 34
77 34
78 34
78 34
79 33
80 33
80 33
81 33
82 33
83 33
83 33
84 32
84 32
85 32
86 32
86 32
87 33
87 33
87 34
87 34
88 34
88 34
88 35
88 36
88 36
88 36
89 37
89 37
90 36
91 36
92 35
92 35
93 34
94 34
95 33
95 33
96 32
97 31
98 30
