0 43
0 43
0 43
0 43
0 43
0 43
0 42
0 41
0 40
0 40
1 39
1 38
2 37
2 37
3 36
3 35
4 34
4 33
4 33
5 32
5 31
6 30
6 29
7 28
7 27
7 27
8 26
8 25
9 24
9 23
10 22
10 21
10 21
11 20
11 19
12 18
12 17
13 16
13 15
13 15
14 14
14 13
15 12
15 11
16 10
16 10
17 9
18 8
18 7
19 6
19 6
20 5
20 4
21 3
21 3
22 2
22 2
23 1
23 1
24 0
24 0
24 0
24 0
23 1
23 1
23 2
23 3
23 4
23 5
23 5
23 6
22 7
22 8
22 9
21 10
21 11
21 11
21 12
21 13
20 14
20 15
20 16
20 17
20 18
20 19
19 20
19 21
19 22
19 23
19 23
19 24
19 25
18 26
18 27
18 28
18 29
18 30
17 31
17 32
17 33
17 34
17 35
16 36
16 37
16 38
16 38
16 39
16 40
15 41
15 42
15 43
15 44
15 45
15 46
14 47
14 48
14 49
14 50
14 51
14 52
13 53
13 54
13 55
13 55
13 56
12 57
12 58
12 59
12 60
11 61
11 62
11 63
11 64
10 65
10 66
10 67
10 68
9 69
9 70
9 71
9 71
9 72
8 73
8 74
8 75
8 76
7 77
7 78
7 79
7 80
6 81
6 82
6 83
6 83
6 84
5 85
5 86
5 87
4 88
4 89
4 90
3 91
3 92
3 92
3 93
3 94
2 95
2 96
2 97
2 97
2 98
2 99
2 99
2 99
3 99
3 99
4 99
5 99
5 99
6 99
7 98
8 98
8 98
9 97
10 96
10 96
11 95
12 94
12 93
13 92
13 92
13 91
14 90
14 89
14 88
15 87
15 86
15 86
15 85
15 84
15 83
16 82
16 81
16 80
16 79
16 78
16 78
16 77
17 76
17 75
17 74
17 73
18 72
18 71
18 70
18 70
18 69
18 68
18 67
18 66
19 65
19 64
19 63
19 62
19 61
19 61
19 60
19 59
19 58
20 57
20 56
20 55
20 54
20 54
20 53
20 52
20 51
20 50
20 49
20 48
20 48
20 47
21 46
21 45
21 45
21 44
21 43
21 43
20 42
20 41
20 41
19 40
19 40
18 39
17 39
17 39
16 39
15 39
14 39
14 39
13 39
12 40
11 40
10 40
10 40
9 41
8 41
7 42
7 42
6 42
5 43
4 43
4 43
3 44
3 44
2 45
2 45
2 45
3 45
3 45
3 46
3 46
4 47
4 47
5 47
6 48
7 48
7 48
8 49
9 49
9 49
10 49
11 48
12 48
13 48
13 48
14 48
15 47
16 47
16 47
17 46
18 46
19 45
20 45
20 45
21 44
22 44
23 43
23 43
24 43
25 42
26 42
26 42
27 42
28 42
29 42
29 42
30 43
31 43
31 43
32 42
33 42
33 42
34 41
34 41
35 40
36 39
36 39
37 38
37 37
37 37
37 36
38 35
38 34
38 34
38 33
38 32
38 31
38 31
38 30
39 29
39 28
39 28
39 27
39 26
39 26
39 25
39 24
39 24
39 23
39 22
39 22
39 21
38 20
38 19
38 19
38 18
38 17
38 16
38 16
37 15
37 15
36 15
36 15
35 15
35 15
34 16
34 17
34 17
34 18
33 19
33 20
33 21
33 21
33 22
32 23
32 24
32 25
31 26
31 27
31 27
31 28
30 29
30 30
30 31
30 31
30 32
30 33
30 34
30 35
30 35
30 36
30 37
30 38
30 38
30 39
30 40
30 41
30 41
30 42
31 43
31 44
31 44
32 45
32 46
32 46
33 46
34 46
34 46
35 46
36 46
36 46
37 45
37 44
38 43
38 43
39 42
40 41
41 40
41 40
41 39
42 38
42 37
43 36
43 35
43 35
44 34
44 33
45 32
45 31
45 31
45 30
46 29
46 28
46 27
46 27
46 26
47 25
47 24
47 24
48 23
48 23
48 23
48 23
48 23
47 24
47 25
47 25
47 26
47 26
47 27
47 28
47 29
47 29
47 30
46 31
46 32
46 32
46 33
46 34
46 34
46 35
46 36
46 36
46 36
47 36
47 36
48 36
48 36
49 36
49 36
50 35
51 34
51 34
52 33
52 32
53 31
53 31
54 30
55 29
55 29
56 28
57 27
57 27
58 26
59 25
59 25
60 25
60 25
61 25
61 25
62 26
62 26
62 27
62 28
62 28
63 29
63 29
63 30
63 30
63 31
63 31
63 31
64 31
64 31
64 30
64 30
65 29
65 29
66 28
66 28
67 28
68 28
68 28
69 27
69 27
70 27
71 27
71 27
72 26
73 26
73 26
74 26
74 26
75 26
76 26
76 26
76 27
76 27
77 27
77 27
77 27
77 28
77 28
78 29
78 29
79 30
79 31
79 31
80 32
80 33
80 33
81 34
81 35
82 36
82 36
83 37
84 37
84 37
85 36
86 36
86 36
87 35
88 34
89 33
89 33
90 32
90 31
91 30
91 29
92 28
92 28
93 27
93 26
94 25
94 24
95 23
95 22
95 22
96 21
97 20
97 19
98 18
99 17
