0 44
0 44
0 44
0 44
0 44
1 43
1 43
2 42
2 41
3 40
3 40
4 39
5 38
6 37
6 37
7 36
7 35
8 34
8 33
9 32
9 32
10 31
11 30
11 29
12 28
13 27
13 27
14 26
14 25
15 24
15 23
16 22
16 21
16 21
17 20
17 19
18 18
18 17
19 16
19 15
20 14
20 14
21 13
21 12
22 11
22 10
23 9
23 9
24 8
24 7
25 6
25 5
26 4
26 4
27 3
28 2
28 2
29 1
29 1
30 0
30 0
30 1
30 1
30 2
29 3
29 4
29 5
29 5
29 6
28 7
28 8
28 9
27 10
27 11
27 11
27 12
27 13
26 14
26 15
26 16
26 17
25 18
25 19
25 20
25 20
25 21
24 22
24 23
24 24
23 25
23 26
23 27
23 28
22 29
22 30
22 30
22 31
21 32
21 33
21 34
20 35
20 36
20 37
20 38
19 39
19 40
19 40
19 41
18 42
18 43
17 44
17 45
17 46
16 47
16 48
15 49
15 50
15 50
15 51
15 52
14 53
14 54
14 55
14 56
13 57
13 58
13 59
13 59
13 60
12 61
12 62
12 63
11 64
11 65
11 66
10 67
10 68
10 68
10 69
10 70
10 71
9 72
9 73
9 74
9 75
9 76
9 76
9 77
9 78
9 79
9 80
9 81
9 82
9 83
9 83
9 84
9 85
9 86
9 87
9 88
9 89
9 90
9 90
10 91
10 92
11 93
11 94
11 94
11 95
12 96
12 97
12 97
13 98
14 99
14 99
15 99
16 99
17 99
17 99
18 98
19 97
20 96
20 96
20 95
20 94
21 93
21 92
21 91
21 91
21 90
21 89
22 88
22 87
22 86
22 85
22 85
22 84
22 83
23 82
23 81
23 80
23 79
23 79
23 78
23 77
23 76
23 75
23 74
23 74
23 73
23 72
23 71
23 70
23 69
23 68
23 68
23 67
23 66
23 65
23 64
23 63
23 62
23 62
23 61
23 60
23 59
23 58
23 57
23 56
23 56
23 55
23 54
22 53
22 52
22 51
22 50
22 50
22 49
22 48
22 47
22 46
22 45
22 44
22 43
22 43
22 42
22 41
22 40
22 39
22 38
22 37
22 37
22 36
21 35
21 34
21 34
20 33
20 33
19 33
18 33
18 33
17 34
16 34
15 35
15 35
14 36
13 37
12 38
12 38
11 39
10 40
9 41
9 41
8 42
7 43
7 43
7 43
7 43
7 44
7 44
8 45
9 45
9 45
10 46
10 47
11 48
11 48
12 48
13 49
14 49
14 49
15 49
16 49
17 49
18 49
18 49
19 49
20 48
21 48
21 48
22 47
23 47
24 46
25 46
25 46
26 45
27 45
28 44
29 44
29 44
30 43
31 42
32 42
33 41
33 41
34 40
35 39
35 38
36 37
36 37
37 36
38 35
39 35
40 34
40 34
41 33
42 32
43 32
44 31
44 31
45 30
45 29
46 28
46 28
47 27
48 26
49 25
49 25
50 24
50 23
51 22
51 21
51 21
52 20
52 19
52 19
53 18
53 17
53 17
53 16
53 16
53 16
52 16
52 16
51 17
50 17
50 17
49 18
48 19
48 19
47 20
46 21
45 22
45 22
44 23
43 24
43 24
42 25
42 26
41 27
41 27
40 28
40 29
40 29
40 30
39 31
39 32
39 32
39 33
39 34
39 34
39 35
39 36
39 37
39 38
39 38
39 39
39 40
39 40
40 41
40 42
40 42
41 43
41 44
41 44
42 44
43 44
43 44
44 44
44 44
45 43
46 42
46 42
47 41
48 41
49 40
49 40
50 39
50 38
51 37
51 37
52 36
52 35
53 34
53 33
53 33
53 32
54 31
54 30
54 30
55 29
56 28
56 28
56 27
56 27
56 27
56 27
56 27
56 28
56 29
56 29
55 30
55 31
55 31
55 32
55 33
54 34
54 35
54 36
54 36
53 37
53 38
53 38
53 39
53 40
53 40
53 40
53 40
54 40
54 40
55 41
55 41
56 40
57 40
57 40
58 39
59 38
59 38
60 37
61 37
62 36
62 36
63 35
63 34
64 33
64 32
64 32
65 31
66 30
67 29
67 29
68 28
68 27
69 26
69 25
69 25
70 24
71 23
71 23
71 23
72 23
72 23
72 24
72 24
72 25
72 26
72 26
71 27
71 28
71 28
71 29
71 30
71 31
71 32
71 32
71 33
71 33
71 34
71 34
71 34
71 34
72 34
72 34
73 34
73 34
74 33
75 33
75 33
75 32
76 31
76 30
76 30
77 29
78 28
78 28
79 27
80 26
80 26
81 25
81 25
81 25
81 25
81 25
81 26
81 26
81 27
81 27
81 28
82 29
82 30
82 30
82 31
82 32
82 32
83 33
83 33
84 34
84 35
84 35
84 35
85 35
86 35
86 35
87 35
87 35
88 35
89 34
90 34
90 34
91 33
92 32
93 32
94 31
94 31
95 30
96 29
97 28
98 27
99 26
