2 45
2 46
3 47
3 48
3 48
2 47
1 47
1 47
0 47
0 47
0 48
0 48
0 48
0 48
1 47
1 46
1 46
2 45
3 45
4 44
4 44
5 43
6 42
6 41
7 40
8 39
8 39
9 38
10 37
10 36
11 35
12 34
12 34
13 33
14 32
15 31
15 30
16 29
17 28
17 28
18 27
19 26
20 25
20 24
21 23
22 22
22 22
23 21
24 20
25 19
26 18
27 17
28 16
28 16
29 15
30 14
31 13
32 12
33 11
33 11
34 10
35 9
36 8
37 7
38 6
38 6
39 5
40 4
41 4
42 3
42 3
43 2
44 2
45 1
45 1
46 0
47 0
47 0
48 0
48 0
48 1
48 1
47 2
47 2
47 3
46 4
46 5
46 5
45 6
45 7
44 8
44 9
44 9
43 10
42 11
42 12
41 13
41 13
40 14
40 15
39 16
39 17
38 18
38 19
38 19
37 20
37 21
36 22
35 23
35 24
34 25
34 26
33 27
33 27
33 28
32 29
32 30
31 31
31 32
30 33
30 34
29 35
29 36
29 36
28 37
28 38
27 39
27 40
26 41
26 42
25 43
25 44
25 44
24 45
24 46
23 47
22 48
22 49
21 50
21 51
20 52
20 52
20 53
19 54
19 55
18 56
18 57
18 58
17 59
17 60
17 60
17 61
16 62
16 63
15 64
15 65
14 66
14 67
14 67
14 68
13 69
13 70
13 71
12 72
12 73
12 73
12 74
12 75
11 76
11 77
11 78
11 78
11 79
11 80
10 81
10 82
10 83
10 83
10 84
10 85
10 86
10 87
10 87
10 88
10 89
10 90
10 91
10 91
10 92
11 93
11 94
11 94
11 95
11 96
11 97
11 97
12 98
13 99
13 99
14 99
14 99
15 99
16 99
16 99
17 99
18 98
19 98
19 98
20 97
21 96
22 95
22 95
23 94
23 93
24 92
24 92
25 91
26 90
26 89
27 88
27 88
27 87
28 86
28 85
29 84
29 83
29 83
30 82
30 81
31 80
31 79
31 79
31 78
32 77
32 76
32 75
32 75
32 74
32 73
32 72
32 71
32 71
32 70
32 69
32 68
32 68
32 67
31 66
31 65
31 64
31 64
31 63
30 62
30 61
30 61
30 60
29 59
29 58
29 58
29 57
28 56
28 55
28 54
28 54
27 53
27 52
27 52
26 51
25 51
25 51
24 51
23 51
23 51
22 52
21 52
21 52
20 53
19 53
18 54
17 54
17 54
16 55
15 56
14 57
14 57
13 58
12 59
11 60
11 60
10 61
9 61
8 62
8 62
7 63
7 64
6 65
6 65
5 66
4 66
4 66
3 67
3 67
3 67
3 68
3 68
4 69
5 69
5 69
6 69
7 69
7 69
8 70
9 70
9 70
10 70
11 69
12 69
12 69
13 68
14 67
15 66
15 66
16 65
17 65
18 64
19 64
19 64
20 63
21 62
22 62
23 61
23 61
24 60
25 59
25 58
26 57
26 57
27 56
28 55
29 54
30 53
30 53
31 52
32 51
33 51
34 50
34 50
35 49
36 48
37 48
38 47
38 47
39 46
40 45
41 44
41 44
42 44
43 43
44 43
44 43
45 42
46 42
46 42
47 41
48 41
48 41
48 41
49 41
49 41
49 41
49 41
49 42
49 42
49 42
49 42
48 43
48 43
48 43
49 44
49 44
50 45
50 45
51 46
51 46
52 47
52 47
53 47
53 47
53 47
53 47
53 47
52 47
52 47
52 48
52 48
51 48
51 48
51 47
51 47
51 46
51 46
51 46
50 45
50 45
50 44
50 44
49 45
49 45
48 45
48 45
47 46
47 47
47 47
46 48
46 49
46 49
45 50
44 51
44 51
43 52
43 53
43 53
42 54
42 55
42 55
41 56
41 57
41 57
40 58
40 59
40 59
40 60
40 61
40 61
41 62
41 63
41 63
41 64
41 64
42 64
42 64
43 63
44 63
44 63
45 62
46 62
46 62
47 61
47 60
48 59
48 59
49 58
50 57
50 57
51 56
52 55
53 54
53 54
54 53
55 52
55 52
56 51
56 50
56 50
57 49
58 48
58 48
58 48
58 48
58 49
58 49
58 50
58 50
58 51
58 51
57 52
57 52
57 53
57 53
57 54
57 54
57 54
58 54
58 54
59 54
59 54
60 54
61 54
61 54
62 53
62 53
63 52
64 52
64 52
65 51
66 50
66 50
67 49
68 49
68 49
69 49
69 49
70 49
70 49
71 50
71 51
71 51
71 52
71 53
71 53
71 54
71 55
71 55
72 56
72 56
73 57
73 57
74 56
75 56
75 56
76 56
77 56
77 56
78 55
79 55
79 55
80 54
81 53
81 53
82 52
83 52
83 52
84 52
85 52
85 52
86 51
87 51
87 51
88 51
88 51
89 51
90 51
90 51
91 51
92 51
92 51
93 51
94 51
94 51
95 51
96 51
96 51
97 52
97 52
98 53
98 53
99 54
