0 39
0 40
0 40
0 40
0 39
0 39
1 39
1 39
2 38
3 37
3 37
4 36
4 35
5 34
5 34
6 33
7 32
8 31
9 30
9 30
10 29
11 28
11 27
12 26
13 25
13 25
14 24
14 23
15 22
16 21
16 20
17 19
17 19
18 18
19 17
20 17
21 16
22 15
22 15
23 14
24 13
25 13
26 12
27 11
27 11
28 10
28 9
29 8
30 7
30 6
31 5
31 5
32 4
33 3
34 2
34 2
35 1
36 1
36 1
36 1
36 1
35 2
35 3
35 3
34 4
34 5
33 6
33 6
32 7
32 8
31 9
31 10
31 10
31 11
30 12
30 13
29 14
29 15
29 15
28 16
28 17
27 18
27 19
26 20
26 21
26 21
25 22
25 23
24 24
24 25
23 26
23 27
22 28
22 28
22 29
21 30
21 31
21 32
20 33
20 34
20 35
19 36
19 37
19 37
19 38
18 39
18 40
17 41
17 42
17 43
16 44
16 45
15 46
15 47
15 47
15 48
14 49
14 50
13 51
13 52
13 53
12 54
12 55
11 56
11 57
11 57
11 58
10 59
10 60
10 61
9 62
9 63
9 64
9 65
8 66
8 67
8 67
8 68
8 69
7 70
7 71
7 72
7 73
7 74
6 75
6 76
6 77
6 77
6 78
6 79
6 80
5 81
5 82
5 83
5 84
5 85
5 85
5 86
5 87
5 88
5 89
5 90
5 90
5 91
5 92
5 93
5 94
5 94
5 95
6 96
6 97
6 97
7 98
7 99
7 99
8 99
9 99
9 99
10 99
11 99
11 99
12 98
13 98
13 98
14 97
15 96
15 96
16 95
16 94
17 93
17 93
18 92
19 91
19 90
20 89
20 89
20 88
21 87
21 86
22 85
22 84
22 84
22 83
22 82
23 81
23 80
23 79
23 79
23 78
23 77
24 76
24 75
24 74
24 74
24 73
24 72
25 71
25 70
25 69
25 69
25 68
25 67
25 66
25 65
25 65
25 64
25 63
25 62
25 61
25 60
25 60
25 59
25 58
25 57
25 56
25 56
25 55
25 54
25 53
25 52
25 52
25 51
24 50
24 49
24 48
24 48
24 47
24 46
24 45
24 44
24 43
24 43
24 42
23 41
23 40
23 39
23 39
22 38
22 37
22 37
21 36
20 36
20 36
19 36
18 36
18 36
17 37
16 38
16 38
15 39
14 39
13 40
13 40
12 41
11 42
10 43
10 43
9 44
8 45
7 46
7 46
6 47
5 47
4 48
4 48
3 49
2 50
2 50
1 51
1 51
0 52
0 53
0 53
0 54
0 54
0 55
0 56
0 57
0 57
1 58
1 59
1 59
2 60
2 61
2 61
3 62
3 63
4 64
4 64
5 65
6 65
6 65
7 66
8 66
8 66
9 66
10 65
11 65
11 65
12 65
13 64
14 64
14 64
15 63
16 63
17 62
17 62
18 61
19 60
20 60
21 59
21 59
22 58
23 57
24 57
25 56
25 56
26 55
27 54
27 53
28 52
28 52
29 51
30 50
31 50
32 49
32 49
33 48
34 47
35 46
35 46
36 45
37 44
38 43
38 43
39 42
40 41
40 41
41 40
42 39
42 39
43 38
43 37
43 37
44 37
44 37
45 37
45 37
45 37
46 38
46 39
46 39
46 40
46 40
46 41
46 41
47 42
47 43
47 43
47 43
48 43
48 43
48 43
48 43
48 42
48 42
49 41
49 41
49 40
49 39
49 39
49 38
49 38
49 37
49 36
49 36
49 35
49 35
49 34
49 34
49 34
48 35
48 35
47 36
46 36
46 36
45 37
45 38
44 39
44 39
43 40
42 41
42 41
41 42
41 43
40 44
40 44
39 45
39 46
39 46
38 47
38 48
38 48
38 49
38 49
37 50
37 51
37 51
37 52
37 52
38 53
38 54
38 54
38 55
38 56
38 56
39 57
39 57
40 57
40 57
41 57
41 57
42 56
43 55
43 55
44 54
45 53
45 53
46 52
46 51
47 50
47 50
48 49
49 48
49 48
50 47
51 46
51 46
52 45
52 44
52 44
53 43
53 43
54 43
54 43
54 42
54 42
54 42
54 42
54 43
54 43
54 44
54 44
54 45
54 45
54 46
54 46
55 47
55 48
55 48
55 49
55 50
55 50
56 50
56 50
57 50
57 50
58 49
59 49
59 49
60 48
61 48
61 48
62 47
63 46
63 46
64 45
65 44
65 44
66 43
67 42
67 42
68 42
69 42
69 42
70 42
70 42
71 42
71 42
72 43
72 43
73 44
73 45
73 45
74 45
74 45
75 45
75 45
76 45
77 45
77 45
78 44
78 44
79 43
79 43
80 42
80 42
81 42
81 42
82 42
82 42
83 43
84 43
84 43
85 44
85 44
86 45
86 45
87 45
88 45
88 45
89 45
89 45
90 44
90 44
91 43
91 43
92 42
93 42
93 42
94 41
95 41
95 41
96 40
96 40
97 40
98 39
99 39
