14 56
15 55
15 54
16 53
16 53
16 53
15 53
15 53
15 54
15 54
14 55
13 55
13 55
12 56
11 57
11 57
10 57
9 58
8 58
8 58
7 58
6 58
6 58
5 58
5 58
5 57
4 56
4 55
4 55
4 54
4 53
4 52
4 51
4 50
4 49
4 48
4 48
4 47
5 46
5 45
5 44
5 43
6 42
6 41
6 40
6 40
6 39
7 38
7 37
7 36
8 35
8 34
8 33
9 32
9 31
9 30
10 29
10 28
10 28
10 27
11 26
11 25
12 24
12 23
13 22
13 21
14 20
14 19
15 18
15 17
15 17
15 16
16 15
16 14
17 13
17 12
17 11
18 10
18 9
19 8
19 7
19 7
20 6
20 5
21 4
21 3
22 2
22 1
22 1
23 1
24 0
25 0
25 0
25 1
26 2
26 3
26 3
26 4
26 5
26 6
26 7
26 8
26 9
26 9
26 10
26 11
26 12
26 13
26 14
26 15
25 16
25 17
25 18
25 19
25 20
25 21
25 22
25 22
25 23
24 24
24 25
24 26
24 27
23 28
23 29
23 30
23 31
22 32
22 33
22 34
22 35
21 36
21 37
21 38
21 38
21 39
21 40
20 41
20 42
20 43
20 44
19 45
19 46
19 47
19 48
18 49
18 50
18 51
18 52
17 53
17 54
17 55
17 55
17 56
16 57
16 58
16 59
16 60
15 61
15 62
15 63
15 64
14 65
14 66
14 67
14 68
13 69
13 70
13 70
13 71
12 72
12 73
12 74
12 75
11 76
11 77
11 78
10 79
10 80
10 81
10 82
9 83
9 84
9 84
9 85
8 86
8 87
8 88
7 89
7 90
7 91
6 92
6 93
6 93
6 94
5 95
5 96
4 97
4 98
4 98
3 99
2 99
2 99
1 99
1 99
0 98
0 97
0 97
0 96
0 95
0 94
0 93
0 92
0 92
0 91
0 90
0 89
0 88
0 87
0 86
0 85
0 84
0 83
0 83
0 82
1 81
1 80
1 79
2 78
2 77
3 76
3 75
3 74
4 73
4 72
4 72
4 71
5 70
5 69
6 68
6 67
7 66
7 65
7 64
8 63
8 62
9 61
9 60
10 59
10 58
10 58
11 58
12 57
13 57
14 56
15 56
16 55
17 55
18 55
19 54
20 54
21 53
22 53
23 52
24 52
25 52
26 51
27 51
28 50
29 50
30 49
31 49
31 49
30 50
29 51
29 52
28 53
28 53
27 52
27 52
26 51
26 50
26 50
25 50
25 50
25 50
25 51
24 52
24 53
24 53
24 54
23 55
23 56
23 57
23 57
23 58
23 59
23 60
22 61
22 62
22 63
22 64
22 64
22 65
22 66
22 67
22 68
22 69
22 70
22 70
22 71
22 72
22 73
22 74
22 75
22 76
22 76
23 77
23 78
23 78
24 79
25 79
25 79
26 79
27 80
28 80
28 80
29 79
29 78
30 77
30 76
30 76
31 75
31 74
32 73
32 72
33 71
33 70
34 69
34 69
34 68
35 67
35 66
35 65
36 64
36 63
36 62
37 61
37 60
37 60
37 59
38 58
38 57
38 56
38 55
39 54
39 53
39 53
40 54
40 55
41 56
41 57
42 58
42 59
43 60
43 61
44 62
44 63
45 64
45 65
46 66
46 67
47 68
47 69
47 69
47 69
47 69
47 68
47 67
47 66
47 66
47 65
47 64
47 63
47 63
47 62
47 61
47 61
47 60
47 59
47 59
47 58
47 57
47 57
47 56
47 55
47 55
46 55
46 55
45 55
44 55
44 55
43 56
43 56
42 57
42 58
41 59
41 59
41 60
40 61
40 62
39 63
39 64
39 64
39 65
39 66
38 67
38 68
38 69
38 70
38 70
38 71
38 72
38 73
38 74
38 75
38 75
38 76
38 77
38 78
38 78
39 79
40 80
40 80
41 80
42 80
42 80
43 79
43 78
44 77
44 77
45 76
46 75
46 74
47 73
47 73
48 72
48 71
49 70
49 69
50 68
50 67
50 67
50 66
51 65
51 64
51 63
51 63
51 62
52 61
52 60
52 60
52 60
51 61
51 61
51 62
50 63
50 64
50 64
50 65
50 66
50 67
50 67
50 68
49 69
49 70
49 71
49 71
49 72
49 73
49 74
49 74
49 75
50 76
50 77
50 77
51 78
52 79
52 79
53 80
53 80
54 80
55 80
55 80
56 79
57 79
58 78
58 78
59 77
60 76
61 75
61 75
61 74
62 73
62 72
62 72
62 71
63 70
63 69
63 69
63 68
64 67
64 66
64 66
64 65
64 64
64 64
64 63
64 63
64 63
64 64
64 65
64 65
64 66
64 67
64 68
64 68
64 69
64 70
64 71
65 72
65 73
65 74
65 75
65 75
65 76
65 77
66 78
66 79
66 80
66 81
66 81
66 82
67 83
67 84
68 85
68 86
68 86
69 87
70 88
70 88
71 88
72 88
73 88
74 88
75 88
75 88
76 87
77 87
78 86
79 85
80 84
81 84
82 83
82 83
83 82
84 81
85 80
86 79
87 78
88 77
89 76
90 75
90 75
91 74
92 73
92 72
93 71
94 70
95 69
96 68
97 67
97 66
98 65
99 64
