21 44
21 45
21 46
21 47
21 47
21 48
21 48
21 49
21 49
21 49
20 50
20 50
20 51
20 51
19 52
19 52
19 53
19 53
18 54
18 54
17 55
17 55
16 56
16 56
15 56
14 56
14 56
13 55
12 55
12 55
11 55
11 55
10 54
9 54
9 54
8 53
7 53
7 53
6 53
6 53
5 52
5 52
5 51
5 51
5 50
5 50
5 49
5 49
5 48
6 47
6 46
6 46
6 45
7 44
7 43
7 43
8 42
8 41
8 41
8 40
9 39
9 38
9 38
10 37
10 36
11 35
11 34
11 34
12 33
13 32
13 31
14 30
14 30
15 29
15 28
16 27
16 26
17 25
17 25
18 24
19 23
19 22
20 21
21 20
21 20
22 19
22 18
23 17
23 16
23 16
24 15
25 14
25 13
26 12
26 12
27 11
27 10
28 9
28 8
28 8
29 7
30 6
30 6
31 5
31 4
31 4
32 3
32 2
32 2
33 1
33 1
33 0
33 0
33 0
33 0
33 1
33 1
32 2
32 2
32 3
32 4
32 4
32 5
31 6
31 7
31 8
31 8
31 9
31 10
31 11
31 12
31 12
31 13
31 14
30 15
30 16
30 17
30 17
30 18
30 19
29 20
29 21
29 22
29 22
29 23
29 24
29 25
29 26
29 27
29 28
29 29
29 29
29 30
29 31
29 32
28 33
28 34
28 35
28 36
28 36
28 37
28 38
28 39
27 40
27 41
27 42
27 43
27 44
27 44
27 45
27 46
27 47
26 48
26 49
26 50
26 51
26 52
26 52
26 53
26 54
26 55
25 56
25 57
25 58
25 59
25 59
25 60
25 61
24 62
24 63
24 64
24 65
24 65
24 66
24 67
24 68
23 69
23 70
23 71
23 72
23 72
23 73
22 74
22 75
22 76
21 77
21 78
21 78
21 79
20 80
20 81
20 82
20 82
20 83
20 84
19 85
19 86
19 87
19 87
18 88
18 89
17 90
17 91
17 91
17 92
16 93
16 94
16 94
15 95
14 96
14 96
13 97
12 98
12 98
11 99
10 99
10 99
9 99
8 99
8 99
7 99
6 99
5 99
5 99
4 98
3 98
3 98
2 97
2 96
2 96
1 95
0 94
0 94
0 93
0 92
0 91
0 90
0 90
0 89
0 88
0 87
0 86
0 85
0 84
0 84
0 83
0 82
0 81
0 80
0 80
0 79
1 78
1 77
1 76
1 76
1 75
1 74
1 73
1 72
1 72
1 71
2 70
2 69
3 68
3 67
3 67
3 66
4 65
4 64
4 63
5 62
5 61
5 61
6 60
6 59
7 58
7 57
8 56
8 55
8 55
9 54
9 53
10 52
10 51
11 50
11 50
12 49
13 48
14 48
15 47
15 47
16 47
17 47
18 46
19 46
20 46
21 46
22 45
23 45
24 45
25 45
26 44
27 44
28 44
28 44
27 45
26 45
26 45
25 45
25 45
25 45
25 45
25 45
25 45
25 45
25 45
26 45
26 45
26 45
26 46
26 46
27 46
27 46
27 46
28 45
29 44
29 44
30 43
30 42
30 42
31 41
32 40
32 40
33 39
33 38
34 37
34 37
35 36
35 35
36 34
36 34
36 33
37 32
37 31
37 31
38 30
38 29
38 29
38 28
39 27
39 26
39 26
40 25
40 24
40 24
41 23
41 22
41 22
41 21
41 21
42 20
42 20
42 20
42 20
41 21
41 21
40 22
40 23
40 23
40 24
39 25
39 26
39 27
39 27
39 28
38 29
38 30
38 31
38 31
38 32
38 33
38 34
38 35
38 36
38 36
38 37
38 38
37 39
37 40
37 41
37 41
37 42
36 43
36 44
36 45
36 45
36 46
36 47
36 48
36 49
36 49
36 50
36 51
36 52
36 52
37 53
37 54
37 54
37 55
37 55
38 56
38 56
38 56
39 55
39 55
40 54
40 53
40 53
40 52
41 51
41 50
41 49
41 49
41 48
42 47
42 46
43 45
43 44
43 44
43 43
44 42
44 41
44 40
45 39
45 38
45 38
45 37
45 36
46 35
46 34
46 33
46 32
46 32
46 31
46 30
47 29
47 28
47 27
47 27
47 26
48 25
48 24
48 24
48 24
48 24
48 25
48 25
47 26
47 27
47 27
47 28
47 29
47 30
47 31
47 31
46 32
46 33
46 33
46 34
46 35
46 36
46 36
46 37
46 38
46 39
46 40
46 40
46 41
46 42
46 43
46 43
46 44
46 45
46 46
46 46
46 47
47 48
47 49
47 49
47 50
47 50
48 50
48 50
49 50
49 50
49 49
49 49
50 48
50 47
51 46
51 46
51 45
52 44
52 43
53 42
53 41
53 41
53 40
54 39
54 38
55 37
55 36
55 36
55 35
56 34
56 33
57 32
57 31
57 31
58 30
58 29
59 28
59 27
59 27
59 26
60 25
60 24
60 24
60 23
60 22
60 22
59 22
59 22
58 22
58 22
57 23
57 24
57 24
56 25
55 26
55 26
55 27
54 28
54 29
54 30
54 30
54 31
53 32
53 33
53 34
53 34
53 35
52 36
52 37
52 38
52 38
52 39
52 40
52 41
52 41
52 42
52 43
52 43
53 44
53 44
53 45
53 45
54 44
54 44
55 43
55 43
56 42
56 41
56 41
56 40
57 39
57 38
57 38
58 37
58 36
58 36
58 35
59 34
59 33
59 33
59 32
59 31
59 30
59 30
60 29
60 28
60 28
60 28
60 29
60 29
60 30
60 31
60 32
60 33
60 33
60 34
61 35
61 36
61 37
61 37
61 38
61 39
61 40
61 40
61 41
61 42
61 42
62 43
62 43
62 43
63 43
63 43
64 42
65 41
65 41
66 40
66 39
67 38
67 38
68 37
68 36
69 35
69 34
69 34
69 33
70 32
70 31
71 30
71 29
71 29
71 28
72 27
72 26
72 25
72 25
72 24
73 23
73 22
73 22
73 21
73 21
73 20
73 20
74 20
74 20
74 20
74 21
75 22
75 23
75 23
75 24
75 25
76 26
76 27
76 28
76 28
76 29
76 30
77 31
77 32
77 33
77 33
78 34
78 35
79 36
79 37
79 37
80 38
81 38
82 39
82 39
83 39
84 39
85 39
85 39
86 38
87 37
88 36
89 35
89 35
90 34
91 33
91 32
92 31
93 30
93 30
94 29
94 28
95 27
95 26
96 25
97 24
97 23
98 22
98 21
99 20
