20 49
20 49
20 49
19 49
19 49
18 50
18 50
17 51
16 51
16 51
15 51
14 51
14 51
13 51
12 51
12 51
11 51
11 51
10 50
10 50
9 49
9 49
8 48
8 47
8 47
8 46
7 45
7 44
7 44
7 43
7 42
6 41
6 40
6 39
6 39
6 38
6 37
6 36
6 35
6 34
6 34
6 33
6 32
6 31
6 30
6 29
6 29
6 28
7 27
7 26
7 25
7 25
7 24
8 23
8 22
8 22
8 21
9 20
9 19
9 19
10 18
10 17
11 16
11 16
12 15
12 14
13 13
13 13
14 12
15 11
16 10
16 10
17 9
18 9
19 8
19 8
20 7
21 7
22 6
22 6
23 5
24 4
25 3
25 3
26 2
27 2
27 2
28 1
29 1
29 1
30 0
30 0
30 0
30 1
30 1
30 1
30 1
29 2
29 2
29 2
29 2
29 2
29 3
29 3
28 3
28 3
28 3
28 3
28 4
28 4
28 4
27 5
27 5
27 6
27 6
26 7
26 7
26 8
26 9
26 9
25 10
25 10
25 11
25 12
25 13
25 13
25 14
24 15
24 16
24 16
24 17
24 18
24 19
24 20
24 20
24 21
24 22
23 23
23 24
23 25
23 25
23 26
23 27
23 28
23 29
23 30
23 31
23 32
23 32
23 33
23 34
23 35
23 36
22 37
22 38
22 39
22 40
22 41
22 41
22 42
22 43
21 44
21 45
21 46
21 47
20 48
20 49
20 50
20 50
20 51
20 52
20 53
20 54
19 55
19 56
19 57
19 58
19 59
19 59
19 60
19 61
19 62
18 63
18 64
18 65
18 66
18 67
18 67
18 68
18 69
17 70
17 71
17 72
17 73
17 73
17 74
16 75
16 76
15 77
15 78
15 78
15 79
14 80
14 81
14 82
14 82
13 83
13 84
12 85
12 86
12 86
12 87
11 88
11 89
11 89
11 90
10 91
10 92
10 92
10 93
9 94
9 95
9 95
8 96
8 97
8 97
7 98
7 99
7 99
6 99
6 99
5 99
5 99
4 99
4 99
3 99
3 99
3 98
3 98
2 97
2 96
2 96
1 95
1 94
1 94
0 93
0 92
0 92
0 91
0 90
0 89
0 89
0 88
0 87
0 86
0 86
0 85
0 84
0 83
0 83
0 82
0 81
0 80
0 80
0 79
1 78
1 77
1 77
2 76
2 75
2 75
2 74
3 73
3 72
3 71
3 71
4 70
4 69
5 68
5 68
6 67
6 66
7 65
7 64
7 64
8 63
9 62
9 61
10 60
10 60
11 59
12 58
12 57
13 56
13 56
14 55
15 54
16 53
17 52
17 52
18 51
19 50
19 49
20 48
20 48
20 47
21 46
21 45
22 44
22 43
22 43
23 42
24 41
24 40
25 39
25 39
26 38
26 37
27 36
27 35
27 35
28 34
28 33
28 33
29 32
29 31
30 30
30 30
31 29
31 28
31 28
32 27
33 27
33 27
34 26
34 26
35 25
36 25
36 25
37 25
37 25
37 25
38 24
38 24
38 24
38 24
37 24
37 24
37 24
36 24
36 24
35 24
35 24
34 25
34 25
34 25
34 25
33 26
33 26
33 26
33 26
33 26
33 26
33 26
33 26
33 26
32 26
32 26
32 26
32 27
32 27
32 27
32 28
32 28
31 29
31 29
31 30
31 31
31 31
31 32
30 33
30 34
30 34
30 35
30 36
30 37
30 38
30 38
30 39
29 40
29 41
29 41
29 42
28 43
28 44
28 45
28 45
28 46
28 47
28 48
28 49
28 49
28 50
27 51
27 52
27 52
27 53
26 54
26 55
26 56
26 56
26 57
26 58
26 59
26 59
26 60
26 61
26 61
26 62
26 62
26 63
26 64
26 64
26 65
26 65
27 65
27 65
27 64
27 64
28 63
28 62
28 62
29 61
29 60
30 59
30 58
30 58
30 57
31 56
31 55
32 54
32 53
32 53
32 52
33 51
33 50
33 49
34 48
34 47
34 47
34 46
35 45
35 44
35 43
36 42
36 41
36 41
36 40
37 39
37 38
37 37
38 36
38 35
38 35
38 34
39 33
39 32
40 31
40 30
40 30
40 29
40 28
41 27
41 26
41 25
41 25
42 24
42 23
43 22
43 22
44 21
44 20
44 20
44 19
44 19
45 18
45 18
45 18
45 18
45 18
44 19
44 19
44 20
44 21
44 21
44 22
43 23
43 24
43 24
43 25
43 26
43 27
43 27
43 28
42 29
42 30
42 31
42 31
42 32
42 33
42 34
42 34
41 35
41 36
41 36
41 37
41 38
41 39
41 39
41 40
41 41
41 41
40 42
40 42
40 43
40 44
40 44
40 45
40 46
40 46
40 47
40 47
40 48
40 49
40 49
41 50
41 51
41 51
41 51
41 52
41 52
41 52
41 52
41 52
41 52
41 52
41 52
41 52
41 52
41 52
41 52
41 52
41 52
41 52
41 52
41 52
41 52
41 52
41 52
42 52
42 52
42 52
42 52
42 52
42 51
42 51
42 51
43 51
43 51
43 51
43 51
43 51
43 51
43 51
43 51
44 51
44 51
44 50
44 50
44 50
44 50
45 49
45 49
45 49
45 49
45 49
46 48
46 48
46 47
46 47
46 46
46 46
47 45
47 45
48 44
48 43
48 43
49 42
49 41
49 41
49 40
49 40
50 39
50 39
50 38
50 38
50 37
50 36
50 36
51 35
51 34
51 34
51 33
51 33
51 32
51 31
51 31
50 30
50 29
50 29
50 28
50 28
49 27
49 27
49 26
49 25
49 25
49 25
48 25
48 25
47 25
47 25
46 25
46 25
45 25
44 25
44 25
44 26
44 26
43 26
43 26
43 26
43 26
43 26
43 27
43 27
43 27
43 27
43 27
43 27
44 27
44 27
45 26
45 26
46 26
46 26
47 25
48 25
48 25
49 25
49 25
50 24
51 24
51 24
52 23
53 22
53 22
54 21
55 21
55 21
56 20
57 20
58 19
58 19
59 18
59 17
59 17
60 16
61 16
61 16
61 16
61 16
61 17
61 17
60 18
60 18
60 19
60 20
60 20
59 21
59 22
59 22
59 23
59 24
59 25
59 25
59 26
59 27
59 27
59 28
58 29
58 30
58 31
58 31
58 32
58 33
57 34
57 35
57 36
57 36
57 37
57 38
57 39
57 40
57 41
57 42
57 42
57 43
57 44
56 45
56 46
56 47
56 47
56 48
56 49
56 50
56 51
56 51
56 52
56 53
56 54
56 54
56 55
56 56
56 56
57 57
57 57
57 57
58 57
58 57
59 56
59 55
59 55
59 54
60 53
60 52
60 51
60 51
60 50
61 49
61 48
61 48
62 47
62 46
63 45
63 44
63 44
63 43
63 42
64 41
64 40
64 39
64 39
64 38
65 37
65 36
65 35
65 35
65 34
65 33
66 32
66 31
66 30
66 30
66 29
67 28
67 27
67 26
67 26
68 25
68 24
69 23
69 22
69 22
69 21
70 20
70 19
70 19
70 18
70 17
70 17
71 16
71 16
71 17
71 17
71 18
71 18
71 19
71 20
71 21
71 21
71 22
72 23
72 24
72 25
72 25
72 26
72 27
72 28
72 29
72 30
72 30
72 31
73 32
73 33
73 34
73 34
74 35
74 36
75 37
75 38
75 38
76 39
76 40
77 41
77 41
78 42
79 42
80 43
80 43
81 43
82 44
83 44
83 44
84 44
85 44
86 44
86 44
87 43
88 42
89 42
90 41
90 41
91 40
91 39
92 38
92 37
93 36
93 36
94 35
94 34
95 33
95 32
96 31
96 31
97 30
97 29
98 28
98 27
99 26
99 25
