11 39
12 38
12 37
12 37
12 37
12 37
12 37
12 37
11 38
11 38
10 39
10 40
10 40
9 41
9 42
8 43
8 43
7 44
6 45
6 45
5 46
4 47
4 47
3 48
2 48
2 48
1 47
0 47
0 47
0 46
0 46
0 45
0 44
0 43
0 42
0 42
0 41
1 40
1 39
1 38
2 37
2 36
2 36
2 35
3 34
3 33
3 32
3 31
4 30
4 29
4 29
5 28
5 27
6 26
6 25
7 24
7 23
8 22
8 21
8 21
9 20
9 19
10 18
10 17
11 16
11 15
12 14
12 13
12 13
13 12
13 11
14 10
15 9
15 8
16 7
16 7
17 6
18 5
18 4
19 3
19 3
20 2
20 1
20 1
21 0
21 0
21 1
21 1
21 2
21 3
21 4
21 4
21 5
21 6
21 7
20 8
20 9
20 10
20 11
20 11
20 12
20 13
20 14
19 15
19 16
19 17
19 18
19 19
19 19
19 20
19 21
19 22
18 23
18 24
18 25
18 26
18 27
18 28
18 29
17 30
17 31
17 32
17 33
17 33
17 34
17 35
16 36
16 37
16 38
16 39
16 40
15 41
15 42
15 43
15 44
15 45
15 46
14 47
14 48
14 49
14 49
14 50
14 51
13 52
13 53
13 54
13 55
12 56
12 57
12 58
12 59
12 60
11 61
11 62
11 63
11 64
10 65
10 66
10 67
10 67
10 68
10 69
9 70
9 71
9 72
9 73
9 74
8 75
8 76
8 77
8 78
8 79
8 80
7 81
7 82
7 83
7 83
7 84
7 85
6 86
6 87
6 88
6 89
6 90
5 91
5 92
5 93
5 93
5 94
5 95
4 96
4 97
4 98
4 99
4 99
3 99
3 99
3 98
3 97
3 97
3 96
2 95
2 94
2 93
2 93
2 92
2 91
2 90
2 89
2 88
1 87
1 86
1 85
1 84
1 83
1 82
1 82
1 81
1 80
1 79
1 78
1 77
0 76
0 75
0 74
0 73
0 72
0 71
0 70
0 70
0 69
0 68
0 67
0 66
0 65
1 64
1 63
1 62
1 61
1 60
1 59
1 58
1 58
2 58
3 58
4 57
5 57
6 57
7 57
8 57
9 56
10 56
11 56
12 56
13 56
14 55
15 55
16 55
17 55
18 55
19 55
20 54
21 54
22 54
23 54
24 54
25 53
26 53
27 53
27 53
27 52
27 51
26 50
26 49
26 48
26 48
25 47
25 46
24 45
24 45
24 44
24 43
24 42
24 42
24 41
24 40
24 40
24 39
24 39
24 39
24 39
24 40
24 41
24 41
24 42
25 43
25 44
25 45
25 45
25 46
25 47
25 48
25 49
25 50
25 51
25 51
25 52
25 53
25 54
25 55
25 56
25 56
25 57
25 58
25 59
25 60
25 60
26 61
27 62
27 62
28 62
28 62
29 61
30 61
30 61
31 60
31 59
32 58
33 57
33 56
34 55
34 55
35 54
35 53
36 52
37 51
37 50
38 49
38 49
38 48
39 47
39 46
40 45
40 44
40 43
41 42
41 41
41 41
41 40
42 39
42 38
42 37
42 37
42 36
42 35
42 35
42 36
42 37
42 38
42 39
42 40
43 41
43 42
43 43
43 44
43 45
43 46
43 47
43 48
43 49
43 50
43 51
44 52
44 53
44 54
44 55
44 56
44 57
44 57
45 58
45 59
46 60
46 60
46 60
46 59
46 59
46 58
46 57
46 57
46 56
46 55
46 55
46 54
46 53
46 52
46 52
46 51
47 50
47 49
47 48
47 48
47 47
47 46
47 46
46 45
46 45
46 44
46 44
45 44
44 44
44 44
43 45
43 46
43 46
43 47
42 48
42 49
42 49
41 50
41 51
40 52
40 53
40 53
40 54
40 55
40 56
40 57
40 57
40 58
40 59
40 59
41 60
41 61
41 61
42 61
42 61
43 60
44 60
44 60
45 59
46 58
47 57
47 57
48 56
48 55
49 54
49 54
50 53
50 52
51 51
51 50
51 50
52 49
52 48
52 48
52 47
52 47
52 48
52 48
51 49
51 49
51 50
51 51
51 51
51 52
50 53
50 54
50 54
50 55
50 56
50 56
50 57
50 58
50 58
51 59
51 59
52 58
53 58
53 58
54 57
55 56
56 55
57 54
58 53
58 52
59 51
60 50
61 49
62 48
63 47
63 47
63 47
63 47
62 48
62 48
61 49
61 50
61 50
61 51
60 52
60 53
60 53
60 54
60 55
60 56
60 56
60 57
60 58
60 59
60 59
60 60
60 60
61 61
61 61
62 61
62 61
63 61
63 61
64 60
65 60
65 60
66 59
67 58
67 58
68 57
69 57
70 56
71 56
71 56
72 55
73 55
74 54
74 54
75 54
76 53
77 53
77 53
78 53
79 53
80 53
80 53
81 54
82 54
83 55
83 55
84 55
85 56
86 56
87 56
88 56
89 57
90 57
90 57
91 57
92 57
93 57
94 57
95 56
96 56
97 56
98 56
99 56
