12 42
12 42
12 42
12 42
12 42
12 42
12 42
11 43
11 44
10 45
10 46
10 46
10 47
9 48
9 49
9 49
8 50
7 50
7 50
6 50
5 51
4 51
4 51
3 50
2 50
2 50
1 49
0 49
0 49
0 48
0 47
0 47
0 46
0 45
0 44
0 43
0 43
0 42
0 41
1 40
1 39
1 38
1 37
1 37
1 36
2 35
2 34
2 33
2 32
3 31
3 30
3 29
3 29
3 28
4 27
4 26
4 25
5 24
5 23
5 22
5 21
6 20
6 19
6 19
7 18
7 17
8 16
8 15
9 14
9 13
10 12
10 11
10 11
11 10
11 9
12 8
13 7
13 6
14 5
14 5
15 4
16 3
17 2
17 2
18 1
19 1
20 0
21 0
21 0
22 0
23 0
23 0
24 1
24 2
25 3
25 3
25 4
25 5
26 6
26 7
26 8
26 9
26 9
26 10
26 11
26 12
26 13
25 14
25 15
25 16
25 17
25 18
25 18
25 19
25 20
25 21
25 22
25 23
24 24
24 25
24 26
24 27
24 28
24 29
24 29
24 30
24 31
24 32
24 33
24 34
24 35
23 36
23 37
23 38
23 39
23 40
23 41
23 42
23 42
23 43
23 44
22 45
22 46
22 47
22 48
21 49
21 50
21 51
21 52
20 53
20 54
20 55
20 55
20 56
19 57
19 58
19 59
19 60
18 61
18 62
18 63
18 64
17 65
17 66
17 67
17 67
17 68
16 69
16 70
16 71
15 72
15 73
15 74
15 75
14 76
14 77
14 77
14 78
13 79
13 80
13 81
13 82
12 83
12 84
12 85
12 85
12 86
11 87
11 88
11 89
11 90
10 91
10 92
10 92
9 93
9 94
8 95
8 96
8 96
8 97
7 98
7 99
7 99
6 99
6 99
7 99
7 99
7 99
7 98
7 98
7 97
7 96
7 95
7 94
7 93
7 93
7 92
7 91
7 90
7 89
7 88
7 87
7 86
7 85
7 84
7 84
7 83
7 82
7 81
7 80
7 79
8 78
8 77
8 76
8 75
8 74
8 73
8 73
8 72
8 71
8 70
8 69
9 68
9 67
9 66
9 65
9 64
9 63
9 63
9 62
9 61
9 60
10 59
10 58
10 57
10 56
10 55
10 55
10 54
11 53
11 52
12 51
12 50
12 50
13 49
13 48
14 47
14 46
14 46
15 45
16 44
17 43
18 42
19 41
20 40
21 40
22 39
23 38
24 37
25 36
26 35
26 35
27 34
27 33
27 33
27 33
27 33
27 34
27 35
27 35
27 36
27 37
27 38
27 39
27 40
27 40
27 41
27 42
27 43
27 44
27 45
27 46
27 46
27 47
27 48
27 49
27 50
27 51
27 52
27 52
27 53
27 54
27 55
27 56
27 57
27 57
27 58
27 59
27 59
28 60
28 60
28 60
29 59
29 59
30 58
31 57
31 57
32 56
32 55
33 54
33 54
34 53
34 52
35 51
35 50
35 50
35 49
36 48
36 47
37 46
37 45
37 45
37 44
38 43
38 42
38 41
39 40
39 39
39 39
39 38
40 37
40 36
40 35
41 34
41 33
41 33
41 34
42 35
42 36
43 37
43 38
44 39
44 40
45 41
45 42
46 43
46 44
47 45
47 46
47 46
47 46
47 46
47 45
47 44
47 43
47 43
46 42
46 42
46 41
46 40
46 40
46 39
46 38
46 37
46 37
47 36
47 35
47 35
47 34
47 33
47 33
47 33
46 33
46 33
45 34
45 34
45 35
44 36
44 37
44 37
43 38
43 39
42 40
42 41
41 42
41 43
41 43
41 44
40 45
40 46
40 47
40 48
39 49
39 50
39 50
39 51
38 52
38 53
38 54
37 55
37 56
37 56
36 57
36 58
36 58
36 58
37 58
37 58
38 58
38 58
39 58
39 58
40 57
41 57
42 56
42 56
43 55
43 54
44 53
44 53
45 52
46 51
47 50
47 50
48 49
48 48
49 47
49 46
49 46
50 45
50 44
51 43
51 42
51 42
52 41
52 40
53 39
53 39
53 38
54 37
54 36
54 36
55 36
55 36
55 35
55 35
55 35
55 35
55 36
55 37
55 38
55 38
55 39
55 40
55 41
55 42
55 42
55 43
55 44
54 45
54 46
54 47
54 48
54 48
54 49
54 50
54 51
54 52
54 52
53 53
53 54
53 54
54 55
54 55
54 55
54 56
54 56
55 56
55 56
56 55
56 55
57 54
58 53
58 53
59 52
59 51
60 50
60 50
61 49
61 48
62 47
62 46
63 45
63 45
63 44
64 43
64 42
64 41
64 41
64 40
65 39
65 38
65 37
65 37
66 36
66 36
66 36
66 36
66 37
66 37
66 38
66 39
66 40
66 40
66 41
66 42
65 43
65 44
65 45
65 45
65 46
65 47
65 48
65 49
65 49
65 50
65 50
65 50
66 50
66 50
67 50
67 50
68 50
68 50
69 49
69 48
69 48
70 47
71 46
71 46
71 45
72 44
72 43
72 43
73 42
73 41
74 40
74 40
75 39
75 38
75 38
76 37
76 36
76 36
76 36
76 37
76 37
76 37
76 38
76 39
76 39
76 40
76 41
76 42
76 42
76 43
76 44
76 45
76 46
76 46
76 47
77 48
77 49
77 50
77 50
78 51
78 52
79 53
79 53
80 54
81 55
81 55
82 56
83 56
84 57
84 57
85 57
86 56
87 56
88 56
88 56
89 56
90 55
91 55
92 54
93 54
93 54
94 53
95 52
96 51
97 50
98 49
99 48
