15 52
15 52
14 53
14 53
13 54
13 54
12 55
11 56
11 56
10 57
9 58
9 58
8 58
7 59
6 59
6 59
5 60
4 60
4 60
3 60
2 60
2 60
2 59
1 58
1 57
1 57
1 56
1 55
1 54
1 53
1 52
1 52
1 51
2 50
2 49
2 48
3 47
3 46
3 46
3 45
4 44
4 43
4 42
5 41
5 40
5 39
5 38
6 37
6 36
6 36
7 35
7 34
8 33
8 32
9 31
9 30
10 29
10 28
11 27
11 26
11 26
12 25
12 24
13 23
13 22
14 21
14 20
15 19
15 18
16 17
16 16
16 16
17 15
18 14
18 13
19 12
20 11
21 10
21 9
22 8
22 8
23 7
24 6
25 5
26 4
27 3
27 3
28 2
28 1
29 0
29 0
30 1
30 1
30 2
30 3
30 4
30 5
30 5
30 6
30 7
30 8
30 9
30 10
30 11
30 12
30 12
30 13
30 14
30 15
29 16
29 17
29 18
29 19
29 20
29 21
29 22
28 23
28 24
28 25
28 26
28 26
28 27
28 28
27 29
27 30
27 31
27 32
27 33
26 34
26 35
26 36
26 37
26 38
26 39
25 40
25 41
25 42
25 42
25 43
25 44
24 45
24 46
24 47
24 48
24 49
23 50
23 51
23 52
23 53
22 54
22 55
22 56
22 57
22 58
21 59
21 60
21 61
21 61
21 62
20 63
20 64
20 65
19 66
19 67
19 68
18 69
18 70
18 71
17 72
17 73
17 74
16 75
16 76
16 76
16 77
15 78
15 79
14 80
14 81
14 82
13 83
13 84
12 85
12 86
12 86
12 87
11 88
11 89
10 90
10 91
9 92
9 93
9 93
8 94
7 95
7 96
6 97
5 98
5 98
4 98
3 99
2 99
2 99
1 98
1 98
1 97
1 96
0 95
0 94
0 93
0 93
0 92
0 91
0 90
0 89
0 88
0 87
0 86
0 85
0 84
0 84
0 83
0 82
0 81
0 80
0 79
0 78
0 77
0 76
0 75
0 74
0 73
0 72
0 71
0 71
0 70
1 69
1 68
1 67
2 66
2 65
2 64
2 63
3 62
3 61
3 60
4 59
4 58
4 58
5 58
6 58
7 58
8 58
9 58
10 58
11 58
12 58
13 58
14 59
15 59
16 59
17 59
18 59
19 59
20 59
21 59
22 59
23 59
23 59
23 58
23 57
23 56
23 55
23 55
23 54
23 54
23 55
23 55
23 55
23 56
24 57
24 58
24 59
24 59
24 60
24 61
24 62
24 63
24 64
24 64
24 65
24 66
24 67
24 68
24 69
24 69
24 70
24 71
24 72
24 72
25 73
25 73
26 73
27 73
27 73
28 72
29 71
30 70
30 70
31 69
31 68
32 67
32 66
33 65
33 65
34 64
34 63
35 62
35 61
36 60
36 59
37 58
37 57
37 57
37 56
38 55
38 54
39 53
39 52
40 51
40 50
40 50
40 51
41 52
41 53
41 54
42 55
42 56
42 57
42 58
43 59
43 60
43 60
44 61
45 62
46 62
47 63
47 63
48 63
48 63
48 63
48 63
48 62
48 61
48 61
48 60
48 59
48 59
48 58
48 57
48 57
47 56
47 55
47 55
46 55
45 55
45 55
44 55
43 55
43 55
42 56
41 57
41 57
40 58
40 59
39 60
39 61
39 61
39 62
38 63
38 64
38 64
38 65
38 66
38 67
38 68
38 68
38 69
38 70
38 70
39 71
39 72
39 72
40 72
41 71
42 71
42 71
43 70
44 69
45 69
46 68
46 68
47 67
48 66
48 65
49 64
49 64
50 63
51 62
51 61
52 60
52 60
53 59
54 58
54 58
54 57
54 57
54 57
54 58
54 58
53 59
53 60
53 60
53 61
52 62
52 63
52 63
52 64
51 65
51 66
51 66
52 67
52 68
52 68
53 69
53 69
54 69
54 69
55 69
56 69
56 69
57 69
58 68
59 68
59 68
60 67
61 66
62 65
62 65
63 64
63 63
64 62
64 62
65 61
65 60
65 60
65 59
65 59
64 60
64 60
63 61
63 61
62 62
62 63
62 63
61 64
61 65
61 65
61 66
60 67
60 68
60 68
60 69
60 70
60 71
60 71
61 72
62 72
62 72
63 72
64 72
64 72
65 71
66 71
67 70
68 70
68 70
69 69
70 69
71 68
72 67
73 66
74 66
75 65
75 65
76 64
77 64
78 63
79 62
80 61
81 61
82 60
83 59
84 58
85 58
86 57
86 57
87 56
88 56
89 55
90 54
91 54
92 53
93 52
94 51
95 51
96 50
97 49
98 49
99 48
