26 39
26 39
25 39
25 39
25 40
25 40
24 41
24 41
24 42
24 43
24 44
24 44
24 45
23 46
23 47
23 48
23 48
22 49
22 50
22 50
21 51
21 52
21 52
21 52
21 52
21 51
21 50
21 49
21 49
21 48
21 47
21 46
21 45
21 45
21 44
21 43
21 42
22 41
22 40
22 39
22 38
22 37
22 37
22 36
23 35
23 34
23 33
23 32
24 31
24 30
24 30
24 29
25 28
25 27
25 26
25 25
26 24
26 23
26 22
26 22
26 21
27 20
27 19
27 18
27 17
28 16
28 15
28 14
28 14
28 13
28 12
29 11
29 10
29 9
29 9
29 8
30 7
30 6
31 5
31 4
31 4
32 3
32 2
32 2
33 1
33 0
33 0
33 0
33 1
33 2
33 2
33 3
34 4
34 5
34 6
34 6
34 7
34 8
33 9
33 10
33 11
33 12
33 12
33 13
33 14
33 15
33 16
32 17
32 18
32 19
32 20
32 21
32 22
32 22
32 23
32 24
32 25
31 26
31 27
31 28
31 29
31 30
31 31
31 32
30 33
30 34
30 35
30 36
30 36
30 37
30 38
29 39
29 40
29 41
29 42
29 43
28 44
28 45
28 46
28 47
28 48
27 49
27 50
27 51
27 51
27 52
27 53
26 54
26 55
26 56
26 57
26 58
25 59
25 60
25 61
25 62
25 63
24 64
24 65
24 66
24 66
24 67
23 68
23 69
23 70
23 71
22 72
22 73
22 74
22 75
21 76
21 77
21 78
21 78
21 79
20 80
20 81
19 82
19 83
19 84
18 85
18 86
17 87
17 88
17 88
16 89
16 90
15 91
15 92
14 93
14 94
14 94
13 95
12 96
11 96
10 97
10 97
9 98
8 98
7 99
6 99
6 99
5 99
4 99
3 99
2 99
2 99
1 98
1 97
0 96
0 96
1 95
2 94
3 93
4 92
5 91
6 90
7 89
8 88
9 87
10 86
11 85
12 84
13 83
14 82
15 81
16 80
17 79
18 78
18 77
19 76
20 75
21 74
22 73
23 72
24 71
25 70
26 69
27 68
28 67
29 66
30 65
31 64
32 63
33 62
34 61
35 60
35 60
35 59
35 58
35 57
35 56
34 55
34 54
34 53
34 52
34 51
34 50
34 49
34 48
34 47
34 46
33 45
33 44
33 43
33 42
33 41
33 40
33 39
33 38
33 37
33 36
32 35
32 34
32 33
32 32
32 31
32 31
33 30
33 29
33 29
33 29
32 30
32 30
32 31
32 32
32 32
32 33
32 34
32 35
32 36
32 37
32 38
32 39
32 39
32 40
32 41
32 42
31 43
31 44
31 45
31 46
31 46
31 47
31 48
31 49
31 50
31 51
31 52
31 53
31 54
31 54
31 55
31 56
31 57
31 57
32 58
32 58
33 58
33 58
34 57
35 56
35 55
36 54
36 54
36 53
37 52
37 51
37 50
38 49
38 48
38 47
39 46
39 45
39 45
39 44
40 43
40 42
40 41
40 40
41 39
41 38
41 37
41 36
42 35
42 34
42 34
42 33
42 32
42 31
43 30
43 29
43 28
43 27
43 27
43 26
44 25
44 24
44 23
44 23
44 24
45 25
45 26
45 27
45 28
46 29
46 30
46 31
46 32
47 33
47 34
47 35
47 36
48 37
48 38
48 39
48 40
49 41
49 42
49 43
49 44
50 45
50 46
50 46
51 46
52 46
53 46
54 46
55 46
55 46
54 45
54 45
55 44
55 44
55 43
55 42
55 41
55 41
55 40
55 39
55 38
55 38
55 37
55 36
55 35
55 35
55 34
54 33
54 32
54 32
54 31
54 30
54 29
54 29
53 28
53 28
52 28
52 28
51 29
51 29
50 30
50 31
49 32
49 32
48 33
48 34
47 35
47 36
47 36
47 37
47 38
46 39
46 40
46 41
46 42
46 42
46 43
45 44
45 45
45 46
45 46
45 47
45 48
45 49
45 49
45 50
45 51
45 51
46 51
47 51
47 51
48 50
49 50
50 49
50 49
51 48
52 47
52 46
53 45
53 45
53 44
54 43
54 42
55 41
55 40
55 40
56 39
56 38
57 37
57 36
58 35
58 35
59 34
59 33
59 33
59 33
59 34
59 34
59 35
59 36
59 36
59 37
58 38
58 39
58 40
58 40
58 41
58 42
57 43
57 44
57 45
57 45
57 46
56 47
56 48
56 49
56 49
56 50
56 50
57 51
57 51
58 51
58 51
59 50
60 50
61 49
61 49
62 48
63 47
64 46
64 46
65 45
66 44
66 43
67 42
67 42
68 41
68 40
69 39
69 39
70 38
70 37
70 37
71 38
71 38
71 38
71 39
70 40
70 41
70 41
70 42
70 43
70 44
70 44
70 45
69 46
69 47
69 47
69 48
69 49
69 49
70 50
70 50
71 50
71 50
72 49
73 49
74 48
75 48
75 48
76 47
77 46
78 45
79 44
79 44
80 43
81 42
82 41
82 40
83 39
84 38
85 37
85 37
86 36
87 35
88 34
89 33
90 32
91 31
91 31
92 30
93 30
94 29
95 28
96 28
97 27
98 27
99 26
