32 45
32 45
32 45
32 45
31 46
30 46
30 46
29 47
29 48
29 48
28 49
28 50
27 51
27 51
26 52
26 53
25 54
25 54
24 55
23 56
23 56
22 57
21 57
21 57
20 58
19 58
19 58
18 57
17 57
17 57
16 56
15 55
15 55
14 54
14 53
14 53
14 52
14 51
13 50
13 49
13 48
13 48
13 47
13 46
13 45
13 44
13 43
13 42
13 42
13 41
14 40
14 39
14 38
14 37
15 36
15 35
15 34
15 34
15 33
16 32
16 31
16 30
16 29
17 28
17 27
17 26
17 26
18 25
18 24
19 23
19 22
20 21
20 20
21 19
21 19
22 18
22 17
23 16
24 15
24 14
25 13
25 12
26 11
26 11
27 10
28 9
28 8
29 7
30 6
30 6
31 5
32 4
32 3
33 2
33 2
34 1
35 1
36 0
36 0
37 1
37 2
37 2
37 3
37 4
37 5
37 6
37 6
37 7
37 8
37 9
37 10
37 11
37 12
37 13
37 14
37 15
37 15
37 16
37 17
37 18
36 19
36 20
36 21
36 22
36 23
36 24
35 25
35 26
35 27
35 28
35 28
35 29
35 30
34 31
34 32
34 33
34 34
34 35
33 36
33 37
33 38
33 39
33 40
32 41
32 42
32 43
32 43
32 44
32 45
31 46
31 47
31 48
31 49
31 50
30 51
30 52
30 53
30 54
30 55
29 56
29 57
29 58
29 58
29 59
28 60
28 61
28 62
27 63
27 64
27 65
27 66
26 67
26 68
26 69
25 70
25 71
25 71
25 72
24 73
24 74
24 75
24 76
23 77
23 78
23 79
23 80
22 81
22 82
22 82
21 83
21 84
20 85
20 86
19 87
19 88
18 89
18 89
17 90
17 91
16 92
15 93
15 94
14 95
14 95
13 96
12 97
12 98
11 99
11 99
10 99
9 99
8 99
7 99
7 99
6 98
5 97
4 96
4 96
4 95
3 94
3 93
2 92
2 91
2 91
2 90
1 89
1 88
1 87
1 86
0 85
0 84
0 83
0 83
1 82
2 82
3 81
4 80
5 80
6 79
7 78
8 78
9 77
10 76
11 76
12 75
13 74
14 74
15 73
16 72
17 72
18 71
19 70
20 70
21 69
22 69
23 68
24 67
25 67
26 66
27 65
28 65
29 64
30 63
31 63
32 62
33 61
34 61
35 60
36 59
37 59
38 58
38 58
37 57
37 56
37 56
37 55
36 54
36 53
36 53
35 52
35 52
35 51
35 51
35 51
35 51
35 52
35 53
35 53
35 54
36 55
36 56
36 57
36 57
36 58
36 59
36 60
36 61
36 62
36 63
36 63
36 64
37 65
37 66
37 67
37 67
37 68
38 69
38 70
38 70
39 71
39 71
40 70
41 69
42 68
42 68
43 67
43 66
44 65
44 64
45 63
45 63
45 62
46 61
46 60
47 59
47 58
48 57
48 56
49 55
49 54
49 54
49 53
50 52
50 51
50 50
51 49
51 48
51 47
52 46
52 45
52 45
52 44
53 43
53 42
54 41
54 40
54 40
54 41
54 42
54 43
54 44
54 45
54 46
54 47
54 48
54 49
54 50
54 51
54 52
55 53
55 54
55 55
55 56
55 57
55 58
55 59
55 60
55 61
55 62
55 63
55 64
55 65
55 65
56 66
57 66
58 67
59 67
59 67
59 66
59 65
59 65
60 64
60 63
60 63
61 62
61 61
61 61
61 60
62 59
62 58
62 58
62 57
62 56
62 55
62 54
62 54
62 53
63 52
63 51
63 50
63 50
63 49
62 48
62 47
62 47
62 46
61 45
61 44
61 44
60 43
59 43
59 43
58 43
57 44
56 44
56 44
55 45
54 46
53 46
52 47
52 47
51 48
51 49
50 50
50 51
50 51
50 52
49 53
49 54
48 55
48 56
48 56
48 57
48 58
47 59
47 60
47 61
47 62
47 62
47 63
47 64
47 65
47 66
47 67
47 67
48 68
48 69
49 70
49 70
50 71
51 71
51 71
52 71
53 70
54 70
54 70
55 69
56 68
57 67
57 67
58 66
58 65
59 64
59 63
59 63
60 62
60 61
61 60
61 59
62 58
62 58
63 57
63 56
63 56
63 55
63 55
62 55
62 55
62 56
62 56
62 57
62 57
62 58
62 59
61 60
61 61
61 62
61 62
61 63
60 64
60 65
60 65
60 66
61 67
61 68
61 68
62 69
62 70
62 70
63 70
63 70
64 69
65 69
65 69
66 68
66 67
67 66
67 66
68 65
68 64
69 63
69 62
69 62
70 61
71 60
71 59
72 58
72 58
73 57
73 56
74 55
74 54
74 54
75 53
75 52
75 52
75 51
75 50
75 50
75 49
75 49
74 49
74 49
74 49
74 50
74 50
74 51
74 52
74 52
74 53
73 54
73 55
73 55
73 56
73 57
73 58
73 59
73 59
73 60
72 61
72 62
72 62
72 63
72 64
72 65
72 65
72 66
72 67
72 67
72 68
72 68
73 68
73 68
74 67
75 67
75 67
76 66
76 65
77 64
77 63
78 62
78 62
79 61
79 60
80 59
80 58
81 57
81 57
81 56
82 55
82 54
82 53
83 52
83 51
83 51
84 50
85 49
85 49
86 49
86 49
86 50
86 50
86 51
86 52
85 53
85 54
85 55
85 55
85 56
85 57
85 58
85 59
85 60
85 61
85 62
85 63
85 63
85 64
85 65
85 66
85 67
85 68
85 69
85 70
85 71
85 72
85 72
85 73
86 74
86 75
87 76
87 77
87 77
88 77
89 78
90 78
91 78
91 78
92 78
93 78
94 78
95 77
96 77
97 77
98 77
99 77
