0 9
1 8
1 8
1 8
1 8
1 9
1 9
1 10
1 11
1 11
1 12
1 13
1 14
1 15
1 15
1 16
1 17
1 18
1 19
1 20
1 20
1 21
1 22
1 23
2 24
2 25
2 26
2 27
2 27
2 28
2 29
3 30
3 31
3 32
3 33
4 34
4 35
4 36
4 36
4 37
4 38
4 39
4 40
5 41
5 42
5 43
5 44
5 45
5 46
5 46
5 47
5 48
5 49
6 50
6 51
6 52
6 53
6 53
6 54
6 55
6 56
7 57
7 58
7 59
7 60
7 60
7 61
7 62
7 63
7 64
7 65
7 66
7 66
7 67
7 68
7 69
7 70
7 70
7 71
7 72
7 73
7 73
7 74
7 75
7 75
7 76
7 76
7 75
7 75
7 74
7 74
7 73
7 72
7 71
7 70
7 69
7 68
7 67
7 66
7 65
7 64
7 63
7 62
7 61
7 60
6 59
6 58
6 57
6 56
6 55
6 54
6 53
6 52
6 51
6 50
6 49
6 48
6 47
6 46
6 45
6 44
6 43
6 42
6 41
6 40
6 39
6 38
6 37
6 36
6 35
6 34
6 33
6 32
6 31
6 30
5 29
5 28
5 27
5 26
5 25
5 24
5 23
5 22
5 21
5 20
5 19
5 18
5 17
5 16
5 15
5 15
5 14
6 13
6 12
6 12
5 11
5 11
4 11
3 11
3 11
2 10
2 10
1 10
1 10
0 10
0 10
0 10
0 10
1 9
1 9
2 9
3 9
3 9
4 9
5 9
5 9
6 9
7 10
8 10
8 10
9 10
10 10
11 10
11 10
12 10
13 10
14 10
14 10
15 10
15 10
16 10
16 10
16 11
16 11
15 12
14 13
14 13
13 14
12 15
12 15
11 16
10 17
9 17
8 18
8 18
7 19
7 20
6 21
6 21
5 22
4 22
3 23
3 23
2 24
1 24
1 24
1 25
1 25
1 25
2 25
2 25
3 25
4 25
4 25
5 25
6 25
7 25
7 25
8 25
9 26
10 26
10 26
11 26
12 26
13 26
13 26
14 27
15 27
15 27
16 28
16 29
16 29
16 30
16 31
16 31
15 32
15 33
15 33
14 34
14 35
13 36
13 36
12 37
12 38
11 39
11 39
10 40
9 40
8 41
8 41
7 42
6 43
6 43
5 44
5 44
5 44
6 43
7 42
8 41
8 40
9 39
10 38
11 37
12 36
13 35
14 34
15 33
15 32
16 31
17 30
18 29
19 28
20 27
21 26
21 25
22 24
23 23
24 22
25 21
26 20
27 19
28 18
28 17
29 16
30 15
31 14
31 14
30 15
30 15
30 15
30 15
30 15
30 14
30 14
31 13
31 13
32 12
33 12
34 11
34 11
35 10
36 9
36 9
37 9
38 8
39 8
40 8
40 8
41 8
42 7
43 7
43 7
44 7
45 6
46 6
47 6
47 6
48 5
49 5
49 5
50 5
50 5
50 5
50 5
49 6
48 6
47 7
46 7
45 8
44 9
43 9
42 10
41 10
40 11
39 12
38 12
37 13
36 14
35 14
34 15
33 15
32 16
31 17
30 17
29 18
28 18
27 19
27 19
26 20
26 21
25 22
25 22
25 21
25 21
26 22
26 22
27 23
27 24
27 24
28 25
29 26
29 26
30 27
31 28
32 29
32 29
33 30
33 31
34 32
34 32
35 33
36 34
36 34
37 35
38 36
38 36
39 37
40 38
40 38
40 39
40 39
41 40
41 40
41 40
40 40
40 40
39 40
39 40
38 39
38 39
37 38
37 38
36 37
36 37
36 36
36 35
36 35
35 34
35 33
35 33
35 32
35 31
35 30
35 30
35 29
36 28
36 27
36 27
36 26
36 25
36 25
37 24
38 23
38 23
39 22
40 21
40 21
41 20
42 20
43 19
43 19
44 19
45 18
46 18
47 18
47 18
48 18
49 18
50 18
51 18
51 18
52 18
53 19
54 19
55 19
55 19
56 19
57 20
58 20
58 20
59 21
59 22
59 22
60 23
60 24
60 24
60 25
60 26
60 27
60 27
59 28
59 29
58 30
58 30
57 31
56 32
56 32
55 33
55 34
54 35
54 35
53 36
52 37
51 37
50 38
50 38
49 39
48 39
47 40
47 40
46 41
45 41
44 42
44 42
43 42
42 43
41 43
41 43
40 43
39 43
39 43
38 43
37 43
37 43
37 42
37 42
37 41
37 40
37 40
38 39
38 38
38 38
39 37
40 36
41 35
41 35
42 34
43 34
44 33
44 33
45 32
46 32
47 31
47 31
48 30
49 30
50 29
51 29
51 29
52 29
53 28
54 28
55 28
55 28
56 27
57 27
57 27
58 27
59 27
59 27
59 27
58 27
58 27
57 27
57 27
56 26
56 25
55 24
55 23
54 22
54 21
53 20
53 19
52 18
52 17
51 16
51 15
50 14
49 13
49 12
48 11
48 10
47 9
47 8
46 7
46 6
45 5
45 4
44 3
44 2
43 1
43 1
44 1
44 1
43 0
43 0
43 1
43 1
43 2
43 2
43 3
43 3
44 4
44 5
44 5
44 6
44 7
44 8
44 8
44 9
44 10
45 11
45 12
45 13
45 13
45 14
45 15
45 16
45 17
46 18
46 19
46 20
46 21
46 22
46 22
46 23
46 24
46 25
46 26
47 27
47 28
47 29
47 30
47 31
47 32
47 32
47 33
47 34
48 35
48 36
48 37
48 38
48 39
48 40
49 41
49 42
49 43
49 44
49 44
49 45
49 46
49 47
49 48
49 49
49 50
49 51
49 52
49 53
49 54
49 55
49 56
49 56
49 57
49 58
49 59
49 60
49 61
49 62
49 63
49 64
49 65
49 66
49 67
49 67
49 68
49 69
49 70
48 71
48 72
48 73
48 74
48 75
48 75
48 76
48 77
48 78
47 79
47 80
47 81
47 82
47 82
47 83
47 84
46 85
46 86
46 87
46 87
46 88
46 89
45 90
45 91
45 92
45 92
45 93
44 94
44 95
44 96
44 96
44 97
44 98
44 99
44 99
45 99
45 99
45 99
45 98
45 97
45 96
45 95
45 94
45 93
45 92
45 91
45 90
45 89
45 88
45 87
45 86
45 85
45 84
45 83
45 82
45 81
45 80
45 79
45 78
45 77
45 76
45 75
45 74
46 73
46 72
46 71
46 70
46 69
46 68
46 67
46 66
46 65
46 64
46 63
46 62
46 61
46 60
46 59
46 58
46 57
46 56
46 55
46 54
46 53
46 52
46 51
46 50
46 49
46 48
46 47
46 47
47 46
47 45
47 45
46 45
46 45
45 45
45 45
44 45
44 45
43 46
43 46
42 47
42 48
42 48
41 49
40 50
40 50
39 51
39 52
38 53
38 54
38 54
38 55
37 56
37 57
36 58
36 59
36 59
36 60
35 61
35 62
34 63
34 64
33 65
33 66
33 66
33 67
32 68
32 69
32 70
31 71
31 72
31 72
30 73
30 74
29 75
29 76
28 77
28 77
28 78
27 79
27 80
27 80
26 81
25 81
25 81
24 81
23 81
23 81
23 80
23 80
24 79
24 78
24 78
24 77
25 76
25 75
25 75
26 74
26 73
27 72
27 71
27 71
28 70
28 69
29 68
29 67
29 67
30 66
31 65
32 64
32 64
33 63
34 62
34 61
35 60
35 60
36 59
36 58
37 57
37 56
38 55
38 55
39 54
40 53
41 52
41 52
42 51
43 50
44 49
44 49
45 49
46 49
47 49
47 49
48 49
49 49
49 49
50 50
51 50
52 51
52 51
53 52
54 53
55 53
56 54
56 54
57 55
58 56
59 57
59 57
60 58
61 58
62 59
63 59
64 60
64 60
65 61
66 62
67 62
68 63
68 63
69 64
70 64
71 65
72 65
73 66
73 66
74 67
75 67
76 68
77 68
77 68
78 69
79 70
80 70
81 71
81 71
82 72
83 73
84 74
84 74
85 75
86 75
87 76
88 76
88 76
89 76
90 77
91 77
91 77
92 77
93 78
94 78
94 78
95 77
96 77
96 77
97 77
98 76
99 76
