7 18
7 18
6 19
6 19
5 20
5 21
5 21
5 22
5 23
5 24
5 24
5 25
5 26
5 27
5 28
5 29
5 29
5 30
5 31
5 32
6 33
6 34
6 35
6 36
6 36
6 37
6 38
6 39
6 40
7 41
7 42
7 43
7 44
7 45
7 46
7 46
7 47
7 48
7 49
7 50
7 51
7 52
7 53
7 54
7 55
7 56
7 57
7 57
7 58
7 59
7 60
7 61
7 62
7 63
7 64
7 65
7 66
7 67
7 67
7 68
7 69
7 70
7 71
7 72
7 73
7 74
7 75
7 76
7 76
7 77
7 78
7 79
7 80
7 81
7 82
7 82
7 83
7 84
7 85
7 86
7 86
7 87
7 88
7 89
7 89
7 90
7 91
7 91
7 91
7 90
7 90
6 89
6 88
6 88
6 87
6 86
6 85
6 84
6 83
6 82
6 81
5 80
5 79
5 78
5 77
5 76
5 75
5 74
5 73
5 72
5 71
5 70
5 69
5 68
5 67
5 66
4 65
4 64
4 63
4 62
4 61
4 60
4 59
4 58
4 57
4 56
4 55
4 54
4 53
4 52
4 51
4 50
3 49
3 48
3 47
3 46
3 45
3 44
3 43
3 42
3 41
3 40
3 39
3 38
3 37
3 36
3 35
2 34
2 33
2 32
2 31
2 30
2 29
2 28
2 27
2 27
2 26
3 25
3 24
3 23
3 22
4 21
4 20
4 19
4 19
4 18
3 17
3 16
3 16
2 15
2 14
2 14
1 14
1 14
0 14
0 14
0 15
0 15
0 16
0 16
1 16
1 16
2 17
3 17
3 17
4 17
5 16
6 16
6 16
7 16
8 16
9 16
9 16
10 16
11 15
12 15
13 15
13 15
14 15
15 15
15 15
16 15
17 15
17 15
17 16
17 16
17 17
17 18
17 18
16 19
16 20
16 20
15 21
14 22
14 23
13 24
13 24
12 25
11 25
10 26
10 26
9 27
8 28
8 28
7 29
6 30
6 30
5 31
5 31
5 32
5 32
6 32
6 32
7 33
8 33
8 33
9 33
10 33
10 33
11 33
12 34
13 34
13 34
14 34
15 34
16 34
16 34
17 35
18 35
18 35
19 35
20 35
20 35
20 36
20 36
19 37
19 38
19 38
18 39
17 40
17 40
16 41
15 42
15 42
14 43
13 43
12 44
12 44
11 45
10 46
10 46
9 47
8 47
8 47
8 47
8 47
9 46
10 46
10 46
11 45
11 44
12 43
13 42
14 41
14 40
15 39
16 38
17 37
17 36
18 35
19 34
20 33
20 32
21 31
22 30
23 29
23 28
24 27
25 26
26 25
26 24
27 23
28 22
29 21
29 20
30 19
31 18
32 17
32 16
33 15
33 15
32 16
31 16
31 16
30 16
30 16
29 16
28 16
28 16
28 16
29 15
29 15
30 15
31 15
31 15
32 15
33 14
34 14
35 14
35 14
36 14
37 13
38 13
39 13
39 13
40 13
41 12
42 12
43 12
43 12
44 12
45 12
46 12
47 12
47 12
48 12
48 12
49 12
49 12
49 13
49 13
48 14
47 14
46 15
45 15
44 16
43 16
42 17
41 17
40 18
39 18
38 19
37 19
36 20
35 20
34 21
33 21
32 22
31 22
30 23
29 23
28 24
28 24
28 25
27 26
27 27
27 28
27 28
26 29
26 29
26 29
26 30
27 31
27 32
27 32
27 33
28 34
28 35
28 35
29 36
29 37
30 38
30 39
30 39
30 40
31 41
31 42
31 43
31 43
32 44
32 45
32 45
32 46
33 47
33 48
33 48
34 49
34 49
34 50
34 50
34 50
34 50
34 50
33 49
33 49
32 48
32 47
32 47
31 46
31 45
31 45
30 44
30 43
30 43
30 42
30 41
30 40
30 40
31 39
31 38
31 38
31 37
32 36
32 35
32 35
33 34
33 33
34 32
34 32
35 31
36 30
36 30
37 29
38 29
39 28
39 28
40 28
41 27
42 27
42 27
43 27
44 26
45 26
45 26
46 26
47 26
47 26
48 26
49 26
49 26
50 27
51 27
51 27
51 27
51 28
51 29
51 29
51 30
51 31
51 32
51 32
51 33
50 34
50 35
50 35
49 36
48 37
48 38
47 39
47 39
46 40
45 41
45 42
44 43
44 43
43 44
42 45
41 46
41 46
40 47
39 48
38 49
38 49
37 49
36 50
35 50
35 50
34 50
33 50
33 50
32 50
32 50
33 49
33 49
34 48
34 47
34 47
35 46
35 45
36 44
36 44
37 43
38 42
39 41
39 41
40 40
41 39
42 38
42 38
43 37
44 36
45 35
46 34
46 34
47 33
48 32
49 32
50 31
50 31
51 30
52 30
53 29
53 29
54 28
54 28
54 27
54 27
53 26
52 25
51 24
50 23
50 22
49 21
48 20
47 19
46 18
45 17
44 16
43 15
42 14
41 13
41 12
40 11
39 10
38 9
37 8
37 8
37 7
38 6
38 5
38 4
38 4
37 3
37 2
37 2
36 1
36 0
36 0
36 1
36 1
37 2
37 3
37 3
37 4
37 5
37 6
37 6
37 7
37 8
37 9
37 10
37 11
37 11
37 12
37 13
37 14
38 15
38 16
38 17
38 18
38 18
38 19
38 20
38 21
38 22
38 23
38 24
38 25
38 25
38 26
38 27
38 28
38 29
38 30
38 31
38 32
38 33
38 34
38 35
38 35
38 36
38 37
38 38
38 39
38 40
38 41
38 42
38 43
38 44
38 44
38 45
38 46
38 47
38 48
38 49
38 50
38 51
38 52
38 53
38 54
38 54
38 55
38 56
38 57
38 58
37 59
37 60
37 61
37 62
37 63
37 64
37 64
37 65
37 66
37 67
37 68
37 69
37 70
37 71
37 72
37 73
37 73
37 74
37 75
37 76
36 77
36 78
36 79
36 80
36 80
36 81
36 82
36 83
36 84
36 85
36 86
36 87
36 87
36 88
36 89
36 90
36 91
36 91
35 92
35 93
35 93
35 94
35 95
35 95
35 95
35 95
35 95
34 94
34 94
34 93
34 92
34 91
34 90
34 89
34 88
34 87
34 86
34 85
34 84
34 83
34 82
34 81
34 80
34 79
34 78
34 77
34 76
34 75
34 74
34 73
34 72
34 71
34 70
34 69
34 68
34 67
34 66
34 65
34 64
34 63
34 62
34 61
34 60
34 59
34 58
34 57
34 56
34 55
34 54
34 54
34 55
34 55
34 55
33 55
33 55
32 56
32 56
31 57
31 58
31 58
30 59
30 60
29 61
29 61
29 62
28 63
28 64
27 65
27 66
27 66
27 67
26 68
26 69
26 70
25 71
25 72
25 72
24 73
24 74
23 75
23 76
22 77
22 78
22 78
22 79
21 80
21 81
20 82
20 83
19 84
19 85
19 85
18 86
18 87
17 88
17 89
16 90
16 91
16 91
15 92
14 93
14 94
13 95
13 95
12 96
12 97
11 98
11 98
10 99
9 99
9 99
8 99
8 99
8 98
8 98
8 97
9 96
9 95
9 95
10 94
10 93
11 92
11 91
11 91
12 90
12 89
13 88
13 87
13 87
14 86
14 85
15 84
15 83
16 82
16 82
17 81
17 80
18 79
18 78
19 77
19 76
19 76
20 75
20 74
21 73
21 72
22 71
22 71
23 70
23 69
24 68
24 67
25 66
25 65
25 65
26 64
27 63
27 62
28 61
28 61
29 60
30 60
31 59
31 59
32 59
33 58
34 58
34 58
35 58
36 58
37 58
37 58
38 58
39 58
40 58
40 58
41 59
42 59
43 60
44 60
44 60
45 60
46 61
47 61
48 61
48 61
49 62
50 63
51 63
52 64
52 64
53 65
54 66
55 66
56 67
56 67
57 68
58 69
59 69
60 70
60 70
61 71
62 72
63 73
64 74
64 74
65 75
66 76
67 76
68 77
69 78
69 78
70 79
71 80
72 81
73 82
74 83
74 83
75 84
76 84
77 85
78 85
79 86
79 86
80 87
81 87
82 88
83 88
84 89
84 89
85 90
86 90
87 91
88 91
88 91
89 91
90 92
91 92
92 92
92 92
93 92
94 92
95 92
95 92
96 92
97 91
98 91
99 91
