6 19
6 18
6 17
6 17
6 16
6 16
6 16
6 16
6 17
6 18
6 18
6 19
6 20
6 21
6 21
6 22
6 23
6 24
6 25
6 26
6 26
6 27
6 28
6 29
6 30
6 31
6 32
6 33
6 33
6 34
6 35
6 36
6 37
7 38
7 39
7 40
7 41
7 42
7 42
7 43
7 44
7 45
7 46
7 47
7 48
7 49
7 50
7 51
7 51
7 52
7 53
7 54
7 55
7 56
7 57
7 58
7 59
7 60
7 60
7 61
7 62
7 63
7 64
7 65
7 66
7 67
7 68
7 68
7 69
7 70
7 71
7 72
7 72
7 73
7 74
7 75
7 76
7 76
7 77
7 78
7 78
7 79
7 80
7 80
7 81
7 81
7 81
7 80
7 79
7 78
7 77
7 76
7 75
6 74
6 73
6 72
6 71
6 70
6 69
6 68
6 67
6 66
6 65
6 64
6 63
5 62
5 61
5 60
5 59
5 58
5 57
5 56
5 55
5 54
5 53
5 52
5 51
4 50
4 49
4 48
4 47
4 46
4 45
4 44
4 43
4 42
4 41
4 40
4 39
4 38
3 37
3 36
3 35
3 34
3 33
3 32
3 31
3 30
3 29
3 28
3 27
3 26
2 25
2 24
2 23
2 22
2 21
2 20
2 19
2 19
1 19
1 19
0 18
0 18
0 18
0 18
1 18
1 18
2 18
2 18
3 18
4 17
5 17
5 17
6 17
7 16
8 16
8 16
9 16
10 15
11 15
12 15
12 15
13 15
14 15
15 15
15 15
16 15
17 15
17 15
18 16
19 16
19 16
19 17
19 18
19 18
19 19
19 20
19 20
19 21
18 22
18 23
18 23
17 24
17 25
16 26
16 26
15 27
14 27
13 28
13 28
12 29
11 30
11 30
10 31
10 32
10 32
9 33
9 33
9 33
10 34
10 34
11 34
11 34
12 34
13 34
14 34
14 34
15 34
16 34
16 34
17 34
18 34
19 34
19 34
20 35
20 35
21 35
21 35
20 36
20 37
20 37
20 38
19 39
19 40
19 40
18 41
18 42
17 43
17 43
16 44
16 45
15 46
15 46
14 47
14 48
13 49
13 49
12 50
12 51
12 51
11 51
11 51
11 51
12 51
12 51
13 50
13 50
13 49
14 48
14 47
15 46
15 45
16 44
16 43
17 42
17 41
18 40
18 39
19 38
19 37
20 36
20 35
21 34
21 33
22 32
22 31
22 30
23 29
23 28
24 27
24 26
25 25
25 24
26 23
26 22
27 21
27 20
28 19
28 18
29 17
29 16
30 15
30 14
31 13
31 12
31 12
30 13
29 14
29 14
28 14
28 14
27 13
27 13
26 13
26 13
27 13
27 13
28 12
28 12
29 11
30 11
30 11
31 10
32 9
33 8
33 8
34 7
35 7
36 6
37 6
37 6
38 6
39 5
40 5
40 5
41 4
42 4
42 4
43 4
43 4
44 4
44 4
44 5
44 5
43 6
43 6
42 6
42 6
41 7
40 8
39 8
38 9
37 10
36 11
35 11
34 12
33 13
32 14
31 14
30 15
29 16
29 16
28 17
27 18
27 19
26 20
26 20
25 21
25 21
25 22
25 23
25 23
25 24
25 25
25 26
25 26
25 27
26 28
26 29
26 30
26 30
26 31
27 32
27 33
27 34
27 34
27 35
28 36
28 37
28 38
28 38
28 39
29 40
29 41
29 41
29 42
30 43
30 44
30 44
31 45
31 45
32 46
32 46
32 46
32 46
32 46
31 45
31 45
30 44
30 44
29 43
29 42
29 42
29 41
29 40
29 40
29 39
29 38
29 38
29 37
29 36
29 36
29 35
29 34
29 34
30 33
30 32
30 32
31 31
31 30
31 30
32 29
32 28
32 28
33 27
34 26
34 26
35 26
36 25
37 25
37 25
38 24
39 23
39 23
40 23
41 23
41 23
42 23
43 23
44 23
44 23
45 24
45 24
45 25
45 25
45 26
45 27
45 28
45 28
45 29
45 30
45 31
45 31
45 32
44 33
44 34
44 34
43 35
43 36
42 37
42 37
42 38
41 39
41 40
41 40
40 41
40 42
39 43
39 43
38 44
37 45
37 45
36 46
35 47
35 47
34 48
34 49
34 49
33 49
32 49
32 49
31 49
31 49
31 48
31 48
31 47
31 46
31 46
31 45
32 44
32 43
32 43
33 42
33 41
34 40
34 39
34 39
35 38
35 37
36 36
36 36
37 35
38 35
39 34
39 34
40 33
41 32
41 32
42 31
43 31
43 31
43 30
43 30
44 30
44 30
43 30
43 30
43 30
42 30
42 30
42 29
42 28
41 27
41 26
41 25
41 24
40 23
40 22
40 21
40 20
40 19
39 18
39 17
39 16
39 15
38 14
38 13
38 12
38 11
38 10
37 9
37 8
37 7
37 6
36 5
36 4
36 3
36 3
36 2
36 1
36 0
36 0
36 1
36 1
36 2
36 3
36 3
36 4
36 5
36 6
36 7
36 7
36 8
36 9
36 10
36 11
36 12
36 13
36 13
36 14
36 15
36 16
36 17
36 18
36 18
36 19
36 20
36 21
36 22
36 23
36 24
36 25
36 25
36 26
36 27
36 28
36 29
36 30
36 31
36 32
36 33
36 33
36 34
36 35
36 36
36 37
36 38
36 39
36 40
36 41
36 42
36 43
36 43
36 44
36 45
36 46
36 47
36 48
36 49
36 50
36 51
36 52
36 53
36 54
36 54
36 55
36 56
36 57
36 58
36 59
36 60
36 61
36 62
36 63
36 64
36 64
36 65
36 66
36 67
36 68
36 69
36 70
36 71
36 72
36 73
36 73
36 74
36 75
36 76
35 77
35 78
35 79
35 80
35 81
35 81
35 82
34 83
34 84
34 85
33 86
33 87
33 87
33 88
33 89
33 90
33 91
33 92
33 92
33 93
32 94
32 95
32 95
32 96
32 97
32 97
33 98
33 99
33 99
33 99
33 99
33 98
33 97
33 96
33 95
33 94
33 93
33 92
32 91
32 90
32 89
32 88
32 87
32 86
32 85
32 84
32 83
32 83
32 82
32 81
32 80
32 79
33 78
33 77
33 76
33 75
33 74
33 73
33 73
33 72
34 71
34 70
34 69
34 69
34 68
35 67
35 66
35 65
35 65
35 64
36 63
36 62
36 61
36 61
36 60
36 59
36 58
36 58
36 57
37 56
37 55
37 55
36 54
36 53
36 53
36 52
36 51
36 51
35 50
35 50
35 50
34 51
34 52
34 52
34 53
33 54
33 55
33 55
33 56
32 57
32 58
32 59
31 60
31 61
31 61
31 62
30 63
30 64
30 65
30 66
29 67
29 68
29 68
29 69
28 70
28 71
28 72
28 73
27 74
27 75
27 76
27 76
27 77
26 78
26 79
25 80
25 81
24 82
24 83
24 83
23 84
23 85
22 86
22 87
21 88
21 88
21 89
20 90
20 91
19 92
19 93
19 93
18 94
18 94
17 95
17 95
17 94
17 94
17 93
18 92
18 91
18 91
18 90
18 89
19 88
19 87
19 86
19 86
20 85
20 84
21 83
21 82
22 81
22 80
22 80
22 79
23 78
23 77
24 76
24 75
25 74
25 73
25 73
25 72
26 71
26 70
27 69
27 68
28 67
28 66
28 66
29 65
29 64
30 63
30 62
31 61
31 60
31 60
32 59
33 58
33 57
34 56
34 56
35 55
36 54
36 54
37 54
38 54
39 54
39 54
40 55
41 56
41 56
42 57
43 57
44 58
45 58
45 58
46 59
47 60
48 61
48 61
49 62
50 63
51 63
52 64
52 64
53 65
54 66
55 67
56 68
56 68
57 69
58 70
59 70
60 71
60 71
61 72
62 73
63 73
64 74
65 75
65 75
66 75
67 76
68 76
69 77
70 77
70 77
71 78
72 78
73 79
74 79
75 80
75 80
76 80
77 81
78 81
79 82
80 82
80 82
81 82
82 82
83 83
84 83
85 83
86 83
86 83
87 83
88 83
89 83
90 83
91 83
91 83
92 83
93 82
94 82
95 82
95 82
96 82
97 81
98 81
99 81
