6 12
6 11
5 10
5 9
5 9
5 9
5 9
5 9
5 10
5 10
4 11
4 12
4 12
4 13
4 14
4 15
4 16
4 16
4 17
4 18
4 19
5 20
5 21
5 22
5 23
5 23
5 24
5 25
5 26
6 27
6 28
6 29
6 30
6 31
6 31
6 32
6 33
6 34
6 35
7 36
7 37
7 38
7 39
7 40
7 41
7 41
7 42
7 43
7 44
7 45
7 46
8 47
8 48
8 49
8 50
8 51
8 52
8 52
8 53
8 54
8 55
8 56
8 57
9 58
9 59
9 60
9 61
9 62
9 63
9 63
9 64
9 65
9 66
10 67
10 68
10 69
10 70
10 71
10 71
10 72
10 73
10 74
10 75
10 76
10 77
10 77
10 78
10 79
10 80
10 81
10 81
10 82
10 83
10 84
10 84
10 85
10 85
10 86
10 86
10 85
10 85
10 84
10 83
10 82
10 81
10 80
10 79
9 78
9 77
9 76
9 75
9 74
9 73
9 72
9 71
9 70
9 69
9 68
9 67
8 66
8 65
8 64
8 63
8 62
8 61
8 60
8 59
8 58
8 57
8 56
8 55
8 54
7 53
7 52
7 51
7 50
7 49
7 48
7 47
7 46
7 45
7 44
7 43
7 42
6 41
6 40
6 39
6 38
6 37
6 36
6 35
6 34
6 33
6 32
6 31
6 30
6 29
5 28
5 27
5 26
5 25
5 24
5 23
5 22
5 21
5 20
5 19
5 18
5 17
4 16
4 15
4 14
4 13
4 12
4 11
4 10
4 10
4 10
3 10
2 9
1 9
0 9
0 9
0 9
0 9
1 10
1 10
2 11
2 11
3 11
4 12
5 12
5 12
6 13
7 13
7 13
8 13
9 14
10 14
11 14
11 14
12 14
13 14
13 14
14 14
15 14
16 14
16 14
17 14
18 14
18 14
19 15
19 15
19 16
19 16
19 17
18 18
18 19
18 19
17 20
17 21
16 22
16 22
15 23
14 24
14 25
13 26
13 26
12 27
11 28
11 29
10 30
10 30
9 31
8 31
7 32
7 32
6 33
6 34
6 34
6 35
6 35
7 36
7 36
8 37
9 37
9 37
10 37
11 37
12 37
12 37
13 37
14 38
15 38
15 38
16 39
17 39
17 39
18 40
19 40
19 40
20 41
20 41
19 42
19 43
19 43
19 44
18 45
18 46
18 46
17 47
17 48
16 49
16 49
15 50
14 51
14 51
13 52
12 53
12 53
11 54
11 54
10 54
10 54
10 54
10 53
11 52
11 51
12 50
12 49
13 48
13 47
13 46
14 45
14 44
15 43
15 42
16 41
16 40
16 39
17 38
17 37
18 36
18 35
19 34
19 33
19 32
20 31
20 30
21 29
21 28
21 27
22 26
22 25
23 24
23 23
24 22
24 21
24 20
25 19
25 18
26 17
26 16
27 15
27 14
27 14
26 15
25 15
25 15
24 15
23 15
23 15
23 14
23 14
23 14
23 14
24 13
25 12
25 12
26 11
27 10
27 10
28 9
29 8
29 8
30 7
31 7
31 7
32 7
33 6
34 6
34 6
35 6
36 6
36 6
37 7
37 7
38 8
38 8
38 8
37 9
37 9
36 10
35 11
34 11
33 12
32 13
31 14
30 15
29 15
28 16
27 17
26 18
25 19
24 19
23 20
22 21
22 21
21 22
21 23
20 24
20 24
20 25
20 25
19 25
19 25
20 25
20 25
20 26
20 27
20 27
20 28
21 29
21 30
21 30
22 31
22 32
23 33
23 34
23 34
23 35
24 36
24 37
24 38
24 38
25 39
25 40
26 41
26 42
26 42
26 43
27 44
27 45
27 45
28 46
28 46
29 47
29 47
29 47
29 46
29 46
28 45
28 45
28 44
28 43
28 43
27 42
27 42
26 41
26 40
26 40
26 39
26 39
26 38
26 37
26 36
26 36
26 35
26 34
26 33
26 33
26 32
27 31
27 30
27 30
28 29
28 28
29 27
29 27
30 26
30 25
31 24
31 24
32 24
33 23
34 23
34 23
35 22
36 22
37 21
37 21
38 21
39 21
39 21
40 21
41 20
42 20
42 20
43 21
44 21
44 21
45 22
46 23
46 23
46 24
46 25
46 25
46 26
46 27
46 28
46 28
46 29
45 30
45 31
45 32
45 32
45 33
44 34
44 35
44 36
44 36
43 37
42 38
42 39
41 40
41 40
40 41
40 42
39 43
39 43
38 44
37 45
36 45
35 46
35 46
34 47
33 48
33 48
32 49
31 49
31 49
30 49
29 49
29 49
28 48
28 48
28 47
28 47
29 46
29 45
29 45
29 44
30 43
30 42
30 42
31 41
32 40
33 39
33 39
34 38
35 37
36 36
37 35
37 35
38 34
39 33
40 32
41 31
41 31
42 30
43 29
44 29
45 28
45 28
46 27
47 27
48 26
48 26
49 25
49 24
49 24
49 24
49 25
49 25
48 24
47 23
46 22
45 21
44 20
43 19
42 18
41 17
41 16
40 15
39 14
38 13
37 12
36 11
35 10
34 9
33 8
33 8
33 7
33 6
33 5
33 5
33 4
33 3
33 2
33 2
33 1
33 0
33 0
33 0
33 1
33 1
33 2
33 3
33 4
33 4
33 5
33 6
33 7
33 8
33 9
33 9
33 10
33 11
33 12
33 13
33 14
33 15
33 16
33 16
33 17
33 18
33 19
33 20
34 21
34 22
34 23
34 24
34 25
34 26
34 26
34 27
34 28
34 29
34 30
34 31
35 32
35 33
35 34
35 35
35 36
35 37
35 37
35 38
35 39
35 40
35 41
35 42
36 43
36 44
36 45
36 46
36 47
36 48
36 49
36 49
36 50
36 51
36 52
36 53
36 54
37 55
37 56
37 57
37 58
37 59
37 60
37 61
37 61
37 62
37 63
37 64
37 65
37 66
38 67
38 68
38 69
38 70
38 71
38 72
38 72
38 73
38 74
38 75
38 76
38 77
38 78
38 79
38 80
38 80
38 81
38 82
38 83
38 84
38 85
38 86
38 87
38 87
38 88
38 89
37 90
37 91
37 92
37 92
37 93
37 94
37 95
37 96
37 96
36 97
36 98
36 98
36 99
36 99
36 99
36 99
36 98
36 97
36 96
36 95
36 94
36 93
36 92
36 91
36 90
36 89
36 88
36 87
36 86
36 85
36 84
36 83
36 82
36 81
36 80
36 79
36 78
36 77
35 76
35 75
35 74
35 73
35 72
35 71
35 70
35 69
35 68
35 67
35 66
35 65
35 64
35 63
35 62
35 61
35 60
35 59
35 58
35 57
35 56
35 55
35 54
35 54
35 53
35 52
35 51
35 50
35 50
35 50
35 50
35 50
34 51
34 51
33 52
33 52
33 53
32 54
32 55
32 55
31 56
31 57
30 58
30 59
30 59
29 60
29 61
28 62
28 63
28 63
28 64
28 65
28 66
27 67
27 68
27 69
27 70
27 70
27 71
26 72
26 73
26 74
26 75
25 76
25 77
25 77
25 78
24 79
24 80
24 81
24 82
23 83
23 84
23 84
23 85
22 86
22 87
22 88
22 89
21 90
21 91
21 91
20 92
20 93
19 94
19 95
19 95
19 96
18 97
18 98
18 98
17 98
17 98
17 97
16 96
16 95
16 95
16 94
16 93
16 92
16 92
16 91
16 90
17 89
17 88
17 87
17 87
17 86
17 85
18 84
18 83
18 82
18 81
18 81
18 80
19 79
19 78
20 77
20 76
20 76
20 75
21 74
21 73
21 72
22 71
22 70
22 70
23 69
23 68
24 67
24 66
25 65
25 65
26 64
26 63
27 62
27 61
28 60
28 60
29 59
29 58
30 57
30 56
30 56
31 55
32 55
33 54
33 54
34 53
35 53
35 53
36 53
37 53
38 53
38 53
39 53
40 53
41 53
41 53
42 53
43 54
44 54
44 54
45 55
46 56
47 56
48 57
48 57
49 58
50 58
51 59
51 59
52 60
53 61
54 61
55 62
55 62
55 63
56 64
56 65
57 66
57 67
57 67
58 68
59 69
59 70
60 71
60 71
61 72
61 73
62 74
62 75
63 76
63 76
64 77
65 78
65 79
66 80
66 80
67 81
68 82
69 82
70 83
70 83
71 84
72 84
73 85
74 85
74 85
75 85
76 86
77 86
78 86
78 86
79 86
80 87
81 87
82 87
82 87
83 87
84 87
85 87
86 87
86 87
87 87
88 87
89 87
89 87
90 87
91 87
92 87
92 87
93 87
94 87
95 87
95 87
96 87
97 87
97 87
98 87
99 87
