10 22
9 21
9 20
9 20
9 20
9 21
9 21
8 21
8 21
8 22
8 22
8 23
8 24
8 24
8 25
8 26
8 27
8 28
8 28
8 29
8 30
8 31
8 32
8 32
8 33
8 34
8 35
8 36
8 37
8 38
8 39
8 39
8 40
8 41
8 42
8 43
8 44
8 45
8 46
8 46
8 47
8 48
8 49
8 50
7 51
7 52
7 53
7 54
7 55
7 56
7 56
7 57
7 58
7 59
7 60
7 61
7 62
7 63
7 64
7 65
7 66
7 66
7 67
7 68
7 69
7 70
7 71
6 72
6 73
6 74
6 75
6 76
6 77
6 77
6 78
6 79
6 80
6 81
6 82
6 83
6 84
6 85
6 86
6 86
6 87
6 88
6 89
6 90
6 91
6 92
6 92
6 93
6 94
6 95
6 96
6 97
6 97
7 98
7 99
7 99
8 99
8 99
8 99
8 98
8 97
8 96
8 96
8 95
8 94
8 93
8 92
8 91
7 90
7 89
7 88
7 87
7 86
7 85
7 84
7 83
7 82
7 81
7 80
6 79
6 78
6 77
6 76
6 75
6 74
6 73
6 72
6 71
6 70
6 69
5 68
5 67
5 66
5 65
5 64
5 63
5 62
5 61
5 60
5 59
4 58
4 57
4 56
4 55
4 54
4 53
4 52
4 51
4 50
4 49
4 48
3 47
3 46
3 45
3 44
3 43
3 42
3 41
3 40
3 39
3 38
3 37
2 36
2 35
2 34
2 33
2 32
2 31
2 30
2 29
2 28
2 27
2 26
1 25
1 24
1 23
1 22
1 21
1 20
1 20
1 19
1 18
1 17
1 17
0 16
0 16
0 15
0 15
0 15
0 14
0 14
1 14
1 14
2 13
3 13
3 13
4 12
5 12
6 11
6 11
7 11
8 10
9 10
9 10
10 10
11 10
12 10
13 10
13 10
14 10
15 10
16 10
16 10
17 10
18 10
18 10
19 11
20 11
20 11
21 12
22 13
22 13
21 14
21 15
21 15
21 16
20 17
20 18
20 19
20 19
19 20
18 21
18 22
17 23
17 23
16 24
16 25
15 26
15 27
14 28
14 28
13 29
12 29
11 30
10 30
10 30
9 31
8 32
8 32
7 33
7 33
7 33
8 33
8 33
9 33
9 33
10 33
11 33
11 33
12 33
13 33
14 33
14 33
15 33
16 34
17 34
18 34
18 34
19 34
20 35
21 35
21 35
22 36
23 36
23 36
24 37
25 38
25 38
25 39
25 40
25 41
25 41
24 42
24 43
24 43
23 44
22 45
22 46
21 47
21 47
20 48
19 48
18 49
18 49
17 50
16 50
15 51
14 51
14 51
13 51
12 52
11 52
11 52
10 52
9 52
8 52
8 52
7 51
7 51
6 50
6 50
7 49
7 48
7 48
8 47
9 46
10 45
11 44
12 43
13 43
14 42
15 41
16 40
17 39
18 38
19 37
20 36
21 35
22 34
23 34
24 33
25 32
26 31
27 30
28 29
29 28
30 27
31 26
32 25
33 25
34 24
35 23
36 22
37 21
37 21
36 22
35 22
34 23
34 23
33 22
32 22
32 22
32 21
32 21
32 21
32 21
33 21
34 21
34 21
35 21
36 20
37 20
37 20
38 19
39 19
40 18
40 18
41 18
42 17
43 17
44 17
44 17
45 17
46 17
47 17
48 17
48 17
49 17
50 17
51 16
52 16
53 16
53 16
54 16
55 16
56 16
56 16
57 16
58 16
58 16
59 16
60 16
60 16
59 17
58 18
57 19
56 20
55 21
54 21
53 22
52 23
51 24
50 25
49 26
48 27
47 28
46 29
45 30
44 30
43 31
42 32
41 33
40 34
39 35
39 35
39 34
39 34
39 34
39 33
39 33
39 33
38 33
38 33
38 34
38 34
38 34
38 35
38 35
38 36
38 37
38 37
38 38
38 39
38 39
39 40
39 41
39 41
39 42
39 43
39 44
39 44
39 45
40 46
40 47
40 47
40 48
40 49
40 50
40 50
40 51
41 52
41 53
41 53
41 54
41 55
41 55
42 56
42 57
42 57
42 58
42 58
43 58
43 58
43 58
43 57
43 57
43 56
43 55
43 55
43 54
43 53
43 52
43 52
42 51
42 50
42 50
42 49
42 48
42 47
42 47
41 46
41 45
41 45
40 44
40 43
40 43
40 42
40 41
40 41
39 40
39 39
39 39
39 38
39 38
39 37
39 36
39 36
39 35
39 34
39 34
40 33
40 33
41 32
41 32
42 31
42 31
43 30
43 30
44 30
45 30
45 30
46 29
47 29
47 29
48 29
49 29
50 29
50 29
51 29
52 28
53 28
53 28
54 28
55 28
56 28
56 28
57 28
58 28
59 28
60 28
60 28
61 28
62 28
62 28
63 29
63 29
64 30
65 30
65 30
66 31
67 31
67 31
68 32
69 32
69 32
69 33
69 33
70 34
70 34
71 35
71 36
71 36
71 37
71 37
71 38
71 39
71 39
71 40
71 41
71 41
70 42
70 42
69 43
69 44
69 44
68 45
68 46
68 46
67 47
67 48
66 49
66 49
65 50
65 51
64 52
64 52
63 53
62 53
61 54
61 54
60 55
59 56
59 56
58 57
58 57
57 58
56 58
56 58
55 58
54 59
53 59
53 59
52 60
51 60
51 60
50 60
49 60
49 60
48 60
48 60
47 60
46 60
46 60
45 59
45 59
44 59
44 59
43 58
43 58
42 57
42 57
41 56
41 56
41 55
41 55
41 54
41 54
41 53
41 53
41 52
41 52
41 51
41 51
41 50
41 49
41 49
42 48
42 48
43 47
44 47
44 47
45 47
46 47
46 47
47 46
48 46
48 46
49 45
50 45
50 45
51 44
52 44
52 44
53 44
54 44
54 44
55 44
56 44
56 44
57 44
58 44
58 44
59 44
59 44
60 43
60 43
61 43
61 43
62 43
62 43
63 43
63 43
63 42
63 42
64 41
64 41
64 40
64 39
64 39
64 38
64 37
64 37
64 36
64 35
64 35
64 34
64 33
64 33
64 32
63 31
63 30
63 30
63 29
63 28
63 27
63 27
63 26
63 25
63 24
63 24
63 23
63 22
63 21
63 20
63 20
62 19
62 18
61 17
61 16
60 15
60 14
59 13
59 12
58 11
58 10
58 10
58 9
58 8
58 7
58 6
58 6
58 5
58 5
58 4
58 4
58 3
58 3
58 2
58 2
58 1
58 1
58 1
58 1
58 1
58 2
58 2
58 3
58 3
58 4
58 5
58 5
58 6
57 7
57 8
57 8
57 9
57 10
57 11
57 12
57 12
57 13
57 14
56 15
56 16
56 17
56 17
56 18
56 19
56 20
55 21
55 22
55 23
55 24
55 24
55 25
55 26
55 27
54 28
54 29
54 30
54 31
54 31
54 32
54 33
54 34
54 35
54 36
54 37
54 38
54 38
54 39
54 40
54 41
54 42
54 43
54 44
54 45
54 46
54 47
54 47
54 48
54 49
54 50
54 51
54 52
54 53
54 54
54 55
54 56
54 57
54 57
54 58
54 59
54 60
54 61
55 62
55 63
55 64
55 65
55 66
55 67
55 67
55 68
55 69
55 70
55 71
55 72
55 73
55 74
55 75
55 76
55 76
55 77
55 78
55 79
55 80
55 81
55 82
55 83
55 83
55 84
55 85
55 86
55 87
55 88
55 89
55 89
55 90
55 91
55 92
55 93
55 94
55 94
55 95
54 96
54 97
54 97
54 98
54 99
54 99
54 99
54 99
53 99
53 99
52 98
52 98
51 97
50 96
50 96
50 95
50 94
50 93
50 92
50 91
50 90
50 89
50 88
50 87
50 86
50 85
50 84
50 83
50 82
50 81
51 80
51 79
51 78
51 77
51 76
51 75
51 74
51 73
51 72
51 71
51 70
51 69
51 68
51 67
51 66
51 65
51 65
51 64
51 63
51 62
51 61
51 60
51 60
50 59
50 59
49 59
48 59
48 59
48 59
47 59
47 59
47 59
46 60
46 60
45 61
45 61
45 62
44 63
44 64
44 64
43 65
43 66
42 67
42 67
41 68
41 69
41 69
40 70
40 71
39 72
39 72
38 73
37 74
36 75
36 75
35 76
35 77
34 78
34 78
33 79
32 80
32 80
31 81
31 82
31 82
31 82
31 82
31 82
32 81
32 81
33 80
33 79
33 79
34 78
34 77
35 76
35 76
35 75
36 74
36 73
36 73
37 72
37 71
38 70
38 70
39 69
40 69
41 68
41 68
42 67
42 66
43 65
43 65
44 64
44 63
45 62
45 62
46 61
47 60
47 60
48 59
48 58
48 58
49 57
50 57
50 57
51 57
51 57
52 57
53 57
53 57
54 57
54 57
55 58
55 58
56 59
56 59
57 60
57 60
58 61
59 61
59 61
60 62
60 62
61 63
61 63
62 64
62 65
62 65
63 66
63 67
63 67
64 68
64 68
65 69
66 69
66 69
67 70
67 71
67 71
68 72
69 73
69 73
70 74
70 75
70 75
71 76
71 77
71 77
71 78
72 79
72 80
72 80
73 81
74 82
74 82
75 83
76 83
76 83
77 83
78 84
79 84
79 84
80 84
81 84
82 84
82 84
83 83
84 83
85 82
85 82
86 81
87 80
88 80
89 79
89 79
90 78
91 77
92 77
93 76
94 75
94 75
95 74
96 73
97 72
97 71
98 70
99 69
