8 18
8 17
8 17
8 16
8 16
9 16
9 16
9 15
9 15
9 15
9 16
9 16
9 17
9 18
9 19
9 19
9 20
9 21
9 22
9 23
9 24
9 25
9 25
9 26
9 27
9 28
8 29
8 30
8 31
8 32
8 32
8 33
8 34
8 35
8 36
8 37
8 38
8 39
8 40
8 41
8 41
8 42
8 43
8 44
8 45
8 46
8 47
8 48
8 49
8 50
8 50
8 51
8 52
8 53
8 54
8 55
8 56
8 57
8 58
8 59
8 59
8 60
8 61
8 62
8 63
8 64
8 65
8 66
8 67
8 67
8 68
8 69
8 70
8 71
8 72
8 73
8 74
8 74
8 75
8 76
8 77
8 78
8 79
8 80
8 80
8 81
8 82
8 83
8 84
8 84
8 85
9 86
9 87
9 87
9 88
9 89
9 89
9 88
9 88
9 87
9 86
9 85
9 84
9 83
9 82
9 81
9 80
8 79
8 78
8 77
8 76
8 75
8 74
8 73
8 72
8 71
8 70
8 69
8 68
8 67
8 66
8 65
8 64
8 63
7 62
7 61
7 60
7 59
7 58
7 57
7 56
7 55
7 54
7 53
7 52
7 51
7 50
7 49
7 48
7 47
7 46
6 45
6 44
6 43
6 42
6 41
6 40
6 39
6 38
6 37
6 36
6 35
6 34
6 33
6 32
6 31
6 30
6 29
5 28
5 27
5 26
5 25
5 24
5 23
5 22
5 21
5 20
5 20
4 19
4 18
3 17
3 17
2 16
1 15
1 15
0 14
0 14
0 14
0 14
0 14
1 14
1 14
2 14
3 14
4 14
4 14
5 14
6 14
7 14
7 14
8 14
9 15
10 15
10 15
11 15
12 15
13 15
14 15
14 15
15 15
16 15
17 15
18 15
18 15
19 15
20 14
21 14
22 14
22 14
23 15
24 15
24 15
24 16
24 16
24 17
24 18
24 18
23 19
23 20
22 21
22 22
22 22
21 23
20 24
19 24
18 25
18 25
17 26
16 27
16 28
15 29
15 29
14 30
13 31
12 32
11 33
11 33
10 34
10 35
9 36
9 36
8 37
7 37
7 37
7 38
7 38
8 38
8 38
9 38
10 38
10 38
11 38
12 38
13 38
13 38
14 38
15 38
16 38
16 38
17 38
18 38
19 38
19 38
20 38
21 38
21 38
22 39
22 40
22 40
22 41
22 41
22 42
21 43
21 44
21 44
20 45
20 46
19 47
19 47
18 48
18 49
17 50
17 51
17 51
16 52
16 53
15 54
15 54
14 55
13 56
13 56
12 57
11 57
11 57
10 58
10 58
11 58
11 58
11 57
11 57
12 56
13 55
13 55
13 54
14 53
14 52
15 51
15 50
16 49
16 48
17 47
17 46
18 45
18 44
19 43
19 42
20 41
20 40
21 39
21 38
22 37
22 36
23 35
23 34
24 33
24 32
25 31
25 30
26 29
26 28
27 27
27 26
28 25
28 24
29 23
29 22
30 21
30 20
31 19
31 18
32 17
32 16
33 15
33 14
34 13
34 12
35 11
35 10
35 10
34 9
34 9
33 8
32 8
32 8
31 8
31 8
31 8
32 8
32 8
33 8
33 8
34 7
35 7
35 7
36 6
37 6
38 5
38 5
39 4
40 4
41 3
41 3
42 2
43 2
44 1
44 1
45 1
46 1
46 1
47 0
47 0
46 1
45 2
44 2
43 3
42 4
41 5
40 5
39 6
38 7
37 8
36 9
35 9
34 10
33 11
32 12
31 12
30 13
29 14
29 14
29 15
29 16
28 17
28 18
28 19
28 19
27 20
27 20
27 21
28 22
28 23
28 23
28 24
28 25
28 26
28 27
28 28
28 28
28 29
28 30
29 31
29 32
29 33
29 34
29 34
30 35
30 36
31 37
31 38
31 38
31 39
32 40
32 41
32 42
32 42
33 43
33 44
34 45
34 45
35 46
35 47
35 47
36 48
36 48
36 48
36 47
36 47
35 46
35 46
34 45
34 45
33 44
32 44
32 44
31 43
31 42
31 42
31 41
31 40
31 40
31 39
31 38
31 37
31 37
31 36
31 35
31 34
31 34
32 33
32 32
33 31
33 30
33 30
34 29
34 28
34 28
35 27
36 26
36 26
37 25
38 25
38 25
39 25
40 24
41 24
41 24
42 23
43 23
43 23
44 23
45 23
46 23
46 23
47 23
47 23
48 24
48 24
48 25
48 26
48 26
48 27
48 28
48 28
48 29
47 30
47 31
47 32
47 32
47 33
46 34
46 35
46 36
46 36
45 37
45 38
44 39
44 40
44 40
44 41
43 42
43 43
43 44
43 44
42 45
41 46
40 47
40 47
39 48
39 49
38 50
38 50
37 51
37 51
36 51
35 51
35 51
35 50
35 50
35 49
35 48
35 48
35 47
35 46
35 46
36 45
36 44
36 44
36 43
37 42
37 41
37 41
38 40
38 39
39 38
39 38
40 37
40 36
41 35
41 34
41 34
42 33
43 32
43 31
44 30
44 30
45 29
46 28
46 28
47 27
47 26
47 26
47 25
47 25
47 24
46 23
46 22
46 21
46 20
45 19
45 18
45 17
44 16
44 15
44 14
43 13
43 12
43 11
43 10
42 9
42 8
42 8
42 7
43 6
43 5
43 4
43 4
43 3
43 3
42 2
42 2
42 2
41 2
41 2
41 3
41 4
41 5
41 5
41 6
41 7
41 8
41 9
41 10
41 10
41 11
41 12
41 13
41 14
41 15
41 16
41 17
41 18
41 18
41 19
41 20
41 21
41 22
41 23
41 24
41 25
41 26
41 27
41 28
41 28
41 29
41 30
41 31
41 32
41 33
41 34
41 35
41 36
41 37
41 38
41 39
41 40
41 40
41 41
41 42
41 43
41 44
41 45
41 46
41 47
41 48
41 49
41 50
41 50
41 51
41 52
41 53
41 54
41 55
41 56
41 57
41 58
41 58
41 59
41 60
41 61
41 62
41 63
41 64
41 65
41 66
41 66
41 67
41 68
41 69
40 70
40 71
40 72
40 73
40 73
40 74
40 75
39 76
39 77
39 78
39 79
39 79
39 80
39 81
39 82
39 83
39 84
39 85
39 85
39 86
39 87
38 88
38 89
38 90
38 90
38 91
37 92
37 93
37 94
37 94
37 95
37 96
37 97
37 98
37 98
37 99
37 99
37 99
36 98
36 97
36 97
36 96
36 95
36 94
36 94
36 93
36 92
36 91
36 90
37 89
37 88
37 87
37 86
37 85
37 84
37 83
37 82
38 81
38 80
38 79
38 78
38 77
38 76
38 75
38 74
39 73
39 72
39 71
39 70
39 69
39 68
39 67
39 66
40 65
40 64
40 63
40 62
40 61
40 60
40 59
40 58
41 57
41 56
41 55
41 54
41 53
41 53
41 52
42 51
42 50
43 49
43 48
43 47
44 46
44 45
44 45
43 44
43 44
42 45
41 45
41 45
40 46
40 47
39 48
39 48
38 49
38 50
37 51
37 52
37 52
37 53
36 54
36 55
36 56
35 57
35 58
35 58
35 59
34 60
34 61
33 62
33 63
33 64
32 65
32 66
32 66
31 67
31 68
30 69
30 70
29 71
29 72
28 73
28 74
28 74
28 75
27 76
27 77
26 78
26 79
25 80
25 81
25 81
24 82
24 83
23 84
22 85
22 86
21 87
21 87
20 88
19 89
19 90
18 91
17 92
17 92
16 93
15 94
15 95
14 96
14 96
13 97
13 98
13 98
12 99
12 99
12 98
12 97
12 97
12 96
13 95
13 94
13 94
13 93
14 92
14 91
15 90
15 89
15 89
16 88
16 87
17 86
17 85
18 84
18 84
19 83
19 82
20 81
20 80
21 79
21 78
21 78
22 77
22 76
23 75
23 74
24 73
24 72
24 72
25 71
25 70
26 69
26 68
27 67
27 66
27 66
28 65
29 64
30 63
31 62
31 62
32 61
33 60
33 59
34 58
34 58
35 58
36 57
37 57
38 57
38 57
39 57
40 58
41 58
42 58
42 58
43 59
44 60
45 61
46 62
46 62
47 63
48 64
49 65
50 66
50 66
51 67
52 68
52 69
53 70
54 71
54 71
55 72
55 73
56 74
57 75
57 76
58 77
58 77
59 78
60 79
61 79
62 80
63 81
63 81
64 81
65 82
66 82
67 82
68 83
69 83
69 83
70 83
71 83
72 84
73 84
74 84
75 84
75 84
76 84
77 84
78 84
79 84
80 84
81 84
81 84
82 84
83 84
84 84
85 83
86 83
87 83
88 83
88 83
89 83
90 83
91 82
92 82
93 82
94 82
94 82
95 82
96 82
97 81
98 81
99 81
