23 11
23 10
22 9
22 8
22 7
22 7
22 6
22 5
22 5
22 4
22 3
22 3
23 2
23 2
24 1
24 1
25 1
26 0
27 0
27 0
28 0
29 0
30 0
31 0
31 0
32 0
33 1
34 1
34 1
35 1
36 1
37 1
38 1
38 1
39 1
40 2
41 2
42 2
42 2
43 3
44 4
44 4
45 5
46 6
46 6
46 7
47 8
47 9
47 9
47 10
48 11
48 12
48 12
48 13
47 14
47 15
47 16
47 16
47 17
47 18
46 19
46 20
46 21
46 21
46 22
46 23
45 24
45 25
45 26
45 26
45 27
44 28
44 29
43 30
43 31
43 31
42 32
42 33
41 34
41 35
40 36
40 36
39 37
39 38
38 39
38 40
38 40
37 41
36 42
36 43
35 44
35 44
34 45
34 46
33 47
33 47
32 48
32 49
31 50
31 50
31 49
31 48
31 47
31 46
31 45
30 44
30 43
30 42
30 41
30 40
30 39
30 38
30 37
30 36
30 35
29 34
29 33
29 32
29 31
29 30
29 29
29 29
30 28
31 27
31 27
31 26
31 26
30 26
30 26
30 27
30 27
30 28
29 29
29 30
29 30
29 31
28 32
28 33
28 34
28 34
27 35
27 36
26 37
26 38
26 38
26 39
25 40
25 41
25 41
24 42
24 43
23 44
23 45
23 45
22 46
22 47
21 48
21 48
20 49
20 50
19 51
19 51
18 52
18 53
17 54
17 54
16 55
16 55
16 56
16 56
16 57
16 57
17 57
17 57
18 56
19 56
19 56
20 56
21 56
22 56
22 56
23 56
24 55
25 55
25 55
26 55
27 55
28 55
28 55
29 55
30 54
31 54
32 54
32 54
33 54
34 54
35 54
35 54
36 54
37 54
38 54
38 54
39 54
40 55
41 55
41 55
42 56
43 56
44 57
44 57
45 58
45 59
45 59
46 60
47 61
47 61
47 62
47 63
47 64
47 64
47 65
47 66
47 67
47 68
47 68
47 69
47 70
47 71
47 71
47 72
46 73
46 74
45 75
45 76
45 76
45 77
44 78
44 79
43 80
43 81
43 81
42 82
42 83
41 84
41 85
41 85
40 86
40 87
39 88
39 89
38 90
38 90
37 91
37 92
36 93
36 93
35 94
35 95
34 96
34 96
33 97
32 98
32 98
31 99
30 99
30 99
29 99
29 99
28 99
27 99
27 99
26 99
26 99
25 98
25 97
25 97
24 96
24 96
23 95
22 94
21 94
20 93
19 92
18 91
17 90
16 89
15 89
14 88
13 87
12 86
11 85
10 85
9 84
8 83
7 82
6 81
5 80
4 80
3 79
2 78
2 78
1 79
0 79
0 79
0 78
0 77
0 77
0 76
0 76
1 76
2 76
2 76
3 76
4 76
5 76
6 76
6 76
7 76
8 75
9 75
9 75
10 75
11 75
12 74
13 74
14 74
14 74
15 73
16 73
17 72
18 72
18 72
19 71
20 71
21 70
22 70
22 70
23 70
24 69
25 69
26 69
26 69
27 68
28 68
29 67
29 67
30 67
31 66
32 66
33 66
33 66
34 66
35 65
36 65
36 65
37 64
38 63
39 62
40 61
41 60
42 59
43 58
44 57
45 56
46 55
47 54
48 53
49 52
50 51
51 50
52 49
53 48
54 47
55 46
55 45
56 44
57 43
58 42
59 41
60 40
61 39
62 38
63 37
64 36
65 35
66 34
67 33
68 32
69 31
70 30
71 29
72 28
73 27
74 26
74 26
75 26
76 25
77 25
77 25
76 24
76 23
76 23
76 22
76 22
76 22
76 23
76 24
76 24
76 25
76 26
76 26
76 27
76 28
76 29
76 30
76 30
76 31
75 32
75 33
75 34
75 34
75 35
75 36
74 37
74 38
74 39
74 39
74 40
74 41
73 42
73 43
73 44
73 44
73 45
72 46
72 47
72 48
72 48
72 49
71 50
71 51
71 52
70 53
70 54
70 54
70 55
69 56
69 57
69 58
69 58
69 59
68 60
68 61
68 62
68 62
68 63
67 64
67 65
67 65
67 66
67 67
67 68
67 68
66 69
66 70
66 70
66 71
66 72
66 72
66 73
66 73
66 72
67 71
67 70
67 69
68 68
68 67
68 66
68 65
69 64
69 63
69 62
70 61
70 60
70 59
71 58
71 57
71 56
71 55
72 54
72 53
72 52
73 51
73 50
73 50
74 49
75 49
75 49
76 48
76 47
76 47
76 47
77 47
77 47
78 47
79 47
79 47
80 47
81 47
81 47
82 47
83 47
84 47
84 47
85 47
86 47
86 47
87 47
88 47
88 47
89 47
90 47
90 47
91 48
91 48
92 48
92 48
91 49
90 50
89 50
88 51
87 52
86 53
85 53
84 54
83 55
82 56
81 56
80 57
79 58
78 59
77 59
76 60
75 61
74 62
73 62
72 63
71 64
70 65
69 65
68 66
67 67
66 68
65 68
64 69
63 70
62 71
61 71
60 72
59 73
58 74
57 74
56 75
55 76
55 76
55 77
54 78
54 79
54 79
54 78
54 77
54 77
55 78
55 78
56 78
57 78
58 78
58 78
59 78
60 78
61 78
62 78
62 78
63 78
64 78
65 77
66 77
67 77
67 77
68 77
69 77
70 77
71 77
72 77
72 77
73 77
74 76
75 76
76 76
76 76
77 76
78 76
79 76
80 76
81 76
81 76
82 76
83 75
84 75
85 75
85 75
86 75
87 75
88 75
88 75
89 75
90 75
91 75
91 75
92 75
93 75
93 75
94 76
95 76
95 76
96 76
97 76
97 76
98 77
98 77
98 77
99 78
99 78
98 78
