15 9
16 8
17 8
17 8
17 7
17 6
17 5
17 5
18 4
18 4
19 3
20 2
20 2
21 2
22 1
23 1
24 1
24 1
25 1
26 0
27 0
27 0
28 0
29 1
30 1
30 1
31 1
32 2
33 2
34 2
34 2
35 3
36 4
36 4
37 5
38 5
39 6
39 6
40 7
40 8
41 9
41 9
42 10
42 11
42 11
42 12
43 13
43 14
43 14
43 15
43 16
43 17
43 17
43 18
43 19
43 20
43 20
43 21
42 22
42 23
42 23
42 24
41 25
41 26
41 27
41 27
41 28
40 29
40 30
39 31
39 32
39 32
38 33
38 34
37 35
37 35
36 36
36 37
35 38
35 39
35 39
34 40
34 41
33 42
33 43
33 43
32 43
31 43
30 43
29 42
28 42
27 42
26 42
25 42
24 42
23 41
22 41
21 41
20 41
20 41
21 40
21 39
22 38
22 37
23 36
23 35
24 34
24 34
24 33
25 32
25 31
25 30
25 30
25 29
25 28
25 28
26 28
26 28
26 28
26 29
26 29
26 30
26 31
26 32
26 32
25 33
25 34
25 34
25 35
24 36
24 37
24 37
24 38
23 39
23 40
23 41
23 41
22 42
22 43
21 44
21 44
20 45
20 46
19 47
19 47
18 48
17 49
17 49
16 50
15 51
15 51
14 52
14 53
14 53
14 54
14 54
14 55
14 55
14 55
15 55
16 55
16 55
17 54
18 54
18 54
19 54
20 54
21 54
21 54
22 54
23 54
24 54
25 54
25 54
26 54
27 54
28 54
28 54
29 54
30 55
31 55
32 55
32 55
33 55
34 56
35 56
35 56
36 56
37 57
38 57
38 57
39 58
40 59
40 59
41 60
42 61
42 61
42 62
43 63
43 64
43 64
43 65
44 66
44 67
44 67
44 68
44 69
44 70
44 71
44 71
44 72
44 73
44 74
44 75
44 75
43 76
43 77
42 78
42 79
42 79
41 80
41 81
40 82
40 83
40 83
39 84
39 85
38 86
38 87
38 87
37 88
36 89
36 90
35 91
35 91
34 92
33 93
32 94
32 94
31 95
30 96
30 96
29 97
28 98
28 98
27 99
26 99
26 99
25 99
25 99
24 99
24 99
24 99
23 98
23 98
22 97
21 96
20 95
19 94
18 93
17 92
16 91
15 90
14 89
13 89
12 88
11 87
10 86
9 85
8 84
7 83
6 82
5 81
5 81
4 82
3 82
3 82
2 81
1 81
1 81
0 80
0 79
0 79
0 78
0 78
0 77
0 77
1 77
2 77
2 77
3 77
4 76
5 76
5 76
6 76
7 75
8 75
8 75
9 75
10 74
11 74
12 74
12 74
13 74
14 74
15 74
16 74
16 74
17 74
18 73
19 73
20 73
21 72
22 72
22 72
23 72
24 72
25 71
26 71
27 71
27 71
28 70
29 69
30 69
31 68
32 67
33 66
34 65
35 64
36 64
37 63
38 62
39 61
40 60
41 59
42 59
43 58
44 57
45 56
46 55
47 55
48 54
49 53
50 52
51 51
52 50
53 50
54 49
55 48
56 47
57 46
58 45
59 45
60 44
61 43
62 42
63 41
64 41
65 40
66 39
67 38
68 37
69 36
70 36
71 35
72 34
73 33
74 32
75 31
76 31
77 30
78 29
78 29
78 29
77 28
77 28
77 29
77 30
77 30
77 31
76 32
76 33
76 33
76 34
76 35
76 36
76 37
76 37
76 38
76 39
75 40
75 41
75 42
75 42
75 43
75 44
75 45
75 46
75 47
75 48
75 48
75 49
75 50
75 51
75 52
75 53
75 53
75 54
75 55
75 56
75 57
75 57
75 58
74 59
74 60
74 61
74 61
74 62
74 63
74 64
74 64
74 65
74 66
74 67
74 67
74 68
73 69
73 70
73 70
73 71
73 72
73 72
73 73
73 73
73 72
73 71
73 70
72 69
72 68
72 67
72 66
72 65
72 64
71 63
71 62
71 61
71 60
71 60
72 59
73 59
74 58
74 58
75 57
75 57
76 56
76 55
76 55
77 55
78 55
78 55
79 55
80 55
80 55
81 55
82 55
82 55
83 55
84 55
85 55
85 55
86 55
87 55
88 55
88 55
89 55
90 55
90 55
91 55
92 55
92 55
93 55
94 55
94 55
94 55
95 55
95 55
94 56
93 56
92 57
91 57
90 58
89 59
88 59
87 60
86 60
85 61
84 62
83 62
82 63
81 63
80 64
79 65
78 65
77 66
76 66
75 67
74 68
73 68
72 69
71 69
70 70
69 70
68 71
67 72
66 72
65 73
64 73
63 74
62 75
61 75
60 76
59 76
58 77
57 78
56 78
55 79
54 79
53 80
53 80
52 81
52 82
52 82
52 81
52 81
53 81
53 81
54 81
55 81
56 81
56 81
57 81
58 81
59 81
60 81
60 81
61 81
62 81
63 80
64 80
65 80
65 80
66 80
67 80
68 79
69 79
70 79
70 79
71 79
72 79
73 79
74 79
75 79
76 79
76 79
77 79
78 79
79 79
80 79
81 79
81 79
82 79
83 79
84 78
85 78
86 78
86 78
87 78
88 78
89 78
89 78
90 78
91 79
92 79
92 79
93 79
94 79
94 79
95 80
96 80
96 80
97 80
97 80
98 81
99 81
