4 10
3 10
3 10
2 9
1 9
1 9
0 8
0 8
0 8
0 7
0 7
0 7
0 6
0 6
1 5
2 5
2 5
3 4
4 4
4 4
5 3
6 2
6 2
7 2
8 2
9 2
9 2
10 2
11 1
12 1
13 1
13 1
14 1
15 1
16 1
16 1
17 1
18 1
19 1
19 1
20 1
21 1
22 1
22 1
23 2
23 2
23 3
24 4
24 5
24 5
24 6
25 7
25 8
25 8
25 9
24 10
24 11
24 12
24 12
24 13
24 14
23 15
23 16
23 17
23 18
23 18
23 19
22 20
22 21
22 22
21 23
21 24
21 24
21 25
20 26
20 27
19 28
19 29
19 29
18 30
18 31
17 32
17 33
17 33
16 34
15 35
15 35
14 34
14 33
13 32
12 31
12 30
11 29
11 28
10 27
9 26
9 25
8 24
8 24
9 25
10 26
10 26
9 25
9 25
9 26
8 27
8 28
8 28
8 29
8 30
7 31
7 32
7 33
7 34
7 34
7 35
6 36
6 37
6 38
6 39
5 40
5 41
5 41
5 42
5 43
4 44
4 45
4 46
4 46
4 47
3 48
3 49
3 50
3 50
3 51
2 52
2 53
2 54
2 54
2 55
2 56
2 56
3 57
3 57
4 58
4 58
5 57
6 57
6 57
7 57
8 56
9 56
9 56
10 55
11 54
12 54
13 53
13 53
14 52
15 52
16 51
17 51
17 51
18 51
19 50
20 50
20 50
21 50
22 49
23 49
23 49
24 49
25 50
26 50
26 50
27 51
28 51
29 52
29 52
30 53
30 54
30 54
31 55
31 56
32 57
32 57
32 58
32 59
32 60
32 61
32 62
32 62
32 63
32 64
32 65
32 66
32 67
32 68
32 68
32 69
32 70
32 71
32 72
32 73
32 74
32 75
32 75
32 76
32 77
32 78
31 79
31 80
31 81
31 82
31 82
31 83
31 84
30 85
30 86
30 87
30 88
30 88
30 89
29 90
29 91
28 92
28 93
28 93
27 94
27 95
26 96
26 97
26 97
25 98
24 98
23 99
23 99
22 99
21 99
21 99
20 99
19 99
18 99
18 99
17 98
16 97
15 96
14 95
13 94
12 93
11 92
10 91
9 90
8 89
7 88
6 87
5 86
4 85
3 84
3 84
2 83
2 83
2 82
2 82
2 81
2 81
3 81
3 81
4 80
4 80
5 79
6 79
6 79
7 78
8 78
9 77
9 77
10 77
11 76
12 76
12 76
13 76
14 75
15 75
15 75
16 74
17 73
18 72
18 71
19 70
20 69
21 68
22 67
23 66
23 65
24 64
25 63
26 62
27 61
28 60
28 59
29 58
30 57
31 56
32 55
33 54
33 53
34 52
35 51
36 50
37 49
38 48
39 47
39 46
40 45
41 44
42 43
43 42
44 41
44 40
45 39
46 38
47 37
48 36
49 35
49 34
50 33
51 32
52 31
53 30
54 29
54 28
55 27
56 26
57 25
58 24
59 23
59 22
60 21
61 20
62 19
62 19
62 18
62 17
62 16
62 16
61 15
61 15
61 14
61 14
61 14
61 15
61 16
61 17
61 17
61 18
61 19
62 20
62 21
62 22
62 22
62 23
62 24
62 25
62 26
62 27
62 28
62 28
62 29
62 30
62 31
62 32
62 33
62 34
62 35
62 36
62 36
62 37
62 38
62 39
62 40
62 41
62 42
62 43
62 44
62 44
62 45
62 46
62 47
62 48
62 49
62 50
62 51
62 51
62 52
62 53
62 54
62 55
62 56
62 57
62 57
62 58
62 59
62 60
62 61
62 62
62 62
62 63
62 64
62 65
62 66
62 66
62 67
62 68
62 68
63 69
63 70
63 70
63 71
63 71
63 70
63 69
63 68
63 67
63 66
64 65
64 64
64 63
64 62
64 61
64 60
64 59
64 58
64 57
64 56
64 55
64 54
65 53
65 52
65 51
65 50
65 49
65 48
65 47
65 47
66 46
67 46
68 45
68 45
68 45
69 44
69 44
70 44
71 44
71 44
72 44
73 44
74 44
74 44
75 43
76 43
76 43
77 43
78 43
78 43
79 43
80 43
80 43
80 43
80 43
80 44
80 44
79 45
78 46
77 46
76 47
75 48
74 49
73 50
72 50
71 51
70 52
69 53
68 54
67 54
66 55
65 56
64 57
63 58
62 58
61 59
60 60
59 61
58 62
57 62
56 63
55 64
54 65
53 66
52 66
51 67
50 68
49 69
48 70
47 70
46 71
45 72
45 72
44 73
43 74
42 75
41 76
40 77
40 77
39 77
39 77
38 76
37 76
37 76
38 76
38 76
39 76
40 76
40 76
41 76
42 75
43 75
43 75
44 75
45 74
46 74
47 73
48 73
48 73
49 72
50 72
51 71
52 71
52 71
53 71
54 70
55 70
56 69
57 69
57 69
58 69
59 69
60 68
61 68
62 68
62 68
63 68
64 68
65 67
66 67
67 67
67 67
68 67
69 67
70 66
71 66
72 66
72 66
73 66
74 66
75 65
76 65
77 65
78 65
78 65
79 65
80 65
81 65
82 65
83 65
83 65
84 65
85 65
86 64
87 64
88 64
88 64
89 64
90 64
91 64
92 64
92 64
93 64
94 65
95 65
96 65
96 65
97 65
98 65
98 65
99 66
99 66
99 67
99 67
98 68
98 68
97 68
97 68
96 68
