10 17
10 18
10 18
10 17
9 16
9 15
9 14
9 14
9 13
9 13
10 12
10 12
10 11
10 11
11 10
11 10
12 9
13 9
13 9
14 8
15 7
15 7
16 7
17 6
18 6
18 6
19 5
20 5
21 4
21 4
22 3
23 3
24 2
25 2
25 2
26 2
27 1
28 1
28 1
29 1
30 0
31 0
31 0
32 1
32 1
33 2
33 2
34 3
34 4
34 4
34 5
34 6
34 6
34 7
34 8
34 9
34 9
34 10
34 11
34 12
34 13
34 13
34 14
34 15
34 16
34 17
34 17
34 18
33 19
33 20
33 21
33 21
33 22
33 23
32 24
32 25
32 26
32 26
32 27
31 28
31 29
31 30
31 30
31 31
30 32
30 33
29 34
29 35
29 35
29 36
28 37
28 38
28 38
28 39
27 40
27 41
27 41
26 40
26 39
25 38
24 37
23 36
23 35
22 34
21 33
20 32
20 31
19 30
19 30
19 29
19 29
19 28
19 27
19 27
18 26
17 25
17 25
17 24
17 24
16 24
16 24
16 25
16 25
15 26
15 27
15 27
15 28
15 29
15 30
15 30
15 31
14 32
14 33
14 34
14 34
14 35
13 36
13 37
13 38
13 38
13 39
12 40
12 41
12 42
12 42
12 43
12 44
11 45
11 46
11 47
11 47
11 48
10 49
10 50
10 51
10 51
10 52
9 53
9 54
9 54
9 55
9 56
9 56
10 57
10 57
11 57
12 57
13 57
13 57
14 57
15 56
16 56
17 56
17 56
18 56
19 56
20 55
21 55
22 55
22 55
23 55
24 55
25 55
26 55
27 55
27 55
28 55
29 55
30 55
31 55
32 55
32 55
33 55
34 55
34 55
35 55
36 55
36 55
37 56
37 57
37 57
38 58
38 59
38 59
38 60
39 61
39 62
39 62
39 63
39 64
39 65
39 66
39 66
39 67
38 68
38 69
38 70
38 70
38 71
38 72
37 73
37 74
37 75
37 75
37 76
37 77
36 78
36 79
36 80
36 80
36 81
35 82
35 83
35 84
35 84
35 85
34 86
34 87
34 88
34 88
34 89
33 90
33 91
33 92
33 92
32 93
32 94
31 95
31 95
30 96
30 97
30 97
29 98
29 99
29 99
28 99
28 99
27 99
27 99
26 98
25 98
24 97
23 96
22 96
21 95
20 94
19 94
18 93
17 92
16 92
15 91
14 91
13 90
12 89
11 89
10 88
9 87
8 87
7 86
6 85
5 85
4 84
4 84
3 85
2 86
2 86
1 85
0 85
0 85
0 85
1 85
1 85
2 86
3 86
3 86
4 85
5 85
6 84
6 84
7 84
8 83
9 83
10 82
11 82
11 82
12 82
13 81
14 81
15 80
16 80
16 80
17 80
18 79
19 79
20 78
21 78
21 78
22 77
23 76
24 76
25 75
25 75
26 74
27 73
28 73
29 72
29 72
30 71
30 70
31 69
32 68
33 67
33 66
34 65
35 64
36 63
36 62
37 61
38 60
39 59
39 58
40 57
41 56
41 55
42 54
43 53
44 52
44 51
45 50
46 49
47 48
47 47
48 46
49 45
50 44
50 43
51 42
52 41
52 40
53 39
54 38
55 37
55 36
56 35
57 34
58 33
58 32
59 31
60 30
61 29
61 28
62 27
63 26
63 25
64 24
65 23
66 22
66 21
67 20
68 19
69 18
69 17
70 16
71 15
72 14
72 13
73 12
73 12
74 11
74 11
74 10
73 9
73 8
73 8
72 8
72 8
72 9
72 10
72 10
72 11
72 12
72 13
72 14
72 15
72 15
72 16
72 17
72 18
72 19
72 20
72 21
72 22
72 23
72 23
72 24
72 25
72 26
72 27
72 28
72 29
72 30
72 31
72 31
72 32
72 33
71 34
71 35
71 36
71 37
70 38
70 39
70 40
70 40
70 41
70 42
70 43
70 44
69 45
69 46
69 47
69 48
69 49
69 50
69 50
69 51
69 52
68 53
68 54
68 55
68 56
68 57
68 58
67 59
67 60
67 61
67 62
67 62
67 63
66 64
66 65
66 66
66 67
65 68
65 69
65 69
65 70
65 71
64 72
64 73
64 74
64 74
64 75
64 76
64 77
64 77
64 78
64 78
64 77
64 76
64 75
64 74
65 73
65 72
65 71
65 70
65 69
65 68
65 67
65 66
66 65
66 64
66 63
66 62
66 61
66 60
66 59
66 58
66 57
67 56
67 55
67 54
67 53
67 52
67 52
68 51
69 51
70 50
71 50
72 49
72 49
73 48
73 47
73 47
72 46
72 45
72 45
73 46
73 46
74 46
74 46
75 47
76 47
76 47
77 47
78 47
78 47
79 46
80 46
80 46
81 46
82 46
83 46
83 46
84 45
85 45
85 45
86 45
87 45
87 45
88 45
89 45
89 45
90 46
90 46
89 47
88 48
87 49
86 50
85 51
84 52
83 53
82 54
81 55
80 56
79 57
78 58
77 59
76 60
75 61
74 62
73 63
72 64
71 65
70 66
69 67
68 68
67 69
66 70
65 71
64 72
63 73
62 74
61 75
60 76
59 77
58 78
57 79
56 80
55 81
54 82
53 83
53 83
52 84
52 85
51 86
51 87
50 88
50 88
49 89
49 90
48 91
48 91
47 92
46 93
46 93
45 94
44 94
44 94
44 95
44 96
44 96
44 95
44 95
44 95
45 96
45 96
46 96
47 96
47 96
48 95
49 95
50 94
50 94
51 94
52 93
53 93
54 92
55 92
55 92
56 91
57 91
58 90
59 90
60 89
61 89
61 89
62 89
63 88
64 88
65 88
66 88
67 87
68 87
68 87
69 87
70 86
71 86
72 85
73 85
74 84
75 84
75 84
76 84
77 84
78 84
79 83
80 83
81 83
82 83
82 83
83 83
84 83
85 83
86 82
87 82
88 82
89 82
89 82
90 82
91 82
92 83
93 83
94 83
94 83
95 83
96 84
97 84
98 84
