1 9
1 10
1 11
1 11
0 10
0 10
0 10
0 10
0 10
0 10
0 10
0 10
1 9
2 9
2 9
3 8
4 8
4 8
5 7
6 7
7 6
7 6
8 6
9 5
10 5
11 5
11 5
12 4
13 4
14 3
15 3
15 3
16 2
17 2
18 1
19 1
19 1
20 1
21 0
22 0
23 0
23 0
24 0
25 0
26 0
27 0
27 0
28 0
29 1
30 1
30 1
31 1
32 2
33 2
33 2
34 3
35 4
35 4
36 5
36 5
37 6
37 7
37 7
38 8
38 9
38 9
38 10
38 11
38 12
38 12
38 13
38 14
38 15
38 15
38 16
37 17
37 18
37 19
37 19
37 20
36 21
36 22
36 22
36 23
35 24
35 25
34 26
34 27
34 27
34 28
33 29
33 30
33 31
33 31
33 32
32 33
32 34
31 35
31 36
31 36
30 37
30 38
29 39
29 40
29 40
28 41
27 42
27 43
26 44
26 44
26 45
25 46
25 47
25 47
25 48
24 49
24 50
24 50
23 51
23 52
23 52
23 53
23 53
23 53
23 53
23 53
23 52
23 51
23 50
22 49
22 48
22 47
22 46
22 45
22 44
22 43
21 42
21 41
21 40
21 39
21 38
21 37
21 36
21 35
20 34
20 33
20 32
20 31
20 31
21 31
21 31
20 30
20 30
20 29
20 29
20 29
20 29
20 29
19 30
19 30
18 31
18 32
18 32
18 33
17 34
17 35
17 35
16 36
16 37
16 37
16 38
15 39
15 40
15 41
15 41
14 42
14 43
13 44
13 45
13 45
13 46
12 47
12 48
12 48
11 49
11 50
10 51
10 51
10 52
9 53
9 54
9 54
9 55
9 55
9 56
9 57
9 57
9 58
9 58
10 58
10 58
11 58
11 58
12 58
13 58
13 58
14 57
15 57
15 57
16 56
17 56
18 55
18 55
19 54
20 54
21 53
21 53
22 52
23 52
24 51
25 51
25 51
26 50
27 50
28 49
28 49
29 49
30 48
31 48
32 48
32 48
33 48
34 48
35 48
36 48
36 48
37 48
38 48
39 48
39 48
40 49
41 49
41 49
42 50
43 50
43 50
44 51
45 51
45 51
46 52
47 53
47 53
48 54
48 55
48 55
48 56
48 57
48 57
48 58
48 59
48 59
48 60
48 61
48 62
48 62
48 63
47 64
47 65
47 65
47 66
46 67
46 68
46 68
46 69
45 70
45 71
45 71
45 72
44 73
44 74
44 75
44 75
43 76
43 77
42 78
42 78
41 79
41 80
40 81
40 82
40 82
39 83
39 84
38 85
38 85
37 86
37 87
36 88
36 89
36 89
36 90
35 91
35 92
35 92
34 93
34 94
33 95
33 95
32 96
32 97
32 97
31 98
31 98
31 99
31 99
30 99
30 99
30 99
29 99
29 99
28 99
27 98
26 98
25 98
24 97
23 97
22 96
21 96
20 96
19 95
18 95
17 95
16 94
15 94
14 93
13 93
12 93
11 92
10 92
9 92
8 91
7 91
6 90
5 90
4 90
3 89
2 89
2 89
1 89
1 89
1 89
1 89
2 89
2 89
2 88
2 88
3 87
3 87
4 86
5 86
5 86
6 85
7 85
7 85
8 84
9 84
9 84
10 84
11 83
12 83
12 83
13 82
14 82
15 81
15 81
16 81
17 80
18 80
18 80
19 80
20 79
21 79
21 79
22 79
23 79
24 79
24 79
25 78
26 78
26 78
27 77
27 77
28 76
29 75
30 74
31 73
32 72
33 71
34 70
35 69
36 69
37 68
38 67
39 66
40 65
41 64
42 63
43 62
44 61
45 60
46 59
47 58
48 57
49 56
50 55
51 54
52 54
53 53
54 52
55 51
56 50
57 49
58 48
59 47
60 46
61 45
62 44
63 43
64 42
65 41
66 40
67 39
68 39
69 38
70 37
71 36
72 35
73 34
74 33
75 32
76 31
76 31
77 30
77 30
77 30
77 30
77 31
77 31
77 32
77 32
77 33
77 34
77 34
77 35
78 36
78 37
78 37
78 38
78 39
78 40
78 41
78 41
78 42
78 43
78 44
78 45
78 46
78 46
78 47
78 48
78 49
78 50
78 51
78 51
78 52
78 53
78 54
78 55
78 56
78 56
78 57
78 58
78 59
78 60
78 60
78 61
78 62
78 63
78 63
78 64
78 65
78 65
78 66
78 67
78 67
78 68
78 68
78 68
78 67
78 66
78 65
79 64
79 63
79 62
79 61
79 60
79 59
79 58
79 57
80 56
80 55
80 54
80 53
80 53
80 53
80 53
80 52
80 52
81 52
81 52
82 51
82 51
83 50
84 50
84 50
85 50
85 50
86 49
86 49
87 49
87 49
88 50
88 50
89 50
89 50
89 51
89 51
88 52
87 53
86 54
85 55
84 56
83 57
82 58
81 59
80 60
79 61
78 62
77 63
76 64
75 65
74 66
73 67
72 68
71 69
70 70
69 71
68 72
67 73
66 74
65 75
64 76
63 77
62 78
61 79
60 80
59 81
58 82
58 82
59 83
59 84
59 84
58 83
58 83
59 83
59 83
60 83
60 83
61 83
61 83
62 82
63 82
63 82
64 82
65 81
66 81
66 81
67 81
68 80
69 80
69 80
70 79
71 79
72 78
72 78
73 77
74 77
75 76
76 76
76 76
77 76
78 75
79 75
80 75
80 75
81 75
82 74
83 74
84 74
84 74
85 74
86 73
87 73
87 73
88 73
89 73
90 73
90 73
91 73
92 72
93 72
93 72
94 72
95 72
95 72
96 72
97 72
97 72
98 72
99 72
