8 9
9 8
9 8
10 7
10 6
10 6
11 5
11 5
12 4
13 4
13 4
14 4
15 3
16 3
16 3
17 2
18 2
19 1
19 1
20 1
21 0
22 0
22 0
23 0
24 0
25 0
26 0
26 0
27 0
28 1
29 1
29 1
30 2
31 3
31 3
32 4
32 5
33 6
33 6
33 7
33 8
33 9
33 9
33 10
33 11
33 12
33 13
33 14
33 14
33 15
33 16
33 17
33 18
33 18
33 19
33 20
32 21
32 22
32 23
32 23
32 24
32 25
31 26
31 27
31 28
31 28
30 29
30 30
29 31
29 32
29 32
28 33
28 34
27 35
27 36
27 36
27 37
26 38
26 39
26 40
26 40
25 41
24 42
24 42
24 43
23 44
23 45
23 45
23 44
22 43
22 42
21 41
21 40
21 39
20 38
20 37
20 36
19 35
19 34
18 33
18 32
18 32
18 31
18 31
17 31
17 31
17 30
17 30
16 31
16 31
16 32
16 33
16 33
16 34
16 35
16 36
16 36
16 37
15 38
15 39
15 40
15 40
15 41
15 42
15 43
15 43
15 44
14 45
14 46
14 46
13 47
13 48
12 49
12 49
11 50
11 51
11 51
10 52
10 52
10 52
10 52
11 51
11 51
12 51
12 51
13 50
14 50
14 50
15 50
16 50
16 50
17 50
18 49
19 49
19 49
20 49
21 48
22 48
22 48
23 48
24 48
25 48
25 48
26 48
27 48
27 48
28 49
29 49
29 49
30 50
30 51
31 52
31 52
31 53
31 54
31 55
31 55
31 56
32 57
32 58
32 59
32 59
32 60
32 61
32 62
32 63
32 64
32 65
32 65
32 66
32 67
32 68
32 69
32 70
32 70
32 71
32 72
31 73
31 74
31 75
31 75
31 76
31 77
31 78
31 79
31 80
31 80
31 81
31 82
30 83
30 84
30 85
30 85
30 86
29 87
29 88
28 89
28 90
28 90
27 91
27 92
26 93
26 94
26 94
25 95
24 96
24 96
24 97
23 98
23 99
23 99
22 99
21 99
21 99
20 99
19 99
19 99
18 99
18 99
17 98
16 97
16 96
15 95
14 94
13 93
13 92
12 91
11 90
10 89
9 88
9 87
8 86
7 85
6 84
5 83
5 82
4 81
3 80
2 79
2 78
1 77
0 76
0 76
1 75
2 75
2 75
2 74
2 74
2 74
3 74
4 74
4 74
5 74
6 73
7 73
8 73
8 73
9 73
10 72
11 72
12 72
12 72
13 71
14 71
15 70
16 70
17 69
17 69
18 68
19 67
20 67
21 66
22 65
23 64
24 63
25 62
26 62
27 61
28 60
29 59
30 58
31 57
32 57
33 56
34 55
35 54
36 53
37 53
38 52
39 51
40 50
41 49
42 48
43 48
44 47
45 46
46 45
47 44
48 44
49 43
50 42
51 41
52 40
53 39
54 39
55 38
56 37
57 36
58 35
59 34
60 34
61 33
62 32
63 31
64 30
65 30
66 29
67 28
68 27
69 26
70 25
71 25
72 24
73 23
73 23
73 22
73 21
73 20
73 19
73 18
73 18
73 17
73 16
73 15
73 15
73 15
73 16
73 17
73 17
74 18
74 19
74 19
74 20
74 21
75 22
75 23
75 24
75 25
75 25
75 26
75 27
76 28
76 29
76 30
76 31
76 31
76 32
76 33
77 34
77 35
77 36
77 37
77 37
77 38
77 39
77 40
77 41
77 42
77 43
77 43
77 44
77 45
78 46
78 47
78 48
78 49
78 49
78 50
78 51
78 52
78 53
78 54
78 54
78 55
78 56
78 57
78 58
78 58
78 59
79 60
79 61
79 62
79 62
79 63
79 64
79 65
79 65
79 64
78 63
78 62
77 61
77 60
77 59
76 58
76 57
76 56
75 55
75 54
74 53
74 52
74 52
75 51
76 51
77 50
78 50
79 49
79 49
80 48
80 48
80 47
80 47
81 47
82 47
82 47
83 47
84 47
85 47
86 47
86 47
87 47
88 46
89 46
89 46
90 46
91 45
92 45
93 45
93 45
94 44
95 44
95 44
96 44
97 44
97 44
96 45
95 46
94 47
93 47
92 48
91 49
90 50
89 51
88 52
87 52
86 53
85 54
84 55
83 56
82 57
81 57
80 58
79 59
78 60
77 61
76 62
75 62
74 63
73 64
72 65
71 66
70 67
69 67
68 68
67 69
66 70
65 71
64 72
63 72
62 73
61 74
61 74
61 75
60 76
60 77
60 78
60 78
59 79
59 79
59 80
59 80
60 81
60 82
61 83
61 83
62 83
63 83
64 83
65 83
65 83
66 83
67 83
68 82
69 82
70 82
70 82
71 82
72 81
73 81
74 81
75 80
76 80
76 80
77 79
78 79
79 78
80 78
81 77
81 77
82 77
83 76
84 76
85 76
86 75
87 75
87 75
88 75
89 74
90 74
91 74
91 74
92 74
93 75
94 75
94 75
95 76
96 76
96 76
97 77
97 77
98 78
98 78
98 79
98 79
99 79
99 79
98 79
