7 11
8 10
8 9
8 9
9 8
9 7
9 7
10 6
11 5
12 4
12 4
13 4
14 3
15 3
15 3
16 2
17 2
18 1
18 1
19 1
20 0
21 0
22 0
22 0
23 0
24 0
25 0
25 0
26 1
27 1
28 2
28 2
29 3
30 4
30 4
31 5
31 6
31 6
31 7
32 8
32 9
32 9
32 10
32 11
32 12
32 12
32 13
32 14
32 15
32 15
32 16
32 17
32 18
32 19
32 19
32 20
31 21
31 22
31 23
31 23
31 24
30 25
30 26
30 27
30 27
30 28
30 29
29 30
29 31
29 32
29 32
29 33
28 34
28 35
27 36
27 37
27 37
26 38
26 39
25 40
25 41
25 41
24 42
24 43
23 44
23 45
23 45
22 46
22 47
21 48
21 49
21 49
20 50
20 51
20 51
20 50
20 49
20 48
20 47
19 46
19 45
19 44
19 43
19 42
19 41
19 40
19 39
19 38
18 37
18 36
18 35
18 34
18 33
18 32
18 31
18 30
18 29
17 28
17 27
17 26
17 25
17 24
17 24
18 25
18 25
17 25
17 25
16 26
16 26
16 27
16 28
16 29
16 29
16 30
15 31
15 32
15 33
15 33
15 34
15 35
15 36
15 37
15 37
15 38
14 39
14 40
14 41
14 41
13 42
13 43
12 44
12 45
12 45
12 46
11 47
11 48
11 49
11 49
10 50
10 51
9 52
9 52
9 53
8 54
8 55
8 55
7 56
7 56
6 57
6 58
6 58
5 58
5 58
6 58
6 58
6 58
7 57
8 57
8 57
9 57
10 56
11 56
11 56
12 55
13 55
14 54
14 54
15 53
16 53
17 52
17 52
18 52
19 51
20 51
21 51
21 51
22 51
23 51
24 51
24 51
25 51
26 52
27 52
27 52
28 53
29 53
29 53
30 54
30 55
31 56
31 56
32 57
33 57
34 58
34 58
34 59
35 60
35 61
35 61
36 62
36 63
37 64
37 64
37 65
38 66
38 67
38 68
38 68
38 69
38 70
38 71
38 72
38 72
38 73
38 74
37 75
37 76
37 77
37 77
37 78
37 79
36 80
36 81
36 82
36 82
35 83
35 84
34 85
34 86
34 86
33 87
33 88
32 89
32 90
32 90
31 91
31 92
30 93
30 94
30 94
30 95
29 96
29 97
29 97
28 98
27 98
27 98
26 99
26 99
25 99
24 99
24 99
23 99
23 99
22 99
22 99
21 98
20 98
20 98
19 97
18 97
17 96
16 96
15 95
14 95
13 94
12 94
11 93
10 92
9 92
8 91
7 91
6 90
5 90
4 89
3 89
2 88
2 88
1 88
1 88
1 88
0 87
0 87
0 87
1 86
1 86
2 85
3 85
4 84
4 84
5 84
6 83
7 83
7 83
8 82
9 82
10 81
11 81
11 81
12 80
13 80
14 79
15 79
15 79
16 78
17 78
18 77
18 77
19 77
20 76
21 76
22 76
22 76
23 75
24 74
25 73
26 72
27 71
28 70
29 69
30 69
31 68
32 67
33 66
34 65
35 64
36 63
37 62
38 61
39 60
40 59
41 58
42 57
43 56
44 55
45 55
46 54
47 53
48 52
49 51
50 50
51 49
52 48
53 47
54 46
55 45
56 44
57 43
58 42
59 42
60 41
61 40
62 39
63 38
64 37
65 36
66 35
66 35
67 34
68 33
68 32
69 31
69 31
69 30
68 29
68 28
68 28
68 28
68 28
68 29
68 29
68 30
68 31
69 32
69 33
69 34
69 34
69 35
69 36
69 37
69 38
69 39
69 39
69 40
69 41
69 42
69 43
69 44
69 45
69 45
69 46
69 47
69 48
69 49
69 50
69 50
69 51
69 52
69 53
69 54
69 55
69 56
69 56
69 57
69 58
69 59
68 60
68 61
68 62
68 63
68 63
68 64
68 65
68 66
68 67
68 68
68 69
68 69
68 70
68 71
68 72
68 73
68 74
68 74
68 75
67 76
67 77
67 78
67 78
67 79
67 80
67 81
67 81
67 82
67 83
67 84
67 84
67 85
67 85
67 86
67 86
67 85
67 84
67 83
67 82
67 81
67 80
67 79
67 78
67 77
67 76
67 75
67 74
67 73
67 72
67 71
67 70
67 69
67 68
67 67
67 66
67 65
67 64
67 63
67 62
67 61
67 61
68 60
69 60
70 59
71 59
71 59
71 58
71 57
71 57
72 58
72 58
73 57
73 57
74 57
75 57
76 57
76 57
77 57
78 56
79 56
79 56
80 56
81 55
82 55
82 55
83 55
84 55
84 55
85 54
86 54
86 54
87 54
87 54
87 54
86 55
85 56
84 57
83 58
82 59
81 60
80 61
79 62
78 63
77 64
76 65
75 66
74 67
73 68
72 69
72 70
71 71
70 72
69 73
68 74
67 75
66 76
65 77
64 78
63 79
62 80
61 81
60 82
59 83
58 84
57 85
57 85
56 86
55 87
55 88
54 89
53 90
53 90
52 91
52 91
52 91
53 92
54 92
54 92
55 92
56 91
57 91
57 91
58 91
59 90
60 90
61 90
61 90
62 90
63 90
64 89
65 89
66 89
66 89
67 89
68 88
69 88
70 88
70 88
71 88
72 87
73 87
74 87
74 87
75 87
76 87
77 87
78 87
78 87
79 87
80 87
81 87
82 87
82 87
83 87
84 87
85 87
85 87
86 87
87 87
87 87
88 87
89 87
90 87
90 87
91 87
92 87
92 87
93 87
94 87
94 87
95 87
96 87
96 87
97 87
98 87
98 87
99 86
