17 27
17 27
17 27
17 27
16 27
16 27
16 28
16 28
15 29
15 29
14 30
14 30
13 31
12 31
12 31
11 32
11 32
10 32
10 32
9 31
9 31
9 30
9 29
9 29
9 28
9 27
9 27
9 26
10 25
10 24
10 23
10 23
10 22
10 21
11 20
11 19
11 18
11 18
12 17
13 16
13 15
14 14
14 14
15 13
15 12
16 11
16 10
17 9
17 9
18 8
19 7
19 6
20 5
20 5
21 4
22 3
23 2
23 2
24 1
25 0
25 0
26 0
26 0
27 1
27 2
27 2
27 3
27 4
27 4
27 5
27 6
27 7
27 8
27 8
27 9
27 10
26 11
26 12
26 13
26 13
26 14
25 15
25 16
25 17
24 18
24 19
24 19
24 20
24 21
24 22
23 23
23 24
23 25
23 26
23 26
23 27
22 28
22 29
21 30
21 31
21 32
20 33
20 34
20 34
20 35
19 36
19 37
19 38
18 39
18 40
18 41
18 42
17 43
17 44
17 44
17 45
16 46
16 47
15 48
15 49
14 50
14 51
13 52
13 53
13 53
13 54
12 55
12 56
11 57
11 58
10 59
10 60
9 61
9 62
9 62
9 63
8 64
8 65
8 66
8 67
7 68
7 69
7 69
6 70
5 71
5 72
4 73
4 73
4 74
3 75
3 76
3 76
2 76
2 76
1 76
1 76
0 75
0 74
0 74
0 73
0 72
0 71
0 71
0 70
0 69
0 68
0 67
0 67
1 66
2 66
3 65
4 65
5 64
6 64
7 63
8 62
9 62
10 61
11 61
12 60
13 60
14 59
15 58
16 58
17 57
18 57
19 56
20 55
21 55
22 54
23 54
24 53
25 53
26 52
27 51
28 51
29 50
30 50
31 49
32 49
33 48
34 47
35 47
36 46
37 46
38 45
39 45
40 44
40 44
41 44
41 44
41 43
41 43
41 42
41 42
42 41
42 40
42 40
42 39
42 38
42 38
42 37
42 36
42 36
42 35
42 34
42 34
42 33
42 33
41 33
40 33
40 33
39 34
39 34
38 35
37 35
37 35
37 36
36 37
36 38
36 38
35 39
35 40
34 41
34 41
33 42
33 43
32 44
32 44
32 45
31 46
31 47
31 47
31 48
31 49
31 49
32 50
32 50
32 51
32 51
33 50
33 50
34 50
35 50
35 50
36 49
36 48
37 47
37 47
38 46
39 46
40 45
40 45
41 44
42 43
42 43
43 43
43 43
43 43
43 44
43 44
43 45
43 46
43 46
42 47
42 48
42 48
42 49
42 50
42 51
42 51
42 52
42 52
43 53
43 53
44 53
44 53
45 52
46 52
46 52
47 51
48 50
48 50
49 49
49 48
50 47
50 47
51 46
52 45
53 44
53 44
54 43
55 42
56 41
57 40
57 40
57 39
57 38
57 38
57 39
57 39
56 39
56 39
56 40
56 41
56 41
55 42
54 43
54 43
53 44
53 45
53 45
53 46
53 47
53 48
53 48
53 49
52 50
52 51
52 51
52 52
51 53
51 54
51 54
51 55
51 56
51 56
51 56
51 56
51 56
52 55
52 55
53 54
53 53
54 52
54 52
55 51
55 50
55 50
56 49
57 48
57 48
58 47
58 46
58 46
59 45
59 45
59 45
59 45
59 46
59 46
58 47
58 48
58 48
58 49
58 49
57 50
57 51
57 51
57 52
57 52
57 53
57 53
57 53
58 53
58 53
59 52
59 52
60 51
60 51
61 50
62 49
62 49
63 48
63 47
63 47
64 46
64 46
65 46
65 46
65 46
65 46
65 46
65 47
65 47
65 48
65 48
65 49
65 49
65 50
65 50
65 51
65 51
66 52
66 52
67 53
67 53
68 52
69 52
69 52
70 52
71 52
71 52
72 51
73 51
73 51
74 50
75 49
75 49
76 48
77 48
77 48
78 47
79 46
79 46
80 45
80 44
80 44
81 43
81 42
81 42
82 41
82 40
82 40
82 40
82 39
82 39
81 38
81 38
81 37
81 37
80 37
80 37
79 37
79 37
78 38
78 38
78 38
77 39
76 39
76 39
75 40
75 41
75 41
74 42
74 43
74 43
73 44
73 45
73 45
72 46
72 47
72 47
72 48
72 48
71 49
71 50
71 50
71 51
71 51
71 52
71 52
72 53
72 53
72 54
72 54
73 54
73 54
73 54
73 54
74 54
74 54
75 54
75 54
76 53
76 53
77 52
77 52
78 51
79 51
79 51
80 50
80 50
81 49
81 48
81 48
82 47
83 47
83 47
84 46
85 46
85 46
86 45
86 45
87 44
87 44
88 43
88 43
89 42
89 42
90 41
90 41
91 40
91 40
92 39
92 39
93 39
93 39
94 38
94 38
95 37
95 37
96 36
96 36
96 35
96 35
97 34
97 34
97 34
98 33
98 33
98 32
98 32
98 32
98 31
98 31
98 30
98 30
99 30
99 30
99 29
99 29
98 29
98 29
98 28
98 28
98 28
98 28
97 28
97 28
97 28
96 28
96 28
96 28
95 28
95 28
94 29
94 29
93 30
93 30
93 30
92 31
92 31
91 32
91 32
90 33
90 33
89 34
89 34
88 35
88 35
87 36
87 37
87 37
86 38
86 38
85 39
85 40
85 40
85 41
85 41
84 41
84 41
84 42
84 42
85 42
85 42
85 43
85 43
85 43
85 44
85 44
86 44
86 44
87 45
87 45
87 45
88 45
88 45
89 45
89 45
90 45
91 45
91 45
92 46
92 46
93 46
93 46
94 46
94 46
95 46
95 46
95 47
95 47
96 47
96 47
96 47
96 47
96 48
96 48
97 48
97 48
97 49
97 49
97 49
97 50
97 50
97 51
97 51
97 52
97 52
97 52
97 53
97 53
97 54
97 54
96 55
96 55
96 56
96 56
95 57
95 57
94 58
94 59
94 59
93 60
93 60
93 61
93 62
93 62
92 63
91 63
91 63
90 64
90 65
90 65
89 66
89 67
89 67
88 68
87 68
87 68
86 69
86 70
86 70
85 71
84 72
84 72
83 73
82 74
81 75
81 75
80 76
80 77
79 78
79 78
78 79
77 80
76 81
76 81
75 82
74 83
73 84
73 84
72 85
71 86
71 87
70 88
70 88
69 89
68 90
67 91
66 92
66 92
65 93
65 94
64 95
64 96
63 97
63 97
62 98
61 99
