11 38
11 39
11 40
11 40
11 40
11 40
11 40
10 40
10 40
10 40
10 40
9 40
9 40
8 40
8 40
7 40
7 40
6 40
6 40
5 39
5 39
4 38
4 38
3 37
3 37
2 36
2 36
1 35
1 34
1 34
1 33
1 32
1 32
1 31
1 31
2 30
2 30
3 29
3 28
3 28
4 27
4 26
4 26
5 25
5 24
6 23
6 22
6 22
7 21
7 20
8 19
8 18
8 18
9 17
10 16
10 15
11 14
11 14
12 13
12 12
13 11
13 11
14 10
14 9
15 8
15 7
15 7
16 6
16 5
17 4
17 4
18 3
19 2
19 2
20 1
20 1
20 0
20 0
20 1
20 1
20 2
20 2
20 3
19 4
19 5
19 5
19 6
19 7
19 7
19 8
18 9
18 10
18 11
18 11
18 12
17 13
17 14
17 15
17 15
17 16
17 17
16 18
16 19
16 20
16 21
16 21
16 22
15 23
15 24
15 25
15 26
14 27
14 28
14 28
14 29
14 30
14 31
14 32
13 33
13 34
13 35
13 36
13 37
13 37
13 38
13 39
13 40
13 41
12 42
12 43
12 44
12 45
12 46
12 46
12 47
12 48
12 49
12 50
11 51
11 52
11 53
11 54
11 55
11 55
11 56
11 57
11 58
11 59
10 60
10 61
10 62
10 63
10 64
10 64
10 65
10 66
10 67
9 68
9 69
9 70
9 71
9 71
9 72
9 73
8 74
8 75
8 76
8 76
8 77
8 78
7 79
7 80
7 81
7 82
7 82
7 83
6 84
6 85
6 86
6 86
6 87
6 88
5 89
5 90
5 91
5 91
5 92
4 93
4 94
4 95
4 95
3 96
2 97
2 97
2 98
2 99
2 99
1 99
1 99
0 99
0 99
0 98
0 97
0 97
0 96
0 96
0 95
0 94
0 93
0 93
0 92
0 91
0 90
0 90
0 89
0 88
0 88
0 87
0 86
0 85
0 85
0 84
1 83
1 82
1 81
1 81
2 80
2 79
3 78
3 77
3 77
3 76
4 75
4 74
4 73
5 72
5 71
5 71
5 70
6 69
6 68
6 67
7 66
7 65
7 65
8 64
8 63
9 62
9 61
10 60
10 59
10 59
11 58
11 57
12 56
12 55
13 54
13 54
13 53
14 52
14 51
15 50
15 49
15 49
16 48
16 47
17 46
17 46
18 45
18 44
19 43
19 43
20 42
20 42
21 42
22 43
23 43
24 43
25 44
26 44
27 44
28 45
29 45
30 45
31 45
32 46
33 46
34 46
35 47
36 47
36 47
36 47
36 47
35 46
35 46
35 45
35 45
35 44
35 43
35 43
35 42
35 42
35 41
35 40
35 40
36 39
36 38
36 38
36 37
36 36
36 36
36 35
36 34
36 34
36 33
36 33
36 32
36 32
35 32
35 32
35 33
35 33
34 34
34 34
34 35
33 36
33 37
33 37
32 38
32 39
32 39
32 40
31 41
31 42
31 43
31 43
31 44
31 45
31 46
31 46
30 47
30 48
30 48
30 49
30 50
30 50
30 51
30 51
30 52
30 52
31 52
31 52
32 51
32 51
33 50
34 49
34 49
35 48
35 47
35 47
36 46
36 45
37 44
37 44
37 43
37 42
37 42
38 41
38 41
38 40
38 40
39 41
39 41
39 42
39 42
38 43
38 43
38 44
38 45
38 46
38 46
38 47
38 48
38 48
37 49
37 50
37 50
37 51
37 51
37 51
37 51
38 51
38 51
39 50
39 50
40 49
40 49
41 48
41 47
41 47
42 46
42 46
43 45
43 44
43 44
44 43
44 42
44 42
45 41
45 41
46 40
46 40
46 40
46 40
46 40
46 41
46 42
46 42
45 43
45 44
45 44
45 45
45 46
45 47
45 47
44 48
44 49
44 49
44 50
44 50
44 51
44 51
44 51
44 51
44 50
44 50
45 49
45 49
46 48
46 47
46 47
47 46
47 45
48 44
48 44
49 43
49 42
49 42
50 41
50 40
50 40
51 39
52 39
52 39
53 38
53 38
53 38
54 39
54 39
54 40
54 40
54 41
54 42
54 42
54 43
54 43
54 44
54 45
54 45
54 46
54 47
54 47
53 47
53 47
53 48
53 48
53 48
53 47
53 47
54 46
54 46
55 45
55 44
55 44
56 43
56 42
56 42
57 41
57 40
57 40
58 39
58 39
59 38
59 38
60 37
60 37
61 38
61 38
61 38
62 39
62 39
62 40
62 40
62 41
62 42
62 42
62 43
62 44
62 44
62 45
62 45
62 46
62 47
62 47
62 48
62 49
62 49
62 50
62 50
63 51
63 51
64 52
64 52
65 52
65 52
66 51
67 51
67 51
68 50
69 50
69 50
70 49
71 48
71 48
72 47
72 46
72 46
73 45
74 44
74 44
75 43
75 42
75 42
76 41
76 40
76 40
77 39
77 38
77 38
78 37
78 37
78 36
78 36
78 35
78 35
77 36
77 36
77 37
77 37
76 38
75 39
75 39
74 40
74 41
74 41
73 42
72 43
72 43
72 44
71 45
71 46
71 46
70 47
70 48
70 48
69 49
69 49
69 50
69 51
69 51
69 52
69 52
70 53
70 54
70 54
71 54
71 54
72 54
73 54
73 54
74 54
75 53
76 53
76 53
77 52
78 52
78 52
79 51
80 50
81 49
81 49
82 48
83 47
83 47
84 46
84 45
85 44
85 44
86 43
87 42
88 41
88 41
89 40
89 39
89 39
90 38
91 37
91 37
92 36
92 35
92 35
93 34
93 34
94 33
94 33
94 32
94 32
94 32
93 32
93 32
92 32
92 32
91 33
90 33
90 33
89 34
89 35
89 35
88 36
87 37
87 37
86 38
85 39
85 39
84 40
83 40
83 40
82 41
82 42
82 42
81 43
81 44
81 44
80 45
80 45
80 46
80 46
81 47
81 47
82 47
82 47
83 47
83 47
84 46
85 46
85 46
86 46
87 45
88 45
88 45
89 44
90 44
90 44
91 44
92 44
92 44
93 44
94 45
95 45
95 45
96 46
97 46
97 46
98 47
98 47
99 48
99 49
99 49
99 50
98 51
98 52
98 52
98 53
98 54
98 55
98 55
97 56
97 57
96 58
96 58
95 59
95 60
94 61
94 61
93 62
92 63
92 64
91 65
91 65
90 66
89 67
88 67
87 68
87 68
86 69
85 70
84 71
83 72
83 72
82 73
81 74
80 74
79 75
78 76
78 76
77 77
76 78
75 79
74 80
74 80
73 81
72 82
71 82
70 83
70 83
69 84
68 85
68 86
67 87
67 87
66 88
65 89
65 89
64 90
63 91
63 91
63 92
63 92
63 93
63 93
63 93
64 94
