13 41
13 41
12 42
12 43
12 43
12 43
12 42
12 42
11 42
11 42
11 41
11 41
10 40
10 40
9 39
9 39
8 38
8 38
7 38
7 38
6 37
6 37
5 36
5 36
4 35
4 35
4 35
4 34
4 33
4 33
4 32
5 31
5 30
5 30
5 29
6 28
6 27
6 27
7 26
7 25
8 24
8 23
8 23
9 22
9 21
10 20
10 19
11 18
11 18
12 17
12 16
13 15
13 14
13 14
14 13
14 12
15 11
15 10
16 9
16 9
17 8
17 7
18 6
18 6
19 5
19 4
20 3
20 3
21 2
21 1
21 1
22 0
22 0
22 1
22 1
22 1
22 2
22 3
22 3
22 4
21 5
21 6
21 6
21 7
21 8
20 9
20 10
20 11
20 11
20 12
20 13
19 14
19 15
19 16
19 17
19 17
19 18
19 19
19 20
18 21
18 22
18 23
18 24
18 24
18 25
17 26
17 27
17 28
17 29
16 30
16 31
16 32
16 32
16 33
16 34
16 35
16 36
15 37
15 38
15 39
15 40
15 41
15 41
15 42
15 43
15 44
15 45
14 46
14 47
14 48
14 49
14 50
14 51
14 51
14 52
14 53
14 54
14 55
13 56
13 57
13 58
13 59
13 60
13 61
13 61
13 62
13 63
13 64
12 65
12 66
12 67
12 68
12 69
12 69
12 70
12 71
12 72
11 73
11 74
11 75
11 76
11 77
11 77
11 78
10 79
10 80
10 81
10 82
9 83
9 84
9 84
9 85
9 86
8 87
8 88
8 89
8 90
8 90
8 91
8 92
7 93
7 94
7 95
7 95
6 96
6 97
5 98
5 98
4 99
4 99
3 99
2 99
2 99
1 99
1 99
0 98
0 98
0 97
0 96
0 96
0 95
0 94
0 94
0 93
0 92
0 91
0 90
0 90
0 89
0 88
0 87
0 86
0 85
0 85
0 84
1 83
1 82
1 81
1 80
2 79
2 78
2 78
2 77
3 76
3 75
3 74
3 73
4 72
4 71
4 71
4 70
5 69
5 68
5 67
5 66
6 65
6 64
6 63
6 63
7 62
7 61
8 60
8 59
9 58
9 57
10 56
10 55
10 55
11 54
11 53
12 52
12 51
13 50
13 49
13 49
13 48
14 47
14 46
15 45
15 44
15 44
16 43
17 42
18 41
18 41
18 40
19 39
19 38
19 38
20 37
20 36
21 35
21 35
22 34
22 33
22 33
22 32
22 32
23 33
24 34
25 35
26 36
27 36
28 37
29 38
30 39
30 39
30 40
31 41
31 42
31 42
31 42
31 42
31 43
31 43
31 43
31 43
31 42
31 42
31 41
31 40
31 40
31 39
31 38
31 38
31 37
31 36
31 36
31 35
32 34
32 33
32 33
32 32
32 31
32 31
32 30
32 29
32 29
32 28
32 28
32 28
32 29
32 29
31 30
31 30
31 31
30 32
30 33
30 33
30 34
29 35
29 36
29 37
29 37
29 38
28 39
28 40
28 41
28 41
28 42
28 43
28 44
28 45
28 45
28 46
27 47
27 48
27 48
27 49
27 50
27 50
27 51
27 52
27 52
28 52
28 52
29 52
29 52
30 52
30 52
31 51
31 50
31 50
32 49
32 48
33 47
33 47
33 46
34 45
34 44
34 44
35 43
35 42
35 42
35 41
36 40
36 39
36 39
36 38
36 38
37 37
37 37
36 38
36 38
36 38
36 39
36 40
36 40
36 41
35 42
35 43
35 43
35 44
35 45
35 46
35 46
34 47
34 48
34 48
34 49
34 49
35 50
35 50
35 50
35 50
36 50
36 50
37 49
37 48
37 48
38 47
38 47
39 46
39 45
39 45
40 44
40 43
40 43
41 42
41 41
41 41
42 40
42 39
42 39
43 38
43 37
43 37
44 36
44 36
44 36
44 36
44 37
44 38
44 38
44 39
44 40
44 41
44 41
44 42
44 43
44 43
44 44
44 45
44 45
44 46
44 47
44 47
44 47
44 47
44 46
44 46
45 45
45 45
46 44
46 43
46 43
47 42
47 41
48 40
48 40
48 39
49 38
49 37
49 37
50 36
50 35
50 35
51 34
52 34
52 34
53 33
53 33
53 33
54 34
54 34
54 35
54 35
54 36
54 36
54 37
54 38
54 38
54 39
54 39
54 40
54 40
53 40
53 40
54 40
54 40
54 40
54 39
54 39
55 38
55 37
55 37
56 36
57 36
57 36
58 35
58 34
58 34
59 33
59 33
60 32
61 32
61 32
62 31
62 31
62 32
62 32
63 33
63 33
63 34
63 34
63 35
63 36
63 36
63 37
63 38
63 38
63 39
63 40
63 40
63 41
63 42
63 42
64 43
64 43
65 44
65 44
66 44
66 44
67 43
67 43
68 43
69 43
69 43
70 42
70 41
70 41
71 40
71 39
72 38
72 38
73 37
74 36
74 36
75 35
75 34
76 33
76 32
76 32
77 31
77 30
78 29
78 29
78 28
79 27
79 26
79 26
80 25
80 25
80 24
80 24
80 24
80 24
79 25
79 25
78 26
78 27
78 27
77 28
76 29
76 29
76 30
75 31
75 32
75 32
75 33
74 34
74 35
74 35
74 36
73 37
73 38
73 38
73 39
72 40
72 41
72 41
72 42
72 43
72 44
72 44
72 45
72 46
72 46
72 47
72 48
72 48
73 48
74 48
74 48
75 48
75 48
76 47
77 46
77 46
78 45
79 44
80 43
80 43
81 42
81 41
82 40
82 40
83 39
84 38
85 37
85 37
86 36
87 35
87 35
88 34
88 33
89 32
89 32
90 31
90 30
90 30
90 29
91 28
91 27
91 27
92 26
92 25
92 25
92 24
92 24
92 23
92 23
92 23
91 24
91 24
90 25
89 25
89 25
88 26
88 26
87 27
86 27
85 28
85 28
84 29
84 30
84 30
83 31
82 32
82 32
81 33
81 33
80 34
80 34
80 35
80 35
80 35
81 35
82 35
82 35
83 35
83 35
84 35
85 35
86 35
86 35
87 34
88 34
88 34
89 34
90 34
91 34
91 34
92 34
93 33
94 33
94 33
95 33
96 33
96 33
97 33
98 33
98 33
99 34
99 34
98 35
98 35
98 36
98 37
98 37
97 38
96 39
96 39
95 40
95 41
94 42
94 43
94 43
93 44
92 45
92 46
91 47
91 47
90 48
89 49
88 50
87 51
87 51
86 52
85 53
85 54
84 55
83 56
83 56
82 57
81 58
80 58
79 59
78 60
78 60
77 61
76 62
75 63
74 64
73 65
73 65
72 66
71 67
70 67
69 68
69 68
68 69
67 70
66 71
66 71
65 72
64 73
64 73
63 74
63 74
63 74
63 74
64 74
64 74
