14 40
14 40
14 40
14 41
14 41
14 41
13 42
13 42
13 42
13 42
13 42
12 42
12 42
11 41
11 41
10 40
10 40
9 39
9 39
8 38
7 38
7 38
6 37
6 36
6 36
5 35
4 35
4 35
3 34
3 34
3 33
3 33
2 32
2 32
2 32
2 31
2 31
3 30
3 29
3 29
4 28
4 27
5 26
5 26
6 25
6 24
7 23
7 22
7 22
8 21
8 20
9 19
9 18
10 17
10 17
11 16
12 15
12 14
13 13
13 13
14 12
14 11
15 10
15 9
16 8
16 8
17 7
18 6
18 5
19 4
19 4
20 3
21 2
21 2
22 1
23 1
23 1
24 0
24 0
24 1
24 1
25 2
25 2
25 3
25 4
25 5
25 5
25 6
24 7
24 8
24 9
24 9
24 10
23 11
23 12
23 13
23 13
23 14
23 15
23 16
22 17
22 18
22 19
22 20
22 20
22 21
21 22
21 23
21 24
21 25
20 26
20 27
20 27
20 28
19 29
19 30
19 31
19 32
18 33
18 34
18 35
18 35
18 36
18 37
17 38
17 39
17 40
17 41
16 42
16 43
16 44
16 44
16 45
16 46
15 47
15 48
15 49
15 50
14 51
14 52
14 53
14 53
14 54
13 55
13 56
13 57
13 58
12 59
12 60
12 61
12 61
12 62
11 63
11 64
11 65
11 66
10 67
10 68
10 68
10 69
9 70
9 71
9 72
9 73
8 74
8 75
8 75
8 76
8 77
7 78
7 79
7 80
7 80
7 81
7 82
6 83
6 84
6 85
6 85
6 86
5 87
5 88
5 88
5 89
4 90
4 91
4 91
3 92
3 92
2 93
2 93
1 92
1 92
0 91
0 90
0 90
0 89
0 88
0 88
0 87
0 86
0 86
0 85
0 84
0 83
0 82
0 82
0 81
0 80
0 79
0 78
0 78
0 77
0 76
1 75
1 74
1 73
1 73
1 72
2 71
2 70
2 69
3 68
3 67
3 67
3 66
4 65
4 64
5 63
5 62
6 61
6 60
6 60
6 59
7 58
7 57
8 56
8 55
8 54
9 53
9 52
9 52
10 51
10 50
11 49
11 48
12 47
12 46
12 46
13 45
13 44
14 43
14 42
15 41
15 41
16 40
17 39
18 38
18 38
19 37
20 37
20 37
21 37
22 37
23 37
24 37
25 37
26 37
27 38
28 38
29 38
30 38
31 38
32 38
33 38
33 38
32 39
32 40
32 40
31 41
31 41
31 41
31 41
31 40
31 40
32 39
32 39
32 38
32 37
32 36
32 36
33 35
33 35
33 34
33 33
33 33
33 32
33 31
33 31
33 30
33 30
33 29
33 29
33 29
32 29
32 29
31 30
31 31
31 31
31 32
30 33
30 34
30 34
30 35
29 36
29 37
29 38
29 38
29 39
28 40
28 41
28 42
28 42
27 43
27 44
26 45
26 46
26 46
26 47
25 48
25 49
25 49
25 50
25 51
25 51
25 52
25 52
26 52
26 52
27 52
27 52
28 51
29 50
29 50
30 49
30 48
30 48
31 47
31 46
32 45
32 45
32 44
33 43
33 42
33 42
34 41
34 40
34 40
35 40
35 40
35 39
35 39
35 39
35 40
35 40
35 41
35 42
35 42
34 43
34 44
34 44
34 45
34 46
34 46
33 47
33 48
33 48
33 49
33 49
33 50
33 50
34 50
34 50
35 50
35 50
36 49
36 49
37 48
37 47
37 47
38 46
39 45
39 45
40 44
40 43
40 43
41 42
41 41
41 41
42 40
42 39
42 39
42 38
42 38
43 38
43 38
43 38
43 39
43 39
43 40
43 40
43 41
43 42
43 42
43 43
43 44
43 44
42 45
42 46
42 46
42 47
42 48
42 48
41 49
41 49
41 50
41 50
41 50
42 50
42 50
43 49
43 49
44 48
44 47
44 47
44 46
45 45
45 44
45 44
46 43
46 42
47 41
47 41
48 40
48 39
49 38
49 38
50 37
50 36
51 35
51 35
52 34
53 34
53 34
54 33
54 33
55 34
55 34
56 35
56 35
56 36
56 37
56 38
56 38
56 39
56 40
56 40
55 41
55 42
55 42
54 43
54 44
54 44
53 45
53 46
53 46
53 47
53 47
53 47
53 47
53 46
53 46
54 45
54 44
54 44
55 43
55 42
55 42
56 41
57 40
57 40
58 39
59 38
59 38
60 37
60 36
60 36
61 35
62 34
62 34
63 33
63 33
63 32
63 32
64 32
64 32
64 33
64 33
64 34
64 34
63 35
63 36
63 36
63 37
63 38
63 39
63 39
63 40
62 41
62 42
62 42
61 43
61 44
61 44
61 45
61 45
62 46
62 46
62 47
62 47
63 48
64 48
64 48
65 47
65 47
66 46
67 46
68 45
68 45
69 44
70 43
70 43
71 42
72 41
72 41
73 40
74 39
75 38
75 38
76 37
76 36
77 35
77 35
77 34
78 33
78 32
78 32
79 31
79 30
79 30
80 29
80 29
80 28
80 28
80 27
80 27
79 27
79 27
78 28
78 28
77 29
77 30
77 30
76 31
76 32
76 32
75 33
75 34
75 34
75 35
74 36
74 37
74 37
74 38
73 39
73 40
73 40
73 41
72 42
72 43
72 43
72 44
71 45
71 46
71 46
70 47
70 48
70 48
70 49
70 50
70 50
71 51
71 51
72 51
72 51
73 51
74 51
74 51
75 50
76 49
76 49
77 48
78 48
79 47
79 47
80 46
81 45
82 44
82 44
83 43
84 43
85 42
85 42
86 41
86 40
87 39
87 39
88 38
89 37
89 36
90 35
90 35
91 34
92 34
93 33
93 33
94 32
95 32
96 31
96 31
97 30
97 29
97 29
98 28
98 27
98 27
99 27
99 27
98 27
98 27
97 27
97 27
96 28
95 28
95 28
94 29
93 29
93 29
92 30
91 30
91 30
90 31
89 31
89 31
88 32
87 32
86 33
86 33
85 34
84 34
84 34
83 35
83 36
82 37
82 37
81 38
80 38
79 39
79 39
78 40
78 41
78 41
77 42
77 42
76 43
76 43
77 44
77 45
77 45
78 45
78 45
79 46
80 46
80 46
81 47
82 47
82 47
83 47
84 47
85 47
85 47
86 47
87 48
88 48
88 48
89 49
90 49
90 49
91 49
92 50
93 50
93 50
94 51
94 51
95 52
95 53
95 53
94 54
94 55
94 55
94 56
93 57
93 58
93 58
92 59
91 60
90 61
90 61
89 62
88 63
87 64
86 65
86 65
85 66
84 67
83 68
82 69
82 69
81 70
80 71
80 72
79 73
78 74
78 74
77 75
76 76
75 76
74 77
73 78
73 78
72 79
71 79
70 80
69 81
68 81
67 82
67 82
66 83
65 84
64 84
63 85
62 86
62 86
61 87
60 88
59 88
58 89
58 89
57 90
56 91
55 91
54 92
53 93
53 93
52 94
51 94
50 95
50 95
49 96
48 97
47 98
47 98
46 99
45 99
45 99
45 99
45 99
46 99
