16 29
16 29
16 29
16 29
16 29
16 29
16 29
15 28
14 28
14 28
13 28
12 28
12 28
11 27
10 27
10 27
9 26
8 26
8 26
7 25
6 25
6 25
5 24
4 24
4 24
3 23
3 22
3 22
2 21
2 21
2 21
3 20
3 20
4 19
5 18
6 17
6 17
7 16
8 15
9 14
10 13
10 13
11 12
12 11
13 11
14 10
14 10
15 9
16 8
17 8
18 7
18 7
19 7
20 6
21 6
21 6
22 5
23 5
24 4
24 4
25 3
26 3
27 2
27 2
28 1
29 1
29 1
30 0
31 0
31 0
32 0
32 0
32 1
32 1
32 2
32 2
32 3
31 4
31 5
31 5
31 6
30 7
30 8
30 9
30 9
30 10
29 11
29 12
29 13
28 14
28 15
28 15
27 16
27 17
26 18
26 19
26 19
25 20
24 21
24 22
23 23
23 23
23 24
22 25
22 26
21 27
21 28
21 28
20 29
20 30
19 31
19 32
18 33
18 34
18 34
18 35
17 36
17 37
17 38
16 39
16 40
16 40
16 41
15 42
15 43
14 44
14 45
14 46
13 47
13 48
13 48
13 49
12 50
12 51
12 52
11 53
11 54
11 54
11 55
11 56
10 57
10 58
10 59
10 60
10 60
10 61
9 62
9 63
9 64
9 64
8 65
8 66
8 66
8 67
7 68
7 69
7 69
6 70
6 70
5 71
5 72
5 72
4 73
4 74
4 74
3 75
3 75
2 76
1 77
1 77
0 78
0 78
0 78
0 78
0 78
0 77
0 77
0 76
0 75
0 75
0 74
0 73
0 72
0 71
0 71
0 70
0 69
0 68
0 68
0 67
0 66
0 65
0 64
0 64
0 63
1 62
1 61
1 60
1 60
1 59
2 58
2 57
2 56
2 56
2 55
2 54
2 53
2 53
2 52
3 51
3 50
3 50
3 49
4 48
4 47
4 46
4 46
5 45
5 44
6 43
6 43
7 42
7 41
8 40
8 40
9 39
9 39
10 38
11 38
11 38
12 37
12 37
13 37
14 37
15 37
16 37
17 37
18 36
19 36
20 36
21 36
22 36
23 36
24 36
25 36
26 36
27 36
28 36
29 36
30 35
31 35
32 35
33 35
34 35
35 35
35 35
35 35
35 35
35 35
35 35
35 35
35 35
35 34
35 33
35 32
35 32
35 31
35 31
35 30
35 30
34 29
34 28
34 28
34 27
34 27
34 26
34 25
34 25
33 24
33 24
33 23
33 23
33 22
33 22
33 22
32 22
32 22
31 23
31 23
31 24
30 25
30 26
30 26
29 27
29 28
28 29
28 29
27 30
27 31
26 32
26 32
25 33
25 34
24 35
24 35
23 36
23 37
22 38
22 38
21 39
21 40
21 40
20 41
20 42
20 42
20 43
20 44
20 44
20 45
20 45
20 46
20 47
20 47
21 48
21 48
22 48
23 48
23 48
24 48
24 48
25 47
26 46
26 46
27 45
27 44
27 44
28 43
28 42
28 42
29 41
29 40
29 40
29 39
30 38
30 37
30 37
31 36
31 36
32 35
32 34
32 34
33 33
33 32
33 32
34 31
34 30
34 30
35 29
35 28
35 28
35 28
35 28
35 28
35 29
35 30
35 30
35 31
35 32
35 33
35 33
35 34
34 35
34 36
34 36
34 37
33 38
33 39
33 39
33 40
32 41
32 42
32 42
32 43
32 43
32 44
32 45
32 45
33 46
33 46
34 47
34 48
34 48
35 48
36 48
36 48
37 48
38 48
38 48
39 48
40 48
40 48
41 47
42 46
42 46
42 45
42 44
43 43
43 42
43 41
43 40
43 39
43 38
44 37
44 36
44 35
44 34
44 33
45 32
45 31
45 30
45 29
45 28
45 27
46 26
46 25
46 24
46 24
46 24
46 24
46 24
46 24
46 24
46 24
46 24
46 24
46 24
47 25
47 26
47 26
48 27
48 28
48 28
48 29
48 30
48 31
48 31
48 32
48 33
48 34
48 35
48 35
48 36
48 37
48 38
48 39
48 39
48 40
48 41
48 42
48 42
48 43
47 44
47 45
47 45
47 46
47 46
47 46
47 46
47 46
47 46
47 45
47 45
47 44
47 44
47 43
48 42
48 41
48 41
49 40
49 39
50 38
50 38
50 37
51 36
51 35
51 35
52 34
52 33
53 32
53 32
54 31
54 30
55 29
55 29
56 28
57 27
57 27
58 27
58 27
58 27
58 27
58 27
58 28
58 29
58 29
58 30
58 31
58 31
57 32
57 33
57 33
56 34
56 35
56 35
56 36
56 37
56 37
55 38
55 39
55 39
54 40
54 40
54 41
54 41
54 41
55 41
55 41
55 40
55 40
56 39
56 39
57 38
57 37
57 37
58 36
58 35
58 35
59 34
59 33
59 33
60 32
60 31
60 31
61 30
61 30
62 29
63 28
63 28
63 27
63 27
64 27
64 27
64 27
64 27
64 27
64 28
64 28
64 29
64 30
64 30
64 31
64 32
64 32
63 33
63 34
63 34
62 35
62 36
62 36
62 37
62 38
62 38
61 39
61 40
61 40
61 41
61 41
61 41
61 41
62 42
62 42
63 42
63 42
64 41
64 41
65 41
65 41
66 40
67 40
67 40
68 39
68 39
69 38
69 38
70 37
70 37
71 36
71 36
72 36
72 36
72 35
72 35
73 35
73 35
73 34
73 34
73 34
73 33
73 33
74 32
74 32
74 31
74 31
75 30
75 29
75 29
75 28
75 28
76 27
76 27
76 26
76 26
76 25
76 25
76 25
76 24
76 24
76 23
76 23
76 22
76 22
76 21
76 21
75 21
75 21
75 20
75 20
74 20
74 20
73 21
73 21
72 22
72 22
71 23
71 23
70 24
70 24
69 25
69 25
69 26
69 27
69 27
69 28
69 29
69 29
69 30
69 31
69 31
69 32
69 33
69 34
69 34
70 35
70 36
70 36
70 37
70 38
70 39
70 39
71 40
71 41
71 41
71 42
71 42
72 43
72 43
72 44
72 44
72 45
72 45
72 46
72 46
71 47
71 47
71 48
71 48
71 48
70 49
70 49
70 49
70 49
70 49
71 49
71 49
72 48
72 48
73 48
73 48
74 48
74 48
75 48
76 48
76 48
77 47
77 47
78 46
79 46
79 46
80 45
80 44
80 44
81 43
81 42
82 41
82 41
83 40
84 39
84 39
85 38
85 37
85 37
86 36
86 36
87 35
88 35
88 35
89 34
89 33
89 33
90 32
91 32
91 32
92 31
92 30
92 30
93 29
94 28
94 28
95 27
96 26
96 26
97 25
97 24
97 24
98 23
98 23
99 22
99 22
98 21
98 21
98 20
98 20
97 19
97 19
96 19
95 19
95 19
94 18
93 18
93 18
92 19
91 19
91 19
90 19
89 20
88 20
88 20
87 21
86 21
86 21
85 22
84 23
84 23
83 24
82 25
82 25
81 26
81 27
81 27
80 28
79 29
79 29
78 30
78 31
78 31
77 32
77 32
77 33
77 33
77 34
77 34
78 35
78 36
78 36
79 37
80 37
80 37
81 37
82 38
83 38
83 38
84 38
85 38
86 38
86 38
87 38
88 38
89 38
89 38
90 38
91 37
92 37
92 37
93 37
94 37
94 37
95 37
95 37
96 37
96 37
97 38
97 38
97 39
97 39
97 40
97 41
97 42
97 42
97 43
97 44
97 45
97 46
97 46
97 47
97 48
96 49
96 50
96 51
96 51
96 52
95 53
95 54
94 55
94 56
94 56
93 57
93 58
92 59
91 60
91 61
90 62
90 62
89 63
88 64
87 65
87 66
86 67
85 68
84 69
84 69
83 70
82 71
81 72
80 72
79 73
78 74
77 75
77 75
76 76
75 77
74 77
73 78
72 79
71 80
70 80
69 81
69 81
68 82
67 83
66 84
65 84
64 85
63 86
62 87
62 87
61 88
60 89
59 90
58 91
57 92
56 93
56 93
55 94
54 94
53 95
52 95
51 96
51 96
50 97
49 98
48 99
48 99
48 99
