12 38
13 39
13 39
13 39
13 39
13 39
13 39
13 39
13 38
13 38
13 38
12 37
12 37
11 37
11 37
10 36
10 36
9 35
9 35
8 35
7 35
7 35
6 35
6 35
5 35
4 35
4 35
3 35
3 35
2 35
2 35
1 34
1 34
1 33
1 32
1 32
2 31
2 30
2 30
2 29
3 28
3 27
3 27
4 26
4 25
5 24
5 24
6 23
6 22
7 21
7 20
7 20
8 19
9 18
9 17
10 16
10 16
11 15
11 14
12 13
12 12
13 11
13 11
14 10
15 9
16 8
16 8
17 7
18 6
19 5
19 5
20 4
21 3
21 3
22 2
23 1
23 1
24 1
24 1
25 1
25 1
26 2
26 2
26 3
26 3
26 4
26 5
26 6
26 6
26 7
25 8
25 9
25 10
25 10
25 11
25 12
24 13
24 14
24 15
24 15
24 16
24 17
23 18
23 19
23 20
23 21
23 21
23 22
22 23
22 24
22 25
22 26
21 27
21 28
21 28
21 29
20 30
20 31
20 32
20 33
19 34
19 35
19 36
19 36
19 37
19 38
18 39
18 40
18 41
18 42
17 43
17 44
17 45
17 45
17 46
17 47
16 48
16 49
16 50
16 51
15 52
15 53
15 54
15 54
15 55
14 56
14 57
14 58
14 59
13 60
13 61
13 62
13 62
13 63
13 64
13 65
12 66
12 67
12 68
12 69
12 69
12 70
11 71
11 72
11 73
10 74
10 75
10 75
10 76
10 77
9 78
9 79
9 80
9 80
9 81
9 82
8 83
8 84
8 85
8 85
7 86
7 87
6 88
6 89
6 89
6 90
5 91
5 92
5 92
5 93
4 94
4 95
4 95
3 96
2 97
2 97
1 98
1 99
1 99
0 99
0 99
0 99
0 98
0 97
0 97
0 96
0 95
0 94
0 94
0 93
0 92
1 91
1 90
1 89
1 89
1 88
1 87
1 86
2 85
2 84
2 83
2 82
2 82
2 81
3 80
3 79
3 78
3 77
4 76
4 75
4 74
4 74
4 73
5 72
5 71
6 70
6 69
7 68
7 67
7 67
7 66
8 65
8 64
8 63
8 62
9 61
9 60
9 59
9 59
9 58
10 57
10 56
11 55
11 54
12 53
12 52
12 52
13 51
13 50
14 49
14 48
15 47
15 46
15 46
16 45
16 44
17 43
17 42
18 41
18 40
18 40
19 39
19 38
20 37
20 36
20 36
21 35
22 34
22 33
23 32
23 32
24 31
24 30
25 29
25 29
26 28
26 27
26 27
27 26
27 26
28 27
29 28
29 29
30 30
31 31
32 32
33 33
34 34
34 35
35 36
36 37
36 37
35 38
35 38
35 37
35 37
35 37
36 36
36 36
36 35
36 35
36 34
36 33
36 33
36 32
36 31
36 31
36 30
36 29
36 29
36 28
36 28
36 27
36 27
36 26
36 26
36 25
36 25
35 25
35 25
34 26
34 26
33 27
33 28
33 28
33 29
32 30
32 31
32 31
32 32
31 33
31 34
31 35
31 35
31 36
30 37
30 38
30 39
30 39
29 40
29 41
29 41
29 42
29 43
29 44
29 44
29 45
29 46
29 46
29 46
30 46
30 46
31 46
31 46
32 45
32 45
33 44
33 43
33 43
33 42
34 41
34 40
34 40
35 39
35 38
35 38
36 37
36 36
36 36
37 35
37 35
37 34
37 34
37 35
37 35
37 35
37 36
37 37
37 37
36 38
36 39
36 39
36 40
36 41
36 42
36 42
36 43
35 44
35 45
35 45
35 46
35 46
35 47
35 47
36 47
36 47
37 47
37 47
38 46
38 46
39 45
39 44
39 44
40 43
41 42
41 42
41 41
42 40
42 39
42 39
43 38
44 37
44 37
45 36
45 35
45 35
46 34
46 34
46 35
46 35
46 36
46 36
46 37
46 38
46 38
45 39
45 40
45 40
44 41
44 42
44 42
44 43
44 44
44 44
43 45
43 45
43 46
43 46
44 46
44 46
44 46
45 45
45 45
46 44
46 43
46 43
47 42
47 41
47 41
47 40
48 39
48 38
48 38
49 37
49 36
50 35
50 35
51 34
51 33
51 33
52 32
53 32
53 32
54 31
54 31
54 31
55 32
55 32
55 33
55 33
54 34
54 35
54 35
54 36
54 36
53 37
53 38
53 38
52 39
52 39
52 39
52 39
52 39
53 38
53 38
54 37
54 37
55 36
56 36
56 36
57 35
57 34
57 34
58 33
59 33
59 33
60 32
60 31
60 31
61 31
61 31
62 31
62 31
63 31
63 31
64 32
64 32
64 33
64 34
64 34
64 35
64 36
64 36
63 37
63 38
63 38
63 39
63 40
63 40
63 41
63 42
63 42
64 43
64 44
64 44
64 45
64 45
65 46
65 46
66 46
67 46
67 46
68 45
69 45
69 45
70 44
71 43
71 43
72 42
73 42
74 41
74 41
75 40
76 39
76 39
77 38
77 37
78 36
78 36
78 35
79 34
79 33
79 33
80 32
80 31
80 31
81 30
81 29
81 29
81 28
81 27
81 27
81 26
81 26
80 26
80 26
80 27
80 27
79 28
78 28
78 28
78 29
77 30
77 31
77 31
76 32
75 33
75 33
75 34
74 35
74 36
74 36
73 37
73 38
72 39
72 39
71 40
71 41
71 41
71 42
71 43
71 43
71 44
71 44
72 45
72 45
73 45
73 45
74 45
75 45
75 45
76 44
77 44
77 44
78 43
79 43
80 42
80 42
81 41
82 40
83 39
83 39
84 38
85 37
85 37
86 36
87 35
88 34
88 34
89 33
89 32
90 31
90 31
91 30
92 29
93 28
93 28
94 27
95 27
95 27
96 26
96 26
97 25
97 25
97 24
97 24
96 24
96 24
95 25
95 25
94 25
93 25
93 25
92 26
91 26
91 26
90 27
89 27
89 27
88 28
87 29
87 29
86 30
86 30
85 31
85 31
84 32
84 32
84 33
84 33
84 33
84 34
84 34
85 34
85 34
86 34
87 34
87 34
88 34
89 34
90 34
90 34
91 34
92 34
92 34
93 34
94 35
95 35
95 35
96 35
97 35
97 35
98 36
98 37
98 37
99 38
99 38
99 39
99 39
98 40
98 41
98 41
97 42
97 43
96 44
96 44
95 45
94 46
94 46
93 47
92 48
91 49
90 50
90 50
89 51
88 52
87 53
86 54
86 54
85 55
84 56
83 56
82 57
81 58
81 58
80 59
79 60
78 61
77 61
76 62
75 63
75 63
74 64
73 65
72 66
71 66
70 67
69 68
69 68
68 69
67 70
66 70
65 71
64 72
64 72
63 73
62 74
61 74
60 75
59 76
59 76
58 77
57 78
56 79
55 80
55 80
54 81
53 81
52 82
52 82
51 83
51 84
51 84
50 84
50 84
