15 25
15 25
15 25
15 25
15 25
15 25
15 25
15 25
15 25
15 25
14 26
13 26
13 26
12 26
11 26
11 26
10 26
10 26
9 25
8 25
8 25
7 24
7 24
6 23
6 23
5 22
4 22
4 22
3 21
3 21
3 21
2 20
2 20
2 20
2 20
3 19
3 19
4 18
4 18
5 17
5 16
5 16
6 15
7 14
7 14
8 13
8 12
9 11
9 11
10 10
11 9
11 9
12 8
13 7
13 7
14 6
15 5
15 5
16 4
16 4
17 3
18 3
18 3
19 2
19 2
20 1
20 1
21 1
21 1
21 0
21 0
22 0
22 0
22 0
22 1
22 1
22 1
22 2
22 2
22 3
22 4
22 4
22 5
22 6
22 7
22 7
22 8
21 9
21 10
21 10
21 11
20 12
20 13
20 14
20 14
20 15
19 16
19 17
19 18
19 18
19 19
18 20
18 21
18 21
18 22
18 23
18 24
18 24
18 25
17 26
17 27
17 27
17 28
17 29
17 29
17 30
16 31
16 32
16 32
15 33
15 34
15 34
15 35
14 36
14 37
14 38
14 38
14 39
14 40
13 41
13 42
13 43
13 43
13 44
13 45
12 46
12 47
12 48
12 48
12 49
12 50
11 51
11 52
11 53
11 53
11 54
10 55
10 56
10 57
10 57
10 58
10 59
10 60
10 61
10 61
9 62
9 63
9 63
8 64
8 65
8 65
7 66
6 66
6 66
5 67
4 67
4 67
3 68
3 68
2 69
1 69
1 69
0 69
0 69
0 69
0 69
0 68
0 67
0 67
0 66
0 65
0 64
0 63
0 62
0 62
0 61
0 60
1 59
1 58
1 57
1 57
1 56
2 55
2 54
2 53
3 52
3 51
3 51
4 50
4 49
5 48
5 47
5 47
6 46
6 45
7 44
7 43
7 43
8 42
8 41
9 40
9 39
9 39
10 38
11 38
12 37
13 37
14 36
15 36
16 35
17 34
18 34
19 33
20 33
21 32
22 31
23 31
24 30
25 30
26 29
27 29
28 28
28 28
28 28
28 28
28 28
28 28
28 27
29 26
29 25
29 25
29 24
29 24
29 23
29 22
29 22
29 22
29 22
28 22
28 22
28 22
28 22
27 22
27 22
26 23
26 24
26 24
26 25
25 26
25 27
25 27
24 28
24 29
24 29
24 30
23 31
23 32
23 33
23 33
22 34
22 35
21 36
21 37
21 37
21 38
21 39
21 40
21 40
21 41
21 41
21 42
21 42
21 43
21 43
22 43
22 43
22 43
23 43
24 43
24 43
25 42
25 41
25 41
26 40
27 39
27 39
27 38
28 37
28 36
28 36
29 35
30 34
30 34
31 33
32 32
32 32
32 31
33 30
33 29
33 29
34 28
34 28
35 27
35 26
35 26
35 25
35 25
36 24
36 24
36 23
36 23
36 23
36 23
35 24
35 24
35 25
35 25
35 26
34 27
34 28
34 28
34 29
33 30
33 31
33 31
32 32
32 33
32 33
32 34
32 35
32 35
32 36
32 37
32 37
32 38
32 38
33 39
33 39
34 40
34 40
35 40
35 40
36 40
36 40
37 40
38 40
38 40
39 39
39 39
39 38
39 37
39 36
40 35
40 34
40 33
40 32
40 31
40 30
41 29
41 28
41 27
41 26
41 25
41 24
41 23
42 22
42 21
42 20
42 19
42 19
42 19
42 19
42 19
42 19
42 19
42 19
42 19
43 20
43 21
43 21
43 22
43 23
43 24
43 24
43 25
43 26
43 27
43 28
43 28
43 29
43 30
43 31
43 31
43 32
43 33
43 34
43 34
43 35
43 35
43 36
43 36
43 37
43 37
43 37
43 37
43 37
43 36
43 36
43 35
43 35
44 34
44 33
44 33
45 32
45 31
45 31
46 30
46 29
46 29
47 28
47 27
47 27
48 26
48 25
48 25
48 24
48 24
48 24
49 23
49 23
49 23
49 23
49 23
49 23
49 24
49 24
49 25
49 26
49 26
49 27
49 28
49 28
49 29
49 30
49 30
48 31
48 32
48 32
48 33
48 33
48 34
48 34
48 34
48 34
48 34
48 34
48 34
48 33
48 33
49 33
49 33
50 32
50 31
50 31
51 30
51 30
52 29
52 28
52 28
53 27
54 26
54 26
55 25
55 25
56 24
56 24
57 24
57 24
57 24
57 24
57 24
57 24
56 25
56 26
56 26
56 27
56 28
56 29
56 29
55 30
55 30
55 31
55 32
55 32
55 33
55 33
55 34
55 34
55 35
55 35
55 35
55 35
55 35
56 35
56 35
56 36
56 36
57 36
57 36
58 36
58 36
59 36
60 36
60 36
61 36
61 36
62 35
63 35
63 35
64 34
64 33
64 33
65 32
65 31
65 31
66 30
66 30
67 29
67 28
67 28
67 27
67 26
67 26
68 25
68 25
68 24
68 24
68 23
68 23
68 22
68 22
68 22
67 21
67 21
67 21
66 21
66 21
66 21
66 22
66 22
65 22
65 22
65 23
65 23
64 24
64 24
63 25
63 25
62 26
62 27
62 27
61 28
61 28
61 28
61 28
61 28
61 28
61 29
61 29
61 29
61 29
61 29
62 30
62 30
62 30
62 31
62 31
62 31
62 31
62 31
62 31
62 32
62 32
62 32
62 32
62 32
62 32
62 32
62 32
62 33
62 33
61 33
61 33
61 34
61 34
61 35
61 36
61 36
61 37
61 38
61 39
61 39
62 40
62 41
62 41
62 42
62 42
63 43
63 43
64 43
64 43
64 43
65 42
65 42
65 42
65 42
65 42
65 43
65 43
65 43
65 43
65 43
65 43
65 43
66 42
66 42
67 41
67 41
68 40
68 40
68 40
69 39
69 39
70 38
70 37
70 37
71 36
72 36
72 36
73 35
73 35
74 34
74 34
75 33
75 33
76 32
76 31
76 31
77 30
77 30
77 29
77 29
78 28
78 27
78 27
79 26
79 26
79 25
79 24
79 24
80 23
80 23
80 22
80 22
81 22
81 22
81 21
81 21
82 21
82 21
82 20
82 19
82 19
82 19
83 18
83 18
83 17
83 17
83 17
83 17
83 17
83 17
82 16
82 16
81 17
81 17
80 17
80 17
79 18
79 18
78 19
78 20
78 20
77 21
77 21
76 22
76 22
75 23
75 23
75 24
75 24
74 25
74 26
74 26
73 27
72 28
72 28
72 29
71 30
71 31
71 31
71 32
70 33
70 34
70 34
70 35
70 36
70 36
71 37
71 38
71 38
72 39
72 40
72 40
73 40
74 40
75 40
75 40
76 40
77 40
78 40
78 40
79 40
80 39
81 39
81 39
82 39
83 38
84 38
85 38
85 38
86 38
87 37
88 37
88 37
89 36
90 36
91 35
92 35
92 35
93 35
94 34
95 34
95 34
96 34
97 34
97 34
98 35
98 35
99 35
99 35
98 36
98 37
98 37
98 38
97 39
97 40
97 41
97 41
97 42
96 43
96 44
95 45
95 46
95 46
94 47
93 48
93 49
92 50
91 51
91 51
90 52
90 53
89 54
89 55
88 56
88 57
88 57
87 58
86 59
85 60
85 61
84 62
83 63
83 63
82 64
81 65
80 66
80 67
79 68
78 69
78 69
77 70
77 71
76 72
75 73
75 74
74 75
74 75
73 76
72 77
71 78
70 79
69 80
69 80
68 81
67 82
67 83
66 84
65 85
65 85
64 86
63 87
63 88
62 89
61 90
61 90
60 91
59 92
59 93
58 94
58 94
57 95
56 96
55 97
55 97
54 98
54 99
54 99
53 99
53 99
54 99
54 99
55 98
55 98
56 97
57 96
57 96
58 95
59 94
