20 25
20 25
20 25
20 25
20 25
20 25
20 25
19 25
18 25
18 25
17 25
17 25
16 25
15 25
15 25
14 24
13 24
13 24
12 24
11 24
11 24
10 23
9 23
9 23
8 23
7 22
6 22
6 22
5 21
4 21
4 21
3 20
3 20
2 20
2 20
2 19
2 19
3 18
4 17
4 17
5 16
5 15
5 15
6 14
7 13
8 12
8 12
9 11
10 10
11 9
11 9
12 8
13 7
14 7
15 6
15 6
16 5
17 5
18 4
18 4
19 3
20 3
21 2
21 2
22 1
23 1
23 1
24 0
24 0
24 0
24 1
24 1
24 2
24 2
23 3
23 3
22 4
22 5
22 5
22 6
21 7
21 8
21 9
21 9
21 10
20 11
20 12
20 13
20 13
20 14
19 15
19 16
19 17
18 18
18 19
18 19
18 20
18 21
18 22
17 23
17 24
17 25
17 26
17 26
17 27
16 28
16 29
16 30
15 31
15 32
15 32
15 33
14 34
14 35
14 36
13 37
13 38
13 38
13 39
12 40
12 41
12 42
12 42
12 43
11 44
11 45
11 46
11 46
10 47
10 48
10 48
10 49
9 50
9 51
9 51
9 52
9 53
9 54
9 55
9 55
9 56
8 57
8 58
8 58
8 59
7 60
7 61
7 61
6 62
6 62
5 63
5 63
5 64
5 64
5 64
5 64
4 64
4 64
4 64
4 64
3 63
3 63
2 63
2 63
1 62
1 61
1 61
0 60
0 60
0 59
0 59
0 59
0 59
0 58
0 57
0 57
0 56
1 55
1 54
1 54
2 53
3 52
3 51
4 50
4 50
5 49
6 48
7 47
8 46
8 46
9 45
10 44
10 43
11 42
12 41
12 41
13 40
14 39
14 38
15 37
16 36
16 36
17 35
18 34
18 33
19 32
19 32
20 31
21 30
21 30
22 29
22 28
22 28
23 28
23 28
24 28
25 28
26 28
27 28
28 28
29 27
30 27
31 27
32 27
33 27
34 27
34 27
34 27
34 27
34 27
34 27
34 27
34 27
34 27
34 27
34 26
34 25
34 24
34 24
34 23
34 23
34 22
34 22
34 22
33 21
33 21
32 21
32 21
32 21
31 22
31 22
30 22
30 22
29 23
29 24
28 25
28 25
28 26
27 27
27 28
27 28
27 29
27 30
26 31
26 32
26 33
26 33
25 34
25 35
24 36
24 37
24 37
24 38
23 39
23 40
23 41
23 41
23 42
23 43
23 43
23 43
23 43
24 43
25 43
25 43
26 42
26 42
27 41
28 40
28 40
29 39
30 38
30 38
31 37
31 36
32 35
32 35
33 34
33 33
34 32
34 32
35 31
35 30
36 29
36 29
37 28
37 27
37 27
38 26
38 25
38 25
38 24
38 24
38 24
38 24
38 24
38 25
38 25
37 26
37 26
36 27
36 28
36 28
35 29
35 30
35 30
35 31
34 32
34 33
34 33
34 34
33 35
33 36
33 37
33 37
33 38
33 39
33 40
33 40
33 41
33 42
33 42
34 43
34 43
35 43
36 43
36 43
37 42
38 42
38 42
39 41
40 40
40 40
40 39
41 38
41 37
41 36
42 35
42 34
42 33
42 32
43 31
43 30
43 29
44 28
44 27
44 26
45 25
45 24
45 23
45 22
46 21
46 20
46 20
46 20
46 20
46 20
46 20
46 20
46 20
46 20
46 20
46 21
47 22
47 23
47 24
47 24
47 25
47 26
47 26
46 27
46 28
46 28
46 29
46 30
46 30
45 31
45 32
45 32
45 33
45 34
45 34
45 35
44 36
44 37
44 37
44 38
44 39
44 39
44 40
44 40
44 40
44 40
44 40
44 39
44 39
45 38
45 38
45 37
45 37
45 36
45 35
45 35
46 34
46 34
47 33
47 32
47 32
48 31
48 30
49 29
49 29
50 28
50 27
50 27
51 26
52 25
52 25
53 24
53 23
53 23
54 23
54 23
54 23
54 24
54 24
54 25
54 25
54 26
54 26
54 27
53 28
53 29
53 29
52 30
52 30
52 31
52 32
52 32
51 33
51 34
51 34
50 35
50 35
50 36
50 36
49 37
49 37
49 37
50 37
50 37
50 36
50 36
50 36
51 35
51 35
51 34
51 34
52 33
52 33
53 32
53 31
53 31
54 30
54 30
55 29
55 29
56 28
56 27
56 27
57 26
57 26
58 26
58 26
58 26
59 26
59 26
59 26
59 26
58 26
58 26
58 27
58 27
58 28
58 28
57 29
57 29
57 30
57 30
57 31
57 32
57 32
56 33
56 34
56 34
56 35
56 35
56 36
56 37
56 37
57 37
57 37
57 38
57 38
58 38
58 38
59 38
60 38
60 38
61 37
61 37
62 37
62 37
63 36
63 36
64 35
64 34
64 34
65 33
65 33
66 32
66 32
67 31
67 30
67 30
68 29
68 28
68 28
68 27
68 27
69 27
69 27
69 26
69 26
69 26
69 25
69 25
70 24
70 24
70 23
70 23
70 23
71 22
71 22
71 22
71 21
71 21
71 21
71 21
71 21
70 21
70 21
70 21
70 21
70 21
70 21
69 21
69 21
69 20
69 20
68 20
68 20
68 19
68 19
67 19
67 19
67 18
67 18
66 18
66 18
65 18
65 18
64 19
64 19
63 19
63 19
63 20
63 20
62 21
62 22
62 22
62 23
62 24
62 24
62 25
62 25
62 26
62 27
62 27
62 27
63 27
63 27
63 28
63 28
64 29
64 29
64 30
64 30
65 31
65 31
65 31
65 32
65 32
64 33
64 33
64 33
64 34
64 34
64 35
64 35
63 36
63 36
63 37
63 37
63 38
63 38
63 39
63 39
63 39
63 39
63 40
63 40
63 40
64 40
64 40
64 40
64 41
64 41
65 41
65 41
65 41
66 41
66 41
67 40
67 40
68 39
68 39
69 38
70 38
70 38
71 37
71 36
71 36
72 35
72 34
72 34
73 33
73 32
73 32
74 31
75 31
75 31
76 30
76 29
76 29
77 28
78 27
78 27
79 26
79 26
80 25
80 24
80 24
81 23
82 22
82 22
82 21
82 21
83 21
83 21
84 20
84 20
84 20
85 20
85 20
85 19
85 19
86 19
86 19
86 19
87 18
87 18
88 18
88 18
88 17
88 17
89 16
89 16
89 16
88 16
88 16
88 15
88 15
87 15
87 15
86 16
85 16
85 16
84 17
84 17
83 18
83 18
82 19
82 19
81 19
81 19
81 20
81 20
80 20
80 20
80 20
79 21
79 21
79 21
78 22
78 22
77 23
77 23
77 24
77 25
77 25
77 26
77 27
77 27
77 28
77 28
77 29
77 30
77 30
77 31
77 31
77 32
77 32
77 33
77 33
77 34
77 34
78 35
78 35
78 35
79 36
79 36
80 36
80 36
81 36
82 36
82 36
83 35
84 35
84 35
85 34
86 34
86 34
87 34
88 33
89 33
89 33
90 33
91 32
92 32
92 32
93 32
94 32
94 32
95 32
96 32
96 32
97 32
97 32
98 32
98 32
98 32
99 33
99 33
98 33
98 33
98 34
98 35
98 36
98 36
97 37
97 38
96 39
96 40
96 40
95 41
94 42
94 43
93 44
93 44
92 45
92 46
91 47
90 48
90 49
89 50
89 50
88 51
87 52
86 53
86 54
85 55
84 56
84 56
83 57
83 58
82 59
81 60
80 61
80 62
79 63
79 63
78 64
77 65
76 66
75 66
74 67
73 68
73 68
72 69
72 70
71 71
70 72
70 73
69 74
69 74
68 75
67 76
67 77
66 78
65 79
65 79
64 80
63 81
62 82
61 83
60 84
60 84
59 85
58 86
57 87
56 88
56 88
55 89
54 90
54 91
53 92
52 93
52 93
51 94
51 95
50 96
50 97
50 97
49 98
48 98
47 99
47 99
47 99
48 99
48 99
49 98
49 97
