12 46
13 45
13 44
13 44
13 44
13 43
13 43
13 43
12 43
12 43
12 43
12 43
11 43
11 43
10 42
10 42
9 41
9 41
8 41
7 41
7 41
6 40
6 40
5 39
4 39
4 39
3 38
2 38
2 38
1 37
1 37
0 36
0 35
0 35
0 34
0 34
0 33
0 33
0 32
1 31
1 30
1 30
1 29
2 28
2 27
2 27
3 26
3 25
4 24
4 23
4 23
5 22
6 21
6 20
7 19
7 19
8 18
8 17
9 16
9 15
9 15
10 14
10 13
11 12
11 12
12 11
13 10
14 9
14 9
15 8
15 7
16 6
16 6
17 5
17 4
17 4
18 3
19 2
19 2
20 1
20 1
20 1
20 0
20 0
20 1
20 1
20 1
20 2
20 2
19 3
19 3
19 4
19 5
19 6
19 6
19 7
19 8
18 9
18 10
18 11
18 11
18 12
18 13
17 14
17 15
17 16
17 16
17 17
17 18
17 19
16 20
16 21
16 22
16 23
16 23
16 24
16 25
16 26
16 27
16 28
16 29
16 30
16 31
16 31
16 32
16 33
16 34
16 35
15 36
15 37
15 38
15 39
15 40
15 40
15 41
15 42
15 43
15 44
15 45
15 46
15 47
15 48
15 49
15 49
15 50
15 51
15 52
15 53
15 54
15 55
15 56
15 57
15 58
15 58
15 59
15 60
15 61
15 62
15 63
15 64
15 65
15 66
15 66
15 67
15 68
15 69
15 70
15 71
15 72
15 73
15 73
15 74
15 75
14 76
14 77
14 78
14 79
14 79
14 80
14 81
14 82
14 83
14 83
14 84
13 85
13 86
13 87
13 87
13 88
12 89
12 90
12 91
12 91
11 92
11 93
10 94
10 94
9 95
9 96
9 96
8 97
8 98
8 98
7 99
7 99
7 99
6 99
6 99
6 98
5 97
5 96
5 96
5 95
5 94
5 93
5 92
5 92
5 91
5 90
5 89
5 88
5 87
5 86
5 86
5 85
5 84
5 83
5 82
5 81
5 80
5 79
5 79
5 78
5 77
5 76
6 75
6 74
6 73
6 72
6 72
6 71
6 70
6 69
6 68
7 67
7 66
7 65
7 64
7 63
7 63
7 62
8 61
8 60
9 59
9 58
9 57
10 56
10 55
10 55
10 54
11 53
11 52
12 51
12 50
12 49
13 48
13 47
13 47
13 46
14 45
14 44
15 43
15 42
16 41
16 40
17 39
17 38
17 38
18 37
18 36
19 35
20 34
20 33
21 32
21 31
22 30
22 30
23 31
24 31
25 32
26 32
27 33
28 33
29 34
30 34
31 35
32 35
33 36
34 36
35 37
36 37
37 38
38 38
39 39
40 39
40 39
40 38
41 37
41 36
41 36
40 35
40 35
39 34
38 33
38 33
38 32
38 31
38 30
38 30
38 29
38 28
38 27
38 27
38 26
38 25
38 25
37 24
37 23
37 23
37 22
37 22
37 22
36 22
36 22
36 23
36 23
35 24
35 25
35 25
35 26
34 27
34 28
34 28
34 29
33 30
33 31
33 32
33 32
33 33
32 34
32 35
32 36
32 36
32 37
32 38
32 39
32 40
32 41
32 41
32 42
32 43
31 44
31 45
31 46
31 46
31 47
31 48
31 49
31 50
31 50
31 51
31 52
31 53
31 53
32 54
32 54
32 54
32 54
33 53
33 53
34 52
34 51
34 51
34 50
34 49
34 48
34 48
34 47
35 46
35 45
35 45
35 44
36 43
36 42
36 42
36 41
37 40
37 39
37 39
37 38
38 37
38 36
38 36
38 35
39 34
39 33
39 32
39 32
39 31
39 30
39 29
39 29
39 28
40 27
40 26
40 26
41 25
41 24
41 24
41 24
42 24
42 24
42 25
42 25
41 26
41 27
41 27
41 28
41 29
41 30
41 31
41 31
41 32
41 33
41 34
41 35
41 35
41 36
41 37
41 38
41 39
41 40
41 40
41 41
40 42
40 43
40 44
40 44
40 45
40 46
40 47
40 47
40 48
40 49
40 49
40 50
40 50
41 51
41 51
41 52
41 52
41 52
41 51
41 51
41 51
42 50
42 50
42 49
42 48
42 47
42 47
42 46
43 45
43 44
43 43
43 43
43 42
43 41
44 40
44 39
44 38
44 38
44 37
44 36
45 35
45 34
45 33
45 33
45 32
46 31
46 30
47 29
47 28
47 28
48 27
48 26
49 25
49 24
49 24
49 23
50 22
50 21
50 21
51 20
52 19
52 19
53 18
53 18
54 18
54 18
55 18
55 18
56 19
56 19
56 20
56 20
56 21
56 22
56 22
56 23
56 24
56 25
56 26
56 26
56 27
56 28
56 29
56 30
56 31
56 31
56 32
55 33
55 34
55 35
55 35
55 36
54 37
54 38
54 39
54 39
54 40
53 41
53 42
53 42
53 43
52 44
52 45
52 45
52 46
52 46
52 47
52 47
52 47
52 47
52 47
52 46
52 46
52 45
52 44
52 43
52 43
52 42
53 41
53 40
53 39
53 39
53 38
53 37
54 36
54 35
54 34
54 34
54 33
54 32
55 31
55 30
55 29
55 28
55 28
55 27
56 26
56 25
56 24
56 24
57 23
57 22
58 21
58 20
58 20
59 19
59 18
59 18
60 17
60 17
61 17
61 17
61 17
62 18
62 18
62 19
62 20
62 20
62 21
62 22
62 23
62 23
62 24
62 25
62 26
62 26
62 27
62 28
62 29
62 29
62 30
61 31
61 32
61 32
61 33
61 34
61 35
61 35
60 36
60 37
60 37
60 38
60 38
59 39
59 39
59 40
59 40
59 40
59 39
59 39
59 38
59 38
59 37
60 36
60 35
60 35
60 34
60 33
60 32
60 31
60 31
60 30
61 29
61 28
61 27
61 27
61 26
62 25
62 24
62 24
62 23
63 22
63 21
63 21
64 20
64 20
65 19
65 19
66 19
66 19
66 18
66 18
67 18
67 18
68 19
68 19
68 20
68 20
68 21
69 22
69 23
69 23
69 24
69 25
69 26
69 26
69 27
68 28
68 29
68 30
68 30
68 31
68 32
68 33
68 33
68 34
68 35
68 35
69 36
69 36
69 37
69 37
70 37
70 37
71 37
71 37
72 36
72 36
73 35
73 35
74 34
74 33
74 33
74 32
75 31
75 30
75 30
75 29
76 28
76 27
76 27
76 26
77 25
77 24
78 23
78 22
78 22
79 21
79 20
80 19
80 18
80 18
80 17
81 16
81 15
81 14
81 14
81 13
82 12
82 11
82 11
82 10
82 9
82 9
83 8
83 8
83 7
83 7
82 6
82 6
82 6
81 6
81 6
80 7
80 7
79 8
79 8
78 9
77 9
77 9
77 10
76 11
76 12
76 12
75 13
74 14
74 14
73 15
73 16
73 16
72 17
72 18
72 18
72 19
72 20
72 21
72 21
72 22
71 23
71 24
71 24
71 25
71 26
71 27
71 27
70 28
70 29
70 29
71 30
71 31
71 31
72 32
72 32
72 33
72 33
72 34
72 34
73 35
74 35
74 35
75 35
75 35
76 34
76 34
77 33
78 33
78 33
79 32
80 31
80 31
81 30
81 29
82 28
82 28
83 27
84 26
84 26
85 25
85 24
86 23
86 23
87 22
88 21
88 20
89 19
89 19
90 18
90 17
91 16
91 15
91 15
92 14
93 13
94 12
94 12
95 11
95 10
96 9
96 9
97 8
98 7
98 7
99 6
99 6
99 5
99 5
98 5
98 5
97 4
97 4
96 4
96 4
95 5
94 5
94 5
93 6
92 6
92 6
91 7
90 7
89 8
89 8
88 9
87 9
86 10
86 10
85 11
84 12
84 12
83 13
83 14
82 15
82 15
81 16
81 17
81 17
80 18
80 18
80 19
80 20
80 20
80 21
80 21
81 21
81 21
81 22
81 22
82 23
82 23
83 24
84 24
84 24
85 24
85 24
86 24
87 24
87 24
88 24
89 23
90 23
90 23
91 22
91 22
92 21
93 21
93 21
94 21
94 21
95 22
95 22
96 22
96 22
97 23
97 23
97 24
97 25
97 25
97 26
97 27
97 27
97 28
97 29
97 30
97 30
97 31
96 32
96 33
96 34
96 34
95 35
95 36
94 37
94 38
93 39
93 39
92 40
92 41
91 42
91 43
90 44
90 44
89 45
88 46
87 47
87 48
86 49
85 50
85 50
84 51
83 52
82 53
82 54
81 55
80 56
80 56
79 57
78 58
78 59
77 60
76 61
76 61
75 62
74 63
73 64
72 65
72 65
71 66
70 67
69 67
68 68
68 68
67 69
66 69
65 70
65 70
64 71
64 72
64 72
63 73
63 73
63 73
64 73
64 73
