20 33
20 33
20 33
20 33
20 33
20 33
20 33
20 33
20 33
19 33
19 33
18 34
17 34
17 34
16 34
15 34
15 34
14 34
13 34
13 34
12 34
11 34
10 34
10 34
9 34
8 33
7 33
7 33
6 32
5 32
4 31
4 31
3 31
3 31
3 30
3 30
3 30
4 29
4 28
4 28
5 27
5 26
6 25
6 24
6 24
7 23
7 22
8 21
8 20
9 19
9 18
9 18
10 17
11 16
11 15
12 14
12 14
13 13
14 12
14 11
15 10
15 10
16 9
17 8
18 7
18 7
19 6
20 5
21 4
21 4
22 3
23 2
23 2
24 1
25 1
25 1
26 0
27 0
27 0
28 1
28 1
29 1
29 1
30 2
30 2
30 2
31 2
31 2
31 3
31 3
31 4
31 4
31 5
31 6
31 6
30 7
30 8
29 9
29 10
29 10
29 11
28 12
28 13
28 14
27 15
27 16
27 16
27 17
27 18
27 19
27 20
26 21
26 22
26 23
26 24
26 25
26 26
26 26
26 27
26 28
25 29
25 30
25 31
25 32
25 33
25 34
24 35
24 36
24 37
24 37
24 38
24 39
23 40
23 41
23 42
23 43
23 44
23 45
22 46
22 47
22 48
22 48
22 49
22 50
21 51
21 52
21 53
21 54
21 55
21 56
20 57
20 58
20 59
20 59
20 60
20 61
19 62
19 63
19 64
19 65
18 66
18 67
18 68
18 68
17 69
17 70
16 71
16 72
15 73
15 74
14 75
14 75
13 76
13 77
12 78
12 79
11 80
11 80
10 81
9 82
9 83
8 84
7 85
7 85
6 86
5 87
5 88
4 89
4 89
3 90
2 91
2 91
1 92
0 92
0 92
0 92
0 92
0 91
0 90
0 90
0 89
0 88
0 87
0 87
0 86
0 85
0 84
0 83
0 82
0 81
0 81
0 80
0 79
0 78
0 77
0 76
0 75
0 75
0 74
0 73
0 72
1 71
1 70
1 69
1 68
1 68
2 67
2 66
3 65
3 64
4 63
4 62
4 62
4 61
5 60
5 59
6 58
6 57
7 56
7 55
7 55
8 54
8 53
9 52
9 51
10 50
10 49
11 48
11 48
12 48
13 47
14 47
15 47
16 46
17 46
18 46
19 45
20 45
21 45
22 44
23 44
24 44
25 43
26 43
27 43
28 42
29 42
30 42
31 41
32 41
33 41
34 40
35 40
35 40
35 40
35 40
35 40
35 40
35 40
35 40
35 39
36 38
36 37
36 37
37 36
37 36
37 35
37 34
37 34
37 34
37 33
37 33
37 32
37 31
37 31
36 31
36 31
36 31
35 31
35 31
34 31
34 31
33 31
33 31
32 32
32 33
32 33
31 34
30 35
30 35
30 36
29 37
29 38
28 39
28 40
28 40
28 41
27 42
27 43
27 44
27 44
27 45
26 46
26 47
26 47
25 48
25 49
25 49
25 50
25 50
25 51
25 51
25 51
26 52
27 52
27 52
28 53
28 53
29 53
30 53
30 53
31 52
32 52
32 52
33 51
34 50
34 50
35 49
35 48
35 48
36 47
36 46
37 45
37 45
38 44
38 43
39 42
39 42
40 41
40 40
40 40
41 39
41 38
41 38
42 37
42 36
42 36
42 36
42 36
42 36
42 37
41 38
41 39
41 39
41 40
40 41
40 42
40 42
40 43
40 44
40 45
40 46
40 46
39 47
39 48
39 48
39 49
39 49
39 49
40 49
40 49
40 50
40 50
41 51
41 51
42 51
43 51
43 51
44 50
44 50
44 49
44 48
44 47
44 46
44 45
45 44
45 43
45 42
45 41
45 40
45 39
45 38
45 37
45 36
45 35
45 34
45 33
46 32
46 31
46 30
46 29
46 28
46 27
46 27
46 27
46 27
46 27
46 27
46 27
46 27
46 27
47 28
48 29
48 29
48 30
49 31
49 32
49 32
50 33
50 34
50 34
50 35
51 36
51 37
51 37
51 38
51 39
51 40
51 40
51 41
50 42
50 43
50 43
50 44
49 45
49 46
49 47
49 47
49 48
49 49
49 50
49 50
48 51
48 51
48 52
48 52
48 52
49 51
49 51
50 50
50 50
50 49
51 48
51 47
51 47
51 46
52 45
52 44
52 43
52 43
53 42
53 41
54 40
54 39
54 39
54 38
55 37
55 36
55 36
56 35
57 34
57 34
58 33
58 33
59 32
59 32
59 31
59 31
60 31
60 31
60 31
60 32
60 32
59 32
59 32
59 33
59 33
59 34
59 35
59 35
59 36
58 37
58 38
58 39
58 39
58 40
57 41
57 42
57 42
57 43
57 44
57 45
57 45
57 46
56 47
56 48
56 48
56 49
56 49
56 49
56 49
56 49
57 49
57 49
57 48
57 48
58 47
58 46
58 46
59 45
59 44
59 44
60 43
60 42
60 42
61 41
61 40
62 39
62 39
63 38
64 37
64 37
64 36
64 35
64 35
65 35
65 35
65 36
65 36
65 36
65 36
64 37
64 38
64 38
64 39
64 40
64 40
63 41
63 42
63 42
63 43
63 44
63 44
63 45
63 46
63 46
63 47
63 47
63 48
63 48
64 49
64 49
64 49
65 49
66 49
66 49
67 48
67 48
68 47
68 47
69 46
69 45
69 45
70 44
71 44
71 44
72 43
72 42
72 42
73 41
74 41
74 41
75 40
75 39
75 39
75 38
76 37
76 36
76 36
77 35
77 34
77 34
77 33
78 32
78 31
78 31
78 30
78 29
78 29
79 28
79 28
78 27
78 27
78 28
78 28
78 28
78 27
78 27
77 26
77 26
76 26
76 26
76 26
75 26
75 26
74 27
74 27
73 27
73 27
72 28
72 28
72 29
72 29
71 30
71 30
70 31
70 32
70 32
70 33
70 33
69 34
69 34
69 35
69 35
69 36
69 37
69 38
69 38
68 39
68 40
68 40
68 41
68 42
68 43
68 43
68 44
68 45
68 45
68 46
68 46
68 47
68 47
68 48
68 48
68 48
68 48
68 48
68 48
69 49
69 49
69 49
69 49
70 50
70 50
70 50
70 50
70 50
70 50
70 51
70 51
71 52
71 52
71 52
72 53
72 53
73 53
73 53
74 53
74 53
75 52
75 52
76 51
76 51
77 50
77 50
78 49
79 49
79 49
80 48
80 48
81 47
82 46
82 46
83 45
83 44
83 44
84 43
85 42
85 42
86 41
86 40
86 40
87 39
87 38
87 38
88 37
89 36
89 36
90 35
90 34
90 34
90 33
90 33
91 32
91 32
92 31
92 31
92 31
92 30
92 29
92 29
93 28
93 28
94 27
94 26
94 26
94 25
94 24
94 24
94 23
94 23
94 23
94 23
93 23
93 23
93 22
93 22
92 23
92 23
91 23
90 23
90 23
89 23
89 23
88 24
87 24
87 24
86 25
86 25
85 26
85 26
85 27
85 27
84 27
84 27
83 28
83 28
82 29
82 29
81 30
81 31
81 31
80 32
80 32
80 33
80 33
79 34
79 34
79 34
79 35
79 35
79 36
79 37
79 37
79 38
79 38
79 39
79 40
79 40
80 41
80 41
81 42
81 43
81 43
82 44
83 44
83 44
84 44
85 44
85 44
86 44
87 44
87 44
88 44
89 44
89 44
90 43
90 43
91 43
92 43
92 43
93 42
94 42
94 42
95 42
96 42
96 42
97 43
97 43
98 44
98 44
99 45
99 45
98 46
98 46
98 47
98 48
98 49
98 49
97 50
97 51
96 52
96 52
95 53
94 54
94 55
93 56
93 56
92 57
91 58
91 59
90 60
90 60
89 61
88 62
88 63
87 64
86 65
86 65
85 66
84 67
83 68
82 69
82 69
81 70
80 71
79 72
78 73
78 73
77 74
76 75
75 75
74 76
73 77
73 77
72 78
71 79
71 80
70 81
69 82
69 82
68 83
67 84
66 85
65 86
65 86
64 87
63 88
62 88
61 89
61 89
60 90
59 91
58 92
58 92
57 93
56 93
55 94
54 94
54 94
53 95
53 96
52 97
52 97
51 97
50 98
49 98
49 98
48 99
48 99
48 99
48 99
