26 7
27 6
27 6
27 5
26 4
26 3
26 2
26 2
26 1
26 0
26 0
25 1
25 1
24 2
24 3
23 4
23 4
23 5
23 6
22 7
22 8
22 9
22 9
22 10
21 11
21 12
21 13
21 14
20 15
20 16
20 16
20 17
19 18
19 19
18 20
18 21
18 22
17 23
17 24
17 24
17 25
16 26
16 27
15 28
15 29
15 30
14 31
14 32
14 32
14 33
13 34
13 35
12 36
12 37
12 38
11 39
11 40
11 40
10 41
10 42
9 43
9 44
8 45
8 46
7 47
7 47
6 48
6 49
5 50
5 51
4 52
4 53
4 53
4 54
3 55
3 56
2 57
2 58
2 58
1 59
1 60
0 61
0 61
0 62
0 62
0 62
0 61
1 60
1 59
2 58
2 57
2 56
3 55
3 54
4 53
4 52
4 51
5 50
5 49
6 48
6 47
6 46
7 45
7 44
8 43
8 42
8 41
9 40
9 39
10 38
10 37
11 36
11 35
11 34
12 33
12 32
13 31
13 30
13 29
14 28
14 27
15 26
15 25
15 24
16 23
16 22
17 21
17 20
17 19
18 18
18 17
19 16
19 15
19 15
20 14
21 13
22 12
22 11
23 10
24 9
25 8
25 8
25 7
26 6
26 5
26 5
26 6
26 6
26 7
26 8
26 8
26 9
26 10
26 11
26 11
26 12
26 13
25 14
25 15
25 16
25 16
25 17
25 18
25 19
25 20
25 21
25 22
25 22
25 23
25 24
24 25
24 26
24 27
24 28
24 28
24 29
24 30
23 31
23 32
23 33
23 33
23 34
22 35
22 36
22 37
22 37
22 38
21 39
21 40
21 41
21 41
21 42
20 43
20 44
20 44
19 45
19 46
19 46
19 47
19 47
19 47
20 46
20 45
20 45
21 44
21 43
22 42
22 41
23 40
24 39
24 38
25 37
25 36
26 35
26 34
27 33
27 33
28 32
28 31
29 30
29 29
30 28
30 27
31 26
31 25
32 24
32 23
33 22
33 21
34 20
34 19
35 18
35 18
35 17
36 16
36 15
37 14
37 13
37 13
38 12
38 11
39 10
39 10
39 9
39 9
39 9
38 10
38 10
38 11
37 12
37 13
37 14
37 14
37 15
36 16
36 17
35 18
35 19
35 19
34 20
34 21
33 22
33 23
32 24
32 25
32 25
31 26
31 27
30 28
29 29
29 30
28 31
28 31
27 32
27 33
26 34
26 35
25 36
25 37
25 37
24 38
23 39
22 40
21 41
21 41
20 42
20 43
19 44
19 45
18 46
18 46
17 47
17 48
16 49
16 50
16 50
15 51
15 52
15 52
14 53
14 54
14 54
15 53
15 52
16 51
16 50
17 49
17 48
18 47
18 46
19 45
19 44
20 43
20 42
21 41
21 40
22 39
23 38
23 37
24 36
24 35
25 34
25 33
26 32
26 31
27 30
27 29
28 28
28 27
29 26
29 25
30 24
30 24
31 23
32 22
33 21
34 20
34 19
35 18
36 17
37 16
37 16
38 15
39 14
39 14
40 15
41 15
41 15
41 16
41 17
41 17
41 18
42 19
42 20
42 20
42 21
42 22
42 23
42 24
42 24
42 25
42 26
42 27
42 27
42 28
42 29
42 30
42 31
42 31
42 32
42 33
42 34
42 35
42 35
42 36
42 37
42 38
42 38
41 39
41 40
41 40
41 41
41 42
41 43
41 43
41 44
41 45
41 45
41 46
41 47
41 47
41 48
41 48
42 49
42 49
43 49
44 49
44 49
45 48
46 48
46 48
47 47
48 46
48 46
49 45
50 45
51 44
51 44
52 43
52 42
53 41
53 41
54 40
54 39
55 38
55 38
56 37
56 36
57 35
57 35
57 34
58 33
58 32
58 31
58 31
58 30
58 30
58 30
57 29
57 29
56 30
56 30
56 31
55 32
55 33
55 33
54 34
54 35
53 36
53 36
52 37
51 38
51 38
50 39
50 40
49 41
49 41
48 42
47 43
47 43
47 44
47 45
47 45
46 46
46 47
46 47
46 48
46 48
47 48
47 48
48 48
48 48
49 47
49 46
49 46
50 45
51 44
51 44
52 43
53 42
54 41
54 41
55 40
55 39
56 38
56 38
57 37
57 36
58 35
58 35
59 34
59 33
60 32
60 31
60 31
61 30
61 29
61 29
62 29
62 29
63 29
63 29
63 30
63 30
62 31
62 32
62 32
62 33
62 34
62 35
62 35
61 36
61 37
61 37
61 38
61 39
61 40
61 40
60 41
60 41
60 42
60 43
60 43
60 44
60 44
60 44
60 44
61 44
61 44
62 43
63 42
64 41
65 40
66 39
66 39
67 38
67 37
68 36
69 35
69 34
70 33
70 33
71 32
72 31
72 31
73 30
73 30
74 31
74 31
74 32
74 32
74 33
74 34
74 34
74 35
73 36
73 37
73 37
72 38
72 39
72 39
72 40
71 41
71 42
71 42
70 43
69 44
69 44
69 45
68 46
68 47
68 47
67 48
67 48
67 49
67 49
67 49
67 49
67 48
67 47
67 47
68 46
68 46
68 45
69 44
69 43
69 43
70 42
70 41
71 40
71 40
72 39
73 38
74 37
74 37
75 36
76 35
76 35
77 34
78 33
78 33
79 32
80 32
80 32
81 32
82 32
82 32
83 32
84 31
85 31
86 31
87 31
88 30
89 30
89 30
90 31
90 32
90 32
89 33
89 33
89 34
88 35
88 36
88 36
88 37
88 38
88 39
88 39
88 40
87 41
87 42
87 42
87 43
87 44
87 45
87 46
87 46
87 47
86 48
86 49
86 49
86 50
86 51
86 52
86 52
85 53
85 54
85 54
85 54
85 55
85 55
85 55
86 54
86 54
86 53
86 53
87 52
87 51
88 50
88 50
89 49
89 48
90 47
90 47
91 46
92 45
92 44
93 43
93 43
94 42
94 41
95 40
95 39
95 39
96 38
97 37
97 37
98 36
98 36
99 36
99 36
98 37
98 38
98 38
98 39
97 40
97 41
97 41
97 42
96 43
96 44
95 45
95 46
95 46
94 47
94 48
93 49
93 50
92 51
92 51
92 52
91 53
91 54
90 55
90 56
89 57
89 58
89 58
88 59
88 60
87 61
86 62
85 63
85 64
84 65
84 65
83 66
83 67
82 68
81 69
80 70
80 71
79 72
79 72
78 73
78 74
77 75
76 76
75 77
75 78
74 79
74 79
73 80
73 81
72 82
71 83
70 84
70 85
69 86
69 86
68 87
68 88
67 89
66 90
65 91
65 92
64 93
64 93
63 94
62 95
61 96
61 97
60 98
59 99
