12 1
13 1
13 1
12 1
12 1
12 0
12 0
12 1
11 2
11 3
11 4
11 4
11 5
10 6
10 7
10 8
10 8
10 9
9 10
9 11
8 12
8 13
8 13
8 14
7 15
7 16
7 17
7 18
6 19
6 20
6 20
6 21
5 22
5 23
5 24
4 25
4 26
4 26
4 27
3 28
3 29
2 30
2 31
2 31
2 32
1 33
1 34
1 35
1 35
1 36
0 37
0 38
0 38
0 39
0 39
0 39
0 38
0 38
0 37
0 36
0 35
0 35
0 34
1 33
1 32
1 31
1 30
2 29
2 28
2 27
3 26
3 25
3 24
3 23
4 22
4 21
4 20
5 19
5 18
5 17
5 16
6 15
6 14
6 14
6 13
7 12
7 11
7 10
8 9
8 8
8 8
9 7
9 7
9 8
9 8
10 9
10 9
10 10
10 11
10 12
10 12
10 13
10 14
10 15
10 16
10 16
10 17
10 18
11 19
11 20
11 21
11 21
11 22
11 23
11 24
11 25
11 25
11 26
12 27
12 28
12 29
12 29
12 30
12 31
12 32
12 33
12 33
12 34
13 35
13 36
13 37
13 37
14 38
14 39
14 39
14 40
14 41
14 42
14 42
15 41
15 40
16 39
16 38
17 37
18 36
18 35
19 34
20 33
20 32
21 31
21 30
22 29
23 28
23 27
24 26
24 25
25 24
26 23
26 22
27 21
27 20
28 19
29 18
29 17
30 16
31 15
31 14
32 13
32 12
33 11
33 11
34 10
35 9
35 9
35 9
35 9
35 10
35 10
34 11
34 12
34 12
33 13
33 14
32 15
32 15
32 16
31 17
31 18
31 19
31 19
30 20
30 21
29 22
29 23
29 23
28 24
27 25
27 26
26 27
26 27
26 28
25 29
25 30
25 31
25 31
24 32
24 33
23 34
23 34
22 35
22 36
22 36
21 37
21 38
21 38
21 38
21 38
21 37
22 36
22 35
23 34
23 33
23 32
24 31
24 30
24 29
25 28
25 27
26 26
26 25
26 24
27 23
27 22
27 21
28 20
28 19
29 18
29 17
29 16
30 15
30 14
30 14
31 13
32 12
33 11
33 11
34 11
34 11
34 11
34 12
34 13
34 13
34 14
34 15
34 16
34 16
34 17
34 18
34 19
34 20
34 20
34 21
34 22
34 23
34 23
34 24
34 25
34 26
34 26
34 27
34 28
34 29
34 29
35 30
35 31
35 31
35 32
35 33
35 34
35 34
36 35
36 35
37 36
37 36
38 36
38 36
39 36
40 36
40 36
41 35
42 34
42 34
43 33
44 32
44 32
45 31
45 30
46 29
46 29
47 28
47 27
48 26
48 26
49 25
50 24
50 24
51 23
52 23
52 23
53 22
53 22
54 21
55 21
55 21
55 20
55 20
56 19
56 19
56 18
56 18
56 17
56 17
55 16
55 16
54 17
54 17
53 18
53 18
52 19
51 20
51 20
51 21
50 22
50 23
50 23
49 24
49 25
48 26
48 26
48 27
47 28
47 29
47 30
47 30
46 31
46 32
46 32
46 33
46 34
46 34
47 35
47 35
48 35
48 35
49 34
49 34
50 33
50 33
51 32
51 31
52 30
52 30
52 29
53 28
53 27
53 27
54 26
54 25
54 25
55 24
55 24
55 24
55 25
55 25
55 26
55 26
55 27
55 28
55 28
55 29
55 30
55 30
55 31
55 31
55 32
55 32
56 33
56 33
56 34
56 34
57 34
57 34
58 34
59 34
59 34
60 33
60 33
61 32
62 31
62 31
63 30
64 29
64 29
64 28
65 27
65 26
65 26
66 25
66 24
67 23
67 23
68 22
68 21
68 21
69 20
69 19
69 19
69 19
70 19
70 19
70 20
70 20
70 21
70 21
70 22
70 23
70 23
70 24
70 25
70 25
70 26
69 27
69 28
69 28
69 29
69 30
69 30
68 31
68 32
68 32
68 33
68 33
68 34
68 34
68 34
68 34
69 33
69 33
69 32
69 31
69 31
70 30
70 29
70 29
71 28
71 27
71 27
72 26
72 25
73 24
73 24
74 23
74 22
74 22
75 21
76 21
76 21
77 20
77 19
77 19
78 18
79 18
79 18
80 18
80 18
81 17
81 17
82 17
83 17
83 17
84 17
84 17
85 17
86 17
86 17
87 16
87 16
88 16
88 16
89 15
89 15
90 15
90 15
90 15
89 15
89 15
89 16
89 16
88 17
88 17
87 18
87 18
87 19
87 20
87 20
87 21
87 21
86 22
86 23
86 23
86 24
86 24
87 24
87 24
87 24
88 24
88 24
89 24
89 24
90 23
90 22
90 22
91 21
92 21
92 21
93 20
94 19
94 19
95 18
96 17
96 17
97 16
97 15
97 15
98 15
98 15
98 14
98 14
99 15
99 15
99 15
98 16
98 17
98 17
98 18
98 19
98 20
98 20
98 21
97 22
97 23
97 23
97 24
96 25
96 26
96 27
96 27
96 28
96 29
95 30
95 31
95 32
95 32
95 33
94 34
94 35
93 36
93 37
93 37
93 38
93 39
92 40
92 41
92 42
92 42
92 43
91 44
91 45
91 46
90 47
90 48
90 48
90 49
89 50
89 51
89 52
89 53
88 54
88 55
88 55
88 56
87 57
87 58
86 59
86 60
85 61
85 62
85 62
85 63
84 64
84 65
83 66
83 67
83 68
82 69
82 70
82 70
82 71
81 72
81 73
80 74
80 75
80 76
79 77
79 78
79 78
79 79
78 80
78 81
77 82
77 83
76 84
76 85
76 85
75 86
75 87
74 88
74 89
73 90
73 90
72 91
72 92
71 93
71 94
70 95
70 95
69 96
69 97
68 98
68 98
67 99
67 99
67 99
67 98
