7 0
7 1
7 1
6 2
6 2
6 3
6 4
6 5
6 5
6 6
5 7
5 8
5 9
5 9
5 10
5 11
4 12
4 13
4 14
4 14
4 15
4 16
3 17
3 18
3 19
3 19
3 20
3 21
2 22
2 23
2 24
2 25
2 25
2 26
2 27
1 28
1 29
1 30
1 30
1 31
1 32
0 33
0 34
0 35
0 35
0 36
0 37
0 38
0 39
0 39
0 40
0 41
0 42
0 42
0 42
0 41
0 41
0 40
0 39
0 38
0 37
1 36
1 35
1 34
1 33
1 32
1 31
1 30
1 29
2 28
2 27
2 26
2 25
2 24
2 23
2 22
2 21
3 20
3 19
3 18
3 17
3 16
3 16
3 15
3 14
4 13
4 12
4 11
4 10
4 10
4 9
4 9
4 10
4 10
5 11
5 12
5 12
5 13
6 14
6 15
6 15
6 16
7 17
7 18
7 18
7 19
8 20
8 21
8 22
8 22
8 23
9 24
9 25
9 26
9 26
9 27
10 28
10 29
10 30
10 30
10 31
11 32
11 33
11 34
11 34
11 35
12 36
12 37
12 38
12 38
12 39
13 40
13 41
13 41
14 42
14 43
14 43
14 44
14 45
14 45
14 44
15 43
15 42
15 41
16 40
16 39
17 38
17 37
17 36
18 35
18 34
18 33
19 32
19 31
20 30
20 29
20 28
21 27
21 26
21 25
22 24
22 23
22 22
23 21
23 20
24 19
24 18
24 17
25 16
25 15
25 15
26 14
26 13
27 12
27 12
27 11
27 11
27 11
26 12
26 12
26 13
26 13
26 14
25 15
25 16
25 16
24 17
24 18
23 19
23 20
23 20
23 21
22 22
22 23
22 24
22 24
22 25
21 26
21 27
20 28
20 29
20 29
20 30
19 31
19 32
19 33
19 33
19 34
18 35
18 36
17 37
17 38
17 38
17 39
16 40
16 41
16 42
16 42
15 43
15 44
15 44
15 45
15 46
15 46
15 46
15 45
15 44
16 43
16 42
16 41
16 40
17 39
17 38
17 37
17 36
18 35
18 34
18 33
18 32
19 31
19 30
19 29
19 28
19 27
20 26
20 25
20 24
20 23
21 22
21 21
21 20
21 19
22 18
22 17
22 16
22 16
23 15
23 14
24 13
24 13
24 12
24 12
24 13
24 13
25 14
25 15
25 15
25 16
25 17
25 17
25 18
25 19
25 20
25 21
25 21
25 22
25 23
25 24
25 25
25 25
25 26
25 27
25 28
25 29
25 29
25 30
25 31
25 32
25 33
25 33
25 34
26 35
26 36
26 37
26 37
26 38
27 39
27 40
27 40
27 41
27 42
27 42
28 43
29 43
29 43
30 43
30 43
31 43
31 43
32 42
33 42
33 42
34 41
35 40
35 40
36 39
36 38
37 37
37 37
38 36
38 35
39 34
39 33
39 33
39 32
40 31
40 30
41 29
41 28
41 28
41 27
42 26
42 25
42 25
42 24
42 23
42 22
42 21
42 21
43 20
43 20
42 19
42 19
42 19
41 20
41 20
40 21
40 21
39 22
39 23
39 23
38 24
38 25
38 25
37 26
37 27
37 27
37 28
36 29
36 30
36 30
36 31
36 32
36 33
36 34
36 34
36 35
36 36
36 37
36 37
36 38
36 39
36 40
36 40
37 41
37 41
37 42
37 42
38 42
39 42
39 42
40 41
40 40
40 40
40 39
41 38
41 37
41 37
42 36
42 35
43 34
43 33
43 33
43 32
44 31
44 30
44 30
45 29
45 28
45 28
45 28
45 28
45 29
45 30
45 30
45 31
45 32
45 32
45 33
45 34
45 35
45 35
45 36
45 37
45 37
45 38
45 39
45 39
46 40
46 41
46 41
47 42
47 42
48 42
48 42
49 41
50 41
50 41
51 40
51 39
51 39
52 38
52 37
53 36
53 36
54 35
54 34
55 33
55 32
55 32
56 31
56 30
57 29
57 29
58 28
58 27
59 26
59 26
60 25
60 24
60 24
61 23
61 23
61 23
61 24
61 24
61 25
61 25
61 26
61 27
61 28
61 28
60 29
60 30
60 30
60 31
60 32
60 33
60 33
60 34
59 35
59 36
59 36
59 37
59 38
59 38
59 39
59 39
59 40
59 40
59 40
59 40
60 39
60 39
60 38
60 37
60 37
61 36
61 35
62 34
62 34
62 33
63 32
63 31
63 31
64 30
65 29
65 29
66 28
66 27
66 27
67 26
68 26
68 26
69 26
69 26
70 26
70 26
70 26
71 26
71 26
72 26
73 26
73 26
74 26
74 26
75 25
75 25
76 25
76 25
76 24
76 24
77 24
77 24
77 24
77 25
77 26
77 26
77 27
77 28
77 28
77 29
77 30
77 30
77 31
77 32
77 33
77 34
77 34
77 35
77 36
77 37
77 37
77 38
77 39
77 39
78 40
78 41
78 41
78 42
78 42
79 41
80 41
80 41
81 40
81 40
82 39
83 38
84 37
84 37
85 36
85 35
86 34
86 33
86 33
87 32
88 31
88 30
89 29
89 29
90 28
91 27
91 26
92 25
92 25
93 24
94 23
94 22
95 21
95 21
96 20
97 19
97 19
98 18
98 18
99 18
99 18
98 19
98 19
98 20
98 21
98 21
97 22
97 23
96 24
96 25
96 25
96 26
96 27
95 28
95 29
95 30
95 30
95 31
94 32
94 33
94 34
93 35
93 36
93 36
93 37
92 38
92 39
92 40
92 41
91 42
91 43
91 43
91 44
90 45
90 46
90 47
89 48
89 49
89 50
89 51
88 52
88 53
88 53
88 54
87 55
87 56
87 57
86 58
86 59
86 60
86 61
85 62
85 63
85 63
85 64
84 65
84 66
84 67
83 68
83 69
83 70
82 71
82 72
82 73
81 74
81 75
81 75
81 76
80 77
80 78
80 79
79 80
79 81
79 82
78 83
78 84
78 85
77 86
77 87
77 87
77 88
76 89
76 90
75 91
75 92
74 93
74 94
74 95
73 96
73 97
72 98
72 99
