12 2
13 2
13 2
12 1
11 1
11 1
11 0
11 0
12 1
12 1
12 2
12 2
11 3
11 4
11 4
11 5
10 6
10 7
10 7
10 8
10 9
9 10
9 11
9 12
9 12
9 13
8 14
8 15
8 16
7 17
7 18
7 18
7 19
6 20
6 21
6 22
6 23
5 24
5 25
5 25
5 26
4 27
4 28
4 29
4 30
3 31
3 32
3 33
3 33
3 34
2 35
2 36
2 37
1 38
1 39
1 39
1 40
0 41
0 42
0 43
0 43
0 44
0 45
0 46
0 46
0 47
0 47
0 46
0 45
1 44
1 43
1 42
1 41
2 40
2 39
2 38
2 37
2 36
3 35
3 34
3 33
3 32
4 31
4 30
4 29
4 28
4 27
5 26
5 25
5 24
5 23
5 22
6 21
6 20
6 19
6 18
7 17
7 16
7 15
7 15
8 15
9 15
9 15
9 15
8 15
7 15
7 15
8 16
8 17
8 17
8 18
8 19
8 19
9 20
9 21
9 21
10 22
10 23
11 24
11 24
12 25
13 26
13 26
13 27
14 28
14 29
14 29
15 30
16 31
16 31
17 32
17 32
17 31
18 30
18 29
18 28
19 27
19 26
19 25
20 24
20 23
20 22
21 21
21 20
21 19
22 18
22 17
22 16
23 15
23 14
23 14
24 13
25 12
26 11
26 11
25 11
25 11
25 11
25 12
25 12
25 13
25 14
25 14
24 15
24 16
23 17
23 17
22 18
22 19
21 20
21 21
21 21
20 22
19 23
19 24
18 25
18 25
18 26
17 27
17 28
16 29
16 30
16 30
15 31
14 32
14 33
13 34
13 34
13 35
12 36
12 37
12 37
11 37
11 37
11 37
12 37
13 37
13 37
13 36
14 35
14 34
15 33
15 32
16 31
16 30
16 29
17 28
17 27
18 26
18 25
19 24
19 23
20 22
20 21
20 20
21 19
21 18
22 17
22 16
23 15
23 14
23 14
24 13
24 12
25 11
25 10
26 9
26 8
26 8
27 7
27 7
26 6
26 6
27 6
27 6
27 6
27 6
27 6
27 7
27 7
27 7
27 8
27 8
27 9
27 9
27 10
27 11
27 11
27 12
28 13
28 14
28 14
28 15
28 16
28 17
28 18
28 18
28 19
28 20
28 21
28 22
28 23
28 24
28 24
28 25
28 26
27 27
27 28
27 29
27 29
27 30
27 31
27 32
27 33
27 34
27 35
27 36
27 36
27 37
27 38
26 39
26 40
26 41
26 42
26 42
26 43
26 44
26 45
26 46
26 47
26 47
26 48
26 49
26 50
26 50
26 51
26 52
26 53
26 53
27 53
28 52
29 52
30 51
31 51
32 51
33 50
34 50
35 49
36 49
37 48
38 48
39 48
40 47
41 47
42 46
43 46
44 46
45 45
46 45
47 44
48 44
48 44
49 43
49 43
49 42
49 42
49 41
49 41
50 40
50 39
50 39
51 38
51 38
51 37
51 36
51 36
51 35
51 34
51 33
51 33
51 32
51 31
51 31
51 30
51 30
50 29
50 29
49 29
49 29
48 30
47 31
47 31
46 32
46 33
45 34
45 34
45 35
44 36
44 37
43 38
43 39
43 39
42 40
42 41
41 42
41 43
41 43
41 44
40 45
40 46
40 46
40 47
40 48
40 48
41 48
41 48
42 48
43 48
43 48
44 47
45 47
45 47
46 46
47 46
48 45
48 45
49 44
50 43
50 43
51 42
51 41
51 41
52 40
52 40
52 39
52 39
53 40
53 40
53 41
53 41
52 42
52 42
52 43
52 44
52 45
52 45
51 46
51 46
51 46
52 46
52 46
52 46
53 45
53 45
54 44
55 44
55 44
56 43
57 42
57 42
57 41
58 40
58 39
58 39
59 38
60 37
60 37
60 36
61 35
61 34
61 34
62 33
63 33
63 33
64 32
64 32
64 33
64 33
65 34
65 34
65 35
65 35
65 36
64 37
64 38
64 38
64 39
63 40
63 41
63 41
63 42
62 43
62 44
62 44
61 45
61 45
61 46
61 46
62 47
62 47
62 46
62 46
63 46
64 45
65 45
65 45
66 44
67 43
67 43
68 42
69 41
70 40
70 40
71 39
72 39
73 38
73 38
74 37
75 36
76 35
76 35
77 34
78 33
78 33
78 32
78 32
78 32
77 33
77 33
78 33
79 32
80 32
81 32
82 31
83 31
84 31
85 30
86 30
86 30
86 31
86 31
85 31
85 31
85 31
85 32
85 32
84 33
84 33
84 34
84 34
84 35
84 36
84 36
84 37
83 38
83 39
83 40
83 40
83 41
82 42
82 43
82 44
82 44
82 45
81 46
81 47
81 47
81 48
80 49
80 50
80 50
79 51
79 52
79 52
80 53
80 53
81 52
81 52
82 51
83 51
83 51
84 50
85 49
85 49
86 48
87 47
88 46
88 46
89 45
90 44
91 43
91 43
92 42
92 41
93 40
93 39
93 39
94 38
95 37
95 36
96 35
96 35
96 34
97 33
97 32
97 32
98 31
98 31
99 30
99 30
98 30
98 30
98 30
98 30
98 29
98 29
98 29
98 28
98 28
98 28
98 28
98 28
98 28
98 29
98 29
98 30
98 30
97 31
97 32
97 32
97 33
97 33
96 34
96 35
96 35
95 36
95 36
95 37
94 38
94 39
94 39
93 40
93 41
92 42
92 43
92 43
91 44
91 45
90 46
90 47
90 47
89 48
89 49
88 50
87 51
87 52
86 53
86 53
86 54
85 55
85 56
84 57
84 58
84 59
83 60
83 61
83 61
82 62
82 63
81 64
80 65
80 66
79 67
79 68
78 69
78 69
77 70
77 71
76 72
76 73
75 74
75 75
74 76
74 77
74 77
73 78
73 79
72 80
71 81
71 82
70 83
70 84
69 85
69 85
68 86
67 87
67 88
66 89
65 90
65 90
64 91
63 92
63 93
62 94
61 95
61 95
60 96
59 97
58 98
57 99
