16 4
17 3
17 2
17 2
17 1
17 1
17 1
17 1
16 1
16 1
16 2
15 3
15 4
15 5
15 5
15 6
14 7
14 8
13 9
13 10
13 10
13 11
12 12
12 13
12 14
11 15
11 16
11 16
11 17
10 18
10 19
10 20
9 21
9 22
9 22
9 23
8 24
8 25
7 26
7 27
6 28
6 29
6 29
6 30
5 31
5 32
4 33
4 34
4 34
3 35
3 36
2 37
2 38
2 38
2 39
1 40
1 41
1 41
1 42
0 43
0 44
0 44
0 45
0 45
0 44
1 43
1 42
2 41
2 40
2 39
3 38
3 37
4 36
4 35
5 34
5 33
5 32
6 31
6 30
7 29
7 28
7 27
8 26
8 25
9 24
9 23
9 22
10 21
10 20
11 19
11 18
11 17
12 16
12 15
13 14
13 13
14 12
14 11
14 10
15 9
15 8
16 7
16 6
16 6
17 5
17 5
17 4
17 4
17 4
17 4
17 4
17 5
17 6
17 6
17 7
17 8
17 9
17 9
17 10
18 11
18 12
18 13
18 13
18 14
18 15
18 16
18 17
18 17
18 18
19 19
19 20
19 21
19 21
19 22
19 23
19 24
19 25
19 26
19 26
19 27
19 28
19 29
19 30
19 30
19 31
19 32
19 33
19 33
19 34
19 35
19 35
19 36
19 37
19 37
19 38
19 39
19 39
19 40
19 41
19 41
19 41
19 42
19 42
19 41
20 40
20 39
20 38
21 37
21 36
21 35
22 34
22 33
22 32
23 31
23 30
23 29
24 28
24 27
24 26
25 25
25 24
25 23
26 22
26 21
26 20
27 19
27 18
27 17
28 16
28 15
28 14
29 13
29 12
29 11
30 10
30 9
30 9
30 8
31 7
31 6
31 6
31 5
31 5
31 5
30 5
30 5
30 5
30 6
30 7
30 7
30 8
29 9
29 10
29 10
28 11
28 12
27 13
27 14
27 14
27 15
26 16
26 17
25 18
25 19
25 19
24 20
24 21
23 22
23 23
22 24
22 24
21 25
21 26
20 27
20 28
20 28
19 29
19 30
18 31
18 32
18 32
18 33
17 34
17 35
17 35
16 36
16 37
16 37
16 38
16 38
16 39
16 39
16 39
16 38
17 37
17 36
18 35
18 34
19 33
19 32
19 31
20 30
20 29
21 28
21 27
21 26
22 25
22 24
23 23
23 22
24 21
24 20
24 19
25 18
25 17
26 16
26 15
26 14
27 13
27 12
28 11
28 10
29 9
29 8
29 7
30 6
30 5
31 4
31 3
31 3
32 3
33 3
33 3
33 3
33 4
33 5
33 5
33 6
32 7
32 8
32 8
32 9
33 10
33 11
33 12
33 12
33 13
33 14
33 15
33 16
33 16
33 17
33 18
33 19
33 20
33 20
33 21
33 22
33 23
33 24
33 24
33 25
33 26
33 27
33 27
33 28
33 29
33 30
33 31
33 31
33 32
33 33
33 34
33 34
33 35
33 36
33 36
33 37
33 38
33 38
33 39
33 40
33 40
34 39
35 39
36 38
37 38
38 37
39 37
40 36
41 35
42 35
43 34
44 34
45 33
46 33
47 32
48 31
49 31
50 30
51 30
52 29
53 29
54 28
54 28
55 27
56 27
57 26
58 26
58 26
58 25
58 24
58 24
57 23
57 23
57 22
57 22
57 21
57 20
57 20
57 20
56 20
56 20
55 20
55 20
54 21
53 22
53 22
52 23
52 24
51 25
51 25
50 26
50 27
49 28
49 28
48 29
48 30
47 31
47 31
46 32
46 33
45 34
45 34
45 35
45 36
45 36
45 37
45 37
45 38
45 38
46 39
46 39
47 40
47 40
48 39
48 39
49 38
49 38
50 37
51 37
51 37
52 36
52 35
52 35
53 34
54 33
54 33
55 32
55 31
56 30
56 30
56 29
57 28
57 27
57 27
58 26
58 25
58 25
59 24
59 24
59 23
59 23
60 23
60 23
59 24
59 24
59 25
59 25
59 26
59 27
59 27
59 28
59 29
59 29
59 30
59 31
59 31
59 32
59 33
59 33
59 34
59 34
59 35
59 35
59 36
59 36
59 36
60 35
61 34
61 33
62 32
63 31
64 30
65 29
66 28
66 27
67 26
68 25
68 25
69 24
70 24
71 23
71 23
71 23
71 23
71 24
71 24
71 25
71 26
71 26
71 27
70 28
70 29
70 29
70 30
70 31
70 31
70 32
69 33
69 34
69 34
68 35
68 36
68 36
68 37
68 37
67 38
67 39
67 39
67 39
67 39
67 38
67 38
67 37
67 37
67 36
67 35
67 35
67 34
68 33
68 32
68 32
69 31
69 30
69 30
70 29
70 28
71 27
71 27
72 26
73 25
73 25
74 24
75 24
75 24
76 23
77 23
77 23
78 24
79 24
79 24
80 24
80 24
81 25
81 25
82 26
82 26
83 27
83 27
83 28
83 28
84 29
84 29
85 29
85 29
86 28
87 27
87 26
88 25
88 25
88 24
88 24
88 24
88 25
88 25
88 26
88 27
88 27
88 28
88 29
88 29
88 30
88 31
88 31
88 32
89 33
89 34
89 34
89 35
89 36
89 36
90 37
90 38
90 38
90 39
90 40
90 40
91 41
91 41
91 42
91 42
91 42
91 41
91 41
92 40
92 39
92 39
92 38
93 37
93 36
93 36
94 35
94 34
95 33
95 33
95 32
96 31
96 30
96 30
97 29
98 28
98 28
98 27
98 27
99 28
99 28
98 29
98 29
98 30
98 31
98 32
98 32
97 33
97 34
96 35
96 36
96 36
96 37
95 38
95 39
94 40
94 41
94 41
94 42
93 43
93 44
93 45
93 46
92 47
92 48
92 48
92 49
91 50
91 51
90 52
90 53
89 54
89 55
89 55
88 56
88 57
87 58
87 59
86 60
86 61
85 62
85 63
85 63
84 64
84 65
83 66
83 67
82 68
82 69
81 70
81 71
80 72
80 72
79 73
79 74
78 75
78 76
77 77
77 78
76 79
76 80
75 81
75 81
74 82
74 83
73 84
72 85
71 86
71 87
70 88
70 88
69 89
69 90
68 91
68 92
67 93
67 94
66 95
66 95
65 96
64 97
63 98
63 98
62 99
62 99
62 99
62 98
62 97
