11 9
12 8
12 7
12 7
13 6
13 5
13 5
13 4
13 3
13 3
13 2
13 1
13 1
13 1
13 0
13 0
13 0
13 1
13 2
13 2
12 3
12 3
12 4
11 5
11 6
11 7
11 7
11 8
11 9
10 10
10 11
10 12
10 12
10 13
9 14
9 15
9 16
9 17
8 18
8 19
8 19
8 20
7 21
7 22
7 23
7 24
6 25
6 26
6 27
6 27
6 28
5 29
5 30
5 31
5 32
4 33
4 34
4 34
4 35
3 36
3 37
3 38
2 39
2 40
2 40
2 41
2 42
1 43
1 44
1 45
1 45
1 46
0 47
0 48
0 48
0 49
0 50
0 50
0 50
0 49
0 48
1 47
1 46
1 45
1 44
1 43
2 42
2 41
2 40
2 39
2 38
2 37
3 36
3 35
3 34
3 33
3 32
4 31
4 30
4 29
4 28
4 27
5 26
5 25
5 24
5 23
5 22
5 21
6 20
6 19
6 18
6 17
6 16
7 15
7 14
7 13
7 13
8 12
8 11
9 10
9 9
10 8
10 8
10 7
10 6
10 5
10 5
10 4
10 4
10 4
10 5
10 6
10 6
10 7
10 8
10 8
10 9
11 10
11 11
11 12
11 12
11 13
11 14
11 15
11 16
11 16
11 17
12 18
12 19
12 20
12 20
12 21
12 22
12 23
12 24
12 25
12 25
12 26
12 27
13 28
13 29
13 30
13 30
13 31
13 32
14 33
14 34
14 35
14 35
14 36
14 37
15 38
15 39
15 40
15 40
15 41
16 42
16 43
16 44
16 44
16 45
16 46
16 47
16 48
16 48
16 49
17 50
17 51
17 51
18 52
18 52
19 53
19 53
19 53
19 52
20 51
20 50
20 49
21 48
21 47
21 46
21 45
22 44
22 43
22 42
23 41
23 40
23 39
24 38
24 37
24 36
25 35
25 34
25 33
26 32
26 31
26 30
26 29
27 28
27 27
27 26
28 25
28 24
28 23
29 22
29 21
29 20
30 19
30 18
30 17
30 16
31 15
31 14
31 13
32 12
32 11
32 11
32 10
32 9
32 8
32 8
31 7
31 7
31 7
30 8
30 9
30 9
29 10
29 11
28 12
28 12
28 13
27 14
27 15
27 15
27 16
26 17
26 18
25 19
25 20
25 20
24 21
24 22
23 23
23 24
22 25
22 26
22 26
22 27
21 28
21 29
21 30
20 31
20 32
20 32
20 33
19 34
19 35
18 36
18 37
17 38
17 39
17 39
17 40
16 41
16 42
15 43
15 44
14 45
14 46
14 46
14 47
14 48
13 49
13 50
13 51
13 52
13 52
12 53
12 54
12 54
11 55
11 56
11 56
12 56
12 56
12 55
13 54
13 53
13 52
13 51
14 50
14 49
14 48
15 47
15 46
15 45
15 44
16 43
16 42
16 41
17 40
17 39
17 38
17 37
18 36
18 35
18 34
19 33
19 32
19 31
19 30
20 29
20 28
20 27
20 26
21 25
21 24
21 23
22 22
22 21
22 20
22 19
23 18
23 17
23 16
24 15
24 14
24 13
24 12
25 11
25 10
25 10
26 11
26 11
26 10
26 9
26 9
25 8
25 8
25 8
26 9
26 10
26 10
27 11
27 12
27 12
27 13
27 14
27 15
27 16
27 17
27 17
27 18
27 19
27 20
27 21
27 22
27 23
27 24
27 24
27 25
27 26
27 27
28 28
28 29
28 30
28 31
28 32
28 32
28 33
28 34
28 35
28 36
28 37
28 38
28 39
28 40
28 41
28 41
28 42
28 43
28 44
29 45
29 46
29 47
29 48
29 48
29 49
29 50
29 51
29 52
29 53
29 54
29 55
29 55
29 56
29 57
30 58
30 59
30 60
30 60
30 61
30 62
30 63
30 63
31 62
31 61
32 60
33 59
33 58
34 57
35 56
35 55
36 54
37 53
37 52
38 51
39 50
40 49
40 48
41 47
42 46
42 45
43 44
44 43
44 42
45 41
46 40
46 39
47 38
48 37
48 36
49 35
49 35
49 34
49 33
49 32
49 31
49 31
48 30
47 29
47 29
47 29
46 30
45 31
45 31
44 32
44 33
44 33
43 34
43 35
42 36
42 37
42 37
42 38
42 39
41 40
41 41
41 42
41 42
41 43
41 44
40 45
40 46
40 47
40 47
40 48
40 49
39 50
39 51
39 52
39 52
39 53
39 54
39 55
39 56
39 56
39 57
39 58
39 58
40 59
40 59
41 59
41 59
42 58
42 57
42 57
43 56
43 55
44 54
44 54
44 53
44 52
45 51
45 50
45 49
45 49
45 48
46 47
46 46
47 45
47 44
47 44
47 43
47 42
48 41
48 40
48 39
48 39
48 38
49 37
49 36
49 35
49 35
49 34
49 33
49 33
49 33
49 33
49 34
48 35
48 36
48 36
48 37
48 38
48 39
48 39
48 40
48 41
48 42
48 43
48 44
48 44
48 45
48 46
47 47
47 48
47 49
47 49
47 50
47 51
47 52
47 53
47 54
47 54
47 55
48 56
48 57
48 57
48 58
48 59
48 59
49 60
50 60
50 60
51 60
52 60
52 60
53 59
54 59
54 59
54 58
55 57
55 56
56 55
56 54
57 53
57 52
58 51
58 50
59 49
59 48
60 47
60 46
61 45
61 44
62 43
62 42
63 41
63 40
64 39
64 38
65 37
65 36
66 35
66 34
66 34
66 33
66 32
66 32
66 33
66 33
66 33
66 34
66 35
66 35
66 36
66 37
66 38
66 38
66 39
66 40
66 41
66 42
66 43
66 43
66 44
66 45
66 46
66 47
66 47
66 48
65 49
65 50
65 51
65 51
65 52
64 53
64 54
64 54
64 55
64 56
64 56
64 56
64 55
64 55
64 54
64 54
64 53
64 52
64 51
64 51
64 50
65 49
65 48
65 48
65 47
66 46
66 45
66 44
66 44
66 43
67 42
67 41
67 41
67 40
68 39
68 38
68 38
69 37
69 36
70 35
70 35
71 34
71 33
71 33
72 32
73 31
73 31
74 30
74 30
75 29
75 29
76 29
76 29
76 28
76 28
77 28
78 28
79 28
80 28
81 29
82 29
83 29
84 29
85 29
86 29
86 29
86 28
86 27
86 26
86 26
85 25
85 25
85 24
85 24
85 24
85 25
85 25
85 25
85 26
85 27
85 27
85 28
85 29
85 29
85 30
85 31
85 31
86 32
86 32
86 33
86 33
87 34
87 35
87 35
88 36
88 37
88 37
88 38
88 38
89 39
89 40
89 40
89 41
89 42
89 42
90 42
90 42
91 42
91 42
91 41
91 41
92 40
92 40
93 39
93 39
93 38
93 37
93 37
94 36
94 36
94 35
94 35
94 34
94 33
94 33
95 32
95 32
95 31
95 30
95 30
96 29
96 29
96 28
96 28
97 27
97 26
97 26
98 25
98 25
98 24
98 23
98 23
99 23
99 23
99 23
99 23
98 24
98 25
98 25
98 26
97 27
97 28
97 28
97 29
96 30
96 31
96 32
96 32
95 33
95 34
94 35
94 36
94 36
94 37
94 38
93 39
93 40
93 41
93 41
93 42
92 43
92 44
92 45
91 46
91 47
91 47
91 48
91 49
91 50
90 51
90 52
90 53
90 54
90 54
90 55
89 56
89 57
89 58
89 59
88 60
88 61
88 62
88 62
88 63
88 64
88 65
87 66
87 67
87 68
87 69
87 70
87 70
87 71
86 72
86 73
86 74
86 75
85 76
85 77
85 77
85 78
85 79
84 80
84 81
84 82
84 83
84 83
84 84
84 85
83 86
83 87
83 88
83 88
82 89
82 90
81 91
81 92
81 92
81 93
80 94
80 95
80 96
80 96
79 97
79 98
79 98
79 99
79 99
78 99
78 99
78 98
