7 6
7 5
8 4
8 3
8 2
8 2
8 1
8 1
8 0
8 0
8 0
8 1
8 2
8 3
8 3
8 4
7 5
7 6
7 7
7 7
7 8
7 9
7 10
7 11
7 12
7 12
7 13
7 14
7 15
7 16
7 17
7 18
7 19
7 20
7 20
7 21
7 22
7 23
6 24
6 25
6 26
6 27
6 28
6 28
6 29
6 30
6 31
6 32
5 33
5 34
5 35
5 36
5 37
5 38
5 38
5 39
5 40
5 41
5 42
5 43
4 44
4 45
4 46
4 47
4 48
4 49
4 49
4 50
4 51
4 52
4 53
3 54
3 55
3 56
3 57
3 58
3 58
3 59
3 60
3 61
2 62
2 63
2 64
2 65
2 66
2 66
2 67
2 68
1 69
1 70
1 71
1 72
1 72
1 73
0 74
0 75
0 76
0 76
0 77
0 78
0 78
0 79
0 80
0 80
0 81
0 81
0 81
0 80
0 79
0 78
1 77
1 76
1 75
1 74
1 73
1 72
1 71
1 70
2 69
2 68
2 67
2 66
2 65
2 64
2 63
2 62
3 61
3 60
3 59
3 58
3 57
3 56
3 55
3 54
4 53
4 52
4 51
4 50
4 49
4 48
4 47
4 46
5 45
5 44
5 43
5 42
5 41
5 40
5 39
5 38
6 37
6 36
6 35
6 34
6 33
6 32
6 31
6 30
7 29
7 28
7 27
7 26
7 25
7 24
7 23
7 22
8 21
8 20
8 19
8 18
8 17
8 16
8 15
8 14
9 13
9 12
9 11
9 10
9 10
10 9
10 8
11 7
11 6
11 6
12 5
12 5
11 4
11 4
11 5
11 5
11 6
11 7
11 7
11 8
11 9
12 10
12 11
12 12
12 12
12 13
12 14
13 15
13 16
13 17
13 18
13 18
13 19
13 20
13 21
13 22
13 23
13 24
13 25
13 26
13 26
13 27
13 28
13 29
14 30
14 31
14 32
14 33
14 34
14 34
14 35
14 36
14 37
15 38
15 39
15 40
15 41
15 42
15 42
15 43
15 44
15 45
15 46
16 47
16 48
16 49
16 50
16 51
16 51
16 52
16 53
16 54
16 55
16 56
16 57
16 58
16 59
16 59
16 60
16 61
17 62
17 63
17 64
17 64
17 65
17 66
17 67
17 67
17 68
17 69
17 70
17 70
18 71
18 72
18 72
18 73
18 74
18 74
18 74
19 74
19 74
19 74
19 73
19 72
20 71
20 70
20 69
20 68
20 67
21 66
21 65
21 64
21 63
21 62
22 61
22 60
22 59
22 58
22 57
23 56
23 55
23 54
23 53
23 52
24 51
24 50
24 49
24 48
24 47
25 46
25 45
25 44
25 43
25 42
26 41
26 40
26 39
26 38
26 37
27 36
27 35
27 34
27 33
27 32
28 31
28 30
28 29
28 28
28 27
29 26
29 25
29 24
29 23
29 22
30 21
30 20
30 19
30 18
30 17
31 16
31 15
31 14
31 14
32 13
32 12
33 11
33 11
33 10
33 9
33 9
33 9
33 10
33 11
33 11
33 12
33 13
32 14
32 15
32 16
32 17
32 17
32 18
32 19
32 20
31 21
31 22
31 23
31 24
31 24
31 25
31 26
30 27
30 28
30 29
30 30
29 31
29 32
29 33
29 33
29 34
28 35
28 36
28 37
28 38
27 39
27 40
27 41
27 41
27 42
26 43
26 44
25 45
25 46
25 47
24 48
24 49
24 49
24 50
23 51
23 52
23 53
22 54
22 55
22 55
22 56
22 57
21 58
21 59
21 60
21 61
21 61
20 62
20 63
19 64
19 64
19 65
18 66
18 67
18 67
18 68
18 69
18 69
18 69
18 69
18 69
19 68
19 67
19 67
19 66
19 65
20 64
20 63
20 62
20 61
20 60
20 59
21 58
21 57
21 56
21 55
21 54
22 53
22 52
22 51
22 50
22 49
22 48
23 47
23 46
23 45
23 44
23 43
24 42
24 41
24 40
24 39
24 38
24 37
25 36
25 35
25 34
25 33
25 32
26 31
26 30
26 29
26 28
26 27
26 26
27 25
27 24
27 23
27 23
27 22
28 21
28 20
28 19
29 18
29 17
29 16
30 15
30 14
30 14
30 13
30 12
30 12
30 11
30 10
30 10
30 10
30 10
30 11
30 12
30 12
30 13
31 14
31 15
31 15
31 16
31 17
31 18
31 19
31 20
31 21
31 22
31 22
31 23
31 24
31 25
31 26
31 27
31 28
31 29
31 30
31 30
31 31
31 32
31 33
31 34
31 35
31 36
31 37
31 38
31 39
31 39
31 40
31 41
31 42
31 43
31 44
31 45
31 46
31 47
31 48
31 49
31 49
31 50
31 51
31 52
31 53
31 54
31 55
31 56
31 57
31 57
31 58
31 59
31 60
31 61
31 62
31 63
31 64
31 65
31 65
31 66
31 67
31 68
31 69
31 69
31 70
32 71
32 72
32 73
32 73
32 74
32 75
32 75
32 76
32 77
32 77
32 78
32 78
32 78
32 78
33 78
33 78
33 77
33 77
34 76
34 75
35 74
36 73
36 72
37 71
38 70
38 69
39 68
40 67
40 66
41 65
42 64
42 63
43 62
44 61
45 60
45 59
46 58
47 57
47 56
48 55
49 54
49 53
50 52
51 51
51 50
52 49
53 48
53 47
54 46
55 45
55 44
56 43
56 43
57 42
57 42
57 41
57 40
57 40
57 39
57 38
57 37
57 37
57 36
57 35
57 35
56 34
56 34
56 33
56 33
55 32
55 32
54 32
54 32
53 33
52 34
52 34
52 35
51 36
51 37
51 38
51 38
50 39
50 40
49 41
49 42
49 42
49 43
49 44
48 45
48 46
48 47
48 48
48 48
48 49
48 50
47 51
47 52
47 53
47 53
47 54
46 55
46 56
46 57
46 57
46 58
46 59
46 60
46 61
46 61
46 62
46 63
46 63
46 64
46 64
47 65
47 65
48 64
48 64
49 63
49 63
50 62
50 61
51 60
51 60
51 59
52 58
52 57
52 56
52 56
53 55
53 54
54 53
54 52
54 52
54 51
54 50
55 49
55 48
55 47
55 47
55 46
56 45
56 44
56 44
56 43
56 42
56 42
56 42
56 42
57 43
57 44
57 44
57 45
57 46
57 46
57 47
56 48
56 49
56 50
56 50
56 51
56 52
56 53
56 54
56 54
56 55
56 56
56 57
56 57
56 58
56 59
56 59
56 60
56 61
56 61
57 62
57 62
57 62
57 61
58 60
58 59
58 58
59 57
59 56
59 55
60 54
60 53
60 52
61 51
61 50
61 49
62 48
62 47
62 46
63 45
63 44
63 43
64 42
64 41
64 40
65 39
65 38
65 37
66 36
66 35
66 35
67 35
68 35
68 35
68 35
68 36
68 36
68 37
68 38
68 39
68 39
68 40
68 41
69 42
69 43
69 44
69 44
69 45
69 46
69 47
69 48
69 49
69 49
69 50
68 51
68 52
68 52
68 53
68 54
68 55
68 55
68 56
68 57
68 58
68 58
67 59
67 60
67 60
67 61
67 61
67 62
67 62
67 62
67 62
67 61
67 60
67 60
67 59
68 58
68 57
68 57
68 56
69 55
69 54
69 53
69 53
70 52
70 51
71 50
71 49
71 49
71 48
71 47
72 46
72 45
72 44
72 44
73 43
73 42
74 41
74 41
75 40
76 39
76 39
77 38
78 37
78 37
79 36
79 36
80 36
81 36
81 36
82 35
83 35
83 35
84 35
84 35
85 35
85 35
86 35
86 35
86 35
87 36
87 36
87 37
87 37
87 38
87 39
87 40
87 40
87 41
87 42
87 42
88 43
88 43
88 44
88 44
88 45
88 45
89 45
89 45
89 45
90 44
90 43
90 43
91 42
91 41
92 40
92 40
93 39
93 38
94 37
94 37
94 36
95 35
95 34
95 33
95 33
95 32
96 31
96 30
97 29
97 28
97 28
97 27
98 26
98 25
98 25
98 24
98 24
98 24
98 25
98 25
98 26
98 27
98 28
98 28
98 29
97 30
97 31
97 32
97 32
97 33
97 34
97 35
96 36
96 37
96 38
96 39
96 39
96 40
95 41
95 42
95 43
95 44
94 45
94 46
94 47
94 47
94 48
94 49
94 50
94 51
93 52
93 53
93 54
93 55
93 56
93 57
93 57
93 58
93 59
92 60
92 61
92 62
92 63
92 64
91 65
91 66
91 67
91 67
91 68
91 69
90 70
90 71
90 72
90 73
89 74
89 75
89 76
89 76
89 77
88 78
88 79
88 80
88 81
87 82
87 83
87 84
87 84
87 85
87 86
87 87
86 88
86 89
86 90
86 91
86 91
86 92
85 93
85 94
84 95
84 96
84 96
83 97
82 98
82 98
81 98
80 99
79 99
