13 1
12 1
11 1
11 1
11 0
11 0
10 1
10 2
10 2
10 3
9 4
9 5
9 5
9 6
9 7
9 8
8 9
8 10
8 11
8 12
8 12
8 13
8 14
8 15
7 16
7 17
7 18
7 19
7 20
7 20
7 21
7 22
6 23
6 24
6 25
6 26
6 27
6 28
5 29
5 30
5 31
5 31
5 32
5 33
5 34
5 35
4 36
4 37
4 38
4 39
4 40
4 40
4 41
3 42
3 43
3 44
3 45
2 46
2 47
2 48
2 48
2 49
2 50
2 51
1 52
1 53
1 54
1 55
1 55
1 56
1 57
0 58
0 59
0 60
0 60
0 61
0 62
0 62
0 63
0 64
0 64
0 64
1 64
1 64
1 63
1 62
2 61
2 60
2 59
2 58
2 57
2 56
3 55
3 54
3 53
3 52
3 51
4 50
4 49
4 48
4 47
4 46
4 45
5 44
5 43
5 42
5 41
5 40
5 39
6 38
6 37
6 36
6 35
6 34
7 33
7 32
7 31
7 30
7 29
7 28
8 27
8 26
8 25
8 25
8 24
9 23
9 22
10 21
10 20
11 19
11 18
11 18
11 17
11 17
11 18
11 18
12 19
12 19
12 20
13 21
13 22
13 23
13 23
13 24
13 25
13 26
14 27
14 28
14 29
14 30
14 31
14 31
14 32
14 33
14 34
14 35
15 36
15 37
15 38
15 39
15 40
15 40
15 41
15 42
15 43
15 44
15 45
15 46
15 47
15 48
15 48
15 49
15 50
15 51
16 52
16 53
16 54
16 55
16 56
16 56
16 57
16 58
17 59
17 60
17 61
17 61
17 62
17 63
17 64
17 65
17 65
18 66
18 67
18 67
18 68
18 68
19 69
19 69
19 68
20 67
20 66
20 65
20 64
21 63
21 62
21 61
22 60
22 59
22 58
22 57
23 56
23 55
23 54
24 53
24 52
24 51
24 50
25 49
25 48
25 47
26 46
26 45
26 44
26 43
27 42
27 41
27 40
28 39
28 38
28 37
28 36
29 35
29 34
29 33
30 32
30 31
30 30
30 29
31 28
31 27
31 27
32 26
32 25
33 24
33 23
34 22
34 21
34 21
34 21
33 21
33 21
33 22
33 23
33 24
33 24
33 25
33 26
32 27
32 28
32 29
32 30
32 30
32 31
31 32
31 33
31 34
31 35
30 36
30 37
30 37
30 38
29 39
29 40
29 41
29 42
28 43
28 44
28 45
28 45
27 46
27 47
26 48
26 49
25 50
25 51
25 51
25 52
24 53
24 54
24 55
23 56
23 57
23 57
22 58
22 59
21 60
21 61
21 61
20 62
20 63
19 64
19 64
18 65
18 65
18 66
18 66
18 65
18 65
18 64
19 63
19 62
19 61
19 60
20 59
20 58
20 57
21 56
21 55
21 54
22 53
22 52
22 51
22 50
23 49
23 48
23 47
24 46
24 45
24 44
25 43
25 42
25 41
25 40
26 39
26 38
26 37
27 36
27 35
27 34
28 33
28 32
28 31
28 30
29 29
29 28
29 28
30 27
30 26
31 25
31 24
32 23
32 22
33 21
33 21
34 21
34 21
34 21
34 22
34 23
34 24
34 24
34 25
34 26
35 27
35 28
35 29
35 30
35 30
35 31
35 32
35 33
35 34
35 35
35 36
35 37
35 38
35 38
35 39
35 40
35 41
35 42
35 43
35 44
35 45
35 46
35 47
35 47
35 48
35 49
35 50
35 51
35 52
35 53
35 54
35 54
35 55
35 56
35 57
35 58
35 59
35 59
35 60
35 61
35 62
35 63
35 63
35 64
35 64
36 65
36 65
37 65
37 65
38 64
38 63
39 62
40 61
41 60
41 59
42 58
43 57
43 56
44 55
45 54
46 53
46 52
47 51
48 50
49 49
49 48
50 47
51 46
51 45
52 44
53 43
54 42
54 41
55 40
55 40
55 39
56 38
56 37
57 36
57 35
57 34
58 33
58 32
58 32
58 31
58 30
58 29
58 29
57 28
57 28
56 28
56 28
55 28
55 28
54 29
53 30
53 30
52 31
52 32
51 33
51 34
51 34
51 35
50 36
50 37
49 38
49 39
49 39
49 40
48 41
48 42
48 43
47 44
47 45
47 45
47 46
47 47
46 48
46 49
46 50
46 50
46 51
46 52
46 53
46 53
46 54
46 55
46 55
46 56
46 56
47 56
47 56
48 55
49 55
49 55
50 54
50 53
51 52
51 52
52 51
52 50
53 49
53 49
53 48
54 47
54 46
55 45
55 44
55 44
55 43
56 42
56 41
56 40
56 40
57 39
57 38
57 38
58 37
58 37
58 38
58 38
58 39
58 40
58 40
58 41
59 42
59 43
59 43
59 44
59 45
59 46
59 47
59 47
59 48
59 49
59 50
59 51
59 51
59 52
59 53
59 53
59 54
59 55
59 55
59 56
59 56
59 56
59 55
60 54
60 53
61 52
61 51
61 50
62 49
62 48
62 47
63 46
63 45
64 44
64 43
64 42
65 41
65 40
66 39
66 38
66 37
67 36
67 35
67 34
68 33
68 32
69 31
69 30
69 30
70 31
71 31
72 32
72 32
72 32
72 33
72 34
72 35
72 35
72 36
72 37
71 38
71 39
71 40
71 40
71 41
71 42
71 43
71 44
71 45
71 45
71 46
71 47
71 48
71 49
71 49
71 50
71 51
71 51
70 52
70 53
70 53
70 54
70 54
69 54
69 54
69 55
69 55
69 54
69 54
69 53
69 52
69 52
69 51
70 50
70 49
70 49
70 48
71 47
71 46
71 46
72 45
72 44
73 43
73 43
73 42
74 41
74 40
74 39
74 39
75 38
75 37
76 36
76 36
77 35
78 35
79 34
79 34
80 33
81 33
81 33
82 32
83 32
83 32
84 32
84 32
85 32
85 32
86 32
86 32
87 33
87 33
87 34
87 34
87 35
87 36
87 36
87 37
87 38
87 39
87 39
87 40
87 41
87 42
87 42
87 43
87 44
87 45
87 45
87 46
87 47
87 47
87 48
87 48
88 48
88 48
89 48
89 48
90 47
90 46
90 46
90 45
91 44
91 43
91 43
92 42
92 41
93 40
93 40
94 39
94 38
95 37
95 36
95 36
95 35
96 34
96 33
97 32
97 31
97 31
97 30
98 29
98 28
98 28
99 27
99 27
98 27
98 27
98 28
98 28
98 29
98 30
98 31
98 31
98 32
98 33
97 34
97 35
97 36
97 37
97 37
97 38
97 39
96 40
96 41
96 42
96 43
95 44
95 45
95 46
95 46
95 47
95 48
94 49
94 50
94 51
94 52
94 53
94 54
93 55
93 56
93 57
93 57
93 58
93 59
92 60
92 61
92 62
92 63
92 64
92 65
91 66
91 67
91 68
91 69
91 69
91 70
90 71
90 72
90 73
89 74
89 75
89 76
89 77
88 78
88 79
88 79
88 80
87 81
87 82
86 83
86 84
86 85
85 86
85 87
85 87
85 88
84 89
84 90
84 91
83 92
83 93
83 93
82 94
82 95
81 96
81 97
80 98
80 98
79 99
78 99
78 99
77 99
76 99
75 99
