18 2
19 1
20 1
20 1
19 1
19 1
18 2
17 2
17 2
16 3
16 4
15 5
15 6
15 6
14 7
14 8
13 9
13 10
12 11
12 12
12 12
12 13
11 14
11 15
11 16
11 17
10 18
10 19
10 19
10 20
9 21
9 22
9 23
9 24
8 25
8 26
8 27
8 27
8 28
7 29
7 30
7 31
6 32
6 33
6 33
6 34
5 35
5 36
5 37
4 38
4 39
4 39
4 40
3 41
3 42
2 43
2 44
2 44
2 45
1 46
1 47
1 48
1 48
0 49
0 50
0 50
0 51
0 52
0 52
0 52
0 51
0 51
1 50
1 49
1 49
2 48
2 47
3 46
3 45
3 45
4 44
4 43
5 42
5 41
6 40
6 39
6 39
6 38
7 37
7 36
8 35
8 34
9 33
9 32
9 32
9 31
10 30
10 29
11 28
11 27
12 26
12 25
12 25
12 24
13 23
13 22
13 21
13 20
14 19
14 18
14 18
14 17
15 16
15 15
15 14
15 13
16 12
16 11
16 11
17 10
17 9
18 8
18 8
19 8
19 8
19 8
20 9
20 10
20 10
20 11
20 12
20 13
20 14
20 14
20 15
21 16
21 17
21 18
21 18
21 19
21 20
21 21
21 22
21 23
21 24
21 24
21 25
21 26
21 27
21 28
21 29
21 29
21 30
21 31
21 32
21 33
21 34
21 34
21 35
20 36
20 37
20 38
20 38
20 39
19 40
19 41
19 42
19 42
19 43
18 44
18 45
18 45
17 46
17 47
17 47
17 47
17 47
18 46
18 45
18 45
19 44
19 43
20 42
20 41
20 41
20 40
21 39
21 38
21 37
22 36
22 35
22 35
23 34
23 33
24 32
24 31
25 30
25 29
25 29
25 28
26 27
26 26
27 25
27 24
28 23
28 22
28 22
28 21
29 20
29 19
30 18
30 17
30 17
30 16
31 15
31 14
31 14
31 13
31 12
31 12
31 12
31 13
31 14
31 14
31 15
30 16
30 17
30 17
30 18
29 19
29 20
28 21
28 22
28 22
28 23
28 24
27 25
27 26
27 27
27 27
27 28
26 29
26 30
25 31
25 32
25 32
24 33
24 34
23 35
23 36
22 37
22 37
21 38
21 39
20 40
20 41
20 41
20 42
19 43
19 44
19 45
19 45
18 46
17 46
17 46
17 47
17 47
17 46
17 46
18 45
18 44
18 44
19 43
19 42
20 41
20 40
20 40
20 39
21 38
21 37
22 36
22 35
22 35
23 34
23 33
24 32
24 31
25 30
25 29
25 29
25 28
26 27
26 26
27 25
27 24
27 24
28 23
28 22
29 21
29 20
30 19
30 18
30 18
31 17
32 16
32 16
33 16
33 16
34 17
35 17
35 17
36 18
36 19
36 19
36 20
37 21
37 22
37 22
37 23
38 24
38 25
38 25
38 26
39 27
39 28
39 29
39 29
39 30
39 31
39 32
39 33
39 33
39 34
39 35
39 36
39 36
39 37
39 38
39 39
39 40
39 40
39 41
39 42
39 42
38 43
38 44
38 44
39 45
39 45
40 45
40 45
41 44
42 44
42 44
43 44
44 43
45 43
45 43
46 42
47 41
48 40
48 40
49 39
50 39
51 38
51 38
52 37
52 36
53 35
53 34
53 34
53 33
54 32
54 31
54 31
54 30
55 29
55 28
55 28
55 27
55 26
55 26
55 25
55 24
55 24
54 24
54 24
53 25
53 25
52 26
52 26
52 27
51 28
51 29
51 29
50 30
50 31
49 32
49 32
49 33
48 34
48 35
48 35
47 36
47 37
47 37
46 38
46 38
46 39
46 39
47 40
47 40
47 40
48 39
48 39
49 38
50 37
50 37
50 36
51 35
51 34
51 34
52 33
53 32
53 32
54 31
54 30
55 29
55 29
56 28
56 27
56 27
57 27
57 27
57 27
57 28
57 28
57 29
57 30
57 30
57 31
57 32
57 33
57 33
57 34
57 35
57 35
57 36
57 36
58 37
58 37
58 37
59 37
59 37
59 36
59 36
60 35
60 34
60 34
61 33
62 32
62 32
63 31
63 30
63 30
64 29
65 28
65 28
66 27
66 27
66 27
67 27
67 27
67 28
67 28
67 29
67 30
67 30
67 31
67 32
67 32
67 33
67 34
67 34
66 35
66 36
66 36
66 37
66 38
66 38
66 38
66 38
66 38
66 37
66 37
66 36
66 36
67 35
67 34
67 34
68 33
68 32
68 32
69 31
69 30
69 30
70 29
71 28
71 28
72 27
72 27
73 26
74 26
74 26
75 25
75 25
76 25
77 25
77 25
78 24
78 24
79 24
80 24
80 24
81 23
82 23
82 23
83 22
83 22
84 22
84 22
85 22
85 22
85 23
85 24
85 24
86 25
86 26
86 26
86 27
86 28
86 29
86 30
86 30
86 31
86 32
86 33
86 33
86 34
86 35
86 36
86 36
86 37
86 38
86 39
86 39
86 40
86 41
86 41
86 42
86 42
86 43
86 43
86 42
86 42
87 42
87 42
88 41
88 40
88 40
89 39
89 38
90 37
90 37
91 36
91 35
92 34
92 34
93 33
93 32
94 31
94 31
95 30
95 29
96 28
96 28
97 27
97 26
97 26
98 26
99 26
99 26
99 26
98 27
98 28
98 28
98 29
97 30
97 31
97 31
97 32
96 33
96 34
95 35
95 36
95 36
94 37
93 38
93 39
92 40
91 41
91 41
91 42
90 43
90 44
89 45
89 46
88 47
88 48
88 48
87 49
87 50
86 51
85 52
85 53
84 54
84 55
83 56
83 56
82 57
82 58
81 59
80 60
80 61
79 62
78 63
78 64
77 65
77 65
76 66
76 67
75 68
75 69
74 70
73 71
73 72
72 73
72 74
71 75
71 75
70 76
70 77
69 78
68 79
68 80
67 81
67 82
66 83
66 83
65 84
65 85
64 86
63 87
63 88
62 89
62 90
61 91
61 91
60 92
59 93
59 94
58 95
57 96
57 96
56 97
56 98
55 99
55 99
54 99
54 99
54 99
55 98
55 97
