14 1
14 1
13 0
13 0
13 1
13 1
12 2
12 3
12 3
12 4
11 5
11 6
11 7
11 7
11 8
11 9
10 10
10 11
10 12
10 13
10 13
10 14
10 15
10 16
9 17
9 18
9 19
9 20
9 21
9 21
9 22
9 23
9 24
9 25
8 26
8 27
8 28
8 29
8 30
8 30
8 31
8 32
8 33
8 34
7 35
7 36
7 37
7 38
7 39
7 40
7 40
7 41
7 42
7 43
7 44
7 45
7 46
7 47
7 48
7 49
7 50
7 50
7 51
7 52
7 53
7 54
7 55
7 56
7 57
7 58
7 59
7 60
7 60
7 61
7 62
7 63
7 64
8 65
8 66
8 67
8 68
8 69
8 69
8 70
8 71
8 72
9 73
9 74
9 75
9 76
9 76
9 77
9 78
10 79
10 80
10 81
10 82
10 82
10 83
10 84
11 85
11 86
11 87
11 87
12 88
12 89
13 90
13 91
13 91
14 92
14 93
14 93
15 94
16 95
16 95
17 96
17 96
18 96
18 96
19 95
19 94
19 94
19 93
20 92
20 91
20 91
20 90
20 89
21 88
21 87
21 86
21 85
21 85
21 84
21 83
21 82
21 81
21 80
21 79
21 79
21 78
21 77
21 76
22 75
22 74
22 73
22 72
22 72
22 71
22 70
22 69
22 68
22 67
22 66
22 65
23 64
23 63
23 62
23 61
23 60
23 59
23 58
23 57
23 57
23 56
23 55
23 54
23 53
23 52
23 51
22 50
22 49
22 48
22 47
22 46
22 45
22 44
22 44
22 43
22 42
22 41
22 40
22 40
21 39
21 39
20 40
20 40
20 41
19 42
19 43
19 44
19 44
19 45
19 46
18 47
18 48
18 49
18 49
18 50
17 51
17 52
17 53
17 54
16 55
16 56
16 56
16 57
15 58
15 59
15 60
14 61
14 62
14 62
14 63
13 64
13 65
13 66
12 67
12 68
12 68
11 69
11 70
10 71
10 72
9 73
9 74
9 74
9 75
8 76
8 77
7 78
7 79
7 79
6 80
6 81
5 82
5 82
4 83
3 83
2 84
2 84
1 84
1 84
0 83
0 82
0 82
0 81
0 80
0 79
0 78
0 78
0 77
0 76
0 75
0 74
0 73
0 73
0 72
0 71
0 70
1 69
1 68
1 67
1 66
1 66
2 65
2 64
3 63
3 62
4 61
4 60
4 60
4 59
5 58
5 57
6 56
6 55
7 54
7 53
7 53
7 52
8 51
8 50
9 49
9 48
9 47
10 46
10 45
10 45
11 44
12 43
12 42
13 41
14 40
14 40
15 39
16 38
17 37
18 36
19 35
19 35
20 34
21 33
22 32
23 31
23 31
24 30
25 30
26 29
26 29
27 29
28 28
29 28
29 28
30 29
31 30
31 30
31 31
32 32
32 33
32 33
32 34
32 35
33 36
33 37
33 38
33 38
33 39
33 40
33 41
33 42
33 43
33 44
33 44
33 45
33 46
33 47
32 48
32 49
32 50
32 51
32 51
32 52
32 53
32 54
31 55
31 56
31 57
31 58
31 58
31 59
31 60
30 61
30 62
30 63
30 63
30 64
30 65
30 66
30 67
30 67
30 68
30 69
30 70
30 70
31 71
31 71
32 72
32 73
32 73
33 73
34 73
34 73
35 74
36 75
36 75
37 76
38 77
38 77
39 78
39 79
40 80
40 80
40 81
40 82
40 83
40 83
40 84
40 85
40 86
40 87
40 87
40 88
40 89
40 90
40 90
39 91
39 92
38 93
38 93
37 94
37 95
37 95
36 95
35 96
34 96
34 96
33 97
32 97
32 97
31 96
30 96
30 96
29 95
28 95
28 95
28 94
27 93
27 92
27 92
27 91
26 90
26 89
26 89
26 88
26 87
26 86
26 86
26 85
26 84
27 83
27 82
27 81
27 81
27 80
27 79
28 78
28 77
28 76
28 76
29 75
29 74
30 73
30 72
31 71
31 71
31 70
32 69
32 68
32 67
33 66
33 65
33 65
33 64
34 63
34 62
35 61
35 60
36 59
36 58
36 58
37 57
37 56
38 55
38 54
39 53
39 52
39 52
40 51
41 50
41 49
42 48
42 48
43 47
44 46
45 45
46 44
46 44
47 43
47 42
48 41
48 40
49 39
49 38
50 37
50 36
51 35
52 34
52 33
53 32
53 31
54 30
54 29
55 28
56 27
56 26
57 25
57 24
58 23
58 22
59 21
59 20
60 19
60 19
61 20
62 21
62 21
63 22
63 22
63 22
63 23
63 23
64 24
64 25
64 25
65 26
65 26
66 27
66 28
66 28
67 29
67 29
67 30
67 31
67 31
67 32
68 33
68 34
68 34
68 35
68 36
67 37
67 38
67 39
67 39
67 40
67 41
66 42
66 43
66 44
66 45
66 45
66 46
66 47
66 48
66 49
66 50
66 51
66 52
66 52
66 53
66 54
66 55
65 56
65 57
65 58
65 59
65 59
65 60
65 61
65 62
64 63
64 64
64 65
64 66
64 67
64 67
64 68
64 69
63 70
63 71
63 72
63 73
63 73
63 74
63 75
63 76
63 77
63 78
63 79
63 79
63 80
63 81
63 82
63 83
63 83
63 84
62 85
62 86
62 87
62 87
62 88
62 89
62 90
62 91
62 91
62 92
62 92
61 93
61 93
61 93
61 92
61 92
61 91
61 90
61 89
61 88
61 88
61 87
61 86
62 85
62 84
62 83
62 83
62 82
62 81
62 80
62 79
62 78
62 77
62 76
62 76
62 75
63 74
63 73
63 72
63 71
64 70
64 69
64 68
64 68
64 67
65 66
65 65
65 64
65 63
66 62
66 61
66 60
66 60
66 59
67 58
67 57
67 56
67 55
68 54
68 53
68 53
68 52
69 51
69 50
69 49
69 49
70 48
70 47
71 46
71 46
72 46
73 46
73 46
74 47
75 47
75 47
75 48
75 49
75 50
75 50
75 51
76 52
76 53
76 53
76 54
76 55
76 56
76 57
76 57
76 58
76 59
76 60
76 61
76 62
76 62
76 63
76 64
75 65
75 66
75 67
75 67
75 68
75 69
75 70
75 71
75 72
75 72
75 73
74 74
74 75
74 76
74 76
74 77
73 78
73 79
73 79
72 80
72 81
72 81
71 82
70 82
70 82
69 83
69 83
68 82
68 82
67 81
67 81
67 80
67 79
67 78
67 78
67 77
67 76
67 75
67 75
67 74
68 73
68 72
68 72
68 71
69 70
69 69
69 68
69 68
70 67
71 66
71 66
72 66
72 66
73 67
74 67
74 67
74 68
74 69
74 69
74 70
75 71
75 72
75 72
75 73
75 74
75 75
75 75
75 76
75 77
75 77
75 78
75 78
75 79
75 79
75 79
75 78
75 77
75 77
75 76
75 75
75 74
75 74
75 73
75 72
76 71
76 70
76 69
76 69
76 68
76 67
76 66
77 65
77 64
77 63
77 62
77 62
77 61
78 60
78 59
78 58
78 57
79 56
79 55
79 54
79 54
79 53
79 52
79 51
80 50
80 49
80 48
80 47
80 46
80 46
80 45
81 44
81 43
81 42
81 41
82 40
82 39
82 38
82 38
82 37
83 36
83 35
83 34
83 33
84 32
84 31
84 31
85 30
85 29
86 28
86 27
86 27
87 26
87 26
88 26
88 26
88 27
88 28
88 28
88 29
88 30
88 31
88 32
88 32
88 33
88 34
88 35
88 36
88 36
88 37
88 38
87 39
87 40
87 41
87 41
87 42
87 43
86 44
86 45
86 46
86 46
86 47
86 48
86 49
86 50
86 50
86 51
86 52
86 53
86 54
86 54
86 55
87 56
87 57
87 57
88 58
88 59
88 59
89 60
89 61
90 62
90 62
91 63
92 64
92 64
93 65
94 65
94 65
95 66
96 67
96 67
97 68
97 69
98 70
98 70
98 71
98 72
98 73
98 73
98 74
99 75
99 76
99 76
99 77
98 78
98 79
98 79
98 80
98 81
97 82
97 83
97 84
97 84
97 85
96 86
96 87
96 88
96 88
95 89
95 90
94 91
94 92
94 92
93 93
93 94
92 95
92 96
92 96
91 97
90 98
90 98
89 99
88 99
88 99
87 99
86 99
86 99
85 98
84 98
84 98
84 97
83 96
83 95
83 95
83 94
82 93
82 92
82 92
82 91
82 90
82 89
82 88
82 87
82 87
82 86
82 85
82 84
82 83
82 83
83 82
83 81
84 80
84 79
84 79
85 78
85 77
86 76
86 75
