9 13
8 13
8 13
8 12
8 11
8 11
8 11
7 12
7 12
7 13
7 13
6 14
6 14
5 15
5 16
5 16
5 17
5 18
5 19
5 19
5 20
4 21
4 22
4 23
4 23
4 24
3 25
3 26
3 27
3 27
3 28
2 29
2 30
2 31
2 31
2 32
2 33
2 34
2 35
2 36
2 37
2 37
2 38
2 39
2 40
2 41
2 42
2 43
2 44
2 44
2 45
2 46
2 47
2 48
2 49
2 50
2 50
2 51
2 52
2 53
2 54
2 55
2 56
2 56
2 57
2 58
3 59
3 60
3 61
3 62
3 62
3 63
3 64
4 65
4 66
4 67
4 67
4 68
5 69
5 70
6 71
6 72
6 72
7 73
7 74
8 75
8 76
8 76
9 77
9 78
10 79
10 80
10 80
11 81
11 82
12 83
12 83
13 84
14 85
14 85
15 86
15 87
15 87
16 88
17 88
17 88
18 88
18 88
18 87
18 86
18 85
18 84
18 83
18 82
18 81
18 80
19 79
19 78
19 77
19 76
19 75
19 74
19 73
19 72
19 71
19 70
19 69
19 68
19 67
19 66
19 65
19 64
20 63
20 62
20 61
20 60
20 59
20 58
20 57
20 56
20 55
20 54
20 53
20 52
20 51
20 50
20 49
20 48
21 47
21 46
21 45
21 44
21 43
21 42
21 41
21 40
21 39
21 39
21 38
21 38
20 39
20 39
20 40
19 41
19 42
19 42
19 43
19 44
18 45
18 46
18 47
18 47
18 48
18 49
17 50
17 51
17 52
17 53
17 53
17 54
17 55
16 56
16 57
16 58
16 59
16 59
16 60
16 61
15 62
15 63
15 64
15 65
15 65
15 66
14 67
14 68
13 69
13 70
13 70
13 71
12 72
12 73
12 74
11 75
11 76
11 76
11 77
10 78
10 79
9 80
9 81
9 81
9 82
8 83
8 84
8 85
8 85
7 86
7 87
6 88
6 89
6 89
5 90
4 91
4 91
3 92
2 92
2 92
1 91
1 91
0 90
0 89
0 89
0 88
0 87
0 86
0 85
0 85
0 84
0 83
0 82
0 81
0 80
0 80
0 79
0 78
0 77
0 76
0 75
0 75
0 74
1 73
1 72
1 71
1 70
2 69
2 68
2 68
2 67
3 66
3 65
3 64
3 63
4 62
4 61
4 61
5 60
5 59
6 58
6 57
7 56
7 55
7 55
7 54
8 53
8 52
9 51
9 50
10 49
10 48
10 48
11 47
11 46
12 45
13 44
13 43
14 42
14 42
15 41
15 40
16 39
16 38
17 37
17 36
18 35
18 35
19 34
20 33
21 32
22 31
22 31
23 30
24 29
25 29
26 28
26 28
27 28
28 27
29 27
29 27
30 28
31 29
31 29
32 30
32 31
32 31
32 32
32 33
32 34
32 35
32 36
32 36
32 37
32 38
32 39
32 40
32 41
32 42
32 42
32 43
32 44
31 45
31 46
31 47
31 48
31 48
31 49
30 50
30 51
30 52
30 52
30 53
30 54
30 55
30 56
30 56
30 57
30 58
30 59
30 59
30 60
30 60
30 61
30 62
30 62
31 63
31 64
31 64
32 65
33 66
33 66
34 67
34 68
35 69
35 69
35 70
36 71
36 72
36 73
36 73
37 74
37 75
38 76
38 77
38 77
38 78
38 79
38 80
38 81
38 81
38 82
38 83
38 84
38 85
38 85
38 86
38 87
38 88
38 88
38 89
37 90
37 91
37 91
36 92
36 93
35 94
35 94
34 95
34 96
33 97
33 97
32 97
31 98
30 98
30 98
29 99
28 99
28 99
27 99
26 99
26 99
25 99
24 99
24 99
24 98
24 97
24 97
24 96
23 95
23 94
23 94
23 93
24 92
24 91
24 90
24 90
24 89
24 88
25 87
25 86
25 85
25 85
25 84
26 83
26 82
26 81
26 80
27 79
27 78
27 78
27 77
28 76
28 75
29 74
29 73
30 72
30 71
30 71
30 70
31 69
31 68
32 67
32 66
32 65
33 64
33 63
33 63
33 62
34 61
34 60
35 59
35 58
35 57
36 56
36 55
36 55
37 54
37 53
38 52
39 51
40 50
40 49
41 48
41 48
42 47
42 46
43 45
43 44
44 43
44 42
45 41
45 41
46 40
46 39
47 38
47 37
48 36
49 35
49 34
50 33
50 32
51 31
51 30
52 29
53 28
53 27
54 26
54 25
55 24
56 23
56 22
57 21
57 20
58 19
59 18
59 17
60 16
60 15
61 14
62 13
62 12
63 11
63 10
64 9
64 8
65 7
66 6
66 5
67 4
67 3
68 2
68 2
69 1
70 1
70 1
70 0
70 0
69 1
69 2
69 2
69 3
69 4
69 4
69 5
68 6
68 7
68 8
68 8
67 9
67 10
66 11
66 12
66 12
66 13
65 14
65 15
65 16
65 16
65 17
64 18
64 19
64 19
64 20
63 21
63 22
63 22
63 23
62 24
62 25
62 26
62 26
62 27
61 28
61 29
61 29
61 30
61 31
60 32
60 33
60 34
60 35
60 35
60 36
60 37
60 38
60 39
60 40
60 41
60 41
60 42
60 43
60 44
59 45
59 46
59 47
59 48
59 49
59 49
59 50
59 51
59 52
59 53
59 54
59 55
59 56
59 57
59 57
59 58
59 59
59 60
59 61
59 62
59 63
59 63
59 64
59 65
60 66
60 67
60 68
60 68
60 69
60 70
60 71
60 72
60 72
60 73
60 74
60 75
60 75
60 76
60 77
60 77
60 78
60 79
60 79
60 79
60 79
60 78
60 77
60 77
60 76
60 75
60 74
60 73
60 73
60 72
60 71
60 70
60 69
60 68
60 68
60 67
60 66
61 65
61 64
61 63
61 62
61 62
61 61
61 60
61 59
62 58
62 57
62 56
62 55
62 55
62 54
62 53
62 52
63 51
63 50
63 49
63 48
63 48
63 47
63 46
64 45
64 44
64 43
64 43
65 42
65 41
66 40
66 39
66 39
67 38
67 37
67 37
68 36
68 36
69 36
70 36
70 36
71 37
71 38
71 38
71 39
71 40
71 41
71 41
71 42
72 43
72 44
72 45
72 45
72 46
72 47
72 48
72 49
72 49
72 50
72 51
72 52
72 53
72 53
72 54
71 55
71 56
71 57
71 57
71 58
70 59
70 60
70 60
70 61
69 62
69 63
69 63
68 64
68 65
68 65
67 66
67 66
66 67
65 68
65 68
65 68
64 68
64 68
64 68
65 67
65 67
65 66
65 65
65 65
66 64
66 63
66 63
67 62
68 61
68 61
68 60
69 59
69 58
69 57
69 57
69 56
69 55
70 54
70 53
70 52
70 52
70 51
71 50
71 49
71 48
71 47
72 46
72 45
72 45
72 44
73 43
73 42
74 41
74 40
75 39
75 38
75 38
75 37
76 36
76 35
76 34
76 33
77 32
77 31
77 30
77 30
77 29
78 28
78 27
78 26
78 25
79 24
79 23
79 23
79 22
80 21
80 20
80 19
80 19
81 18
81 17
82 16
82 16
83 15
83 15
84 15
84 15
85 16
85 16
85 17
85 17
85 18
86 19
86 20
86 20
86 21
86 22
86 22
86 23
87 24
87 25
87 26
87 26
87 27
88 28
88 29
88 29
88 30
88 31
88 32
88 32
88 33
89 34
89 35
89 36
89 36
90 37
90 38
91 39
91 40
91 40
91 41
92 42
92 43
92 44
92 44
92 45
93 46
93 47
93 47
94 48
94 49
95 50
95 50
96 51
96 52
97 53
97 53
97 54
98 55
98 56
98 57
98 57
98 58
98 59
98 60
98 61
98 61
98 62
99 63
99 64
99 65
99 65
99 66
98 67
98 68
98 69
98 69
98 70
98 71
97 72
97 73
97 74
97 74
97 75
96 76
96 77
95 78
95 79
95 79
94 80
94 81
93 82
93 83
93 83
92 84
92 85
91 86
91 86
90 86
89 87
88 87
88 87
87 87
86 87
86 87
85 86
85 85
84 84
84 84
84 83
83 82
83 81
83 80
83 80
83 79
83 78
83 77
83 76
83 75
83 75
83 74
83 73
84 72
84 71
84 70
84 69
84 69
84 68
85 67
85 66
85 65
86 64
86 63
86 63
87 62
87 61
88 60
88 59
89 58
89 58
90 57
90 56
91 55
91 54
92 53
