2 9
2 8
2 7
2 6
2 6
2 7
2 7
1 8
1 8
1 9
1 10
1 11
1 12
1 12
1 13
1 14
1 15
1 16
1 17
1 17
1 18
1 19
1 20
0 21
0 22
0 23
0 24
0 24
0 25
0 26
0 27
0 28
0 29
0 30
0 31
0 32
0 32
0 33
0 34
0 35
0 36
0 37
0 38
0 39
0 40
0 41
0 41
0 42
0 43
0 44
0 45
0 46
0 47
0 48
0 49
0 50
0 50
0 51
0 52
0 53
0 54
0 55
0 56
0 57
0 58
0 58
0 59
0 60
0 61
0 62
0 63
0 64
0 65
0 66
0 66
0 67
0 68
0 69
1 70
1 71
1 72
1 73
1 74
1 74
1 75
1 76
1 77
2 78
2 79
2 80
2 81
2 81
2 82
2 83
3 84
3 85
3 86
3 87
3 87
3 88
4 89
4 90
4 91
4 91
5 92
5 93
6 94
6 94
6 95
7 96
7 97
7 97
8 98
9 98
9 98
10 97
11 97
11 97
12 96
12 95
12 95
12 94
13 93
13 92
14 91
14 90
14 90
14 89
15 88
15 87
15 86
15 85
16 84
16 83
16 83
16 82
16 81
16 80
17 79
17 78
17 77
17 76
17 75
17 75
17 74
17 73
17 72
17 71
17 70
17 69
17 68
17 67
17 66
17 66
17 65
17 64
17 63
17 62
18 61
18 60
18 59
18 58
18 57
18 57
18 56
18 55
18 54
18 53
18 52
18 51
18 50
18 49
18 48
18 47
18 47
18 46
18 45
18 44
18 43
18 42
18 41
18 40
18 40
18 39
18 38
18 37
18 36
18 35
18 35
18 34
18 33
18 33
17 33
17 33
17 34
17 35
17 35
17 36
16 37
16 38
16 38
16 39
16 40
15 41
15 42
15 43
15 44
15 44
15 45
15 46
15 47
14 48
14 49
14 50
14 51
14 52
14 52
14 53
13 54
13 55
13 56
13 57
12 58
12 59
12 60
12 60
12 61
12 62
12 63
12 64
11 65
11 66
11 67
11 68
11 69
11 70
11 70
11 71
11 72
11 73
11 74
10 75
10 76
10 77
10 78
10 79
10 79
10 80
10 81
10 82
9 83
9 84
9 85
9 86
9 87
9 87
9 88
9 89
8 90
8 91
8 92
8 92
8 93
7 94
7 95
7 96
7 96
7 97
6 98
6 99
6 99
5 99
5 99
4 99
4 99
3 98
3 97
3 97
3 96
2 95
2 94
2 94
2 93
2 92
1 91
1 90
1 89
1 89
1 88
1 87
0 86
0 85
0 84
0 84
0 83
0 82
0 81
0 80
0 79
0 78
0 78
0 77
0 76
0 75
0 74
0 73
0 73
0 72
0 71
1 70
1 69
1 68
1 68
1 67
2 66
2 65
2 64
3 63
3 62
3 62
3 61
4 60
4 59
4 58
5 57
5 56
5 56
5 55
6 54
6 53
7 52
7 51
8 50
8 49
8 49
9 48
9 47
10 46
10 45
11 44
11 43
12 42
12 42
13 41
13 40
14 39
14 38
15 37
15 36
16 35
16 35
17 34
17 33
18 32
19 31
19 30
20 29
20 29
21 28
22 27
22 26
23 25
24 24
24 24
25 23
26 22
27 21
27 21
28 21
29 21
29 21
30 22
31 23
31 23
31 24
31 25
32 26
32 27
32 28
32 28
32 29
32 30
32 31
32 32
32 33
32 33
32 34
32 35
33 36
33 37
33 38
33 39
33 39
33 40
33 41
33 42
33 43
33 44
33 44
33 45
33 46
33 47
33 48
33 49
33 49
33 50
33 51
33 52
33 53
33 54
33 54
33 55
33 56
33 57
33 58
33 59
33 59
33 60
33 61
33 62
33 63
33 64
33 64
33 65
33 66
33 67
33 68
33 69
33 70
33 70
33 71
33 72
34 73
34 74
34 75
34 76
34 76
34 77
34 78
34 79
34 80
34 81
34 81
34 82
35 83
35 84
35 85
35 85
35 86
35 87
35 88
35 88
35 89
35 90
35 91
35 91
35 92
35 93
35 93
34 94
34 94
33 95
33 96
33 96
32 96
32 96
31 96
31 96
30 95
29 95
29 95
28 94
28 94
28 93
27 92
27 91
27 91
27 90
27 89
27 88
27 88
27 87
27 86
28 85
28 84
28 83
28 83
28 82
28 81
29 80
29 79
29 78
29 77
29 77
29 76
30 75
30 74
30 73
30 72
31 71
31 70
31 70
31 69
32 68
32 67
33 66
33 65
34 64
34 63
34 63
34 62
35 61
35 60
36 59
36 58
37 57
37 56
37 56
38 55
39 54
39 53
40 52
41 51
41 51
41 50
42 49
42 48
43 47
43 46
44 45
44 44
45 43
45 42
46 41
46 40
47 39
47 38
48 37
48 36
48 35
49 34
49 33
50 32
50 31
51 30
51 29
52 28
52 27
53 26
53 25
54 24
54 23
55 22
55 21
56 20
56 19
56 18
57 17
57 16
58 15
58 14
59 13
59 12
60 11
60 10
61 9
61 8
62 7
62 6
63 5
63 4
63 4
64 3
65 2
65 2
65 1
65 1
65 1
64 2
64 2
64 3
63 4
63 5
63 6
63 6
63 7
62 8
62 9
61 10
61 11
61 11
61 12
61 13
60 14
60 15
60 16
60 16
59 17
59 18
58 19
58 20
58 20
57 21
57 22
56 23
56 24
56 24
56 25
55 26
55 27
55 27
54 28
54 29
54 29
54 30
54 31
54 31
54 32
54 33
54 33
54 34
55 35
55 36
55 37
55 37
55 38
55 39
55 40
55 41
55 42
55 43
55 44
55 44
55 45
55 46
55 47
56 48
56 49
56 50
56 51
56 51
56 52
56 53
56 54
56 55
56 56
56 57
56 58
56 58
56 59
56 60
56 61
56 62
56 63
56 64
56 65
56 65
56 66
56 67
56 68
56 69
56 70
56 71
56 72
56 72
56 73
56 74
57 75
57 76
57 77
57 77
57 78
57 79
57 80
57 80
57 81
57 82
57 82
57 83
57 83
57 82
57 82
57 81
57 81
57 80
57 79
57 78
57 77
57 77
57 76
58 75
58 74
58 73
58 73
58 72
58 71
58 70
58 69
58 68
58 67
58 67
58 66
58 65
58 64
58 63
58 62
58 61
58 61
58 60
58 59
58 58
58 57
58 56
58 55
58 55
58 54
58 53
59 52
59 51
59 50
59 49
59 49
59 48
59 47
60 46
60 45
60 44
60 44
61 43
61 42
62 41
62 40
62 40
62 39
63 38
63 37
63 37
64 36
64 35
65 34
65 34
66 33
66 33
67 32
68 32
68 32
69 32
69 32
70 33
71 34
71 34
72 35
72 36
72 36
72 37
73 38
73 39
73 40
73 40
73 41
73 42
74 43
74 44
74 45
74 45
74 46
74 47
74 48
74 49
74 50
74 50
74 51
74 52
73 53
73 54
73 55
73 55
73 56
73 57
73 58
73 59
73 60
73 60
73 61
73 62
72 63
72 64
72 65
72 65
72 66
71 67
71 68
71 69
71 69
70 70
70 71
69 72
69 73
69 73
69 74
68 75
68 76
68 76
67 77
66 77
66 77
65 77
65 77
64 76
64 76
64 75
63 74
63 73
63 73
63 72
63 71
63 70
63 69
63 68
63 68
63 67
63 66
63 65
63 64
63 63
63 62
63 62
63 61
63 60
64 59
64 58
64 57
64 57
64 56
64 55
65 54
65 53
65 52
65 52
65 51
66 50
66 49
66 48
66 48
66 47
67 46
67 45
68 44
68 43
68 43
69 42
69 41
70 40
70 39
71 38
71 38
71 37
72 36
72 35
73 34
73 33
73 33
74 32
74 31
75 30
75 29
76 28
76 28
77 27
77 26
78 25
78 24
79 23
79 22
79 22
80 21
80 20
81 19
81 18
82 17
82 17
83 16
84 15
85 14
85 14
86 13
86 12
87 11
87 11
88 11
88 11
88 12
88 13
88 13
88 14
88 15
88 16
88 16
88 17
88 18
87 19
87 20
87 21
87 21
87 22
87 23
86 24
86 25
86 26
86 26
86 27
85 28
85 29
85 30
85 30
85 31
84 32
84 33
84 33
85 34
85 35
85 35
85 36
85 37
85 37
86 38
86 39
86 39
87 40
88 41
88 41
88 42
89 43
89 44
89 44
90 45
90 46
91 47
91 47
91 48
92 49
92 50
92 50
93 51
94 52
94 52
95 53
95 54
96 55
96 55
96 56
97 57
97 58
97 59
97 59
97 60
98 61
98 62
98 63
98 63
98 64
98 65
98 66
98 67
98 67
98 68
98 69
99 70
99 71
99 72
99 72
99 73
98 74
98 75
98 76
98 76
98 77
98 78
97 79
97 80
97 81
97 81
96 82
96 83
95 84
95 85
95 85
94 86
94 87
93 88
93 89
93 89
92 90
91 91
90 92
90 92
89 92
88 93
87 93
87 93
86 94
85 94
84 95
84 95
83 95
82 95
81 95
81 95
80 94
79 93
79 93
79 92
78 91
78 90
78 90
78 89
79 88
79 87
79 86
79 86
79 85
80 84
80 83
80 82
81 81
81 80
81 80
82 79
82 78
83 77
83 76
84 75
84 74
