5 11
5 12
5 13
5 13
4 12
4 12
3 13
3 13
3 14
3 15
3 16
3 16
3 17
2 18
2 19
2 20
2 20
2 21
2 22
2 23
2 23
2 24
2 25
1 26
1 27
1 28
1 28
1 29
1 30
0 31
0 32
0 33
0 33
0 34
0 35
0 36
0 37
0 38
0 38
0 39
0 40
0 41
0 42
0 43
0 44
0 45
0 45
0 46
0 47
0 48
0 49
0 50
0 51
0 52
0 52
0 53
0 54
0 55
0 56
0 57
0 58
0 59
0 59
0 60
0 61
1 62
1 63
1 64
1 65
1 65
1 66
1 67
1 68
1 69
1 70
1 71
1 71
1 72
1 73
2 74
2 75
2 76
2 77
2 77
3 78
3 79
4 80
4 81
4 81
4 82
5 83
5 84
5 85
5 85
6 86
6 87
7 88
7 89
7 89
8 90
9 91
10 92
10 92
11 93
11 94
12 95
12 95
13 96
14 97
14 97
15 98
16 99
16 99
17 99
18 99
18 99
19 99
20 99
20 99
21 98
21 97
21 97
21 96
22 95
22 94
22 94
22 93
22 92
23 91
23 90
23 89
23 88
23 88
23 87
23 86
23 85
23 84
23 83
23 82
23 81
23 80
23 79
23 78
23 77
23 76
23 75
23 74
23 73
24 72
24 71
24 70
24 69
24 68
24 67
24 66
24 65
24 64
24 63
24 62
24 61
24 60
24 59
24 58
24 57
24 56
24 56
24 55
24 54
24 53
24 52
24 51
24 50
24 49
24 48
24 47
24 46
24 45
24 44
24 43
24 43
24 42
24 41
24 41
23 41
23 41
23 42
23 42
23 43
22 44
22 45
22 45
22 46
21 47
21 48
21 49
21 49
21 50
20 51
20 52
19 53
19 54
19 54
19 55
18 56
18 57
18 58
17 59
17 60
17 60
17 61
16 62
16 63
16 64
15 65
15 66
15 66
15 67
14 68
14 69
14 70
13 71
13 72
13 72
13 73
12 74
12 75
11 76
11 77
11 77
10 78
10 79
9 80
9 81
9 81
8 82
7 83
6 84
6 84
5 85
4 85
4 85
3 86
3 86
2 85
1 84
1 84
1 83
0 82
0 81
0 81
0 80
0 79
0 78
0 77
0 77
0 76
0 75
0 74
0 73
0 72
0 71
0 71
0 70
1 69
1 68
1 67
1 66
2 65
2 64
2 64
2 63
3 62
3 61
4 60
4 59
4 58
5 57
5 56
5 56
6 55
6 54
7 53
7 52
8 51
8 50
9 49
9 48
9 48
10 47
10 46
11 45
11 44
12 43
12 42
13 41
13 40
13 40
14 39
14 38
15 37
16 36
17 35
17 34
18 33
18 33
19 32
20 31
21 30
21 29
22 28
23 27
23 27
24 26
25 25
26 25
27 24
28 23
28 23
29 23
30 22
31 22
31 22
32 22
33 22
34 22
34 22
35 23
35 24
35 24
35 25
36 26
36 27
36 28
36 28
36 29
36 30
35 31
35 32
35 33
35 34
35 34
35 35
35 36
34 37
34 38
34 39
34 39
34 40
34 41
33 42
33 43
33 44
33 45
33 45
33 46
33 47
32 48
32 49
32 50
32 50
32 51
31 52
31 53
31 54
31 54
31 55
31 56
31 57
31 57
32 58
32 59
32 59
33 60
33 61
34 62
34 62
35 63
36 64
36 64
37 65
37 66
38 67
38 67
39 68
39 69
40 70
40 70
40 71
41 72
41 73
41 74
41 74
42 75
42 76
43 77
43 78
43 78
43 79
43 80
43 81
43 82
43 82
43 83
43 84
43 85
43 85
43 86
43 87
43 88
43 88
43 89
42 90
42 91
42 91
41 92
40 93
40 93
39 94
38 94
38 94
37 95
36 95
36 95
35 95
34 95
34 95
33 95
32 95
32 95
31 94
31 93
31 93
31 92
31 92
31 91
31 90
31 89
31 88
31 88
31 87
31 86
32 85
32 84
32 83
32 83
32 82
33 81
33 80
33 79
34 78
34 77
34 77
34 76
35 75
35 74
36 73
36 72
37 71
37 70
37 70
38 69
38 68
39 67
39 66
40 65
40 64
40 64
40 63
41 62
41 61
42 60
42 59
43 58
43 57
43 57
44 56
44 55
45 54
45 53
46 52
46 51
47 50
47 50
48 49
48 48
49 47
49 46
50 45
50 44
51 43
51 42
52 41
52 40
53 39
53 38
54 37
54 36
55 35
56 34
56 33
57 32
57 31
58 30
58 29
59 28
59 27
60 26
60 25
61 24
61 23
62 22
62 21
63 20
63 19
64 18
65 17
65 16
66 15
66 14
67 13
67 12
68 11
68 10
69 9
69 8
70 7
70 6
71 5
71 4
72 3
72 3
73 3
74 2
75 2
75 2
75 1
75 0
75 0
74 1
74 1
73 2
73 3
73 3
72 4
72 5
71 6
71 7
71 7
70 8
70 9
69 10
69 11
69 11
68 12
68 13
67 14
67 15
67 15
67 16
66 17
66 18
66 19
66 19
66 20
65 21
65 22
65 23
65 23
65 24
64 25
64 26
64 27
64 27
64 28
64 29
64 30
64 31
64 32
64 32
64 33
64 34
64 35
64 36
64 37
64 38
64 39
64 39
64 40
64 41
64 42
64 43
64 44
64 45
64 46
64 46
64 47
64 48
64 49
64 50
64 51
64 52
64 53
64 54
64 55
64 56
64 56
64 57
64 58
64 59
64 60
64 61
64 62
64 63
64 64
64 65
64 66
64 66
64 67
64 68
64 69
63 70
63 71
63 72
63 73
63 74
63 74
63 75
63 76
63 77
63 78
63 79
63 80
63 80
63 81
63 82
63 83
63 84
63 85
63 85
63 86
63 87
63 87
63 88
63 88
63 88
63 87
63 86
63 86
63 85
63 84
63 84
63 83
63 82
63 81
63 80
63 79
63 78
63 78
63 77
63 76
64 75
64 74
64 73
64 72
64 72
64 71
64 70
64 69
65 68
65 67
65 66
65 65
65 65
65 64
65 63
66 62
66 61
66 60
66 59
66 59
66 58
67 57
67 56
67 55
68 54
68 53
68 53
69 52
69 51
70 50
70 49
70 49
70 48
71 47
71 46
71 45
71 45
72 44
73 44
73 44
74 43
74 43
75 44
75 44
75 45
76 46
76 47
76 47
76 48
77 49
77 50
77 51
77 51
77 52
78 53
78 54
78 55
78 55
78 56
78 57
78 58
78 59
78 59
78 60
78 61
78 62
78 63
78 64
78 64
78 65
78 66
78 67
78 68
78 68
78 69
77 70
77 71
77 71
77 72
77 73
77 74
77 75
77 75
76 76
76 77
76 77
75 78
75 79
75 79
74 80
74 80
74 80
74 79
74 78
74 77
74 77
74 76
74 75
74 74
74 74
74 73
74 72
75 71
75 70
75 69
75 69
75 68
75 67
75 66
76 65
76 64
76 63
76 62
76 62
76 61
77 60
77 59
77 58
77 57
78 56
78 55
78 55
78 54
79 53
79 52
79 51
79 50
80 49
80 48
80 47
80 47
80 46
81 45
81 44
82 43
82 42
83 41
83 40
83 40
83 39
84 38
84 37
84 36
85 35
85 34
85 34
86 33
87 32
87 31
88 30
88 30
89 29
90 28
90 28
91 28
91 28
92 29
92 29
92 30
92 31
92 32
92 33
92 33
92 34
92 35
92 36
92 37
92 38
92 38
92 39
92 40
92 41
92 42
92 43
92 44
92 44
92 45
92 46
92 47
92 48
92 49
92 49
92 50
91 51
91 52
91 53
91 53
91 54
91 55
91 56
91 56
91 57
92 58
92 59
92 59
93 60
94 61
94 61
94 62
95 63
95 64
95 64
96 65
96 66
97 67
97 67
97 68
98 69
98 70
98 71
98 71
98 72
99 73
99 74
99 75
99 75
99 76
99 77
98 78
98 79
98 80
98 80
98 81
97 82
97 83
97 84
97 84
96 85
96 86
95 87
95 88
95 88
94 89
94 90
93 91
93 92
93 92
92 93
91 93
90 94
90 94
89 94
88 95
87 95
87 95
86 95
85 95
85 95
84 94
84 93
84 93
83 92
83 91
83 91
83 90
83 89
84 88
84 87
84 86
84 86
84 85
85 84
85 83
86 82
86 81
