26 3
27 2
27 2
27 1
27 1
26 0
26 0
26 1
26 1
26 1
26 2
25 3
25 4
25 5
25 5
25 6
25 7
24 8
24 9
24 10
24 11
24 11
24 12
24 13
23 14
23 15
23 16
23 17
22 18
22 19
22 20
22 20
22 21
22 22
22 23
22 24
22 25
21 26
21 27
21 28
21 29
21 30
21 31
21 31
21 32
21 33
20 34
20 35
20 36
20 37
20 38
20 39
19 40
19 41
19 42
19 43
19 43
19 44
19 45
19 46
19 47
19 48
18 49
18 50
18 51
18 52
18 53
18 54
18 54
18 55
18 56
18 57
17 58
17 59
17 60
17 61
17 62
17 62
17 63
17 64
17 65
17 66
17 67
17 68
17 69
17 69
17 70
17 71
18 72
18 73
18 74
18 74
18 75
19 76
19 77
20 78
20 79
20 79
20 80
21 81
21 82
21 82
22 82
23 83
24 83
24 83
25 83
26 83
26 83
27 83
28 82
29 82
29 82
29 81
29 80
30 79
30 78
30 77
30 76
30 75
31 74
31 73
31 72
31 71
31 70
32 69
32 68
32 67
32 66
32 65
33 64
33 63
33 62
33 61
33 60
34 59
34 58
34 57
34 56
34 55
35 54
35 53
35 52
35 51
35 50
35 49
36 48
36 47
36 46
36 45
36 44
37 43
37 42
37 41
37 40
37 39
38 38
38 37
38 36
38 35
38 34
39 33
39 32
39 31
39 30
39 29
40 28
40 27
40 26
40 25
40 24
41 23
41 22
41 21
41 21
41 20
41 19
41 18
41 17
41 16
41 16
41 15
41 15
41 15
41 16
40 17
40 18
40 18
40 19
39 20
39 21
39 22
38 23
38 24
38 24
38 25
37 26
37 27
37 28
37 29
36 30
36 31
36 31
36 32
35 33
35 34
35 35
35 36
34 37
34 38
34 39
34 39
34 40
33 41
33 42
33 43
32 44
32 45
32 46
31 47
31 48
31 48
31 49
30 50
30 51
29 52
29 53
29 54
28 55
28 56
28 56
27 57
27 58
26 59
26 60
25 61
25 62
24 63
24 64
24 64
23 65
23 66
22 67
22 68
21 69
21 70
20 71
20 71
19 72
19 73
18 74
18 75
17 76
17 77
16 78
16 78
15 79
15 80
14 81
13 82
13 83
12 84
12 84
11 85
10 86
10 87
9 88
8 89
8 89
7 90
6 91
5 92
5 92
4 92
3 93
2 93
2 93
1 92
0 92
0 92
0 91
0 90
0 90
0 89
0 88
0 87
0 86
0 85
0 85
0 84
1 83
1 82
1 81
1 80
2 79
2 78
2 78
2 77
3 76
3 75
3 74
4 73
4 72
4 71
5 70
5 69
5 69
5 68
6 67
6 66
7 65
7 64
8 63
8 62
9 61
9 60
9 60
9 59
10 58
10 57
11 56
11 55
12 54
12 53
13 52
13 51
14 50
14 49
14 49
15 48
15 47
16 46
16 45
17 44
18 43
18 42
19 41
19 40
20 39
20 39
21 38
21 37
22 36
23 35
24 34
24 33
25 32
26 31
26 30
27 29
27 29
28 28
28 27
29 26
30 25
30 24
31 23
32 22
32 21
33 20
33 20
34 19
35 18
36 17
36 16
37 15
38 14
39 13
39 13
40 12
41 11
42 11
43 10
44 9
44 9
45 8
46 8
47 7
48 7
48 7
49 7
50 7
51 7
51 7
52 8
52 9
53 10
53 10
53 11
53 12
53 13
53 14
53 14
53 15
53 16
52 17
52 18
52 19
52 20
52 20
52 21
51 22
51 23
50 24
50 25
50 25
50 26
49 27
49 28
49 29
49 30
48 31
48 32
48 32
48 33
47 34
47 35
47 36
47 37
46 38
46 39
46 39
45 40
45 41
44 42
44 43
43 44
43 45
43 45
43 46
43 47
42 48
42 49
42 50
42 51
42 51
42 52
41 53
41 54
41 55
40 56
40 57
40 57
40 58
40 59
40 60
40 61
40 62
40 62
40 63
40 64
40 65
40 66
40 67
40 67
40 68
41 69
41 70
41 71
41 71
41 72
42 73
42 74
42 75
42 75
43 76
43 77
44 78
44 78
45 79
46 80
46 81
47 82
47 82
48 83
48 84
49 85
49 85
50 86
50 87
50 87
50 88
51 89
51 90
51 90
51 91
50 92
50 93
50 93
49 94
49 95
48 96
48 96
47 97
46 97
45 98
45 98
44 98
43 99
42 99
42 99
41 99
40 99
39 99
39 99
38 98
38 97
37 96
37 96
36 95
36 94
35 93
35 92
35 92
35 91
35 90
35 89
35 88
35 87
35 86
35 86
35 85
35 84
36 83
36 82
36 81
36 80
36 80
36 79
37 78
37 77
37 76
37 75
38 74
38 73
38 73
38 72
39 71
39 70
39 69
40 68
40 67
40 67
41 66
41 65
42 64
42 63
43 62
43 61
43 61
44 60
45 59
46 58
47 57
47 57
48 56
48 55
49 54
49 54
50 53
51 52
51 52
52 51
53 51
53 51
54 51
54 51
54 50
55 49
55 48
56 47
56 46
56 45
57 44
57 43
58 42
58 41
58 40
59 39
59 38
60 37
60 36
60 36
60 35
60 35
60 34
60 34
60 34
60 34
60 34
60 35
60 36
60 36
60 37
60 38
60 38
60 39
59 40
59 41
59 42
59 42
59 43
59 44
59 45
59 46
59 47
59 47
59 48
59 49
59 50
59 51
59 52
59 52
59 53
59 54
59 55
59 56
59 56
59 57
58 58
58 59
58 60
58 60
58 61
58 62
58 63
58 64
58 64
58 65
58 66
58 67
58 67
58 68
58 69
58 69
58 70
58 71
58 71
57 71
57 71
57 71
57 71
57 70
57 70
57 69
58 68
58 67
58 67
58 66
59 65
59 64
59 64
59 63
59 62
60 61
60 60
60 59
60 59
60 58
60 57
61 56
61 55
61 54
61 54
61 53
62 52
62 51
62 50
62 49
63 48
63 47
63 47
63 46
64 45
64 44
65 43
65 42
65 42
66 41
66 40
67 39
67 38
67 38
68 37
68 36
69 35
69 34
69 34
70 33
71 33
71 33
72 34
73 34
73 34
74 35
74 36
74 36
74 37
75 38
75 39
75 39
75 40
75 41
75 42
75 43
75 44
75 44
75 45
74 46
74 47
74 48
74 48
74 49
74 50
73 51
73 52
73 53
73 54
73 54
73 55
72 56
72 57
72 58
72 58
72 59
71 60
71 61
71 61
71 62
70 63
70 64
70 64
69 65
69 66
69 66
68 67
68 67
68 67
67 67
67 67
66 66
66 65
66 65
66 64
66 63
66 62
66 62
66 61
66 60
66 59
66 59
66 58
66 57
67 56
67 55
67 54
67 54
67 53
67 52
68 51
68 50
68 49
68 48
68 48
68 47
68 46
69 45
69 44
69 43
69 42
69 42
69 41
70 40
70 39
70 38
71 37
71 36
71 36
71 35
71 34
72 33
72 32
72 31
72 30
72 30
73 29
73 28
74 27
74 26
75 25
75 24
75 24
75 23
76 22
76 21
77 20
77 19
77 19
78 18
78 17
79 16
79 15
79 15
80 14
80 13
81 12
81 12
82 11
83 10
83 10
84 10
85 10
85 10
86 11
86 11
87 12
87 12
87 13
87 14
87 15
87 15
87 16
87 17
87 18
87 18
87 19
87 20
87 21
87 22
87 22
87 23
86 24
86 25
86 26
86 26
86 27
86 28
86 29
86 30
86 31
86 31
86 32
86 33
86 34
86 35
86 36
86 36
86 37
86 38
85 39
85 40
85 41
85 41
85 42
86 43
86 44
86 45
86 45
86 46
87 47
87 48
87 49
87 49
88 50
88 51
89 52
89 53
89 53
90 54
90 55
91 56
91 56
92 57
93 57
94 58
94 58
95 59
95 60
96 61
96 61
97 62
97 63
98 64
98 65
98 65
98 66
99 67
99 68
99 69
99 69
99 70
98 71
98 72
98 73
98 73
97 74
97 75
96 76
96 77
96 77
95 78
95 79
94 80
94 80
93 81
92 82
91 82
90 83
90 83
89 84
88 85
87 85
86 86
86 86
85 86
84 87
83 87
82 87
82 87
81 87
80 87
79 87
79 87
78 86
77 85
77 85
76 84
75 83
75 83
75 82
74 81
74 80
74 80
74 79
74 78
74 77
74 76
74 76
74 75
75 74
75 73
75 73
76 72
76 71
77 70
77 69
77 69
78 68
79 67
79 67
80 67
81 66
82 66
82 66
83 66
84 66
84 66
85 67
85 68
85 68
86 69
86 70
86 70
86 71
86 72
86 73
