24 3
25 2
25 1
25 1
25 1
24 0
24 0
24 1
24 1
23 2
23 3
23 3
23 4
22 5
22 6
22 6
22 7
21 8
21 9
21 10
20 11
20 12
20 12
20 13
20 14
20 15
20 16
19 17
19 18
19 19
19 20
19 21
19 21
19 22
19 23
19 24
18 25
18 26
18 27
18 28
18 29
18 30
17 31
17 32
17 33
17 34
17 34
17 35
17 36
17 37
17 38
17 39
17 40
17 41
17 42
17 43
17 44
17 45
17 45
17 46
17 47
17 48
17 49
17 50
17 51
17 52
17 53
17 54
17 55
17 56
17 56
17 57
17 58
17 59
17 60
17 61
17 62
17 63
17 64
17 65
17 66
17 66
17 67
18 68
18 69
18 70
18 71
19 72
19 73
19 74
19 74
19 75
20 76
20 77
20 78
21 79
21 80
21 80
21 81
22 82
22 83
23 84
23 85
23 85
24 86
24 87
25 88
25 89
25 89
26 90
27 90
28 91
28 91
29 91
30 92
31 92
31 92
31 91
31 90
31 89
31 88
31 87
31 86
32 85
32 84
32 83
32 82
32 81
32 80
32 79
32 78
32 77
32 76
32 75
32 74
32 73
32 72
33 71
33 70
33 69
33 68
33 67
33 66
33 65
33 64
33 63
33 62
33 61
33 60
33 59
34 58
34 57
34 56
34 55
34 54
34 53
34 52
34 51
34 50
34 49
34 48
34 47
34 46
35 45
35 44
35 43
35 42
35 41
35 40
35 39
35 38
35 37
35 36
35 35
35 34
35 33
35 32
36 31
36 30
36 29
36 28
36 27
36 26
36 25
36 25
36 24
36 24
36 24
37 24
37 24
37 24
37 24
37 25
37 25
36 26
36 27
36 27
36 28
36 29
36 30
36 31
36 31
36 32
36 33
35 34
35 35
35 36
35 37
35 37
35 38
35 39
35 40
34 41
34 42
34 43
34 44
34 44
34 45
34 46
33 47
33 48
33 49
33 50
32 51
32 52
32 53
32 53
32 54
31 55
31 56
31 57
31 58
30 59
30 60
30 60
30 61
29 62
29 63
29 64
29 65
28 66
28 67
28 68
28 68
27 69
27 70
26 71
26 72
25 73
25 73
24 74
24 75
23 76
23 77
22 78
22 79
22 79
21 80
21 81
20 82
20 83
19 84
19 84
18 85
18 86
17 87
17 88
16 89
16 89
15 90
14 91
14 92
13 93
13 93
12 94
11 95
10 96
10 96
9 97
8 98
7 99
7 99
6 99
5 99
5 99
4 99
3 99
2 99
2 99
1 98
1 97
1 97
1 96
0 95
0 94
0 94
0 93
0 92
0 91
0 90
0 90
0 89
0 88
0 87
0 86
0 85
0 85
0 84
1 83
1 82
1 81
2 80
2 79
2 79
2 78
3 77
3 76
3 75
4 74
4 73
4 73
5 72
5 71
6 70
6 69
7 68
7 67
7 67
7 66
8 65
8 64
9 63
9 62
10 61
10 60
10 60
11 59
11 58
12 57
13 56
13 55
14 54
14 53
15 52
15 52
16 51
16 50
17 49
17 48
18 47
18 46
19 45
19 45
20 44
20 43
21 42
22 41
23 40
23 39
24 38
24 38
25 37
25 36
26 35
27 34
27 33
28 32
28 32
29 31
30 30
31 29
31 28
32 27
33 26
33 26
34 25
35 24
36 23
37 22
37 22
38 21
39 21
40 20
41 20
41 20
42 19
43 19
44 18
44 18
45 18
46 18
46 18
47 19
48 19
48 19
49 20
49 21
49 21
49 22
49 23
49 24
49 24
49 25
49 26
48 27
48 28
48 29
48 29
48 30
47 31
47 32
47 33
47 33
47 34
47 35
46 36
46 37
46 38
46 38
46 39
45 40
45 41
45 42
44 43
44 44
44 44
44 45
43 46
43 47
42 48
42 49
42 49
42 50
42 51
41 52
41 53
41 54
41 54
41 55
41 56
41 57
41 57
41 58
41 59
41 60
41 61
41 61
41 62
42 63
42 64
42 64
42 65
43 66
43 67
43 67
43 68
44 69
44 70
44 70
44 71
45 72
45 73
45 73
45 74
46 75
46 76
46 76
46 77
47 78
47 79
47 79
47 80
47 81
47 82
47 82
46 83
46 84
46 84
45 85
45 85
44 86
44 87
44 87
43 87
42 87
42 87
41 86
40 86
40 86
39 85
39 85
39 84
38 83
38 82
38 82
38 81
37 80
37 79
37 78
37 78
37 77
37 76
37 75
37 74
37 73
37 72
37 72
37 71
37 70
38 69
38 68
38 67
38 66
38 66
38 65
39 64
39 63
39 62
40 61
40 60
40 60
41 59
41 58
42 57
42 56
42 56
43 55
43 54
44 53
44 52
44 52
45 51
46 50
46 50
47 49
48 48
48 48
49 47
50 47
50 47
51 46
51 46
52 45
52 45
53 45
53 45
54 45
54 45
54 44
55 43
55 42
55 41
56 40
56 39
56 38
57 37
57 36
57 35
57 34
58 33
58 32
58 31
59 30
59 29
59 29
58 29
58 29
58 29
58 29
58 28
58 28
58 28
58 27
58 27
59 26
59 26
59 25
59 25
59 25
59 25
59 25
59 25
60 25
60 25
60 26
60 27
60 27
60 28
60 29
60 30
60 30
60 31
60 32
60 33
60 34
60 35
60 35
60 36
60 37
60 38
60 39
60 40
60 41
60 41
60 42
60 43
60 44
60 45
60 46
60 47
60 48
60 49
60 49
60 50
60 51
60 52
60 53
60 54
60 55
60 56
60 57
60 57
60 58
60 59
60 60
60 61
60 62
60 63
60 63
60 64
60 65
59 66
59 67
59 68
59 69
59 69
59 70
59 71
59 72
59 73
59 73
59 74
59 75
59 76
59 76
59 77
59 78
59 78
58 79
58 80
58 80
58 81
58 81
58 81
58 80
58 80
58 79
58 78
58 78
58 77
58 76
58 75
58 75
58 74
59 73
59 72
59 71
59 71
59 70
59 69
60 68
60 67
60 66
60 65
60 65
60 64
61 63
61 62
61 61
62 60
62 59
62 59
62 58
63 57
63 56
63 55
64 54
64 53
64 53
65 52
65 51
66 50
66 49
66 49
67 48
67 47
68 46
68 45
68 45
69 44
70 43
70 43
71 42
71 42
72 42
73 42
73 42
74 43
74 44
74 44
74 45
75 46
75 47
75 47
75 48
75 49
75 50
75 51
75 51
75 52
75 53
75 54
75 55
75 55
75 56
75 57
75 58
75 59
75 59
75 60
74 61
74 62
74 63
74 63
74 64
74 65
74 66
74 66
73 67
73 67
72 68
72 68
71 68
71 68
71 67
71 67
70 66
70 66
69 65
69 64
69 64
69 63
69 62
69 61
69 60
69 60
69 59
69 58
69 57
69 56
69 56
69 55
69 54
70 53
70 52
70 51
70 51
70 50
70 49
71 48
71 47
71 46
71 46
71 45
71 44
72 43
72 42
72 41
72 40
72 40
72 39
72 38
73 37
73 36
73 35
73 34
73 34
73 33
74 32
74 31
74 30
74 29
75 28
75 27
75 27
75 26
76 25
76 24
77 23
77 22
77 22
78 21
78 20
79 19
79 18
79 18
80 17
80 16
81 15
81 15
82 14
83 13
83 13
84 13
85 12
86 12
86 12
87 11
88 11
88 11
89 11
89 11
90 12
91 12
91 12
92 13
92 14
92 14
92 15
93 16
93 17
93 17
93 18
93 19
93 20
93 21
93 21
93 22
93 23
92 24
92 25
92 26
92 26
92 27
92 28
91 29
91 30
91 31
91 32
91 32
91 33
91 34
90 35
90 36
90 37
90 37
90 38
90 39
89 40
89 41
89 42
89 42
89 43
89 44
89 45
89 46
89 46
89 47
89 48
89 49
89 49
89 50
90 51
90 52
90 52
91 53
92 54
92 54
93 55
94 56
94 56
94 57
95 58
95 59
95 59
96 60
96 61
97 62
97 63
97 63
97 64
98 65
98 66
98 67
98 67
98 68
98 69
99 70
99 71
99 72
99 73
99 73
99 74
99 75
98 76
98 77
98 78
98 78
98 79
98 80
97 81
97 82
97 83
97 84
97 84
96 85
96 86
95 87
95 88
94 89
94 89
94 90
93 91
93 92
92 93
92 94
92 94
91 95
90 96
89 96
88 97
88 97
87 98
86 98
85 99
85 99
84 99
83 99
82 99
82 99
81 98
80 98
80 98
79 97
79 96
78 95
78 95
78 94
77 93
77 92
77 91
77 91
77 90
78 89
78 88
78 87
78 87
78 86
78 85
78 84
78 83
78 83
79 82
79 81
80 80
80 80
81 79
81 78
82 77
82 77
83 76
84 75
84 75
85 75
86 75
86 75
87 75
88 75
88 75
89 76
89 76
89 77
89 77
89 78
89 79
89 79
89 80
89 80
