6 19
6 18
6 17
6 17
5 16
5 15
5 15
5 14
5 14
4 13
4 13
4 13
4 14
3 15
3 16
3 16
3 17
3 18
3 19
3 19
3 20
3 21
3 22
2 23
2 24
2 25
2 26
2 26
2 27
2 28
2 29
2 30
2 31
2 32
2 33
2 34
2 35
2 36
2 36
2 37
2 38
2 39
2 40
2 41
1 42
1 43
1 44
1 45
1 46
1 47
1 47
1 48
1 49
1 50
1 51
1 52
2 53
2 54
2 55
2 56
2 57
2 58
2 59
2 59
2 60
2 61
2 62
2 63
3 64
3 65
3 66
3 67
3 68
3 69
3 69
3 70
3 71
4 72
4 73
4 74
4 75
4 76
5 77
5 78
5 79
5 79
6 80
6 81
7 82
7 83
8 84
8 85
8 85
9 86
10 87
11 88
11 88
12 89
13 90
13 90
14 91
15 91
16 92
16 92
17 93
18 93
18 93
19 93
20 93
20 93
20 92
20 92
20 91
20 90
20 89
20 88
20 87
20 86
19 85
19 84
19 83
19 82
19 81
19 80
19 79
19 78
19 77
19 76
19 75
19 74
19 73
18 72
18 71
18 70
18 69
18 68
18 67
18 66
18 65
18 64
18 63
18 62
18 61
18 60
18 59
17 58
17 57
17 56
17 55
17 54
17 53
17 52
17 52
17 51
18 50
18 49
18 48
18 48
18 47
18 46
18 45
18 45
18 44
18 43
18 42
18 42
18 41
18 41
17 41
17 41
16 41
16 41
15 42
15 42
14 43
14 44
14 44
14 45
13 46
13 47
13 47
13 48
13 49
12 50
12 51
12 52
12 53
12 53
12 54
12 55
12 56
11 57
11 58
11 59
11 60
11 60
11 61
11 62
11 63
11 64
11 65
11 66
11 67
11 68
11 69
11 69
11 70
11 71
11 72
10 73
10 74
10 75
10 76
10 77
10 77
10 78
10 79
10 80
9 81
9 82
9 83
9 84
9 84
9 85
9 86
8 87
8 88
8 89
8 90
8 90
8 91
8 92
7 93
7 94
7 95
7 95
6 96
6 97
5 98
5 98
4 99
4 99
3 99
3 99
2 98
2 97
2 97
1 96
1 95
0 94
0 94
0 93
0 92
0 91
0 90
0 89
0 88
0 88
0 87
0 86
0 85
0 84
0 83
0 82
0 81
0 80
0 80
0 79
0 78
0 77
0 76
0 75
0 74
0 73
0 72
0 71
0 71
0 70
0 69
1 68
1 67
1 66
1 65
2 64
2 63
2 62
2 62
2 61
3 60
3 59
3 58
4 57
4 56
4 55
4 54
5 53
5 52
5 52
5 51
6 50
6 49
6 48
7 47
7 46
7 45
8 44
8 43
8 43
8 42
9 41
9 40
10 39
10 38
10 37
11 36
11 35
12 34
12 33
12 33
13 32
13 31
14 30
14 29
15 28
15 27
16 26
16 25
16 25
16 24
17 23
17 22
18 21
18 20
19 19
19 18
19 18
19 17
20 16
20 15
21 14
21 13
21 13
22 13
23 13
23 13
24 14
24 14
24 15
25 16
25 17
25 18
25 18
25 19
25 20
24 21
24 22
24 23
24 24
24 24
24 25
24 26
24 27
23 28
23 29
23 30
23 31
23 31
23 32
23 33
23 34
22 35
22 36
22 37
22 38
22 39
22 39
22 40
22 41
22 42
22 43
22 44
22 45
22 45
22 46
22 47
21 48
21 49
21 50
21 50
21 51
22 52
22 53
22 54
22 54
23 55
23 56
23 56
24 57
24 57
25 57
26 58
27 58
27 58
28 59
29 59
30 60
30 60
31 61
32 61
33 62
33 62
34 63
35 64
35 64
36 65
36 66
37 67
37 68
37 68
37 69
37 70
38 71
38 72
38 73
38 73
38 74
38 75
38 76
38 77
38 77
38 78
38 79
38 80
38 81
38 81
38 82
37 83
37 84
37 85
37 85
36 86
36 87
35 88
35 88
35 89
34 90
34 91
34 91
33 91
32 92
31 92
31 92
30 92
29 92
29 92
28 92
27 91
26 91
26 91
26 90
25 89
25 88
25 88
25 87
25 86
25 85
25 84
25 84
25 83
25 82
26 81
26 80
26 79
26 78
26 78
27 77
27 76
28 75
28 74
29 73
29 72
29 72
29 71
30 70
30 69
31 68
31 67
32 66
32 65
32 65
33 64
33 63
34 62
35 61
36 60
36 59
37 58
37 58
38 57
39 56
39 55
40 54
41 53
41 53
42 52
43 51
43 50
44 49
44 49
45 48
46 47
46 47
46 46
47 45
47 44
47 43
48 42
48 41
48 40
49 39
49 38
49 37
50 36
50 35
50 34
51 33
51 32
51 31
51 30
52 29
52 28
52 27
53 26
53 25
53 24
54 23
54 22
54 21
55 20
55 19
55 18
56 17
56 16
56 16
56 16
55 15
55 14
55 14
55 13
55 13
56 12
56 12
57 13
57 13
58 14
59 14
59 14
60 15
60 16
61 17
61 17
61 18
61 19
62 20
62 21
62 22
62 22
62 23
62 24
62 25
63 26
63 27
63 28
63 29
63 29
63 30
63 31
63 32
63 33
64 34
64 35
64 36
64 37
64 38
64 38
64 39
64 40
64 41
64 42
64 43
64 44
64 45
64 46
64 47
64 47
64 48
64 49
64 50
64 51
64 52
64 53
64 54
64 55
64 55
64 56
64 57
64 58
64 59
64 60
64 61
64 62
64 62
64 63
64 64
64 65
64 66
64 67
64 67
64 68
64 69
64 70
64 71
64 71
63 72
63 73
63 73
63 74
63 74
63 75
63 75
62 74
62 74
62 73
62 73
62 72
61 71
61 70
61 69
61 69
61 68
61 67
61 66
61 65
61 64
61 64
61 63
61 62
62 61
62 60
62 59
62 58
62 58
62 57
62 56
62 55
63 54
63 53
63 52
63 51
63 51
63 50
64 49
64 48
64 47
64 46
65 45
65 44
65 44
65 43
65 42
66 41
66 40
66 39
66 38
66 38
66 37
67 36
67 35
68 34
68 33
68 33
68 32
69 31
69 30
69 29
69 29
70 28
70 27
71 26
71 26
72 26
72 26
73 26
73 26
73 27
73 27
73 28
74 29
74 30
74 31
74 31
74 32
75 33
75 34
75 35
75 35
75 36
75 37
76 38
76 39
76 40
76 40
76 41
76 42
76 43
76 44
76 45
76 45
76 46
77 47
77 48
77 49
77 49
77 50
77 51
77 52
77 53
77 54
77 54
77 55
77 56
77 57
77 58
77 58
77 59
76 60
76 61
76 62
76 62
76 63
76 64
76 65
76 66
76 66
76 67
75 68
75 69
75 69
74 70
74 71
74 71
73 72
73 72
72 71
72 71
71 70
71 69
71 69
71 68
71 67
71 66
71 65
71 65
71 64
70 63
70 62
70 61
70 61
70 60
70 59
71 58
71 57
71 56
71 55
71 55
71 54
71 53
72 52
72 51
72 50
72 49
72 49
72 48
73 47
73 46
74 45
74 44
74 44
74 43
75 42
75 41
76 40
76 39
76 39
77 38
77 37
78 36
78 35
79 34
79 34
79 33
80 32
80 31
81 30
81 29
81 29
81 28
82 27
82 26
83 25
83 24
83 24
83 23
84 22
84 21
85 20
85 19
85 19
86 18
86 17
87 16
87 15
88 14
88 14
88 13
89 12
89 11
90 10
90 9
90 9
90 8
90 7
91 6
91 5
91 4
91 4
92 3
92 2
92 2
92 1
92 0
92 0
92 0
91 1
91 2
91 2
90 3
89 3
89 3
89 4
88 5
88 6
88 7
88 7
87 8
87 9
86 10
86 11
86 11
86 12
86 13
86 14
86 15
86 16
86 16
86 17
86 18
85 19
85 20
85 21
85 22
85 22
85 23
85 24
85 25
85 26
85 27
85 28
85 28
85 29
85 30
86 31
86 32
86 33
86 34
86 34
86 35
86 36
87 37
87 38
87 39
87 39
87 40
88 41
88 42
88 42
89 43
90 44
91 45
91 45
92 46
93 47
93 47
94 48
95 49
95 49
96 50
96 51
97 52
97 53
97 53
97 54
98 55
98 56
98 57
98 57
98 58
98 59
99 60
99 61
99 62
99 62
99 63
99 64
98 65
98 66
98 67
98 67
98 68
98 69
98 70
98 71
98 71
98 72
97 73
97 74
97 75
97 75
96 76
95 77
95 77
94 78
93 78
93 78
92 79
91 79
91 79
90 79
89 79
89 79
88 78
87 77
87 77
87 76
86 75
86 74
86 74
86 73
86 72
86 71
86 71
86 70
86 69
87 68
87 67
87 66
87 66
87 65
88 64
88 63
88 62
88 62
89 61
90 60
90 59
91 58
91 58
92 57
92 56
93 55
93 54
93 54
94 53
95 52
95 52
96 51
96 50
