6 12
7 11
7 11
6 10
6 9
6 9
6 8
6 8
5 9
5 10
5 10
5 11
5 12
5 12
5 13
5 14
5 15
5 16
5 16
5 17
5 18
4 19
4 20
4 21
4 22
4 22
4 23
4 24
4 25
4 26
4 27
4 28
4 29
4 30
4 30
4 31
4 32
4 33
4 34
4 35
4 36
4 37
4 38
4 39
4 39
4 40
4 41
4 42
4 43
5 44
5 45
5 46
5 47
5 48
5 48
5 49
5 50
5 51
5 52
5 53
5 54
5 55
5 56
5 57
5 57
5 58
6 59
6 60
6 61
6 62
7 63
7 64
7 65
7 65
7 66
7 67
7 68
8 69
8 70
8 71
8 72
8 72
8 73
9 74
9 75
10 76
10 77
10 77
11 78
11 79
12 80
12 80
13 81
13 82
13 82
13 83
13 84
13 84
14 84
14 84
14 84
14 84
14 83
14 82
14 81
14 80
14 79
14 78
15 77
15 76
15 75
15 74
15 73
15 72
15 71
15 70
15 69
15 68
15 67
15 66
16 65
16 64
16 63
16 62
16 61
16 60
16 59
16 58
16 57
16 56
16 55
16 54
16 53
17 52
17 51
17 50
17 49
17 48
17 47
17 46
17 45
17 44
17 43
17 42
17 41
18 40
18 39
18 38
18 37
18 36
18 35
18 34
18 34
18 33
18 32
18 31
18 31
18 30
18 29
18 29
18 28
18 28
18 28
18 27
18 27
17 27
17 27
17 28
17 28
16 29
16 30
16 30
15 31
15 32
15 32
15 33
14 34
14 35
14 36
14 36
14 37
14 38
13 39
13 40
13 41
13 41
13 42
13 43
12 44
12 45
12 46
12 46
12 47
12 48
12 49
12 50
12 51
12 51
12 52
12 53
12 54
12 55
12 56
12 57
12 57
12 58
12 59
12 60
11 61
11 62
11 63
11 64
11 64
11 65
11 66
11 67
11 68
11 69
11 70
11 70
11 71
11 72
10 73
10 74
10 75
10 75
10 76
10 77
9 78
9 79
9 80
9 80
9 81
8 82
8 83
8 84
8 84
7 85
7 86
6 87
6 87
6 88
5 89
5 90
5 90
4 91
4 92
4 92
3 92
2 92
2 92
1 91
1 91
1 90
0 89
0 88
0 88
0 87
0 86
0 85
0 84
0 83
0 83
0 82
0 81
0 80
0 79
0 78
0 77
0 77
0 76
0 75
0 74
1 73
1 72
1 71
1 70
1 70
1 69
2 68
2 67
2 66
2 65
3 64
3 63
3 62
3 62
3 61
3 60
4 59
4 58
4 57
4 56
5 55
5 54
5 53
5 53
5 52
6 51
6 50
6 49
6 48
7 47
7 46
7 46
7 45
8 44
8 43
9 42
9 41
9 40
10 39
10 38
10 38
10 37
11 36
11 35
12 34
12 33
13 32
13 31
13 31
14 30
14 29
15 28
15 27
16 26
16 26
17 25
18 24
19 23
19 23
20 22
20 21
21 20
21 20
22 20
23 20
23 20
24 21
24 21
25 22
25 23
25 23
25 24
25 25
25 26
25 27
25 27
25 28
25 29
25 30
25 31
25 31
25 32
25 33
25 34
25 35
25 36
25 36
25 37
25 38
24 39
24 40
24 41
24 42
24 42
24 43
24 44
23 45
23 46
23 47
23 47
23 48
23 49
23 50
23 51
23 52
23 52
23 53
22 54
22 55
22 56
22 56
22 57
22 58
22 59
22 60
22 60
22 61
23 62
23 63
23 63
24 64
24 65
24 65
25 66
26 67
26 67
27 68
28 68
29 69
29 69
30 70
31 71
31 71
32 72
33 73
33 73
34 74
34 75
34 75
35 76
35 77
36 78
36 78
36 79
37 80
37 81
37 81
37 82
37 83
37 84
37 84
37 85
37 86
37 87
37 87
37 88
36 89
36 90
36 90
36 91
35 92
35 93
35 94
35 94
34 95
33 96
33 96
32 97
31 98
31 98
30 99
30 99
29 99
28 99
28 99
27 99
26 99
26 99
26 98
25 97
25 96
25 96
25 95
25 94
25 93
25 93
25 92
25 91
26 90
26 89
26 88
26 88
26 87
27 86
27 85
28 84
28 83
28 83
29 82
29 81
30 80
30 79
31 78
31 77
31 77
31 76
32 75
32 74
33 73
33 72
33 72
34 71
34 70
35 69
35 68
36 67
36 67
37 66
37 65
38 64
38 63
39 62
39 62
40 61
40 60
41 59
41 59
41 58
42 57
42 56
42 56
43 55
43 55
43 54
43 53
44 52
44 51
44 50
44 49
45 48
45 47
45 46
45 45
45 44
46 43
46 42
46 41
46 40
47 39
47 38
47 37
47 36
47 35
48 34
48 33
48 32
48 31
49 30
49 29
49 28
49 27
49 26
50 25
50 24
50 23
50 22
51 21
51 20
51 19
51 19
51 18
52 17
52 16
52 16
52 15
52 14
52 14
52 14
53 14
53 14
54 15
54 15
55 16
55 17
55 17
56 18
56 19
57 20
57 20
57 21
57 22
58 23
58 24
58 25
58 25
58 26
58 27
59 28
59 29
59 30
59 31
59 31
59 32
59 33
60 34
60 35
60 36
60 37
60 37
60 38
60 39
60 40
60 41
60 42
60 43
60 44
60 44
60 45
60 46
60 47
61 48
61 49
61 50
61 51
61 51
61 52
61 53
61 54
61 55
61 56
61 57
61 57
61 58
61 59
61 60
61 61
61 62
61 63
61 63
61 64
61 65
61 66
61 67
61 67
61 68
60 69
60 70
60 70
60 71
60 71
59 71
59 71
59 71
59 70
59 70
59 69
59 68
59 67
59 67
59 66
59 65
59 64
59 63
59 63
59 62
59 61
59 60
59 59
59 58
59 57
59 57
59 56
59 55
59 54
60 53
60 52
60 51
60 50
60 50
60 49
61 48
61 47
61 46
61 45
62 44
62 43
62 42
62 42
62 41
62 40
63 39
63 38
63 37
63 36
63 36
63 35
63 34
64 33
64 32
64 31
64 31
65 30
65 29
66 28
66 27
66 27
67 26
67 25
67 25
68 24
68 24
69 25
70 25
70 25
70 26
71 27
71 28
71 28
71 29
71 30
72 31
72 32
72 33
72 33
72 34
72 35
73 36
73 37
73 38
73 38
73 39
73 40
74 41
74 42
74 43
74 44
74 44
74 45
74 46
74 47
74 48
74 49
74 49
74 50
75 51
75 52
75 53
75 53
75 54
75 55
75 56
75 57
75 57
75 58
74 59
74 60
74 60
74 61
74 62
74 63
74 63
73 64
73 65
73 65
72 66
72 66
72 66
71 66
71 66
70 65
70 64
70 64
69 63
69 62
69 62
69 61
69 60
69 59
69 58
69 58
69 57
69 56
69 55
69 54
69 53
69 53
69 52
69 51
70 50
70 49
70 48
70 48
70 47
71 46
71 45
72 44
72 43
72 43
72 42
72 41
72 40
73 39
73 38
73 37
73 36
73 36
74 35
74 34
75 33
75 32
76 31
76 30
76 30
76 29
77 28
77 27
77 26
77 25
78 24
78 23
78 23
79 22
79 21
80 20
80 19
81 18
81 17
81 17
81 16
82 15
82 14
82 13
83 12
83 11
83 11
83 10
83 9
84 8
84 7
84 6
84 6
85 5
85 4
86 3
86 2
86 2
86 1
86 1
86 0
86 0
86 1
86 1
86 2
85 3
85 4
85 4
85 5
85 6
85 7
85 8
85 8
85 9
85 10
84 11
84 12
84 13
84 14
84 14
84 15
84 16
83 17
83 18
83 19
83 19
83 20
83 21
83 22
83 23
83 24
83 24
83 25
83 26
84 27
84 28
84 29
84 29
84 30
85 31
85 32
85 33
85 33
85 34
86 35
86 36
86 37
86 37
87 38
87 39
88 40
88 40
89 41
89 42
90 43
90 43
91 44
92 45
93 46
93 46
94 47
94 48
95 49
95 49
95 50
96 51
96 52
96 53
96 53
97 54
97 55
98 56
98 57
98 57
98 58
98 59
98 60
98 61
98 62
98 62
98 63
99 64
99 65
99 66
99 66
99 67
98 68
98 69
98 70
98 70
98 71
97 72
97 73
97 73
97 74
96 75
96 76
96 76
95 77
94 77
94 77
93 78
92 78
92 78
91 77
90 77
90 77
89 77
88 76
87 76
87 76
87 75
86 74
86 73
86 73
86 72
85 71
85 70
85 69
85 69
85 68
84 67
84 66
84 66
84 65
85 64
85 63
85 63
86 62
86 61
86 61
87 60
87 59
87 59
88 58
88 57
89 56
89 56
90 55
90 55
91 55
