21 11
21 10
21 9
21 8
21 7
21 6
21 5
21 5
21 4
21 3
21 3
20 2
20 2
20 1
20 1
20 0
20 0
19 1
19 1
19 2
18 3
18 4
18 4
18 5
17 6
17 7
17 8
16 9
16 10
16 10
16 11
15 12
15 13
15 14
15 15
14 16
14 17
14 18
14 18
14 19
14 20
14 21
14 22
13 23
13 24
13 25
13 26
13 27
13 28
13 28
13 29
13 30
12 31
12 32
12 33
12 34
12 35
12 36
11 37
11 38
11 39
11 40
11 40
11 41
11 42
11 43
11 44
11 45
10 46
10 47
10 48
10 49
10 50
10 51
10 52
10 52
10 53
10 54
10 55
10 56
10 57
10 58
10 59
10 60
10 61
10 62
10 62
10 63
10 64
10 65
10 66
11 67
11 68
11 69
11 70
11 71
11 72
11 72
11 73
11 74
11 75
11 76
12 77
12 78
12 79
12 80
12 81
12 81
12 82
12 83
12 84
13 85
13 86
13 87
13 88
13 88
13 89
13 90
14 91
14 92
14 93
14 94
14 94
15 95
15 96
16 97
16 97
17 98
17 99
17 99
18 99
19 99
19 99
20 98
20 98
20 97
20 96
20 95
20 94
20 93
20 92
20 91
20 90
20 89
20 88
20 87
20 86
20 85
20 84
21 83
21 82
21 81
21 80
21 79
21 78
21 77
21 76
21 75
21 74
21 73
21 72
21 71
21 70
21 69
21 68
21 67
21 66
21 65
21 64
21 63
21 62
21 61
21 60
21 59
21 58
21 57
21 56
22 55
22 54
22 53
22 52
22 51
22 50
22 49
22 48
22 47
22 46
22 45
22 44
22 43
22 42
22 41
22 41
22 40
22 39
22 39
21 39
21 39
21 40
20 41
20 42
20 43
20 43
20 44
20 45
19 46
19 47
19 48
19 48
19 49
18 50
18 51
18 52
17 53
17 54
17 54
17 55
17 56
16 57
16 58
16 59
16 60
16 60
16 61
15 62
15 63
15 64
14 65
14 66
14 66
14 67
13 68
13 69
13 70
12 71
12 72
12 72
12 73
11 74
11 75
11 76
11 76
10 77
9 78
9 78
8 78
7 78
6 78
5 78
5 78
4 77
3 76
2 75
1 74
1 74
1 73
0 72
0 71
0 71
0 70
0 69
0 68
0 67
0 66
0 66
0 65
0 64
0 63
0 62
0 62
0 61
0 60
1 59
1 58
1 57
1 57
2 56
2 55
3 54
3 53
3 53
4 52
5 51
5 50
6 49
6 49
7 48
7 47
8 46
8 45
9 44
9 44
10 43
11 42
12 42
13 41
14 40
14 40
15 39
16 38
17 38
18 37
18 37
19 36
20 35
21 34
21 34
22 33
23 32
23 32
24 31
25 31
25 31
26 31
27 31
27 31
28 31
29 31
29 31
30 31
30 31
31 31
32 31
32 31
33 31
33 31
34 31
35 31
35 31
36 32
36 32
36 33
36 34
36 34
36 35
35 36
35 37
35 37
35 38
35 39
35 40
35 41
35 42
35 42
35 43
34 44
34 45
34 46
34 46
34 47
34 48
34 49
34 50
34 50
34 51
35 52
35 53
35 53
36 54
36 55
37 56
37 57
37 57
38 58
38 59
39 60
39 60
40 61
41 62
42 63
42 63
43 64
43 65
44 66
44 66
45 67
45 68
45 68
45 69
45 70
45 71
45 71
45 72
44 73
44 74
44 74
43 75
43 76
42 77
42 77
41 78
40 78
39 79
39 79
38 80
37 81
37 81
36 81
35 82
34 82
34 82
33 82
33 82
33 81
32 80
32 79
32 79
32 78
32 77
32 76
32 75
32 75
32 74
33 73
33 72
33 71
34 70
34 69
34 69
34 68
34 67
35 66
35 65
35 64
35 63
35 63
36 62
37 61
37 60
38 59
38 59
39 58
40 57
40 56
41 55
41 55
42 54
43 53
44 52
45 51
45 51
46 50
47 49
48 48
48 47
49 46
50 45
51 44
52 43
53 42
54 41
55 40
55 39
56 38
57 37
58 36
59 35
60 34
61 33
62 32
62 31
63 30
64 29
65 28
66 27
67 26
68 25
69 24
69 23
70 22
71 21
72 20
73 19
74 18
75 17
76 16
76 15
77 14
78 13
79 12
79 12
78 13
78 13
77 12
77 12
76 13
76 14
76 14
75 15
75 16
74 17
74 17
74 18
73 19
73 20
73 21
73 21
73 22
72 23
72 24
71 25
71 26
71 26
71 27
70 28
70 29
70 30
70 31
69 32
69 33
69 33
69 34
69 35
69 36
68 37
68 38
68 39
68 40
68 40
68 41
68 42
67 43
67 44
67 45
67 46
67 47
66 48
66 49
66 50
66 50
66 51
66 52
66 53
66 54
65 55
65 56
65 57
65 58
65 59
65 60
65 60
65 61
65 62
65 63
65 64
64 65
64 66
64 67
64 68
64 69
64 70
64 70
64 71
64 72
63 73
63 74
63 75
63 76
63 76
63 77
63 78
63 79
63 80
63 80
63 81
63 81
64 81
64 81
64 81
65 80
65 79
65 79
65 78
66 77
66 76
66 76
66 75
66 74
66 73
66 72
66 72
66 71
66 70
66 69
66 68
66 67
66 67
66 66
66 65
66 64
66 63
66 63
66 62
66 61
66 60
66 59
66 58
66 57
66 57
66 56
66 55
66 54
66 53
66 52
66 51
66 51
66 50
66 49
67 48
67 47
67 46
67 46
67 45
68 44
68 43
69 42
69 41
69 41
70 40
70 39
71 38
71 38
72 37
72 36
73 35
73 34
73 34
74 33
75 33
75 33
76 32
77 32
77 32
78 32
78 32
79 33
79 33
80 34
80 34
80 35
80 36
80 37
80 37
80 38
80 39
80 40
80 41
80 42
80 42
80 43
80 44
80 45
80 46
80 47
80 48
80 48
80 49
80 50
80 51
79 52
79 53
79 54
79 55
79 56
79 56
79 57
79 58
78 59
78 60
78 61
78 62
78 62
78 63
78 64
78 65
78 66
78 67
78 68
78 68
78 69
78 70
77 71
77 72
77 73
77 73
77 74
77 75
77 75
76 76
76 77
76 77
75 77
75 77
74 77
74 77
73 76
73 76
72 75
72 74
72 74
72 73
72 72
72 71
72 70
72 70
72 69
72 68
72 67
72 66
72 66
72 65
72 64
72 63
72 62
72 61
72 60
72 60
72 59
72 58
73 57
73 56
73 55
73 55
74 54
74 53
74 53
74 53
74 54
74 54
74 55
74 56
74 57
74 58
74 58
74 59
73 60
73 61
73 62
73 62
73 63
73 64
72 65
72 66
72 67
72 67
71 68
71 69
71 69
71 70
71 70
71 70
72 69
72 68
72 68
73 67
73 66
74 65
74 65
75 64
75 63
76 62
76 61
76 61
77 60
77 59
78 58
78 57
79 56
79 56
80 55
80 54
81 53
81 52
82 51
82 50
82 50
82 49
83 48
83 47
83 46
84 45
84 44
84 44
84 43
85 42
85 41
86 40
86 39
87 38
87 37
87 37
87 36
88 35
88 34
89 33
89 32
89 31
90 30
90 29
90 29
90 28
91 27
91 26
91 25
91 25
92 24
92 24
93 23
93 23
93 24
93 24
93 25
93 25
93 26
92 27
92 28
92 28
91 29
91 30
90 31
90 31
89 32
89 33
88 34
88 35
88 35
87 36
87 37
87 37
87 38
87 39
87 39
87 40
87 41
87 42
87 42
88 43
88 44
88 44
89 45
90 46
90 46
91 47
91 48
92 49
92 49
93 50
94 51
94 52
95 53
95 53
95 54
96 55
96 56
96 57
97 58
97 59
97 59
97 60
97 61
98 62
98 63
98 64
98 64
98 65
98 66
99 67
99 68
99 69
99 70
99 70
99 71
99 72
99 73
98 74
98 75
98 76
98 77
98 77
98 78
97 79
97 80
96 81
96 82
96 82
95 83
94 84
94 85
93 86
93 86
92 87
91 88
90 89
90 89
89 89
88 90
87 90
87 90
86 90
85 90
84 90
84 90
83 89
82 88
82 88
82 87
81 86
81 85
81 84
81 84
81 83
81 82
81 81
81 80
81 79
81 79
81 78
81 77
81 76
82 75
82 74
82 73
82 72
82 72
83 71
83 70
84 69
84 68
84 68
85 67
86 67
86 67
87 67
88 67
88 67
89 67
90 67
91 67
