3 5
3 4
3 3
3 3
3 2
3 1
3 1
2 0
2 0
2 1
2 2
2 2
2 3
2 4
2 4
2 5
1 6
1 7
1 8
1 8
1 9
1 10
1 11
1 12
1 13
1 14
1 15
1 15
1 16
1 17
1 18
1 19
1 20
1 21
1 22
1 23
1 23
1 24
1 25
1 26
1 27
1 28
2 29
2 30
2 31
2 32
2 33
2 34
2 34
2 35
2 36
2 37
2 38
2 39
3 40
3 41
3 42
3 43
3 44
3 45
3 46
3 46
3 47
3 48
4 49
4 50
4 51
4 52
4 53
4 54
5 55
5 56
5 57
5 58
5 58
5 59
6 60
6 61
6 62
6 63
7 64
7 65
7 66
7 67
8 68
8 69
8 69
8 70
8 71
9 72
9 73
9 74
9 75
9 75
10 76
10 77
11 78
11 79
11 79
11 80
12 81
12 82
12 82
13 83
13 84
13 84
13 84
14 84
14 84
14 83
14 82
14 81
14 80
14 79
14 78
14 77
13 76
13 75
13 74
13 73
13 72
13 71
13 70
13 69
13 68
13 67
13 66
13 65
13 64
13 63
13 62
12 61
12 60
12 59
12 58
12 57
12 56
12 55
12 54
12 53
12 52
12 51
12 50
12 49
12 48
12 47
12 46
11 45
11 44
11 43
11 42
11 41
11 40
11 39
11 38
11 38
12 37
13 36
13 35
14 34
14 34
13 33
13 32
13 32
13 32
13 33
13 34
13 34
13 35
13 36
13 37
13 38
13 39
13 39
13 40
13 41
13 42
13 43
13 43
13 44
13 45
13 46
13 47
13 48
13 49
13 50
13 50
13 51
13 52
13 53
12 54
12 55
12 56
12 57
12 57
12 58
12 59
12 60
11 61
11 62
11 63
11 64
11 65
11 65
11 66
11 67
11 68
10 69
10 70
10 71
10 72
10 72
10 73
10 74
9 75
9 76
9 77
9 78
9 78
9 79
8 80
8 81
7 82
7 83
7 83
7 84
6 85
6 86
6 86
5 87
4 88
4 88
3 88
2 88
2 88
1 87
1 86
1 86
1 85
0 84
0 83
0 82
0 82
0 81
0 80
0 79
0 78
0 77
0 76
0 76
0 75
0 74
0 73
0 72
0 71
0 70
0 69
0 68
0 68
0 67
0 66
0 65
0 64
1 63
1 62
1 61
1 60
1 59
1 58
1 58
1 57
1 56
2 55
2 54
2 53
2 52
2 51
3 50
3 49
3 48
3 48
3 47
4 46
4 45
4 44
5 43
5 42
5 41
5 40
6 39
6 38
6 38
6 37
7 36
7 35
8 34
8 33
8 32
9 31
9 30
10 29
10 28
10 28
11 27
11 26
12 25
12 24
13 23
13 22
14 21
14 20
14 20
15 19
15 18
16 17
17 16
17 15
18 14
18 14
19 13
20 12
20 11
21 10
21 10
22 9
23 9
24 8
25 8
25 8
26 7
27 7
27 7
28 8
29 8
29 8
30 9
31 9
31 9
31 10
31 11
31 12
31 12
31 13
31 14
31 15
31 16
31 17
31 17
31 18
30 19
30 20
30 21
29 22
29 23
29 23
29 24
29 25
29 26
28 27
28 28
28 29
28 30
28 31
28 31
28 32
27 33
27 34
27 35
26 36
26 37
26 37
26 38
25 39
25 40
25 41
24 42
24 43
24 43
24 44
23 45
23 46
23 46
23 47
23 48
23 49
23 49
23 50
23 50
24 51
24 51
25 52
26 53
26 53
27 54
28 54
28 54
29 54
30 55
31 55
31 55
32 56
33 56
34 57
34 57
35 58
35 59
36 60
36 60
36 61
37 62
37 63
38 64
38 65
38 65
38 66
38 67
39 68
39 69
39 70
39 70
39 71
39 72
40 73
40 74
40 75
40 75
40 76
40 77
40 78
40 79
40 80
40 80
40 81
40 82
39 83
39 84
39 85
39 85
39 86
38 87
38 88
37 89
37 90
37 90
37 91
36 92
36 93
36 94
36 94
35 95
34 96
33 97
33 97
32 98
31 99
31 99
30 99
29 99
28 99
28 99
27 98
27 98
27 97
26 96
26 95
26 95
26 94
26 93
26 92
25 91
25 90
25 89
25 88
25 88
25 87
25 86
25 85
26 84
26 83
26 82
26 81
26 80
26 80
26 79
27 78
27 77
28 76
28 75
28 74
29 73
29 72
29 72
29 71
30 70
30 69
31 68
31 67
31 66
32 65
32 64
32 64
33 63
33 62
34 61
34 60
35 59
35 58
36 57
36 56
36 56
37 55
37 54
38 53
39 52
39 51
40 50
40 50
41 49
41 48
42 47
43 46
43 45
44 44
44 44
45 43
46 42
47 41
47 41
48 40
48 39
49 38
49 38
50 37
50 37
50 36
50 35
50 34
50 33
51 32
51 31
51 30
51 29
51 28
51 27
51 26
51 25
51 24
52 23
52 22
52 21
52 20
52 19
52 18
52 17
52 16
52 15
52 14
53 13
53 12
53 11
53 10
53 9
53 9
54 10
54 10
54 9
54 8
54 8
54 7
54 7
54 7
55 8
55 8
55 9
55 10
55 10
55 11
56 12
56 13
56 13
56 14
56 15
57 16
57 17
57 18
57 18
57 19
57 20
58 21
58 22
58 23
58 24
58 24
58 25
58 26
58 27
59 28
59 29
59 30
59 31
59 31
59 32
59 33
59 34
60 35
60 36
60 37
60 38
60 39
60 39
60 40
60 41
60 42
60 43
60 44
60 45
60 46
60 47
60 47
60 48
60 49
60 50
61 51
61 52
61 53
61 54
61 55
61 55
61 56
61 57
61 58
61 59
61 60
61 61
61 62
61 62
61 63
61 64
61 65
61 66
61 67
61 68
61 68
61 69
61 70
61 71
61 71
61 72
61 73
61 73
61 74
61 74
61 75
61 75
60 75
60 75
60 74
60 74
60 73
60 72
60 72
60 71
60 70
60 69
60 68
60 68
60 67
60 66
60 65
60 64
60 63
60 62
60 61
60 61
60 60
60 59
60 58
60 57
60 56
60 55
60 54
60 54
60 53
60 52
60 51
61 50
61 49
61 48
61 47
61 47
61 46
61 45
61 44
62 43
62 42
62 41
62 40
62 40
62 39
62 38
63 37
63 36
63 35
63 35
64 34
64 33
65 32
65 31
65 31
65 30
66 29
66 28
66 27
66 27
66 26
67 25
67 24
67 24
68 23
68 22
68 22
69 22
69 22
70 23
70 23
71 24
71 25
71 25
71 26
72 27
72 28
73 29
73 30
73 30
73 31
73 32
74 33
74 34
74 35
74 36
74 36
74 37
74 38
74 39
75 40
75 41
75 42
75 43
75 43
75 44
75 45
75 46
75 47
75 48
75 49
75 50
75 50
75 51
75 52
75 53
75 54
75 55
75 56
75 57
75 57
75 58
75 59
75 60
75 61
75 62
75 62
75 63
74 64
74 65
74 66
74 66
73 67
73 68
73 68
73 69
73 69
72 69
72 69
72 69
71 68
71 67
71 67
71 66
71 65
71 64
71 64
71 63
71 62
71 61
71 60
71 59
71 59
71 58
71 57
71 56
71 55
71 54
71 53
71 53
71 52
72 51
72 50
72 49
72 49
72 48
73 47
73 46
73 46
73 45
74 44
74 43
74 42
74 42
75 41
75 40
75 40
76 39
76 38
77 37
77 37
78 36
78 35
78 35
78 34
79 33
79 32
79 32
79 31
80 30
80 29
80 29
80 28
81 27
81 26
81 26
81 25
82 24
82 23
82 22
82 22
82 21
83 20
83 19
83 18
83 18
83 17
84 16
84 15
84 14
84 14
84 13
85 12
85 11
85 10
85 10
85 9
86 8
86 7
86 7
87 6
87 5
87 5
87 4
87 4
88 4
88 4
88 4
88 3
88 3
88 3
88 4
88 4
88 4
88 5
88 5
88 6
88 7
88 7
87 8
87 9
87 9
87 10
87 11
87 12
87 13
87 14
87 14
87 15
87 16
86 17
86 18
86 19
86 19
86 20
86 21
86 22
86 23
86 24
86 25
86 25
86 26
86 27
86 28
86 29
86 30
86 31
86 31
86 32
86 33
86 34
86 35
86 36
86 36
86 37
87 38
87 39
87 40
87 40
87 41
88 42
88 43
88 43
89 44
90 45
90 45
91 46
92 47
92 47
93 48
94 48
94 48
95 49
96 50
96 50
96 51
97 52
97 53
97 53
97 54
98 55
98 56
98 56
98 57
99 58
99 59
99 59
99 60
99 61
99 62
99 63
99 63
99 64
98 65
98 66
98 66
98 67
97 68
97 69
97 69
97 70
96 71
96 72
96 72
95 73
94 73
94 73
93 74
92 74
92 74
91 75
90 75
90 75
89 75
88 74
87 74
87 74
86 73
86 72
86 72
86 71
85 70
85 69
85 69
85 68
84 67
84 66
84 65
84 65
84 64
85 63
85 62
85 61
85 61
85 60
86 59
86 58
86 57
86 57
86 56
87 55
87 54
87 54
88 53
88 52
89 51
89 51
90 50
91 49
91 49
92 48
93 48
