9 14
9 13
9 12
9 11
9 10
8 9
8 8
8 7
8 6
8 5
8 4
8 4
8 3
8 2
8 2
8 2
8 2
7 3
7 3
7 4
7 4
7 5
7 6
7 7
7 8
7 8
7 9
7 10
6 11
6 12
6 13
6 13
6 14
6 15
5 16
5 17
5 18
5 18
5 19
5 20
5 21
5 22
5 23
5 24
5 25
5 25
5 26
5 27
5 28
4 29
4 30
4 31
4 32
4 32
4 33
4 34
4 35
3 36
3 37
3 38
3 39
3 39
3 40
3 41
3 42
3 43
3 44
3 45
3 46
3 47
3 48
3 48
3 49
3 50
3 51
3 52
3 53
3 54
3 55
3 56
3 56
3 57
3 58
3 59
4 60
4 61
4 62
4 63
4 64
4 64
4 65
4 66
4 67
5 68
5 69
5 70
5 71
5 72
5 72
5 73
6 74
6 75
6 76
6 77
7 78
7 79
7 79
7 80
7 81
8 82
8 83
8 84
8 84
8 85
9 86
9 87
10 88
10 89
10 89
11 90
11 91
12 92
12 92
13 93
14 94
14 94
15 95
16 95
16 95
17 96
17 96
18 96
18 96
19 95
19 95
19 94
19 93
19 92
19 91
19 90
19 89
19 88
19 87
19 86
19 85
19 84
19 83
20 82
20 81
20 80
20 79
20 78
20 77
20 76
20 75
20 74
20 73
20 72
20 71
20 70
20 69
20 68
20 67
20 66
20 65
20 64
20 63
20 62
20 61
20 60
20 59
20 58
21 57
21 56
21 55
21 54
21 53
21 52
21 51
21 50
21 49
21 48
21 47
21 46
21 45
21 45
21 44
21 43
20 42
20 41
20 40
20 39
20 38
19 37
19 36
19 35
19 35
18 34
18 34
17 34
17 34
17 35
16 36
16 37
16 37
16 38
15 39
15 40
14 41
14 42
14 42
14 43
13 44
13 45
13 46
13 47
12 48
12 49
12 49
12 50
11 51
11 52
10 53
10 54
10 54
10 55
9 56
9 57
9 58
8 59
8 60
8 60
8 61
7 62
7 63
7 64
6 65
6 66
6 66
5 67
4 68
4 69
3 70
3 70
3 71
2 72
2 73
2 73
1 74
0 75
0 75
0 74
0 74
0 73
0 73
0 72
0 71
0 70
0 69
0 68
0 68
0 67
1 66
1 65
1 64
2 63
2 62
2 62
2 61
3 60
3 59
4 58
4 57
4 56
5 55
5 54
5 54
6 53
6 52
7 51
7 50
8 49
8 48
9 47
9 46
9 46
10 45
10 44
11 43
11 42
12 41
12 40
13 39
13 39
14 38
14 37
15 36
15 35
16 34
16 33
17 32
17 32
18 31
18 30
19 29
20 28
20 27
21 26
21 26
22 25
23 24
24 23
24 23
25 22
26 21
27 20
27 20
28 20
29 21
30 21
30 21
31 22
31 23
31 23
31 24
31 25
31 26
31 27
31 27
31 28
31 29
31 30
31 31
31 32
31 33
31 33
31 34
31 35
30 36
30 37
30 38
30 39
30 39
30 40
30 41
30 42
29 43
29 44
29 45
29 46
29 47
29 47
29 48
29 49
28 50
28 51
28 52
28 53
28 53
28 54
28 55
28 56
28 57
28 58
28 58
28 59
28 60
28 61
28 62
28 62
28 63
29 64
29 65
29 66
29 66
29 67
30 68
30 69
30 69
31 70
32 71
32 71
33 72
33 73
34 74
34 74
34 75
35 76
35 77
35 77
35 78
36 79
36 80
36 80
36 81
36 82
36 83
36 84
36 84
36 85
36 86
36 87
36 88
36 88
36 89
35 90
35 91
35 92
35 92
34 93
34 94
33 95
33 95
32 96
32 97
31 98
31 98
30 99
30 99
29 99
28 99
28 99
27 98
27 98
27 97
27 96
27 95
27 94
27 94
27 93
27 92
27 91
27 90
27 89
27 89
27 88
27 87
27 86
28 85
28 84
28 83
28 82
28 81
28 81
28 80
28 79
28 78
29 77
29 76
29 75
29 74
29 74
29 73
30 72
30 71
31 70
31 69
31 68
32 67
32 66
32 66
32 65
33 64
33 63
34 62
34 61
35 60
35 59
35 59
35 58
36 57
36 56
37 55
37 54
37 53
38 52
38 51
38 51
38 50
39 49
39 48
40 47
40 46
41 45
41 44
41 44
42 43
42 42
43 41
43 40
44 39
44 38
45 37
45 37
46 36
46 35
47 34
47 33
48 32
48 31
48 31
48 30
49 29
49 28
49 27
49 26
50 25
50 24
50 23
51 22
51 21
51 20
51 19
52 18
52 17
52 16
53 15
53 14
53 13
54 12
54 11
54 10
54 9
55 8
55 7
55 6
56 5
56 4
56 3
56 2
57 1
57 0
57 0
57 0
57 0
57 1
57 2
57 2
57 3
58 4
58 5
58 5
58 6
58 7
58 8
58 9
58 10
58 10
58 11
59 12
59 13
59 14
59 14
59 15
60 16
60 17
60 18
60 18
60 19
60 20
60 21
60 22
60 22
60 23
60 24
60 25
61 26
61 27
61 28
61 29
61 29
61 30
61 31
61 32
61 33
61 34
61 35
61 36
61 36
61 37
61 38
61 39
61 40
61 41
61 42
61 43
61 44
61 45
61 46
61 47
61 47
61 48
61 49
61 50
61 51
61 52
62 53
62 54
62 55
62 56
62 57
62 58
62 58
62 59
62 60
62 61
62 62
62 63
61 64
61 65
61 66
61 67
61 68
61 69
61 69
61 70
61 71
61 72
61 73
61 74
61 75
61 76
61 77
61 78
61 79
61 79
61 80
61 81
61 82
61 83
61 84
61 85
61 86
61 86
61 87
61 88
60 89
60 90
60 91
60 92
60 92
60 93
60 94
60 95
60 95
60 96
60 96
60 96
60 95
60 94
60 94
60 93
60 92
60 91
60 90
60 90
60 89
60 88
61 87
61 86
61 85
61 84
61 84
61 83
61 82
61 81
62 80
62 79
62 78
62 77
62 76
62 76
62 75
62 74
62 73
62 72
62 71
62 70
62 69
62 68
62 68
62 67
62 66
62 65
62 64
63 63
63 62
63 61
63 60
63 59
63 59
63 58
64 57
64 56
64 55
64 54
65 53
65 52
65 51
65 51
65 50
65 49
65 48
66 47
66 46
66 45
66 44
66 43
66 43
66 42
67 41
67 40
67 39
68 38
68 37
68 37
69 36
69 35
70 34
70 33
70 33
71 32
71 31
71 31
72 32
73 32
73 32
74 33
74 34
74 34
74 35
74 36
75 37
75 38
75 39
75 39
75 40
75 41
76 42
76 43
76 44
76 45
76 45
76 46
76 47
76 48
76 49
76 50
76 51
76 52
76 53
76 53
76 54
76 55
76 56
76 57
76 58
76 59
76 60
76 60
76 61
76 62
76 63
76 64
76 65
76 66
76 67
76 67
76 68
76 69
75 70
75 71
75 72
75 72
75 73
75 74
74 75
74 76
74 77
74 77
74 78
73 79
73 80
73 80
72 81
72 82
72 82
71 83
71 83
70 82
70 82
69 81
69 81
69 80
68 79
68 78
68 78
68 77
68 76
68 75
68 74
68 74
68 73
68 72
68 71
68 70
68 69
68 69
68 68
68 67
68 66
68 65
68 64
68 64
68 63
68 62
69 61
69 60
69 59
69 59
69 58
69 57
69 56
69 55
69 55
69 54
70 53
70 52
71 51
71 50
71 50
71 49
71 48
72 47
72 46
72 45
72 44
72 44
72 43
73 42
73 41
73 40
74 39
74 38
74 38
74 37
75 36
75 35
76 34
76 33
76 33
76 32
77 31
77 30
77 29
78 28
78 27
78 27
78 26
78 25
79 24
79 23
79 22
79 21
79 21
79 20
80 19
80 18
80 17
81 16
81 15
81 15
82 14
82 13
83 12
83 11
83 11
84 10
84 9
85 8
85 7
85 7
86 7
87 7
87 7
88 8
89 8
89 8
89 9
90 10
90 11
90 11
90 12
91 13
91 14
91 15
91 15
91 16
91 17
92 18
92 19
92 20
92 21
92 21
92 22
92 23
92 24
92 25
92 26
92 27
92 27
92 28
92 29
92 30
92 31
92 32
92 33
92 33
92 34
92 35
92 36
92 37
92 38
92 39
92 39
92 40
93 41
93 42
93 43
93 43
93 44
93 45
93 46
93 47
93 48
93 49
93 49
93 50
94 51
94 52
94 53
94 53
94 54
95 55
95 56
95 57
95 57
95 58
96 59
96 60
96 61
96 61
97 62
97 63
98 64
98 65
98 65
98 66
98 67
98 68
98 69
98 69
98 70
99 71
99 72
99 73
99 73
99 74
98 75
98 76
98 77
98 77
98 78
97 79
97 80
97 81
97 81
96 82
96 83
95 84
95 84
94 85
93 86
92 87
92 87
91 88
90 89
90 89
89 89
88 90
87 90
87 90
86 90
85 90
85 90
84 90
83 90
83 90
82 89
82 88
82 88
82 87
82 86
82 85
82 85
82 84
83 83
83 82
83 81
83 81
83 80
83 79
84 78
84 77
84 76
84 76
84 75
85 74
85 73
85 72
85 71
86 70
86 69
86 69
86 68
87 67
87 66
87 65
87 64
88 63
88 62
88 62
89 61
89 60
90 59
90 58
91 57
91 56
92 55
92 54
92 54
93 53
93 52
94 51
95 50
96 49
96 48
97 47
