8 6
8 5
9 4
9 3
9 3
9 2
9 2
9 2
9 2
9 3
9 3
8 4
8 5
8 5
8 6
8 7
8 8
8 9
8 9
8 10
8 11
8 12
8 13
8 14
8 14
8 15
8 16
7 17
7 18
7 19
7 20
7 20
7 21
7 22
7 23
7 24
7 25
7 26
7 27
7 27
7 28
7 29
7 30
6 31
6 32
6 33
6 34
6 35
6 35
6 36
6 37
6 38
6 39
6 40
6 41
6 42
6 43
6 43
6 44
6 45
6 46
5 47
5 48
5 49
5 50
5 50
5 51
5 52
5 53
5 54
5 55
5 56
5 57
5 58
5 58
5 59
5 60
6 61
6 62
6 63
6 64
6 64
6 65
6 66
6 67
6 68
6 69
6 70
6 70
6 71
6 72
7 73
7 74
7 75
7 75
7 76
8 77
8 78
8 79
8 79
8 80
9 81
9 82
9 82
10 83
11 84
11 84
12 85
13 86
13 86
14 87
15 87
15 87
16 87
17 87
17 87
18 87
19 87
19 87
19 86
19 85
20 84
20 83
20 82
20 81
20 80
21 79
21 78
21 77
21 76
21 75
22 74
22 73
22 72
22 71
22 70
23 69
23 68
23 67
23 66
24 65
24 64
24 63
24 62
24 61
25 60
25 59
25 58
25 57
25 56
26 55
26 54
26 53
26 52
26 51
27 50
27 49
27 48
27 48
27 47
27 46
27 45
27 44
26 43
26 42
26 41
26 40
26 39
26 38
26 38
26 37
25 36
25 35
25 34
25 34
24 33
23 32
23 32
22 32
22 32
21 33
21 34
21 34
21 35
20 36
20 37
20 38
20 38
20 39
19 40
19 41
18 42
18 43
18 43
18 44
17 45
17 46
17 47
16 48
16 49
16 49
15 50
15 51
14 52
14 53
13 54
13 55
13 55
13 56
12 57
12 58
12 59
11 60
11 61
11 61
10 62
10 63
9 64
9 65
8 66
8 66
8 67
7 68
7 69
6 70
6 71
6 71
5 72
4 73
4 74
3 75
3 75
2 76
1 77
1 77
0 77
0 77
0 76
0 76
0 75
0 74
0 73
0 73
0 72
0 71
0 70
1 69
1 68
1 67
1 66
1 66
1 65
2 64
2 63
2 62
2 61
3 60
3 59
3 58
3 58
3 57
4 56
4 55
4 54
5 53
5 52
5 51
6 50
6 49
6 49
6 48
7 47
7 46
8 45
8 44
9 43
9 42
10 41
10 40
10 40
10 39
11 38
11 37
12 36
12 35
13 34
13 33
14 32
14 31
14 31
15 30
15 29
16 28
17 27
17 26
18 25
18 24
19 23
19 23
20 22
20 21
21 20
21 19
22 18
22 17
23 16
23 16
24 15
24 14
25 13
26 12
26 11
27 10
27 10
28 9
29 8
30 7
30 7
31 7
32 6
33 6
33 6
34 7
35 7
35 7
35 8
35 9
35 10
35 10
35 11
35 12
36 13
36 14
36 15
36 15
36 16
36 17
35 18
35 19
35 20
35 20
35 21
35 22
35 23
35 24
35 25
35 26
35 27
35 27
35 28
35 29
34 30
34 31
34 32
34 32
34 33
34 34
33 35
33 36
33 37
33 38
33 38
33 39
33 40
33 41
33 42
33 42
33 43
33 44
33 45
33 45
33 46
34 47
34 48
34 48
35 49
36 49
36 49
37 50
38 50
38 50
39 50
40 51
41 51
41 51
42 52
43 52
43 52
44 53
44 54
45 55
45 55
45 56
46 57
46 58
46 59
46 59
46 60
46 61
46 62
46 63
46 63
46 64
46 65
46 66
46 67
46 68
46 69
46 69
46 70
46 71
45 72
45 73
45 74
45 75
45 75
45 76
45 77
44 78
44 79
44 80
44 80
44 81
43 82
43 83
43 84
42 85
42 86
42 86
42 87
41 88
41 89
40 90
40 91
40 91
39 92
39 93
38 94
38 95
38 95
37 96
37 97
36 98
36 98
35 99
34 99
34 99
33 99
33 99
32 98
32 98
32 97
32 96
32 95
32 94
32 94
32 93
32 92
32 91
32 90
32 89
32 89
32 88
32 87
33 86
33 85
33 84
33 83
34 82
34 81
34 80
34 80
34 79
35 78
35 77
35 76
35 75
36 74
36 73
36 72
36 72
36 71
37 70
37 69
38 68
38 67
38 66
39 65
39 64
39 64
39 63
40 62
40 61
40 60
41 59
41 58
41 57
42 56
42 55
42 55
42 54
43 53
43 52
44 51
44 50
44 49
45 48
45 47
45 47
45 46
46 45
46 44
47 43
47 42
48 41
48 40
48 40
48 39
48 38
49 37
49 36
49 35
49 34
50 33
50 32
50 31
50 30
50 29
51 28
51 27
51 26
51 25
52 24
52 23
52 22
52 21
53 20
53 19
53 18
53 17
53 16
54 15
54 14
54 13
54 12
55 11
55 10
55 9
55 8
55 7
56 6
56 5
56 4
56 3
57 2
57 1
57 0
57 0
58 1
58 1
58 1
58 1
59 2
59 2
59 3
59 3
60 4
60 5
60 5
61 6
61 7
61 7
61 8
62 9
62 10
62 11
62 11
62 12
62 13
62 14
62 15
62 15
62 16
62 17
62 18
62 19
62 20
62 20
62 21
62 22
62 23
62 24
62 25
62 25
62 26
62 27
62 28
62 29
62 30
62 31
62 31
62 32
62 33
62 34
62 35
62 36
62 37
62 37
62 38
62 39
62 40
62 41
62 42
62 43
62 44
62 45
62 45
62 46
62 47
62 48
61 49
61 50
61 51
61 52
61 53
61 53
61 54
61 55
61 56
61 57
61 58
61 59
61 60
61 60
61 61
61 62
61 63
60 64
60 65
60 66
60 67
60 67
60 68
60 69
60 70
60 71
60 72
60 73
60 74
60 74
60 75
60 76
59 77
59 78
59 79
59 80
59 80
59 81
59 82
59 83
59 84
59 84
59 85
59 86
59 87
59 87
59 88
59 89
59 89
59 89
59 88
59 88
59 87
59 86
59 86
59 85
59 84
60 83
60 82
60 81
60 81
60 80
60 79
60 78
60 77
60 76
60 75
60 75
60 74
60 73
60 72
61 71
61 70
61 69
61 68
61 67
61 67
61 66
61 65
62 64
62 63
62 62
62 61
63 60
63 59
63 58
63 58
63 57
64 56
64 55
64 54
64 53
65 52
65 51
65 50
65 50
65 49
65 48
65 47
66 46
66 45
66 44
66 43
66 43
66 42
67 41
67 40
68 39
68 38
68 38
69 37
69 36
70 35
70 34
70 34
71 33
71 33
72 33
72 33
72 34
73 35
73 36
73 36
73 37
74 38
74 39
74 39
74 40
74 41
75 42
75 43
75 44
75 44
75 45
75 46
75 47
75 48
75 49
75 49
75 50
75 51
75 52
75 53
75 54
75 54
75 55
75 56
74 57
74 58
74 59
74 60
74 60
74 61
74 62
73 63
73 64
73 65
73 66
73 66
73 67
73 68
72 69
72 70
72 71
72 71
72 72
71 73
71 74
70 75
70 76
70 76
69 77
69 78
68 79
68 80
68 80
68 81
67 82
67 83
67 84
67 84
66 85
66 85
65 86
65 86
64 86
64 86
64 85
64 84
64 83
64 83
64 82
64 81
64 80
64 79
64 79
64 78
64 77
64 76
64 75
64 74
64 73
64 72
64 71
64 71
64 70
64 69
64 68
65 67
65 66
65 65
65 64
65 63
65 63
65 62
65 61
66 60
66 59
66 58
66 57
67 56
67 55
67 54
67 54
67 53
68 52
68 51
68 50
68 49
69 48
69 47
69 46
69 46
69 45
70 44
70 43
70 42
70 41
71 40
71 39
71 38
71 38
71 37
72 36
72 35
72 34
72 33
73 32
73 31
73 30
73 30
73 29
74 28
74 27
75 26
75 25
75 24
76 23
76 22
76 22
76 21
77 20
77 19
78 18
78 17
79 16
79 15
79 15
80 14
80 13
81 12
81 11
82 10
82 9
82 9
83 8
83 7
84 6
84 5
85 4
85 4
86 3
87 2
87 2
88 2
89 2
89 2
90 3
90 4
90 4
90 5
90 6
91 7
91 8
91 9
91 9
91 10
91 11
91 12
90 13
90 14
90 15
90 16
90 16
90 17
90 18
90 19
89 20
89 21
89 22
89 23
89 24
89 24
89 25
89 26
89 27
88 28
88 29
88 30
88 31
88 31
88 32
88 33
88 34
87 35
87 36
87 37
87 38
87 38
87 39
87 40
86 41
86 42
86 43
86 43
86 44
86 45
86 46
86 46
87 47
87 48
87 48
88 49
88 49
89 50
90 51
90 51
91 52
92 52
93 53
93 53
94 54
94 55
95 56
95 56
96 57
96 58
97 59
97 60
97 60
97 61
98 62
98 63
98 64
98 64
98 65
98 66
99 67
99 68
99 69
99 70
99 70
99 71
99 72
98 73
98 74
98 75
98 75
98 76
98 77
97 78
97 79
97 80
97 80
97 81
96 82
96 83
96 84
96 84
96 85
95 86
95 87
94 88
94 89
94 89
93 90
92 91
91 92
91 92
90 93
90 94
89 95
89 95
88 96
87 96
86 97
86 97
85 98
84 98
84 98
83 98
82 98
82 98
81 97
81 97
81 96
81 95
81 94
81 94
81 93
81 92
81 91
81 90
81 90
81 89
82 88
82 87
82 86
83 85
83 84
83 84
83 83
84 82
84 81
84 80
84 79
85 78
85 77
85 77
86 76
86 75
87 74
87 73
88 72
88 71
88 71
89 70
89 69
90 68
90 67
91 66
91 65
91 65
92 64
92 63
93 62
93 61
94 60
