0 72
0 71
0 70
0 69
0 68
0 67
0 67
0 66
0 66
0 67
0 67
0 68
0 69
0 69
0 70
1 71
1 72
1 73
1 73
1 74
1 75
2 76
2 77
2 78
2 78
2 79
2 80
2 81
2 82
2 83
2 84
2 85
2 85
2 86
2 87
3 88
3 89
3 90
3 90
3 91
3 92
3 93
3 94
3 95
3 95
3 96
3 97
3 98
3 98
4 99
4 99
4 99
5 98
5 98
5 97
5 96
5 95
5 94
5 94
5 93
5 92
5 91
6 90
6 89
6 88
6 87
6 87
6 86
6 85
6 84
7 83
7 82
7 81
7 80
7 79
7 79
7 78
7 77
7 76
8 75
8 74
8 73
8 72
8 72
8 71
8 70
8 69
9 68
9 67
9 66
9 65
9 65
9 64
10 63
10 62
10 62
10 61
10 61
11 62
11 62
11 63
11 64
11 65
11 66
11 66
11 67
11 68
12 69
12 70
12 71
12 72
12 72
12 73
12 74
12 75
12 76
12 77
12 78
12 79
12 80
12 80
12 81
12 82
12 83
12 84
12 85
12 86
12 87
12 88
12 88
12 89
12 90
13 91
13 92
13 93
13 93
13 94
13 95
13 96
13 96
14 97
14 98
14 98
14 98
15 97
15 96
15 96
15 95
16 94
16 93
16 92
16 92
16 91
16 90
17 89
17 88
17 87
17 86
17 86
17 85
17 84
17 83
18 82
18 81
18 80
18 79
18 79
18 78
19 77
19 76
20 75
20 74
20 74
20 73
20 72
21 71
21 70
21 69
21 69
21 68
22 67
22 66
22 66
22 65
23 64
23 63
23 63
24 62
24 61
24 61
25 60
25 59
25 59
26 58
26 58
27 59
27 59
27 60
27 61
27 61
27 62
27 63
27 63
27 64
27 65
27 66
27 67
27 67
27 68
27 69
27 70
27 71
27 72
27 72
27 73
27 74
27 75
27 76
27 77
27 77
27 78
27 79
27 80
27 81
27 82
27 83
27 83
27 84
27 85
27 86
27 87
27 87
27 88
28 89
28 90
28 91
28 91
28 92
28 93
28 94
28 94
28 95
28 95
28 94
28 93
28 92
28 91
28 90
28 89
28 88
28 87
28 86
28 85
28 84
28 83
28 82
28 81
28 80
28 79
28 78
28 77
28 76
28 75
28 74
28 73
27 72
27 71
27 70
27 69
27 68
27 67
27 66
27 65
27 64
27 63
27 62
27 61
27 60
27 59
27 58
27 57
27 56
27 55
27 54
27 53
27 52
27 51
27 50
27 49
27 49
27 48
27 47
27 46
27 45
27 44
27 43
27 42
26 41
26 40
26 39
26 38
26 37
26 36
26 35
26 34
26 33
26 33
26 32
26 31
26 30
26 29
26 28
26 28
26 27
26 26
26 26
26 27
26 27
26 28
26 28
26 29
26 30
26 31
26 31
26 32
26 33
27 34
27 35
27 36
27 36
27 37
27 38
27 39
27 40
27 41
27 41
27 42
28 43
28 44
28 45
28 45
29 45
30 45
31 46
32 46
33 46
34 46
35 46
36 46
37 47
38 47
39 47
40 47
40 47
40 48
40 49
40 50
40 50
40 51
40 52
40 53
40 53
40 54
39 55
39 56
39 57
39 57
39 58
39 59
39 60
39 61
39 62
39 62
39 63
38 64
38 65
38 65
38 66
38 67
38 68
38 68
38 69
39 70
39 71
39 71
40 72
40 73
40 73
41 74
41 75
41 75
42 76
42 77
43 78
43 78
44 79
44 80
44 80
44 81
45 82
45 83
45 83
45 84
45 85
45 85
45 86
45 87
45 88
45 88
44 89
44 90
44 90
43 91
43 92
43 92
42 93
42 94
42 94
41 95
40 95
40 95
39 95
38 95
38 95
37 94
37 93
37 93
37 92
36 91
36 90
36 89
36 89
36 88
36 87
36 86
36 85
36 84
36 83
36 82
36 82
36 81
36 80
36 79
36 78
36 77
36 76
36 75
36 74
36 74
36 73
36 72
36 71
37 70
37 69
37 68
37 67
37 66
37 65
38 64
38 63
38 62
38 61
38 60
38 59
38 58
39 57
39 56
39 55
39 54
39 53
39 52
39 51
40 50
40 49
40 48
40 47
40 46
40 45
41 44
41 43
41 42
41 41
41 40
41 39
41 38
42 37
42 36
42 35
42 34
42 33
42 32
43 31
43 30
43 29
43 28
43 27
43 26
43 25
44 24
44 23
44 22
44 21
44 20
44 19
44 18
45 17
45 16
45 15
45 14
45 13
45 12
46 11
46 10
46 9
46 8
46 8
47 7
47 6
48 5
49 4
49 3
50 2
50 1
51 0
51 0
52 0
52 0
52 1
53 2
53 3
53 4
53 4
53 5
53 6
53 7
54 8
54 9
54 10
54 11
54 11
54 12
54 13
54 14
54 15
55 16
55 17
55 18
55 19
55 20
55 21
55 21
55 22
55 23
55 24
55 25
55 26
55 27
55 28
55 29
55 30
55 31
55 31
55 32
55 33
55 34
55 35
55 36
55 37
55 38
55 39
55 40
55 41
55 41
55 42
55 43
55 44
55 45
55 46
54 47
54 48
54 49
54 50
54 51
54 52
54 52
54 53
54 54
54 55
54 56
54 57
54 58
54 59
54 60
54 61
54 62
54 62
54 63
54 64
54 65
54 66
54 67
54 67
54 68
54 69
54 70
54 71
54 71
54 72
54 73
54 73
54 73
55 72
55 71
55 71
55 70
56 69
56 68
56 67
56 67
56 66
56 65
57 64
57 63
57 62
57 62
57 61
58 60
58 59
58 58
58 57
59 56
59 55
59 55
59 54
59 53
60 52
60 51
60 50
60 50
60 49
61 48
61 47
61 47
62 47
62 47
62 48
63 49
63 50
63 50
63 51
63 52
63 53
63 54
63 55
63 56
63 56
63 57
63 58
63 59
63 60
63 61
63 62
63 63
63 63
63 64
63 65
63 66
63 67
63 68
63 69
63 69
63 70
63 71
63 72
63 73
63 74
63 75
63 76
63 76
63 77
63 78
63 79
63 80
63 81
63 82
63 82
63 83
64 84
64 85
64 86
64 86
64 87
64 88
64 89
64 89
65 90
65 90
66 89
67 88
67 88
67 87
68 86
68 85
68 85
68 84
69 83
69 82
70 81
70 80
70 80
70 79
70 78
71 77
71 76
71 75
71 74
71 74
71 73
72 72
72 71
72 70
73 69
73 68
73 68
73 67
73 66
73 65
74 64
74 63
74 62
74 61
74 61
74 60
74 59
74 58
75 57
75 56
75 55
75 54
75 53
75 53
75 52
75 51
76 50
76 49
76 48
76 47
76 47
76 46
76 45
76 44
76 44
75 43
75 42
75 42
75 43
75 43
75 44
74 45
74 46
74 47
74 47
74 48
74 49
73 50
73 51
73 52
73 52
73 53
73 54
72 55
72 56
72 57
72 58
72 58
72 59
72 60
71 61
71 62
71 63
71 64
71 64
71 65
71 66
71 67
71 68
71 68
71 69
71 70
71 71
71 71
71 72
72 73
72 74
72 74
73 75
73 75
74 75
75 75
75 75
76 74
76 74
77 73
78 72
79 71
79 71
80 70
80 69
81 68
81 67
82 66
82 66
82 65
83 64
83 63
83 62
83 61
84 60
84 59
84 59
84 58
85 57
85 56
86 55
86 54
87 53
87 52
87 52
87 51
88 50
88 49
89 48
89 47
90 46
90 45
90 45
90 44
90 43
91 42
91 41
91 40
91 39
91 39
92 38
92 37
93 36
93 35
93 35
93 34
93 33
93 32
93 32
93 32
93 33
93 34
93 34
93 35
92 36
92 37
92 37
92 38
92 39
92 40
92 41
92 42
92 43
92 43
92 44
92 45
92 46
92 47
92 48
92 48
92 49
92 50
92 51
92 52
92 53
92 53
92 54
92 55
93 56
93 57
93 58
93 58
93 59
93 60
94 61
94 62
94 63
94 63
94 64
95 65
95 66
95 67
95 67
95 68
96 69
96 70
96 70
97 71
97 72
98 73
98 73
98 74
98 75
98 76
98 77
98 77
99 78
99 79
99 79
99 80
98 81
98 82
98 82
98 83
98 84
98 85
98 85
97 86
97 87
97 87
96 88
96 89
