0 63
0 62
0 61
0 61
0 60
0 59
0 59
0 58
0 58
0 57
0 57
0 56
0 56
0 56
0 56
0 57
0 57
0 58
1 59
1 60
1 60
1 61
1 62
1 63
1 64
1 65
1 65
1 66
1 67
1 68
2 69
2 70
2 71
2 72
2 72
2 73
2 74
2 75
2 76
2 77
2 78
2 78
2 79
2 80
2 81
2 82
2 83
2 84
2 85
2 85
2 86
2 87
3 88
3 89
3 90
3 90
3 91
3 92
3 93
3 94
3 94
4 95
4 96
4 96
4 97
4 97
4 97
5 96
5 95
5 95
5 94
6 93
6 92
6 91
6 91
6 90
6 89
6 88
6 87
6 86
6 85
6 85
6 84
6 83
7 82
7 81
7 80
7 79
7 79
7 78
7 77
8 76
8 75
8 74
8 74
8 73
8 72
8 71
8 70
8 69
8 69
9 68
9 67
9 67
9 67
9 68
9 68
9 69
10 70
10 71
10 71
10 72
10 73
10 74
10 75
10 75
10 76
10 77
10 78
10 79
10 80
10 80
10 81
10 82
11 83
11 84
11 85
11 85
11 86
11 87
11 88
11 89
11 90
11 90
11 91
11 92
11 93
11 94
11 94
11 95
11 96
11 96
12 97
12 97
12 97
12 96
12 96
12 95
13 94
13 93
13 92
13 92
13 91
13 90
14 89
14 88
14 87
14 86
14 86
14 85
14 84
14 83
15 82
15 81
15 80
15 79
15 78
15 78
15 77
16 76
16 75
16 74
17 73
17 72
17 72
17 71
17 70
18 69
18 68
18 67
18 66
18 66
18 65
18 64
19 63
19 62
19 61
19 61
20 60
20 59
21 58
21 57
21 57
22 57
23 57
24 58
25 58
26 58
27 58
27 58
27 59
27 60
28 61
28 62
28 63
28 63
28 64
28 65
28 66
28 66
28 67
28 68
28 69
28 69
28 70
28 71
27 72
27 73
27 74
27 74
27 75
27 76
27 77
27 78
27 79
27 79
27 80
27 81
27 82
27 83
27 84
27 84
27 85
27 86
27 87
27 88
27 89
27 89
27 90
27 91
27 92
27 93
27 93
27 94
27 95
27 96
27 96
27 97
27 98
27 99
27 99
28 99
28 99
28 99
28 98
28 98
28 97
28 96
28 95
28 94
28 94
28 93
28 92
29 91
29 90
29 89
29 89
29 88
29 87
29 86
29 85
29 84
29 83
29 82
29 82
29 81
29 80
29 79
29 78
29 77
29 76
29 75
29 74
29 73
29 72
29 71
29 70
29 69
29 68
29 67
29 67
29 66
29 65
29 64
29 63
29 62
29 61
29 60
29 59
28 58
28 57
28 56
28 55
28 54
28 53
28 52
28 51
28 50
28 50
28 49
28 48
28 47
27 46
27 45
27 44
27 43
27 43
27 42
27 41
26 40
26 39
26 38
26 37
26 37
26 36
26 35
26 34
26 33
26 33
26 32
25 31
25 30
25 29
25 29
25 28
25 28
25 28
25 28
25 29
25 29
26 30
26 30
26 31
26 32
26 32
27 33
27 34
28 35
28 35
29 36
29 37
29 37
30 37
31 38
32 38
33 39
34 39
35 39
36 40
37 40
37 40
38 40
39 40
40 40
40 40
41 41
41 42
41 42
41 43
41 44
41 44
41 45
41 46
41 47
41 47
41 48
41 49
41 50
41 50
41 51
40 52
40 53
40 54
40 54
40 55
40 56
40 57
40 58
40 58
40 59
40 60
40 61
40 61
40 62
40 63
40 64
40 64
41 65
41 66
41 66
42 67
42 68
42 68
43 69
43 70
43 70
44 71
45 71
45 71
46 72
46 73
46 73
47 74
47 75
47 75
47 76
47 77
47 77
47 78
47 79
47 80
47 80
47 81
47 82
47 83
47 83
47 84
46 85
46 86
46 87
46 87
45 88
45 89
44 90
44 91
44 91
44 92
43 93
43 94
43 94
42 95
42 96
41 97
41 97
40 98
40 99
40 99
39 99
39 99
38 99
38 99
38 98
38 97
38 97
38 96
38 95
38 94
38 93
38 93
38 92
38 91
38 90
38 89
38 88
38 87
38 87
38 86
38 85
38 84
38 83
39 82
39 81
39 80
39 79
39 78
39 78
39 77
39 76
40 75
40 74
40 73
40 72
40 71
41 70
41 69
41 68
41 68
41 67
41 66
41 65
41 64
41 63
42 62
42 61
42 60
42 59
42 58
42 57
42 57
42 56
42 55
43 54
43 53
43 52
43 51
43 50
43 49
44 48
44 47
44 46
44 46
44 45
44 44
45 43
45 42
45 41
45 40
45 39
45 38
46 37
46 36
46 35
46 34
46 34
46 33
46 32
47 31
47 30
47 29
47 28
47 27
47 26
48 25
48 24
48 23
48 23
48 22
48 21
49 20
49 19
49 18
49 17
50 16
50 15
50 14
50 14
50 13
51 12
51 11
51 10
51 9
52 8
52 7
52 7
52 6
53 5
53 4
54 3
54 2
54 2
55 1
55 0
55 0
56 1
56 1
56 2
56 3
56 4
56 4
56 5
56 6
57 7
57 8
57 9
57 9
57 10
57 11
57 12
57 13
57 14
57 15
57 16
57 17
57 17
57 18
57 19
57 20
57 21
57 22
57 23
57 24
57 25
57 26
57 26
57 27
57 28
57 29
57 30
56 31
56 32
56 33
56 34
56 35
56 36
56 36
56 37
56 38
56 39
56 40
55 41
55 42
55 43
55 44
55 45
55 45
55 46
55 47
55 48
55 49
55 50
55 51
55 52
55 53
55 54
55 55
55 55
55 56
55 57
55 58
55 59
54 60
54 61
54 62
54 63
54 64
54 64
54 65
54 66
54 67
53 68
53 69
53 70
53 71
53 71
53 72
53 73
53 74
53 75
53 76
53 77
53 77
53 78
53 79
53 80
53 81
53 81
52 82
52 83
52 83
53 84
53 84
53 84
53 83
54 82
54 81
54 81
54 80
54 79
55 78
55 77
55 76
55 76
55 75
55 74
56 73
56 72
56 71
56 70
56 70
56 69
57 68
57 67
57 66
58 65
58 64
58 64
58 63
59 62
59 61
60 60
60 59
60 59
60 58
61 57
61 56
61 56
62 56
62 56
63 57
63 57
63 58
63 59
63 60
63 61
63 61
63 62
63 63
63 64
63 65
63 66
63 66
63 67
63 68
63 69
63 70
63 71
63 72
63 72
63 73
63 74
63 75
63 76
63 77
63 78
63 78
63 79
63 80
64 81
64 82
64 83
64 84
64 84
64 85
64 86
64 87
64 88
64 89
64 90
64 90
64 91
65 92
65 93
65 93
66 94
66 95
66 95
67 95
68 95
68 95
69 94
69 93
69 93
70 92
70 91
71 90
71 89
71 89
72 88
72 87
73 86
73 85
74 84
74 84
74 83
74 82
74 81
75 80
75 79
75 78
75 77
75 77
75 76
76 75
76 74
76 73
76 72
77 71
77 70
77 69
77 69
77 68
78 67
78 66
78 65
78 64
79 63
79 62
79 61
79 61
79 60
79 59
79 58
80 57
80 56
80 55
80 54
80 53
80 53
80 52
80 51
80 50
80 49
80 48
80 47
80 47
80 46
80 45
80 44
80 43
80 43
80 42
80 42
79 43
79 43
79 44
78 45
78 46
78 46
78 47
78 48
77 49
77 50
77 51
77 51
77 52
77 53
76 54
76 55
76 56
76 57
76 57
76 58
76 59
76 60
75 61
75 62
75 63
75 64
75 64
75 65
75 66
75 67
75 68
75 69
75 70
75 70
75 71
75 72
75 73
75 74
75 75
75 75
75 76
75 77
75 78
75 79
75 79
75 80
75 81
75 82
75 82
76 83
76 84
76 84
77 85
78 85
78 85
79 84
79 83
79 83
80 82
81 81
82 80
82 80
82 79
83 78
83 77
84 76
84 75
84 75
84 74
85 73
85 72
86 71
86 70
87 69
87 68
87 68
87 67
88 66
88 65
89 64
89 63
89 62
90 61
90 60
90 60
90 59
91 58
91 57
92 56
92 55
92 54
93 53
93 52
93 52
93 51
94 50
94 49
94 48
94 47
95 46
95 45
95 45
95 44
96 43
96 42
97 41
97 40
97 40
97 39
98 38
98 37
98 37
99 37
99 37
98 38
98 39
98 39
98 40
98 41
98 42
98 42
98 43
97 44
97 45
97 46
96 47
96 48
96 48
96 49
96 50
95 51
95 52
95 53
95 53
95 54
95 55
94 56
94 57
94 58
94 58
94 59
94 60
94 61
94 62
94 63
94 64
94 64
94 65
94 66
94 67
94 68
94 68
94 69
94 70
94 71
94 72
94 72
94 73
95 74
95 75
95 75
95 76
96 77
96 78
96 78
96 79
96 80
96 81
96 82
96 82
96 83
96 84
96 85
96 86
96 86
96 87
96 88
96 89
96 89
96 90
95 91
95 92
95 92
94 93
94 94
93 95
93 95
92 96
92 96
91 97
90 97
90 97
