0 65
0 64
0 63
0 62
0 61
0 60
0 59
0 58
0 57
0 56
0 55
0 54
0 54
0 53
0 52
0 51
0 51
0 50
0 50
0 51
0 51
0 52
0 53
0 53
0 54
0 55
0 56
0 56
0 57
0 58
1 59
1 60
1 61
1 62
1 62
1 63
1 64
1 65
1 66
1 67
1 68
1 69
1 69
1 70
1 71
1 72
1 73
1 74
1 75
1 75
1 76
1 77
1 78
1 79
1 80
1 81
1 82
1 82
1 83
2 84
2 85
2 86
2 86
2 87
2 88
2 88
3 89
3 89
3 88
3 88
3 87
3 86
3 86
3 85
3 84
4 83
4 82
4 81
4 80
4 80
4 79
4 78
4 77
5 76
5 75
5 74
5 73
5 72
5 72
5 71
5 70
5 69
6 68
6 67
6 66
6 65
6 64
6 64
6 63
6 62
6 61
7 60
7 59
7 58
7 57
7 57
7 56
7 55
7 54
7 53
7 53
7 52
8 51
8 50
8 49
8 49
8 49
8 50
9 51
9 52
9 52
9 53
9 54
9 55
9 56
9 56
9 57
9 58
10 59
10 60
10 61
10 62
10 62
10 63
10 64
10 65
10 66
10 67
10 68
10 68
10 69
10 70
10 71
10 72
10 73
10 74
10 74
10 75
10 76
11 77
11 78
11 79
11 79
11 80
12 81
12 82
12 82
12 83
12 83
13 83
13 83
13 82
14 81
14 80
14 79
14 79
14 78
14 77
14 76
15 75
15 74
15 73
15 72
15 72
15 71
15 70
15 69
16 68
16 67
16 66
16 65
16 65
16 64
17 63
17 62
17 61
17 60
18 59
18 58
18 58
18 57
19 56
19 55
19 54
20 53
20 52
20 52
20 51
21 50
21 49
21 48
21 47
22 46
22 45
22 45
22 44
23 43
23 42
24 41
24 40
24 40
24 39
25 38
25 37
25 37
26 36
26 35
27 34
27 34
28 34
28 34
28 35
28 36
28 36
28 37
28 38
28 39
28 39
28 40
28 41
28 42
28 42
28 43
28 44
28 45
28 46
28 47
28 47
28 48
28 49
28 50
28 51
28 52
28 52
28 53
28 54
28 55
28 56
28 57
28 58
28 59
28 59
28 60
28 61
28 62
28 63
28 64
28 65
28 65
28 66
28 67
28 68
28 69
28 70
28 70
28 71
28 72
28 73
28 74
28 75
28 76
28 76
28 77
28 78
27 79
27 80
27 81
27 81
27 82
27 83
27 84
27 85
27 85
27 86
27 86
27 85
27 84
27 83
27 82
27 81
27 80
27 79
27 78
27 77
27 76
27 75
27 74
27 73
27 72
27 71
27 70
27 69
27 68
27 67
27 66
27 65
27 64
27 63
27 62
27 61
27 60
27 59
27 58
27 57
27 56
27 55
27 54
27 53
27 52
27 51
27 50
27 49
27 48
27 47
27 46
27 45
27 44
27 43
27 42
27 41
27 41
27 40
27 39
27 38
27 37
27 36
27 35
27 34
27 33
27 32
27 31
27 30
27 29
27 28
27 27
27 26
27 25
27 24
27 23
27 22
27 21
27 20
27 20
27 19
27 18
27 17
27 16
27 15
27 15
27 14
27 13
27 13
27 13
27 14
27 14
27 15
27 16
27 16
27 17
28 18
28 19
28 20
28 20
28 21
28 22
28 23
28 24
28 25
28 25
28 26
29 27
29 28
29 29
29 29
29 30
29 31
30 32
30 33
30 34
30 34
31 35
32 36
32 36
33 36
34 37
35 37
35 37
36 37
37 36
38 36
38 36
39 36
40 36
40 36
41 36
42 36
42 36
43 37
43 38
43 38
43 39
43 40
43 41
43 42
43 42
43 43
43 44
42 45
42 46
42 47
42 47
42 48
42 49
41 50
41 51
41 52
41 52
41 53
41 54
40 55
40 56
40 57
40 57
40 58
40 59
40 60
40 60
40 61
40 62
40 63
40 63
40 64
41 65
41 66
41 66
41 67
41 68
41 68
42 69
42 70
42 70
42 71
43 72
43 73
43 73
43 74
43 75
43 75
43 76
43 77
43 77
43 78
43 78
42 79
41 79
41 79
40 80
40 80
39 79
38 79
38 79
38 78
37 77
37 76
37 76
37 75
37 74
36 73
36 72
36 71
36 71
36 70
36 69
35 68
35 67
35 66
35 65
35 65
35 64
35 63
35 62
35 61
35 60
35 59
35 58
35 58
35 57
35 56
35 55
35 54
36 53
36 52
36 51
36 50
36 49
36 48
36 48
36 47
36 46
36 45
36 44
37 43
37 42
37 41
37 40
37 39
37 38
37 38
37 37
37 36
38 35
38 34
38 33
38 32
38 31
38 30
39 29
39 28
39 27
39 27
39 26
39 25
40 24
40 23
40 22
40 21
40 20
41 19
41 18
41 17
41 17
41 16
42 15
42 14
42 13
42 12
43 11
43 10
43 9
43 9
43 8
44 7
44 6
45 5
45 4
45 4
46 3
46 2
47 1
47 1
48 0
49 0
49 0
49 1
50 2
50 3
50 3
50 4
50 5
51 6
51 7
51 8
51 8
51 9
51 10
51 11
52 12
52 13
52 14
52 15
52 16
52 16
52 17
52 18
52 19
52 20
52 21
52 22
52 23
52 24
52 25
52 25
52 26
52 27
52 28
52 29
52 30
52 31
52 32
52 33
52 34
52 35
52 35
52 36
52 37
52 38
52 39
52 40
52 41
52 42
52 43
52 44
52 45
52 46
52 46
52 47
52 48
52 49
52 50
51 51
51 52
51 53
51 54
51 55
51 55
51 56
51 57
51 58
51 59
51 60
51 61
51 62
51 62
51 63
51 64
51 65
51 66
51 67
51 68
51 68
51 69
51 70
51 71
51 71
51 72
51 72
51 72
52 71
52 70
52 70
52 69
52 68
53 67
53 66
53 65
53 65
53 64
53 63
53 62
54 61
54 60
54 59
54 58
54 58
54 57
55 56
55 55
55 54
55 53
56 52
56 51
56 50
56 50
56 49
57 48
57 47
58 46
58 45
58 45
58 44
59 43
59 42
59 42
60 42
60 42
60 43
60 44
60 45
60 46
60 46
60 47
60 48
61 49
61 50
61 51
61 51
61 52
61 53
61 54
61 55
61 56
61 57
61 58
61 58
61 59
61 60
61 61
60 62
60 63
60 64
60 65
60 66
60 66
60 67
60 68
60 69
60 70
60 71
60 72
60 73
60 73
60 74
60 75
60 76
61 77
61 78
61 79
61 80
61 80
61 81
61 82
61 83
61 84
61 85
61 85
61 86
62 87
62 88
62 88
63 89
64 89
64 89
65 88
66 88
66 88
67 87
67 86
68 85
68 85
68 84
69 83
69 82
69 81
70 80
70 79
70 79
70 78
71 77
71 76
71 75
72 74
72 73
72 73
72 72
73 71
73 70
73 69
73 68
74 67
74 66
74 66
74 65
74 64
74 63
75 62
75 61
75 60
75 59
75 59
75 58
75 57
75 56
76 55
76 54
76 53
76 52
76 52
76 51
76 50
76 49
77 48
77 47
77 46
77 45
77 45
77 44
77 43
77 42
77 41
77 41
76 40
76 40
75 41
75 41
75 42
74 43
74 44
74 44
74 45
74 46
73 47
73 48
73 49
73 49
73 50
73 51
72 52
72 53
72 54
72 55
72 55
72 56
72 57
72 58
72 59
72 60
72 61
72 62
72 62
72 63
72 64
72 65
72 66
72 67
72 68
72 68
72 69
72 70
72 71
72 72
72 73
72 73
72 74
72 75
72 76
72 77
72 78
72 79
72 79
72 80
73 81
73 82
73 83
73 83
73 84
74 85
74 86
74 86
75 87
76 87
76 87
77 86
78 85
78 85
79 84
80 83
80 82
81 81
81 81
81 80
82 79
82 78
83 77
83 76
84 75
84 74
84 74
84 73
85 72
85 71
86 70
86 69
87 68
87 67
87 67
87 66
88 65
88 64
89 63
89 62
90 61
90 60
90 60
90 59
91 58
91 57
92 56
92 55
92 54
93 53
93 52
93 52
93 51
94 50
94 49
94 48
95 47
95 46
95 46
95 45
95 44
96 43
96 42
96 41
96 41
97 40
97 39
97 39
97 39
97 40
97 41
97 41
97 42
96 43
96 44
96 44
96 45
96 46
96 47
96 48
96 49
96 50
96 50
96 51
96 52
95 53
95 54
95 55
95 56
95 56
95 57
95 58
95 59
95 60
95 61
95 62
95 62
95 63
95 64
95 65
95 66
95 67
95 68
95 68
95 69
95 70
95 71
95 72
95 73
95 74
95 74
95 75
95 76
95 77
95 78
95 79
95 79
95 80
95 81
95 82
95 83
95 84
95 84
95 85
96 86
96 87
96 87
97 88
97 89
97 89
98 90
98 91
98 91
99 92
99 92
99 93
99 93
99 94
98 95
98 96
98 96
97 97
97 98
96 99
