0 55
0 55
0 55
0 56
0 56
0 57
0 58
0 59
0 59
0 60
0 61
0 62
0 63
0 63
0 64
0 65
1 66
1 67
1 68
1 68
1 69
1 70
1 71
1 72
1 73
1 74
1 74
1 75
1 76
1 77
1 78
1 79
1 79
1 80
1 81
2 82
2 83
2 84
2 84
2 85
2 86
2 87
2 87
2 88
3 89
3 90
3 91
3 91
3 92
3 93
3 93
3 94
3 94
4 94
4 94
4 93
4 93
4 92
4 91
4 90
4 90
4 89
4 88
5 87
5 86
5 85
5 85
5 84
5 83
6 82
6 81
6 80
6 79
6 79
6 78
6 77
6 76
7 75
7 74
7 73
7 72
7 72
7 71
7 70
7 69
8 68
8 67
8 66
8 65
8 65
8 64
9 63
9 62
9 61
9 61
9 60
9 59
9 58
9 58
10 57
10 57
10 57
11 57
11 57
11 58
11 59
11 59
11 60
12 61
12 62
12 63
12 63
12 64
12 65
12 66
12 67
12 68
12 68
12 69
12 70
12 71
12 72
12 73
12 74
12 74
12 75
12 76
12 77
12 78
12 79
12 79
12 80
12 81
12 82
12 83
12 83
12 84
13 85
13 86
13 87
13 87
13 88
13 89
13 89
13 90
13 90
14 90
14 90
14 89
14 89
14 88
14 87
14 87
14 86
15 85
15 84
15 84
15 83
16 82
16 81
16 80
16 80
16 79
16 78
17 77
17 76
17 75
17 74
17 74
17 73
17 72
18 71
18 70
18 69
18 68
18 68
18 67
18 66
19 65
19 64
19 63
19 63
19 62
20 61
20 60
20 59
20 59
20 58
21 57
21 56
21 55
21 55
22 54
22 53
23 52
23 51
23 51
24 51
25 51
26 50
27 50
28 50
29 50
29 50
29 51
29 52
29 52
29 53
29 54
29 54
29 55
29 56
29 56
29 57
29 58
29 59
29 59
29 60
29 61
29 62
29 62
29 63
29 64
29 65
29 66
29 67
29 67
29 68
29 69
30 70
30 71
30 72
30 72
30 73
30 74
30 75
30 76
30 77
30 78
30 78
30 79
30 80
30 81
30 82
30 83
30 83
30 84
30 85
30 86
30 87
30 88
30 88
30 89
30 90
30 91
30 92
30 92
30 93
31 94
31 95
31 95
31 96
31 97
31 98
31 98
31 99
31 99
31 99
31 99
31 98
31 97
31 97
31 96
31 95
31 94
31 93
31 92
31 91
31 91
31 90
31 89
31 88
32 87
32 86
32 85
32 84
32 84
32 83
32 82
32 81
32 80
32 79
32 78
32 77
32 76
32 75
32 74
32 73
32 72
32 71
32 70
32 69
32 68
33 67
33 66
33 65
33 64
33 63
33 62
33 61
33 60
33 59
33 58
33 57
33 56
33 55
33 54
33 53
33 52
33 51
33 50
33 50
33 49
33 48
33 47
33 46
33 45
33 44
33 43
33 42
33 41
33 40
33 39
33 38
33 37
33 36
33 35
33 34
33 34
33 33
33 32
33 31
32 30
32 29
32 28
32 27
32 27
32 26
32 25
32 24
32 23
32 22
32 22
32 21
32 20
32 20
32 20
31 20
31 20
31 20
32 21
32 21
32 22
32 22
32 23
32 24
32 24
32 25
32 26
32 26
32 27
33 28
33 29
33 29
34 30
35 30
36 31
37 32
38 33
39 33
40 34
41 35
42 35
43 36
43 36
44 37
45 37
46 38
46 38
46 39
46 40
46 40
45 40
45 40
44 41
44 42
44 42
44 43
43 44
43 45
43 45
43 46
43 47
43 48
43 48
43 49
42 50
42 51
42 52
42 52
42 53
42 54
42 55
42 56
42 56
42 57
42 58
42 59
42 59
42 60
42 61
42 62
42 62
42 63
43 64
43 65
43 65
44 66
44 67
44 67
44 68
45 69
45 70
45 70
46 71
46 72
47 73
47 73
47 74
47 75
47 76
47 76
47 77
48 78
48 79
48 79
48 80
48 81
48 82
48 82
48 83
48 84
48 85
48 85
48 86
48 87
48 88
48 88
48 89
47 90
47 91
47 91
47 92
46 93
46 94
46 95
46 95
45 96
45 97
45 97
44 98
44 99
44 99
43 99
42 99
42 99
42 99
41 98
41 97
41 97
41 96
41 95
41 94
41 94
41 93
41 92
41 91
41 90
41 89
41 88
41 88
41 87
41 86
41 85
42 84
42 83
42 82
42 81
42 81
42 80
42 79
42 78
42 77
43 76
43 75
43 74
43 73
43 72
43 72
43 71
43 70
44 69
44 68
44 67
44 66
45 65
45 64
45 63
45 63
45 62
45 61
46 60
46 59
46 58
46 57
46 56
46 55
47 54
47 53
47 52
47 52
47 51
47 50
48 49
48 48
48 47
48 46
48 45
49 44
49 43
49 42
49 42
49 41
49 40
49 39
49 38
50 37
50 36
50 35
50 34
50 33
50 33
50 32
50 31
51 30
51 29
51 28
51 27
51 26
52 25
52 24
52 23
52 23
52 22
52 21
53 20
53 19
53 18
53 17
54 16
54 15
54 14
54 14
54 13
54 12
55 11
55 10
55 9
55 8
55 8
55 7
55 6
56 5
56 4
56 3
56 2
56 2
57 1
57 0
57 0
58 1
58 1
59 2
59 3
59 3
59 4
59 5
59 6
59 7
59 7
59 8
59 9
59 10
59 11
59 12
59 13
59 14
59 14
59 15
59 16
59 17
59 18
58 19
58 20
58 21
58 22
58 23
58 23
58 24
58 25
58 26
58 27
58 28
58 29
58 30
58 31
58 32
58 32
58 33
58 34
58 35
58 36
57 37
57 38
57 39
57 40
57 41
57 41
57 42
57 43
57 44
57 45
56 46
56 47
56 48
56 49
56 50
56 50
56 51
56 52
56 53
56 54
56 55
56 56
56 57
56 58
56 59
56 59
56 60
56 61
55 62
55 63
55 64
55 65
55 65
55 66
55 67
55 68
55 69
55 70
55 71
55 71
55 72
55 73
55 74
55 75
55 75
55 76
55 77
55 78
55 78
55 79
55 79
55 79
55 78
56 77
56 76
56 76
56 75
57 74
57 73
57 72
57 72
57 71
57 70
57 69
58 68
58 67
58 66
58 65
58 65
58 64
59 63
59 62
59 61
60 60
60 59
60 59
60 58
61 57
61 56
62 55
62 54
62 54
62 53
63 52
63 51
63 51
64 50
64 50
65 51
65 51
65 52
66 53
66 54
66 55
66 55
66 56
66 57
66 58
66 59
66 59
66 60
66 61
66 62
66 63
66 64
66 64
66 65
66 66
65 67
65 68
65 69
65 70
65 70
65 71
65 72
65 73
65 74
65 75
65 76
65 76
65 77
65 78
65 79
65 80
65 81
65 81
65 82
65 83
65 84
65 85
65 85
66 86
66 87
66 87
67 88
67 89
67 89
68 89
69 89
69 89
70 88
70 87
71 86
71 86
72 85
72 84
73 83
73 83
73 82
74 81
74 80
75 79
75 78
75 78
76 77
76 76
77 75
77 74
78 73
78 72
78 72
78 71
79 70
79 69
79 68
79 67
80 66
80 65
80 65
80 64
80 63
80 62
81 61
81 60
81 59
81 58
81 58
81 57
82 56
82 55
82 54
82 53
83 52
83 51
83 51
83 50
83 49
83 48
83 47
83 46
83 45
83 44
83 44
83 43
83 42
84 41
84 40
84 39
84 39
84 38
83 37
83 36
83 35
83 35
82 34
82 33
82 33
81 34
81 34
80 35
80 36
80 36
80 37
79 38
79 39
79 39
79 40
79 41
78 42
78 43
78 44
78 44
78 45
77 46
77 47
76 48
76 49
76 49
76 50
76 51
76 52
76 53
76 54
76 55
76 56
76 56
76 57
76 58
75 59
75 60
75 61
75 61
75 62
75 63
75 64
75 65
75 66
75 66
75 67
75 68
75 69
75 70
75 71
75 71
75 72
76 73
76 74
76 75
76 75
76 76
77 77
77 78
77 78
78 79
79 80
79 80
80 80
81 80
81 80
82 79
83 78
83 78
84 77
84 76
85 75
85 75
85 74
86 73
86 72
87 71
87 70
87 70
88 69
88 68
89 67
89 66
90 65
90 65
90 64
91 63
91 62
91 61
92 60
92 59
92 59
92 58
93 57
93 56
93 55
93 54
94 53
94 52
94 52
94 51
95 50
95 49
95 48
96 47
96 46
96 46
96 45
96 44
97 43
97 42
97 41
97 41
97 40
98 39
98 38
98 38
99 37
99 36
99 36
99 36
98 37
98 38
98 38
98 38
98 39
98 40
98 40
98 41
98 42
97 43
97 44
97 45
97 45
97 46
97 47
97 48
97 49
97 50
97 50
97 51
97 52
96 53
96 54
96 55
96 55
96 56
96 57
96 58
96 59
96 60
96 60
96 61
96 62
96 63
96 64
96 64
96 65
96 66
96 67
96 68
96 69
96 69
96 70
96 71
96 72
96 73
96 73
96 74
96 75
96 76
96 77
96 77
96 78
96 79
96 80
96 81
96 81
96 82
95 83
95 84
95 84
95 85
94 86
94 87
94 87
94 88
94 89
94 89
93 90
93 91
93 91
92 91
92 91
91 91
91 91
90 91
90 91
89 90
89 90
88 89
