0 58
0 57
0 56
0 55
0 54
0 54
0 53
0 53
0 53
0 53
0 54
0 54
0 55
0 56
0 57
0 57
0 58
0 59
0 60
0 61
0 61
0 62
0 63
0 64
0 65
0 66
0 66
0 67
0 68
1 69
1 70
1 71
1 71
1 72
1 73
1 74
1 75
1 76
1 77
1 78
1 78
1 79
1 80
1 81
1 82
1 83
1 84
1 84
1 85
1 86
1 87
1 88
1 89
1 89
1 90
1 91
1 92
1 93
1 93
1 94
1 95
1 95
1 96
1 97
1 97
1 97
2 96
2 95
2 95
2 94
2 93
2 93
2 92
2 91
3 90
3 89
3 88
3 88
3 87
3 86
3 85
3 84
3 83
3 82
3 81
3 81
3 80
3 79
3 78
4 77
4 76
4 75
4 74
4 74
4 73
4 72
4 71
5 70
5 69
5 68
5 67
5 66
5 66
5 65
5 64
6 63
6 62
6 61
6 61
6 60
7 59
7 58
7 58
7 57
7 56
7 56
8 56
8 56
8 57
8 57
8 58
8 59
8 60
8 61
8 61
8 62
9 63
9 64
9 65
9 65
9 66
9 67
9 68
9 69
9 70
9 71
9 71
9 72
9 73
9 74
9 75
9 76
9 77
9 78
9 78
9 79
9 80
9 81
9 82
9 83
9 83
9 84
9 85
10 86
10 87
10 88
10 89
10 89
10 90
10 91
10 92
10 92
11 93
11 93
11 94
11 94
12 93
12 93
12 92
13 91
13 90
13 89
13 89
13 88
13 87
13 86
13 85
13 85
13 84
13 83
13 82
14 81
14 80
14 79
14 78
14 78
14 77
14 76
15 75
15 74
15 73
15 72
15 72
15 71
15 70
15 69
16 68
16 67
16 66
16 65
16 65
16 64
16 63
16 62
16 61
16 60
16 60
17 60
18 59
19 59
20 59
20 59
20 60
20 61
20 62
20 63
20 64
20 65
20 66
20 66
20 67
20 68
20 69
20 69
20 70
20 71
21 72
21 73
21 74
21 74
21 75
21 76
21 77
21 78
21 79
21 80
21 80
21 81
21 82
21 83
21 84
21 85
21 85
21 86
21 87
21 88
21 89
21 90
21 90
21 91
21 92
21 93
21 94
21 94
21 95
21 96
21 97
21 98
21 98
21 99
21 99
21 99
21 98
21 98
21 97
21 96
21 95
21 94
21 94
21 93
21 92
21 91
21 90
21 89
21 88
21 87
21 86
21 85
21 84
21 83
21 82
20 81
20 80
20 79
20 78
20 77
20 76
20 75
20 74
20 73
20 72
20 71
20 70
20 69
20 68
20 68
20 67
20 66
20 65
20 64
20 63
20 62
21 61
21 60
21 59
21 58
21 57
21 56
21 55
21 54
21 54
21 53
21 52
21 51
21 51
21 50
21 49
21 49
21 49
22 48
22 48
22 48
23 48
23 48
24 48
24 48
25 47
26 47
26 47
27 46
27 46
28 46
29 46
29 46
30 47
31 47
32 48
33 48
34 49
35 49
35 49
36 49
37 50
38 50
38 50
39 50
39 50
40 50
40 50
40 50
41 50
41 50
41 49
41 49
41 49
41 48
41 48
41 48
41 48
41 47
41 47
40 47
40 47
39 48
39 48
38 49
38 49
37 50
37 50
36 51
36 52
36 52
35 53
35 54
35 54
35 55
35 56
35 56
34 57
34 58
34 58
34 59
34 60
34 60
34 61
34 61
34 62
34 63
34 63
34 64
34 64
35 65
35 65
36 66
36 67
36 67
37 68
37 68
38 68
38 68
39 69
39 70
39 70
40 71
40 71
41 72
41 73
41 73
41 74
41 75
41 75
41 76
41 77
41 78
41 78
41 79
40 80
40 81
40 81
40 82
40 83
40 84
40 85
40 85
40 86
39 87
39 88
39 88
38 89
38 90
38 90
37 91
37 92
37 92
37 91
37 91
37 90
37 90
37 89
37 88
37 87
37 87
37 86
38 85
38 84
38 83
38 83
38 82
39 81
39 80
39 79
39 79
40 78
40 77
41 76
41 75
41 75
41 74
42 73
42 72
42 71
42 71
42 70
43 69
43 68
44 67
44 66
44 66
45 65
45 64
46 63
46 62
46 62
47 61
47 60
48 59
48 58
49 57
49 56
49 56
49 55
50 54
50 53
50 52
50 51
51 50
51 49
51 49
52 48
52 47
53 46
53 45
54 44
54 43
54 43
54 42
55 41
55 40
55 39
55 38
56 37
56 36
56 36
56 35
56 34
57 33
57 32
57 31
57 30
57 30
57 29
58 28
58 27
58 26
58 25
59 24
59 23
59 23
59 22
59 21
59 20
60 19
60 18
60 17
60 16
60 16
60 15
60 14
61 13
61 12
61 11
61 10
61 10
61 9
61 8
62 7
62 6
62 5
62 5
62 4
62 3
62 2
62 2
62 1
62 0
62 0
62 1
62 1
61 2
61 2
61 3
60 4
60 5
60 6
60 6
60 7
60 8
59 9
59 10
59 11
59 12
59 12
59 13
59 14
59 15
58 16
58 17
58 18
58 19
58 20
58 20
58 21
58 22
58 23
57 24
57 25
57 26
57 27
57 28
57 28
57 29
57 30
57 31
57 32
56 33
56 34
56 35
56 36
56 37
56 37
56 38
56 39
56 40
56 41
56 42
55 43
55 44
55 45
55 46
55 47
55 48
55 48
55 49
55 50
55 51
55 52
55 53
54 54
54 55
54 56
54 57
54 58
54 59
54 59
54 60
54 61
54 62
53 63
53 64
53 65
53 66
53 67
53 67
53 68
53 69
53 70
52 71
52 72
52 73
52 74
52 74
52 75
52 76
52 77
52 78
52 79
52 80
52 80
52 81
52 82
52 83
52 83
52 84
52 85
52 85
52 85
52 84
52 84
53 83
53 82
53 82
53 81
54 80
54 79
54 78
54 78
54 77
54 76
55 75
55 74
55 73
55 72
55 72
55 71
55 70
55 69
56 68
56 67
56 66
56 65
56 65
56 64
56 63
57 62
57 61
57 60
57 59
57 59
58 58
58 57
59 56
59 55
59 55
59 54
60 53
60 52
60 52
61 51
61 51
62 52
62 52
62 53
62 54
62 54
62 55
63 56
63 57
63 57
63 58
63 59
63 60
63 60
63 61
63 62
63 63
63 64
63 64
63 65
63 66
63 67
63 68
63 69
63 69
63 70
64 71
64 72
64 73
64 73
64 74
65 75
65 76
65 77
65 77
65 78
66 79
66 80
66 80
67 81
67 81
68 81
68 81
69 80
70 79
70 79
70 78
71 77
71 76
71 75
71 75
72 74
72 73
73 72
73 71
73 71
73 70
74 69
74 68
75 67
75 66
75 66
75 65
75 64
76 63
76 62
76 61
76 61
76 60
76 59
77 58
77 57
77 56
77 56
77 55
77 54
78 53
78 52
78 51
78 51
78 50
79 49
79 48
79 48
79 47
79 46
79 46
78 45
78 45
78 46
78 46
77 47
77 48
77 48
76 49
76 50
76 50
76 51
75 52
75 53
75 54
75 54
75 55
75 56
74 57
74 58
74 59
74 59
74 60
74 61
74 62
74 63
74 64
74 64
74 65
74 66
74 67
74 68
74 69
74 70
74 70
74 71
74 72
74 73
74 74
74 75
74 75
74 76
75 77
75 78
75 79
75 79
75 80
76 81
76 82
76 83
76 83
77 84
77 85
77 85
78 85
79 85
79 85
80 85
81 85
81 85
82 84
82 83
83 82
83 81
83 81
84 80
84 79
85 78
85 77
86 76
86 76
87 75
87 74
88 73
88 72
89 71
89 70
89 70
89 69
90 68
90 67
91 66
91 65
91 65
91 64
92 63
92 62
92 61
93 60
93 59
93 59
94 58
94 57
95 56
95 55
96 54
96 54
96 53
97 52
97 51
97 50
97 50
98 49
98 48
98 48
99 47
99 47
99 47
98 48
98 48
97 49
97 50
97 50
97 51
96 52
96 53
96 53
96 54
95 55
95 56
95 57
95 57
94 58
94 59
93 60
93 61
93 61
93 62
92 63
92 64
91 65
91 66
91 66
91 67
90 68
90 69
90 70
90 70
90 71
90 72
90 73
90 73
90 74
90 75
90 75
90 76
90 77
90 77
91 78
91 79
91 79
92 80
92 80
93 81
93 81
94 82
95 82
95 82
95 83
95 84
95 84
95 85
95 85
95 86
95 87
95 87
94 88
94 89
94 89
94 90
93 91
93 92
93 92
92 93
92 94
92 94
91 95
