1 54
1 54
0 55
0 55
0 55
0 56
0 57
0 58
0 59
0 59
0 60
0 61
1 62
1 63
1 64
1 64
1 65
1 66
2 67
2 68
2 69
2 69
2 70
3 71
3 72
3 73
3 74
4 75
4 76
4 76
4 77
4 78
5 79
5 80
5 81
5 82
5 82
5 83
5 84
5 85
6 86
6 87
6 88
6 89
6 89
6 90
7 91
7 92
7 93
7 93
7 94
7 95
7 96
7 96
8 97
8 98
8 98
8 99
8 99
9 99
9 99
9 99
9 98
10 97
10 96
10 96
10 95
10 94
10 93
10 92
10 92
10 91
10 90
10 89
11 88
11 87
11 86
11 85
11 85
11 84
11 83
11 82
12 81
12 80
12 79
12 78
12 78
12 77
12 76
12 75
13 74
13 73
13 72
13 71
13 70
13 70
13 69
13 68
13 67
13 66
13 65
13 64
13 63
13 62
13 62
13 61
13 60
13 59
13 58
13 58
14 57
14 56
14 56
14 56
14 57
14 57
14 58
14 58
14 59
14 60
14 61
14 62
14 62
14 63
14 64
14 65
14 66
14 67
14 68
14 68
14 69
14 70
14 71
14 72
14 73
14 74
14 74
14 75
14 76
15 77
15 78
15 79
15 80
15 80
15 81
15 82
15 83
15 84
15 85
15 86
15 86
15 87
15 88
15 89
16 90
16 91
16 92
16 93
16 93
16 94
17 95
17 96
17 97
17 97
18 98
18 99
18 99
19 99
20 99
20 99
21 99
21 99
22 98
22 97
22 97
22 96
23 95
23 94
23 94
23 93
23 92
23 91
23 90
23 89
23 89
23 88
23 87
23 86
24 85
24 84
24 83
24 82
24 82
24 81
24 80
24 79
24 78
24 77
24 76
24 76
24 75
24 74
24 73
24 72
24 71
24 70
24 69
24 69
24 68
24 67
24 66
24 65
24 65
25 66
25 67
26 68
26 69
27 70
27 71
28 72
28 73
29 74
29 75
29 75
29 76
30 77
30 78
30 79
30 79
30 78
30 78
31 77
31 76
31 76
32 75
32 75
32 74
33 73
33 72
33 72
34 71
34 70
34 70
34 69
35 68
35 67
35 67
36 66
36 65
36 65
37 65
37 65
37 64
37 64
37 64
37 65
37 66
37 66
37 67
36 68
36 69
36 69
36 70
36 71
35 72
35 73
35 74
35 74
35 75
35 76
35 77
35 78
35 78
35 79
35 80
35 81
35 82
35 83
35 83
35 84
35 85
35 86
35 87
35 88
35 88
35 89
36 90
36 91
36 91
37 92
37 93
37 93
38 93
38 93
39 92
40 92
40 92
41 91
42 90
42 90
43 89
43 88
44 87
44 86
44 86
44 85
45 84
45 83
45 83
46 82
46 81
46 81
46 80
45 79
45 78
45 77
45 76
44 75
44 74
44 73
44 72
43 71
43 70
43 69
43 68
42 67
42 66
42 65
42 64
41 63
41 62
41 61
41 60
40 59
40 58
40 57
39 56
39 55
39 54
39 53
38 52
38 51
38 50
38 49
37 48
37 47
37 46
37 45
36 44
36 43
36 42
36 41
35 40
35 39
35 38
35 37
34 36
34 35
34 34
34 33
33 32
33 31
33 31
34 32
34 33
35 34
35 34
35 34
35 33
35 33
35 34
36 35
36 36
36 36
37 37
37 38
37 38
38 39
38 40
38 40
39 40
40 41
41 41
42 42
43 42
44 43
45 43
46 43
47 44
48 44
49 45
50 45
51 46
52 46
53 46
54 47
55 47
56 48
57 48
58 49
59 49
59 49
60 48
60 48
59 47
59 46
59 46
59 46
58 47
58 47
57 48
57 49
57 49
57 50
56 51
56 52
56 53
56 53
55 54
55 55
54 56
54 56
53 57
53 58
52 59
52 60
52 60
51 61
51 62
51 62
51 62
52 63
52 63
53 64
53 65
53 65
54 66
55 66
55 66
56 67
56 67
56 68
57 69
57 70
57 70
58 71
58 72
58 72
58 73
58 74
58 75
58 76
58 76
58 77
58 78
58 79
58 80
58 80
58 81
58 82
58 83
58 84
58 84
58 85
57 86
57 87
57 87
56 88
56 89
56 89
55 90
55 90
54 90
54 90
54 89
54 88
54 87
54 86
54 85
55 84
55 83
55 82
55 81
55 80
55 79
55 78
55 77
55 76
55 75
55 74
55 73
56 72
56 71
56 70
56 69
56 68
56 67
56 66
56 65
56 64
56 63
56 62
57 61
57 60
57 59
57 58
57 57
57 56
57 55
57 54
57 53
57 52
57 51
57 50
58 49
58 48
58 47
58 46
58 45
58 44
58 43
58 42
58 41
58 40
58 39
58 38
59 37
59 36
59 35
59 34
59 33
59 32
59 31
59 30
59 29
59 28
59 27
60 26
60 25
60 24
60 23
60 22
60 21
60 20
60 19
60 18
60 17
60 16
60 15
61 14
61 13
61 12
61 11
61 10
61 9
61 9
62 8
62 7
63 6
63 5
64 4
64 3
64 3
64 2
64 1
64 0
64 0
64 0
64 1
64 1
64 1
64 2
64 3
64 3
64 4
64 4
64 5
64 6
64 7
64 8
64 9
64 9
64 10
64 11
64 12
64 13
64 14
64 15
64 15
64 16
64 17
64 18
64 19
64 20
64 21
64 22
64 22
64 23
64 24
64 25
64 26
64 27
64 28
64 29
64 30
64 31
64 32
64 32
64 33
64 34
64 35
64 36
64 37
64 38
64 39
64 40
64 41
64 42
64 43
64 43
64 44
64 45
64 46
64 47
64 48
63 49
63 50
63 51
63 52
63 53
63 54
63 55
63 55
63 56
63 57
63 58
63 59
62 60
62 61
62 62
62 63
62 64
62 65
62 65
62 66
62 67
62 68
62 69
62 70
62 71
62 72
62 72
62 73
62 74
62 75
62 76
62 77
62 78
62 78
62 79
62 80
62 81
62 81
61 82
61 82
61 82
62 81
62 81
62 80
62 79
62 78
62 78
62 77
62 76
62 75
62 74
62 73
62 73
62 72
62 71
62 70
63 69
63 68
63 67
63 66
63 66
63 65
63 64
63 63
64 62
64 61
64 60
64 59
64 59
64 58
64 57
64 56
64 55
64 55
65 54
65 53
65 53
66 52
66 52
67 53
67 53
68 54
68 54
68 55
68 56
68 57
68 57
68 58
69 59
69 60
69 60
69 61
69 62
69 63
69 64
69 64
69 65
69 66
69 67
69 68
69 69
69 69
69 70
69 71
69 72
69 73
69 73
69 74
69 75
70 76
70 77
70 78
70 78
70 79
70 80
70 81
70 82
70 82
70 83
70 84
70 85
70 86
70 86
70 87
70 88
70 89
70 90
70 90
71 91
71 91
71 92
71 92
72 91
72 91
73 90
73 89
73 89
73 88
73 87
73 87
73 86
74 85
74 84
74 83
74 83
74 82
74 81
74 80
74 80
75 79
75 78
75 78
75 77
76 76
76 75
76 75
77 74
77 73
77 73
77 72
78 71
78 70
78 70
78 69
79 68
79 67
79 66
79 66
79 65
80 64
80 63
80 62
80 62
80 61
80 60
80 59
80 58
80 58
80 57
81 56
81 55
81 55
80 54
80 53
80 53
80 52
80 52
79 52
79 52
78 53
78 54
77 55
77 56
77 56
77 57
76 58
76 59
76 60
76 60
76 61
76 62
75 63
75 64
75 65
75 66
75 66
75 67
75 68
74 69
74 70
74 71
74 71
74 72
74 73
74 74
74 75
74 76
74 76
74 77
75 78
75 79
75 79
75 80
75 81
75 81
76 82
77 82
77 82
78 81
79 81
79 81
80 81
81 80
82 80
82 80
83 79
84 78
84 78
85 77
85 76
86 75
86 75
87 74
88 73
89 72
89 72
90 71
90 70
91 69
91 68
91 68
92 67
92 66
93 65
93 65
93 64
94 63
94 62
94 61
94 61
94 60
95 59
95 58
95 57
95 57
95 56
96 55
96 54
96 53
96 53
96 52
97 51
97 50
97 49
97 49
97 48
97 47
97 46
97 46
97 45
97 44
97 44
97 43
97 43
97 43
97 43
96 44
96 44
95 45
95 46
95 46
94 47
94 48
94 48
94 49
93 50
93 51
93 51
92 52
92 53
92 53
92 54
92 55
92 55
92 56
92 56
92 57
92 58
92 58
93 59
93 60
93 60
93 61
94 62
94 63
94 63
95 64
96 65
96 65
96 66
97 67
97 68
97 68
97 69
98 70
98 71
98 71
98 72
99 73
99 74
99 74
99 75
98 76
98 77
98 77
98 78
97 79
97 80
97 81
97 81
97 82
96 83
96 84
96 84
95 85
95 86
94 87
94 87
94 88
93 89
93 90
93 90
92 91
92 92
