3 41
2 40
1 40
1 40
0 39
0 39
0 38
0 37
0 37
0 38
0 39
0 39
0 40
0 41
0 42
0 43
0 44
0 44
0 45
0 46
0 47
1 48
1 49
1 50
1 51
1 51
1 52
1 53
1 54
1 55
2 56
2 57
2 58
2 59
2 60
2 60
2 61
2 62
2 63
2 64
2 65
3 66
3 67
3 68
3 69
3 70
3 71
3 72
3 72
3 73
3 74
3 75
3 76
3 77
4 78
4 79
4 80
4 81
4 82
4 83
4 84
4 84
4 85
5 86
5 87
5 88
5 89
6 90
6 91
6 91
6 92
7 93
7 94
7 95
7 95
7 96
8 97
8 98
8 98
9 99
9 99
9 99
10 99
10 99
10 98
10 97
10 97
10 96
10 95
11 94
11 93
11 92
11 92
11 91
11 90
11 89
11 88
11 87
11 87
11 86
11 85
11 84
12 83
12 82
12 81
12 80
12 80
12 79
12 78
12 77
12 76
12 75
12 75
12 74
12 73
12 72
12 71
12 71
12 71
12 72
13 73
13 74
13 74
13 75
13 76
13 77
13 78
13 78
13 79
13 80
14 81
14 82
14 83
14 84
14 84
14 85
15 86
15 87
15 88
15 88
15 89
16 90
16 91
16 92
16 92
17 93
17 93
18 93
18 93
19 92
19 92
20 91
20 90
21 89
21 89
21 88
21 87
22 86
22 85
22 84
22 83
22 83
22 82
22 81
22 80
22 79
22 78
22 77
22 77
22 76
22 75
22 74
23 73
23 72
23 71
23 70
23 69
23 69
23 68
23 67
23 66
23 65
23 64
23 63
23 62
23 61
23 61
23 60
23 59
23 58
24 57
24 56
24 55
24 54
24 54
24 53
24 52
24 51
24 50
24 50
25 49
25 48
25 48
25 48
26 49
27 50
28 51
29 52
29 53
30 54
31 55
32 56
32 56
32 57
33 58
33 59
33 59
33 58
33 57
33 57
33 58
33 59
33 60
33 60
33 61
34 62
34 63
34 64
34 64
34 65
34 66
34 67
34 68
34 68
34 69
35 70
35 71
35 72
35 72
35 73
35 74
35 75
35 75
36 76
36 77
36 77
36 78
36 79
36 79
36 80
36 80
36 80
36 80
36 79
36 78
36 77
36 76
35 75
35 74
35 73
35 72
35 71
35 70
35 69
35 68
35 67
35 66
34 65
34 64
34 63
34 62
34 61
34 60
34 59
34 58
34 57
33 56
33 55
33 54
33 53
33 52
33 51
33 50
33 49
33 48
32 47
32 46
32 45
32 44
32 43
32 42
32 41
32 40
32 39
32 38
31 37
31 36
31 35
31 34
31 33
31 33
31 33
31 33
31 32
31 31
31 30
31 30
32 31
32 31
32 32
32 32
32 33
32 34
32 34
33 35
33 35
33 36
33 36
34 37
34 37
34 38
34 38
35 39
36 39
37 40
38 41
39 42
40 42
41 43
42 44
43 44
44 45
44 45
45 44
45 43
46 42
46 42
46 41
46 40
46 39
46 38
46 38
46 37
46 37
46 37
46 37
45 38
45 38
44 39
44 40
44 40
44 41
43 42
43 43
43 44
43 44
43 45
43 46
43 47
43 48
43 48
43 49
43 50
43 51
43 52
43 52
43 53
43 54
43 55
43 56
43 56
43 57
44 58
44 59
44 60
44 60
45 61
45 62
46 63
46 63
47 64
48 65
48 65
49 66
49 67
50 68
50 68
51 69
52 70
52 70
53 71
53 72
53 72
54 73
54 74
54 74
54 75
54 76
54 77
54 77
54 78
54 79
54 80
54 81
54 81
54 82
54 83
54 84
54 84
54 85
53 86
53 87
53 87
52 88
52 89
52 89
51 90
51 91
51 91
50 92
50 93
50 93
50 94
50 94
51 94
51 94
51 93
51 93
52 92
52 91
53 90
53 90
54 89
54 88
55 87
55 86
55 86
55 85
56 84
56 83
56 82
56 81
57 80
57 79
57 79
57 78
58 77
58 76
58 75
58 74
59 73
59 72
59 71
59 71
59 70
59 69
60 68
60 67
60 66
60 65
60 64
61 63
61 62
61 61
61 61
61 60
61 59
62 58
62 57
62 56
62 55
62 54
63 53
63 52
63 51
63 51
63 50
63 49
64 48
64 47
64 46
64 45
64 44
64 43
65 42
65 41
65 40
65 40
65 39
65 38
65 37
65 36
66 35
66 34
66 33
66 32
66 31
66 30
66 30
66 29
66 28
66 27
66 26
67 25
67 24
67 23
67 22
67 21
67 21
67 20
67 19
67 18
67 17
68 16
68 15
68 14
68 13
68 12
68 12
68 11
68 10
69 9
69 8
69 7
69 6
69 6
69 5
69 4
69 3
69 3
69 2
69 1
69 0
69 0
69 0
69 1
68 2
68 3
68 3
68 4
68 5
68 6
68 7
68 7
68 8
67 9
67 10
67 11
67 12
66 13
66 14
66 15
66 15
66 16
66 17
66 18
66 19
66 20
65 21
65 22
65 23
65 24
65 25
65 26
65 26
65 27
65 28
65 29
64 30
64 31
64 32
64 33
64 34
64 35
64 36
63 37
63 38
63 39
63 40
63 40
63 41
63 42
63 43
63 44
63 45
63 46
62 47
62 48
62 49
62 50
62 51
62 52
62 53
62 53
62 54
62 55
62 56
62 57
62 58
62 59
62 60
62 61
62 61
62 62
62 63
62 64
62 65
62 66
62 67
62 67
62 68
62 69
62 70
62 70
62 71
62 71
63 71
63 71
63 71
63 70
64 69
64 68
64 67
64 67
64 66
64 65
65 64
65 63
65 62
65 62
65 61
65 60
65 59
66 58
66 57
66 56
66 55
66 55
66 54
66 53
67 52
67 51
67 50
67 50
68 49
68 48
68 48
68 48
68 49
68 49
68 50
69 51
69 52
69 52
69 53
69 54
69 55
69 56
69 57
69 57
69 58
69 59
69 60
69 61
69 62
69 62
69 63
70 64
70 65
70 66
70 66
70 67
71 68
71 69
71 69
72 70
73 71
73 71
74 71
74 71
75 71
76 71
76 71
77 70
77 69
77 69
78 68
78 67
79 66
79 65
79 65
79 64
79 63
80 62
80 61
80 60
80 60
80 59
81 58
81 57
81 56
82 55
82 54
82 54
82 53
83 52
83 51
83 50
83 50
83 49
83 48
83 47
83 47
83 47
83 47
83 48
83 48
83 49
82 50
82 51
82 52
82 52
82 53
82 54
81 55
81 56
81 57
81 57
81 58
81 59
80 60
80 61
80 62
80 62
80 63
80 64
80 65
80 65
80 66
80 67
80 67
81 68
81 68
82 68
82 68
83 67
83 66
83 66
84 65
84 64
85 63
85 63
85 62
86 61
86 60
86 59
86 59
86 58
87 57
87 56
88 55
88 54
88 54
88 53
88 52
89 51
89 50
89 49
89 49
90 48
90 47
91 46
91 45
91 45
92 44
92 43
92 43
93 42
93 42
94 43
94 43
94 44
94 44
95 45
95 46
95 46
95 47
95 48
95 48
95 49
96 50
96 51
96 51
96 52
97 53
97 54
97 54
97 55
98 56
98 57
98 58
98 58
98 59
98 60
98 61
98 62
98 62
98 63
99 64
99 65
99 66
99 66
99 67
98 68
98 69
98 70
98 70
98 71
97 72
97 73
97 74
97 74
97 75
96 76
96 77
96 78
96 78
95 79
95 80
94 81
94 81
93 82
93 83
92 84
92 84
91 85
90 85
