2 54
1 53
0 52
0 52
0 52
0 51
0 51
0 51
0 51
0 51
0 51
0 52
0 53
0 53
0 54
0 55
0 55
0 56
0 57
0 58
0 59
0 60
0 61
0 61
0 62
0 63
0 64
0 65
0 66
0 67
0 68
0 68
0 69
0 70
0 71
0 72
1 73
1 74
1 75
1 76
1 77
1 77
1 78
1 79
1 80
1 81
1 82
1 83
1 84
1 84
1 85
1 86
2 87
2 88
2 89
2 89
2 90
3 91
3 92
3 93
3 93
3 94
3 94
4 95
4 95
4 95
5 94
5 94
5 93
6 92
6 91
6 91
6 90
6 89
6 88
6 87
6 86
6 86
6 85
6 84
7 83
7 82
7 81
7 81
7 80
7 79
8 78
8 77
8 76
8 75
8 75
9 74
9 73
9 73
9 72
9 71
9 71
9 72
9 72
9 73
9 74
9 75
9 75
9 76
10 77
10 78
10 79
10 79
10 80
10 81
10 82
10 82
10 83
11 84
11 85
11 85
11 86
11 87
11 88
11 88
12 89
12 89
12 89
13 89
13 89
14 88
14 87
14 87
14 86
14 85
14 84
14 83
14 83
15 82
15 81
16 80
16 79
16 79
16 78
16 77
17 76
17 75
17 74
17 73
17 73
17 72
18 71
18 70
18 69
18 69
18 68
18 67
19 66
19 65
19 64
19 64
19 63
20 62
20 61
20 61
20 60
20 59
20 59
21 58
21 58
22 58
23 59
24 59
25 59
26 60
27 60
27 60
28 61
28 61
28 62
28 62
28 63
28 63
28 64
28 65
28 66
28 66
28 67
28 68
28 69
28 70
28 70
28 71
29 72
29 73
29 74
29 74
29 75
29 76
29 77
29 78
29 78
29 79
29 80
29 81
29 82
29 82
29 83
29 84
29 85
29 85
29 86
29 87
29 87
30 88
30 89
30 89
30 90
30 90
30 91
30 91
30 91
30 91
30 90
30 89
30 88
30 87
30 86
30 85
30 84
29 83
29 82
29 81
29 80
29 79
29 78
29 77
29 76
29 75
29 74
29 73
29 72
29 71
29 70
29 69
29 68
28 67
28 66
28 65
28 64
28 63
28 62
28 61
28 60
28 59
28 58
28 57
28 56
28 55
28 54
28 53
28 52
27 51
27 50
27 49
27 48
27 47
27 46
27 45
27 44
27 44
27 44
27 43
27 43
27 42
27 42
27 42
27 43
27 43
28 43
28 43
28 44
28 44
29 45
29 45
30 46
30 47
30 47
30 48
30 49
30 49
31 50
31 51
31 51
32 51
33 52
34 52
35 52
36 52
37 53
38 53
39 53
40 53
41 54
42 54
43 54
43 54
44 53
44 53
45 52
45 52
45 51
45 51
45 51
45 51
45 51
44 51
44 51
44 52
44 52
43 53
43 54
43 54
43 55
42 56
42 57
42 57
42 58
42 59
42 60
42 60
42 61
42 62
42 62
42 63
43 64
43 65
43 65
43 66
43 67
43 67
43 68
44 69
44 70
44 70
45 71
45 72
45 72
46 73
47 74
47 74
47 75
48 76
48 77
48 77
48 78
48 79
48 79
49 80
49 81
49 81
49 82
49 83
49 84
49 84
49 85
49 86
49 86
49 87
49 88
49 89
49 89
49 90
48 91
48 92
48 92
47 93
47 94
47 94
46 95
46 96
46 96
45 97
45 97
44 98
43 99
43 99
42 99
42 99
41 99
41 99
40 98
40 98
39 97
39 96
39 96
39 95
39 94
39 93
39 93
39 92
39 91
39 90
39 89
39 88
39 87
39 87
39 86
39 85
39 84
40 83
40 82
40 81
40 80
40 80
40 79
40 78
40 77
40 76
40 75
40 74
40 73
40 72
40 71
41 70
41 69
41 68
41 67
41 66
41 65
41 64
41 63
41 62
41 61
41 60
41 60
41 59
41 58
41 57
42 56
42 55
42 54
42 53
42 52
42 51
42 50
43 49
43 48
43 47
43 46
43 45
43 44
43 43
43 42
44 41
44 40
44 39
44 38
44 38
44 37
44 36
44 35
44 34
45 33
45 32
45 31
45 30
45 29
45 28
45 28
45 27
45 26
45 25
45 24
46 23
46 22
46 21
46 20
46 19
46 19
46 18
47 17
47 16
47 15
47 14
48 13
48 12
48 12
48 11
49 10
49 9
50 8
50 7
50 7
51 6
51 5
52 4
52 3
52 3
53 2
53 1
53 1
54 0
55 0
55 0
56 1
56 2
56 2
57 3
57 4
57 4
57 5
58 6
58 7
58 8
58 8
58 9
58 10
59 11
59 12
59 13
59 13
59 14
59 15
59 16
59 17
59 18
59 19
59 19
59 20
59 21
59 22
59 23
59 24
59 25
59 26
59 27
59 27
59 28
59 29
59 30
59 31
59 32
59 33
59 34
59 35
59 36
59 36
59 37
59 38
59 39
59 40
58 41
58 42
58 43
58 44
58 45
58 45
58 46
58 47
58 48
57 49
57 50
57 51
57 52
57 53
57 53
57 54
57 55
57 56
57 57
56 58
56 59
56 60
56 61
56 62
56 62
56 63
56 64
56 65
55 66
55 67
55 68
55 69
55 69
55 70
55 71
55 72
54 73
54 74
54 75
54 76
54 76
54 77
54 78
54 79
54 79
53 80
53 81
53 81
53 81
53 81
53 81
54 80
54 80
54 79
55 78
55 77
55 76
55 76
55 75
55 74
56 73
56 72
56 71
56 70
56 70
56 69
57 68
57 67
57 67
58 66
58 65
58 65
59 65
59 65
59 66
59 66
59 67
59 68
59 68
59 69
60 70
60 71
60 72
60 72
60 73
60 74
60 75
60 76
60 76
60 77
61 78
61 79
61 79
61 80
61 81
61 81
62 82
62 83
62 83
63 84
63 84
64 85
64 85
65 85
66 85
66 85
67 84
67 84
68 83
68 82
69 81
69 81
70 80
71 79
71 79
72 78
72 77
73 76
73 75
73 75
74 74
74 73
75 72
75 71
75 71
75 70
76 69
76 68
77 67
77 66
77 66
77 65
78 64
78 63
79 62
79 61
79 61
79 60
79 59
79 58
79 57
79 57
79 56
80 55
80 54
80 54
80 53
80 53
79 53
79 53
79 53
78 54
77 54
77 54
77 55
76 56
76 57
76 58
76 58
76 59
75 60
75 61
75 62
75 62
75 63
75 64
74 65
74 66
74 67
74 68
74 68
74 69
74 70
73 71
73 72
73 73
73 74
73 74
73 75
73 76
73 77
73 77
74 78
74 78
75 79
75 79
76 78
77 78
77 78
78 77
79 77
79 77
80 76
81 75
81 74
82 73
82 73
83 72
84 71
84 70
85 69
85 69
85 68
86 67
86 66
87 65
87 64
87 64
87 63
88 62
88 61
89 60
89 59
89 59
89 58
90 57
90 56
90 56
90 55
90 55
91 54
91 54
91 54
90 54
90 54
90 55
90 55
90 56
90 57
90 57
90 58
89 59
89 60
89 60
89 61
89 62
89 62
89 63
89 64
89 64
89 65
89 66
89 67
89 67
90 68
90 69
90 69
91 70
91 71
91 71
92 72
92 73
92 73
93 74
94 75
94 75
95 76
95 76
96 77
97 77
97 77
98 78
98 78
98 79
98 80
98 80
99 81
99 81
98 82
98 82
97 83
96 84
96 84
95 85
94 86
94 86
93 87
92 87
92 87
91 87
90 88
89 88
89 88
88 88
87 88
