2 46
2 45
1 44
1 43
1 43
0 42
0 41
0 41
0 40
0 39
0 38
0 38
0 38
0 39
0 40
0 40
0 41
0 42
0 43
0 44
0 44
0 45
0 46
0 47
0 48
0 49
0 50
0 51
0 51
0 52
0 53
0 54
0 55
0 56
0 57
0 58
0 59
0 59
0 60
0 61
0 62
0 63
0 64
0 65
0 66
0 67
0 67
0 68
0 69
0 70
1 71
1 72
1 73
1 74
1 75
1 75
1 76
1 77
1 78
1 79
1 80
1 80
1 81
2 82
2 83
2 84
2 84
3 85
3 86
3 86
3 85
3 85
4 84
4 84
4 83
5 82
5 81
5 80
5 80
5 79
5 78
6 77
6 76
6 75
6 75
6 74
6 73
7 72
7 71
7 70
7 69
7 69
7 68
7 67
8 66
8 65
8 64
8 63
8 63
8 62
8 61
8 60
8 59
8 59
9 58
9 57
9 57
9 57
10 58
10 59
10 59
10 60
10 61
10 62
10 62
10 63
10 64
11 65
11 66
11 67
11 67
11 68
11 69
11 70
11 71
11 71
11 72
11 73
12 74
12 75
12 76
12 77
12 77
12 78
12 79
12 80
12 81
12 82
12 82
12 83
13 84
13 85
13 86
13 86
13 87
14 88
14 89
14 90
14 90
14 91
14 92
14 92
15 92
15 92
16 91
16 90
16 90
16 89
16 88
17 87
17 86
17 85
17 84
17 84
17 83
17 82
17 81
18 80
18 79
18 78
18 77
18 76
18 76
18 75
18 74
18 73
18 72
19 71
19 70
19 69
19 68
19 67
19 66
19 66
19 65
19 64
20 63
20 62
20 61
20 60
20 59
20 58
21 57
21 56
21 55
21 55
21 54
21 53
21 52
22 51
22 50
22 49
22 48
22 47
22 47
22 46
22 45
23 44
23 43
23 42
23 41
23 41
23 40
24 39
24 38
24 38
24 39
24 40
25 41
25 42
25 43
25 44
26 45
26 46
26 47
26 48
27 49
27 50
27 51
27 52
28 53
28 54
28 55
28 56
29 57
29 58
29 59
29 59
29 60
29 61
30 62
30 63
30 64
30 64
30 64
30 63
30 62
30 62
30 63
31 64
31 65
31 66
31 66
31 67
31 68
31 69
31 70
31 71
31 71
31 72
31 73
32 74
32 75
32 76
32 77
32 77
32 78
32 79
32 80
32 81
32 82
32 82
32 83
33 84
33 85
33 85
33 86
33 87
33 87
34 88
34 88
34 89
34 89
34 88
34 87
35 86
35 85
35 84
35 83
36 82
36 81
36 80
36 79
37 78
37 77
37 76
37 75
38 74
38 73
38 72
38 71
39 70
39 69
39 68
39 67
39 66
40 65
40 64
40 63
40 62
41 61
41 60
41 59
41 58
42 57
42 56
42 55
42 54
43 53
43 52
43 51
43 50
43 49
44 48
44 47
44 46
44 45
45 44
45 43
45 42
45 41
46 40
46 39
46 38
46 37
47 36
47 35
47 34
47 33
48 32
48 31
48 30
48 30
49 29
50 28
50 28
50 27
50 27
50 26
50 26
50 25
50 24
50 24
50 24
50 24
50 24
50 24
49 25
49 26
49 26
49 27
49 28
49 29
49 29
49 30
48 31
48 32
48 33
48 33
48 34
48 35
47 36
47 37
47 38
47 39
47 39
47 40
47 41
47 42
47 43
47 44
47 45
47 45
47 46
47 47
46 48
46 49
46 50
46 50
46 51
46 52
46 53
46 53
46 54
46 55
46 56
46 56
46 57
46 58
46 58
47 59
47 60
47 60
48 61
48 62
48 62
48 63
49 64
49 65
49 65
50 66
50 67
51 68
51 68
51 69
52 70
52 71
52 71
52 72
53 73
53 74
53 75
53 75
54 76
54 77
54 77
54 78
54 79
54 80
54 80
54 81
54 82
54 83
54 83
54 84
53 85
53 86
53 87
53 87
53 88
52 89
52 90
52 91
52 91
52 92
51 93
51 94
51 94
51 95
50 96
50 97
50 97
49 98
49 99
49 99
48 99
48 99
48 98
48 97
49 96
49 95
49 94
49 93
49 92
50 91
50 90
50 89
50 88
50 87
51 86
51 85
51 84
51 83
51 82
52 81
52 80
52 79
52 78
52 77
53 76
53 75
53 74
53 73
53 72
54 71
54 70
54 69
54 68
54 67
55 66
55 65
55 64
55 63
55 62
56 61
56 60
56 59
56 58
56 57
57 56
57 55
57 54
57 53
57 52
58 51
58 50
58 49
58 48
59 47
59 46
59 45
59 44
59 43
60 42
60 41
60 40
60 39
60 38
61 37
61 36
61 35
61 34
61 33
62 32
62 31
62 30
62 29
62 28
63 27
63 26
63 25
63 24
63 23
64 22
64 21
64 20
64 19
64 18
65 17
65 16
65 15
65 14
65 13
66 12
66 11
66 10
66 9
66 8
67 7
67 6
67 5
67 4
67 3
68 2
68 1
68 0
68 0
69 0
69 0
69 1
69 2
69 2
69 3
69 4
69 4
69 5
69 6
69 7
68 8
68 9
68 10
68 11
68 11
68 12
68 13
68 14
68 15
68 16
68 17
68 18
68 19
68 20
68 21
68 21
68 22
68 23
68 24
68 25
68 26
67 27
67 28
67 29
67 30
67 31
67 32
67 32
67 33
67 34
67 35
67 36
67 37
66 38
66 39
66 40
66 41
66 42
66 43
66 43
66 44
66 45
66 46
66 47
65 48
65 49
65 50
65 51
65 52
65 53
65 53
65 54
65 55
65 56
64 57
64 58
64 59
64 60
64 61
64 61
64 62
64 63
64 64
63 65
63 66
63 67
63 68
63 69
63 69
63 70
63 71
62 72
62 73
62 74
62 74
62 75
62 76
62 77
62 78
62 78
62 79
62 79
62 80
62 80
62 79
62 79
62 78
62 77
62 76
62 76
62 75
63 74
63 73
63 72
64 71
64 70
64 70
64 69
64 68
64 67
65 66
65 65
65 64
65 63
65 62
65 62
65 61
65 60
66 59
66 58
66 57
66 56
66 56
66 55
67 54
67 53
68 52
68 51
68 51
69 50
69 49
69 49
70 49
70 49
70 50
70 51
70 51
70 52
70 53
70 54
70 54
70 55
70 56
70 57
70 58
70 59
70 59
70 60
70 61
70 62
70 63
70 64
70 65
70 65
70 66
70 67
70 68
69 69
69 70
69 71
69 72
69 72
69 73
69 74
69 75
69 76
69 77
69 78
69 78
69 79
69 80
69 81
69 82
69 83
69 83
69 84
69 85
69 86
69 87
69 87
69 88
69 89
69 89
69 90
69 90
70 90
70 90
71 89
72 88
72 88
72 87
73 86
73 85
73 84
73 84
73 83
74 82
74 81
75 80
75 79
75 79
76 78
76 77
77 76
77 75
78 74
78 74
78 73
78 72
78 71
79 70
79 69
79 68
79 67
79 67
79 66
80 65
80 64
80 63
80 62
81 61
81 60
81 60
81 59
82 58
82 57
82 56
82 55
83 54
83 53
83 52
83 52
83 51
84 50
84 49
84 48
84 48
84 47
84 46
84 45
84 45
84 45
83 45
83 45
83 46
83 47
83 48
83 48
82 49
82 50
81 51
81 52
81 52
81 53
81 54
80 55
80 56
80 57
80 57
80 58
80 59
79 60
79 61
79 62
79 63
79 63
79 64
79 65
79 66
79 67
79 68
79 69
79 69
79 70
79 71
79 72
79 73
79 74
79 74
79 75
79 76
79 76
79 77
79 78
79 78
80 79
80 79
81 79
82 79
82 79
83 78
83 77
83 77
84 76
84 75
85 74
85 74
86 73
86 72
87 71
87 70
87 70
87 69
88 68
88 67
88 66
89 65
89 64
89 64
89 63
90 62
90 61
90 60
90 59
91 58
91 57
91 57
91 56
92 55
92 54
92 53
92 52
93 51
93 50
93 49
93 49
93 48
93 47
93 46
94 45
94 44
94 43
94 42
94 41
94 41
94 40
94 39
94 38
95 37
95 36
95 35
95 34
95 34
95 33
95 32
95 32
95 33
95 34
95 34
94 35
94 36
94 36
94 37
94 38
94 39
94 40
94 41
94 41
94 42
94 43
94 44
94 45
94 46
94 46
94 47
94 48
94 49
94 50
94 50
94 51
94 52
94 53
94 53
95 54
95 55
95 55
95 56
96 57
96 58
96 58
96 59
97 60
97 61
97 61
97 62
98 63
98 64
98 65
98 65
98 66
98 67
99 68
99 69
99 70
99 70
99 71
99 72
98 73
98 74
98 75
98 75
98 76
97 77
97 78
97 79
97 79
97 80
96 81
96 82
95 83
95 84
95 84
94 85
94 86
93 87
93 88
