5 47
4 46
3 45
3 45
2 44
2 44
1 43
1 43
0 42
0 42
0 42
0 42
0 42
0 43
0 44
0 44
0 45
0 46
0 47
0 48
0 48
0 49
0 50
0 51
0 52
0 53
0 54
0 54
0 55
0 56
0 57
0 58
0 59
0 60
0 61
0 62
0 62
0 63
0 64
0 65
0 66
1 67
1 68
1 69
1 70
1 71
1 71
1 72
1 73
1 74
1 75
1 76
1 77
1 78
1 78
1 79
1 80
2 81
2 82
2 83
2 83
2 84
2 85
2 86
2 87
2 88
2 88
3 89
3 90
3 90
4 90
4 90
5 89
5 89
6 88
6 87
6 87
6 86
7 85
7 84
8 83
8 82
8 82
8 81
8 80
9 79
9 78
9 77
9 77
9 76
9 75
10 74
10 73
10 72
10 72
10 71
10 70
10 69
10 68
10 68
10 67
10 66
11 65
11 64
11 63
11 63
11 62
11 61
11 60
11 59
11 59
11 58
11 57
11 57
11 56
11 56
11 57
11 57
11 58
11 59
11 60
11 60
11 61
11 62
11 63
11 64
11 65
11 66
11 66
11 67
11 68
11 69
11 70
11 71
11 72
11 73
11 74
11 74
11 75
11 76
11 77
11 78
11 79
11 80
11 81
11 81
11 82
12 83
12 84
12 85
12 85
12 86
13 87
13 88
13 88
14 89
14 89
15 88
16 88
16 88
16 87
17 86
17 85
17 85
17 84
18 83
18 82
18 81
19 80
19 79
19 79
19 78
20 77
20 76
20 75
21 74
21 73
21 73
21 72
21 71
22 70
22 69
22 68
22 67
22 67
22 66
22 65
23 64
23 63
23 62
23 62
23 61
23 60
24 59
24 58
24 57
24 56
24 56
24 55
24 54
24 53
24 52
24 52
24 53
25 54
25 55
25 56
26 57
26 58
26 59
26 60
27 61
27 62
27 63
28 64
28 65
28 65
28 66
27 67
27 68
27 68
27 67
27 67
28 67
28 67
29 66
29 65
29 65
29 64
30 63
30 62
30 62
30 61
31 60
31 59
31 58
31 58
32 57
33 56
33 56
34 55
34 54
34 54
35 53
35 53
35 53
35 54
35 54
35 55
35 56
35 56
35 57
35 58
34 59
34 60
34 61
34 61
34 62
33 63
33 64
32 65
32 66
32 66
32 67
32 68
31 69
31 70
31 71
31 72
31 72
31 73
31 74
31 75
31 76
31 77
31 77
31 78
31 79
31 80
31 81
31 81
31 82
32 83
32 84
32 84
33 85
33 86
33 86
34 85
35 85
35 85
36 84
37 84
38 83
38 83
39 82
39 81
40 80
40 80
40 79
41 78
41 77
41 77
41 76
42 75
42 74
42 74
43 73
43 72
43 72
43 71
43 70
43 69
43 69
43 68
43 67
42 66
42 65
42 64
42 63
41 62
41 61
41 60
41 59
40 58
40 57
40 56
40 55
39 54
39 53
39 52
39 51
38 50
38 49
38 48
38 47
37 46
37 45
37 44
37 43
36 42
36 41
36 40
36 39
35 38
35 37
35 36
35 35
34 34
34 33
34 32
34 31
33 30
33 29
33 28
33 27
32 26
32 25
32 24
32 24
32 25
32 26
32 27
32 28
33 29
33 30
33 31
33 32
33 33
33 34
33 34
32 35
32 35
32 36
32 36
32 37
32 38
32 38
33 39
33 40
33 40
34 41
35 42
36 42
37 43
38 44
39 45
40 45
41 46
42 47
43 48
44 48
45 49
46 50
47 51
48 51
49 52
49 52
50 53
50 54
50 54
50 54
50 53
50 53
50 52
50 52
49 52
49 52
49 51
49 51
48 52
48 52
47 53
46 54
46 54
46 55
45 56
45 57
45 57
44 58
44 59
43 60
43 60
42 61
42 62
42 62
42 63
42 63
42 64
42 65
42 65
43 66
44 66
44 66
45 66
46 66
46 66
47 65
48 65
48 65
49 65
50 65
50 65
51 66
51 67
51 67
52 68
52 69
52 69
52 70
52 71
52 72
52 73
52 73
52 74
52 75
51 76
51 77
51 78
51 78
51 79
51 80
50 81
50 82
50 83
50 84
50 84
50 85
49 86
49 87
49 88
49 88
48 89
47 90
47 90
46 91
46 92
46 92
45 92
45 92
45 91
45 90
45 90
45 89
44 88
44 87
44 87
44 86
44 85
45 84
45 83
45 82
45 81
45 81
45 80
45 79
45 78
45 77
45 76
45 75
45 74
45 73
45 73
45 72
45 71
46 70
46 69
46 68
46 67
47 66
47 65
47 64
47 64
47 63
47 62
48 61
48 60
48 59
48 58
48 57
48 56
49 55
49 54
49 53
49 52
49 51
49 50
50 49
50 48
50 47
50 46
50 45
51 44
51 43
51 42
51 41
51 40
51 39
52 38
52 37
52 36
52 35
52 34
53 33
53 32
53 31
53 30
53 29
53 28
54 27
54 26
54 25
54 24
54 23
54 22
55 21
55 20
55 19
55 19
55 18
56 17
56 16
56 15
57 14
57 13
57 12
57 11
58 10
58 9
58 8
59 7
59 6
59 6
59 5
60 4
60 3
60 2
60 2
60 1
60 1
60 0
60 0
60 0
60 1
60 1
60 2
60 2
60 3
60 4
60 4
60 5
60 6
60 7
60 8
60 8
60 9
60 10
60 11
60 12
60 13
60 14
60 15
60 15
60 16
60 17
60 18
60 19
60 20
60 21
60 22
60 22
60 23
60 24
60 25
60 26
60 27
60 28
60 29
60 30
60 31
60 32
60 32
60 33
60 34
60 35
60 36
60 37
59 38
59 39
59 40
59 41
59 42
59 43
59 43
59 44
59 45
59 46
59 47
59 48
58 49
58 50
58 51
58 52
58 53
58 54
58 54
58 55
58 56
58 57
58 58
57 59
57 60
57 61
57 62
57 63
57 64
57 64
57 65
57 66
57 67
56 68
56 69
56 70
56 71
56 71
56 72
56 73
56 74
56 74
56 75
56 76
56 77
56 77
55 78
55 78
55 78
56 78
56 78
56 77
56 76
56 75
56 75
56 74
56 73
57 72
57 71
57 70
57 70
57 69
57 68
58 67
58 66
58 65
58 64
58 64
58 63
59 62
59 61
60 60
60 59
60 59
60 58
60 57
61 56
61 55
61 54
61 53
61 53
62 52
62 51
62 51
62 51
63 52
63 53
63 53
63 54
63 55
63 56
63 57
63 57
63 58
63 59
64 60
64 61
64 62
64 62
64 63
64 64
64 65
64 66
64 67
64 68
64 69
64 69
64 70
64 71
64 72
64 73
64 74
64 74
64 75
64 76
64 77
64 78
64 79
64 79
64 80
64 81
64 82
64 82
64 83
64 84
64 84
65 85
65 85
66 85
66 85
66 84
67 83
67 82
67 81
67 80
68 79
68 78
68 77
68 77
69 77
69 77
69 76
69 76
69 75
69 74
69 74
70 73
71 72
71 72
72 71
72 70
73 69
73 68
73 68
73 67
74 66
74 65
74 65
74 64
75 63
75 62
76 61
76 60
76 60
76 59
77 58
77 57
77 56
77 56
77 55
77 54
77 53
77 53
77 52
77 51
77 51
76 50
76 49
76 49
75 49
75 49
74 50
74 50
73 51
73 52
72 53
72 54
72 54
71 55
71 56
70 57
70 58
70 58
70 59
70 60
69 61
69 62
69 63
69 63
69 64
69 65
68 66
68 67
68 68
68 68
68 69
68 70
68 71
68 72
68 73
68 73
68 74
68 75
68 76
68 76
68 77
69 78
69 79
69 79
70 80
70 80
71 81
72 81
72 81
73 81
74 81
74 81
75 80
76 80
77 79
77 79
78 78
79 77
80 76
80 76
81 75
82 74
83 73
83 73
84 72
85 71
85 70
86 69
86 69
87 68
87 67
88 66
88 65
89 64
89 64
90 63
90 62
91 61
91 60
92 59
92 59
92 58
93 57
93 56
94 55
94 54
94 54
94 53
95 52
95 51
95 50
95 50
96 49
96 48
96 48
96 47
96 47
96 47
96 47
95 48
95 49
95 49
94 50
94 51
94 51
93 52
93 53
93 53
92 54
92 55
92 55
92 56
92 57
92 57
92 58
92 59
92 59
93 60
94 61
94 61
94 62
95 63
95 64
95 64
96 65
97 66
97 66
97 67
98 68
98 69
98 69
98 70
98 71
98 72
98 73
98 73
98 74
98 75
98 76
98 77
98 78
98 79
98 79
98 80
97 81
97 82
97 83
96 84
96 85
96 85
96 86
95 87
95 88
95 89
94 90
94 91
94 91
93 92
92 93
92 94
91 95
91 95
90 96
90 97
89 98
89 99
