2 50
2 49
3 48
3 47
3 47
2 46
2 45
2 45
1 44
1 44
0 43
0 43
0 44
0 44
0 45
0 45
0 46
0 47
0 47
0 48
0 49
0 50
0 50
0 51
0 52
0 53
0 54
0 55
0 56
0 56
0 57
0 58
0 59
0 60
0 61
0 62
0 63
0 63
0 64
0 65
0 66
0 67
0 68
0 69
0 70
0 71
0 71
0 72
0 73
0 74
1 75
1 76
1 77
1 78
1 79
1 79
1 80
1 81
1 82
1 83
1 84
1 85
1 85
1 86
1 87
1 88
1 89
1 90
1 91
1 91
1 92
1 93
1 94
1 94
1 95
1 96
1 96
2 96
2 96
2 96
2 96
2 96
2 95
2 94
2 93
2 93
2 92
2 91
3 90
3 89
3 88
3 88
3 87
3 86
4 85
4 84
4 83
4 82
4 82
4 81
5 80
5 79
5 78
6 77
6 76
6 76
6 75
6 74
7 73
7 72
7 71
7 71
7 70
7 69
7 69
7 68
7 68
7 69
7 69
7 70
7 71
7 71
7 72
7 73
7 74
7 74
7 75
7 76
7 77
7 78
7 79
7 80
7 80
7 81
7 82
8 83
8 84
8 85
8 85
8 86
8 87
8 88
8 89
8 89
8 90
9 91
9 92
9 93
9 93
9 94
9 95
9 95
9 96
9 96
9 96
10 95
10 95
10 94
10 93
10 92
10 92
10 91
11 90
11 89
11 88
11 88
11 87
11 86
12 85
12 84
12 83
12 82
12 82
12 81
12 80
12 79
13 78
13 77
13 76
13 75
13 75
13 74
13 73
13 72
14 71
14 70
14 69
14 68
14 68
14 67
15 66
15 65
15 64
15 64
15 63
16 62
16 61
16 61
17 60
17 60
17 60
17 61
17 61
18 62
19 62
20 63
21 63
22 64
23 64
24 65
24 65
25 66
25 66
26 65
26 65
26 66
26 66
26 67
26 67
26 68
26 69
26 69
26 70
26 71
26 72
26 72
26 73
27 74
27 75
27 76
27 76
27 77
28 78
28 79
28 80
28 80
28 81
28 82
28 83
28 84
28 84
28 85
29 86
29 87
29 87
29 88
29 89
29 90
29 90
29 91
29 92
29 92
29 93
29 93
30 93
30 93
30 93
30 92
30 91
30 90
30 89
30 88
29 87
29 86
29 85
29 84
29 83
29 82
29 81
29 80
29 79
29 78
29 77
28 76
28 75
28 74
28 73
28 72
28 71
28 70
28 69
28 68
28 67
28 66
28 65
27 64
27 63
27 62
27 61
27 60
27 59
27 58
27 57
27 56
27 55
27 54
26 53
26 52
26 51
26 50
26 49
26 48
26 48
26 47
27 46
27 45
27 44
27 44
27 43
27 43
27 43
27 44
27 44
27 45
27 46
27 46
28 47
28 48
28 48
28 49
28 50
28 51
28 51
29 51
30 52
31 52
32 52
33 52
34 53
35 53
36 53
37 54
38 54
39 54
40 54
41 55
42 55
42 55
43 54
44 54
45 53
45 53
45 52
45 52
45 51
45 50
45 50
45 50
44 51
44 51
43 52
43 53
43 53
42 54
42 55
42 55
42 56
41 57
41 58
41 58
41 59
40 60
40 61
40 62
40 62
40 63
40 64
40 64
40 65
40 66
40 67
40 67
40 68
41 69
41 70
41 70
41 71
42 72
42 73
42 73
42 74
43 75
43 76
43 76
43 77
44 78
44 79
44 79
45 80
45 81
45 81
45 82
46 83
46 84
46 84
46 85
46 86
46 86
46 87
46 88
46 89
46 89
46 90
46 91
46 91
46 92
46 93
46 94
46 94
45 95
44 96
44 96
43 97
42 98
42 98
41 99
40 99
40 99
39 99
38 99
38 99
37 99
36 99
36 99
36 98
35 97
35 96
35 96
34 95
34 94
33 93
33 93
33 92
33 91
33 90
33 89
33 88
33 87
33 87
33 86
33 85
34 84
34 83
34 82
34 81
34 80
35 79
35 78
35 77
35 76
35 75
35 74
36 73
36 72
36 71
36 70
36 69
37 68
37 67
37 66
37 65
37 64
38 63
38 62
38 61
38 60
38 59
39 58
39 57
39 56
39 55
39 54
40 53
40 52
40 51
40 50
40 49
40 48
41 47
41 46
41 45
41 44
41 43
42 42
42 41
42 40
42 39
42 38
43 37
43 36
43 35
43 34
43 33
44 32
44 31
44 30
44 29
44 28
45 27
45 26
45 25
45 24
45 23
45 22
46 21
46 20
46 19
46 18
46 17
47 16
47 15
47 14
47 14
48 13
48 12
49 11
50 10
50 9
51 8
52 7
52 6
53 5
53 5
54 4
54 3
55 2
55 2
56 1
56 0
56 0
57 1
57 1
58 2
58 2
59 3
59 4
59 4
59 5
59 6
59 7
59 8
59 8
59 9
59 10
59 11
59 12
59 13
59 14
59 14
59 15
59 16
59 17
59 18
59 19
59 20
59 21
59 21
59 22
59 23
59 24
59 25
58 26
58 27
58 28
58 29
58 30
58 30
58 31
58 32
58 33
58 34
58 35
58 36
58 37
58 38
58 38
58 39
58 40
58 41
57 42
57 43
57 44
57 45
57 46
57 46
57 47
57 48
57 49
57 50
57 51
57 52
57 53
57 54
57 54
57 55
57 56
57 57
57 58
57 59
57 60
57 61
57 61
57 62
57 63
57 64
56 65
56 66
56 67
56 68
56 68
56 69
56 70
55 71
55 72
55 73
55 74
55 74
55 75
55 76
54 77
54 78
54 79
54 80
54 80
54 81
54 82
53 83
53 84
53 85
53 86
53 86
53 87
53 88
52 89
52 90
52 91
52 91
52 92
52 93
52 94
52 94
52 95
52 95
52 95
52 95
52 94
52 93
52 92
52 92
52 91
52 90
53 89
53 88
53 87
53 87
53 86
54 85
54 84
55 83
55 82
55 82
55 81
55 80
56 79
56 78
56 77
56 77
56 76
57 75
57 74
57 74
58 73
58 72
58 72
59 71
59 71
60 72
60 72
61 73
61 73
61 74
61 75
61 75
61 76
62 77
62 78
62 78
62 79
62 80
62 81
62 82
62 82
62 83
63 84
63 85
63 86
63 86
63 87
63 88
63 89
63 89
63 90
64 91
64 92
64 92
65 93
65 93
66 94
66 94
67 94
67 94
68 93
69 93
69 93
70 92
70 91
71 90
71 90
72 89
72 88
73 87
73 86
73 86
73 85
74 84
74 83
75 82
75 81
75 81
75 80
76 79
76 78
77 77
77 76
77 76
77 75
77 74
78 73
78 72
78 71
78 70
78 70
78 69
79 68
79 67
79 67
80 66
80 65
80 65
80 64
80 64
79 64
79 64
79 64
78 65
78 65
77 66
77 67
77 67
76 68
76 69
75 70
75 71
75 71
75 72
74 73
74 74
74 75
74 75
74 76
74 77
74 78
74 79
74 80
74 80
74 81
73 82
73 83
73 84
73 84
73 85
74 86
74 87
74 87
75 88
75 89
75 89
76 90
76 90
77 89
77 89
78 88
79 88
79 88
79 87
80 86
80 85
80 85
80 84
81 83
81 82
82 81
82 80
82 80
82 79
83 78
83 77
84 76
84 75
84 75
84 74
85 73
85 72
85 71
86 70
86 69
86 69
86 68
87 67
87 66
88 65
88 64
88 64
88 63
89 62
89 61
89 61
89 60
89 59
89 59
90 58
90 58
89 58
89 58
89 58
89 59
89 59
89 60
89 61
89 61
88 62
88 63
88 63
88 64
88 65
88 65
88 66
89 67
89 68
89 68
89 69
89 70
89 71
89 72
89 72
89 73
90 74
90 75
90 75
91 76
92 77
92 77
93 78
93 79
93 79
94 80
95 81
95 81
96 82
96 83
96 83
97 84
97 85
97 85
98 86
98 86
99 87
99 87
98 88
98 88
97 89
97 90
97 90
96 91
96 92
96 92
95 92
94 93
93 93
93 93
92 94
91 94
91 94
90 94
89 94
89 94
88 94
87 94
87 94
86 93
86 92
