1 63
1 62
0 61
0 60
0 60
0 59
0 58
0 58
0 57
0 56
0 56
0 56
0 56
0 57
0 58
0 59
0 59
0 60
0 61
0 62
0 62
0 63
0 64
0 65
0 66
0 66
0 67
0 68
0 69
0 70
0 71
0 72
0 72
0 73
0 74
0 75
1 76
1 77
1 78
1 79
1 80
1 80
1 81
1 82
1 83
1 84
1 85
1 86
1 87
1 87
1 88
1 89
1 90
1 91
1 92
1 92
1 93
2 94
2 95
2 96
2 96
2 97
2 98
2 98
3 99
3 99
3 99
4 99
4 99
4 98
4 97
4 96
4 96
4 95
5 94
5 93
5 92
5 92
5 91
5 90
6 89
6 88
6 87
6 87
6 86
6 85
6 84
6 83
6 82
6 81
6 81
6 80
6 79
6 78
6 77
6 76
6 75
6 75
6 74
7 73
7 72
7 71
7 71
7 70
7 69
7 68
7 68
7 67
7 67
7 66
7 66
8 66
8 66
8 67
8 67
8 68
8 69
8 69
8 70
9 71
9 72
9 72
9 73
9 74
9 75
9 76
9 77
9 77
9 78
9 79
10 80
10 81
10 82
10 83
10 83
10 84
10 85
10 86
10 87
10 88
10 88
10 89
10 90
11 91
11 92
11 93
11 93
11 94
12 95
12 96
12 96
12 97
12 97
13 98
13 98
13 99
13 99
14 98
14 98
14 97
14 97
14 96
15 95
15 94
15 94
15 93
15 92
15 91
15 90
15 90
15 89
15 88
16 87
16 86
16 85
16 85
16 84
16 83
16 82
16 81
16 80
16 80
16 79
16 78
16 77
16 76
16 75
16 75
16 74
17 73
17 72
17 71
17 71
17 70
17 69
17 68
17 68
17 67
18 66
18 65
18 64
18 63
19 62
19 61
19 60
19 59
20 58
20 57
20 56
20 55
21 54
21 53
21 52
21 52
21 51
22 50
22 49
22 48
22 48
23 47
23 47
23 46
23 46
23 46
23 47
23 48
23 48
23 49
24 50
24 51
24 51
24 52
24 53
24 54
24 55
24 56
24 57
24 57
24 58
24 59
24 60
24 61
24 62
24 63
24 63
24 64
24 65
24 66
24 67
24 68
24 69
24 70
24 70
24 71
24 72
24 73
24 74
24 75
24 76
24 77
24 78
24 78
24 79
24 80
24 81
24 82
24 83
24 84
24 85
24 85
24 86
24 87
25 88
25 89
25 90
25 90
25 91
25 92
25 93
25 94
25 95
25 95
25 96
25 97
25 97
26 98
26 99
26 99
26 99
26 98
27 97
27 96
27 95
28 94
28 93
28 92
28 91
29 90
29 89
29 88
30 87
30 86
30 85
31 84
31 83
31 82
32 81
32 80
32 79
32 78
33 77
33 76
33 75
34 74
34 73
34 72
35 71
35 70
35 69
35 68
36 67
36 66
36 65
37 64
37 63
37 62
38 61
38 60
38 59
39 58
39 57
39 56
39 55
40 54
40 53
40 52
41 51
41 50
41 50
41 49
42 48
42 47
42 46
43 45
43 44
43 44
43 43
43 42
43 42
43 41
43 41
43 41
43 41
43 41
42 42
42 43
42 43
42 44
41 45
41 46
41 46
41 47
41 48
40 49
40 50
40 51
40 51
40 52
40 53
40 54
40 55
40 55
40 56
40 57
40 58
40 58
40 59
40 60
40 61
40 61
40 62
40 63
40 63
41 64
41 64
42 65
42 66
42 66
43 67
43 67
44 68
44 69
44 69
45 70
45 70
46 71
46 72
46 72
46 73
46 74
46 74
46 75
46 75
46 76
46 77
46 78
46 78
45 79
45 80
45 80
44 80
44 80
43 81
43 82
43 82
42 83
42 83
42 83
41 83
41 83
40 82
40 81
40 81
40 80
40 79
40 79
40 78
40 77
41 76
41 75
41 74
41 73
41 72
42 71
42 70
42 69
42 68
43 67
43 66
43 65
43 64
43 63
44 62
44 61
44 60
44 59
44 58
45 57
45 56
45 55
45 54
46 53
46 52
46 51
46 50
46 49
47 48
47 47
47 46
47 45
47 44
48 43
48 42
48 41
48 40
49 39
49 38
49 37
49 36
49 35
50 34
50 33
50 32
50 31
50 30
51 29
51 28
51 27
51 26
52 25
52 24
52 23
52 22
52 21
53 20
53 19
53 18
53 17
53 16
54 15
54 14
54 13
54 12
55 11
55 10
55 9
55 8
55 7
56 6
56 5
56 4
56 4
57 3
57 2
58 1
58 1
58 0
58 0
58 1
58 2
58 2
58 3
58 4
58 5
58 5
58 6
58 7
58 8
58 9
58 10
58 11
58 11
58 12
58 13
58 14
58 15
58 16
58 17
58 18
58 19
58 19
58 20
58 21
58 22
58 23
58 24
58 25
58 26
58 27
58 28
58 29
58 29
58 30
58 31
58 32
58 33
58 34
58 35
58 36
58 37
58 38
58 39
58 40
58 41
58 41
58 42
58 43
58 44
58 45
58 46
57 47
57 48
57 49
57 50
57 51
57 52
57 52
57 53
57 54
57 55
57 56
56 57
56 58
56 59
56 60
56 61
56 61
56 62
56 63
56 64
55 65
55 66
55 67
55 68
55 69
55 69
55 70
55 71
55 72
55 73
55 74
55 75
55 76
55 76
55 77
55 78
54 79
54 80
54 81
54 81
54 82
54 83
54 84
54 84
53 85
53 86
53 86
53 86
53 86
54 85
54 85
54 84
54 83
54 82
54 81
54 80
54 80
54 79
54 78
54 77
55 76
55 75
55 74
55 73
55 72
55 72
55 71
55 70
55 69
56 68
56 67
56 66
56 65
56 65
56 64
56 63
57 62
57 61
57 60
57 59
57 59
57 58
58 57
58 56
58 55
59 54
59 53
59 53
59 52
60 51
60 50
60 49
60 49
61 48
61 47
61 47
62 46
62 46
63 47
63 47
63 48
64 49
64 50
64 50
64 51
64 52
64 53
64 54
64 55
64 55
64 56
64 57
64 58
64 59
64 60
64 61
64 61
64 62
64 63
64 64
64 65
64 66
64 67
64 67
64 68
64 69
64 70
64 71
64 72
64 73
64 73
64 74
64 75
63 76
63 77
63 78
63 79
63 79
63 80
63 81
63 82
63 83
63 84
63 84
63 85
63 86
63 87
63 88
63 88
64 89
64 90
64 90
64 91
64 91
65 91
65 91
66 90
66 90
67 89
67 88
67 88
67 87
68 86
68 85
68 84
68 84
68 83
69 82
69 81
70 80
70 79
70 79
70 78
71 77
71 76
72 75
72 74
72 74
72 73
73 72
73 71
73 70
74 69
74 68
74 68
74 67
74 66
75 65
75 64
75 63
75 62
75 62
75 61
76 60
76 59
77 58
77 57
77 57
77 56
78 55
78 54
78 53
78 53
78 52
78 51
78 50
78 49
78 49
78 48
79 47
79 46
79 46
79 46
78 45
78 45
77 46
77 47
77 47
77 48
77 49
77 50
77 50
77 51
76 52
76 53
76 54
76 54
76 55
76 56
75 57
75 58
75 59
75 59
75 60
74 61
74 62
74 63
74 63
74 64
74 65
74 66
74 67
74 67
74 68
74 69
74 70
74 71
74 71
75 72
75 73
75 73
75 74
75 75
75 75
76 76
76 77
76 77
77 77
77 77
78 77
78 77
79 76
80 75
80 75
81 74
81 73
81 73
82 72
82 71
83 70
83 69
83 69
84 68
84 67
85 66
85 65
85 65
85 64
86 63
86 62
86 61
87 60
87 59
87 59
87 58
87 57
87 56
88 55
88 54
88 53
88 52
88 52
88 51
89 50
89 49
89 48
89 47
90 46
90 45
90 44
90 44
91 43
91 42
92 41
92 40
92 40
93 39
93 38
93 38
94 37
94 37
94 37
94 37
94 38
94 39
94 39
93 40
93 41
93 41
93 42
93 43
93 43
93 44
93 45
93 45
93 46
93 47
93 48
93 48
94 49
94 50
94 50
95 51
96 52
96 52
96 53
97 54
97 55
97 56
97 56
97 57
98 58
98 59
98 59
98 60
99 61
99 62
99 62
99 63
98 64
98 65
98 66
98 66
98 67
98 68
98 69
98 69
97 70
97 71
96 72
96 73
96 73
96 74
96 75
95 76
95 77
95 78
