0 64
0 63
0 63
0 63
0 63
0 64
0 65
0 65
0 66
0 67
0 68
0 68
0 69
0 70
0 71
0 71
0 72
0 73
1 74
1 75
1 76
1 76
1 77
1 78
1 79
1 80
1 80
1 81
1 82
1 83
1 84
1 85
1 85
1 86
1 87
2 88
2 89
2 90
2 90
2 91
2 92
2 93
2 94
2 94
2 95
2 96
2 96
3 97
3 97
3 97
3 96
3 96
3 95
3 94
3 93
3 93
3 92
4 91
4 90
4 89
4 89
4 88
4 87
5 86
5 85
5 84
5 83
5 83
5 82
5 81
5 80
5 79
5 78
5 78
5 77
5 76
6 75
6 74
6 73
6 72
6 72
6 71
7 70
7 69
7 68
7 68
7 67
7 66
7 65
7 65
8 64
8 63
8 63
8 64
8 64
9 65
9 65
9 66
9 67
9 68
9 68
9 69
10 70
10 71
10 72
10 72
10 73
10 74
10 75
10 76
10 77
10 77
10 78
10 79
10 80
10 81
10 81
10 82
11 83
11 84
11 85
11 85
11 86
11 87
11 88
11 89
11 89
11 90
11 91
11 92
11 92
12 93
12 94
12 94
12 94
12 94
12 93
12 92
12 92
12 91
13 90
13 89
13 89
13 88
13 87
14 86
14 85
14 84
14 83
14 83
14 82
14 81
14 80
15 79
15 78
15 77
15 76
15 76
15 75
16 74
16 73
16 72
17 71
17 70
17 70
17 69
17 68
17 67
18 66
18 65
18 64
18 63
18 63
18 62
19 61
19 60
19 59
19 59
19 58
19 57
19 56
19 56
20 55
20 54
20 54
20 53
20 53
20 53
21 54
22 55
22 55
23 56
23 57
23 57
23 58
23 58
23 59
23 59
24 60
24 61
24 61
24 62
24 63
24 63
24 64
24 65
24 66
24 67
24 68
24 68
24 69
24 70
24 71
24 72
24 72
24 73
24 74
24 75
24 76
24 77
24 77
24 78
24 79
24 80
24 81
24 81
24 82
24 83
24 84
24 85
24 86
24 86
24 87
25 88
25 89
25 90
25 90
25 91
25 92
25 93
25 93
25 94
25 94
25 94
25 94
25 93
25 92
25 92
25 91
25 90
26 89
26 88
26 87
26 87
26 86
26 85
26 84
26 83
26 82
26 81
26 81
26 80
26 79
26 78
26 77
26 76
26 75
26 74
26 73
26 72
26 71
26 70
26 69
26 68
26 67
26 66
26 65
26 64
26 63
26 62
26 61
26 60
26 60
26 59
26 58
26 57
26 56
26 55
26 54
25 53
25 52
25 51
25 50
25 49
25 48
25 47
25 47
25 46
25 45
25 44
25 43
25 42
25 42
25 41
24 40
24 39
24 39
24 38
24 38
24 39
24 39
24 39
24 39
24 40
24 40
25 41
25 42
25 42
26 43
26 44
26 44
27 45
27 45
28 45
29 46
30 46
31 46
32 46
33 47
34 47
35 47
35 47
36 48
36 48
36 49
36 50
36 50
36 51
36 52
36 52
36 53
36 54
36 55
36 56
36 56
36 57
35 58
35 59
35 59
35 60
35 61
34 62
34 63
34 64
34 64
34 65
34 66
34 67
34 67
34 68
34 69
34 70
34 70
35 71
35 72
35 72
36 73
36 74
36 74
36 75
37 76
37 77
37 77
38 78
38 78
38 79
39 80
39 81
39 81
40 82
40 83
40 83
40 84
40 85
40 85
40 86
40 87
40 88
40 88
40 89
39 90
39 91
39 91
39 92
39 93
39 94
39 94
38 95
38 96
37 97
37 97
36 98
36 99
36 99
35 99
34 99
34 99
33 99
33 99
32 98
32 98
32 97
32 96
32 95
32 95
32 94
32 93
32 92
32 91
32 90
32 89
32 89
32 88
32 87
32 86
32 85
32 84
32 83
32 82
32 82
32 81
33 80
33 79
33 78
33 77
34 76
34 75
34 74
34 74
34 73
34 72
34 71
34 70
35 69
35 68
35 67
35 66
35 65
35 64
35 64
35 63
36 62
36 61
36 60
36 59
37 58
37 57
37 56
37 55
38 54
38 53
38 53
38 52
38 51
39 50
39 49
39 48
39 47
39 46
39 45
40 44
40 43
40 42
40 42
40 41
40 40
41 39
41 38
41 37
41 36
41 35
41 34
42 33
42 32
42 31
42 31
42 30
43 29
43 28
43 27
44 26
44 25
44 24
44 23
45 22
45 21
45 21
45 20
45 19
46 18
46 17
46 16
46 15
46 14
47 13
47 12
47 11
47 11
48 10
48 9
49 8
49 7
50 6
50 5
50 5
51 4
51 3
52 2
52 2
53 1
54 0
54 0
55 1
55 2
55 2
55 3
55 4
55 5
55 6
55 7
55 7
55 8
55 9
56 10
56 11
56 12
56 13
56 13
56 14
56 15
56 16
56 17
55 18
55 19
55 20
55 21
55 22
55 22
55 23
55 24
55 25
55 26
55 27
55 28
55 29
55 30
55 31
55 32
55 32
55 33
55 34
55 35
55 36
54 37
54 38
54 39
54 40
54 41
54 42
54 42
54 43
54 44
54 45
54 46
54 47
54 48
54 49
54 50
54 51
54 52
54 52
54 53
54 54
54 55
53 56
53 57
53 58
53 59
53 60
53 60
53 61
53 62
53 63
52 64
52 65
52 66
52 67
52 68
52 68
52 69
52 70
52 71
52 72
52 73
52 73
52 74
52 75
52 76
52 76
52 77
52 77
53 77
53 77
53 76
53 75
53 75
53 74
54 73
54 72
55 71
55 70
55 70
55 69
55 68
56 67
56 66
56 65
56 64
56 64
56 63
57 62
57 61
57 60
57 59
58 58
58 57
58 57
58 56
59 55
59 54
60 53
60 52
60 52
60 51
61 50
61 49
61 49
62 48
62 48
63 49
63 49
63 50
63 51
63 52
63 52
63 53
63 54
63 55
63 56
63 56
63 57
63 58
63 59
63 60
63 61
63 62
63 62
63 63
63 64
63 65
63 66
63 67
63 68
63 69
63 70
63 70
63 71
63 72
62 73
62 74
62 75
62 76
62 76
62 77
62 78
62 79
62 80
62 81
62 81
62 82
63 83
63 84
63 85
63 85
63 86
64 87
64 88
64 88
65 89
65 89
66 88
66 88
67 87
68 86
68 86
69 85
69 84
70 83
70 82
70 82
71 81
71 80
72 79
72 78
73 77
73 76
73 76
73 75
74 74
74 73
74 72
75 71
75 70
75 70
75 69
76 68
76 67
76 66
76 65
77 64
77 63
77 63
77 62
77 61
78 60
78 59
78 58
78 57
78 57
78 56
78 55
79 54
79 53
79 52
79 52
79 51
79 50
79 49
79 48
79 47
79 47
79 46
78 45
78 44
78 43
78 43
78 42
78 42
77 42
77 42
76 43
76 44
76 44
76 45
75 46
75 47
75 47
75 48
75 49
75 50
75 51
75 51
75 52
75 53
74 54
74 55
74 56
74 56
74 57
74 58
73 59
73 60
73 61
73 61
73 62
73 63
73 64
73 65
73 66
73 67
73 67
73 68
73 69
73 70
73 71
73 72
73 72
73 73
73 74
73 75
73 76
73 76
73 77
74 78
74 79
74 79
75 80
75 80
76 80
77 80
77 80
78 79
79 79
79 79
80 78
81 77
81 76
82 75
82 75
82 74
83 73
83 72
84 71
84 70
84 70
84 69
85 68
85 67
86 66
86 65
87 64
87 63
87 63
87 62
88 61
88 60
89 59
89 58
90 57
90 56
90 56
90 55
91 54
91 53
92 52
92 51
92 50
93 49
93 48
93 48
93 47
94 46
94 45
94 44
95 43
95 42
95 42
95 41
96 40
96 39
96 38
96 37
97 36
97 35
97 35
97 34
98 33
98 32
98 31
98 31
99 30
99 30
99 30
98 31
98 32
98 32
98 33
98 34
98 35
98 35
98 36
97 37
97 38
97 39
97 39
97 40
97 41
96 42
96 43
96 44
96 44
96 45
96 46
95 47
95 48
95 49
95 50
95 50
95 51
95 52
95 53
95 54
95 54
95 55
96 56
96 57
96 58
96 58
96 59
96 60
96 61
96 62
96 63
96 63
96 64
97 65
97 66
97 67
97 67
97 68
97 69
97 70
97 71
97 71
97 72
97 73
97 74
97 74
97 75
97 76
97 77
97 77
97 78
97 79
97 79
96 80
96 81
96 81
95 82
95 82
94 82
94 82
93 82
93 82
92 81
