0 5
1 4
1 4
0 4
0 4
1 4
1 4
2 3
2 3
3 3
4 3
4 3
5 3
6 3
6 3
7 4
7 4
8 4
9 4
9 4
10 4
11 4
11 4
12 5
12 5
13 6
13 6
14 6
14 6
14 7
14 8
14 8
13 9
13 9
12 10
12 11
12 11
11 12
10 13
10 13
9 14
9 15
8 16
8 16
7 17
6 17
5 18
5 18
4 19
3 20
3 20
2 21
1 22
1 22
0 23
0 23
0 23
0 23
0 22
0 22
1 21
1 21
2 20
3 20
3 20
4 19
5 18
5 18
6 17
7 17
7 17
8 16
9 15
9 15
10 15
11 15
11 15
12 14
12 14
13 14
14 14
14 14
15 15
15 15
16 16
16 17
16 17
17 18
17 18
17 19
18 20
18 21
18 21
18 22
19 23
19 24
19 25
19 25
19 26
19 27
19 28
19 29
19 29
19 30
19 31
20 32
20 33
20 34
20 34
20 35
20 36
20 37
20 38
20 39
20 39
20 40
20 41
20 42
20 43
20 44
20 44
20 45
20 46
20 47
20 48
20 48
20 49
20 50
20 51
20 52
20 52
20 53
20 54
20 55
20 55
19 56
19 57
19 57
19 58
19 58
18 59
18 59
17 59
17 59
16 58
15 57
15 57
14 56
14 55
14 55
13 54
13 53
12 52
12 52
11 51
11 50
10 49
10 49
9 48
8 47
8 47
7 46
6 46
6 46
5 45
4 44
4 44
3 43
2 43
2 43
1 42
1 42
0 41
0 41
0 40
0 40
0 40
0 39
0 38
0 38
1 37
2 37
2 37
3 36
4 35
4 35
5 34
6 34
7 33
7 33
8 32
9 32
9 32
10 32
11 32
12 32
12 32
13 32
14 32
14 32
15 32
15 32
16 33
16 33
16 34
16 35
16 35
15 36
15 37
15 37
15 38
14 39
14 40
14 40
13 41
13 42
12 43
12 44
12 44
11 45
11 46
10 47
10 47
10 48
9 49
9 50
9 50
8 51
7 52
7 52
6 53
6 53
5 54
5 54
5 54
5 53
5 52
5 52
6 51
6 50
6 50
7 49
7 48
8 47
8 46
8 46
9 45
10 44
10 43
11 42
11 42
12 41
13 40
13 39
14 38
14 38
15 37
16 36
17 35
17 35
18 34
19 33
20 32
21 31
21 31
22 30
23 29
24 28
24 28
25 27
26 27
27 26
27 26
28 25
29 24
29 24
30 23
31 23
31 23
32 22
33 22
33 22
33 22
34 22
34 22
33 23
33 23
32 24
32 25
32 25
31 26
30 27
30 27
29 28
28 29
28 29
28 30
27 31
27 32
27 32
26 33
26 34
26 34
25 35
25 36
25 36
25 37
25 37
25 38
25 38
26 38
26 38
27 38
28 38
28 38
29 37
30 37
30 37
31 36
32 36
33 35
33 35
34 34
35 33
35 33
36 32
37 32
38 31
38 31
39 30
40 30
41 29
41 29
42 28
43 28
44 27
44 27
45 26
45 25
46 24
46 24
46 23
47 22
47 21
47 21
47 20
47 19
48 18
48 17
48 16
48 15
48 14
49 13
49 12
49 11
49 11
49 10
49 9
48 8
48 7
48 6
48 6
47 5
47 5
47 4
47 4
47 3
47 3
47 2
47 2
48 2
48 2
49 1
49 1
50 1
50 1
51 1
52 1
52 1
53 0
53 0
54 1
54 1
55 1
55 1
56 2
56 2
57 3
57 4
57 4
57 5
56 6
56 7
56 7
56 8
55 9
55 10
55 10
54 11
54 12
53 13
53 13
53 14
52 15
52 16
52 16
52 17
52 18
52 18
52 19
52 20
52 20
52 21
52 21
52 21
53 21
53 21
54 21
54 21
55 20
56 20
56 20
57 19
58 18
58 18
58 17
59 16
59 15
59 15
60 14
61 14
61 14
62 13
62 13
63 12
63 12
64 12
64 12
65 12
65 12
65 13
65 13
66 14
66 15
66 15
66 16
66 17
66 17
66 18
66 19
66 20
66 20
66 21
66 22
66 23
66 23
66 24
66 25
66 26
66 26
66 27
66 28
66 29
66 30
66 30
66 31
66 32
66 32
67 33
67 33
67 34
67 34
68 34
68 34
68 33
68 33
69 32
69 31
69 31
69 30
69 29
69 29
70 28
70 27
70 27
71 26
71 26
71 26
71 26
71 27
71 27
72 28
72 28
72 29
72 30
72 30
72 31
72 32
72 32
71 33
71 34
71 34
71 35
71 36
71 37
71 37
71 38
71 39
71 40
71 40
71 41
70 42
70 43
70 43
70 44
69 45
69 46
69 46
68 47
68 48
68 48
67 49
67 50
67 50
67 51
67 52
67 52
66 53
65 53
65 53
64 53
64 53
64 53
63 52
63 52
62 51
62 50
62 50
62 49
62 48
62 48
62 47
63 46
63 45
63 45
63 44
64 43
64 42
64 42
65 41
66 40
66 39
67 38
67 38
68 37
69 36
69 35
70 34
70 34
71 33
72 32
72 31
73 30
73 30
74 29
75 28
76 28
77 27
78 26
78 26
79 25
80 24
81 23
82 22
82 22
83 21
84 20
85 20
86 19
86 19
87 18
88 17
89 17
90 16
90 16
91 15
92 15
93 14
93 14
94 13
95 12
95 12
96 11
97 10
97 10
98 9
98 9
99 8
99 8
98 8
98 8
98 7
98 7
97 7
96 7
96 7
95 6
95 6
94 6
93 6
93 6
92 5
91 5
91 5
90 4
89 4
89 4
88 3
88 3
87 2
87 2
87 2
87 1
87 1
87 1
87 1
87 1
87 2
87 2
87 3
87 3
87 4
87 5
87 5
87 6
87 7
87 8
87 8
87 9
87 10
87 11
87 12
87 12
87 13
87 14
87 15
87 16
87 16
87 17
87 18
87 19
87 20
87 20
87 21
87 22
87 23
87 24
87 24
87 25
87 26
87 27
87 28
87 28
87 29
87 30
87 31
87 32
87 33
87 33
87 34
87 35
87 36
87 37
87 37
87 38
87 39
88 40
88 41
88 42
88 42
88 43
88 44
88 45
88 46
88 46
88 47
88 48
88 49
88 50
88 50
88 51
89 52
89 53
89 54
89 54
90 55
90 56
91 57
91 57
91 58
92 59
92 60
92 61
92 61
93 62
93 63
94 64
94 64
94 65
95 66
95 67
95 68
95 68
95 69
95 70
96 71
96 72
96 73
96 73
96 74
96 75
97 76
97 77
97 78
97 78
97 79
97 80
97 81
97 82
97 82
97 83
97 84
96 85
96 86
96 87
96 87
96 88
95 89
95 90
95 91
95 91
95 92
94 93
94 94
93 95
93 96
93 96
92 97
92 98
91 99
