0 9
0 8
0 7
0 7
0 6
0 5
0 5
1 4
1 4
2 3
3 3
3 3
4 2
4 2
5 1
6 1
6 1
7 1
8 1
8 1
9 1
10 1
10 1
11 2
11 2
12 3
13 3
13 3
14 4
14 4
14 5
14 5
15 6
15 6
14 7
14 8
14 8
14 9
13 10
13 11
13 11
13 12
12 13
12 14
12 15
12 15
11 16
11 17
10 18
10 19
10 19
9 20
9 21
8 22
8 23
8 23
7 24
6 25
6 26
5 27
5 27
5 28
4 29
4 30
4 31
4 31
3 32
3 33
2 34
2 34
1 35
1 36
1 36
1 36
1 36
1 36
2 35
2 35
3 34
3 33
3 33
4 32
5 31
5 31
6 30
6 29
7 28
7 28
8 27
9 26
10 25
10 25
11 24
12 23
12 23
13 22
14 22
14 22
15 22
16 22
16 22
17 22
18 22
18 22
19 23
19 24
19 24
20 25
20 26
21 27
21 27
21 28
22 29
22 30
22 31
22 31
22 32
22 33
23 34
23 35
23 36
23 37
23 37
23 38
23 39
23 40
24 41
24 42
24 43
24 44
24 44
24 45
24 46
24 47
24 48
24 49
24 50
24 51
24 52
24 52
24 53
24 54
24 55
24 56
24 57
24 58
24 59
24 60
24 60
24 61
24 62
24 63
24 64
24 65
24 65
24 66
24 67
24 68
24 69
24 70
24 71
24 71
24 72
24 73
23 74
23 75
23 76
23 76
23 77
23 78
23 79
23 80
23 80
22 81
22 82
22 82
21 83
21 84
21 84
20 83
19 83
18 82
17 81
16 81
15 80
14 79
13 79
12 78
11 77
10 77
9 76
9 76
8 75
7 74
7 73
6 72
5 71
5 71
4 70
3 69
3 69
3 68
3 67
3 67
2 66
2 65
2 65
2 64
3 63
3 62
3 62
4 61
4 60
4 60
4 59
5 58
5 57
5 56
5 56
6 55
6 54
7 53
7 53
8 52
9 51
9 51
10 50
11 49
11 49
12 49
13 49
13 49
14 49
14 49
15 50
15 50
15 51
15 52
15 53
15 53
15 54
15 55
15 56
15 56
15 57
15 58
14 59
14 60
14 61
14 61
13 62
13 63
12 64
12 65
12 65
12 66
12 67
11 68
11 69
11 70
11 70
10 71
10 72
9 73
9 73
9 74
8 75
8 76
8 76
7 77
7 77
8 77
8 77
8 76
8 76
8 75
9 74
9 73
9 72
9 72
9 71
10 70
10 69
11 68
11 67
12 66
12 65
12 64
13 63
13 62
14 61
14 60
14 60
15 59
15 58
16 57
16 56
17 55
18 54
18 53
19 52
19 51
20 50
20 49
21 48
21 48
22 47
22 46
23 45
23 44
24 43
24 43
25 42
26 41
26 40
27 39
27 39
28 38
29 37
30 36
30 36
31 35
32 34
33 33
33 33
34 32
35 32
35 32
36 31
36 31
36 31
36 32
36 33
36 33
35 34
35 35
35 35
35 36
34 37
34 38
34 39
34 39
33 40
33 41
32 42
32 43
32 43
31 44
31 45
30 46
30 47
30 47
29 48
29 49
28 50
28 51
28 51
28 52
28 53
28 54
28 54
29 55
29 55
30 56
30 56
31 55
32 55
32 55
33 55
34 54
35 54
35 54
36 53
37 53
38 52
38 52
39 51
40 51
40 51
41 50
42 50
43 49
43 49
44 48
45 47
45 47
45 46
45 45
45 44
46 43
46 42
46 41
46 40
46 39
46 38
46 37
47 36
47 35
47 34
47 33
47 32
47 31
47 30
48 29
48 28
48 27
48 26
48 25
48 24
48 23
49 22
49 21
49 20
49 19
49 18
49 17
49 16
50 15
50 14
50 13
50 12
50 12
50 11
50 10
51 9
51 8
51 7
51 7
51 6
52 5
52 4
52 4
52 3
52 3
53 2
53 2
54 1
54 1
54 1
55 0
55 0
56 1
56 1
57 2
57 2
57 3
57 4
57 4
57 5
57 6
57 7
57 7
57 8
56 9
56 10
56 11
56 11
56 12
55 13
55 14
54 15
54 16
54 16
54 17
53 18
53 19
53 20
53 20
53 21
52 22
52 23
51 24
51 25
51 25
50 26
50 27
50 27
50 28
50 29
50 29
50 29
50 29
51 28
51 28
52 27
52 26
52 26
53 25
53 24
54 23
54 23
55 22
55 21
56 20
56 20
57 19
57 19
58 18
58 18
59 18
59 18
59 19
59 20
59 20
59 21
59 22
59 22
59 23
59 24
59 25
59 26
59 26
59 27
59 28
59 29
59 29
59 30
59 31
59 32
59 32
60 33
60 34
60 34
61 35
61 35
62 35
63 35
63 35
64 34
64 34
65 33
65 32
65 32
66 31
66 30
66 30
67 29
67 28
67 28
67 27
68 26
68 25
68 24
68 24
68 23
68 22
68 21
68 21
69 20
69 19
69 19
69 18
69 18
69 19
69 19
70 20
70 21
70 21
70 22
70 23
70 24
70 25
70 25
70 26
70 27
70 28
70 29
70 30
70 30
70 31
70 32
70 33
70 34
70 35
70 35
70 36
70 37
70 38
70 39
70 40
70 41
70 41
70 42
70 43
69 44
69 45
69 46
69 46
69 47
69 48
69 49
69 50
69 50
69 51
69 52
69 53
69 53
69 54
68 55
68 56
68 56
67 57
67 58
67 58
67 58
66 58
66 58
65 57
65 56
65 56
65 55
65 54
65 54
66 53
66 52
66 52
67 51
67 50
67 50
67 49
68 48
68 47
69 46
69 45
69 45
70 44
71 43
72 42
72 42
73 41
74 40
74 39
75 38
75 38
76 37
77 36
78 35
79 34
79 34
80 33
81 32
81 31
82 30
82 30
83 29
83 28
84 27
84 26
85 25
85 25
86 24
87 23
87 22
88 21
88 21
89 20
90 19
90 18
91 17
91 17
92 16
92 15
93 14
93 13
94 12
94 12
95 11
96 10
96 10
97 9
97 8
97 8
98 7
98 6
98 6
99 6
99 6
98 5
98 5
98 5
97 5
97 5
96 5
95 5
95 5
94 5
94 5
93 4
93 4
92 4
92 4
91 4
91 4
91 4
90 5
90 5
89 6
89 6
89 7
89 8
89 8
89 9
88 10
88 11
88 12
88 12
88 13
88 14
88 15
88 16
88 16
88 17
88 18
88 19
88 20
88 20
88 21
88 22
88 23
88 24
88 25
88 25
88 26
88 27
89 28
89 29
89 30
89 30
89 31
89 32
89 33
89 34
89 35
89 35
89 36
90 37
90 38
91 39
91 40
91 40
91 41
91 42
92 43
92 44
92 45
92 45
93 46
93 47
94 48
94 49
94 49
94 50
94 51
95 52
95 53
95 54
95 54
95 55
95 56
96 57
96 58
96 59
96 60
96 60
96 61
96 62
97 63
97 64
97 65
97 66
97 66
97 67
97 68
96 69
96 70
96 71
96 72
96 72
96 73
95 74
95 75
95 76
95 77
94 78
94 79
94 79
94 80
93 81
93 82
93 83
93 84
92 85
92 86
92 86
91 87
91 88
90 89
90 90
89 91
89 92
88 93
88 93
87 94
87 95
86 96
86 97
85 98
85 99
