0 13
0 12
0 11
0 10
0 10
0 9
0 8
0 7
0 7
0 6
0 6
0 5
0 4
0 4
0 3
0 3
1 3
1 3
1 2
1 2
2 2
2 2
3 2
3 2
4 1
5 1
5 1
6 1
7 1
7 1
8 1
9 1
9 1
10 1
11 1
12 1
12 1
13 0
14 0
14 0
15 1
16 1
16 1
17 1
18 1
18 1
19 2
20 2
20 2
21 2
21 2
22 3
22 3
22 4
22 4
22 5
22 5
22 6
22 6
21 7
21 8
21 8
20 9
19 10
19 10
18 11
17 12
17 12
16 13
15 14
15 14
14 15
14 16
13 17
13 17
12 18
11 19
11 19
10 20
10 20
10 20
10 21
10 21
10 20
10 20
11 20
11 20
11 19
11 19
12 18
13 18
13 18
14 17
14 17
15 16
16 15
16 15
17 14
18 14
18 14
19 14
19 14
20 14
21 14
21 14
22 14
23 14
23 14
24 14
24 14
25 15
25 16
25 16
26 17
26 18
26 18
26 19
27 20
27 21
27 21
27 22
27 23
27 23
27 24
27 25
27 26
27 27
27 27
27 28
27 29
28 30
28 31
28 32
28 32
28 33
28 34
28 35
28 36
28 37
28 37
28 38
28 39
28 40
28 41
28 42
28 42
28 43
28 44
29 45
29 46
29 47
29 47
29 48
29 49
29 50
29 51
29 52
29 52
29 53
29 54
29 55
29 56
29 56
29 57
30 58
30 59
30 60
30 60
30 61
30 62
30 63
30 63
30 64
30 65
30 65
30 66
29 67
29 68
29 68
29 69
29 69
28 69
28 69
28 69
27 69
27 69
26 68
26 68
25 67
24 66
24 66
23 65
23 64
23 64
22 63
22 62
21 61
21 61
20 60
20 59
20 59
19 58
19 57
18 56
18 55
18 55
17 54
17 53
16 52
16 52
16 51
15 50
15 49
15 49
14 48
14 47
14 47
13 46
13 45
13 45
12 44
12 44
11 43
11 42
11 42
11 41
11 41
10 40
10 40
10 39
10 39
11 38
11 38
12 37
12 37
13 36
14 35
14 35
15 34
16 34
16 34
17 33
18 32
18 32
19 31
20 31
20 31
21 31
22 31
23 31
23 31
24 31
25 31
25 31
26 31
26 31
27 32
27 32
28 33
28 34
28 34
28 35
28 36
28 36
27 37
27 38
27 38
27 39
26 40
26 41
26 41
25 42
25 43
24 44
24 44
23 45
23 46
22 47
22 47
22 48
21 49
21 50
21 50
20 51
20 52
19 53
19 53
18 54
18 55
18 55
17 56
17 56
16 57
16 57
16 57
16 57
16 56
16 56
17 55
18 54
18 54
19 53
19 52
19 52
20 51
20 50
21 49
21 48
21 48
22 47
23 46
23 45
24 44
24 44
25 43
26 42
27 41
27 41
28 40
29 39
30 38
30 38
31 37
32 36
33 35
33 35
34 34
35 34
36 33
36 33
37 32
38 31
38 31
39 30
40 30
40 30
41 29
41 28
41 28
42 28
42 28
43 27
43 27
43 28
43 28
42 29
42 29
41 30
41 30
40 31
39 32
39 32
38 33
37 34
37 34
36 35
36 36
36 36
35 37
34 38
34 38
33 39
32 40
32 40
31 41
31 42
31 42
31 43
31 43
31 44
31 44
32 44
32 44
33 45
33 45
34 45
35 45
35 45
36 45
37 45
37 45
38 45
39 45
39 45
40 45
41 45
41 45
42 44
43 44
43 44
44 43
45 43
45 43
46 42
47 41
47 41
48 40
49 40
49 40
49 39
49 38
50 37
50 36
50 35
50 34
50 33
50 32
51 31
51 30
51 29
51 28
51 27
51 26
52 25
52 24
52 23
52 22
52 21
52 20
53 19
53 18
53 17
53 17
53 16
53 15
53 14
53 14
53 13
53 12
53 12
53 11
53 11
54 10
54 10
55 9
56 9
56 9
57 8
57 8
58 8
58 8
59 7
60 7
60 7
61 7
62 7
62 7
63 7
64 7
64 7
65 8
65 8
66 9
66 9
66 10
66 10
66 11
66 11
66 12
66 13
66 13
65 14
65 15
65 15
64 16
64 17
64 17
63 18
63 19
62 20
62 20
61 21
61 22
61 22
60 23
60 24
59 25
59 25
58 26
57 27
57 27
57 28
57 28
56 29
56 29
56 30
56 30
56 30
57 30
57 30
58 29
58 29
59 28
60 27
60 27
61 26
62 25
62 25
63 24
64 24
64 24
65 23
65 23
66 23
67 23
67 23
68 23
68 23
68 23
68 24
68 24
68 25
68 26
68 26
68 27
68 28
68 28
68 29
67 30
67 31
67 31
67 32
66 33
66 34
66 34
66 35
65 36
65 37
65 37
64 38
64 39
64 39
64 40
64 41
64 41
64 42
64 43
64 43
64 44
64 44
65 45
65 45
65 45
66 44
66 44
67 43
68 43
68 43
69 42
69 41
69 41
70 40
71 39
71 39
72 38
72 37
72 37
73 36
73 35
73 35
74 34
74 33
74 33
75 33
75 33
75 33
76 34
76 34
76 35
76 35
76 36
76 37
76 37
76 38
76 39
76 39
76 40
76 41
76 41
76 42
75 43
75 44
75 45
75 45
75 46
74 47
74 48
74 48
74 49
74 50
74 51
74 52
74 52
73 53
73 54
73 54
73 55
72 56
72 57
72 57
71 58
71 59
71 59
70 60
70 60
69 61
69 61
69 61
69 60
69 60
68 59
68 59
68 58
69 57
69 56
69 56
70 55
70 54
70 54
71 53
72 52
72 52
73 51
73 50
74 49
74 49
75 48
75 47
76 46
76 46
77 45
78 44
79 43
79 43
80 42
81 41
82 40
82 40
83 39
84 38
85 37
86 36
86 36
87 35
88 34
89 33
89 33
90 32
91 31
92 30
92 30
93 29
93 28
94 27
94 27
95 26
95 25
96 24
96 24
97 23
97 23
98 22
98 21
98 21
99 20
99 20
99 19
99 19
98 18
98 18
97 17
97 17
96 17
96 17
95 16
95 16
94 15
93 15
93 15
92 15
91 15
91 15
90 14
90 14
89 14
89 14
89 14
89 14
89 14
89 15
89 15
90 16
90 17
90 17
90 18
90 19
90 19
90 20
90 21
90 21
90 22
90 23
90 24
90 24
90 25
89 26
89 27
89 28
89 28
89 29
89 30
89 31
89 32
89 33
89 33
89 34
88 35
88 36
88 37
88 37
88 38
87 39
87 40
87 41
87 41
87 42
86 43
86 44
86 45
86 45
86 46
86 47
86 48
86 49
86 49
86 50
86 51
86 52
86 52
86 53
87 54
87 55
87 55
88 56
88 57
88 57
88 58
89 59
89 60
89 60
90 61
90 62
91 63
91 63
91 64
92 65
92 66
92 66
92 67
92 68
92 69
92 70
92 70
92 71
92 72
92 73
92 74
92 74
92 75
91 76
91 77
91 78
91 78
91 79
90 80
90 81
90 82
89 83
89 84
89 84
89 85
88 86
88 87
88 88
88 88
88 89
87 90
87 91
86 92
86 93
86 93
86 94
85 95
85 96
84 97
84 98
84 98
83 99
