0 5
1 4
1 3
1 3
1 2
1 2
2 1
2 1
3 1
3 1
4 1
5 1
5 1
6 1
6 1
7 1
8 1
8 1
9 1
10 1
10 1
11 2
12 2
12 2
13 3
14 3
14 3
15 4
15 4
16 5
17 5
17 5
18 6
18 6
19 7
19 7
19 8
19 9
19 9
20 10
20 10
19 11
19 12
19 12
18 13
18 14
18 14
17 15
17 16
17 16
16 17
15 18
15 18
14 19
14 20
13 21
13 21
12 22
12 23
11 24
11 24
10 25
9 26
9 26
8 27
8 27
7 27
7 27
7 28
7 28
7 27
7 27
7 27
6 27
6 27
7 26
7 26
8 25
8 25
9 24
9 23
9 23
10 22
10 21
10 21
11 20
12 20
12 20
13 19
14 19
14 19
15 18
15 18
16 17
17 17
17 17
18 17
19 17
19 17
20 18
20 18
21 19
21 19
22 20
22 21
22 21
22 22
23 23
23 24
23 24
23 25
24 26
24 27
24 27
24 28
25 29
25 30
25 31
25 31
25 32
26 33
26 34
26 35
26 35
26 36
26 37
27 38
27 39
27 40
27 41
27 41
27 42
27 43
27 44
27 45
27 46
27 46
27 47
27 48
28 49
28 50
28 51
28 52
28 52
28 53
28 54
28 55
28 56
28 57
28 57
28 58
28 59
28 60
28 61
28 62
28 62
28 63
29 64
29 65
29 66
29 66
29 67
29 68
29 69
29 70
29 70
29 71
29 72
29 73
29 74
29 74
29 75
28 76
28 77
28 77
28 78
28 79
28 79
27 80
27 81
27 81
26 82
26 82
25 83
24 83
24 83
23 83
22 83
22 83
21 82
20 82
20 82
19 82
18 81
17 81
17 81
16 80
15 79
15 79
14 78
13 78
12 77
12 77
11 76
10 75
10 75
9 74
9 73
8 72
8 72
7 71
6 70
6 70
5 69
5 68
4 67
4 67
3 66
3 65
3 65
3 64
2 63
2 62
2 62
2 61
2 60
2 60
2 59
2 58
2 57
2 57
2 56
2 55
2 55
3 54
3 53
3 53
3 52
4 51
4 50
4 50
5 49
6 48
6 48
7 47
7 46
7 46
8 45
9 45
9 45
10 44
11 44
12 43
12 43
13 42
14 42
14 42
15 41
16 41
16 41
17 41
17 41
18 41
19 41
19 41
20 42
20 42
20 43
20 43
20 44
20 45
20 45
20 46
20 47
20 47
20 48
19 49
19 50
19 50
19 51
18 52
18 53
18 53
18 54
17 55
17 56
17 56
17 57
16 58
16 59
16 59
15 60
15 61
14 62
14 62
13 63
13 64
13 64
13 65
12 66
12 67
12 67
11 68
11 69
11 69
11 69
11 70
11 70
11 69
11 69
11 68
11 67
11 67
12 66
12 65
12 65
12 64
13 63
13 62
13 61
13 61
14 60
14 59
15 58
15 57
15 57
16 56
16 55
17 54
17 53
17 53
18 52
19 51
20 50
21 49
21 49
22 48
23 47
23 46
24 45
24 45
25 44
26 43
27 42
28 41
28 41
29 40
30 39
31 38
31 38
32 37
33 36
34 35
34 35
35 34
36 33
37 32
37 32
38 31
39 31
39 31
40 30
40 29
40 29
41 29
41 29
42 29
42 29
41 29
41 29
40 30
40 30
39 31
39 31
38 32
38 33
38 33
37 34
37 34
36 35
35 36
35 36
34 37
34 38
34 38
33 39
33 40
32 41
32 41
31 42
30 43
30 43
29 44
29 45
29 45
29 46
29 47
29 47
29 48
29 48
29 49
29 49
30 50
30 51
30 51
31 51
31 51
32 52
33 52
33 52
34 52
35 52
36 52
36 52
37 51
38 51
38 51
39 50
40 50
40 50
41 50
42 49
43 49
43 49
44 48
45 48
45 48
46 47
47 47
47 47
48 46
49 45
49 45
49 44
49 43
49 42
50 41
50 40
50 39
50 38
50 37
50 36
51 35
51 34
51 33
51 32
51 31
51 30
52 29
52 28
52 27
52 26
52 25
52 24
52 23
53 22
53 21
53 20
53 19
53 18
53 17
54 16
54 15
54 14
54 13
54 13
54 12
55 11
55 10
56 9
56 8
56 8
56 7
56 6
56 6
57 5
57 4
57 4
57 3
57 3
58 3
58 3
58 3
59 3
59 3
59 3
60 3
60 3
61 3
61 3
61 4
61 4
62 4
62 4
62 5
62 5
62 6
62 6
62 7
62 8
62 8
61 9
61 10
61 10
61 11
60 12
60 13
60 13
59 14
59 15
58 16
58 16
57 17
57 18
56 19
56 19
55 20
54 21
53 22
53 22
52 23
52 24
52 24
51 25
51 26
51 26
51 27
51 27
51 27
51 27
52 27
52 27
53 26
53 26
54 25
54 25
55 24
56 23
56 23
57 22
58 21
58 21
59 21
59 21
60 20
60 20
61 20
61 20
62 20
62 20
62 21
62 21
62 22
62 23
62 23
62 24
62 25
62 25
62 26
61 27
61 28
61 28
61 29
61 30
61 31
61 31
61 32
61 33
61 33
61 34
61 35
61 35
62 36
62 37
62 37
62 37
63 38
63 38
63 38
64 37
64 37
65 36
65 35
65 35
66 34
66 33
66 33
67 32
67 31
67 31
68 30
68 29
68 29
69 28
69 28
70 27
70 27
71 27
71 27
72 28
72 28
72 29
72 30
72 30
73 31
73 32
73 32
73 33
74 34
74 35
74 35
74 36
74 37
74 38
74 38
74 39
74 40
74 41
74 41
74 42
74 43
74 44
74 44
74 45
73 46
73 47
73 47
73 48
72 49
72 50
72 51
72 51
72 52
71 53
71 54
71 54
71 55
70 56
70 57
70 57
69 58
69 59
69 59
68 60
68 60
67 61
67 61
66 61
66 61
65 60
65 60
65 59
65 59
65 58
65 57
65 57
65 56
66 55
66 54
66 54
66 53
67 52
67 51
67 51
68 50
69 49
70 48
70 48
71 47
72 46
72 45
73 44
73 44
74 43
75 42
76 41
76 41
77 40
78 39
79 38
80 37
80 37
81 36
82 35
82 34
83 33
83 33
84 32
85 31
86 30
87 29
87 29
88 28
89 27
89 26
90 25
90 25
91 24
92 23
93 22
93 22
94 21
95 20
95 20
96 19
97 18
97 18
98 17
98 16
98 16
99 15
99 15
99 14
99 14
98 13
98 13
97 13
97 13
96 12
95 12
95 12
94 12
93 12
93 12
92 11
91 11
91 11
90 10
89 10
89 10
88 9
88 9
87 9
87 9
86 8
86 8
86 8
86 9
86 9
86 10
86 10
87 11
87 11
87 12
87 13
87 14
87 14
87 15
87 16
87 17
87 17
87 18
87 19
87 20
87 21
87 21
87 22
87 23
86 24
86 25
86 26
86 26
86 27
86 28
86 29
86 30
86 31
86 31
86 32
86 33
85 34
85 35
85 36
85 36
85 37
84 38
84 39
84 40
84 40
84 41
84 42
84 43
84 44
84 45
84 45
84 46
84 47
84 48
84 49
84 49
84 50
84 51
84 52
84 52
84 53
85 54
85 55
85 56
85 56
86 57
86 58
87 59
87 59
87 60
88 61
88 62
88 62
89 63
89 64
90 65
90 66
90 66
90 67
91 68
91 69
91 70
91 70
91 71
91 72
91 73
91 74
91 74
91 75
91 76
91 77
91 78
91 78
91 79
90 80
90 81
90 82
90 82
90 83
90 84
89 85
89 86
89 87
89 87
89 88
88 89
88 90
88 91
87 92
87 93
87 93
86 94
85 95
84 96
84 96
83 97
83 98
82 99
