0 2
0 2
0 1
0 1
1 1
1 1
2 0
2 0
3 0
4 0
4 0
5 1
5 1
6 1
7 1
8 1
8 1
9 2
10 2
10 2
11 3
12 3
12 3
13 4
14 4
14 4
15 5
15 5
16 6
16 6
17 6
17 6
18 7
18 7
18 8
18 8
18 9
18 9
17 10
16 11
16 11
15 12
14 13
14 13
13 14
13 15
12 16
12 16
11 17
10 17
9 18
9 18
8 19
7 20
6 21
6 21
5 22
4 23
4 23
3 24
3 24
2 25
2 25
2 25
2 25
2 25
3 24
3 24
4 23
4 23
5 22
6 21
6 21
7 20
8 19
8 19
9 18
10 18
10 18
11 17
12 17
12 17
13 17
14 17
14 17
15 16
15 16
16 17
16 17
17 18
18 18
18 18
19 19
19 19
19 20
20 21
20 22
20 22
20 23
21 24
21 25
21 25
21 26
22 27
22 28
22 28
22 29
22 30
22 31
22 32
22 33
22 33
22 34
22 35
23 36
23 37
23 38
23 38
23 39
23 40
23 41
24 42
24 43
24 44
24 45
24 45
24 46
24 47
25 48
25 49
25 50
25 51
25 51
25 52
25 53
25 54
25 55
25 56
25 56
25 57
25 58
25 59
25 60
25 61
25 61
25 62
26 63
26 64
26 65
26 65
26 66
26 67
26 68
26 69
26 69
26 70
26 71
26 72
26 72
26 73
26 74
26 74
25 75
25 75
25 76
25 76
24 76
24 76
23 75
22 75
22 75
21 74
20 73
20 73
19 72
19 71
18 70
18 70
17 69
17 68
16 67
16 67
15 66
15 65
14 64
14 64
14 63
13 62
13 61
13 61
12 60
11 59
11 59
10 58
9 57
9 57
8 56
8 55
8 55
7 54
6 54
6 54
5 53
5 53
4 52
4 51
4 51
4 50
4 50
4 49
4 49
4 48
4 47
4 47
5 46
5 45
5 45
6 44
7 44
7 44
8 43
9 43
9 43
10 42
11 42
11 42
12 41
13 41
13 41
14 41
15 41
15 41
16 41
16 41
17 42
17 42
18 43
18 44
18 44
18 45
18 46
18 46
18 47
17 48
17 49
17 49
17 50
16 51
16 52
16 52
16 53
15 54
15 55
15 56
15 56
14 57
14 58
13 59
13 59
13 60
12 61
12 62
12 62
11 63
11 64
10 65
10 65
9 66
8 67
8 67
7 68
7 68
7 69
7 69
6 68
6 68
6 67
6 67
7 66
7 65
7 65
7 64
8 63
8 62
8 61
8 61
9 60
9 59
10 58
10 58
11 57
12 56
12 55
13 54
13 54
14 53
15 52
15 51
16 50
16 50
17 49
18 48
19 47
19 47
20 46
21 45
22 44
23 43
23 43
24 42
25 41
26 40
26 40
27 39
28 38
29 37
29 37
30 36
31 35
31 35
32 34
33 33
33 33
34 32
35 32
35 32
36 32
36 32
36 32
36 33
36 33
35 34
35 34
34 35
34 36
34 36
33 37
32 38
32 38
31 39
31 40
30 41
30 41
29 42
29 43
28 44
28 44
27 45
26 46
26 46
25 47
25 48
25 48
25 49
25 50
25 50
25 51
25 51
26 52
26 52
27 53
27 53
28 52
29 52
29 52
30 52
31 52
32 52
32 52
33 52
34 52
34 52
35 52
36 51
37 51
37 51
38 50
39 50
40 49
40 49
41 48
42 47
42 47
42 46
43 45
43 44
43 43
44 42
44 41
44 40
45 39
45 38
45 37
46 36
46 35
46 34
47 33
47 32
47 31
48 30
48 29
48 28
49 27
49 26
49 25
50 24
50 23
50 22
51 21
51 20
51 19
52 18
52 17
52 17
52 16
53 15
53 14
53 14
53 13
53 12
53 11
53 11
53 10
53 10
53 9
53 9
53 9
54 9
54 9
55 9
55 9
56 9
56 9
57 9
57 9
58 10
58 10
59 11
59 11
60 12
60 12
60 13
60 14
60 14
60 15
59 16
59 17
59 17
59 18
58 19
58 20
58 20
57 21
56 22
56 22
56 23
55 24
55 25
55 25
54 26
54 27
53 28
53 28
52 29
52 29
52 30
52 31
52 31
52 32
52 32
52 32
53 32
53 32
53 31
53 31
54 30
55 29
55 29
56 28
56 27
57 26
57 26
58 25
58 25
59 24
59 24
60 23
61 23
61 23
61 23
62 24
62 24
63 25
63 25
63 26
63 26
63 27
63 28
63 28
64 29
64 30
64 30
64 31
64 32
64 33
64 33
64 34
64 35
64 35
64 36
65 37
65 38
65 38
66 39
66 40
66 40
66 41
66 41
67 41
68 41
68 41
69 41
69 41
69 40
69 39
69 39
70 38
70 38
70 37
71 36
71 35
71 35
72 34
72 33
72 33
72 32
73 31
73 30
73 30
73 29
73 29
73 28
73 28
73 28
73 29
73 29
73 30
73 31
73 31
73 32
73 33
73 34
73 34
73 35
73 36
73 37
73 37
73 38
73 39
73 40
73 40
73 41
73 42
73 43
73 44
73 44
73 45
72 46
72 47
72 47
72 48
72 49
72 50
72 51
72 51
72 52
71 53
71 54
71 54
71 55
70 56
70 57
70 57
69 58
69 59
68 60
68 60
67 61
67 61
66 62
65 62
65 62
64 61
64 61
63 60
63 60
63 59
63 59
63 58
63 57
63 57
64 56
65 55
65 55
66 54
66 53
67 52
67 52
68 51
69 50
69 49
70 48
70 48
71 47
72 46
73 45
73 45
74 44
75 43
76 42
77 41
77 41
78 40
79 39
80 39
81 38
81 38
82 37
83 36
84 35
85 34
85 34
86 33
87 33
88 32
89 32
89 32
90 31
91 30
92 29
92 29
93 28
93 27
94 26
94 26
95 25
96 24
96 24
97 23
97 22
97 22
98 21
98 21
99 20
99 20
98 19
98 19
97 18
97 18
96 18
96 18
95 17
95 17
94 16
93 16
93 16
92 15
92 15
91 14
91 14
90 13
90 12
90 12
90 11
90 10
90 10
90 9
90 8
90 8
90 8
90 8
90 8
90 8
91 9
91 9
91 10
91 11
91 11
91 12
91 13
91 14
91 14
91 15
91 16
91 17
91 18
91 18
91 19
91 20
91 21
91 22
91 22
91 23
91 24
91 25
91 26
91 27
91 27
91 28
91 29
90 30
90 31
90 32
90 32
90 33
90 34
89 35
89 36
89 37
89 37
89 38
89 39
88 40
88 41
88 42
88 42
88 43
88 44
88 45
88 46
88 47
88 47
88 48
88 49
88 50
88 51
88 51
88 52
89 53
89 54
89 55
89 55
89 56
89 57
89 58
89 59
89 59
89 60
90 61
90 62
90 63
90 63
90 64
91 65
91 66
91 67
91 67
91 68
92 69
92 70
92 71
92 71
92 72
93 73
93 74
93 75
93 75
93 76
94 77
94 78
94 79
94 79
94 80
94 81
94 82
94 83
94 83
94 84
93 85
93 86
93 86
93 87
93 88
93 89
93 90
93 90
92 91
92 92
91 93
91 93
90 94
90 95
89 96
89 97
89 97
88 98
87 99
