4 2
4 2
4 2
5 1
5 1
5 1
6 1
6 1
7 0
7 0
8 1
8 1
9 1
9 1
9 2
9 2
10 3
10 3
10 4
10 4
10 5
10 5
9 6
9 7
9 7
9 8
9 9
9 10
9 10
9 11
8 12
8 13
8 13
7 14
7 15
7 15
6 16
6 17
5 18
5 18
4 19
4 20
4 20
3 21
3 22
3 22
3 23
3 23
2 23
2 23
2 23
2 23
2 23
3 22
3 22
4 21
4 21
5 20
6 20
6 20
7 19
7 18
7 18
8 17
8 17
9 17
10 17
10 17
11 16
11 16
12 16
12 16
13 16
13 16
14 17
14 17
15 18
15 18
15 19
15 20
15 20
16 21
16 22
16 22
16 23
16 24
16 24
16 25
17 26
17 27
17 27
17 28
17 29
17 30
17 30
17 31
18 32
18 33
18 33
18 34
18 35
18 36
18 36
18 37
18 38
18 39
18 40
18 40
18 41
17 42
17 43
17 43
17 44
17 45
17 46
17 46
17 47
16 48
16 49
16 49
15 50
15 51
15 51
15 52
15 53
15 54
15 54
14 55
14 55
14 56
14 57
14 57
13 57
13 57
13 57
13 57
12 56
12 55
11 54
11 53
10 52
9 51
9 50
8 49
8 48
7 47
6 46
6 45
5 44
5 43
4 42
4 42
3 41
2 40
2 40
1 39
0 39
0 39
0 38
0 37
0 37
0 36
0 36
0 35
0 35
1 34
1 33
1 33
2 32
3 32
3 32
4 32
4 32
5 32
5 32
6 33
6 33
7 34
7 34
7 35
7 36
7 36
7 37
7 38
7 38
7 39
7 40
7 41
7 41
7 42
6 43
6 44
6 44
6 45
6 46
6 46
6 47
5 48
5 49
5 49
4 50
4 51
4 51
4 52
4 53
4 53
4 54
4 54
4 54
5 53
5 53
6 52
6 51
6 51
6 50
7 49
7 48
7 48
8 47
9 46
9 45
10 44
10 44
11 43
11 42
12 41
12 40
12 40
13 39
13 38
14 37
14 36
15 35
15 35
16 34
17 33
17 32
18 31
18 31
19 30
20 29
20 28
21 27
21 27
22 26
23 25
24 24
25 23
25 23
26 22
27 21
27 21
28 20
28 19
29 18
29 18
30 17
30 16
30 16
31 15
32 15
32 15
32 14
32 14
33 14
33 14
33 14
32 14
32 14
32 15
32 16
32 16
32 17
32 17
32 18
32 19
32 19
31 20
31 21
31 21
31 22
31 23
31 23
32 24
32 25
32 25
32 26
32 26
33 27
34 27
34 27
35 28
35 28
36 29
37 29
37 29
38 29
39 29
40 29
40 29
41 30
41 30
42 31
42 32
42 32
42 33
42 33
42 34
42 35
42 35
41 36
41 37
40 38
40 38
39 39
39 40
39 40
38 41
37 42
37 42
38 41
38 40
39 39
39 38
40 37
41 36
41 35
42 34
43 33
43 32
44 31
44 30
45 29
46 28
46 27
47 26
48 25
48 24
49 23
49 22
50 21
51 20
51 19
52 18
53 17
53 16
54 15
54 14
55 13
56 12
56 11
57 10
58 9
58 8
59 7
59 6
60 5
60 5
60 4
60 4
60 4
61 4
61 4
62 3
62 3
63 3
63 3
64 3
64 3
65 3
66 3
66 3
67 3
67 3
68 4
68 4
68 5
68 5
68 6
68 6
68 7
67 8
67 9
67 9
66 10
65 11
65 11
65 12
64 13
64 14
64 14
63 15
63 16
62 17
62 17
61 18
61 19
61 19
60 20
60 20
59 21
59 21
59 21
59 21
60 21
60 21
61 20
61 20
62 19
62 18
62 18
63 17
64 17
64 17
65 16
65 16
66 16
67 16
67 16
68 16
68 16
68 17
68 17
68 17
68 18
68 19
68 19
67 20
67 21
67 21
66 22
66 23
66 23
65 24
65 25
65 25
64 26
64 27
64 27
64 28
63 29
63 30
63 30
62 31
62 31
62 32
62 32
62 33
62 33
63 33
63 33
64 33
64 33
65 32
65 32
66 31
67 31
67 31
68 30
68 29
68 29
69 28
70 27
70 27
71 26
71 25
71 25
72 24
73 23
73 23
74 22
74 21
74 21
75 20
75 20
76 19
76 19
76 19
76 19
76 20
76 20
75 21
75 21
74 22
74 23
74 23
73 24
73 25
73 25
73 26
72 27
72 28
72 28
71 29
71 30
71 30
71 31
71 32
71 33
71 33
71 34
71 35
71 35
71 36
70 37
70 38
70 38
70 39
69 40
69 41
69 41
69 42
68 43
68 44
68 44
68 45
67 46
67 47
67 47
66 48
66 49
65 50
65 50
65 51
64 52
64 53
64 53
63 54
62 54
62 54
61 55
61 55
61 55
60 55
60 55
61 54
61 53
61 53
61 52
61 51
61 51
61 50
62 49
62 48
62 48
63 47
63 46
64 45
64 45
65 44
65 43
66 42
66 42
67 41
68 40
69 39
69 39
70 38
70 37
71 36
71 36
72 35
73 34
73 33
74 32
74 32
75 31
76 30
77 30
78 29
78 29
79 28
80 27
81 27
82 26
82 26
83 25
84 24
85 24
86 23
86 23
87 22
88 21
88 20
89 19
89 19
90 18
90 17
91 16
91 16
92 15
93 14
93 13
94 12
94 12
95 11
95 10
96 9
96 9
96 8
97 7
97 6
97 6
98 5
98 4
98 4
99 3
99 2
99 2
98 1
98 1
98 1
97 1
97 1
96 2
96 2
95 3
95 3
94 4
93 5
93 5
92 6
91 6
91 6
90 7
90 8
90 8
90 9
90 10
90 11
90 11
89 12
89 13
89 13
89 14
89 15
89 15
89 16
89 17
89 18
89 18
89 19
90 20
90 21
90 21
90 22
90 23
90 24
90 24
90 25
91 26
91 27
91 27
91 28
91 29
91 30
91 30
91 31
92 32
92 33
92 33
92 34
93 35
93 36
93 37
93 37
93 38
94 39
94 40
94 40
94 41
94 42
95 43
95 44
95 45
95 45
95 46
95 47
95 48
95 49
95 50
95 50
95 51
95 52
95 53
95 54
95 55
95 56
95 56
95 57
95 58
94 59
94 60
94 61
94 62
94 62
94 63
94 64
93 65
93 66
93 67
93 68
93 68
93 69
92 70
92 71
92 72
92 73
91 74
91 75
91 75
91 76
90 77
90 78
89 79
89 80
89 80
89 81
88 82
88 83
87 84
87 85
86 86
86 87
86 87
85 88
85 89
84 90
84 91
83 92
83 93
83 93
82 94
82 95
81 96
80 97
80 98
79 99
