3 13
3 14
3 14
3 14
3 14
3 14
3 14
2 14
2 14
2 14
1 14
1 14
0 13
0 13
0 12
0 12
0 11
0 11
0 11
0 10
0 10
1 9
1 8
1 8
2 7
2 6
2 6
3 5
3 4
3 4
4 3
5 3
5 3
6 2
7 2
7 2
8 1
9 1
9 1
10 0
11 0
11 0
12 1
13 1
13 1
14 2
15 2
15 2
16 3
17 4
17 4
18 5
18 6
18 6
18 7
19 8
19 9
19 10
19 10
19 11
20 12
20 13
20 14
20 14
20 15
20 16
20 17
20 17
20 18
19 19
19 20
19 21
19 21
19 22
19 23
18 24
18 25
18 26
18 26
17 27
17 28
16 29
16 30
16 30
15 31
15 32
14 33
14 34
13 35
13 35
12 36
11 37
11 38
10 39
10 39
9 40
9 41
8 42
8 42
7 43
7 44
6 45
6 45
6 46
5 47
5 48
5 48
4 49
4 49
4 49
4 49
4 48
4 48
4 47
4 46
4 46
4 45
5 44
5 43
5 43
5 42
6 41
6 40
6 40
6 39
7 38
7 37
7 37
8 36
8 35
9 34
9 34
10 33
11 32
11 32
12 31
13 31
13 31
14 30
15 30
15 30
16 30
17 30
17 30
18 31
18 31
19 32
19 33
19 33
20 34
20 35
20 35
20 36
21 37
21 38
21 38
21 39
22 40
22 41
22 41
22 42
23 43
23 44
23 45
23 45
23 46
23 47
23 48
23 49
23 49
23 50
24 51
24 52
24 53
24 53
24 54
25 55
25 56
25 57
25 57
25 58
25 59
25 60
25 61
25 61
25 62
25 63
26 64
26 65
26 66
26 66
26 67
26 68
26 69
26 70
26 71
26 71
26 72
26 73
27 74
27 75
27 76
27 76
27 77
27 78
27 79
27 80
27 80
27 81
27 82
27 83
27 83
27 84
27 85
27 86
27 86
27 87
27 88
27 88
27 89
27 90
27 90
27 91
27 92
27 92
26 93
26 93
26 94
26 94
25 94
25 94
25 94
24 94
24 94
23 94
22 94
22 94
21 93
21 93
20 93
19 92
18 92
18 92
17 92
16 92
16 92
15 92
14 91
13 91
13 91
12 91
11 90
10 90
10 90
9 89
8 89
8 89
7 89
6 88
5 88
5 88
4 87
4 87
3 86
2 85
2 85
2 84
2 83
2 82
2 82
2 81
2 80
2 79
2 79
2 78
2 77
2 76
2 75
2 75
2 74
2 73
3 72
3 71
3 70
3 70
4 69
4 68
5 67
5 66
5 66
6 65
6 64
7 63
7 63
7 62
8 61
8 60
8 60
9 59
9 59
10 59
10 59
10 60
10 60
11 61
11 61
11 62
11 63
11 63
11 64
11 65
11 66
11 66
11 67
11 68
11 69
11 70
11 70
11 71
11 72
11 73
11 74
11 74
11 75
10 76
10 77
10 78
10 78
10 79
10 80
9 81
9 82
9 83
9 83
9 84
9 85
8 86
8 87
8 88
8 88
8 89
8 90
7 91
7 92
7 93
7 93
7 94
6 95
6 96
6 97
6 97
5 98
5 99
5 99
5 99
6 99
6 99
7 99
7 99
7 98
8 97
8 96
8 96
9 95
9 94
10 93
10 93
10 92
11 91
11 90
11 89
12 88
12 87
12 87
13 86
13 85
14 84
14 83
15 82
15 81
15 81
15 80
16 79
16 78
17 77
17 76
17 75
18 74
18 73
18 73
18 72
19 71
19 70
20 69
20 68
21 67
21 66
21 66
22 65
22 64
23 63
24 62
24 61
25 60
25 60
25 59
26 58
26 57
27 56
27 55
27 55
28 54
29 53
30 52
30 52
31 51
31 50
32 49
32 49
33 48
33 48
34 47
34 47
35 47
35 47
35 47
35 48
35 49
35 49
35 50
35 51
35 51
35 52
35 53
35 54
35 55
35 55
35 56
35 57
35 58
35 58
35 59
35 60
35 60
36 61
36 62
36 62
37 63
38 63
38 63
39 64
40 64
40 64
41 65
42 65
42 65
43 64
44 64
44 64
45 64
46 64
47 64
47 64
48 63
48 63
48 62
48 61
48 60
49 59
49 58
49 57
49 56
49 55
49 54
49 53
49 52
50 51
50 50
50 49
50 48
50 47
50 46
50 45
50 44
51 43
51 42
51 41
51 40
51 39
51 38
51 37
51 36
52 35
52 34
52 33
52 32
52 31
52 30
52 29
52 28
53 27
53 26
53 25
53 24
53 23
53 23
54 24
55 25
55 25
55 24
54 23
54 22
54 22
54 21
54 21
55 21
55 21
56 21
56 21
57 22
57 22
58 22
58 22
59 23
60 23
60 23
60 24
60 24
60 25
60 26
60 27
60 27
60 28
59 29
59 30
59 30
59 31
58 32
58 33
58 33
58 34
57 35
57 36
57 36
57 37
57 38
57 39
57 39
56 40
56 41
56 41
55 42
55 42
55 42
55 42
55 42
55 41
55 41
56 40
57 39
57 39
58 38
59 37
59 37
60 36
61 36
61 36
62 35
63 35
63 35
64 34
64 34
65 35
65 35
65 36
65 37
65 37
66 38
66 39
66 39
66 40
66 41
66 41
66 42
65 43
65 44
65 44
65 45
65 46
65 46
66 47
66 48
66 48
66 49
66 50
66 50
67 51
67 52
67 52
68 53
68 54
68 54
69 55
69 56
69 56
70 57
71 58
71 58
72 59
72 60
72 60
73 61
73 62
73 62
73 63
74 64
74 65
74 65
74 66
74 67
74 67
73 68
73 69
73 69
72 70
72 71
72 71
71 72
71 73
71 73
70 74
69 74
69 74
68 75
67 76
67 76
66 76
66 76
65 76
65 76
64 75
64 75
64 75
65 74
65 73
65 73
66 72
67 71
67 71
68 70
68 69
69 68
69 67
69 67
69 66
70 65
70 64
71 63
71 62
71 62
72 61
73 60
73 59
74 58
74 58
75 57
75 56
76 55
76 54
77 53
77 53
78 52
78 51
79 50
79 49
80 48
80 47
80 47
81 46
81 45
82 44
82 43
83 42
83 42
83 41
84 40
84 39
85 38
85 37
85 37
85 36
85 35
86 34
86 33
86 32
86 32
86 31
87 30
87 29
88 28
88 27
88 27
88 26
88 25
89 24
89 23
89 22
89 22
89 21
89 20
89 19
89 18
89 18
89 17
90 16
90 15
90 15
90 14
90 13
90 12
90 12
90 11
90 10
90 10
90 9
90 9
90 8
90 7
90 6
90 6
89 5
89 5
88 6
87 6
87 6
86 7
86 7
85 8
84 8
84 8
83 9
82 10
82 10
81 11
81 12
81 12
81 13
80 14
80 15
80 15
80 16
80 17
80 18
80 18
80 19
81 20
81 21
81 22
81 22
81 23
82 24
82 25
82 26
82 26
82 27
83 28
83 29
83 30
83 30
84 31
84 32
85 33
85 33
86 34
87 35
87 35
88 36
88 37
89 38
89 38
90 39
90 40
90 40
91 41
92 42
93 43
93 43
94 44
94 45
95 46
95 46
95 47
96 48
96 49
97 50
97 51
97 51
97 52
98 53
98 54
98 55
98 55
98 56
98 57
99 58
99 59
99 60
99 60
99 61
99 62
99 63
99 64
99 64
99 65
99 66
98 67
98 68
98 69
98 69
98 70
98 71
97 72
97 73
97 74
97 74
97 75
97 76
97 77
97 78
97 79
97 79
97 80
97 81
96 82
96 83
96 84
96 84
96 85
96 86
95 87
95 88
95 89
95 89
95 90
95 91
95 92
95 93
