0 14
1 13
2 12
2 12
3 11
3 10
3 10
4 9
4 8
4 8
5 8
6 8
6 8
7 8
8 8
8 8
9 9
9 9
10 9
11 9
11 9
12 10
13 10
13 10
14 11
15 11
15 11
16 11
16 11
17 12
17 13
17 13
18 14
18 14
18 15
18 16
18 16
18 17
18 18
18 19
18 20
18 20
18 21
17 22
17 23
17 24
17 24
17 25
16 26
16 27
16 28
16 28
16 29
15 30
15 31
15 32
15 32
14 33
14 34
13 35
13 35
12 36
12 37
12 37
11 38
11 39
11 39
10 40
10 41
10 41
10 42
10 42
9 42
9 42
9 42
9 42
9 42
9 41
9 41
10 40
10 40
11 39
11 38
11 38
12 37
12 36
12 36
13 35
13 35
14 34
14 34
15 34
15 34
16 35
16 35
16 36
16 36
17 37
17 37
18 38
18 39
18 39
18 40
18 41
18 42
18 42
18 43
19 44
19 45
19 45
19 46
19 47
19 48
19 48
19 49
20 50
20 51
20 51
20 52
20 53
20 54
20 55
20 55
20 56
21 57
21 58
21 58
21 59
22 60
22 61
22 62
22 62
22 63
22 64
22 65
22 66
22 67
22 67
22 68
23 69
23 70
23 71
23 71
23 72
23 73
23 74
23 75
23 75
23 76
24 77
24 78
24 79
24 79
24 80
25 81
25 82
25 82
25 83
25 84
25 85
25 86
25 86
25 87
25 88
25 89
25 89
25 90
25 91
25 92
25 92
25 93
25 94
25 95
25 95
24 96
24 96
23 97
23 98
23 98
22 99
21 99
21 99
20 99
19 99
19 99
18 99
17 99
16 99
16 99
15 99
14 99
13 99
13 99
12 99
11 99
10 99
10 99
9 98
8 98
8 98
7 97
6 97
6 97
5 96
4 95
4 95
3 94
3 93
3 93
2 92
2 91
2 91
2 90
2 89
2 88
2 88
2 87
2 86
2 85
2 84
2 84
2 83
3 82
3 81
3 80
3 80
3 79
4 78
4 77
4 76
4 76
4 75
5 74
5 73
5 73
5 72
6 71
6 70
6 70
7 69
7 68
7 68
8 67
8 67
9 67
9 67
10 68
10 68
10 69
10 69
11 70
11 71
11 71
11 72
11 73
11 73
11 74
11 75
11 76
11 76
11 77
11 78
11 79
11 79
11 80
11 81
11 82
11 83
11 83
11 84
11 85
11 86
11 86
11 87
11 88
11 89
11 89
11 90
11 91
11 92
11 92
11 93
11 94
11 94
11 95
11 95
12 95
12 95
12 95
12 94
12 94
12 93
13 92
13 91
13 91
13 90
14 89
14 88
14 88
14 87
15 86
15 85
15 84
16 83
16 82
16 82
16 81
17 80
17 79
17 78
18 77
18 76
18 76
18 75
18 74
18 73
19 72
19 71
19 70
19 69
19 69
19 68
20 67
20 66
21 65
21 64
22 63
22 62
22 62
22 61
23 60
23 59
23 58
24 57
24 56
24 56
24 55
25 54
25 53
26 52
26 51
26 51
27 50
27 49
28 48
28 47
28 47
29 46
30 45
30 45
31 44
31 43
31 43
32 42
32 41
32 41
33 41
33 41
33 41
34 41
34 41
34 42
34 42
34 43
34 44
34 44
35 45
35 46
35 46
35 47
35 48
35 48
35 49
34 50
34 51
34 51
34 52
34 53
34 54
34 54
35 55
35 56
35 56
35 57
35 58
35 58
36 59
36 59
37 60
38 61
38 61
39 62
39 62
40 63
41 63
41 63
42 63
43 63
43 63
44 63
44 63
45 63
46 63
46 63
47 62
47 62
48 62
48 62
49 61
50 60
50 60
51 59
51 59
51 58
51 57
52 56
52 55
52 54
52 53
53 52
53 51
53 50
53 49
53 48
54 47
54 46
54 45
54 44
54 43
55 42
55 41
55 40
55 39
56 38
56 37
56 36
56 35
56 34
57 33
57 32
57 31
57 30
58 29
58 28
58 27
58 26
58 25
59 24
59 23
59 22
59 21
59 20
60 19
60 18
60 17
60 16
61 15
61 14
61 13
61 13
62 13
63 13
63 13
64 12
64 11
64 11
64 11
64 11
65 12
65 12
65 13
65 14
65 14
65 15
64 16
64 17
64 17
64 18
63 19
63 20
63 21
63 22
62 23
62 24
62 25
62 26
61 27
61 28
61 28
61 29
60 30
60 31
60 31
60 32
60 32
60 32
61 32
61 32
62 32
62 32
63 31
63 31
64 31
64 31
65 32
65 32
66 33
66 33
66 34
66 34
66 35
66 36
66 36
66 37
66 38
66 38
67 39
67 40
67 40
67 41
67 41
67 42
67 43
67 43
68 44
68 44
69 45
69 46
69 46
69 47
69 48
69 48
69 49
69 50
69 50
70 51
70 52
70 52
70 53
71 54
71 55
71 55
71 56
71 57
71 57
72 58
72 59
72 59
72 60
72 61
72 61
73 62
73 62
73 63
73 64
73 64
74 65
74 66
74 66
74 67
74 68
74 69
74 69
74 70
73 71
73 72
73 72
73 73
72 74
72 75
72 75
71 76
71 77
71 77
70 78
70 79
70 79
70 79
69 79
69 79
68 78
68 78
68 77
68 77
68 76
67 75
67 74
67 74
67 73
67 72
67 71
67 71
67 70
67 69
67 69
67 68
68 67
68 66
68 66
68 65
69 64
69 63
69 63
70 62
71 61
71 60
72 59
72 59
73 58
74 57
74 56
75 55
75 55
76 54
76 53
77 52
77 51
78 50
78 50
79 49
79 48
80 47
80 46
81 45
81 45
82 44
82 43
83 42
83 41
84 40
84 39
84 39
84 38
85 37
85 36
85 35
86 34
86 33
86 33
86 32
87 31
87 30
88 29
88 28
88 28
88 27
88 26
89 25
89 24
89 23
89 22
89 22
89 21
90 20
90 19
90 18
90 18
90 17
90 16
90 15
90 14
90 14
90 13
90 12
90 11
90 11
90 10
90 9
90 9
90 8
90 7
90 7
90 6
90 5
90 5
90 4
90 4
90 3
90 2
90 2
89 1
89 1
89 1
88 0
88 0
87 1
87 1
86 2
86 2
85 3
85 4
85 4
85 5
84 6
84 7
84 7
84 8
83 9
83 10
83 10
83 11
83 12
83 13
83 13
83 14
84 15
84 16
84 16
84 17
84 18
84 19
84 20
84 20
84 21
85 22
85 23
85 23
85 24
86 25
86 26
86 26
87 27
87 28
88 29
88 29
88 30
89 31
89 32
89 32
90 33
90 34
90 34
90 35
91 36
91 37
91 37
91 38
92 39
92 40
92 40
92 41
93 42
93 43
93 44
93 44
94 45
94 46
95 47
95 47
95 48
96 49
96 50
96 51
96 51
96 52
97 53
97 54
97 55
97 55
97 56
98 57
98 58
98 59
98 59
98 60
98 61
99 62
99 63
99 64
99 64
99 65
99 66
98 67
98 68
98 69
98 70
98 70
98 71
98 72
98 73
98 74
98 75
98 76
98 76
98 77
98 78
97 79
97 80
97 81
97 81
97 82
97 83
96 84
96 85
96 86
96 86
96 87
96 88
95 89
95 90
95 91
95 91
95 92
94 93
94 94
94 95
