4 4
4 4
4 4
4 4
4 3
4 3
5 3
5 3
6 2
6 2
7 2
8 2
8 2
9 1
9 1
10 1
11 1
11 1
12 1
12 1
13 2
13 2
13 2
13 3
13 4
13 4
13 5
13 6
13 7
13 7
13 8
12 9
12 10
12 10
11 11
11 12
10 13
10 13
10 14
9 15
9 16
9 16
8 17
8 18
7 19
7 19
7 20
6 21
6 22
6 22
5 23
4 24
4 24
3 25
3 26
3 26
2 26
2 26
2 27
2 27
2 26
2 26
3 26
3 26
4 25
4 25
5 25
6 25
6 25
7 24
8 24
8 24
9 23
10 23
10 23
11 23
12 23
12 23
13 23
14 23
14 23
15 23
15 23
16 24
16 24
17 25
18 25
18 25
19 26
19 26
19 27
19 28
19 29
19 29
19 30
20 31
20 32
20 32
20 33
20 34
20 35
20 35
20 36
20 37
20 38
20 39
20 39
20 40
20 41
20 42
20 43
20 43
20 44
19 45
19 46
19 47
19 47
19 48
18 49
18 50
18 51
18 51
18 52
17 53
17 54
17 55
17 55
17 56
16 57
16 58
16 58
16 59
15 60
15 61
15 61
15 62
14 63
14 64
14 64
14 65
14 66
14 66
13 67
13 67
12 68
12 68
12 67
11 66
11 65
10 64
10 63
10 62
9 61
9 60
8 59
8 58
8 57
7 56
7 55
6 54
6 53
6 52
5 51
5 50
5 49
4 48
4 47
3 46
3 45
3 44
2 43
2 42
1 41
1 40
1 40
0 39
0 39
0 38
0 38
0 37
0 37
0 37
1 37
1 37
2 37
2 37
3 36
4 36
4 36
5 36
6 36
6 36
7 36
8 36
8 36
9 37
9 37
10 37
10 37
11 38
11 39
11 39
11 40
11 41
11 42
11 42
11 43
10 44
10 45
10 46
10 46
10 47
9 48
9 49
9 49
9 50
8 51
8 52
8 53
8 53
8 54
7 55
7 56
7 56
7 57
7 58
7 58
7 59
7 59
6 60
6 60
6 60
6 59
6 59
6 58
6 57
6 57
7 56
8 55
8 55
8 54
9 53
9 52
9 52
10 51
10 50
11 49
11 48
11 48
12 47
13 46
14 45
14 45
15 44
16 43
16 42
17 41
17 41
18 40
18 39
19 38
19 38
20 37
21 36
21 35
22 34
22 34
23 33
24 32
25 31
26 30
26 30
27 29
28 28
29 27
29 27
30 26
31 25
31 24
32 23
32 23
33 22
33 21
34 20
34 20
35 19
36 18
36 18
37 18
37 18
37 18
37 18
37 19
37 19
36 20
36 21
36 21
35 22
35 23
34 24
34 24
33 25
33 26
32 27
32 27
32 28
31 29
31 30
31 31
31 31
30 32
30 33
29 34
29 34
29 35
28 36
28 37
28 37
28 38
28 39
28 39
28 40
28 41
28 41
28 42
28 43
28 43
29 44
29 44
30 44
30 44
31 45
31 45
32 44
33 44
33 44
34 44
35 44
35 44
36 43
37 43
37 43
38 42
39 41
39 41
39 40
40 39
40 38
41 37
41 36
42 35
42 34
43 33
43 32
44 31
44 30
45 29
45 28
46 27
46 26
47 25
47 24
48 23
48 22
48 21
49 20
49 19
50 18
50 17
51 16
51 15
52 14
52 13
53 12
53 11
54 10
54 9
55 8
55 7
56 6
56 5
57 4
57 3
57 3
56 3
56 3
56 3
56 2
56 2
57 2
57 2
58 2
58 2
59 1
59 1
60 1
61 1
61 1
62 1
63 1
63 1
64 1
64 1
65 1
65 1
66 2
66 3
66 3
65 4
65 5
65 5
65 6
65 7
65 8
65 8
64 9
64 10
63 11
63 11
63 12
62 13
62 14
62 14
61 15
60 16
60 16
59 17
59 18
59 18
58 19
58 20
58 20
57 21
57 21
56 21
56 21
56 21
56 21
56 21
57 20
57 20
58 19
59 19
59 19
60 18
60 17
60 17
61 16
62 15
62 15
63 14
64 14
64 14
65 13
66 13
66 13
67 13
67 13
67 13
67 14
67 14
67 15
67 16
67 16
67 17
67 18
67 18
66 19
66 20
66 20
66 21
65 22
65 23
65 23
64 24
64 25
64 25
64 26
63 27
63 28
63 28
62 29
62 30
62 30
62 31
62 31
62 32
62 32
63 32
63 32
63 31
63 31
64 30
65 30
65 30
66 29
66 28
66 28
67 27
68 26
68 26
69 25
69 24
70 23
70 23
71 22
71 21
71 21
72 20
73 19
73 19
74 18
74 17
74 17
75 16
75 16
76 15
76 15
77 14
77 14
77 14
77 14
77 15
77 15
77 16
77 17
77 17
76 18
76 18
76 19
76 20
76 20
76 21
75 22
75 23
75 23
75 24
74 25
74 26
74 26
74 27
74 28
74 29
74 29
74 30
73 31
73 32
73 33
73 33
72 34
72 35
71 36
71 37
71 37
71 38
70 39
70 40
70 41
70 41
70 42
69 43
69 44
69 45
69 45
69 46
68 47
68 48
68 49
68 49
68 50
67 51
67 52
67 53
67 53
67 54
66 55
66 56
66 56
66 57
66 58
66 58
65 59
65 60
65 60
64 61
64 61
64 61
64 61
64 60
64 60
63 59
63 59
63 58
63 57
63 56
63 56
63 55
63 54
63 54
64 53
64 52
64 52
64 51
64 50
64 50
65 49
65 48
65 48
66 47
66 46
66 46
67 45
67 44
67 44
68 43
69 42
69 42
70 41
70 40
71 39
71 39
72 38
73 37
73 37
74 36
75 35
75 35
76 34
77 33
78 32
78 32
79 31
80 30
81 30
82 29
82 29
83 28
84 28
85 27
85 27
86 26
87 25
88 24
88 24
89 23
90 22
90 21
91 20
91 20
92 19
92 18
93 17
93 17
94 16
94 15
95 14
95 14
96 13
96 12
97 11
97 10
97 10
97 9
98 8
98 7
98 6
98 6
98 5
99 4
99 3
99 3
98 2
98 2
98 1
98 1
97 1
97 1
96 1
95 1
95 1
94 2
94 2
93 3
92 4
92 4
92 5
91 6
91 7
91 7
90 8
90 9
89 10
89 10
89 11
88 12
88 13
88 13
88 14
87 15
87 16
87 17
87 17
87 18
86 19
86 20
86 20
86 21
85 22
85 23
85 24
85 24
85 25
85 26
85 27
85 28
85 28
85 29
86 30
86 31
86 31
86 32
86 33
86 34
86 35
86 35
86 36
87 37
87 38
87 39
87 39
87 40
87 41
87 42
87 43
87 43
87 44
88 45
88 46
88 47
88 47
88 48
88 49
89 50
89 51
89 52
89 52
89 53
89 54
89 55
89 56
89 57
89 57
89 58
89 59
89 60
89 61
89 62
89 63
89 63
89 64
89 65
89 66
89 67
89 68
89 69
89 69
89 70
89 71
88 72
88 73
88 74
88 75
88 75
88 76
88 77
88 78
88 79
88 80
88 81
88 81
88 82
88 83
87 84
87 85
87 86
87 87
87 87
87 88
87 89
87 90
86 91
86 92
86 93
86 94
86 94
86 95
86 96
85 97
85 98
85 99
