3 8
3 9
3 9
2 9
2 9
2 9
2 9
2 9
2 8
2 8
2 8
2 8
2 8
2 8
2 8
2 8
2 8
2 8
3 7
3 7
4 6
5 6
5 6
6 5
6 5
7 5
8 5
8 5
9 5
9 5
10 6
11 6
11 6
12 7
12 8
12 8
13 9
13 9
13 10
13 11
13 11
13 12
13 13
13 13
13 14
13 14
12 15
12 16
12 16
11 17
10 18
10 18
10 19
9 20
9 21
9 21
8 22
7 23
7 23
6 24
5 25
5 25
4 26
4 27
4 27
3 28
3 28
3 28
3 28
4 27
4 27
5 26
5 26
6 25
7 24
7 24
8 23
8 23
9 22
10 21
10 21
11 20
12 20
12 20
13 19
14 19
14 19
15 19
15 19
16 18
16 18
16 18
17 18
17 18
17 18
17 18
17 18
17 18
17 18
17 18
17 18
17 18
17 18
17 18
17 18
17 19
17 19
17 19
18 19
18 19
18 20
18 20
19 21
19 22
19 22
19 23
19 24
19 25
19 25
19 26
19 27
20 28
20 29
20 30
20 30
20 31
20 32
21 33
21 34
21 35
21 36
21 36
21 37
21 38
21 39
21 40
21 41
21 41
21 42
22 43
22 44
22 45
22 45
22 46
23 47
23 48
23 48
23 49
23 50
23 51
23 51
23 52
23 53
23 54
23 54
23 55
23 56
23 57
23 57
23 58
22 59
22 60
22 60
22 61
22 62
22 62
21 63
21 64
21 64
20 65
20 66
20 66
19 67
19 67
18 68
18 68
17 69
17 69
16 69
15 69
15 69
14 68
14 68
13 67
12 67
12 67
11 66
11 66
10 65
9 64
9 64
9 63
8 62
8 61
8 61
8 60
7 59
7 58
7 58
6 57
6 56
5 55
5 55
5 54
4 53
4 52
4 52
4 51
3 50
3 49
3 48
3 48
3 47
2 46
2 45
2 44
2 44
2 43
1 42
1 41
1 40
1 40
1 39
0 38
0 37
0 37
0 36
0 36
0 35
0 34
0 34
0 33
0 33
0 32
0 31
0 31
0 30
0 30
0 29
0 29
0 29
1 29
1 29
1 28
1 28
2 28
2 28
3 28
3 28
4 28
4 28
5 28
5 28
6 27
6 27
7 27
7 27
8 27
8 27
9 28
9 28
9 28
10 29
10 30
10 30
10 31
10 31
10 32
10 33
10 33
9 34
9 35
9 35
9 36
9 37
9 37
8 38
8 39
8 39
7 40
7 40
6 41
6 42
6 42
5 43
5 44
5 44
4 45
4 45
3 46
3 46
2 47
2 47
2 48
2 48
1 48
1 48
1 48
2 47
2 47
3 46
3 46
4 45
4 45
5 44
6 43
6 43
7 42
8 41
9 40
9 40
10 39
11 38
11 38
12 37
13 36
14 35
14 35
15 34
16 33
17 32
17 32
18 31
18 30
19 29
19 29
20 28
21 28
22 27
22 27
23 26
23 25
24 24
24 24
25 23
25 23
26 22
26 22
27 21
27 21
27 21
27 21
27 21
27 21
27 21
27 21
27 21
27 21
27 21
27 21
26 21
26 21
26 22
26 22
25 23
25 23
25 24
25 25
25 25
24 26
24 27
24 27
24 28
24 29
24 29
23 30
23 31
23 31
24 32
24 33
24 33
24 34
24 35
24 35
25 36
25 36
26 37
27 37
27 37
28 37
29 37
29 37
30 37
31 37
32 37
32 37
33 36
34 36
35 35
36 35
36 35
37 35
38 34
39 34
39 34
40 33
41 33
42 32
42 32
43 31
44 31
44 31
45 31
45 31
45 31
45 31
45 30
45 29
45 28
45 27
46 26
46 25
46 24
46 23
46 22
46 21
46 20
46 19
46 18
47 17
47 16
47 15
47 14
47 13
47 12
47 11
47 10
47 9
48 8
48 7
48 6
48 5
48 4
48 4
49 4
49 4
49 4
48 4
48 4
49 3
49 3
49 2
49 2
50 1
50 1
51 1
51 1
52 1
52 1
53 0
53 0
53 1
53 1
54 1
54 1
55 1
55 1
56 1
56 1
57 1
57 1
57 2
57 2
58 3
58 3
59 4
59 4
59 5
59 5
59 6
59 7
59 7
58 8
58 9
58 9
58 10
58 11
58 11
57 12
57 12
56 13
55 14
55 14
54 15
53 16
53 16
52 17
52 18
51 19
51 19
50 20
50 20
49 21
49 21
49 22
49 22
49 22
50 22
50 22
50 21
50 21
51 20
52 20
52 20
53 19
53 19
54 18
54 18
55 17
55 17
56 16
56 16
57 16
57 16
57 16
57 16
57 16
57 16
57 16
57 16
57 16
57 16
57 16
57 16
57 17
57 17
57 17
57 17
57 18
57 18
57 19
57 19
57 20
57 21
57 21
56 22
56 23
56 23
56 24
56 25
56 26
56 26
56 27
56 28
56 28
55 29
55 29
56 30
56 30
56 31
56 31
57 31
57 31
58 31
58 31
59 31
59 31
60 30
61 30
61 30
62 30
63 29
64 29
64 29
65 28
66 28
66 28
67 27
68 27
69 26
69 26
70 25
70 24
70 24
71 23
72 22
72 22
73 21
73 20
73 20
73 19
73 19
73 18
73 18
73 18
72 18
72 18
72 17
72 17
71 17
71 17
71 17
70 17
70 17
70 17
70 17
70 17
70 17
70 17
70 17
70 18
70 18
70 18
70 18
69 19
69 19
69 20
69 20
69 21
69 22
69 22
69 23
69 24
69 25
69 25
69 26
69 27
69 28
69 29
69 29
69 30
69 31
69 32
69 32
69 33
69 34
69 35
69 35
69 36
69 37
69 38
69 38
69 39
69 40
69 40
69 41
69 42
69 42
69 43
69 43
69 43
69 43
69 43
68 43
68 43
67 43
67 43
66 43
66 43
65 44
65 44
64 44
63 44
63 44
62 44
62 44
61 44
60 44
60 44
59 44
59 44
58 44
58 44
57 44
57 44
56 44
56 44
56 44
56 43
56 43
56 42
56 42
57 41
58 40
58 40
59 39
60 38
60 38
61 37
62 37
63 36
63 36
64 35
65 34
66 33
66 33
67 32
68 31
69 31
70 30
70 30
71 29
72 29
73 28
74 28
75 27
75 27
76 26
77 25
78 25
79 24
80 23
80 23
81 22
82 22
83 21
84 21
85 20
85 20
86 19
87 18
88 18
89 17
89 17
90 16
91 15
92 15
93 14
93 14
94 13
95 13
96 12
96 12
97 11
98 10
98 10
99 9
99 9
98 9
98 9
97 8
97 8
96 8
96 8
95 7
95 7
94 6
93 6
93 6
92 6
91 6
91 6
90 5
89 5
89 5
88 5
88 5
87 4
86 4
86 4
85 4
85 4
85 4
84 4
84 4
84 4
84 4
84 4
84 4
84 4
84 4
84 4
84 4
84 4
84 4
84 4
84 4
84 5
84 5
83 6
83 6
83 7
83 7
83 8
83 9
83 9
83 10
82 11
82 12
82 13
82 13
82 14
82 15
82 16
82 17
82 17
82 18
82 19
81 20
81 21
81 22
81 23
81 23
81 24
81 25
80 26
80 27
80 28
80 29
80 29
80 30
80 31
80 32
80 33
80 34
80 34
80 35
80 36
80 37
80 38
80 39
80 39
81 40
81 41
82 42
82 43
82 43
83 44
83 45
84 46
84 47
84 47
85 48
86 49
86 50
87 51
87 51
88 52
88 53
89 54
89 55
89 55
89 56
89 57
89 58
89 59
89 60
89 61
89 61
89 62
89 63
88 64
88 65
88 66
88 67
88 67
87 68
87 69
86 70
86 71
85 72
84 73
84 74
83 75
83 76
82 77
82 77
81 78
81 79
80 80
79 81
78 82
78 83
77 84
76 85
75 86
75 87
74 88
74 88
73 89
72 90
71 91
70 92
69 93
69 94
68 95
67 96
66 97
65 98
64 99
