0 16
1 15
1 14
1 14
1 13
1 13
2 12
2 12
2 12
3 11
4 11
4 11
5 10
5 10
6 9
7 9
7 9
8 9
9 9
10 9
10 9
11 8
12 8
12 8
13 8
14 8
14 8
15 9
15 9
16 9
16 9
17 10
17 10
17 11
17 11
17 12
17 13
17 13
16 14
16 15
16 15
15 16
15 17
14 18
14 18
13 19
13 20
12 21
12 21
11 22
11 23
10 24
10 24
9 25
8 26
8 27
7 28
7 28
6 29
6 30
5 31
5 31
4 32
3 33
3 33
3 33
2 33
2 33
3 33
3 33
3 32
3 31
3 31
4 30
4 29
4 29
5 28
5 27
5 27
6 26
6 25
7 24
7 24
8 23
9 23
9 23
10 23
11 22
12 22
12 22
13 22
14 22
14 22
15 23
16 23
16 23
17 24
18 25
18 25
19 26
20 27
20 28
21 29
21 29
21 30
22 31
22 32
22 33
22 33
22 34
23 35
23 36
23 37
24 38
24 39
24 39
24 40
24 41
24 42
25 43
25 44
25 45
25 46
25 46
25 47
25 48
25 49
25 50
25 51
25 52
25 53
25 53
25 54
25 55
25 56
25 57
25 58
25 59
25 59
25 60
25 61
25 62
25 63
25 64
25 65
25 66
25 67
25 67
25 68
25 69
24 70
24 71
24 72
24 73
24 73
24 74
24 75
23 76
23 77
23 78
23 79
23 79
23 80
23 81
22 82
22 83
22 84
22 84
22 85
21 86
21 87
21 87
20 88
20 88
19 87
18 86
18 85
17 84
16 83
15 82
15 81
14 80
13 79
13 79
12 78
12 77
11 76
11 75
10 74
10 73
9 72
9 71
8 70
8 70
7 69
7 68
6 67
6 67
6 66
5 65
5 64
5 64
5 63
5 62
5 61
5 61
5 60
6 59
6 58
6 58
6 57
6 56
6 55
6 55
7 54
7 53
8 52
8 52
9 51
9 50
10 49
10 49
11 48
12 47
12 47
13 46
14 46
14 46
15 46
16 46
16 46
17 46
17 46
18 47
19 48
19 48
19 49
19 50
19 50
19 51
18 52
18 53
18 53
18 54
17 55
17 56
17 57
17 57
17 58
16 59
16 60
15 61
15 62
15 62
15 63
14 64
14 65
13 66
13 67
13 67
12 68
12 69
11 70
11 71
11 71
11 72
10 73
10 74
10 74
9 75
9 75
9 75
10 74
10 73
11 72
11 71
12 70
12 69
13 68
14 67
14 66
15 65
15 64
16 63
16 62
17 61
17 61
18 60
18 59
19 58
20 57
21 56
21 55
22 54
23 53
23 52
24 51
24 51
25 50
25 49
26 48
27 47
27 46
28 45
28 45
29 44
30 43
31 42
32 41
32 41
33 40
34 39
35 38
35 38
36 37
37 36
38 35
38 35
39 34
40 34
41 33
41 33
42 33
42 33
43 33
43 33
43 33
42 34
42 35
42 35
42 36
41 37
41 38
41 38
41 39
40 40
40 41
39 42
39 43
39 43
39 44
38 45
38 46
38 47
38 47
38 48
37 49
37 50
37 50
37 51
37 52
37 52
38 53
38 54
38 54
39 54
39 54
40 54
41 54
41 54
42 53
43 53
43 53
44 52
45 52
46 51
46 51
47 50
48 49
48 49
49 48
50 48
51 47
51 47
51 46
52 45
52 44
52 44
52 43
52 42
52 41
52 40
53 39
53 38
53 37
53 36
53 35
53 34
53 33
53 32
53 31
53 30
54 29
54 28
54 27
54 26
54 25
54 24
54 23
54 22
54 21
54 20
55 19
55 18
55 17
55 16
55 15
55 14
55 14
55 13
55 12
55 11
55 11
55 10
55 10
55 9
55 9
55 9
56 9
56 9
56 9
56 9
57 10
57 10
57 11
57 12
57 12
57 13
57 13
57 14
57 15
57 15
57 16
57 17
57 17
57 18
57 19
57 19
56 20
56 21
56 21
55 22
54 23
54 23
53 24
53 25
53 25
53 26
52 27
52 28
52 28
52 29
52 29
52 29
52 29
53 29
53 29
54 28
54 27
54 27
55 26
55 25
56 24
56 24
57 23
58 23
59 22
59 22
60 21
60 20
61 19
61 19
62 18
62 17
62 17
63 16
63 16
64 16
64 16
64 16
64 16
64 17
64 18
64 18
64 19
63 20
63 21
63 21
63 22
62 23
62 24
62 24
62 25
61 26
61 27
60 28
60 29
60 29
60 30
59 31
59 32
59 33
59 33
59 34
59 35
58 36
58 37
58 38
58 38
58 39
58 40
58 41
58 41
59 42
59 43
59 43
60 44
60 44
61 45
61 45
62 44
63 44
63 44
64 43
64 43
65 42
65 41
66 40
66 40
67 39
68 38
68 38
68 37
69 36
69 35
69 35
69 34
70 33
70 32
70 32
70 31
70 30
70 29
70 28
70 28
70 27
71 26
71 25
71 25
71 24
71 24
71 24
70 25
70 25
70 26
70 27
70 27
70 28
70 29
70 30
70 31
70 31
70 32
70 33
70 34
70 35
70 35
70 36
70 37
70 38
70 39
70 40
70 40
70 41
70 42
70 43
70 44
70 45
70 45
70 46
70 47
70 48
70 49
70 49
70 50
70 51
70 52
70 53
70 53
70 54
69 55
69 56
69 56
69 57
69 58
69 59
69 59
69 60
68 61
68 62
68 62
67 63
67 63
66 63
66 63
66 62
66 62
66 61
65 60
65 59
65 59
65 58
66 57
66 56
66 56
66 55
66 54
67 53
67 52
67 51
67 51
67 50
68 49
68 48
69 47
69 46
69 46
70 45
71 44
71 43
72 42
72 42
73 41
73 40
74 39
74 38
75 37
75 37
76 36
77 35
78 35
79 34
80 33
80 33
81 32
82 31
82 30
83 29
83 29
84 28
85 27
86 26
87 25
87 25
88 24
89 23
90 22
90 22
91 21
92 20
92 19
93 18
93 18
94 17
94 16
95 15
95 14
95 14
96 13
96 12
97 11
97 11
97 10
98 9
98 8
98 8
99 7
99 6
99 6
99 5
98 4
98 3
98 3
97 2
97 2
96 1
95 1
95 1
94 0
94 0
93 1
92 1
92 1
91 2
90 2
90 2
89 3
89 4
88 5
88 5
87 6
86 7
86 7
86 8
85 9
85 10
85 11
85 11
85 12
85 13
85 14
85 15
85 15
85 16
85 17
85 18
85 19
85 19
85 20
85 21
85 22
85 23
85 24
85 24
85 25
85 26
85 27
85 28
85 29
85 30
85 30
85 31
85 32
85 33
85 34
85 35
85 36
85 36
85 37
85 38
85 39
86 40
86 41
86 42
86 43
86 44
86 44
86 45
86 46
86 47
86 48
86 49
86 50
86 51
86 51
86 52
86 53
86 54
87 55
87 56
87 57
87 58
87 58
87 59
87 60
87 61
88 62
88 63
88 64
88 65
88 66
88 66
88 67
88 68
88 69
88 70
88 71
88 72
88 73
88 73
88 74
88 75
88 76
88 77
88 78
88 79
88 80
88 80
88 81
88 82
88 83
88 84
88 85
88 86
88 87
88 88
88 88
88 89
87 90
87 91
86 92
86 93
86 93
85 94
85 95
84 96
84 97
84 97
83 98
82 99
82 99
81 99
80 99
