8 15
9 15
10 15
10 15
10 14
10 14
10 13
10 12
10 12
11 13
11 13
12 13
13 14
14 14
14 14
15 15
16 16
16 16
17 17
18 18
18 18
19 19
19 20
19 20
19 21
20 22
20 23
20 23
20 24
20 25
20 26
20 26
20 27
19 28
19 29
19 29
18 30
18 31
17 32
17 32
16 33
16 34
15 35
15 35
14 36
13 37
13 37
12 38
11 38
10 39
10 39
9 39
9 39
8 39
8 39
8 39
8 38
8 37
8 37
9 36
10 36
10 36
11 35
12 34
12 34
13 33
14 32
14 32
15 31
15 31
16 32
17 32
17 32
18 33
18 33
18 34
18 35
18 35
19 36
19 37
19 37
19 38
19 39
19 40
19 41
19 41
19 42
19 43
19 44
19 45
19 45
19 46
20 47
20 48
20 49
20 49
20 50
20 51
21 52
21 53
21 54
21 54
21 55
21 56
22 57
22 58
22 59
22 60
22 60
22 61
22 62
23 63
23 64
23 65
23 65
23 66
23 67
23 68
23 69
23 70
23 71
23 71
23 72
23 73
23 74
23 75
23 76
23 77
23 77
23 78
22 79
22 80
22 81
22 81
22 82
21 83
21 84
21 84
20 85
20 86
19 87
19 87
18 88
17 89
17 89
16 89
15 90
14 90
14 90
13 90
12 91
11 91
11 91
10 91
9 90
8 90
8 90
7 89
6 89
5 88
5 88
4 87
3 86
3 85
2 84
2 84
2 83
1 82
1 81
1 80
0 79
0 78
0 78
0 77
0 76
0 75
0 74
0 73
0 72
0 72
0 71
0 70
0 69
0 68
0 67
0 67
0 66
1 65
1 64
2 63
2 62
2 62
3 61
3 60
4 59
4 59
5 58
6 57
6 57
7 56
7 56
8 56
8 56
9 57
9 58
9 58
9 59
9 60
9 61
9 61
9 62
9 63
9 64
9 65
9 65
9 66
9 67
8 68
8 69
8 70
8 70
8 71
7 72
7 73
7 74
7 74
6 75
6 76
5 77
5 77
5 78
5 79
5 79
5 80
5 80
6 79
6 78
6 78
7 77
8 76
8 76
9 75
10 74
10 73
11 72
12 71
12 71
13 70
14 69
15 68
15 67
16 66
17 65
17 65
18 64
19 63
20 62
21 61
22 60
23 59
23 59
24 58
25 57
26 56
27 55
28 54
29 53
29 53
30 52
31 51
32 51
33 50
33 50
34 49
35 49
36 48
37 48
37 48
38 48
38 48
39 48
39 48
40 49
40 50
40 50
40 51
40 52
40 52
40 53
40 54
40 55
40 55
40 56
40 57
40 58
40 58
40 59
41 60
41 61
41 61
42 62
42 63
42 63
43 64
44 65
44 65
45 66
45 67
45 67
46 68
46 69
46 69
47 70
47 71
47 71
46 72
46 73
46 73
46 74
45 75
45 76
45 76
44 77
44 78
44 78
44 77
44 76
45 75
45 74
45 73
45 72
45 71
46 70
46 69
46 68
46 67
47 66
47 65
47 64
47 63
47 62
48 61
48 60
48 59
48 58
48 57
49 56
49 55
49 54
49 53
49 52
50 51
50 50
50 49
50 48
51 47
51 46
51 45
51 44
51 43
52 42
52 41
52 40
52 39
52 38
53 37
53 36
53 35
53 34
53 33
54 32
54 31
54 30
54 29
54 28
55 27
55 26
55 25
55 24
56 23
56 22
56 21
56 20
56 19
57 18
57 17
57 16
57 16
58 15
58 14
59 13
59 13
59 12
60 11
60 10
60 9
60 9
61 8
62 8
62 8
63 7
64 7
64 7
65 8
65 9
65 9
66 10
66 11
66 11
66 12
66 13
66 14
66 15
66 15
66 16
65 17
65 18
65 19
65 19
65 20
64 21
64 22
64 23
64 23
63 24
63 25
62 26
62 27
62 27
62 28
61 29
61 30
61 30
61 31
61 32
61 32
62 33
62 33
63 34
64 34
64 34
65 34
65 34
66 35
67 35
67 35
68 36
69 36
69 36
70 37
70 38
70 38
70 39
70 40
70 40
70 41
70 42
70 43
70 43
70 44
69 45
69 46
69 46
69 47
69 48
69 49
69 50
69 50
69 51
69 51
69 52
69 53
69 53
70 54
70 54
71 55
72 56
72 56
73 57
73 58
74 59
74 59
75 60
75 61
75 61
76 62
76 63
76 63
76 64
75 65
75 66
75 66
75 67
75 68
75 69
75 69
74 70
74 71
73 72
73 72
72 73
72 74
71 75
71 75
70 76
69 76
69 76
68 77
67 78
67 78
66 78
65 78
65 78
64 78
64 78
63 77
63 77
63 77
63 76
63 75
63 75
63 74
64 73
64 72
64 72
65 71
65 70
66 69
66 68
66 68
67 67
68 66
68 65
69 64
69 64
70 63
70 62
71 61
71 60
72 59
72 58
72 58
73 57
73 56
74 55
75 54
75 53
76 52
76 52
77 51
77 50
78 49
79 48
79 47
80 46
80 46
81 45
81 44
82 43
82 42
83 41
83 41
84 40
84 39
85 38
85 37
86 36
86 36
87 35
87 34
88 33
88 32
89 31
89 31
90 30
90 29
91 28
91 27
92 26
92 26
92 25
93 24
93 23
94 22
94 21
94 21
94 20
95 19
95 18
96 17
96 16
96 16
96 15
96 14
97 13
97 12
97 11
97 11
97 10
97 9
98 8
98 7
98 6
98 6
98 5
99 4
99 3
99 2
99 2
98 1
98 1
97 0
97 0
96 1
96 1
95 2
94 2
93 3
93 3
92 4
92 5
91 6
91 6
91 7
90 8
90 9
90 10
90 10
90 11
89 12
89 13
89 14
89 14
89 15
89 16
89 17
89 18
89 18
89 19
89 20
89 21
89 22
89 23
89 23
89 24
90 25
90 26
90 27
90 27
90 28
90 29
91 30
91 31
91 32
91 32
91 33
91 34
92 35
92 36
92 37
92 37
93 38
93 39
94 40
94 41
94 41
94 42
94 43
94 44
94 45
94 46
94 46
94 47
94 48
95 49
95 50
95 51
95 51
95 52
95 53
95 54
95 55
95 56
95 56
95 57
95 58
95 59
95 60
95 61
95 61
95 62
95 63
96 64
96 65
96 66
96 66
96 67
96 68
96 69
96 70
96 71
96 71
96 72
96 73
96 74
96 75
96 76
96 77
96 77
96 78
96 79
96 80
96 81
96 82
96 83
96 83
95 84
95 85
94 86
94 87
94 87
94 88
93 89
93 90
92 91
92 92
92 92
91 93
90 94
89 95
88 96
88 96
87 97
86 98
85 99
