0 16
0 16
0 15
0 15
0 15
0 14
0 14
0 14
1 13
1 13
2 12
2 12
3 11
3 11
4 10
5 10
5 10
6 9
6 9
7 9
8 9
8 9
9 9
9 9
10 9
11 9
11 9
12 10
12 10
12 11
12 11
13 12
13 12
13 13
13 14
13 14
12 15
12 16
12 16
12 17
12 18
12 19
12 19
12 20
11 21
11 22
11 22
11 23
10 24
10 25
10 25
10 26
9 27
9 28
9 28
8 29
8 30
7 31
7 31
7 32
6 33
6 34
6 34
5 35
5 36
5 36
4 37
4 38
4 38
4 39
4 39
4 39
4 40
4 40
5 39
5 39
5 38
5 38
6 37
6 37
7 36
8 35
8 35
9 34
10 33
10 33
11 32
11 31
11 31
12 31
13 30
14 30
14 30
15 29
16 29
16 29
17 28
17 28
18 27
19 27
19 27
20 27
20 27
21 27
21 27
22 28
22 28
23 29
23 30
23 30
24 31
24 32
24 32
25 33
25 34
25 34
25 35
25 36
25 37
25 38
25 38
25 39
25 40
25 41
25 41
25 42
26 43
26 44
26 45
26 45
26 46
26 47
25 48
25 49
25 50
25 50
25 51
25 52
25 53
25 54
25 54
25 55
25 56
25 57
25 58
25 58
25 59
25 60
25 61
25 61
25 62
25 63
25 64
25 64
25 65
25 66
25 66
25 67
25 68
25 68
25 69
25 69
24 69
24 69
24 69
23 68
22 67
22 66
21 65
20 64
19 63
18 62
18 61
17 60
16 59
15 58
14 57
13 56
13 55
12 54
11 53
10 52
9 51
9 50
8 49
7 48
7 48
6 48
5 48
4 48
4 48
3 47
3 47
3 46
3 46
4 45
4 44
4 44
5 43
5 43
6 43
6 43
7 42
8 42
8 42
9 43
9 43
10 44
10 44
11 45
11 46
11 46
11 47
12 48
12 49
12 49
12 50
12 51
12 52
12 52
12 53
11 54
11 55
11 55
11 56
11 57
11 58
11 58
11 59
10 60
10 61
10 61
9 62
9 63
9 63
9 64
9 64
8 65
8 65
8 65
9 65
9 65
10 64
10 63
10 63
11 62
11 61
11 61
12 60
12 59
13 58
13 58
14 57
15 56
15 55
16 54
16 54
17 53
17 52
18 51
18 50
19 49
19 49
20 48
20 47
21 46
21 45
22 44
22 44
23 43
24 42
24 41
25 40
26 39
26 39
27 38
28 37
28 36
29 35
30 34
30 34
31 33
32 32
32 31
33 30
34 29
34 29
35 28
35 27
36 26
36 26
37 25
38 24
39 23
39 23
40 22
40 22
41 21
41 21
42 21
42 21
42 22
42 22
41 23
41 23
40 24
40 24
40 25
39 26
39 27
39 27
39 28
38 29
38 30
38 30
38 31
37 32
37 33
37 33
37 34
37 35
36 36
36 37
36 38
36 38
36 39
35 40
35 41
35 41
35 42
34 43
34 44
34 44
34 45
34 46
34 46
34 47
34 48
34 48
35 49
35 49
36 50
36 50
37 49
37 49
38 49
39 49
39 49
40 48
41 47
41 47
42 46
43 46
44 45
44 45
45 44
46 43
46 43
47 42
48 42
49 41
49 41
49 40
50 39
50 38
50 37
50 36
51 35
51 34
51 33
51 32
52 31
52 30
52 29
52 28
53 27
53 26
53 25
53 24
54 23
54 22
54 21
55 20
55 19
55 18
55 17
56 16
56 15
56 14
56 13
57 12
57 11
57 10
57 9
58 8
58 7
58 6
58 5
59 4
59 3
59 3
59 3
59 3
59 3
60 3
60 3
61 4
61 4
62 5
62 5
63 6
63 6
64 6
64 6
64 7
64 7
65 8
65 8
65 8
65 9
65 10
65 10
65 11
65 11
64 12
64 12
63 13
63 14
63 14
62 15
62 15
61 16
60 16
60 16
59 17
59 17
58 17
58 17
57 18
57 18
56 18
56 18
55 19
55 19
55 19
55 19
56 18
56 18
57 17
57 17
58 16
58 16
59 15
60 15
60 15
61 14
62 14
62 14
63 13
64 13
64 13
65 13
65 13
66 13
66 13
66 13
66 14
66 15
66 15
65 16
65 17
65 17
65 18
64 19
64 20
64 20
63 21
63 22
63 22
63 23
62 24
62 25
62 25
61 26
61 27
61 27
60 28
60 29
60 29
60 30
60 30
60 31
60 31
60 31
61 31
61 31
62 30
62 30
63 29
63 29
64 28
65 27
65 27
66 26
66 25
66 25
67 24
68 23
68 23
69 22
69 21
69 21
70 20
71 19
71 19
72 18
72 18
73 17
74 16
74 16
75 15
75 15
75 15
75 15
75 16
75 16
75 17
75 18
75 18
74 19
74 20
74 20
74 21
74 22
74 22
73 23
73 24
73 24
73 25
73 26
73 27
73 27
73 28
72 29
72 30
72 30
72 31
72 32
72 32
72 33
72 34
72 35
72 35
72 36
72 37
72 38
72 38
72 39
71 40
71 41
71 41
71 42
70 43
70 44
70 44
70 45
69 46
69 47
69 48
69 48
68 49
68 50
68 50
67 51
67 52
67 52
66 53
66 53
65 54
65 54
65 54
64 53
64 53
64 52
64 52
63 51
63 50
63 50
63 49
63 48
63 48
64 47
64 46
64 46
64 45
64 44
64 44
65 43
65 43
66 42
67 41
67 41
67 40
68 39
68 38
68 38
69 37
70 36
70 36
71 35
72 34
72 33
73 32
73 32
74 31
75 30
76 29
76 29
77 28
78 27
79 26
80 25
80 25
81 24
81 23
82 22
82 21
83 20
83 20
84 19
85 18
85 17
86 16
87 15
87 15
88 14
89 13
89 12
90 11
91 10
91 10
92 9
93 8
93 7
94 6
94 6
95 5
95 4
96 3
96 3
97 2
98 2
98 2
99 1
99 1
99 1
98 0
98 0
97 0
97 0
96 1
96 1
95 1
95 1
94 1
93 1
93 1
92 2
92 2
92 3
92 3
92 4
92 4
92 5
91 6
91 7
91 7
91 8
91 9
91 10
91 10
91 11
91 12
91 13
91 14
91 14
91 15
91 16
90 17
90 18
90 19
90 19
90 20
90 21
90 22
90 23
90 23
90 24
90 25
89 26
89 27
89 28
89 28
89 29
89 30
90 31
90 32
90 33
90 33
90 34
90 35
90 36
90 37
90 38
90 38
90 39
90 40
91 41
91 42
91 43
91 44
91 44
91 45
91 46
91 47
92 48
92 49
92 50
92 51
92 51
92 52
93 53
93 54
93 55
93 56
94 57
94 58
94 58
94 59
94 60
95 61
95 62
95 63
95 64
95 64
95 65
95 66
95 67
95 68
95 69
95 70
95 71
95 71
95 72
95 73
95 74
95 75
95 76
95 77
95 77
95 78
95 79
94 80
94 81
94 82
94 83
94 83
94 84
94 85
93 86
93 87
93 88
93 89
93 89
93 90
93 91
92 92
92 93
92 94
92 94
92 95
91 96
91 97
90 98
90 99
