0 11
1 11
1 11
0 11
0 11
0 11
0 11
0 11
0 11
0 11
0 10
0 10
0 10
0 10
0 10
0 10
0 10
0 10
1 9
1 9
2 8
3 7
3 7
4 6
5 6
5 6
6 6
7 5
8 5
8 5
9 5
10 5
10 5
11 6
11 6
12 7
13 7
13 7
13 8
13 9
13 9
13 10
13 11
13 12
13 12
13 13
13 14
13 14
13 15
12 16
12 17
12 17
12 18
11 19
11 20
11 20
10 21
9 22
9 22
8 23
7 24
7 24
6 25
6 26
6 26
5 27
4 28
4 28
3 29
3 29
2 30
2 30
1 30
1 30
1 30
2 30
2 30
3 29
3 29
4 28
4 28
5 27
5 27
6 26
7 25
7 25
8 24
8 24
9 23
10 23
10 23
11 22
11 22
12 22
12 22
12 22
13 21
13 21
13 21
13 21
13 21
14 21
14 21
14 21
14 21
14 21
15 21
15 21
15 21
15 21
15 21
15 21
16 21
16 21
16 21
16 21
16 21
16 21
16 21
16 21
17 21
17 21
17 22
17 22
17 22
18 23
18 23
18 24
18 24
18 25
19 26
19 27
19 27
19 28
19 29
19 30
19 30
19 31
20 32
20 33
20 34
20 34
20 35
20 36
21 37
21 38
21 39
21 40
21 40
21 41
21 42
22 43
22 44
22 45
22 45
22 46
22 47
22 48
22 49
22 50
22 51
22 51
22 52
23 53
23 54
23 54
23 55
23 56
23 57
23 58
23 58
23 59
23 60
23 61
23 61
23 62
23 63
23 64
23 64
23 65
23 66
23 66
22 67
22 68
22 68
22 69
22 70
22 70
21 71
21 71
20 72
20 72
20 73
20 73
19 73
19 73
18 72
18 72
17 71
17 71
16 70
15 69
15 69
15 68
14 67
14 66
14 66
14 65
13 64
13 63
13 63
12 62
12 61
11 60
11 60
11 59
10 58
10 57
10 57
10 56
9 55
9 54
9 53
9 53
9 52
9 51
9 50
9 50
9 49
8 48
8 47
8 47
8 46
8 45
8 45
8 44
8 43
8 43
7 42
7 42
7 41
7 40
7 40
7 39
7 39
7 38
7 38
7 37
7 37
7 37
7 36
7 36
7 35
7 35
8 35
8 35
8 34
8 34
9 34
9 34
9 34
10 34
10 34
11 34
11 34
11 34
12 34
12 34
13 34
13 34
13 35
13 35
14 35
14 35
14 36
14 36
14 37
14 38
14 38
14 39
14 40
14 40
14 41
13 42
13 43
13 43
12 44
12 45
12 45
12 46
11 47
11 48
11 48
10 49
10 50
10 50
9 51
8 52
8 52
7 53
7 54
6 55
6 55
5 56
5 56
4 57
3 58
3 58
2 59
2 59
2 59
2 60
2 60
2 59
2 59
2 58
2 58
3 57
4 57
4 57
4 56
5 55
5 54
5 54
6 53
7 53
8 52
8 52
9 51
9 50
10 49
10 49
11 48
12 47
12 46
13 45
13 45
14 44
15 43
15 42
16 41
16 41
17 40
17 39
18 38
18 37
19 36
19 36
20 35
21 34
21 33
22 32
22 32
23 31
24 30
25 29
25 29
26 28
27 27
28 26
28 26
29 25
29 24
30 23
30 23
31 22
32 22
33 21
33 21
34 20
34 20
35 19
35 19
36 18
36 18
36 18
36 18
35 18
35 18
35 19
35 19
34 20
34 20
33 21
33 21
32 22
32 23
32 23
31 24
31 25
31 25
30 26
29 27
29 27
29 28
28 29
28 30
28 30
27 31
27 32
26 33
26 33
26 34
25 35
25 36
25 36
25 37
24 38
24 39
24 39
24 40
24 41
24 41
25 42
25 43
25 43
26 44
26 44
27 45
28 45
28 45
29 45
30 45
30 45
31 45
32 44
33 44
33 44
34 44
35 43
36 43
36 43
37 42
38 42
38 42
39 42
40 41
41 41
41 41
42 40
43 40
43 40
44 40
44 40
45 40
45 40
45 40
45 40
45 39
45 38
45 37
46 36
46 35
46 34
46 33
46 32
46 31
46 30
47 29
47 28
47 27
47 26
47 25
47 24
47 23
48 22
48 21
48 20
48 19
48 18
48 17
48 16
48 15
49 14
49 13
49 12
49 11
49 10
49 9
49 8
50 7
50 6
50 5
50 4
50 4
50 4
50 4
51 4
51 4
51 4
51 3
51 3
51 3
52 3
52 3
53 2
53 2
53 1
53 1
54 0
54 0
55 0
55 0
56 1
56 1
56 1
57 2
57 2
57 3
57 3
58 4
58 5
58 5
58 6
58 7
58 7
58 8
58 9
58 9
58 10
58 11
58 11
57 12
57 13
57 13
57 14
57 15
57 15
56 16
56 17
56 17
55 18
54 18
54 18
53 19
53 20
53 20
52 21
51 21
51 21
51 22
51 22
50 22
50 22
50 22
50 22
50 22
51 21
51 21
52 21
52 21
53 20
53 19
53 19
54 18
54 18
55 17
56 17
56 17
57 17
57 17
57 16
57 16
58 16
58 16
58 16
58 16
58 16
58 16
58 16
58 16
58 16
58 16
58 16
58 16
58 16
58 17
58 17
58 17
58 17
58 18
58 18
58 19
58 20
58 20
57 21
57 22
57 22
57 23
57 24
57 24
57 25
56 26
56 27
56 27
56 28
56 29
56 29
55 30
55 31
55 31
55 32
55 32
56 33
56 33
56 34
56 34
57 34
57 34
58 34
58 34
59 34
59 34
60 33
60 33
61 32
62 31
62 31
63 30
64 30
64 30
65 29
66 28
66 28
67 27
68 26
68 26
69 25
69 24
69 24
70 23
70 23
71 22
71 21
71 21
71 21
70 20
70 20
69 20
69 20
69 19
69 19
68 19
68 19
68 19
68 19
68 19
68 19
68 19
68 19
68 19
68 19
68 19
68 20
68 20
68 20
68 21
68 21
68 22
68 23
68 23
68 24
68 25
68 26
68 26
68 27
68 28
68 29
68 30
68 30
68 31
68 32
68 33
68 34
68 34
68 35
68 36
68 37
68 38
68 39
68 39
68 40
68 41
68 42
68 42
68 43
68 44
68 44
67 45
67 46
67 46
67 47
67 47
67 48
67 48
67 48
66 48
66 48
65 48
65 48
64 48
64 48
63 48
63 48
62 48
62 48
61 49
61 49
60 49
59 49
59 49
58 50
58 50
58 50
57 50
57 50
57 50
57 49
57 49
57 48
57 48
58 47
58 46
58 46
59 45
59 44
59 44
60 43
61 43
62 42
62 42
63 41
64 40
65 39
65 39
66 38
67 37
68 36
68 36
69 35
70 34
71 34
72 33
73 32
73 32
74 31
75 30
76 30
77 29
78 28
78 28
79 27
80 26
80 25
81 24
82 23
82 23
83 22
84 21
85 21
86 20
87 19
87 19
88 18
89 17
90 16
91 15
92 14
92 14
93 13
94 12
94 11
95 10
95 10
96 9
96 8
97 7
97 7
98 6
98 5
98 5
99 4
99 4
98 3
98 3
97 2
97 2
96 2
96 2
95 2
95 2
94 1
93 1
93 1
92 1
92 1
91 2
90 2
90 2
89 2
89 2
88 2
87 2
87 2
86 3
85 3
85 3
84 4
84 4
83 5
83 5
82 6
82 6
81 7
81 8
81 8
81 9
81 9
81 10
81 11
81 12
81 12
81 13
80 14
80 15
80 16
80 16
80 17
80 18
79 19
79 20
79 21
79 21
79 22
79 23
79 24
79 25
79 26
79 27
79 28
79 28
79 29
79 30
78 31
78 32
78 33
78 34
78 34
78 35
78 36
77 37
77 38
77 39
77 39
77 40
77 41
76 42
76 43
76 44
76 44
76 45
77 46
77 47
77 48
77 48
77 49
78 50
78 51
78 52
78 52
79 53
79 54
80 55
80 56
80 56
81 57
82 58
82 59
83 60
83 60
84 61
84 62
85 63
85 64
85 64
85 65
86 66
86 67
87 68
87 69
87 69
87 70
87 71
87 72
87 73
87 74
87 75
87 75
87 76
87 77
87 78
86 79
86 80
86 81
86 82
86 82
85 83
85 84
84 85
84 86
83 87
83 88
82 89
82 90
82 90
81 91
80 92
80 93
79 94
78 95
78 95
77 96
76 97
76 98
75 99
