0 13
1 13
1 13
1 13
0 13
0 13
0 13
0 12
0 12
0 11
0 11
1 10
1 10
2 9
3 9
3 9
4 8
5 8
5 8
6 7
7 7
7 7
8 7
9 7
9 7
10 8
11 8
11 8
12 9
13 10
13 10
14 11
14 12
14 12
14 13
14 14
14 14
14 15
14 16
14 17
14 17
14 18
14 19
14 20
14 20
14 21
13 22
13 23
13 23
12 24
12 25
11 26
11 26
11 27
10 28
10 29
10 29
9 30
8 31
8 31
7 32
7 33
6 34
6 34
5 35
5 36
5 36
4 37
4 37
4 38
4 38
4 38
5 37
5 37
6 36
6 36
7 35
7 34
7 34
8 33
9 32
9 32
10 31
11 30
11 30
12 29
12 28
12 28
13 27
14 27
14 27
14 26
14 26
15 26
15 26
15 26
15 26
15 26
15 26
15 26
15 26
15 26
15 26
15 26
15 26
15 26
15 26
15 26
15 26
15 26
15 26
15 26
16 27
16 28
16 28
16 29
16 30
16 30
16 31
16 32
16 33
16 34
16 34
16 35
16 36
17 37
17 38
17 39
17 39
17 40
17 41
17 42
17 43
17 44
17 45
17 46
17 46
17 47
17 48
17 49
18 50
18 51
18 52
18 53
18 54
18 54
18 55
18 56
18 57
18 58
18 59
18 60
18 60
18 61
19 62
19 63
19 64
19 64
19 65
19 66
19 67
19 67
19 68
20 69
20 70
20 70
20 71
20 72
20 73
20 73
20 74
20 75
20 75
19 76
19 77
19 77
19 78
19 78
18 79
18 79
18 80
18 80
18 80
17 80
17 80
17 80
16 79
16 79
15 78
15 78
14 77
14 76
14 76
14 75
14 74
14 74
14 73
13 72
13 71
13 70
13 70
13 69
12 68
12 67
12 66
12 66
11 65
11 64
10 63
10 62
10 62
10 61
10 60
9 59
9 58
9 57
9 57
8 56
8 55
7 54
7 53
7 53
7 52
6 51
6 50
6 49
6 49
6 48
5 47
5 46
5 46
4 45
4 44
4 44
3 43
3 42
3 42
3 41
3 41
3 40
3 40
3 40
3 40
4 39
4 39
5 38
5 38
6 37
7 37
7 37
8 37
9 37
9 37
10 37
10 37
11 37
12 37
12 37
13 38
13 39
13 39
14 40
14 41
14 41
14 42
14 43
14 44
14 45
14 45
14 46
14 47
14 48
14 48
14 49
14 50
14 51
14 52
14 52
14 53
13 54
13 55
13 55
12 56
12 57
11 58
11 59
11 59
10 60
10 61
9 62
9 63
9 63
8 64
7 65
6 66
6 66
5 67
5 68
5 68
4 69
4 70
3 71
3 71
2 72
2 72
2 72
2 72
2 71
2 70
2 70
3 69
3 68
4 67
4 67
5 66
5 65
6 64
6 63
6 63
7 62
7 61
8 60
8 59
9 58
9 58
10 57
11 56
11 55
12 54
13 53
13 53
14 52
14 51
15 50
15 49
16 48
16 48
17 47
18 46
18 45
19 44
20 43
20 43
21 42
22 41
22 40
23 39
23 39
24 38
25 37
26 36
26 36
27 35
28 34
28 34
29 33
29 32
29 32
30 31
30 31
30 31
30 31
30 31
30 31
30 31
30 32
30 32
30 32
30 32
29 32
29 32
29 32
29 32
29 32
29 32
29 32
29 32
29 32
29 32
29 32
29 32
29 32
29 32
29 32
28 32
28 32
28 32
27 33
27 33
27 33
26 34
26 35
26 35
25 36
25 37
25 37
24 38
24 39
24 39
24 40
23 41
23 42
23 42
23 43
23 44
23 45
23 45
23 46
23 47
23 48
23 49
23 49
23 50
23 51
23 52
23 52
24 53
24 54
24 54
25 55
26 55
26 55
27 55
28 55
29 55
29 55
30 54
31 54
32 53
33 53
33 53
34 52
35 51
36 51
37 50
37 50
38 49
39 48
40 48
41 47
42 46
42 46
43 45
44 45
45 44
46 44
47 43
47 43
48 42
49 42
50 41
51 41
51 41
52 42
52 42
52 43
52 43
52 42
52 41
52 40
52 39
52 38
52 37
52 36
52 35
52 34
51 33
51 32
51 31
51 30
51 29
51 28
51 27
51 26
51 25
51 24
51 23
51 22
51 21
51 20
51 19
51 18
51 17
51 16
51 15
50 14
50 13
50 12
50 11
50 10
50 9
50 8
50 7
50 6
50 5
50 5
49 5
49 5
49 6
49 6
49 6
49 5
49 5
49 5
49 5
49 4
49 4
50 3
50 3
51 2
51 2
52 1
52 1
53 1
53 1
54 0
55 0
55 0
56 1
57 1
57 1
58 2
59 3
59 3
60 4
60 5
60 5
61 6
61 7
61 7
61 8
61 9
61 10
61 10
61 11
61 12
61 13
61 13
61 14
60 15
60 16
60 16
59 17
59 18
59 18
58 19
58 20
57 21
57 21
56 22
56 23
56 23
55 24
55 25
54 26
54 26
53 27
53 27
52 28
51 28
51 28
51 29
51 29
51 29
51 29
51 29
51 28
51 28
52 27
52 27
53 26
54 26
54 26
55 25
55 24
55 24
56 23
56 23
56 23
57 22
57 22
57 22
58 22
58 22
58 22
58 22
58 22
58 22
58 22
58 22
58 22
58 22
58 22
58 22
58 22
57 23
57 23
57 24
57 25
57 25
57 26
57 27
57 27
57 28
56 29
56 30
56 31
56 31
56 32
55 33
55 34
55 34
55 35
55 36
55 37
55 38
55 38
55 39
55 40
55 40
55 41
55 42
55 42
55 43
55 43
56 44
56 44
56 45
56 45
57 46
57 46
58 46
58 46
59 45
60 45
60 45
61 44
61 44
62 43
63 42
63 42
64 41
65 40
65 40
66 39
66 38
67 37
67 37
68 36
68 35
68 35
69 34
69 33
69 33
69 32
69 31
69 31
70 30
70 30
70 29
70 29
69 29
69 29
69 28
69 28
68 28
68 28
68 28
68 28
68 28
68 28
68 28
68 28
68 28
68 27
68 27
68 27
68 27
68 27
68 27
68 28
68 28
67 29
67 29
67 30
67 30
67 31
67 32
67 33
67 34
67 34
67 35
67 36
67 37
67 38
67 38
67 39
67 40
67 41
67 42
67 43
67 44
67 44
67 45
67 46
67 47
67 48
67 49
67 49
67 50
67 51
67 52
67 53
67 54
67 55
67 55
67 56
67 57
67 58
67 59
67 59
68 60
68 61
68 61
68 62
68 63
68 63
68 64
68 65
68 65
68 65
67 65
67 65
67 65
66 64
66 64
66 64
65 63
65 63
64 63
64 63
63 62
62 62
62 62
61 62
61 62
60 62
60 62
59 62
59 62
59 61
59 61
58 61
58 61
58 60
58 60
59 59
59 58
59 58
59 57
60 56
60 55
60 55
61 54
62 53
62 53
63 52
64 51
65 50
65 50
66 49
67 48
68 47
68 47
69 46
70 45
71 44
72 43
72 43
73 42
74 41
75 40
76 39
77 38
77 38
78 37
79 36
80 35
81 34
82 33
82 33
83 32
84 31
85 31
86 30
87 29
87 29
88 28
89 27
90 26
91 25
92 24
92 24
93 23
94 22
95 21
96 20
96 20
97 19
98 18
98 18
99 17
99 16
99 16
98 15
98 15
97 15
97 15
96 14
95 14
95 14
94 14
93 14
93 14
92 14
92 14
91 14
91 14
90 14
89 14
89 14
88 14
88 14
87 14
87 14
87 13
87 13
86 12
86 12
86 12
86 11
86 11
86 10
86 10
87 10
87 10
87 9
87 9
87 9
86 9
86 9
86 9
85 9
85 9
85 9
85 9
85 9
85 9
85 9
85 9
85 9
84 9
84 9
84 9
84 10
84 10
83 11
83 12
83 12
83 13
83 13
83 14
82 15
82 16
82 17
82 17
82 18
82 19
82 20
81 21
81 22
81 23
81 24
81 24
81 25
81 26
81 27
81 28
81 29
81 30
81 31
81 32
81 33
81 33
81 34
81 35
80 36
80 37
80 38
80 39
80 40
80 41
79 42
79 43
79 44
79 44
79 45
79 46
79 47
78 48
78 49
78 50
78 51
78 51
78 52
78 53
78 54
78 55
78 56
78 57
78 58
78 58
78 59
79 60
79 61
79 62
79 62
80 63
81 64
82 65
82 65
83 65
84 66
85 66
86 66
86 66
87 67
88 67
89 68
90 68
90 68
90 69
91 70
91 71
91 72
91 72
91 73
91 74
90 75
90 76
90 77
90 78
90 78
89 79
89 80
88 81
88 82
87 83
87 84
86 85
86 86
85 87
85 88
85 88
84 89
84 90
83 91
82 92
82 93
81 94
81 95
80 96
79 97
79 98
78 99
