4 24
3 23
2 22
2 22
1 21
1 21
0 20
0 20
0 19
0 19
0 18
0 18
0 17
0 17
1 16
1 16
2 15
2 14
2 14
3 13
4 13
4 13
5 13
6 12
7 12
7 12
8 12
9 12
10 12
10 12
11 12
12 12
12 12
13 12
14 13
15 13
15 13
16 14
17 14
17 14
18 15
18 16
18 16
19 17
19 17
19 18
19 19
19 19
19 20
19 21
19 21
18 22
18 23
18 23
17 24
17 25
16 26
16 27
16 27
15 28
15 29
14 30
14 30
13 31
12 32
12 33
11 34
11 34
10 35
9 36
8 37
8 37
7 38
7 39
6 40
6 40
5 41
5 42
5 42
4 43
4 43
3 43
3 43
3 43
3 43
4 42
4 42
5 41
5 41
6 40
7 39
7 39
8 38
8 37
9 36
9 36
10 35
11 35
12 34
12 34
13 34
14 33
15 33
15 33
16 33
17 33
18 33
18 33
19 34
20 35
20 35
21 36
22 37
23 38
23 38
24 39
24 40
25 41
25 42
25 42
25 43
26 44
26 45
26 46
27 47
27 48
27 48
27 49
27 50
27 51
28 52
28 53
28 54
28 55
28 55
28 56
28 57
29 58
29 59
29 60
29 61
29 61
29 62
29 63
29 64
29 65
29 66
29 67
29 68
29 68
29 69
29 70
28 71
28 72
28 73
28 74
28 74
28 75
28 76
28 77
28 78
28 79
28 79
28 80
28 81
28 82
28 83
28 83
27 84
27 85
27 85
27 86
27 86
26 86
26 86
25 85
24 84
23 83
22 82
21 81
20 80
19 79
19 78
18 77
17 76
16 75
15 74
14 73
13 72
13 72
13 71
12 70
12 69
12 68
11 67
11 66
11 66
10 65
10 64
10 64
10 63
10 62
10 62
10 61
10 60
10 60
11 59
11 58
11 58
11 57
12 56
12 55
12 54
12 54
13 53
13 52
14 51
14 51
15 50
16 49
16 49
17 49
18 48
19 48
19 48
20 47
21 47
21 47
22 48
23 48
23 48
24 49
24 49
24 50
25 51
25 52
25 52
25 53
24 54
24 55
24 56
24 56
24 57
24 58
23 59
23 60
23 61
23 61
23 62
22 63
22 64
21 65
21 66
21 66
21 67
21 68
20 69
20 70
20 71
20 71
19 72
19 73
18 74
18 75
18 75
18 76
18 77
18 77
17 77
17 77
17 76
17 75
17 75
17 74
18 73
18 72
18 72
18 71
19 70
19 69
19 68
20 67
20 66
21 65
21 64
21 63
22 62
22 61
22 60
23 59
23 58
24 57
24 56
24 55
25 54
25 53
25 53
26 52
26 51
27 50
28 49
28 48
29 47
30 46
30 45
31 44
31 44
32 43
32 42
33 41
33 40
34 39
34 39
35 38
35 37
36 36
36 36
37 36
38 35
39 35
39 35
40 34
40 34
40 34
41 35
41 36
41 36
41 37
40 38
40 39
40 39
40 40
40 41
39 42
39 43
39 44
39 44
39 45
39 46
39 47
39 48
39 48
39 49
38 50
38 51
38 52
38 52
38 53
38 54
38 55
38 56
38 56
38 57
38 58
38 58
39 58
39 58
40 58
41 58
41 58
42 57
43 57
43 57
44 56
45 55
45 55
46 54
47 53
47 53
48 52
49 51
49 51
49 50
50 49
50 48
50 48
51 47
51 46
51 46
51 45
51 44
51 43
51 42
51 41
51 40
51 39
51 38
51 37
51 36
51 35
51 34
50 33
50 32
50 31
50 30
50 29
50 28
50 27
50 26
50 25
50 24
50 23
50 22
50 21
50 21
50 20
50 19
50 18
50 17
50 16
50 16
49 15
49 15
49 14
49 14
49 13
49 13
50 12
50 12
51 12
51 12
52 11
52 11
53 10
54 10
54 10
55 10
56 10
56 10
57 10
57 10
58 11
58 11
59 12
59 13
59 13
59 14
59 15
59 16
59 16
59 17
59 18
59 19
59 19
59 20
58 21
58 22
58 23
58 23
58 24
57 25
57 26
57 27
57 27
56 28
56 29
55 30
55 31
55 31
55 32
54 33
54 34
54 34
53 35
53 36
53 36
54 37
54 37
55 37
55 37
56 37
56 37
56 36
57 35
57 34
57 34
58 33
59 32
59 32
60 31
60 30
61 29
61 29
62 28
62 28
63 28
63 28
64 29
64 30
64 30
64 31
64 32
64 33
64 33
64 34
65 35
65 36
65 36
65 37
66 38
66 39
66 39
67 40
67 41
67 41
67 42
68 43
68 44
68 44
69 45
69 45
70 45
70 45
70 45
71 44
71 44
72 43
72 42
72 42
72 41
72 40
72 39
72 39
72 38
73 37
73 36
73 35
73 35
73 34
73 33
73 33
74 32
74 31
74 31
75 31
75 31
75 32
75 32
75 33
76 34
76 35
76 35
76 36
76 37
76 38
76 38
76 39
76 40
76 41
76 42
76 42
76 43
76 44
76 45
76 46
76 46
76 47
76 48
76 49
76 50
76 50
76 51
75 52
75 53
75 54
75 54
75 55
74 56
74 57
74 58
74 58
74 59
73 60
73 61
73 61
72 62
72 62
71 62
71 62
70 61
70 61
69 60
69 59
69 59
69 58
69 57
69 56
69 56
69 55
70 54
70 53
70 52
70 52
71 51
71 50
72 49
72 48
72 48
73 47
74 46
74 45
75 44
75 44
76 43
77 42
77 41
78 40
78 40
79 39
80 38
80 37
81 36
81 36
82 35
83 34
83 33
84 32
85 31
85 31
86 30
87 29
87 28
88 27
88 27
88 26
89 25
89 24
90 23
90 22
90 22
91 21
92 20
92 19
93 18
93 18
93 17
94 16
94 15
95 14
95 13
95 13
96 12
96 11
97 10
97 10
97 9
98 8
98 7
98 7
98 6
99 5
99 4
99 4
98 3
98 3
98 2
98 2
97 1
97 1
96 0
95 0
95 0
94 0
93 0
93 0
92 1
91 1
91 1
90 2
90 2
89 3
88 4
88 4
88 5
87 6
87 7
87 7
87 8
86 9
86 10
86 10
86 11
86 12
86 13
86 14
86 15
86 15
86 16
86 17
86 18
86 19
86 20
86 20
86 21
86 22
86 23
86 24
86 25
86 25
86 26
86 27
87 28
87 29
87 30
87 31
87 31
87 32
87 33
87 34
87 35
87 36
87 37
87 37
87 38
88 39
88 40
88 41
89 42
89 43
89 43
89 44
89 45
90 46
90 47
90 48
90 48
90 49
91 50
91 51
92 52
92 53
92 53
92 54
93 55
93 56
93 57
94 58
94 59
94 59
94 60
95 61
95 62
95 63
95 64
96 65
96 66
96 66
96 67
96 68
96 69
96 70
96 71
96 72
96 73
96 73
96 74
96 75
96 76
96 77
96 78
96 79
96 79
96 80
96 81
96 82
96 83
96 84
96 85
96 86
96 86
96 87
95 88
95 89
95 90
94 91
94 92
94 92
94 93
93 94
93 95
92 96
92 97
92 97
91 98
90 99
90 99
89 99
88 99
87 99
