0 23
0 22
0 21
0 21
0 20
0 20
0 19
0 18
0 18
1 17
1 17
2 16
3 16
3 16
4 15
5 14
5 14
6 14
7 13
8 13
8 13
9 13
10 13
11 13
12 13
12 13
13 13
14 13
15 13
15 13
16 13
17 13
17 13
18 14
19 14
19 14
20 15
20 15
20 16
20 16
20 17
20 18
20 18
20 19
19 20
19 21
19 21
18 22
18 23
17 24
17 24
16 25
15 26
15 27
14 28
14 28
13 29
13 30
12 31
12 32
12 32
11 33
10 34
10 35
9 36
9 36
8 37
7 38
7 38
6 39
6 40
6 40
5 41
5 41
5 41
6 40
6 40
6 39
6 39
6 38
7 37
7 36
7 36
8 35
8 34
9 33
9 33
10 32
10 31
11 30
11 30
12 29
13 28
13 28
14 27
15 27
15 27
16 27
17 26
18 26
18 26
19 27
20 27
20 27
21 28
22 29
22 29
22 30
23 31
23 32
23 33
23 33
23 34
24 35
24 36
24 37
25 38
25 39
25 39
25 40
26 41
26 42
26 43
26 44
27 45
27 46
27 47
27 47
27 48
27 49
27 50
28 51
28 52
28 53
28 54
28 55
28 55
28 56
28 57
28 58
29 59
29 60
29 61
29 62
29 62
29 63
29 64
29 65
29 66
29 67
29 68
29 69
29 69
29 70
29 71
29 72
29 73
29 74
29 75
29 76
29 76
29 77
29 78
29 79
29 80
29 80
29 81
28 82
28 83
28 83
28 84
28 85
28 85
27 84
27 84
26 83
26 83
25 82
24 81
24 81
23 80
22 79
21 78
21 78
20 77
19 76
19 75
18 74
18 74
17 73
17 72
16 71
16 71
15 70
15 69
14 68
14 67
14 67
13 66
13 65
12 64
12 64
11 63
11 62
11 62
11 61
11 60
11 60
11 59
11 58
11 57
11 57
11 56
11 55
11 54
11 54
12 53
12 52
13 51
13 51
14 50
15 49
15 49
16 48
17 47
17 47
18 46
19 46
19 46
20 46
20 46
21 47
21 47
21 48
21 49
21 50
21 50
21 51
20 52
20 53
20 54
20 54
20 55
20 56
19 57
19 58
19 59
19 59
19 60
19 61
18 62
18 63
18 64
18 64
18 65
17 66
17 67
16 68
16 69
16 69
15 70
15 71
14 72
14 72
14 73
14 74
14 74
14 74
15 73
15 72
15 72
15 71
16 70
16 69
16 68
16 68
16 67
17 66
17 65
17 64
18 63
18 62
19 61
19 60
19 59
20 58
20 57
20 57
21 56
21 55
22 54
22 53
23 52
23 51
24 50
24 49
25 48
25 47
26 46
26 46
27 45
28 44
28 43
29 42
29 42
30 41
31 40
31 39
32 38
32 38
33 37
33 36
34 35
34 35
35 34
36 34
37 33
37 33
38 33
38 33
38 33
38 34
38 35
38 36
38 36
38 37
38 38
38 39
38 39
38 40
37 41
37 42
37 43
37 43
36 44
36 45
35 46
35 47
35 47
35 48
35 49
35 50
35 50
35 51
35 52
35 52
36 52
36 52
37 52
38 52
38 52
39 51
40 51
40 51
41 50
42 49
42 49
43 48
43 47
44 46
44 46
45 45
45 44
46 43
46 43
47 42
47 41
48 40
48 40
48 39
48 38
48 37
48 36
48 35
49 34
49 33
49 32
49 31
49 30
49 29
49 28
49 27
49 26
49 25
49 24
49 23
50 22
50 21
50 20
50 19
50 18
50 17
50 16
50 16
50 15
50 14
49 13
49 12
49 11
49 11
49 10
49 9
49 8
49 8
49 7
49 7
49 7
49 7
49 7
50 7
50 7
51 6
51 6
52 6
53 6
53 6
54 6
55 6
55 6
56 7
57 7
57 7
58 8
58 8
58 9
58 10
58 10
58 11
58 12
58 13
58 14
58 14
58 15
57 16
57 17
57 18
57 18
57 19
56 20
56 21
56 22
56 22
55 23
55 24
54 25
54 26
54 26
54 27
53 28
53 29
53 30
53 30
53 31
53 31
53 32
53 32
54 32
54 32
55 31
55 31
56 30
57 30
57 30
57 29
58 28
58 27
58 27
59 26
59 25
59 25
60 24
60 24
61 23
61 23
62 24
62 24
63 25
64 26
64 26
65 27
65 28
65 28
66 29
66 30
67 31
67 31
67 32
68 33
68 34
68 34
68 35
69 36
69 37
69 38
69 38
69 39
69 40
69 41
69 41
70 42
70 43
70 43
70 44
70 45
70 45
70 45
70 45
70 44
70 44
70 43
70 42
70 42
70 41
70 40
70 40
71 39
71 38
71 38
72 37
72 37
73 36
73 36
74 37
74 37
75 38
75 38
76 39
76 40
76 40
77 41
77 42
77 42
77 43
77 44
77 44
77 45
77 46
77 47
77 47
77 48
76 49
76 50
76 50
76 51
75 52
75 53
75 53
74 54
73 55
73 55
73 56
72 57
72 58
72 58
71 58
70 58
70 58
69 58
68 58
68 58
67 57
67 56
67 56
67 55
67 54
67 53
67 53
67 52
67 51
67 50
67 50
67 49
68 48
68 47
69 46
69 45
69 45
70 44
71 43
71 42
72 41
72 41
73 40
73 39
74 38
74 37
75 36
75 36
76 35
77 34
77 33
78 32
78 32
79 31
80 30
80 29
81 28
82 27
82 27
83 26
84 25
84 24
85 23
85 23
86 22
87 21
87 20
88 19
88 19
89 18
90 17
90 16
91 15
91 15
92 14
93 13
93 12
94 11
94 11
95 10
95 9
96 8
96 8
96 7
97 6
97 5
97 5
98 4
98 3
99 2
99 2
99 1
99 1
98 0
98 0
97 0
97 0
96 1
95 1
95 1
94 1
93 1
93 1
92 2
91 2
91 2
90 2
89 2
89 2
88 3
87 3
87 3
86 4
86 4
85 5
85 5
85 6
85 7
85 7
84 8
84 9
84 9
84 10
84 11
84 12
84 13
84 14
84 14
84 15
84 16
83 17
83 18
83 19
83 19
83 20
83 21
83 22
83 23
83 24
83 25
83 26
83 26
83 27
83 28
83 29
83 30
83 31
83 32
83 32
83 33
83 34
84 35
84 36
84 37
84 37
84 38
85 39
85 40
86 41
86 42
86 42
87 43
87 44
88 45
88 46
88 46
89 47
90 48
90 49
91 50
91 50
92 51
93 52
93 53
94 54
94 54
95 55
95 56
96 57
96 58
97 59
97 59
97 60
97 61
98 62
98 63
98 64
98 65
98 65
98 66
98 67
98 68
98 69
98 70
98 71
98 72
98 72
98 73
98 74
97 75
97 76
97 77
97 77
96 78
96 79
95 80
95 81
94 82
94 83
94 83
93 84
93 85
92 86
92 87
91 88
91 89
91 89
90 90
89 91
88 92
87 93
86 94
86 94
85 95
84 96
83 97
82 98
82 98
81 98
80 98
79 99
78 99
77 99
77 99
76 99
75 98
74 98
73 98
