0 10
0 9
0 9
0 8
0 8
0 8
0 9
0 10
0 10
0 11
0 12
0 12
0 13
0 14
0 15
0 15
0 16
0 17
1 18
1 19
1 20
1 20
1 21
1 22
1 23
1 24
1 25
1 25
1 26
1 27
1 28
2 29
2 30
2 31
2 32
2 32
2 33
2 34
2 35
2 36
2 37
2 38
2 39
2 40
2 41
2 41
2 42
2 43
2 44
2 45
3 46
3 47
3 48
3 49
3 50
3 50
3 51
3 52
3 53
3 54
4 55
4 56
4 57
4 58
4 59
4 60
4 60
4 61
4 62
4 63
4 64
4 65
4 66
4 67
4 68
4 69
4 69
4 70
4 71
4 72
4 73
5 74
5 75
5 76
5 77
5 78
5 79
5 79
5 80
5 81
6 82
6 83
6 84
6 85
6 85
6 86
6 87
7 88
7 89
7 90
7 90
7 91
7 92
7 93
7 94
7 95
7 95
8 96
8 97
8 97
9 98
9 99
9 99
9 99
10 99
10 99
10 98
10 97
10 97
10 96
11 95
11 94
11 93
11 93
11 92
11 91
12 90
12 89
12 88
12 87
12 87
12 86
12 85
12 84
13 83
13 82
13 81
13 80
13 79
13 79
13 78
13 77
13 76
13 75
14 74
14 73
14 72
14 71
14 70
14 70
14 69
14 68
14 67
14 66
14 65
15 64
15 63
15 62
15 61
15 60
15 59
15 58
15 58
15 57
15 56
16 55
16 54
16 53
16 52
16 51
16 50
17 49
17 48
17 47
17 47
17 46
17 45
18 44
18 43
18 42
18 41
18 40
18 39
19 38
19 37
19 36
19 35
19 35
19 34
19 33
19 32
19 31
20 30
20 29
20 28
20 27
20 26
20 25
20 25
20 24
21 23
21 22
21 21
21 20
22 19
22 18
22 18
22 17
22 16
23 15
23 14
23 13
23 12
23 12
23 11
24 10
24 9
24 8
24 8
24 7
24 6
24 5
24 5
24 4
24 3
24 3
25 2
25 1
25 1
25 1
24 0
24 0
24 1
24 1
24 2
24 3
24 3
24 4
24 5
24 6
24 7
24 8
24 9
24 10
24 11
24 12
24 13
24 14
24 15
24 16
24 17
24 18
24 19
24 20
24 21
24 22
24 23
24 24
24 25
24 26
24 27
24 28
24 29
24 30
24 31
24 32
25 33
25 34
25 35
25 36
25 37
25 38
25 39
25 40
25 41
25 42
25 43
25 44
25 45
25 46
25 47
25 48
25 49
25 50
25 51
25 52
25 53
25 54
25 55
25 56
25 57
25 58
25 59
25 60
25 61
25 62
25 63
25 63
25 64
25 65
25 66
25 67
26 68
26 69
26 70
26 71
26 72
26 73
26 73
26 74
26 75
26 76
26 77
26 77
26 78
27 79
27 80
27 81
27 81
27 82
27 83
27 84
27 84
27 85
28 86
28 87
28 87
29 88
29 89
29 89
29 90
29 90
30 91
30 91
31 91
31 91
32 91
32 91
33 90
33 90
34 89
34 88
34 88
34 87
34 86
34 86
35 85
35 84
35 84
35 83
35 82
35 81
35 81
35 80
35 79
35 78
35 77
35 77
35 76
35 75
35 74
35 73
35 73
35 72
35 71
35 70
35 70
35 69
35 68
35 68
34 67
34 67
33 66
33 66
33 66
32 67
32 67
31 68
30 69
30 69
30 70
29 71
29 72
29 72
29 73
28 74
28 75
28 75
28 76
28 77
28 78
28 79
28 79
28 80
28 81
28 82
28 82
28 83
28 84
28 85
28 85
28 86
29 87
29 88
29 88
30 89
31 90
31 90
32 91
32 92
32 92
33 92
34 93
35 93
35 93
36 92
37 92
37 92
38 92
39 91
40 91
40 91
41 90
41 89
42 88
42 88
43 87
44 87
45 86
45 86
46 85
46 84
47 83
47 83
48 82
48 81
48 81
49 80
49 79
50 78
50 78
50 77
51 76
51 75
51 75
51 74
51 73
51 73
51 72
52 71
52 70
52 70
52 69
52 68
52 68
51 67
51 67
51 67
51 68
51 68
51 69
51 69
51 70
51 71
51 72
51 72
51 73
51 74
51 75
51 75
51 76
51 77
51 78
51 79
51 79
51 80
51 81
51 82
51 82
51 83
52 84
52 85
52 85
52 86
52 87
52 88
52 88
53 89
53 90
53 90
53 91
53 91
54 91
54 91
54 91
54 90
54 89
54 89
54 88
54 87
54 86
54 86
54 85
55 84
55 83
55 83
55 82
55 81
55 80
55 80
56 79
56 78
56 78
57 77
57 76
57 76
58 76
58 76
59 75
60 75
60 75
61 75
61 75
62 74
63 74
63 74
64 74
64 74
65 73
66 73
66 73
67 72
67 72
68 71
68 71
68 71
68 70
68 70
68 70
68 70
67 70
67 70
67 71
67 72
67 72
67 73
67 74
67 74
66 75
66 76
66 76
66 77
66 78
66 79
66 79
66 80
66 81
66 81
66 82
66 83
66 83
67 84
67 84
67 84
68 83
68 83
69 82
69 82
69 81
70 80
70 79
70 79
71 78
71 77
71 77
72 76
72 76
73 75
73 75
74 75
74 75
75 76
75 76
76 77
76 77
76 78
76 78
77 78
77 78
78 78
78 78
78 77
78 77
79 76
79 76
80 75
80 75
81 74
81 73
81 73
82 73
82 73
82 74
82 74
83 75
83 75
83 76
83 76
84 77
84 77
85 78
85 78
86 78
86 78
87 77
88 77
88 77
89 76
89 75
89 75
90 74
90 73
90 73
91 72
91 72
91 71
91 71
92 70
92 69
92 69
91 68
91 68
91 67
91 67
91 67
90 67
90 67
89 67
89 67
88 67
88 67
88 68
88 68
88 69
88 70
88 70
87 71
87 72
87 72
87 73
87 74
87 75
87 75
87 76
87 77
87 77
87 78
87 79
87 79
88 79
88 79
88 79
88 79
89 78
89 78
90 77
90 76
90 76
91 75
91 74
91 74
92 73
92 73
93 73
94 73
94 73
95 74
95 74
96 75
97 76
97 76
98 77
99 78
