2 12
1 11
1 10
1 10
1 9
0 8
0 7
0 7
0 7
0 7
0 8
0 8
0 9
0 10
0 10
1 11
1 12
1 12
1 13
1 14
1 15
1 16
1 16
1 17
1 18
1 19
1 20
1 20
1 21
2 22
2 23
2 24
2 24
2 25
2 26
2 27
2 28
2 29
2 29
2 30
2 31
2 32
3 33
3 34
3 35
3 36
3 36
3 37
3 38
3 39
3 40
3 41
3 42
3 43
3 43
3 44
3 45
3 46
3 47
3 48
3 49
3 50
3 50
3 51
3 52
3 53
4 54
4 55
4 56
4 57
4 57
4 58
4 59
4 60
4 61
4 62
4 63
4 64
4 65
4 65
4 66
4 67
4 68
5 69
5 70
5 71
5 72
5 72
5 73
5 74
5 75
5 76
5 77
5 78
5 78
5 79
5 80
6 81
6 82
6 83
6 84
6 84
6 85
6 86
6 87
7 88
7 89
7 90
7 91
7 91
7 92
8 93
8 94
8 94
8 95
8 96
8 97
8 97
9 98
9 99
9 99
9 99
9 99
9 99
9 98
10 97
10 96
10 96
10 95
11 94
11 93
11 92
11 92
11 91
11 90
11 89
11 88
11 87
11 86
11 86
11 85
11 84
11 83
12 82
12 81
12 80
12 79
12 79
12 78
12 77
12 76
13 75
13 74
13 73
13 72
13 71
13 71
13 70
13 69
14 68
14 67
14 66
14 65
15 64
15 63
15 62
15 62
15 61
15 60
16 59
16 58
16 57
16 56
17 55
17 54
17 53
17 53
17 52
17 51
18 50
18 49
18 48
18 47
18 46
19 45
19 44
19 43
19 43
19 42
20 41
20 40
20 39
20 38
21 37
21 36
21 35
21 35
21 34
22 33
22 32
22 31
22 30
23 29
23 28
23 27
23 27
23 26
24 25
24 24
24 23
24 22
25 21
25 20
25 19
25 19
25 18
25 17
26 16
26 15
26 14
26 13
26 13
26 12
26 11
27 10
27 9
27 8
27 8
27 7
28 6
28 5
28 4
28 4
29 3
29 2
29 2
29 1
29 1
29 0
29 0
29 0
29 1
29 1
29 2
29 3
29 4
29 5
29 6
29 7
29 8
29 9
29 10
29 11
29 12
28 13
28 14
28 15
28 16
28 17
28 18
28 19
28 20
28 21
28 22
28 23
28 24
28 25
28 26
28 27
28 28
28 29
28 30
28 31
28 32
28 33
28 34
28 35
28 36
27 37
27 38
27 39
27 40
27 41
27 42
27 43
27 44
27 45
27 46
27 47
27 48
27 48
27 49
27 50
27 51
27 52
27 53
27 54
27 55
27 56
27 57
27 58
27 59
27 59
27 60
27 61
27 62
27 63
27 64
27 64
27 65
27 66
27 67
27 68
27 68
27 69
27 70
27 71
27 72
27 72
27 73
28 74
28 75
28 75
28 76
28 77
28 78
28 78
28 79
29 80
29 81
29 81
30 82
30 83
30 83
31 84
31 84
32 84
32 84
33 84
33 84
34 83
34 83
34 82
34 82
35 81
35 80
35 80
36 79
36 78
36 78
36 77
36 76
36 75
36 75
36 74
36 73
36 73
36 72
36 71
36 70
36 70
35 69
35 68
35 68
35 67
35 66
35 66
34 65
34 65
33 64
33 64
32 64
32 64
32 65
32 65
31 66
31 66
30 67
30 67
30 68
29 69
29 70
29 70
28 71
28 72
28 72
28 73
28 74
28 75
28 75
28 76
28 77
28 78
28 79
28 79
28 80
28 81
28 82
28 82
29 83
29 84
29 84
29 85
30 86
30 87
30 87
31 88
32 89
32 89
33 89
34 89
34 89
35 90
36 90
36 90
37 89
38 89
38 89
39 88
40 87
40 87
41 86
42 86
42 86
43 85
43 84
43 84
44 83
44 82
45 81
45 81
46 80
46 79
46 79
46 78
46 77
46 76
46 76
46 75
47 74
47 73
47 73
47 72
47 71
47 71
48 70
48 70
48 70
48 70
48 71
48 72
48 72
48 73
48 74
48 74
48 75
48 76
48 77
48 77
48 78
47 79
47 80
47 80
47 81
47 82
47 83
47 84
47 84
47 85
47 86
47 86
47 87
48 88
48 89
48 89
48 90
48 90
48 91
48 91
48 91
49 90
49 90
49 89
49 88
49 88
49 87
49 86
49 86
49 85
50 84
50 83
50 83
51 82
51 81
51 81
52 80
53 79
53 79
54 78
54 77
54 77
55 76
56 76
56 76
57 75
58 75
58 75
59 74
59 74
60 74
61 74
61 74
62 73
62 73
63 72
63 72
64 72
64 72
64 71
64 71
64 71
64 71
63 71
63 71
63 71
63 72
63 72
63 73
63 73
62 74
62 74
62 75
62 76
62 76
62 77
62 78
62 78
62 79
62 80
62 81
62 81
62 82
62 82
63 83
63 84
63 84
63 84
64 85
64 85
64 84
64 84
65 84
65 84
66 83
66 83
67 82
67 81
67 81
68 80
68 80
69 80
69 80
70 79
70 79
71 79
71 79
71 80
71 80
72 80
72 80
73 80
73 80
73 80
74 80
74 80
75 79
75 79
75 78
75 78
76 77
76 77
77 76
77 76
78 76
78 76
79 77
79 77
80 78
80 78
81 79
81 79
82 79
82 79
83 79
83 79
84 78
85 78
85 78
86 77
86 77
87 76
87 76
88 75
88 75
88 74
88 73
88 73
89 72
89 72
89 71
89 71
89 70
89 69
89 69
89 68
89 68
88 68
88 68
88 68
87 69
87 69
86 70
86 70
86 71
86 71
86 72
86 72
85 73
85 74
85 74
85 75
85 76
85 76
85 77
85 78
85 78
85 79
85 79
86 80
86 80
86 81
86 81
86 80
86 80
87 79
87 79
87 78
87 78
88 77
88 76
88 76
89 75
89 74
89 74
90 73
90 73
91 73
91 73
92 74
92 74
93 75
94 76
94 76
94 77
95 78
95 79
95 79
96 80
96 81
97 82
97 82
98 83
99 84
