0 15
0 14
0 13
0 12
0 12
0 11
0 11
0 10
0 9
0 9
0 10
0 10
0 11
0 11
0 12
0 13
0 13
0 14
0 15
0 16
0 16
0 17
0 18
1 19
1 20
1 21
1 22
1 22
1 23
1 24
1 25
2 26
2 27
2 28
2 29
2 30
2 30
2 31
2 32
2 33
2 34
2 35
2 36
2 37
2 38
2 39
2 40
2 40
2 41
2 42
2 43
2 44
2 45
3 46
3 47
3 48
3 49
3 50
3 51
3 51
3 52
3 53
3 54
3 55
3 56
4 57
4 58
4 59
4 60
4 61
4 62
4 62
4 63
4 64
4 65
4 66
5 67
5 68
5 69
5 70
5 71
5 72
5 72
5 73
5 74
5 75
6 76
6 77
6 78
6 79
6 79
6 80
6 81
7 82
7 83
7 84
7 84
7 85
7 86
8 87
8 88
8 89
8 89
8 90
9 91
9 92
9 93
9 93
9 94
10 95
10 96
10 97
10 97
11 98
11 98
11 99
11 99
12 99
12 99
13 99
13 99
13 98
13 97
13 97
13 96
14 95
14 94
14 94
14 93
14 92
15 91
15 90
15 89
15 89
15 88
15 87
15 86
16 85
16 84
16 83
16 82
16 81
16 81
16 80
17 79
17 78
17 77
17 76
18 75
18 74
18 73
18 73
18 72
18 71
18 70
18 69
19 68
19 67
19 66
19 65
19 64
19 63
19 63
19 62
19 61
20 60
20 59
20 58
20 57
20 56
21 55
21 54
21 53
21 53
21 52
21 51
22 50
22 49
22 48
22 47
22 46
22 45
23 44
23 43
23 42
23 42
23 41
23 40
24 39
24 38
24 37
24 36
24 35
25 34
25 33
25 32
25 32
25 31
26 30
26 29
27 28
27 27
27 26
28 25
28 24
28 24
28 23
29 22
29 21
29 20
29 19
30 18
30 17
30 16
30 16
31 15
31 14
32 13
32 12
33 11
33 10
33 10
34 9
34 8
35 7
35 6
35 6
36 5
36 4
36 4
37 3
38 2
38 2
38 1
38 1
39 0
39 0
39 1
39 1
38 1
38 1
38 1
38 2
38 2
38 3
38 4
37 5
37 6
37 7
37 8
37 9
36 10
36 11
36 12
36 13
36 14
35 15
35 16
35 17
35 18
35 19
34 20
34 21
34 22
34 23
34 24
33 25
33 26
33 27
33 28
33 29
32 30
32 31
32 32
32 33
32 34
31 35
31 36
31 37
31 38
31 39
30 40
30 41
30 42
30 43
30 44
29 45
29 46
29 47
29 48
29 49
28 50
28 51
28 52
28 53
28 54
27 55
27 56
27 57
27 57
27 58
27 59
27 60
27 60
27 61
27 61
27 60
27 60
28 61
28 61
28 62
28 62
29 63
29 63
30 63
30 63
30 63
31 62
31 62
32 61
32 61
33 60
34 59
34 59
35 58
35 58
36 57
36 56
36 56
37 55
38 54
38 54
39 53
39 52
39 52
40 51
40 50
40 50
41 49
41 48
41 48
41 47
41 46
41 46
42 45
42 44
42 44
42 43
42 42
42 42
42 41
42 40
42 39
42 39
42 38
42 38
42 37
42 37
42 36
42 36
41 36
41 36
41 36
40 37
40 37
39 37
39 37
38 38
38 39
38 39
37 40
37 41
37 41
37 42
37 43
37 44
37 44
37 45
36 46
36 47
36 47
35 48
35 49
35 49
35 50
35 51
35 52
35 52
35 53
35 54
35 55
35 55
35 56
35 57
35 58
35 58
35 59
35 60
35 61
35 61
35 62
35 63
35 63
35 64
35 65
35 65
36 66
36 67
36 67
37 68
37 69
37 69
37 70
37 71
37 71
38 72
38 72
39 73
39 73
39 74
39 74
40 74
40 74
41 74
41 74
42 74
42 74
43 73
43 72
43 72
44 71
44 70
44 70
45 69
46 68
46 68
46 67
47 66
47 65
47 65
48 64
48 63
49 62
49 62
50 61
50 60
50 60
50 59
51 58
51 57
51 57
51 56
52 55
52 54
52 54
53 53
53 52
53 52
54 51
54 51
55 50
55 50
55 50
56 49
56 49
56 49
56 49
56 49
57 49
57 49
57 49
57 49
57 49
57 49
57 49
57 50
57 50
57 51
57 51
57 52
57 52
57 53
57 54
57 54
57 55
57 56
57 56
57 57
57 58
57 59
57 59
57 60
57 60
57 61
57 62
57 62
57 63
57 63
57 64
57 64
57 65
57 65
57 65
57 65
57 65
57 65
57 64
57 64
58 63
58 63
58 62
58 61
58 61
59 60
59 59
59 59
59 58
59 57
59 57
60 56
60 55
60 55
60 54
60 54
61 53
61 52
61 52
61 51
61 50
61 50
62 49
62 49
62 48
62 48
63 47
63 47
64 46
64 46
65 45
65 45
66 44
66 44
67 44
67 44
68 43
68 43
69 43
69 43
70 42
71 42
71 42
72 42
72 42
73 42
73 42
74 42
74 42
75 42
75 42
75 42
76 42
76 42
76 42
76 42
76 42
76 42
76 42
76 42
76 43
76 43
76 42
76 42
76 42
76 42
76 42
76 42
76 42
76 42
76 42
76 43
76 43
76 44
76 44
75 45
75 45
75 46
75 47
75 47
75 48
75 49
75 49
75 50
75 51
75 52
75 52
75 53
75 54
75 55
75 55
74 56
74 57
74 57
74 58
74 59
74 59
74 60
74 60
74 61
74 61
74 62
74 62
74 62
74 62
74 62
74 61
74 61
74 60
74 60
75 59
75 59
75 58
75 57
75 57
76 56
76 56
77 55
77 54
77 54
77 53
77 53
78 52
78 52
78 52
79 52
79 52
79 53
79 53
80 54
80 54
80 55
80 55
80 56
80 57
80 57
80 58
80 58
80 59
80 59
80 59
80 59
80 59
81 59
81 59
81 58
81 58
82 57
82 56
82 56
82 55
82 55
83 56
83 56
83 55
83 55
83 55
83 55
83 56
83 56
83 56
83 56
83 57
83 57
84 57
84 57
84 57
84 57
84 57
85 57
86 56
87 56
88 56
88 56
89 55
90 55
90 55
91 54
91 54
91 54
92 53
92 53
92 53
92 52
92 52
92 52
92 51
92 51
92 51
91 51
91 51
91 51
90 51
90 51
89 52
89 52
89 53
89 53
88 54
88 55
88 55
88 56
88 56
88 57
88 58
88 58
88 59
88 59
88 60
88 60
88 61
88 61
89 62
89 62
89 62
90 61
90 61
91 61
91 61
92 60
92 60
93 59
93 59
93 58
93 57
93 57
94 56
94 56
94 55
94 54
94 54
95 53
95 53
95 52
95 51
95 51
95 51
95 50
95 50
95 50
95 51
95 51
95 51
95 52
95 52
95 53
95 54
95 54
95 55
95 55
95 56
95 56
96 57
96 58
96 58
96 59
96 60
96 60
96 61
96 61
97 62
97 63
97 63
97 64
97 64
98 65
98 65
98 66
98 66
98 67
98 67
99 67
