0 7
0 6
0 5
0 5
0 4
0 3
0 3
0 2
0 2
0 1
0 1
0 1
0 0
0 0
0 0
0 0
0 1
0 1
0 2
0 3
0 3
0 4
0 5
0 5
0 6
0 7
1 8
1 9
1 10
1 10
1 11
1 12
1 13
1 14
1 15
1 16
1 16
1 17
1 18
1 19
2 20
2 21
2 22
2 23
2 23
2 24
2 25
2 26
2 27
3 28
3 29
3 30
3 31
3 32
3 33
3 33
3 34
3 35
4 36
4 37
4 38
4 39
4 40
5 41
5 42
5 43
5 43
5 44
5 45
5 46
6 47
6 48
6 49
6 50
6 51
6 51
6 52
6 53
7 54
7 55
7 56
7 57
7 58
8 59
8 60
8 61
8 61
8 62
8 63
8 64
8 65
9 66
9 67
9 68
9 69
9 70
9 71
9 71
9 72
9 73
9 74
10 75
10 76
10 77
10 78
10 78
10 79
11 80
11 81
11 82
11 83
12 84
12 85
12 85
12 86
12 87
13 88
13 89
13 90
13 90
13 91
13 92
13 93
13 94
13 95
13 95
13 96
14 97
14 98
14 98
15 99
15 99
15 99
15 99
16 99
16 99
16 98
16 97
16 97
16 96
17 95
17 94
17 93
17 93
17 92
17 91
17 90
18 89
18 88
18 87
18 86
18 85
18 85
18 84
18 83
18 82
18 81
19 80
19 79
19 78
19 77
19 76
19 76
19 75
19 74
19 73
19 72
19 71
20 70
20 69
20 68
20 67
20 66
20 65
20 64
20 64
20 63
20 62
21 61
21 60
21 59
21 58
21 57
21 56
22 55
22 54
22 53
22 53
22 52
22 51
22 50
22 49
22 48
23 47
23 46
23 45
23 44
23 43
23 42
23 42
23 41
23 40
23 39
23 38
24 37
24 36
24 35
24 34
24 33
24 33
24 32
24 31
24 30
25 29
25 28
25 27
25 26
25 26
25 25
25 24
26 23
26 22
26 21
26 20
26 20
26 19
26 18
26 17
26 16
26 16
26 15
26 14
26 13
26 13
27 12
27 12
27 12
27 12
28 13
28 13
28 14
28 15
28 16
28 17
28 18
28 19
28 20
28 21
28 22
29 23
29 24
29 25
29 26
29 27
29 28
29 29
29 30
29 31
29 32
29 33
29 34
29 35
29 36
29 37
29 38
29 39
29 40
29 41
29 42
30 43
30 44
30 45
30 46
30 47
30 48
30 49
30 50
30 51
30 52
30 52
30 53
30 54
30 55
30 55
30 56
30 56
30 56
30 57
30 57
31 58
31 59
31 59
31 60
31 60
31 61
32 62
32 63
32 63
32 64
32 65
32 66
32 66
32 67
33 68
33 69
33 69
34 70
34 71
34 71
35 72
35 73
35 73
36 74
36 74
37 75
37 75
38 75
38 75
39 75
39 75
40 75
40 75
41 74
41 74
42 73
42 72
42 72
43 71
43 70
43 70
43 69
43 68
43 67
43 66
43 66
43 65
44 64
44 63
44 63
44 62
44 61
44 60
44 60
44 59
45 58
45 57
45 57
44 56
44 55
44 55
44 54
44 54
44 53
44 53
43 52
43 51
43 51
42 51
42 51
41 50
41 50
40 51
39 51
39 51
38 52
38 53
38 53
37 54
37 54
37 55
36 56
36 57
36 57
36 58
35 59
35 60
35 60
35 61
35 62
35 63
35 63
35 64
35 65
35 66
35 66
35 67
35 68
35 69
35 69
36 70
36 71
36 71
36 72
37 73
37 74
37 74
37 75
38 76
38 77
38 77
39 78
39 79
39 79
39 80
40 81
40 82
40 82
41 83
41 84
41 84
42 85
42 86
42 86
43 87
43 88
43 88
44 89
45 89
45 89
46 89
46 89
47 88
47 88
48 87
48 87
49 86
49 86
49 85
50 84
50 83
50 83
50 82
51 81
51 80
51 80
51 79
52 78
52 77
52 76
52 76
52 75
53 74
53 73
53 72
53 72
53 71
54 70
54 69
54 69
54 68
54 67
54 66
54 66
55 65
55 65
55 64
55 64
55 63
55 63
56 63
56 63
56 63
56 63
56 63
56 64
56 64
56 65
56 65
57 66
57 66
57 67
57 68
57 68
57 69
57 70
57 71
57 71
57 72
57 73
57 73
57 74
57 75
57 75
57 76
57 77
57 77
58 78
58 79
58 79
58 80
58 81
58 81
58 82
58 82
58 82
58 82
58 82
58 82
58 82
58 81
58 81
58 80
58 79
58 79
58 78
58 77
58 77
58 76
59 75
59 74
59 74
59 73
59 72
59 72
59 71
60 70
60 69
60 69
60 68
60 67
60 67
61 66
61 65
61 65
61 64
61 63
61 63
62 62
62 62
62 62
62 62
62 62
63 63
63 63
63 63
64 63
64 63
65 63
65 63
65 62
65 62
66 62
66 62
66 61
66 61
67 61
67 61
68 61
68 61
68 61
68 61
69 61
69 61
69 61
69 62
69 62
70 62
70 62
70 62
70 63
70 63
69 64
69 65
69 65
69 66
69 67
69 68
69 68
69 69
69 70
69 70
68 71
68 72
68 72
68 73
68 73
68 74
68 74
68 74
68 74
68 74
68 74
68 74
68 73
68 73
68 72
68 72
68 71
68 70
68 70
69 69
69 68
69 68
69 67
69 66
69 65
69 65
70 64
70 63
70 63
71 62
71 62
71 61
71 61
72 61
72 61
72 61
72 61
73 62
73 62
73 63
73 63
73 64
73 65
73 65
73 66
73 67
73 68
73 68
74 69
74 70
74 70
74 71
74 72
74 72
74 73
74 73
74 74
74 75
74 75
74 76
74 76
74 77
74 77
74 78
74 78
74 78
74 78
74 78
74 77
74 77
74 76
74 76
74 75
75 74
75 73
75 73
76 72
76 71
76 71
76 70
76 69
76 68
76 68
77 67
77 66
77 66
77 65
77 65
78 64
78 64
78 63
78 63
79 62
79 62
79 62
79 62
79 62
80 63
80 63
80 64
80 64
80 65
80 65
81 66
81 67
81 67
81 68
81 69
81 69
81 70
81 71
81 71
81 72
81 72
82 73
82 74
82 74
82 75
82 75
83 76
83 76
83 77
83 77
84 78
84 78
85 78
85 78
86 77
86 77
87 76
87 76
88 75
88 75
89 74
89 74
90 73
90 72
90 72
91 71
91 70
91 70
91 69
92 68
92 67
92 67
92 66
92 66
92 65
92 65
92 65
92 64
92 64
91 63
91 63
91 63
90 62
90 62
90 62
89 63
89 63
89 63
88 64
88 65
88 65
87 66
87 67
87 67
87 68
87 69
87 70
87 70
86 71
86 72
86 72
86 73
86 74
86 74
87 75
87 75
87 75
87 75
88 74
88 74
89 73
89 72
89 72
90 71
90 70
90 70
91 69
91 68
91 68
92 67
92 67
92 67
92 68
92 68
92 69
92 69
92 70
92 71
92 71
92 72
93 73
93 74
93 74
94 75
94 76
94 76
95 77
95 78
95 78
96 79
96 79
97 79
97 79
98 79
98 79
99 79
99 79
