0 14
0 13
0 12
0 11
0 10
0 9
0 8
0 8
0 7
0 6
0 5
0 5
0 4
0 3
0 2
0 1
0 0
0 0
0 1
0 1
0 2
0 3
0 4
0 5
0 5
0 6
0 7
0 8
1 9
1 10
1 11
1 12
1 12
1 13
1 14
1 15
1 16
1 17
1 18
1 19
1 20
1 21
1 22
1 23
1 23
1 24
1 25
1 26
2 27
2 28
2 29
2 30
2 31
2 32
3 33
3 34
3 35
3 36
3 36
3 37
3 38
3 39
3 40
3 41
3 42
3 43
4 44
4 45
4 46
4 47
4 48
4 49
4 50
4 51
4 51
4 52
4 53
4 54
5 55
5 56
5 57
5 58
5 59
5 60
5 61
5 62
6 63
6 64
6 65
6 66
6 67
6 67
6 68
6 69
7 70
7 71
7 72
7 73
7 74
7 75
8 76
8 77
8 78
8 79
8 79
8 80
8 81
8 82
8 83
9 84
9 85
9 86
9 87
9 88
9 89
9 89
9 90
10 91
10 92
11 93
11 94
11 94
11 95
11 96
11 97
11 98
11 98
12 99
12 99
12 99
12 98
13 97
13 96
13 96
13 95
13 94
14 93
14 92
14 91
14 91
14 90
14 89
15 88
15 87
15 86
15 85
16 84
16 83
16 82
16 82
16 81
16 80
16 79
17 78
17 77
17 76
17 75
17 74
17 73
18 72
18 71
18 70
18 69
18 69
18 68
18 67
18 66
18 65
18 64
18 63
18 62
19 61
19 60
19 59
19 58
19 57
19 56
19 55
19 54
19 54
19 53
19 52
19 51
20 50
20 49
20 48
20 47
20 46
20 45
20 44
21 43
21 42
21 41
21 40
21 40
21 39
21 38
21 37
21 36
21 35
22 34
22 33
22 32
22 31
22 30
22 29
22 29
22 28
22 27
22 26
22 25
23 24
23 23
23 22
23 21
23 20
23 20
23 19
23 18
23 17
23 17
23 16
23 16
22 17
22 18
22 18
22 19
22 20
22 21
22 22
22 23
23 24
23 25
23 26
23 27
23 28
23 29
23 30
23 31
23 32
23 33
23 34
24 35
24 36
24 37
24 38
24 39
24 40
24 41
24 42
24 43
24 44
25 45
25 46
25 47
25 48
25 49
25 50
25 51
25 52
25 53
25 54
25 55
26 56
26 57
26 58
26 59
26 60
26 61
26 61
27 62
27 63
27 63
27 63
27 62
27 62
27 63
27 64
27 65
27 65
27 66
28 67
28 68
28 68
29 69
29 70
29 70
30 71
30 72
30 72
31 72
31 72
32 71
32 71
33 70
33 70
34 69
34 68
35 67
35 67
35 66
36 65
36 64
36 64
36 63
36 62
36 61
36 60
36 59
36 59
36 58
37 57
37 56
37 55
37 55
37 54
37 53
37 52
37 51
37 51
37 50
37 49
37 49
37 48
37 47
37 47
37 47
36 48
36 48
35 49
35 49
35 50
34 51
34 52
34 53
34 53
34 54
33 55
33 56
33 57
33 57
33 58
33 59
32 60
32 61
32 62
32 62
32 63
32 64
32 65
32 66
32 67
32 68
32 68
32 69
32 70
32 71
32 72
32 73
32 74
32 74
32 75
32 76
32 77
32 78
32 79
32 79
32 80
32 81
32 82
32 83
32 83
32 84
33 85
33 86
33 86
33 87
34 88
34 89
34 89
35 90
35 91
35 91
36 92
36 92
37 92
38 92
38 92
39 91
39 91
40 90
41 89
41 89
42 88
42 87
42 87
43 86
43 85
44 84
44 84
44 83
45 82
45 81
45 80
45 80
45 79
46 78
46 77
46 76
46 76
46 75
46 74
47 73
47 72
47 71
47 71
48 70
48 69
48 69
48 68
48 67
48 67
49 66
49 66
49 66
49 66
50 67
50 67
50 67
51 68
51 68
51 69
51 70
51 70
51 71
51 72
51 72
51 73
52 74
52 75
52 75
52 76
52 77
52 78
52 78
52 79
52 80
52 81
52 82
52 82
52 83
52 84
52 85
52 85
52 86
52 87
52 88
52 88
51 89
51 90
51 90
51 91
51 92
51 92
51 92
51 92
51 92
51 91
51 91
51 90
51 89
51 89
51 88
51 87
51 86
51 85
51 85
51 84
51 83
52 82
52 81
52 80
52 79
52 79
52 78
52 77
53 76
53 75
53 74
53 73
53 73
53 72
53 71
54 70
54 69
54 68
54 68
54 67
55 66
55 65
55 65
55 64
56 63
56 62
56 62
57 61
57 60
57 60
57 59
57 58
57 58
58 57
58 57
59 56
59 56
59 56
60 56
60 56
61 56
61 56
61 57
61 57
61 57
62 57
62 57
62 56
62 56
62 56
63 55
63 55
63 54
63 54
63 54
63 54
63 54
63 54
63 54
64 54
64 54
64 55
64 55
64 56
64 56
64 57
64 57
64 58
65 59
65 60
65 60
65 61
65 62
65 63
65 63
65 64
65 65
65 66
65 67
65 67
65 68
64 69
64 70
64 71
64 71
64 72
64 73
64 74
64 74
64 75
64 76
64 77
64 77
64 78
64 79
64 79
64 80
64 81
64 81
64 81
64 81
64 81
64 80
64 80
64 79
64 78
64 78
64 77
64 76
64 75
64 75
64 74
65 73
65 72
65 72
65 71
66 70
66 69
66 68
66 68
66 67
66 66
66 65
66 65
67 64
67 63
67 63
68 62
68 62
69 61
69 61
70 61
70 61
70 62
70 62
70 63
70 64
70 64
71 65
71 66
71 66
71 67
71 68
71 69
71 69
71 70
71 71
71 72
71 72
71 73
71 74
71 75
71 75
71 76
71 76
71 77
71 77
71 77
71 77
71 77
71 76
71 75
71 75
71 74
72 73
72 72
72 71
72 71
72 70
73 69
73 68
73 67
73 67
73 66
73 65
73 64
73 64
74 63
74 62
74 62
74 61
74 60
74 60
75 60
75 60
75 60
75 60
75 61
75 61
76 62
76 62
76 63
76 64
76 64
77 65
77 66
77 66
77 67
77 68
77 69
77 69
78 70
78 71
78 71
78 72
78 73
78 73
79 74
79 74
79 75
79 75
79 75
80 75
80 75
80 74
80 74
81 73
81 73
81 72
81 71
81 71
82 71
82 71
83 70
83 70
83 69
83 69
84 69
84 69
85 68
85 68
85 67
85 67
86 66
86 66
87 65
87 64
87 64
87 63
87 62
87 62
87 61
87 60
87 60
87 59
87 59
87 58
87 57
87 57
86 56
86 56
86 55
86 55
86 54
86 54
85 53
85 53
85 52
85 52
84 52
84 52
84 52
84 52
83 53
83 53
83 54
83 55
83 56
83 56
83 57
83 58
83 59
83 59
83 60
83 61
83 62
83 62
83 63
83 64
83 64
83 65
83 66
83 66
84 67
84 67
84 67
85 67
85 67
85 66
85 66
86 65
86 64
86 64
87 63
87 62
87 62
87 61
87 61
87 60
87 60
87 60
88 61
88 61
88 62
88 62
88 63
88 64
88 64
89 65
89 66
89 66
89 67
89 68
89 68
90 69
90 69
91 69
91 69
92 68
92 68
93 67
93 67
94 66
94 65
94 65
95 64
95 64
96 63
96 63
97 63
97 63
98 63
98 63
98 63
99 64
