0 10
0 9
0 8
0 7
0 7
0 7
0 6
0 6
0 7
0 7
0 8
0 9
0 10
0 11
0 11
0 12
0 13
1 14
1 15
1 16
1 16
1 17
1 18
1 19
1 20
2 21
2 22
2 23
2 24
2 25
2 25
2 26
2 27
2 28
2 29
2 30
3 31
3 32
3 33
3 34
3 35
3 36
3 36
3 37
3 38
3 39
3 40
3 41
4 42
4 43
4 44
4 45
4 46
4 47
4 48
4 48
4 49
4 50
5 51
5 52
5 53
5 54
5 55
5 56
6 57
6 58
6 59
6 60
6 60
6 61
6 62
6 63
6 64
7 65
7 66
7 67
7 68
7 69
7 69
7 70
7 71
7 72
7 73
8 74
8 75
8 76
8 77
8 78
8 78
8 79
8 80
8 81
9 82
9 83
9 84
9 85
9 85
9 86
9 87
10 88
10 89
10 90
10 90
10 91
10 92
11 93
11 94
11 95
11 95
11 96
12 97
12 98
12 98
12 99
12 99
13 99
13 99
13 99
14 98
14 97
14 97
14 96
15 95
15 94
15 93
15 93
15 92
16 91
16 90
16 89
16 88
17 87
17 86
17 86
17 85
18 84
18 83
18 82
18 81
19 80
19 79
19 78
19 78
19 77
19 76
19 75
19 74
20 73
20 72
20 71
20 70
20 69
20 68
20 68
20 67
20 66
21 65
21 64
21 63
21 62
21 61
21 60
22 59
22 58
22 57
22 56
22 56
22 55
22 54
23 53
23 52
23 51
23 50
23 49
23 48
24 47
24 46
24 45
24 44
24 44
24 43
24 42
24 41
24 40
24 39
24 38
25 37
25 36
25 35
25 34
25 33
25 32
25 31
25 31
25 30
25 29
26 28
26 27
26 26
26 25
26 24
27 23
27 22
27 21
27 21
27 20
27 19
27 18
28 17
28 16
28 15
28 14
28 13
28 13
28 12
28 11
29 10
29 9
29 8
29 7
29 7
29 6
30 5
30 4
30 4
31 3
31 2
31 2
31 1
31 1
31 1
32 0
32 0
32 0
32 0
32 1
32 1
32 2
32 3
32 4
32 5
32 6
32 7
32 8
32 9
32 10
32 11
32 12
32 13
32 14
32 15
31 16
31 17
31 18
31 19
31 20
31 21
31 22
31 23
31 24
31 25
31 26
31 27
31 28
31 29
31 30
31 31
31 32
31 33
31 34
31 35
31 36
31 37
31 38
31 39
31 40
31 41
31 42
31 43
31 44
31 45
30 46
30 47
30 48
30 49
30 50
30 51
30 52
30 53
30 54
30 55
30 56
30 57
30 58
30 59
30 60
30 61
30 61
31 62
31 63
31 63
31 64
31 64
31 64
32 64
32 64
33 64
33 64
34 63
34 63
35 62
35 62
35 61
36 60
36 59
36 59
36 58
37 57
37 56
37 56
38 55
38 54
38 54
39 53
39 52
39 52
39 51
40 50
40 49
40 49
40 48
40 47
40 47
40 46
41 45
41 44
41 44
41 43
40 42
40 41
40 41
40 40
40 39
40 39
40 38
40 38
39 38
39 38
38 39
38 39
37 40
37 40
37 41
37 42
37 43
37 43
37 44
36 45
36 46
36 46
36 47
36 48
35 49
35 50
35 51
35 51
35 52
34 53
34 54
34 55
34 55
34 56
34 57
34 58
34 59
34 60
34 60
34 61
34 62
34 63
34 63
34 64
34 65
34 66
34 66
34 67
35 68
35 69
35 69
36 70
36 71
36 71
37 72
37 72
38 73
38 74
38 74
39 74
39 74
40 75
40 75
41 75
41 75
42 74
43 74
43 74
44 73
44 73
45 72
45 71
45 71
46 70
46 69
46 69
46 68
47 67
47 66
47 66
47 65
48 64
48 63
48 63
49 62
49 61
49 61
49 60
50 59
50 58
50 58
50 57
50 57
51 56
51 56
51 55
51 55
52 56
52 56
52 56
52 57
53 58
53 59
53 59
53 60
53 61
53 62
53 62
53 63
54 64
54 65
54 65
54 66
54 67
54 68
54 69
54 69
54 70
55 71
55 72
55 72
55 73
55 74
55 74
55 75
55 76
55 76
55 77
55 77
56 77
56 77
56 77
56 76
56 76
56 75
56 74
56 74
56 73
57 72
57 71
57 71
57 70
57 69
57 68
57 68
57 67
58 66
58 65
58 65
58 64
58 63
58 62
58 62
58 61
59 60
59 59
59 58
59 58
59 57
60 56
60 55
60 55
61 54
61 53
61 53
61 52
62 51
62 50
62 50
63 49
64 48
64 48
65 47
66 46
66 46
67 45
68 45
68 45
69 44
69 44
70 44
71 44
71 44
72 44
72 44
73 45
73 45
74 46
74 46
74 46
75 47
75 47
75 47
75 47
76 47
76 47
76 47
76 46
76 46
76 46
76 46
76 46
76 46
76 46
76 47
76 47
75 48
75 48
75 49
75 49
75 50
75 51
75 52
75 52
75 53
75 54
75 55
75 55
75 56
75 57
75 58
75 59
75 59
75 60
75 61
75 62
75 63
75 63
75 64
75 65
75 65
75 66
75 67
75 67
75 68
75 68
75 68
75 68
76 68
76 68
76 67
76 67
77 66
77 65
77 65
77 64
77 63
77 62
77 62
77 61
78 60
78 59
78 59
78 58
79 57
79 56
79 55
79 55
80 54
80 53
80 53
80 52
80 52
81 52
81 52
81 53
81 53
81 54
81 54
81 55
81 55
82 56
82 57
82 57
82 58
82 59
82 59
82 60
82 60
82 61
82 61
82 62
82 62
82 62
82 62
82 61
82 60
82 60
83 59
83 58
83 58
84 57
84 56
84 56
85 55
85 54
85 54
85 54
86 53
86 53
86 53
86 54
86 54
86 55
86 56
86 56
86 57
86 58
86 58
86 59
86 60
86 60
87 61
87 61
87 62
87 62
88 62
88 62
88 62
89 62
89 62
89 61
89 61
90 60
90 60
91 59
91 59
92 58
92 58
92 57
92 56
92 56
93 55
93 54
93 54
93 53
93 52
93 52
93 51
94 50
94 49
94 49
94 48
94 47
94 47
93 46
93 46
93 45
93 45
92 45
92 45
92 45
91 46
91 47
91 47
90 48
90 49
90 49
89 50
89 51
89 51
89 52
89 53
89 54
89 54
89 55
88 56
88 57
88 57
88 58
88 59
88 60
88 60
88 61
88 62
88 62
89 63
89 64
89 64
89 65
89 65
90 65
90 65
91 65
91 65
92 65
92 65
92 64
92 64
93 63
93 62
93 62
94 61
94 60
94 60
94 59
94 58
94 57
94 57
94 56
95 55
95 54
95 54
95 53
95 52
95 52
95 51
96 50
96 49
96 49
96 48
96 47
96 47
96 47
96 47
97 48
97 49
97 49
97 50
97 51
97 51
97 52
97 53
97 54
97 54
97 55
97 56
97 57
97 57
97 58
98 59
98 60
98 60
98 61
98 62
98 63
98 63
99 64
