3 31
3 30
2 29
2 28
2 27
1 26
1 25
1 25
0 24
0 23
0 23
0 22
0 21
0 21
0 20
0 20
0 19
0 19
0 20
0 20
0 20
0 21
0 22
0 22
0 23
0 24
0 24
0 25
0 26
0 27
0 28
0 29
0 29
0 30
0 31
0 32
0 33
0 34
0 35
0 35
0 36
0 37
0 38
1 39
1 40
1 41
1 42
1 42
1 43
1 44
1 45
1 46
2 47
2 48
2 49
2 50
2 51
2 52
2 52
2 53
2 54
2 55
2 56
2 57
3 58
3 59
3 60
3 61
3 62
3 63
3 63
3 64
3 65
4 66
4 67
4 68
4 69
4 70
4 71
5 72
5 73
5 74
5 74
5 75
5 76
5 77
5 78
6 79
6 80
6 81
6 82
6 83
6 83
6 84
7 85
7 86
7 87
7 88
8 89
8 90
8 90
9 91
9 92
10 93
10 94
10 94
10 95
11 96
11 97
11 98
11 98
12 99
13 99
13 99
14 99
15 99
15 99
16 98
17 98
17 98
18 97
18 96
19 95
19 94
19 94
19 93
19 92
20 91
20 90
20 89
20 88
20 88
20 87
21 86
21 85
21 84
21 83
22 82
22 81
22 81
22 80
22 79
22 78
22 77
23 76
23 75
23 74
23 73
23 72
23 71
23 71
23 70
23 69
23 68
23 67
23 66
24 65
24 64
24 63
24 62
24 61
24 60
24 59
24 59
24 58
24 57
24 56
24 55
24 54
25 53
25 52
25 51
25 50
25 49
25 48
25 47
25 47
25 46
25 45
25 44
25 43
25 42
25 41
25 40
25 39
25 38
25 37
25 36
25 35
25 35
25 34
25 33
25 32
25 31
25 30
26 29
26 28
26 27
26 26
26 25
26 24
26 23
26 23
26 22
26 21
26 20
26 19
26 18
26 17
26 16
26 15
26 15
26 14
26 13
26 12
26 11
26 10
26 9
26 9
26 8
26 7
25 6
25 5
25 4
25 4
25 3
25 2
25 1
25 1
24 0
24 0
23 0
23 0
23 1
23 1
23 2
23 3
23 4
23 5
24 6
24 7
24 8
24 9
24 10
24 11
24 12
24 13
25 14
25 15
25 16
25 17
25 18
25 19
25 20
25 21
25 22
26 23
26 24
26 25
26 26
26 27
26 28
26 29
26 30
26 31
27 32
27 33
27 34
27 35
27 36
27 37
27 38
27 39
28 40
28 41
28 42
28 43
28 44
28 45
28 46
28 47
28 48
29 49
29 50
29 51
29 52
29 53
29 53
29 54
29 55
30 56
30 57
30 58
30 59
30 60
31 61
31 62
31 63
31 63
31 64
32 65
32 66
32 66
32 67
33 68
33 69
33 70
33 70
33 71
34 72
34 73
34 74
34 74
35 75
35 76
36 77
36 77
37 78
37 79
37 79
38 80
38 80
39 81
39 81
40 80
41 80
41 80
42 79
42 79
43 78
43 77
43 77
43 76
43 75
43 74
43 74
43 73
43 72
43 71
43 71
43 70
43 69
43 68
43 67
43 67
43 66
43 65
43 64
43 63
43 62
43 62
43 61
42 60
42 59
42 58
42 58
42 57
41 56
41 55
41 55
40 54
40 54
39 54
39 54
38 55
38 55
37 56
37 57
37 57
37 58
36 59
36 60
36 61
36 61
36 62
35 63
35 64
35 65
35 65
35 66
34 67
34 68
34 69
34 69
34 70
35 71
35 72
35 73
35 73
35 74
35 75
35 76
35 77
35 77
36 78
36 79
37 80
37 81
37 81
37 82
38 83
38 84
38 84
39 85
40 85
40 85
41 86
42 86
42 86
43 86
44 86
44 86
45 85
46 85
46 85
47 84
48 83
48 83
49 82
49 81
50 80
50 79
50 79
50 78
51 77
51 76
51 75
51 75
52 74
52 73
53 72
53 71
53 71
53 70
53 69
54 68
54 67
54 66
54 65
54 65
54 64
54 63
54 62
54 61
54 60
54 60
54 59
55 58
55 57
55 56
55 56
55 55
55 54
55 53
55 52
55 52
56 52
56 52
56 53
56 53
56 54
56 55
56 55
56 56
56 57
56 58
56 59
56 59
56 60
56 61
57 62
57 63
57 64
57 64
57 65
57 66
57 67
57 68
57 69
57 69
57 70
57 71
58 72
58 73
58 74
58 74
58 75
58 76
58 77
58 78
58 78
58 79
59 80
59 81
59 82
59 82
59 83
59 83
59 83
59 83
59 82
59 81
59 81
59 80
59 79
59 78
59 77
59 77
59 76
59 75
59 74
59 73
59 73
59 72
59 71
59 70
59 69
59 68
59 68
59 67
59 66
59 65
59 64
59 64
59 63
60 62
60 61
60 61
61 60
62 59
62 59
63 58
63 58
64 58
65 58
65 58
66 58
67 58
67 58
68 57
69 57
69 57
70 57
70 57
71 57
71 57
72 56
72 56
73 55
73 55
73 54
73 54
72 55
71 55
71 55
71 56
71 57
71 58
71 58
70 59
70 59
70 60
70 60
70 61
70 62
70 62
70 63
70 64
70 65
70 65
70 66
70 67
70 68
70 68
71 69
71 70
71 70
71 71
71 72
71 72
71 73
71 73
72 74
72 74
73 74
73 74
73 74
73 73
74 72
74 71
74 71
75 70
75 69
75 69
75 68
76 67
76 66
76 66
76 65
76 65
77 66
77 66
78 67
78 67
78 68
78 68
79 69
79 69
80 70
80 70
80 70
81 70
82 70
82 70
83 69
83 68
83 68
83 67
83 66
83 66
83 65
84 64
84 63
84 63
85 62
85 62
86 62
86 62
86 62
87 63
87 63
88 64
89 64
89 64
90 64
90 64
91 63
92 63
92 63
93 62
93 62
94 61
94 61
95 60
95 59
95 59
96 58
96 57
96 57
96 56
96 56
96 55
96 54
96 54
95 53
95 53
95 52
95 51
95 51
94 50
94 50
93 49
93 48
93 48
92 47
92 47
91 47
91 47
90 47
90 47
90 48
90 49
90 49
90 50
90 51
90 52
90 52
90 53
90 54
90 55
90 56
90 56
90 57
90 58
90 59
90 59
91 60
91 61
91 61
91 62
91 63
91 63
92 64
92 64
92 64
93 64
93 64
93 63
93 62
93 62
94 61
94 60
94 60
94 59
94 58
94 58
95 57
95 57
95 57
96 58
96 59
96 59
96 60
96 61
96 61
97 62
97 63
97 63
98 64
98 64
99 65
99 66
