2 26
2 25
1 24
1 23
1 23
0 22
0 22
0 21
0 21
0 21
0 21
0 22
0 23
0 23
0 24
0 25
0 25
0 26
0 27
0 28
0 29
0 30
0 30
0 31
0 32
0 33
0 34
0 35
0 35
0 36
0 37
0 38
0 39
0 40
0 40
0 41
0 42
0 43
1 44
1 45
1 46
1 47
1 48
1 48
1 49
1 50
1 51
1 52
1 53
1 54
1 55
1 56
1 56
1 57
1 58
1 59
1 60
2 61
2 62
2 63
2 64
2 65
2 65
2 66
2 67
2 68
2 69
3 70
3 71
3 72
3 73
3 74
3 75
3 75
3 76
4 77
4 78
4 79
4 80
5 81
5 82
5 83
5 83
5 84
5 85
5 86
6 87
6 88
6 89
6 90
6 90
6 91
7 92
7 93
7 94
8 95
8 96
8 96
9 97
9 98
10 99
10 99
11 99
12 99
12 99
13 98
14 98
14 98
15 97
16 96
16 96
16 95
17 94
17 93
18 92
18 91
18 91
18 90
19 89
19 88
19 87
19 86
20 85
20 84
20 84
20 83
20 82
20 81
21 80
21 79
21 78
21 77
21 76
21 76
21 75
21 74
22 73
22 72
22 71
22 70
22 69
23 68
23 67
23 66
23 66
23 65
23 64
23 63
23 62
23 61
24 60
24 59
24 58
24 57
24 56
24 55
24 54
24 54
24 53
24 52
24 51
25 50
25 49
25 48
25 47
25 46
25 45
26 44
26 43
26 42
26 41
26 41
26 40
26 39
26 38
26 37
26 36
27 35
27 34
27 33
27 32
27 31
27 30
27 29
27 29
27 28
27 27
27 26
27 25
28 24
28 23
28 22
28 21
28 20
28 19
28 19
28 18
28 17
28 16
28 15
29 14
29 13
29 12
29 11
29 10
29 10
29 9
29 8
29 7
29 6
29 5
29 4
29 4
29 3
29 2
29 2
29 1
29 1
28 0
28 0
28 1
28 2
28 3
28 4
28 5
28 6
28 7
28 8
28 9
28 10
28 11
28 12
28 13
29 14
29 15
29 16
29 17
29 18
29 19
29 20
29 21
29 22
29 23
29 24
29 25
29 26
29 27
29 28
29 29
29 30
29 31
29 32
29 33
29 34
29 35
29 36
29 37
29 38
29 39
29 40
29 41
30 42
30 43
30 44
30 45
30 46
30 47
30 48
30 49
30 50
30 51
30 52
30 53
30 54
30 55
30 55
30 56
30 57
31 58
31 59
31 60
31 61
31 62
32 63
32 64
32 65
32 65
32 66
33 67
33 68
33 68
33 69
34 70
34 71
34 71
34 72
35 73
35 74
35 75
35 75
36 76
37 77
37 77
38 78
38 79
38 79
39 80
40 80
40 80
41 80
41 80
42 79
42 79
43 78
43 77
43 77
44 76
44 75
44 75
44 74
44 73
44 72
44 71
44 71
44 70
45 69
45 68
45 67
45 67
45 66
45 65
45 64
45 63
45 63
45 62
45 61
45 60
45 59
45 58
45 58
45 57
45 56
44 55
44 54
44 53
44 53
44 52
44 51
44 51
43 50
43 49
43 49
42 49
42 49
41 50
41 50
41 51
41 52
41 52
41 53
40 54
40 55
40 56
40 56
40 57
39 58
39 59
39 60
39 60
39 61
39 62
39 63
39 64
39 65
39 65
39 66
39 67
39 68
39 69
39 69
39 70
39 71
40 72
40 73
40 74
40 74
40 75
41 76
41 77
41 78
41 78
42 79
42 80
43 81
43 81
44 82
44 83
44 83
45 84
46 84
46 84
47 84
48 84
48 84
49 83
50 82
50 82
51 81
52 80
52 80
53 79
53 78
54 77
54 76
54 76
54 75
55 74
55 73
56 72
56 71
56 71
56 70
57 69
57 68
58 67
58 66
58 66
58 65
58 64
59 63
59 62
59 61
59 60
59 60
59 59
59 58
60 57
60 56
60 55
60 55
60 54
60 53
61 52
61 51
61 50
61 50
62 49
62 48
62 48
62 47
62 47
63 47
63 47
63 48
63 49
63 49
63 50
64 51
64 52
64 52
64 53
64 54
64 55
64 55
64 56
64 57
65 58
65 59
65 60
65 60
65 61
65 62
65 63
65 64
65 64
65 65
65 66
65 67
65 67
65 68
66 69
66 70
66 70
66 71
66 72
66 72
66 73
66 73
66 73
66 72
66 71
66 71
66 70
66 69
66 69
66 68
66 67
66 66
66 65
66 65
66 64
66 63
67 62
67 61
67 60
67 60
67 59
67 58
67 57
67 56
67 55
67 55
67 54
68 53
68 52
68 52
69 51
69 50
69 50
70 50
70 50
71 50
71 50
72 50
73 50
73 50
74 50
74 50
75 51
76 51
76 51
77 52
77 52
77 52
76 52
76 52
76 52
75 53
75 53
75 54
75 54
75 55
75 56
75 56
75 57
75 58
75 58
76 59
76 60
76 60
76 61
76 62
76 62
77 63
77 63
77 64
77 64
78 64
78 64
79 63
79 63
79 62
80 61
80 60
80 60
80 59
80 58
80 58
81 57
81 57
81 56
81 56
82 56
82 56
82 57
82 57
83 58
83 59
83 59
83 60
83 60
83 61
83 61
84 61
84 61
85 61
85 61
85 60
85 60
86 59
86 58
86 58
87 57
87 56
87 56
87 56
88 56
88 56
88 57
88 57
89 58
89 58
90 58
90 58
91 58
91 58
92 57
92 57
93 56
93 55
93 55
94 54
95 53
95 53
95 52
95 52
95 51
95 51
95 50
95 49
95 49
95 48
95 48
94 47
94 47
94 46
94 46
93 45
93 45
92 44
92 44
91 44
91 44
91 44
90 45
90 46
90 46
90 47
90 48
90 48
90 49
90 50
90 51
90 52
90 52
90 53
90 54
90 54
90 55
90 56
90 57
90 57
90 58
90 59
90 59
91 60
91 60
91 61
91 61
92 60
92 60
92 59
92 59
93 58
93 57
93 57
93 56
93 56
94 55
94 54
94 54
94 53
94 53
94 53
95 54
95 54
95 55
95 55
96 56
96 57
96 57
97 58
97 58
97 59
97 59
98 59
98 59
99 58
