16 0
16 1
16 2
16 3
16 3
15 4
15 4
14 5
14 6
14 6
14 7
14 8
14 9
14 10
14 11
14 11
14 12
14 13
14 14
13 15
13 16
13 17
13 18
13 18
13 19
12 20
12 21
12 22
12 23
11 24
11 25
11 25
11 26
10 27
10 28
10 29
10 30
9 31
9 32
9 33
9 33
9 34
8 35
8 36
8 37
8 38
7 39
7 40
7 40
7 41
6 42
6 43
5 44
5 45
4 46
4 47
4 47
4 48
3 49
3 50
2 51
2 52
1 53
1 54
1 54
1 55
0 56
0 57
0 57
1 56
1 55
2 54
3 53
3 52
4 51
5 50
6 49
6 48
7 47
8 46
8 45
9 44
9 44
10 43
11 42
12 42
13 41
13 41
13 40
14 39
14 38
14 38
15 39
16 40
16 41
17 42
18 43
18 43
17 44
17 45
16 46
16 47
15 48
15 49
15 49
14 50
13 51
13 51
13 52
13 52
13 51
13 51
14 50
14 50
15 49
16 48
16 48
17 47
18 46
18 46
19 45
20 44
20 44
20 45
20 46
19 47
19 48
19 49
19 50
18 51
18 52
18 53
18 54
17 55
17 56
17 57
17 58
16 59
16 60
16 61
16 61
16 62
15 63
15 64
14 65
14 66
13 67
13 68
12 69
12 70
12 70
11 71
11 72
10 73
10 73
10 74
9 75
9 76
9 76
9 77
9 77
9 78
9 78
10 78
10 78
10 78
11 77
12 77
12 77
13 76
13 75
14 74
14 74
15 73
15 72
16 71
16 70
16 70
17 69
18 68
18 67
19 66
19 66
19 65
20 64
20 63
21 62
21 61
21 61
22 60
22 59
23 58
23 57
24 56
24 55
25 54
25 53
26 52
26 52
25 51
25 51
24 52
24 52
23 53
23 53
22 54
22 55
22 55
21 56
21 57
21 57
21 58
21 59
21 60
21 60
21 61
20 62
20 63
20 64
20 64
20 65
20 66
20 67
20 68
20 69
20 69
20 70
20 71
20 72
20 73
20 74
20 75
20 76
20 76
20 77
20 78
20 79
21 80
21 81
21 82
21 83
21 83
21 84
21 85
21 86
21 87
21 87
22 88
22 89
22 89
23 89
23 89
24 88
25 88
25 88
25 87
26 86
26 85
26 84
26 83
27 82
27 81
27 80
27 79
28 78
28 77
28 76
28 75
29 74
29 73
29 72
30 71
30 70
30 69
30 68
31 67
31 66
31 65
31 64
32 63
32 62
32 61
32 60
33 59
33 58
33 57
34 56
34 55
34 54
34 53
35 52
35 51
35 50
35 49
36 48
36 47
36 46
36 45
37 44
37 43
37 42
38 41
38 40
38 39
38 38
39 37
39 36
39 35
39 34
40 33
40 32
40 31
40 30
41 29
41 28
41 28
41 29
41 30
41 30
41 31
41 32
41 32
41 33
41 33
41 34
41 35
41 36
41 37
41 37
41 38
40 39
40 40
40 41
40 41
40 42
40 43
39 44
39 45
39 46
39 46
39 47
39 48
38 49
38 50
38 51
38 51
38 52
37 53
37 54
37 54
36 55
36 56
35 57
35 57
34 58
34 58
34 58
35 57
35 57
36 56
36 56
37 55
37 54
38 53
38 53
39 52
39 51
40 50
40 50
41 49
42 49
43 48
43 48
44 47
44 47
45 47
46 47
46 47
46 48
45 49
45 50
45 51
44 52
44 53
44 54
43 55
43 56
43 56
42 57
42 58
41 59
40 60
39 61
39 62
38 63
38 63
37 64
36 65
36 66
35 67
35 67
34 68
34 69
34 69
33 69
33 69
34 69
34 69
35 68
35 67
35 67
36 66
37 65
37 64
38 63
38 63
39 62
40 61
41 60
42 59
42 59
43 58
43 57
44 56
44 55
45 54
45 54
46 53
47 52
47 51
48 50
48 50
49 49
50 48
51 47
51 47
51 46
52 45
52 44
52 44
51 43
50 42
50 41
49 40
48 39
47 38
47 37
46 36
46 36
45 37
44 37
44 37
44 38
44 39
44 39
44 40
44 40
44 41
44 42
44 42
44 43
44 44
44 45
44 45
44 46
43 47
43 48
43 49
43 49
43 50
43 51
43 52
43 53
43 53
43 54
43 55
42 56
42 57
42 58
42 58
42 59
42 60
41 61
41 62
41 63
41 63
41 64
41 65
40 66
40 67
40 68
40 68
40 69
39 70
39 71
39 72
39 72
38 73
38 74
38 74
38 73
39 72
39 71
40 70
40 69
40 68
41 67
41 66
41 66
42 67
42 67
43 68
43 68
43 67
43 67
44 68
44 69
44 69
45 70
46 71
46 71
47 72
48 73
48 73
49 74
50 74
51 75
51 75
52 76
53 76
54 77
54 77
54 76
55 75
55 74
55 73
55 72
56 71
56 70
56 69
57 68
57 67
57 66
57 65
58 64
58 63
58 62
59 61
59 60
59 59
59 58
60 57
60 56
60 55
61 54
61 53
61 52
62 51
62 50
62 49
62 48
63 47
63 46
63 45
64 44
64 43
64 42
64 41
65 40
65 39
65 38
66 37
66 36
66 35
66 34
67 33
67 32
67 31
68 30
68 29
68 28
68 27
69 26
69 25
69 25
69 26
69 26
68 25
68 25
68 25
69 25
69 25
70 24
70 24
71 24
71 24
72 23
73 23
73 23
74 23
75 22
76 22
76 22
77 21
78 21
78 21
79 20
80 20
81 19
81 19
82 18
83 18
83 18
84 17
84 17
85 16
85 16
85 15
85 15
85 15
85 16
85 16
85 17
85 17
84 18
84 19
84 19
84 20
83 21
83 22
83 22
83 23
82 24
82 25
82 26
82 26
82 27
82 28
82 29
82 29
82 30
81 31
81 32
81 32
80 33
80 34
80 34
80 35
80 35
81 34
81 34
81 33
81 33
81 33
82 32
82 32
83 31
83 30
83 30
82 29
81 28
80 27
79 27
78 26
77 25
77 25
76 26
76 27
76 27
76 28
76 28
76 28
76 29
76 30
76 30
75 31
75 32
75 32
75 33
75 34
75 34
75 35
74 36
74 37
74 37
73 38
73 39
72 40
72 40
71 41
71 42
70 43
70 44
70 44
69 45
68 46
67 47
67 47
66 48
65 49
65 50
64 51
64 51
63 52
63 53
62 54
62 55
62 55
61 56
60 56
60 56
60 55
60 54
60 53
60 52
60 51
60 51
61 51
61 51
61 51
61 51
62 51
62 51
63 51
63 51
64 51
64 51
65 51
65 51
66 50
67 50
67 50
68 49
69 48
69 48
70 48
71 47
72 47
73 47
73 47
74 47
75 46
76 46
77 45
78 45
78 45
79 45
80 44
81 44
82 43
83 43
83 43
84 42
85 42
86 41
87 41
87 41
88 41
89 40
90 40
91 40
91 40
92 40
93 40
94 40
95 40
95 40
96 39
97 39
97 39
98 40
99 40
99 40
98 41
97 41
96 42
95 42
94 43
93 43
92 44
91 44
90 45
89 46
88 46
87 47
86 47
85 48
84 48
83 49
82 50
81 50
80 51
79 51
78 52
77 52
76 53
75 53
74 54
74 54
74 55
74 56
74 57
75 58
75 59
75 60
75 61
75 62
75 62
74 63
74 64
74 64
73 65
73 66
73 66
73 67
73 68
73 69
73 69
73 70
74 71
74 72
74 72
75 73
75 74
75 74
75 75
75 75
75 75
75 76
75 76
75 76
75 75
75 75
75 74
75 74
75 73
75 72
75 72
75 71
75 70
75 70
75 69
76 68
76 67
76 67
76 66
77 65
77 64
77 64
78 63
78 62
79 61
79 61
80 60
81 60
82 59
82 59
83 59
84 59
84 59
85 59
85 59
86 60
86 61
86 61
87 62
87 63
87 63
87 64
86 65
86 66
86 66
85 67
85 68
84 69
84 69
83 70
83 71
82 72
82 73
82 73
81 74
80 75
80 75
79 76
79 76
79 77
79 77
79 76
79 76
80 75
80 75
81 74
81 73
81 73
81 72
82 71
82 70
82 70
82 69
83 68
83 67
83 66
83 66
83 65
83 64
83 63
83 62
83 61
83 60
84 59
84 58
84 57
84 56
84 55
84 54
84 53
84 53
83 52
82 52
82 52
82 53
82 53
81 54
81 54
81 55
81 56
81 57
81 57
81 58
80 59
80 60
80 60
80 61
80 62
80 63
80 63
80 64
80 65
80 66
80 66
80 67
81 68
81 69
81 69
81 70
81 71
81 72
81 73
81 73
81 74
80 75
80 76
80 77
80 78
79 79
79 80
79 81
78 82
78 83
78 84
78 85
77 86
77 87
77 88
76 89
76 90
76 91
76 92
75 93
75 94
75 94
75 95
74 96
74 97
73 98
73 99
73 99
73 99
74 99
74 99
75 98
75 97
76 96
76 96
77 95
77 94
78 93
78 92
78 92
79 91
80 90
80 89
81 88
82 87
82 87
83 86
84 85
84 84
85 83
85 83
86 82
87 81
87 80
88 79
88 79
88 78
88 77
89 76
89 75
89 74
89 73
89 72
90 71
90 70
90 69
90 69
91 70
92 71
92 71
92 71
93 72
93 73
93 73
94 74
95 75
95 75
95 76
96 77
96 78
96 78
97 79
97 80
97 80
97 81
98 82
98 83
