15 0
15 1
15 2
15 3
15 4
15 4
14 4
14 4
14 5
14 5
14 6
14 6
14 7
13 8
13 9
13 9
13 10
13 11
13 12
13 13
13 14
13 15
13 15
13 16
13 17
13 18
12 19
12 20
12 21
12 22
12 23
12 23
12 24
12 25
12 26
11 27
11 28
11 29
11 30
11 31
11 31
11 32
11 33
10 34
10 35
10 36
10 37
9 38
9 39
9 40
9 40
9 41
8 42
8 43
8 44
8 45
7 46
7 47
7 48
7 49
6 50
6 51
6 51
6 52
6 53
5 54
5 55
5 56
5 57
5 58
4 59
4 60
4 61
4 61
4 62
3 63
3 64
2 65
2 66
1 67
1 68
1 68
1 69
1 70
1 71
0 72
0 73
0 74
0 75
0 75
0 76
0 77
0 78
0 78
0 77
1 76
1 75
2 74
2 73
3 72
3 71
4 70
4 69
5 68
5 67
5 67
5 66
6 65
6 64
6 63
6 62
7 61
7 60
7 60
7 59
8 58
8 57
8 57
9 56
9 55
10 54
10 53
10 53
11 52
12 51
12 51
13 50
14 50
14 50
15 51
15 52
16 53
16 54
17 55
17 56
18 57
18 57
18 58
17 59
17 60
17 61
17 62
16 63
16 64
16 65
16 65
15 66
15 67
15 67
14 68
13 69
13 69
12 70
12 70
12 71
12 71
12 71
13 70
13 70
14 69
15 69
15 69
16 68
16 67
17 66
17 65
17 65
18 64
19 63
20 62
20 62
20 61
21 60
21 59
21 59
22 58
23 58
23 58
24 59
24 59
24 60
24 60
24 61
23 62
23 63
23 64
23 64
22 65
22 66
21 67
21 68
21 68
21 69
20 70
20 71
19 72
19 73
19 73
18 74
18 75
17 76
17 77
16 78
16 78
15 79
15 80
14 81
14 82
13 83
13 83
12 84
12 85
11 86
11 87
11 87
10 88
9 89
9 90
8 91
8 91
8 92
7 93
7 94
7 94
7 95
6 96
6 97
6 97
6 98
6 98
6 97
6 97
7 96
8 96
8 96
9 95
10 94
11 93
11 93
12 92
12 91
13 90
13 89
14 88
14 88
15 87
15 86
16 85
16 84
17 83
17 83
17 82
18 81
18 80
19 79
19 78
19 78
20 77
20 76
21 75
21 75
21 74
22 73
22 72
22 72
22 71
22 70
22 70
22 69
22 69
21 69
21 69
20 70
20 71
20 71
19 72
19 73
19 73
19 74
18 75
18 76
18 76
18 77
18 78
18 79
18 80
18 80
18 81
18 82
18 83
18 84
18 85
18 85
18 86
18 87
18 88
18 89
18 90
18 90
18 91
18 92
18 93
18 94
18 95
18 95
18 96
19 97
19 98
19 98
20 99
20 99
20 99
21 98
22 97
22 97
22 96
23 95
23 94
23 94
24 93
24 92
25 91
25 90
26 89
26 89
26 88
27 87
27 86
27 85
28 84
28 83
28 83
28 82
28 81
28 80
28 79
29 78
29 77
29 76
29 75
29 74
29 73
29 72
29 71
29 70
30 69
30 68
30 67
30 66
30 65
30 64
30 63
30 62
30 61
30 60
31 59
31 58
31 57
31 56
31 55
31 55
31 54
31 53
31 52
31 51
31 50
31 50
31 49
31 49
31 49
30 49
30 49
30 49
30 49
30 49
30 50
30 51
30 51
30 52
30 53
30 53
30 54
30 55
30 56
30 57
30 57
30 58
30 59
30 60
30 61
30 61
30 62
30 63
29 64
29 65
29 66
29 66
29 67
28 68
28 69
28 70
28 70
27 71
27 72
27 72
27 73
27 73
27 73
27 72
27 72
28 71
28 71
29 70
29 69
30 68
30 68
31 67
31 66
32 65
32 65
33 64
33 63
34 62
34 62
35 61
36 60
36 60
37 61
37 61
37 62
37 63
37 63
37 64
37 65
37 66
37 66
37 67
36 68
36 69
36 70
36 70
35 71
35 72
34 73
34 73
33 74
33 75
32 76
32 77
32 77
31 78
30 79
30 79
30 80
30 81
30 81
29 81
29 81
30 80
30 80
31 79
32 78
32 78
33 77
34 76
34 75
35 74
35 74
36 73
36 72
37 71
37 70
38 69
38 68
38 68
39 67
39 66
40 65
40 64
40 64
40 63
40 62
40 61
40 60
40 59
40 58
40 57
39 56
39 55
39 54
39 53
39 52
39 51
39 50
39 49
39 49
38 50
38 51
37 52
37 53
36 54
36 54
35 55
35 56
35 56
34 57
34 57
34 58
34 59
34 60
34 60
34 61
35 62
35 63
35 63
35 64
35 65
35 66
35 67
35 67
35 68
35 69
35 70
35 71
35 71
35 72
35 73
35 74
35 75
35 75
35 76
34 77
34 78
34 79
34 79
34 80
33 81
33 82
33 82
33 83
33 84
33 85
33 85
33 84
34 83
34 82
34 81
35 80
35 79
35 78
36 77
36 76
36 76
37 77
38 77
38 77
39 78
39 78
40 79
40 79
41 80
42 81
42 81
43 82
44 82
45 83
45 83
46 84
47 84
48 85
48 85
48 84
49 83
49 82
49 81
49 80
50 79
50 78
50 77
50 76
51 75
51 74
51 73
51 72
52 71
52 70
52 69
52 68
53 67
53 66
53 65
53 64
54 63
54 62
54 61
54 60
55 59
55 58
55 57
55 56
56 55
56 54
56 53
56 52
57 51
57 50
57 49
57 48
58 47
58 46
58 45
58 44
59 43
59 42
59 41
59 40
60 39
60 38
60 37
60 36
61 35
61 34
61 33
61 33
60 34
59 34
58 35
58 35
57 35
57 35
57 34
57 33
57 33
58 32
58 32
59 31
60 30
60 30
61 29
62 28
63 28
64 27
64 27
65 26
66 26
67 25
67 25
68 24
69 23
70 23
71 22
71 22
72 21
73 21
74 20
74 20
75 20
76 19
77 19
77 19
78 19
79 19
79 19
80 20
80 20
81 21
81 21
80 22
80 23
80 23
80 24
79 25
79 26
79 26
79 27
78 28
78 29
78 29
78 30
77 31
77 32
77 32
77 33
76 34
76 35
76 36
76 36
76 37
75 38
75 39
75 40
75 40
75 41
74 42
74 43
74 43
73 44
73 45
73 45
73 44
73 43
73 42
73 41
73 40
72 39
72 38
72 37
72 36
72 35
72 34
72 33
72 33
73 33
74 33
74 33
74 34
74 34
74 35
74 36
74 36
74 37
74 38
74 39
74 39
74 40
73 41
73 42
73 42
73 43
72 44
72 45
72 45
72 46
72 46
72 46
72 46
73 45
73 44
73 44
74 43
75 42
75 42
76 41
76 40
77 39
77 39
78 38
79 37
79 37
80 36
80 35
80 35
81 35
81 35
80 35
79 36
78 36
77 36
76 36
75 37
74 37
73 37
73 37
72 37
71 37
70 38
69 38
68 38
68 38
67 39
67 40
67 40
66 40
66 40
65 41
65 42
65 42
65 43
65 44
65 44
65 45
64 46
64 47
64 47
63 48
63 49
63 49
62 50
61 51
61 52
60 53
60 53
59 54
59 55
58 56
58 57
58 57
57 58
57 59
56 60
56 60
55 61
55 62
55 62
55 61
55 60
55 59
54 58
54 57
54 56
54 55
54 54
54 54
54 55
54 55
54 54
54 54
54 54
54 54
55 54
55 54
55 54
56 54
56 54
57 54
57 54
58 54
58 54
59 55
60 55
60 55
61 55
62 55
62 55
63 55
64 56
65 56
65 56
66 56
67 56
68 56
68 56
69 56
70 55
71 55
72 54
73 54
73 54
74 54
75 54
76 53
77 53
78 53
79 53
79 53
80 53
81 52
82 52
83 51
84 51
84 51
85 51
86 50
87 50
88 50
89 49
90 49
90 49
91 49
92 48
93 48
94 48
94 48
95 48
96 47
97 47
97 47
98 47
99 47
99 47
98 47
98 47
97 47
96 48
95 48
94 49
93 49
92 50
91 50
90 51
89 51
88 52
87 52
86 53
85 53
84 54
83 54
82 55
81 55
80 56
79 56
78 57
77 57
76 58
75 58
74 59
73 59
72 60
71 60
71 60
70 61
70 62
69 63
69 64
68 65
68 65
67 66
67 67
67 67
67 68
67 69
67 69
68 70
68 71
68 71
68 72
68 73
68 74
68 74
69 75
69 76
69 76
70 77
70 78
70 78
71 79
71 79
71 79
71 79
71 79
71 79
71 78
71 78
70 77
70 77
70 76
70 75
70 75
71 74
71 74
72 73
72 72
72 72
72 71
73 70
73 69
73 69
74 68
75 67
75 67
76 66
77 65
77 65
78 64
79 64
79 64
80 64
81 64
81 64
82 64
82 64
83 65
83 66
83 66
83 67
83 68
83 68
82 69
82 70
82 70
81 71
81 72
80 73
80 73
79 74
79 75
78 76
78 76
77 77
77 78
76 79
76 79
75 80
74 80
74 80
73 81
73 81
73 81
73 80
73 80
74 79
74 79
75 78
75 77
76 76
76 76
77 75
77 74
78 73
78 73
79 72
79 71
80 70
80 70
81 69
81 68
81 68
82 67
82 66
82 66
82 65
82 65
81 64
81 63
81 63
80 62
80 62
79 61
78 61
78 61
77 60
77 60
76 60
76 60
75 61
75 61
75 62
75 62
75 63
75 64
75 64
76 65
76 66
76 66
76 67
76 68
76 68
76 69
76 70
76 71
76 71
77 72
77 73
77 73
77 74
77 75
77 76
77 76
77 77
77 78
77 79
77 79
77 80
76 81
76 82
76 82
76 83
76 84
76 85
76 85
76 86
75 87
75 88
75 88
75 89
75 90
75 90
74 91
74 92
74 92
74 93
74 93
74 93
74 93
74 93
75 92
76 91
76 91
77 90
77 89
78 88
78 88
79 87
80 86
80 85
81 84
81 84
82 83
82 82
83 81
83 80
84 79
84 79
85 78
86 77
86 77
87 76
88 75
88 75
89 74
90 74
90 74
90 73
90 72
89 71
89 70
89 69
89 69
90 70
90 70
90 70
90 70
90 70
90 70
90 70
90 70
91 71
91 72
91 72
92 73
92 73
92 74
92 75
92 75
93 76
93 77
93 77
93 78
