18 2
17 2
17 2
17 1
17 0
17 0
17 0
16 1
16 1
16 2
16 3
16 3
16 4
15 5
15 6
15 6
15 7
15 8
15 9
15 10
15 10
15 11
14 12
14 13
14 14
13 15
13 16
13 16
13 17
13 18
13 19
12 20
12 21
12 22
12 23
12 24
12 24
12 25
12 26
11 27
11 28
11 29
11 30
10 31
10 32
10 33
10 33
10 34
10 35
9 36
9 37
9 38
9 39
8 40
8 41
8 42
8 42
8 43
7 44
7 45
6 46
6 47
6 48
5 49
5 50
5 50
5 51
4 52
4 53
4 54
3 55
3 56
3 56
3 57
2 58
2 59
1 60
1 61
1 61
1 62
0 63
0 64
0 65
0 65
1 64
1 63
2 62
2 61
3 60
3 59
4 58
4 57
4 57
5 56
5 55
6 54
6 53
7 52
7 51
8 50
8 49
8 49
8 48
9 47
9 46
10 45
10 44
10 44
10 43
11 42
11 41
11 40
11 39
12 38
12 37
12 37
13 36
13 35
14 34
14 33
15 32
15 32
16 31
17 30
17 30
18 29
19 29
19 29
20 30
20 31
20 31
20 32
20 33
20 34
20 35
20 35
20 36
19 37
19 38
19 39
19 39
19 40
18 41
18 42
17 43
17 44
17 44
17 45
16 46
16 47
15 48
15 49
15 49
14 50
14 51
13 52
13 53
13 53
13 54
12 55
12 56
12 56
11 57
11 57
11 57
12 56
12 56
13 55
13 54
13 54
14 53
14 52
15 51
15 50
15 50
16 49
17 48
17 48
18 47
19 46
19 46
20 46
20 46
21 47
21 47
21 48
21 49
21 49
20 50
20 51
20 51
20 52
19 53
19 54
19 54
18 55
18 56
18 56
18 57
17 58
17 59
17 60
17 61
16 62
16 63
16 64
15 65
15 66
15 67
15 68
14 69
14 70
14 71
14 72
13 73
13 74
13 74
13 75
13 76
12 77
12 78
12 79
12 79
11 80
11 80
12 79
12 79
13 78
13 77
13 77
14 76
14 75
15 74
15 74
15 73
15 72
16 71
16 70
16 69
16 68
16 67
17 66
17 65
17 64
17 63
17 62
18 61
18 60
18 59
18 58
18 57
19 56
19 55
19 54
19 54
19 55
18 56
18 57
18 57
17 58
17 58
17 59
16 60
16 61
16 62
16 62
16 63
16 64
16 65
16 66
16 67
16 67
16 68
16 69
16 70
16 71
16 72
16 73
16 73
16 74
16 75
16 76
16 77
16 78
16 79
16 79
16 80
16 81
16 82
16 83
16 84
16 85
16 86
16 86
16 87
16 88
16 89
16 90
16 91
16 91
16 92
17 93
17 94
17 94
17 95
17 95
18 95
18 95
19 94
19 93
19 93
20 92
20 91
21 90
21 90
21 89
21 88
21 87
22 86
22 85
22 84
22 83
22 82
22 81
22 80
23 79
23 78
23 77
23 76
23 75
23 74
23 73
24 72
24 71
24 70
24 69
24 68
24 67
24 66
25 65
25 64
25 63
25 62
25 61
25 60
26 59
26 58
26 57
26 56
26 55
26 54
26 53
27 52
27 51
27 50
27 49
27 48
27 47
27 46
28 45
28 44
28 43
28 42
28 41
28 40
28 39
29 38
29 37
29 36
29 35
29 34
29 33
29 32
30 31
30 30
30 29
30 28
30 28
30 28
30 28
30 28
30 29
30 29
30 30
30 31
30 32
30 32
30 33
30 34
30 35
30 36
30 36
30 37
30 38
30 39
30 40
30 41
30 41
30 42
29 43
29 44
29 45
29 45
29 46
29 47
28 48
28 49
28 50
28 50
28 51
27 52
27 53
27 53
27 54
26 55
26 56
26 56
26 57
26 57
26 58
26 58
26 57
26 57
27 56
27 56
27 55
28 54
28 53
28 53
29 52
30 51
31 50
31 50
32 49
32 48
32 48
33 47
34 47
34 47
35 47
35 47
36 48
36 48
36 49
35 50
35 51
35 51
35 52
34 53
34 54
34 55
34 55
33 56
33 57
32 58
32 59
32 59
31 60
30 61
29 62
29 62
29 63
28 64
28 65
28 65
27 66
27 67
27 67
27 67
28 66
28 66
29 65
30 64
30 64
31 63
31 62
32 61
32 60
32 60
33 59
34 58
34 57
35 56
35 56
36 55
37 54
37 53
38 52
38 52
38 51
37 50
37 49
36 48
36 47
35 46
35 45
35 44
34 43
34 42
33 41
33 40
33 40
32 41
32 42
32 42
32 43
32 43
32 44
32 44
33 45
33 46
33 46
33 47
33 48
33 49
33 50
33 50
33 51
34 52
34 53
34 53
34 54
34 55
34 56
34 57
34 58
34 58
34 59
34 60
33 61
33 62
33 63
33 63
33 64
33 65
32 66
32 67
32 68
32 69
32 69
32 70
32 71
31 72
31 73
31 74
31 74
31 75
30 76
30 77
30 77
30 78
29 79
29 80
29 80
29 79
30 78
30 77
31 76
31 75
31 74
32 73
32 72
32 72
33 73
33 74
33 74
34 73
34 73
35 74
35 74
36 74
37 74
37 74
38 75
39 75
39 75
40 75
41 76
42 76
43 76
43 76
44 77
45 77
46 78
47 78
47 78
48 79
49 79
50 80
51 80
51 80
51 79
52 78
52 77
52 76
52 75
53 74
53 73
53 72
53 71
54 70
54 69
54 68
54 67
55 66
55 65
55 64
55 63
56 62
56 61
56 60
56 59
57 58
57 57
57 56
57 55
58 54
58 53
58 52
58 51
59 50
59 49
59 48
59 47
60 46
60 45
60 44
60 43
61 42
61 41
61 40
61 39
62 38
62 37
62 36
62 35
63 34
63 33
63 32
63 31
64 30
64 29
64 28
64 28
63 29
63 30
62 31
62 31
61 31
61 31
61 31
62 31
62 31
63 31
63 31
64 30
65 29
65 29
66 28
67 28
68 27
68 27
69 26
70 25
70 25
71 24
72 23
72 22
73 21
73 21
74 20
75 19
76 18
76 18
77 17
78 16
78 16
79 15
80 15
80 15
81 14
81 14
82 13
82 13
82 13
81 14
81 14
80 15
80 15
79 16
79 17
79 17
78 18
78 19
78 19
78 20
77 21
77 22
77 22
77 23
77 24
76 25
76 26
76 27
76 27
76 28
76 29
76 30
76 31
76 31
76 32
76 33
75 34
75 35
75 36
75 36
75 37
75 38
75 39
75 40
75 40
75 41
75 42
75 43
75 44
75 44
75 45
74 46
74 47
74 47
74 48
74 49
74 49
75 49
75 49
75 48
75 47
75 46
75 45
75 45
75 44
75 44
75 44
75 44
76 44
76 44
77 44
77 44
78 44
78 44
79 43
79 42
79 42
80 41
81 41
81 41
81 40
81 39
81 39
81 38
81 38
80 37
80 37
79 36
79 36
78 35
78 35
77 35
76 35
76 35
75 36
75 36
74 37
74 37
73 38
73 39
73 39
73 40
73 41
73 41
73 42
72 43
72 44
72 45
72 45
72 46
71 47
71 48
71 48
71 49
70 50
70 51
70 52
70 52
70 53
69 54
69 55
69 55
68 56
67 57
67 57
67 58
66 59
66 60
66 60
65 61
65 62
64 63
64 63
63 64
62 65
62 65
61 66
61 67
61 67
61 66
60 65
60 64
59 63
59 62
59 62
60 61
60 60
60 60
60 59
60 59
60 59
60 59
60 59
60 59
60 59
60 59
60 59
61 59
61 59
62 58
63 58
63 58
64 57
65 57
65 57
66 57
67 57
67 57
68 57
69 56
70 56
71 56
71 56
72 56
73 55
74 55
75 54
76 54
76 54
77 54
78 53
79 53
80 52
81 52
81 52
82 52
83 51
84 51
85 51
86 50
87 50
87 50
88 49
89 49
90 48
91 48
92 47
92 47
93 47
94 46
95 46
96 46
96 46
97 45
98 45
99 44
99 44
98 45
97 45
96 46
95 47
94 47
93 48
92 49
91 50
90 50
89 51
88 52
87 52
86 53
85 54
84 54
83 55
82 56
81 56
80 57
79 58
78 59
77 59
76 60
75 61
74 61
73 62
73 62
73 63
73 64
74 65
74 66
74 67
74 68
74 68
73 68
73 68
73 69
73 70
74 71
74 72
74 73
74 74
74 74
75 75
75 76
75 76
76 77
76 78
76 78
77 79
77 79
77 80
77 80
77 80
78 80
78 80
78 80
77 79
77 79
77 78
77 77
77 77
77 76
78 75
78 74
78 74
78 73
78 72
78 71
78 71
78 70
79 69
79 68
79 68
80 67
81 66
81 66
82 65
82 64
83 63
83 63
84 62
85 62
85 62
86 62
86 62
87 63
87 64
87 64
88 65
88 66
88 66
88 67
87 68
87 69
87 69
86 70
86 71
85 72
85 73
85 73
84 74
84 75
83 76
83 77
83 77
82 78
81 79
80 80
80 80
79 81
79 82
79 82
78 82
78 82
78 82
79 81
79 81
80 80
80 79
81 78
81 78
82 77
82 76
83 75
83 75
83 74
83 73
83 72
83 71
83 70
83 69
84 68
84 67
84 66
84 65
84 64
84 63
84 62
84 61
84 61
83 62
82 63
81 64
81 64
80 64
80 64
80 65
80 66
80 66
80 67
80 67
80 68
80 69
80 69
80 70
80 70
81 71
81 72
81 72
81 73
81 74
81 75
81 75
81 76
81 77
81 78
81 78
81 79
82 80
82 81
82 81
82 82
81 83
81 84
81 84
81 85
81 86
81 87
81 87
81 88
80 89
80 90
80 91
80 91
80 92
79 93
79 94
79 94
79 95
78 96
78 97
78 97
77 98
77 98
76 99
76 99
76 99
76 98
76 98
77 97
78 96
78 96
79 95
79 94
80 93
80 92
80 92
80 91
81 90
81 89
82 88
82 87
82 87
83 86
84 85
84 84
85 83
85 83
86 82
86 81
87 80
87 79
87 79
88 78
89 78
89 78
89 77
90 76
90 75
90 74
90 74
90 73
90 73
90 72
90 72
91 72
91 72
91 71
91 71
91 71
92 72
92 72
93 73
93 73
94 74
94 75
94 75
94 76
95 77
95 78
95 78
95 79
95 79
96 80
96 81
