7 7
7 6
8 5
8 4
8 4
7 3
7 2
7 2
7 1
7 1
7 0
7 0
7 0
8 1
8 1
8 2
8 2
8 3
8 4
8 4
8 5
9 6
9 7
9 8
9 8
9 9
9 10
9 11
9 12
9 12
9 13
9 14
9 15
9 16
9 16
9 17
9 18
9 19
9 20
9 21
9 22
9 22
9 23
9 24
9 25
8 26
8 27
8 28
8 29
8 30
8 30
8 31
8 32
8 33
7 34
7 35
7 36
7 37
7 38
7 38
7 39
7 40
7 41
7 42
7 43
7 44
7 45
7 46
7 46
7 47
7 48
7 49
6 50
6 51
6 52
6 53
6 53
6 54
6 55
6 56
5 57
5 58
5 59
5 60
5 61
5 61
5 62
5 63
5 64
4 65
4 66
4 67
4 68
4 68
4 69
4 70
4 71
3 72
3 73
3 74
3 75
3 75
3 76
3 77
2 78
2 79
2 80
2 81
2 81
2 82
2 83
1 84
1 85
1 86
1 87
1 87
1 88
1 89
0 90
0 91
0 92
0 92
0 93
0 94
0 95
0 96
0 97
0 97
0 98
0 99
0 99
0 99
0 99
0 99
0 98
0 97
0 96
0 95
0 95
0 94
0 93
0 92
0 91
0 90
0 90
0 89
0 88
1 87
1 86
1 85
1 84
1 84
1 83
2 82
2 81
2 80
2 79
3 78
3 77
3 77
3 76
3 75
3 74
4 73
4 72
4 71
4 70
4 70
4 69
5 68
5 67
5 66
5 65
6 64
6 63
6 63
6 62
7 61
7 60
7 59
8 58
8 57
8 57
8 56
9 55
9 54
10 53
10 52
11 51
11 50
11 50
11 49
12 48
12 47
12 46
13 45
13 44
13 44
13 43
14 42
14 41
15 40
15 39
15 39
16 38
16 37
17 36
17 35
17 35
18 34
18 33
19 32
19 32
19 31
20 30
20 29
20 29
21 28
21 28
22 27
22 27
22 27
22 28
21 29
21 30
21 31
20 32
20 33
20 34
20 35
19 36
19 37
19 38
18 39
18 40
18 41
17 42
17 43
17 44
17 45
16 46
16 47
16 48
15 49
15 50
15 51
14 52
14 53
14 54
14 55
13 56
13 57
13 57
13 58
13 59
13 60
12 61
12 62
12 63
12 64
12 64
12 65
12 66
12 66
12 67
12 67
12 67
12 66
12 66
13 65
13 64
13 64
14 63
14 62
14 62
15 61
15 60
15 60
16 59
16 58
17 57
17 57
17 56
18 55
18 54
18 54
19 53
19 53
20 52
20 52
20 51
20 51
21 51
21 51
20 52
20 52
20 53
20 54
20 55
20 55
20 56
19 57
19 58
19 58
18 59
18 60
17 61
17 62
17 62
17 63
16 64
16 65
16 66
15 67
15 68
15 68
15 69
15 70
14 71
14 72
14 73
14 73
13 74
13 75
12 76
12 77
12 77
12 78
11 79
11 80
11 81
11 81
10 82
10 83
10 83
11 83
11 83
11 83
12 82
12 82
12 81
13 80
13 79
13 79
14 78
14 77
14 77
14 76
15 75
15 74
15 74
15 73
16 72
16 71
16 71
17 70
18 69
18 69
18 68
19 67
19 66
19 66
19 65
19 64
19 64
20 63
20 62
20 62
20 61
20 61
19 60
19 60
19 59
19 59
18 58
18 58
18 58
17 58
17 58
17 59
17 60
17 60
17 61
16 62
16 63
16 64
16 64
16 65
15 66
15 67
15 68
15 68
15 69
15 70
15 71
15 72
15 73
15 73
15 74
15 75
15 76
15 77
15 78
15 78
15 79
15 80
14 81
14 82
14 83
14 84
14 84
14 85
14 86
14 87
14 88
14 89
14 89
14 90
15 91
15 92
15 93
15 93
15 94
15 95
15 96
15 97
15 97
15 98
15 99
15 99
16 99
16 99
17 99
17 99
17 98
17 98
17 97
17 96
17 95
17 95
17 94
17 93
18 92
18 91
18 90
18 90
18 89
18 88
18 87
18 86
18 85
18 84
19 83
19 82
19 81
19 80
19 79
19 78
19 77
19 76
19 75
19 74
19 73
19 72
19 71
19 70
20 69
20 68
20 67
20 66
20 65
20 64
20 63
20 62
20 61
20 60
20 59
20 58
20 57
20 56
21 55
21 54
21 53
21 52
21 51
21 50
21 49
21 49
21 48
21 47
21 46
21 45
21 44
22 43
22 42
22 41
22 40
22 39
22 38
22 38
22 37
22 36
23 35
23 34
23 33
23 33
23 32
24 31
24 30
24 30
24 29
24 28
24 28
24 28
24 28
24 28
24 29
24 30
24 31
24 31
24 32
24 33
24 34
24 34
24 35
24 36
24 37
24 38
24 38
24 39
24 40
24 41
24 42
24 42
24 43
24 44
24 45
24 46
24 47
24 47
24 48
24 49
23 50
23 51
23 52
23 52
23 53
23 54
23 55
23 55
23 56
23 57
23 58
23 59
23 59
24 60
24 60
24 61
24 61
25 62
25 62
26 61
26 61
27 60
27 59
27 59
28 58
28 57
28 57
29 56
29 55
30 54
30 53
30 53
30 52
31 51
31 50
31 50
32 49
32 48
33 47
33 46
33 46
33 45
34 44
34 43
34 43
35 42
36 41
36 41
37 40
37 40
38 39
38 39
38 39
39 39
39 39
38 40
38 41
38 41
38 42
37 43
37 44
37 44
37 45
36 46
36 47
36 48
36 48
36 49
35 50
35 51
35 52
34 53
34 54
33 55
33 56
33 57
32 58
32 59
32 59
32 60
31 61
31 62
31 63
30 64
30 65
30 66
30 67
29 68
29 69
29 70
28 71
28 72
28 72
27 73
27 74
26 75
26 76
26 76
25 77
25 78
24 79
24 80
24 80
23 81
23 82
23 82
23 83
23 83
23 83
23 82
24 81
24 80
24 80
25 79
25 78
26 77
26 77
26 76
27 75
27 74
28 73
28 72
28 72
29 71
29 70
30 69
30 68
30 68
31 67
31 66
32 65
32 64
33 63
33 63
33 62
34 61
34 60
35 59
35 58
35 58
35 57
36 56
36 55
37 54
37 53
37 53
38 52
38 51
39 50
39 49
39 49
39 48
40 47
40 46
41 45
41 44
41 44
41 43
42 42
42 41
42 41
42 40
43 39
43 38
43 38
42 37
42 36
41 35
40 34
39 33
39 32
38 31
37 30
36 29
36 28
35 27
35 27
35 28
35 28
35 29
35 30
35 30
35 31
35 32
35 32
35 33
35 34
35 35
35 36
35 36
35 37
35 38
35 39
35 40
35 41
35 41
35 42
35 43
35 44
35 45
35 46
35 47
35 47
35 48
35 49
35 50
34 51
34 52
34 53
34 54
34 54
34 55
34 56
34 57
34 58
34 59
34 60
34 61
34 62
34 62
34 63
34 64
34 65
33 66
33 67
33 68
33 69
33 69
33 70
33 71
32 72
32 73
32 74
32 75
32 75
32 76
31 77
31 78
31 79
31 79
31 80
31 81
30 82
30 83
30 84
30 84
30 85
29 86
29 87
29 88
29 88
29 89
28 90
28 91
28 91
27 92
26 92
26 92
25 92
25 92
24 92
24 92
23 91
23 90
23 90
23 89
23 88
23 87
24 86
24 85
24 84
24 83
24 82
24 81
24 80
25 79
25 78
25 77
25 76
25 75
25 74
25 73
26 72
26 71
26 70
26 69
26 68
26 67
26 66
27 65
27 64
27 63
27 62
27 62
28 61
29 61
30 60
30 60
31 59
31 59
32 59
32 59
33 59
33 59
34 58
35 58
35 58
36 58
36 58
37 58
38 58
38 58
39 59
40 59
40 59
41 60
41 60
42 61
43 61
43 61
44 62
45 62
45 62
46 63
47 64
47 64
48 65
49 65
49 65
50 66
51 66
51 66
52 66
53 67
54 67
54 67
55 68
56 68
56 68
57 68
58 68
59 68
59 68
60 69
61 69
61 69
62 69
63 70
64 70
64 70
65 71
66 71
66 71
67 71
68 71
68 71
69 71
69 71
70 71
70 71
71 71
71 71
71 70
71 69
70 68
70 67
70 66
70 65
70 64
69 63
69 62
69 61
69 60
69 59
69 58
68 57
68 56
68 55
68 54
68 53
67 52
67 51
67 50
67 49
67 48
66 47
66 46
66 45
66 44
66 43
65 42
65 41
65 40
65 39
65 38
65 37
64 36
64 35
64 34
64 33
64 32
63 31
63 30
63 29
63 29
63 29
63 29
62 29
62 29
62 30
62 30
62 30
63 30
63 30
63 30
64 30
64 30
65 29
65 29
66 28
66 27
66 27
67 26
67 25
67 25
68 24
69 23
69 23
70 22
71 21
71 21
72 20
72 19
73 18
73 18
74 17
75 17
75 17
76 16
77 15
77 15
78 15
79 15
79 15
80 15
81 15
81 15
82 16
82 16
83 17
83 17
84 18
84 18
84 19
84 20
84 20
84 21
84 22
84 22
84 23
84 24
84 24
84 25
84 26
84 26
83 27
83 27
82 28
82 29
82 29
81 30
81 30
80 31
80 31
79 31
79 31
78 31
78 31
77 30
77 30
77 30
77 29
77 29
76 29
76 29
76 29
76 30
76 30
76 31
76 32
76 32
76 33
76 34
76 35
76 35
76 36
76 37
76 38
76 38
76 39
76 40
76 41
76 41
75 42
75 43
75 43
75 44
75 45
75 45
75 46
75 47
75 47
75 48
75 48
75 48
75 47
75 47
76 46
76 45
76 45
77 44
78 43
78 43
78 42
79 41
79 40
79 40
80 39
81 38
81 38
81 37
82 36
82 35
82 35
83 34
83 33
83 33
84 32
84 31
84 31
85 30
85 30
85 30
85 29
85 29
85 30
85 30
84 30
84 30
83 31
83 31
82 32
82 32
81 33
81 33
80 34
79 34
78 35
77 35
76 36
75 36
75 36
74 37
73 37
73 37
72 38
72 38
71 38
71 38
71 39
71 39
70 40
70 41
70 41
70 42
70 43
70 43
70 44
69 45
69 46
69 46
69 47
69 48
68 49
68 50
68 51
68 51
68 52
67 53
67 54
67 55
67 55
67 56
66 57
66 58
66 59
66 59
66 60
65 61
65 62
64 63
64 64
64 64
64 65
63 66
63 67
63 67
63 68
62 69
62 70
62 70
61 71
61 72
61 72
61 73
61 73
60 73
60 73
60 73
59 72
59 72
60 71
60 70
60 70
60 69
61 68
61 67
61 66
61 65
62 64
62 63
62 62
62 62
63 61
63 60
64 59
64 58
64 58
65 57
65 56
65 56
66 55
67 54
67 54
68 53
69 52
69 52
70 51
71 51
72 50
72 50
73 49
74 49
75 48
75 48
76 48
77 47
78 47
78 47
79 47
80 46
81 46
81 46
82 46
83 46
84 46
84 46
85 46
86 45
87 45
87 45
88 45
89 45
90 45
90 45
91 44
92 44
92 44
93 44
94 44
94 44
95 43
96 43
96 43
97 43
97 43
98 43
98 43
99 42
99 42
99 42
98 42
98 42
97 43
96 43
96 43
95 43
94 44
93 44
92 45
91 45
90 46
89 46
88 47
87 47
86 48
85 48
84 49
83 49
82 50
81 50
80 51
79 51
78 52
77 52
76 53
75 53
75 53
74 54
73 55
73 55
72 55
72 55
72 56
72 56
72 57
72 57
72 58
72 58
72 59
72 60
72 60
72 61
72 62
72 63
72 63
72 64
72 65
72 66
72 67
72 67
72 68
72 69
72 70
72 70
72 71
72 72
72 73
72 73
72 74
72 75
72 76
72 76
72 77
72 77
73 78
73 79
73 79
73 79
73 79
73 78
73 78
73 77
73 76
73 76
73 75
73 74
73 74
73 73
73 72
73 72
73 71
73 70
73 69
73 69
73 68
73 67
73 67
74 66
74 65
74 65
74 64
74 64
75 63
75 62
75 62
76 61
77 61
77 61
78 60
78 60
79 59
80 58
80 58
81 57
82 57
82 57
83 56
84 56
84 56
85 55
85 55
86 55
86 55
87 55
87 55
87 55
87 56
87 57
87 57
87 58
87 58
86 59
85 60
85 60
85 61
84 62
84 63
84 63
83 64
83 65
82 66
82 66
81 67
81 68
80 69
80 69
79 70
78 71
78 71
77 72
77 73
77 73
76 74
76 74
76 74
76 74
77 74
77 74
78 73
78 72
78 72
79 71
79 71
80 70
80 69
80 69
81 68
82 67
82 67
83 66
83 65
83 65
84 64
84 63
84 63
85 62
85 62
85 61
85 60
85 60
86 59
86 59
86 58
86 58
85 57
85 56
85 56
85 55
85 55
84 54
84 54
83 53
83 52
83 52
83 51
83 51
82 50
82 50
82 50
81 49
81 49
81 50
81 50
81 51
81 51
81 52
81 52
81 53
81 54
81 54
81 55
81 56
81 57
81 57
81 58
81 59
81 60
81 60
81 61
81 62
81 63
81 64
81 64
81 65
81 66
81 67
81 68
81 68
81 69
81 70
81 71
81 71
81 72
81 73
81 74
81 74
81 75
81 76
81 77
81 77
81 78
81 79
81 79
82 80
82 81
82 81
82 82
82 83
82 83
83 83
83 83
84 84
84 84
85 83
86 83
86 83
87 83
87 83
88 82
88 81
88 81
89 80
89 79
89 79
90 78
90 77
90 77
90 76
90 75
90 75
90 74
91 73
91 72
91 72
91 71
91 71
91 70
91 70
91 69
91 69
90 69
90 69
90 69
90 70
90 70
90 70
90 70
90 70
90 71
90 71
90 71
90 71
90 71
90 71
90 71
90 71
90 71
90 71
90 70
90 70
90 70
90 70
89 70
89 70
89 71
89 71
89 71
89 71
89 71
89 71
89 71
90 71
90 71
90 72
90 72
90 72
91 73
91 73
91 73
92 74
92 74
93 75
93 75
93 76
93 76
93 76
94 77
94 77
