13 0
13 1
13 2
13 2
12 3
12 4
12 4
12 5
12 6
12 7
12 7
12 8
11 9
11 10
11 11
11 11
11 12
11 13
10 14
10 15
10 16
10 17
10 17
10 18
9 19
9 20
9 21
8 22
8 23
8 23
8 24
8 25
8 26
7 27
7 28
7 29
7 30
7 31
7 31
7 32
7 33
7 34
6 35
6 36
6 37
6 38
6 39
6 39
6 40
5 41
5 42
5 43
5 44
4 45
4 46
4 46
4 47
4 48
3 49
3 50
3 51
3 52
3 52
3 53
2 54
2 55
1 56
1 57
1 57
1 58
1 59
0 60
0 61
0 62
0 62
0 63
0 64
0 65
0 66
0 66
0 65
0 64
1 63
1 62
1 61
1 60
1 59
1 58
2 57
2 56
2 55
2 54
2 53
2 52
3 51
3 50
3 49
3 48
3 47
3 46
4 45
4 44
4 43
4 43
4 42
5 41
5 40
5 39
6 38
6 37
6 37
6 36
7 35
7 34
7 34
7 33
7 32
7 32
8 32
8 32
8 32
9 33
9 33
10 34
10 35
10 35
10 36
10 36
11 37
12 38
12 38
13 39
13 39
14 40
14 40
15 41
15 41
16 41
17 41
17 41
18 41
18 41
19 41
19 41
20 41
20 41
19 42
19 43
18 44
17 45
16 46
16 47
15 48
14 49
13 50
13 51
12 52
11 53
11 54
10 55
9 56
8 57
8 58
7 59
7 59
7 60
6 61
6 62
6 62
6 61
6 61
6 61
7 60
7 60
8 59
8 59
8 58
9 57
9 56
9 56
10 55
10 54
11 53
11 53
12 52
12 51
13 50
13 50
13 49
14 48
14 47
14 47
15 46
16 46
16 46
16 46
17 47
17 47
16 48
16 49
16 49
16 50
16 51
16 52
16 53
16 53
15 54
15 55
14 56
14 57
14 57
14 58
13 59
13 60
13 61
13 61
13 62
12 63
12 64
11 65
11 66
11 66
11 67
10 68
10 69
10 69
10 70
9 71
9 72
9 72
8 73
8 73
8 73
9 72
9 72
10 71
10 70
10 70
11 69
12 68
12 68
13 67
13 66
14 65
14 65
15 64
15 64
16 63
16 63
16 63
16 64
16 65
16 65
16 66
16 67
16 68
16 68
16 69
15 70
15 71
15 72
15 72
15 73
14 74
14 75
14 76
14 76
14 77
13 78
13 79
13 80
13 80
12 81
12 82
11 83
11 84
11 84
11 85
10 86
10 87
10 87
10 88
10 89
10 89
9 90
9 90
9 90
9 89
9 89
10 88
10 88
11 87
11 86
11 86
11 85
12 84
12 83
12 82
12 82
13 81
13 80
14 79
14 79
14 78
14 77
15 76
15 75
15 74
15 74
15 73
16 72
16 71
16 71
16 70
17 69
17 68
17 68
17 67
17 66
17 66
17 65
17 64
17 63
17 63
17 62
17 61
17 60
17 60
17 59
17 59
17 58
17 57
17 57
17 56
17 56
16 55
16 55
16 55
16 55
15 55
15 55
15 56
15 56
15 57
15 58
15 58
15 59
15 60
15 61
15 62
15 62
15 63
15 64
14 65
14 66
14 67
14 67
14 68
14 69
14 70
14 71
14 71
14 72
14 73
14 74
14 75
14 76
14 77
14 77
14 78
14 79
14 80
14 81
14 82
14 83
14 84
14 84
14 85
14 86
13 87
13 88
13 89
13 89
13 90
13 91
13 92
13 93
13 94
13 94
13 95
14 96
14 97
14 97
14 98
14 99
14 99
15 99
15 99
15 99
16 98
16 98
16 97
17 96
17 95
17 94
17 94
17 93
18 92
18 91
18 90
18 90
18 89
19 88
19 87
19 86
20 85
20 84
20 84
20 83
20 82
21 81
21 80
21 79
21 78
21 77
22 76
22 75
22 74
22 73
22 72
22 71
23 70
23 69
23 68
23 67
23 66
24 65
24 64
24 63
24 62
24 61
25 60
25 59
25 58
25 57
25 56
26 55
26 54
26 53
26 52
26 51
26 50
27 49
27 48
27 47
27 46
27 45
28 44
28 43
28 42
28 41
28 40
29 39
29 38
29 37
29 36
29 35
29 34
30 33
30 32
30 31
30 30
30 29
31 28
31 27
31 26
31 26
31 25
32 24
32 23
32 23
32 22
32 22
32 23
32 23
32 24
32 25
32 25
32 26
31 27
31 28
31 28
31 29
31 30
31 31
31 32
31 33
31 33
31 34
30 35
30 36
30 37
30 37
30 38
29 39
29 40
29 41
29 41
29 42
28 43
28 44
28 45
28 45
28 46
28 47
28 48
28 49
28 49
28 50
27 51
27 52
27 52
27 53
27 54
27 54
27 55
27 55
28 55
28 55
29 54
29 53
29 53
30 52
30 51
30 51
31 50
31 49
32 48
32 48
32 47
33 46
33 45
33 45
34 44
34 43
34 43
35 42
35 42
36 42
36 42
36 42
35 43
35 44
35 44
35 45
34 46
34 47
34 47
34 48
33 49
33 50
33 51
33 51
33 52
33 53
32 54
32 55
32 56
32 56
32 57
31 58
31 59
30 60
30 61
30 61
30 62
29 63
29 64
28 65
28 66
28 66
28 67
27 68
27 69
27 70
27 70
27 71
27 72
27 72
26 73
26 74
26 74
27 74
27 74
27 74
28 73
28 72
28 72
29 71
29 70
29 70
29 69
30 68
30 67
30 67
31 66
31 65
32 64
32 63
32 63
32 62
33 61
33 60
33 60
34 59
34 58
35 57
35 57
35 56
36 55
36 54
36 53
36 53
36 52
37 51
37 50
37 50
37 49
37 48
37 47
37 47
37 46
38 45
38 44
38 43
38 43
38 42
38 41
37 40
37 39
37 38
37 37
37 36
37 35
36 34
36 33
36 32
36 31
36 31
35 30
35 29
35 29
34 29
34 29
34 30
34 30
33 31
33 31
33 32
33 33
33 33
33 34
33 35
33 36
33 37
33 37
33 38
32 39
32 40
32 41
32 41
32 42
32 43
32 44
32 45
32 45
32 46
32 47
32 48
32 49
32 50
32 51
32 51
32 52
32 53
32 54
32 55
32 56
32 56
32 57
32 58
32 59
32 60
32 61
32 62
32 62
32 63
32 64
31 65
31 66
31 67
31 67
31 68
31 69
31 70
31 71
31 72
31 72
31 73
31 74
30 75
30 76
30 77
30 77
30 78
30 79
30 80
30 81
30 82
30 82
30 83
29 84
29 85
29 86
29 86
29 87
29 88
29 89
29 89
28 90
28 91
28 91
28 90
28 89
29 88
29 87
29 86
29 85
29 84
29 83
30 82
30 81
30 80
30 79
30 78
31 77
31 76
31 75
31 74
31 73
31 72
32 71
32 70
32 69
32 69
33 68
33 68
34 67
34 67
34 67
35 68
35 68
36 69
36 69
37 70
37 70
38 71
38 71
39 72
39 73
39 73
40 74
40 75
40 75
41 76
42 77
42 77
42 78
43 79
43 80
43 80
44 81
45 82
45 82
46 83
47 84
47 84
48 84
49 84
50 84
50 84
51 84
52 84
52 84
52 83
52 82
53 81
53 80
53 79
53 78
54 77
54 76
54 75
54 74
55 73
55 72
55 71
55 70
56 69
56 68
56 67
56 66
56 65
57 64
57 63
57 62
57 61
58 60
58 59
58 58
58 57
59 56
59 55
59 54
59 53
60 52
60 51
60 50
60 49
60 48
61 47
61 46
61 45
61 44
62 43
62 42
62 41
62 40
63 39
63 38
63 37
63 36
64 35
64 34
64 33
64 32
64 31
65 30
65 29
65 28
65 27
66 26
66 25
66 24
66 23
67 22
67 21
67 20
67 19
68 18
68 17
68 16
68 16
68 16
68 15
68 14
68 14
68 14
69 13
69 13
70 12
70 11
70 11
71 10
72 10
72 10
73 9
73 8
73 8
74 7
75 6
75 6
76 5
77 4
77 4
78 3
79 2
79 2
80 1
80 1
81 1
81 1
81 2
81 2
81 3
81 3
81 4
81 4
81 5
81 6
81 7
81 7
80 8
80 9
80 9
80 10
79 11
79 12
79 12
79 13
79 14
79 15
79 15
79 16
78 17
78 18
78 19
78 19
78 20
78 21
78 22
78 22
78 23
77 24
77 25
77 25
77 26
77 27
77 27
77 26
76 25
76 24
76 23
76 22
75 21
75 20
75 19
75 18
74 17
74 16
74 15
74 14
73 13
73 12
73 11
73 11
73 11
73 10
73 10
73 11
73 11
73 12
73 13
73 13
73 14
73 15
73 16
73 16
73 17
73 18
73 19
73 20
73 20
73 21
73 22
73 23
73 24
73 24
73 25
73 26
73 27
73 28
73 28
73 29
72 30
72 31
72 31
72 32
72 33
72 34
72 34
72 35
72 36
72 36
72 36
72 36
72 35
72 35
73 34
73 33
73 33
74 32
74 31
74 31
75 30
76 29
76 29
77 28
77 27
77 27
78 26
78 25
78 25
79 24
79 24
80 23
80 22
80 22
81 21
81 21
81 20
81 19
81 19
81 18
81 18
81 17
81 17
80 17
80 17
79 16
79 16
78 16
78 16
77 16
77 16
76 16
76 16
75 17
75 17
74 18
73 19
73 19
73 20
72 21
72 22
72 23
72 23
71 24
71 25
70 26
70 26
70 27
70 28
69 29
69 30
69 31
69 31
68 32
68 33
67 34
67 35
67 35
66 36
66 37
65 38
65 39
65 39
65 40
64 41
64 42
64 42
63 43
63 44
62 45
62 45
62 46
61 47
61 48
61 48
60 49
60 50
60 50
59 51
59 51
59 51
60 51
60 51
60 51
61 50
61 50
62 49
62 49
63 49
63 49
64 49
64 49
65 49
66 49
66 49
67 49
67 49
68 50
69 50
69 50
70 50
71 50
71 50
72 50
73 50
73 50
74 50
75 50
76 50
76 50
77 49
78 49
78 49
79 48
80 48
81 47
82 47
82 47
83 47
84 46
85 46
85 46
86 45
87 45
88 44
88 44
89 44
90 44
91 44
91 44
92 44
93 43
94 43
94 43
93 44
92 45
91 46
90 46
89 47
88 48
87 49
86 50
85 51
84 52
83 52
82 53
81 54
80 55
79 56
78 57
77 57
76 58
75 59
74 60
74 60
74 59
74 59
73 59
73 59
73 59
73 59
73 60
73 60
73 61
73 61
73 62
73 63
73 64
73 64
73 65
73 66
73 67
73 67
73 68
74 69
74 70
74 70
74 71
74 72
74 73
74 73
74 74
74 75
74 76
74 76
74 77
75 78
75 79
75 79
75 80
75 81
75 81
75 82
75 82
75 82
75 82
75 81
75 81
75 80
75 79
75 78
75 78
75 77
76 76
76 75
76 75
76 74
76 73
76 72
76 72
76 71
77 70
77 69
77 69
78 68
78 67
79 66
79 65
79 65
79 64
80 63
80 62
80 62
81 61
81 60
82 59
82 59
83 58
84 57
84 57
85 56
85 55
85 55
86 54
86 54
87 54
87 54
88 55
88 55
88 56
88 56
87 57
87 58
87 58
87 59
86 60
86 61
86 61
86 62
85 63
85 64
85 65
85 65
85 66
84 67
84 68
84 68
83 69
83 70
82 71
82 71
81 72
81 73
80 74
80 74
79 75
79 75
78 76
78 76
78 76
78 76
79 75
79 75
80 74
80 74
80 73
81 72
81 71
81 71
82 70
82 69
82 69
83 68
83 67
84 66
84 66
84 65
85 64
85 63
85 63
85 62
86 61
86 60
86 60
86 59
86 58
86 57
86 57
86 56
86 55
86 55
86 54
86 53
86 53
85 52
85 51
84 50
84 49
84 49
84 48
83 47
83 46
83 45
83 45
82 45
82 45
81 45
81 45
80 46
80 46
80 47
80 48
80 48
80 49
79 50
79 51
79 51
79 52
79 53
79 54
79 55
79 55
79 56
79 57
79 58
79 59
79 60
79 60
79 61
79 62
78 63
78 64
78 65
78 65
78 66
78 67
77 68
77 69
77 70
77 71
77 71
77 72
77 73
77 74
77 75
77 76
77 77
77 77
77 78
77 79
76 80
76 81
76 82
76 82
76 83
76 84
76 85
76 86
76 87
76 87
76 88
76 89
76 90
76 90
76 91
76 92
76 92
77 93
77 93
78 92
78 92
79 91
80 90
80 90
81 89
81 88
82 87
82 87
83 86
83 85
84 84
84 83
84 83
85 82
85 81
86 80
86 79
86 79
86 78
87 77
87 76
87 75
87 75
88 74
88 73
89 72
89 72
90 71
90 70
90 70
90 69
91 68
91 67
91 67
92 66
92 65
92 65
92 64
93 63
93 62
93 62
93 61
93 60
93 60
93 59
93 58
93 58
93 57
93 57
93 58
93 58
93 58
93 59
93 60
93 60
93 61
93 62
93 62
93 63
93 64
93 64
93 65
93 66
93 66
94 67
94 68
94 68
94 69
94 70
94 70
95 71
95 72
95 72
95 73
96 74
96 75
96 75
97 76
97 77
97 77
98 78
98 79
99 80
