7 9
7 8
7 7
7 6
7 5
7 4
7 3
7 3
8 2
8 1
8 1
8 0
8 0
8 1
8 1
8 1
8 1
9 2
9 3
9 3
9 4
9 5
9 5
9 6
9 7
9 7
9 8
9 9
9 10
9 11
9 11
9 12
9 13
10 14
10 15
10 16
10 16
10 17
10 18
10 19
10 20
10 21
10 21
10 22
10 23
10 24
10 25
10 26
10 27
10 27
10 28
10 29
10 30
9 31
9 32
9 33
9 34
9 34
9 35
9 36
9 37
9 38
9 39
9 40
9 41
9 42
9 42
9 43
9 44
9 45
8 46
8 47
8 48
8 49
8 50
8 50
8 51
8 52
8 53
7 54
7 55
7 56
7 57
7 57
7 58
7 59
7 60
6 61
6 62
6 63
6 64
6 64
6 65
6 66
6 67
5 68
5 69
5 70
5 71
5 71
5 72
4 73
4 74
4 75
4 76
3 77
3 78
3 78
3 79
3 80
2 81
2 82
2 83
2 84
2 84
2 85
2 86
1 87
1 88
1 89
1 89
1 90
1 91
0 92
0 93
0 94
0 94
0 95
0 96
0 96
0 96
0 96
0 95
0 94
0 93
0 92
0 92
0 91
0 90
0 89
1 88
1 87
1 86
1 85
1 84
1 83
2 82
2 81
2 80
2 79
2 78
2 77
2 76
3 75
3 74
3 73
3 72
3 71
3 70
4 69
4 68
4 67
4 66
4 66
4 65
5 64
5 63
5 62
6 61
6 60
6 60
6 59
7 58
7 57
7 57
7 56
8 55
8 54
8 53
8 53
9 52
9 51
10 50
10 50
11 49
11 48
12 47
12 46
12 46
13 45
13 44
14 43
14 43
14 42
15 41
15 40
15 40
16 39
16 38
16 38
17 37
18 36
18 36
19 35
19 34
19 34
19 33
19 33
20 32
20 32
21 32
21 32
21 33
21 34
20 35
20 36
20 37
20 38
19 39
19 40
19 41
19 42
18 43
18 44
18 45
18 46
18 47
17 48
17 49
17 50
17 51
16 52
16 53
16 54
16 54
16 55
16 56
15 57
15 58
15 59
15 60
14 61
14 62
14 63
14 63
13 64
13 65
13 65
12 66
12 67
12 67
12 68
12 69
12 69
12 70
12 70
12 70
13 70
13 70
13 69
13 68
13 68
14 67
14 67
14 66
15 65
15 64
15 64
16 63
16 62
16 62
17 61
17 60
17 60
18 59
18 59
19 58
19 58
19 58
19 59
19 59
18 60
18 61
18 61
18 62
18 63
18 64
18 65
18 65
17 66
17 67
16 68
16 69
16 69
16 70
15 71
15 72
15 73
15 73
15 74
14 75
14 76
14 77
14 77
14 78
13 79
13 80
13 81
13 81
12 82
12 83
12 83
13 84
13 84
13 84
14 83
14 82
14 82
15 81
15 80
15 80
16 79
16 78
16 78
16 77
17 76
17 75
17 75
17 74
18 73
18 72
18 72
18 71
19 70
19 69
19 69
19 68
19 67
19 67
19 66
19 65
19 64
19 64
19 63
19 62
19 62
19 61
19 60
19 60
19 60
18 61
18 62
18 62
18 63
18 64
18 65
18 65
18 66
17 67
17 68
17 69
17 69
17 70
17 71
16 72
16 73
16 74
16 74
16 75
16 76
16 77
16 78
16 79
16 79
16 80
16 81
15 82
15 83
15 84
15 84
15 85
15 86
15 87
15 88
15 89
15 89
15 90
15 91
15 92
15 92
15 93
16 94
16 95
16 95
16 96
16 96
17 96
17 96
18 95
18 95
18 94
19 93
19 92
19 92
19 91
20 90
20 89
20 88
20 88
20 87
20 86
20 85
20 84
20 83
20 83
20 82
21 81
21 80
21 79
21 79
21 78
21 77
21 76
21 75
21 74
21 73
21 73
21 72
21 71
21 70
22 69
22 68
22 67
22 66
22 66
22 65
22 64
22 63
22 62
22 61
22 60
22 59
22 59
22 58
22 57
23 56
23 55
23 54
23 53
23 53
23 52
23 51
23 50
23 49
23 49
23 48
23 47
23 46
23 46
23 45
23 44
23 44
23 43
23 43
23 43
23 43
23 44
23 45
23 45
23 46
23 47
23 47
23 48
23 49
23 50
23 50
23 51
23 52
23 53
23 54
23 54
23 55
23 56
23 57
23 58
23 58
23 59
24 60
24 61
24 61
24 62
24 63
24 63
25 64
25 64
26 65
26 65
27 64
27 64
28 63
29 62
29 62
30 61
30 60
31 59
31 59
31 58
32 57
32 56
32 56
32 55
33 54
33 53
33 53
34 52
35 51
35 51
35 50
36 49
36 48
36 48
37 47
37 47
38 46
38 46
38 46
38 47
38 47
37 48
37 49
37 49
37 50
36 51
36 52
36 53
36 53
35 54
35 55
34 56
34 57
34 57
34 58
34 59
33 60
33 61
33 62
33 62
33 63
32 64
32 65
32 66
31 67
31 68
31 68
30 69
30 70
29 71
29 72
29 72
29 73
29 74
28 75
28 76
28 77
28 77
28 78
27 79
27 80
27 80
26 81
26 81
26 81
27 81
27 81
28 80
28 79
28 79
28 78
29 77
29 76
29 76
29 75
30 74
30 73
30 72
30 72
31 71
31 70
32 69
32 68
32 68
33 67
33 66
34 65
34 64
34 64
34 63
35 62
35 61
35 60
35 60
36 59
36 58
37 57
37 56
37 56
37 55
38 54
38 53
38 53
38 52
39 51
39 50
39 50
39 49
38 48
38 47
37 46
37 45
36 44
36 43
35 42
35 41
34 40
34 39
34 39
34 40
33 41
33 42
33 42
33 43
33 44
33 44
33 45
33 46
33 46
33 47
33 48
33 49
33 49
33 50
33 51
33 52
33 53
33 53
33 54
33 55
33 56
33 57
33 58
33 58
33 59
33 60
33 61
33 62
33 63
33 64
33 64
33 65
33 66
32 67
32 68
32 69
32 70
32 70
32 71
32 72
32 73
32 74
32 75
32 76
32 76
32 77
32 78
32 79
32 80
32 81
32 81
32 82
32 83
32 84
32 84
32 85
32 86
32 87
32 87
31 88
31 89
31 89
31 90
31 90
31 90
31 89
31 89
31 88
30 87
30 86
30 86
30 85
30 84
30 83
31 82
31 81
31 80
31 79
31 79
32 78
32 77
32 77
33 77
33 77
34 77
34 77
35 78
35 78
36 79
37 79
37 79
38 80
39 80
39 80
40 81
40 81
41 82
42 83
42 83
43 84
44 84
44 84
45 85
46 85
46 85
47 86
48 86
48 86
49 87
49 87
50 87
51 87
51 87
52 88
52 88
53 88
53 88
54 87
54 87
54 86
54 85
54 84
54 83
53 82
53 81
53 80
53 79
53 78
53 77
53 76
53 75
53 74
52 73
52 72
52 71
52 70
52 69
52 68
52 67
52 66
52 65
52 64
51 63
51 62
51 61
51 60
51 59
51 59
51 58
51 57
51 56
51 55
51 54
51 54
51 53
51 52
51 52
51 51
51 50
51 49
51 49
51 48
52 47
52 46
52 46
53 45
53 44
54 43
54 43
55 42
55 41
56 40
56 39
56 39
57 38
58 37
58 36
59 35
59 35
60 34
60 33
61 32
61 31
62 30
62 30
63 29
63 28
64 27
64 26
65 25
65 25
66 24
67 23
68 22
68 22
69 21
69 20
70 19
70 19
71 18
72 18
72 18
73 18
74 18
74 18
75 19
75 19
75 20
75 21
75 21
75 22
75 23
75 23
75 24
74 25
74 26
74 26
74 27
73 28
73 29
73 30
73 30
72 31
72 32
71 33
71 33
71 34
70 35
70 36
70 36
69 37
68 38
68 38
67 39
67 39
67 39
66 38
66 37
66 37
66 36
66 36
66 35
65 34
65 33
65 33
65 33
65 33
65 33
65 34
65 35
65 35
65 36
65 37
65 37
65 38
65 39
65 40
65 41
65 41
65 42
65 43
65 44
65 45
65 45
65 46
65 47
65 48
65 49
65 49
65 50
65 51
65 52
65 52
65 53
64 54
64 55
64 55
65 56
65 56
65 57
65 57
66 57
66 57
67 56
67 55
67 55
67 54
68 53
68 52
68 52
69 51
69 50
70 49
70 49
71 48
71 47
72 46
72 46
72 45
73 44
73 43
73 42
73 42
74 41
74 40
74 40
75 39
75 39
75 38
75 38
75 38
74 38
73 39
72 39
71 39
70 40
69 40
69 40
68 40
67 41
66 41
66 41
65 42
64 43
64 43
63 44
63 45
63 45
63 46
62 47
62 48
62 48
62 49
61 50
61 51
61 52
61 52
61 53
61 54
60 55
60 56
60 57
60 57
60 58
59 59
59 60
58 61
58 62
58 62
58 63
57 64
57 65
57 66
56 67
56 68
56 68
56 69
56 70
55 71
55 72
55 73
55 74
55 74
55 75
54 76
54 77
54 78
54 78
53 79
53 80
52 81
52 81
52 82
52 83
52 83
51 83
51 83
51 82
51 82
51 81
51 80
51 80
51 79
51 78
51 77
51 77
51 76
52 75
52 74
52 73
52 72
53 71
53 70
53 69
53 68
54 67
54 66
54 66
55 65
56 64
56 63
57 62
57 62
58 61
59 60
59 60
60 60
61 59
62 59
62 59
63 59
64 58
65 58
65 58
66 58
67 58
68 58
68 58
69 58
70 57
71 57
72 57
72 57
73 57
74 57
75 57
76 57
77 57
77 57
78 57
79 57
80 57
81 57
81 57
82 57
83 56
84 56
84 56
85 56
86 56
87 56
88 56
88 56
89 56
90 55
91 55
91 55
92 55
93 54
94 54
94 54
95 54
96 54
96 54
97 54
97 54
98 54
98 54
99 54
99 54
98 54
98 54
97 54
96 55
95 55
94 55
93 56
92 56
91 56
90 56
89 57
88 57
87 57
86 58
85 58
84 58
83 59
82 59
81 59
80 60
79 60
78 60
77 61
76 61
75 61
74 61
73 62
72 62
71 62
70 63
69 63
69 63
68 64
67 64
67 64
67 64
66 63
66 62
66 62
66 63
66 63
66 64
66 64
66 65
66 66
66 66
66 67
66 68
66 69
66 70
66 70
66 71
66 72
66 73
66 74
66 75
66 75
66 76
66 77
66 78
66 79
66 80
66 80
66 81
66 82
66 83
66 84
66 84
66 85
66 86
66 87
66 88
66 88
66 89
66 90
66 91
66 91
67 92
67 93
67 93
67 94
67 94
67 94
67 93
67 92
67 92
67 91
67 90
67 90
67 89
67 88
67 87
67 87
67 86
67 85
67 84
67 84
67 83
67 82
67 81
67 81
67 80
67 79
67 78
67 78
68 77
68 77
69 76
69 75
70 74
70 74
71 73
71 72
71 72
72 71
73 70
73 70
74 69
75 68
76 67
76 67
77 66
78 66
79 65
79 65
80 64
81 63
81 63
82 62
83 62
83 62
84 61
85 61
85 61
86 61
86 61
86 62
86 62
86 63
86 63
85 64
85 65
85 65
84 66
84 67
84 67
83 68
83 69
82 70
82 70
81 71
81 72
80 73
80 74
80 74
79 75
79 76
78 77
78 78
78 78
77 79
76 80
76 80
75 81
75 81
75 82
75 82
75 81
75 81
75 81
76 80
76 79
76 79
77 78
77 77
77 77
78 76
78 75
78 75
79 74
79 73
79 73
80 72
80 71
80 71
81 70
81 69
81 69
81 68
81 68
82 67
82 67
82 66
82 66
82 65
82 65
81 64
81 64
81 63
81 63
80 62
80 62
80 61
80 61
79 61
79 61
79 61
79 62
79 62
79 63
79 64
79 64
79 65
78 66
78 67
78 67
78 68
78 69
78 69
78 70
78 71
78 72
78 73
78 73
78 74
78 75
78 76
78 77
78 77
78 78
78 79
78 80
78 80
78 81
78 82
78 83
78 83
78 84
78 85
78 86
78 86
78 87
78 88
78 89
78 89
77 90
77 91
77 91
76 92
76 93
76 93
75 94
75 95
75 95
74 96
74 97
74 97
73 98
73 99
73 99
73 99
73 99
73 99
74 98
74 98
75 97
76 96
76 96
77 95
78 94
78 94
79 93
80 92
80 92
81 91
82 90
82 90
83 89
84 88
84 88
85 87
86 87
86 87
87 86
87 85
87 85
88 84
88 84
89 83
89 82
89 82
89 81
89 81
89 80
89 79
89 79
89 78
89 78
89 78
89 78
89 78
89 79
89 80
89 80
89 81
89 81
90 82
90 83
90 83
90 84
90 85
90 86
90 86
90 87
91 88
91 89
91 89
91 90
92 91
92 92
92 92
92 93
92 94
92 94
93 95
