11 5
11 6
11 7
11 7
10 8
10 9
10 9
10 10
10 11
10 12
10 13
10 13
10 14
10 15
9 16
9 17
9 18
9 19
9 19
9 20
8 21
8 22
8 23
8 24
7 25
7 26
7 26
7 27
7 28
7 29
6 30
6 31
6 32
6 33
6 33
6 34
5 35
5 36
5 37
5 38
4 39
4 40
4 40
4 41
4 42
4 43
3 44
3 45
3 46
3 47
3 47
3 48
3 49
2 50
2 51
2 52
2 53
2 53
2 54
2 55
1 56
1 57
1 58
1 58
1 59
0 60
0 61
0 62
0 62
0 63
0 64
0 65
0 65
0 66
0 67
0 67
0 66
0 65
0 64
1 63
1 62
1 61
1 60
1 59
1 58
2 57
2 56
2 55
2 54
2 53
2 52
3 51
3 50
3 49
3 48
3 47
3 46
4 45
4 44
4 43
4 42
4 41
4 40
5 39
5 38
5 37
5 36
5 36
6 35
6 34
7 33
7 32
7 32
7 32
8 32
8 32
8 32
9 32
10 32
10 32
11 33
11 33
12 33
12 33
13 34
13 34
14 35
14 35
15 36
16 36
16 36
17 37
17 37
18 38
18 39
18 39
19 40
19 40
20 41
20 41
21 41
21 41
20 42
20 43
19 44
19 45
18 46
17 47
17 48
16 49
16 50
15 51
15 52
14 53
13 54
13 55
12 56
12 57
11 58
11 58
11 57
12 56
12 55
12 54
12 54
11 53
11 53
11 53
11 52
11 52
12 51
12 50
12 50
12 49
13 48
13 47
13 47
14 46
15 45
15 45
16 44
16 43
17 42
17 42
17 41
18 40
18 39
18 39
19 38
20 38
20 38
21 38
21 38
21 38
21 39
21 40
21 40
21 41
21 42
21 43
21 43
21 44
20 45
20 46
20 46
19 47
19 48
18 49
18 50
18 50
18 51
17 52
17 53
17 54
17 54
17 55
16 56
16 57
15 58
15 59
15 59
15 60
14 61
14 62
14 62
13 63
13 63
13 64
13 64
13 64
14 63
14 63
15 62
15 61
15 61
16 60
16 59
17 58
17 58
17 57
18 56
18 55
18 55
19 54
20 53
20 53
21 52
21 52
21 52
21 53
21 54
21 54
21 55
21 56
21 56
21 57
20 58
20 59
20 60
20 60
19 61
19 62
18 63
18 64
18 64
18 65
18 66
17 67
17 68
17 69
17 69
17 70
16 71
16 72
15 73
15 74
15 74
15 75
14 76
14 77
13 78
13 79
13 79
13 80
13 81
12 82
12 83
12 84
12 84
12 85
11 86
11 87
11 88
10 89
10 90
10 90
10 91
9 92
9 93
9 94
9 94
9 95
9 96
9 97
9 97
9 98
9 98
8 98
8 98
9 97
9 97
10 96
10 96
11 95
11 94
12 93
12 93
13 92
13 91
14 90
14 89
14 89
14 88
15 87
15 86
16 85
16 84
16 84
17 83
17 82
18 81
18 80
18 80
19 79
19 78
20 77
20 77
20 76
21 75
21 74
21 74
22 73
22 72
22 72
22 71
22 70
22 70
22 69
22 68
22 68
22 67
22 66
22 66
22 65
22 64
22 64
21 63
21 62
21 62
21 61
21 60
21 60
20 59
20 58
20 58
20 57
20 57
19 57
19 57
19 58
19 58
19 59
19 60
19 61
19 61
19 62
19 63
19 64
19 65
19 65
19 66
19 67
19 68
19 69
19 70
19 70
19 71
19 72
18 73
18 74
18 75
18 76
18 76
18 77
18 78
18 79
18 80
18 81
18 82
18 82
18 83
18 84
18 85
18 86
18 87
18 88
18 88
18 89
18 90
18 91
18 92
18 93
18 93
18 94
18 95
18 96
18 96
18 97
18 98
18 98
19 99
19 99
19 99
20 99
20 99
20 98
21 97
21 96
21 96
21 95
22 94
22 93
22 93
22 92
23 91
23 90
23 89
24 88
24 87
24 87
24 86
25 85
25 84
25 83
25 82
26 81
26 80
26 80
26 79
27 78
27 77
27 76
27 75
28 74
28 73
28 73
28 72
28 71
28 70
29 69
29 68
29 67
29 66
29 65
29 64
29 63
29 62
30 61
30 60
30 59
30 58
30 57
30 56
30 55
31 54
31 53
31 52
31 51
31 50
31 49
31 48
31 47
32 46
32 45
32 44
32 43
32 42
32 41
32 40
32 39
33 38
33 37
33 36
33 35
33 34
33 33
33 32
34 31
34 30
34 29
34 28
34 27
34 26
34 25
34 24
35 23
35 22
35 21
35 20
35 20
36 21
36 21
36 20
36 20
36 20
36 21
36 21
36 22
36 23
36 24
36 24
36 25
36 26
36 27
36 28
36 29
36 29
36 30
36 31
35 32
35 33
35 34
35 34
35 35
35 36
34 37
34 38
34 39
34 40
34 40
34 41
34 42
33 43
33 44
33 45
33 45
33 46
33 47
32 48
32 49
32 50
32 50
32 51
31 52
31 53
31 54
31 54
31 55
31 56
31 56
31 57
31 57
32 57
32 57
33 56
33 56
33 55
34 54
34 53
34 53
35 52
35 51
36 50
36 49
36 49
37 48
37 47
38 46
38 46
39 45
39 44
39 44
40 43
40 42
40 42
41 42
41 42
41 42
40 43
40 44
40 44
39 45
39 46
39 46
39 47
38 48
38 49
38 50
38 50
38 51
38 52
37 53
37 54
37 55
37 55
37 56
36 57
36 58
36 59
35 60
35 61
35 61
34 62
34 63
33 64
33 65
33 65
33 66
32 67
32 68
32 69
32 69
32 70
31 71
31 72
31 72
31 73
31 74
31 74
31 74
31 74
32 73
32 72
32 72
33 71
33 70
33 70
33 69
34 68
34 67
34 66
34 66
35 65
35 64
36 63
36 63
37 62
37 61
38 60
38 59
38 59
38 58
39 57
39 56
39 56
40 55
40 54
41 53
41 52
41 52
41 51
42 50
42 49
42 48
42 48
42 47
42 46
42 45
42 45
42 44
42 43
42 43
42 42
42 41
42 40
42 39
42 38
41 37
41 36
41 35
41 34
41 33
41 32
41 32
41 31
41 30
40 29
40 28
40 27
40 27
39 26
39 26
39 26
39 27
39 27
39 28
39 29
39 29
39 30
38 31
38 32
38 32
38 33
38 34
38 35
38 36
38 36
38 37
38 38
37 39
37 40
37 41
37 42
37 42
37 43
37 44
37 45
37 46
37 47
37 48
37 49
37 49
37 50
37 51
37 52
37 53
37 54
37 55
37 55
37 56
37 57
37 58
36 59
36 60
36 61
36 62
36 62
36 63
36 64
35 65
35 66
35 67
35 68
35 68
35 69
35 70
35 71
35 72
35 73
35 73
35 74
34 75
34 76
34 77
34 77
34 78
34 79
34 80
34 81
34 81
34 82
33 83
33 84
33 85
33 85
33 86
33 87
33 88
33 88
33 87
33 86
34 85
34 84
34 83
34 82
34 81
35 80
35 79
35 78
35 77
35 76
36 75
36 74
36 73
36 73
36 72
37 71
37 70
37 70
38 69
38 69
38 69
38 69
39 70
39 70
40 71
40 72
40 72
41 73
41 74
41 74
41 75
41 76
41 76
42 77
42 78
42 78
43 79
43 79
44 80
44 81
44 81
45 82
46 83
46 83
47 84
47 84
48 85
49 85
49 85
50 86
51 86
51 86
51 85
52 84
52 83
52 82
52 81
53 80
53 79
53 78
54 77
54 76
54 75
55 74
55 73
55 72
55 71
56 70
56 69
56 68
57 67
57 66
57 65
58 64
58 63
58 62
58 61
59 60
59 59
59 58
60 57
60 56
60 55
60 54
61 53
61 52
61 51
62 50
62 49
62 48
63 47
63 46
63 45
63 44
64 43
64 42
64 41
65 40
65 39
65 38
65 37
66 36
66 35
66 34
67 33
67 32
67 31
68 30
68 29
68 28
68 27
69 26
69 25
69 24
70 23
70 22
70 21
71 20
71 19
71 18
71 17
72 16
72 15
72 15
71 16
71 17
71 17
70 16
70 16
70 16
70 15
70 15
70 14
70 14
71 13
72 13
72 13
73 12
73 11
73 11
74 10
74 9
75 8
75 8
76 7
77 6
77 6
78 5
79 4
79 4
80 3
80 2
81 1
81 1
82 0
82 0
83 1
83 1
83 2
83 3
83 3
83 4
83 5
83 5
83 6
83 7
83 8
83 9
83 9
83 10
82 11
82 12
82 13
82 13
82 14
81 15
81 16
81 16
81 17
80 18
80 19
80 19
80 20
79 21
79 22
79 22
78 23
78 24
78 24
78 25
78 25
77 25
77 25
77 24
77 23
77 23
77 22
77 21
77 21
77 20
77 19
77 18
77 18
77 17
77 16
77 15
77 15
77 14
77 13
77 12
77 12
77 11
77 11
77 11
78 12
78 13
78 13
77 14
77 15
77 15
77 16
77 17
77 17
77 18
77 19
77 20
77 20
77 21
76 22
76 23
76 24
76 24
76 25
76 26
76 27
76 28
76 28
76 29
75 30
75 31
75 31
75 32
75 33
75 34
75 34
75 35
75 35
75 36
75 36
76 36
76 36
77 35
77 35
78 34
78 33
78 33
79 32
79 31
80 30
80 30
80 29
81 28
81 27
81 27
82 26
83 25
83 25
82 24
82 23
81 22
80 21
80 20
79 19
78 18
78 17
77 16
76 15
76 14
75 13
75 13
74 14
74 15
73 16
73 17
73 17
73 17
72 17
72 17
71 18
71 19
71 19
71 20
71 21
71 22
71 23
71 23
71 24
71 25
70 26
70 27
70 28
70 29
70 29
70 30
70 31
70 31
70 32
69 33
69 34
69 35
69 35
69 36
68 37
68 38
68 39
67 40
67 41
67 41
67 42
66 43
66 44
66 45
66 45
66 46
65 47
65 48
64 49
64 50
64 50
64 51
63 52
63 53
63 54
63 54
63 53
63 52
64 51
64 50
64 49
64 48
64 48
64 47
65 46
65 45
66 44
66 43
66 43
67 42
67 42
68 42
68 42
69 42
69 42
70 43
71 43
71 43
72 44
73 45
73 45
74 46
75 46
75 46
76 46
77 47
78 47
78 47
79 47
80 47
80 47
81 47
82 47
83 47
83 47
84 47
85 47
86 47
86 47
87 47
88 47
89 47
90 47
90 47
91 47
92 46
93 46
93 46
94 46
95 46
96 46
96 46
97 46
98 45
99 45
99 45
98 45
97 46
96 46
95 46
94 47
93 47
92 48
91 48
90 48
89 49
88 49
87 49
86 50
85 50
84 50
83 51
82 51
81 51
80 52
79 52
78 53
77 53
76 53
75 54
74 54
73 54
72 55
71 55
71 55
71 54
71 54
70 53
70 53
70 53
70 54
70 55
70 55
71 56
71 57
71 57
71 58
72 59
72 60
72 60
72 61
72 62
72 63
72 63
73 64
73 65
73 65
73 66
73 67
73 68
73 68
74 69
74 70
74 70
74 71
74 72
74 73
74 73
75 74
75 74
75 75
75 75
75 75
75 74
75 74
75 74
75 73
76 72
76 71
76 71
76 70
76 69
76 69
76 68
77 67
77 66
77 66
77 65
78 64
78 63
78 63
79 62
79 61
79 61
80 60
81 59
81 59
82 58
82 57
82 57
83 56
83 55
83 55
84 54
84 54
85 54
85 54
86 55
86 55
86 56
86 56
86 57
86 58
86 58
86 59
85 60
85 61
85 61
85 62
84 63
84 64
84 65
84 65
84 66
83 67
83 68
83 69
83 69
83 70
82 71
82 72
82 72
82 73
81 74
81 75
81 75
80 76
80 77
80 77
79 78
79 78
79 79
79 79
79 78
79 78
80 77
80 77
81 76
81 75
81 75
81 74
82 73
82 72
82 72
82 71
83 70
83 69
83 69
84 68
84 67
85 66
85 66
85 65
86 64
86 63
86 63
87 62
87 61
87 61
88 60
88 60
88 59
88 59
87 58
87 57
86 56
86 55
85 54
85 53
84 52
84 52
83 51
83 50
82 49
82 49
81 49
81 49
81 48
81 48
81 48
81 49
81 49
81 50
81 50
81 51
81 52
81 53
81 53
81 54
80 55
80 56
80 57
80 57
80 58
80 59
80 60
80 61
80 61
80 62
80 63
79 64
79 65
79 66
79 66
79 67
79 68
79 69
79 70
79 70
79 71
79 72
78 73
78 74
78 75
78 75
78 76
78 77
78 78
78 79
78 79
78 80
77 81
77 82
77 83
77 83
77 84
77 85
76 86
76 87
76 88
76 88
76 89
76 90
76 91
76 91
76 92
76 93
76 94
76 94
76 95
76 95
76 96
76 96
76 96
77 95
77 95
77 94
77 93
77 93
78 92
79 91
79 91
79 90
80 89
80 88
80 88
81 87
81 86
82 85
82 85
82 84
83 83
83 82
83 82
84 81
84 80
85 79
85 79
86 78
86 77
87 76
87 76
87 75
88 74
88 73
88 73
89 72
89 71
90 70
90 70
90 69
91 68
91 67
91 67
91 66
91 65
91 65
92 64
92 63
92 63
92 62
92 62
92 62
91 61
91 61
90 60
90 59
89 58
89 57
89 57
90 58
90 58
90 57
90 56
90 56
90 56
91 57
91 57
91 58
91 58
92 59
92 60
92 60
92 61
92 62
92 63
92 63
93 64
93 65
93 65
93 66
94 67
94 68
94 68
94 69
94 70
94 71
94 72
94 72
94 73
95 74
95 75
95 75
95 76
96 77
96 78
96 78
96 79
96 80
96 81
96 81
96 82
97 83
97 84
