20 0
20 1
20 2
20 3
20 4
20 4
19 4
19 4
19 5
19 5
19 6
18 7
18 8
18 9
18 9
18 10
18 11
17 12
17 13
17 14
17 15
17 15
17 16
16 17
16 18
16 19
15 20
15 21
15 21
15 22
15 23
14 24
14 25
14 26
14 27
14 28
13 29
13 30
13 31
13 31
13 32
13 33
12 34
12 35
12 36
12 37
11 38
11 39
11 40
11 40
11 41
10 42
10 43
9 44
9 45
9 46
8 47
8 48
8 48
8 49
7 50
7 51
7 52
6 53
6 54
6 55
5 56
5 57
5 57
4 58
4 59
3 60
3 61
2 62
2 63
2 63
1 64
1 65
0 66
0 66
0 67
0 67
0 66
1 65
1 64
1 63
1 62
2 61
2 60
2 59
2 58
3 57
3 56
3 56
4 55
4 54
5 53
6 52
6 51
7 50
7 50
7 49
8 48
8 47
8 46
8 46
8 45
9 44
9 43
9 42
9 42
10 41
11 40
12 39
12 39
13 38
14 37
14 37
15 38
16 38
17 39
18 39
19 40
20 40
20 40
20 41
19 42
19 43
18 44
18 45
18 46
17 47
17 48
17 48
16 49
15 50
15 50
14 51
14 52
13 53
13 54
13 54
13 55
12 56
12 57
12 57
11 58
11 59
11 59
12 60
12 60
13 60
13 60
14 59
14 59
15 58
16 58
17 57
17 57
18 56
19 55
19 55
19 54
20 53
20 52
20 52
21 51
22 50
22 50
22 49
22 49
23 50
23 50
23 51
23 51
23 52
22 53
22 54
22 55
22 55
21 56
21 57
20 58
20 59
20 59
20 60
20 61
19 62
19 63
19 64
19 65
19 65
18 66
18 67
17 68
17 69
16 70
16 70
16 71
15 72
15 73
15 74
14 75
14 76
14 76
13 77
13 78
12 79
12 80
11 81
11 81
11 82
10 83
10 84
10 84
9 85
9 85
9 86
9 86
9 85
9 85
10 84
11 84
11 84
12 83
12 82
13 81
13 81
14 80
14 79
15 78
15 77
15 77
16 76
17 75
17 74
18 73
18 73
19 72
19 71
20 70
20 69
20 69
20 68
21 67
21 66
21 66
22 65
22 64
22 64
23 63
23 63
23 63
22 62
22 62
21 62
21 62
20 62
20 62
19 63
19 63
19 64
19 64
19 65
18 66
18 67
18 67
18 68
18 69
18 70
18 71
18 72
18 72
18 73
18 74
18 75
17 76
17 77
17 78
17 79
17 79
17 80
17 81
17 82
17 83
17 84
17 85
17 86
17 86
17 87
17 88
17 89
17 90
17 91
17 92
17 93
17 93
17 94
17 95
17 96
17 97
17 98
17 98
17 99
17 99
18 99
18 99
18 98
18 98
19 97
19 96
20 95
20 94
20 94
20 93
21 92
21 91
21 90
22 89
22 88
22 88
22 87
23 86
23 85
23 84
24 83
24 82
24 82
24 81
25 80
25 79
25 78
26 77
26 76
26 76
26 75
27 74
27 73
27 72
28 71
28 70
28 70
28 69
28 68
29 67
29 66
29 65
29 64
30 63
30 62
30 61
30 60
31 59
31 58
31 57
31 56
31 55
32 54
32 53
32 52
32 51
33 50
33 49
33 48
33 47
34 46
34 45
34 44
34 44
34 43
34 42
34 41
34 40
34 39
34 38
34 37
34 36
34 35
34 35
34 34
34 33
34 32
34 32
34 31
34 31
34 31
34 31
34 32
34 32
33 33
33 33
33 34
33 35
33 35
33 36
33 36
33 37
33 38
33 39
33 39
33 40
32 41
32 42
32 43
32 43
32 44
32 45
32 46
32 47
32 47
32 48
32 49
31 50
31 51
31 52
31 52
31 53
31 54
31 55
31 56
31 56
31 57
30 58
30 59
30 59
30 60
30 60
30 61
30 61
30 61
30 60
30 60
31 59
31 59
32 58
32 57
32 57
33 56
33 55
34 54
34 54
35 53
35 52
35 52
36 51
37 51
37 51
38 51
38 51
39 51
39 51
38 52
38 53
38 53
38 54
37 55
37 56
37 56
37 57
37 58
36 59
36 60
36 61
36 61
35 62
35 63
34 64
34 64
33 65
33 66
32 67
32 68
32 68
31 69
30 70
30 71
29 72
29 72
29 73
28 74
28 75
28 75
27 76
27 77
27 77
27 77
28 77
28 77
29 76
29 75
29 75
30 74
31 73
32 72
32 72
33 71
33 70
34 69
34 68
35 67
35 67
36 66
37 65
37 64
38 63
38 63
39 62
39 61
40 60
40 59
41 58
41 57
41 57
41 56
42 55
42 54
42 54
43 53
43 52
44 51
44 51
44 50
43 49
43 48
43 47
42 46
42 45
42 45
41 44
40 44
39 43
39 43
38 43
37 43
37 43
36 44
36 44
36 45
36 46
36 46
36 47
36 48
36 48
36 49
37 50
37 51
37 52
37 52
37 53
37 54
37 55
37 56
37 56
37 57
37 58
37 59
37 60
37 60
37 61
36 62
36 63
36 64
36 64
36 65
36 66
35 67
35 68
35 69
35 69
35 70
35 71
34 72
34 73
34 74
34 74
34 75
33 76
33 77
33 78
33 78
32 79
32 80
32 80
31 81
31 82
31 82
31 83
31 83
31 82
31 81
31 80
31 79
31 78
31 77
31 76
31 75
31 75
32 74
32 74
32 73
32 73
32 73
33 73
33 73
33 73
33 73
34 73
34 73
34 74
34 74
35 75
35 75
36 76
36 77
36 77
37 78
38 79
38 79
39 80
40 81
41 82
41 82
42 82
43 83
44 83
44 83
45 83
46 83
47 84
48 84
49 84
49 84
50 84
51 84
52 84
53 84
54 84
54 84
54 83
54 82
55 81
55 80
55 79
55 78
55 77
56 76
56 75
56 74
56 73
56 72
57 71
57 70
57 69
57 68
57 67
58 66
58 65
58 64
58 63
58 62
59 61
59 60
59 59
59 58
59 57
60 56
60 55
60 54
60 53
60 52
61 51
61 50
61 49
61 48
61 47
62 46
62 45
62 44
62 43
62 42
63 41
63 40
63 39
63 38
63 37
64 36
64 35
64 34
64 33
64 32
65 31
65 30
65 29
65 29
64 30
63 31
63 31
62 30
62 30
62 29
62 29
62 29
63 28
63 28
64 27
64 26
64 26
65 25
66 25
66 25
67 24
67 23
68 22
68 22
69 21
70 21
71 20
71 20
72 19
73 19
74 18
74 18
75 18
76 18
77 18
77 18
78 19
78 19
79 20
79 20
80 21
80 22
80 22
80 23
80 24
80 25
80 25
80 26
79 27
79 28
79 28
79 29
78 30
78 31
78 32
78 32
77 33
77 34
76 35
76 36
76 36
75 37
75 38
75 38
74 39
74 39
73 40
73 41
73 41
73 40
72 39
72 38
72 38
72 37
72 36
72 35
72 35
72 35
72 35
72 36
72 37
72 37
72 38
72 39
72 40
72 40
72 41
72 42
72 43
72 44
72 44
72 45
71 46
71 47
71 47
71 48
71 48
71 48
72 47
72 47
73 46
73 45
73 45
73 44
74 43
74 42
74 42
75 41
75 40
76 39
76 38
76 38
76 37
76 36
76 35
76 35
76 34
77 33
77 32
77 32
77 31
77 30
77 30
76 29
76 29
75 29
75 29
74 30
74 31
74 31
73 32
72 33
72 33
71 34
71 35
70 36
70 36
69 37
69 38
68 39
68 39
67 40
66 41
66 41
65 42
64 43
64 43
64 44
63 45
63 46
63 46
62 47
61 48
61 48
60 49
60 50
59 51
59 51
58 52
58 53
57 54
57 54
56 55
56 56
55 57
55 58
55 58
55 59
54 60
54 61
54 61
53 62
53 62
54 63
54 63
54 62
55 61
55 60
56 59
56 58
56 57
57 56
57 55
58 54
58 53
58 53
58 52
58 52
57 52
57 52
57 52
56 53
56 53
56 54
56 54
57 54
57 54
57 55
57 55
58 55
58 55
59 55
59 55
60 55
60 55
61 54
62 54
62 54
63 54
63 54
64 54
65 53
66 53
66 53
67 53
68 53
69 53
69 53
70 53
71 52
72 52
72 52
73 52
74 52
75 51
76 51
77 51
77 51
78 51
79 51
80 50
81 50
82 50
82 50
83 50
84 50
85 49
86 49
87 49
87 49
88 49
89 49
90 48
91 48
92 48
92 48
93 48
94 48
95 48
95 48
96 48
97 48
98 48
98 48
99 48
99 48
99 48
98 48
98 48
97 49
96 49
96 49
95 49
94 50
93 50
92 50
91 51
90 51
89 52
88 52
87 52
86 53
85 53
84 53
83 54
82 54
81 55
80 55
79 55
78 56
77 56
77 56
76 57
75 58
74 59
73 60
72 61
71 62
71 62
70 63
69 64
69 64
68 65
68 66
68 66
68 67
67 68
67 69
67 69
67 70
67 71
67 72
67 72
67 73
67 74
67 75
67 75
67 76
67 77
67 78
67 79
67 79
67 80
67 81
67 81
67 82
67 83
67 83
68 83
68 83
68 83
68 83
68 82
68 82
68 81
68 80
68 80
68 79
68 78
68 78
68 77
68 76
68 75
68 75
69 74
69 73
69 73
70 72
70 71
70 71
71 70
71 69
71 69
72 68
73 68
73 68
74 67
75 67
75 67
76 66
77 66
77 66
78 67
78 67
79 68
79 68
79 69
79 69
78 70
78 71
78 71
77 72
77 73
76 74
76 74
75 75
75 76
74 77
74 77
73 78
73 79
72 80
72 80
71 81
70 82
70 82
69 83
68 84
68 84
68 84
69 84
69 84
70 83
70 83
71 82
71 81
72 80
72 80
73 79
74 78
74 77
75 76
75 76
76 75
77 74
77 73
78 72
78 72
79 71
79 70
80 69
80 69
81 68
81 67
81 67
81 66
81 65
81 65
80 64
80 63
80 63
79 62
79 62
78 61
78 61
77 61
76 61
76 61
75 60
75 60
74 61
74 61
74 61
74 62
74 62
74 63
74 63
74 64
74 65
74 65
74 66
74 67
74 67
74 68
74 69
74 69
74 70
74 71
74 72
74 72
74 73
74 74
74 75
74 76
74 76
74 77
74 78
74 79
74 80
74 80
74 81
74 82
74 83
74 84
74 84
74 85
73 86
73 87
73 87
73 88
73 89
73 90
73 90
72 91
72 92
72 92
71 93
71 94
71 94
70 95
70 95
70 96
70 96
70 97
70 97
70 97
70 97
71 96
71 96
71 95
72 94
72 93
72 93
73 92
73 91
74 90
74 90
75 89
75 88
76 87
76 86
76 86
76 85
77 84
77 83
77 83
78 82
78 81
79 80
79 80
80 79
80 78
80 78
80 77
80 77
81 77
81 77
81 77
80 77
80 77
80 77
80 77
80 77
80 76
80 76
80 76
80 75
80 75
80 75
80 75
80 76
80 76
81 76
81 76
81 77
81 78
81 78
81 79
81 79
82 80
82 81
82 81
83 82
83 82
83 83
83 83
83 84
83 84
84 85
84 85
84 85
84 85
84 85
84 85
84 85
84 85
