9 3
9 4
9 5
9 5
9 4
9 3
9 2
9 1
9 1
9 0
9 0
9 1
9 1
9 2
8 3
8 4
8 4
8 5
8 6
8 7
8 8
8 9
8 9
8 10
8 11
7 12
7 13
7 14
7 15
7 15
7 16
7 17
7 18
7 19
7 20
7 21
7 22
7 23
7 23
7 24
7 25
7 26
6 27
6 28
6 29
6 30
6 31
6 31
6 32
5 33
5 34
5 35
5 36
4 37
4 38
4 39
4 39
4 40
4 41
4 42
3 43
3 44
3 45
3 46
3 46
3 47
3 48
2 49
2 50
2 51
2 52
2 52
2 53
2 54
1 55
1 56
1 57
1 57
1 58
1 59
1 60
1 60
1 61
1 62
1 62
0 63
0 64
0 64
0 65
0 66
0 66
0 65
0 64
0 63
1 62
1 61
1 60
1 59
1 58
1 57
2 56
2 55
2 54
2 53
2 52
2 51
3 50
3 49
3 48
3 47
3 47
4 46
4 45
5 44
5 43
5 43
5 42
6 41
6 40
6 39
6 38
7 37
7 36
7 36
7 35
7 34
8 33
8 32
8 31
8 31
8 30
9 29
9 28
10 27
10 26
10 26
11 25
12 24
12 23
13 22
13 22
14 21
14 20
15 19
15 19
16 18
16 17
17 16
17 16
18 15
19 14
19 14
20 13
20 13
21 12
21 12
21 12
21 13
21 13
21 14
21 14
21 15
21 16
21 16
21 17
20 18
20 19
20 20
19 21
19 22
19 23
18 24
18 25
17 26
17 27
17 28
16 29
16 30
16 31
15 32
15 33
15 34
14 35
14 36
14 37
13 38
13 39
13 40
12 41
12 42
11 43
11 44
11 45
10 46
10 47
10 48
9 49
9 50
9 51
8 52
8 53
8 54
7 55
7 56
7 57
6 58
6 59
5 60
5 61
5 62
4 63
4 64
4 65
3 66
3 67
3 67
3 68
3 69
3 70
3 71
3 72
3 73
3 73
3 72
3 71
3 70
3 69
3 69
3 68
3 67
3 67
4 66
4 65
4 65
5 64
6 63
6 63
7 62
7 61
8 60
8 60
9 59
9 58
10 57
10 57
11 56
11 55
12 54
12 53
12 53
13 52
14 51
14 51
15 50
15 49
15 49
16 48
17 48
17 48
17 48
17 49
16 50
16 51
16 52
15 53
15 54
14 55
14 56
14 57
13 58
13 59
13 60
12 61
12 62
12 63
11 64
11 65
11 66
10 67
10 68
9 69
9 70
9 71
8 72
8 73
8 74
7 75
7 76
7 77
6 78
6 79
6 80
5 81
5 82
4 83
4 84
4 85
3 86
3 87
3 87
3 88
2 89
2 90
2 91
1 92
1 93
1 94
1 95
0 96
0 97
0 97
0 97
0 96
0 95
0 95
0 94
0 94
0 93
1 92
1 91
1 91
2 90
3 89
3 88
4 87
4 87
5 86
5 85
6 84
6 83
7 82
7 82
8 81
9 80
9 79
10 78
11 77
11 77
12 76
13 75
13 74
14 73
14 73
15 72
15 71
16 70
16 69
16 69
17 68
18 67
19 66
19 66
19 65
20 64
20 63
20 63
21 62
22 62
22 62
21 61
21 60
20 59
20 58
20 58
19 58
18 58
17 58
17 58
16 58
15 58
15 58
14 59
14 60
14 60
13 61
12 62
12 62
12 63
12 64
12 65
12 66
12 66
12 67
12 68
11 69
11 70
11 71
11 71
11 72
11 73
10 74
10 75
10 76
10 77
10 77
10 78
10 79
10 80
10 81
10 82
10 83
10 84
10 84
10 85
10 86
10 87
10 88
10 89
10 90
10 90
10 91
10 92
10 93
10 94
10 94
10 95
10 96
10 97
10 97
11 98
11 98
12 98
12 98
13 98
14 98
14 98
15 97
15 96
15 96
16 95
16 94
16 94
17 93
17 92
18 91
18 90
18 90
18 89
18 88
19 87
19 86
19 85
19 85
19 84
19 83
20 82
20 81
20 80
20 80
20 79
20 78
20 77
20 76
21 75
21 74
21 73
21 72
21 71
21 70
21 69
21 68
21 67
22 66
22 65
22 64
22 63
22 62
22 61
22 60
22 59
22 58
22 57
23 56
23 55
23 54
23 53
23 52
23 51
23 50
23 49
23 48
24 47
24 46
24 45
24 44
24 43
24 43
24 42
24 41
24 40
24 39
24 38
25 37
25 36
25 35
25 34
25 33
25 32
25 32
25 31
25 30
25 29
25 29
25 28
25 28
25 28
25 29
25 29
25 30
25 31
25 32
25 33
25 33
25 34
25 35
24 36
24 37
24 38
24 38
24 39
24 40
24 41
24 42
24 43
24 44
24 44
24 45
24 46
23 47
23 48
23 49
23 50
23 50
23 51
23 52
23 53
22 54
22 55
22 56
22 57
22 57
22 58
22 59
22 60
22 61
22 61
22 60
23 59
23 58
23 57
23 56
24 55
24 54
24 54
24 53
25 52
25 51
26 50
26 49
26 49
26 48
27 47
27 46
27 46
27 45
28 44
28 43
28 43
29 42
29 41
30 40
30 40
31 39
31 38
31 38
32 37
32 37
33 36
33 35
33 35
34 34
34 34
35 33
35 33
35 32
35 32
35 32
35 33
35 34
35 34
35 35
35 35
35 36
34 37
34 38
33 39
33 40
33 41
32 42
32 43
31 44
31 45
31 46
30 47
30 48
30 49
29 50
29 51
28 52
28 53
28 54
27 55
27 56
26 57
26 58
26 59
25 60
25 61
24 62
24 63
24 64
23 65
23 66
23 67
22 68
22 69
21 70
21 71
21 71
21 72
21 73
21 74
20 75
20 76
20 77
20 78
20 78
19 77
19 77
19 76
19 75
19 75
19 74
19 73
19 73
20 72
20 71
21 70
21 70
22 69
22 68
23 67
23 66
23 66
24 65
24 64
25 63
25 62
26 61
26 61
27 60
28 59
28 58
29 57
29 57
30 56
30 55
31 54
31 53
31 53
32 52
32 51
33 50
33 49
33 49
34 48
35 47
35 47
36 46
36 45
36 45
36 44
35 43
35 42
35 41
34 40
34 39
33 38
33 37
33 36
32 35
32 34
32 33
31 32
31 31
30 30
30 29
30 28
29 27
29 26
29 26
28 27
28 28
27 29
27 30
27 30
26 31
26 31
26 32
26 32
26 33
26 34
25 35
25 36
25 37
25 38
25 38
25 39
25 40
25 41
25 42
25 43
25 44
25 45
25 46
25 47
25 47
25 48
25 49
25 50
25 51
24 52
24 53
24 54
24 55
24 56
24 57
24 57
24 58
24 59
24 60
24 61
24 62
24 63
24 64
24 65
24 65
24 66
24 67
23 68
23 69
23 70
23 71
23 71
23 72
23 73
23 74
23 75
23 76
23 77
23 77
23 78
23 79
23 80
23 80
23 81
23 82
23 82
23 81
23 80
23 79
23 78
23 77
23 76
23 75
24 74
24 73
24 72
24 71
24 70
24 69
24 68
24 67
24 67
25 67
26 68
27 68
27 68
28 68
29 68
29 68
30 68
30 68
31 69
31 70
32 71
32 71
33 72
33 73
34 74
34 74
35 75
35 76
36 77
36 77
37 78
38 79
39 80
39 80
40 81
41 81
42 82
42 82
43 83
44 84
45 85
45 85
46 86
47 86
48 87
48 87
49 88
50 88
51 89
51 89
52 90
53 90
53 90
54 91
55 91
55 91
56 91
56 91
57 91
57 91
58 90
58 90
58 89
58 88
58 87
58 86
58 85
58 84
58 83
58 82
58 81
59 80
59 79
59 78
59 77
59 76
59 75
59 74
59 73
59 72
59 71
59 70
59 69
59 68
59 67
59 66
59 65
59 64
59 63
59 62
60 61
60 60
60 59
60 58
60 57
60 56
60 55
60 54
60 53
60 52
60 51
60 50
60 49
60 48
60 47
60 46
60 45
60 44
60 43
61 42
61 41
61 40
61 39
61 38
61 37
61 36
61 35
61 34
61 33
61 33
61 34
61 35
61 35
61 34
60 33
60 32
60 32
61 31
61 31
62 30
62 30
63 29
63 28
63 28
64 27
65 26
65 26
66 25
67 24
68 23
68 23
69 22
69 21
70 20
70 20
71 19
71 18
72 17
72 17
73 16
73 15
74 14
74 14
75 13
76 13
76 13
77 12
78 11
78 11
79 11
79 11
80 11
80 11
80 12
80 12
80 13
80 13
79 14
79 15
79 15
79 16
78 17
78 18
78 18
78 19
77 20
77 21
77 22
77 22
77 23
76 24
76 25
76 25
75 26
75 27
74 28
74 28
73 29
72 29
71 30
70 30
69 31
69 31
69 30
69 29
69 28
69 28
69 27
69 27
69 27
69 27
70 28
70 29
70 29
70 30
70 31
70 32
70 32
70 33
70 34
70 35
70 36
70 36
70 37
70 38
70 39
70 40
70 40
70 41
70 42
70 43
70 43
70 44
70 45
70 46
70 46
70 47
70 47
71 46
71 45
72 44
72 43
72 43
73 42
73 41
73 41
74 40
74 39
74 39
75 38
75 38
76 37
77 37
77 37
78 37
78 37
79 36
79 36
80 35
80 35
80 35
80 35
79 35
78 35
77 35
76 36
75 36
74 36
73 36
72 36
71 36
70 37
69 37
68 37
67 37
67 37
67 38
66 39
66 40
65 41
65 42
64 43
64 44
64 44
63 45
63 45
63 46
62 47
62 48
62 48
61 49
61 50
60 51
60 51
60 52
60 53
59 54
59 55
59 56
59 56
59 57
59 58
59 59
59 60
59 60
59 61
59 62
59 63
59 64
59 64
59 65
59 65
59 66
59 66
59 65
59 64
59 63
59 62
59 61
60 60
60 59
60 58
60 57
60 56
60 55
60 55
61 54
62 53
63 52
63 52
64 51
64 51
65 50
66 49
66 49
67 49
67 49
68 49
69 50
70 50
70 50
71 50
72 50
73 50
73 50
74 50
75 50
76 50
76 50
77 50
78 49
79 49
79 49
80 49
81 48
82 48
82 48
83 48
84 47
85 47
85 47
86 47
87 47
88 47
88 47
89 47
90 47
90 47
91 46
92 46
92 46
93 45
93 45
94 45
94 45
93 45
93 45
92 46
91 46
90 47
89 48
88 49
87 49
86 50
85 51
84 51
83 52
82 53
81 53
80 54
79 55
78 56
77 56
76 57
75 58
74 58
73 59
72 60
71 60
70 61
69 62
68 63
67 63
66 64
66 64
66 65
66 66
66 67
66 68
66 69
66 70
66 71
66 71
66 70
66 70
66 71
66 72
66 72
66 73
67 74
67 75
67 75
67 76
68 77
68 78
68 79
68 79
69 80
69 80
70 80
70 80
70 80
70 80
70 79
70 78
70 77
70 76
70 75
71 74
71 73
71 72
71 71
71 70
71 69
71 69
72 68
72 67
73 66
73 65
73 65
74 64
74 63
74 63
75 62
76 62
76 62
77 61
77 61
78 61
79 61
79 61
80 61
81 61
81 61
82 62
82 62
83 62
83 62
83 63
83 63
83 63
83 64
83 65
83 65
82 66
82 66
82 67
81 68
81 69
81 69
80 70
80 71
79 72
79 72
78 73
78 74
77 75
77 75
76 76
75 77
75 77
74 78
74 79
74 79
73 79
73 79
72 79
72 79
72 78
72 78
73 77
73 76
73 76
73 75
74 74
74 73
74 73
74 72
74 71
74 70
74 69
74 69
74 68
75 67
75 66
75 65
75 65
75 64
75 63
76 62
76 61
76 60
76 60
77 59
77 58
77 58
77 57
77 56
77 56
77 56
77 57
77 57
77 58
77 59
77 59
77 60
77 61
77 62
77 62
77 63
77 64
77 65
77 66
77 67
77 68
77 68
77 69
77 70
76 71
76 72
76 73
76 74
76 74
76 75
76 76
76 77
76 78
76 79
76 79
76 80
76 81
76 82
76 83
76 84
76 84
76 85
76 86
76 87
76 88
76 89
76 89
76 90
76 91
76 91
76 92
76 92
77 93
77 93
78 93
79 93
79 93
80 92
80 92
81 91
82 90
82 90
83 89
83 88
83 88
84 87
84 86
85 85
85 85
86 84
86 83
86 83
86 82
86 81
86 80
86 80
86 79
87 78
87 77
87 77
87 76
87 75
87 75
87 74
87 73
87 73
88 72
88 71
88 71
88 70
88 70
88 70
89 71
89 71
89 72
89 73
89 74
89 74
89 75
90 76
90 77
90 78
90 78
90 79
91 80
91 81
91 82
91 82
91 83
92 84
92 85
92 86
92 86
93 87
93 88
94 89
94 90
94 90
94 91
95 92
95 93
95 93
96 94
96 95
96 95
97 96
98 97
98 97
98 98
98 98
99 99
99 99
