8 2
8 2
8 1
8 1
8 1
8 0
8 0
8 0
8 0
8 0
8 0
8 0
8 1
8 1
8 1
9 1
9 1
9 2
9 2
9 3
9 3
9 4
9 4
9 5
9 5
9 6
9 7
9 7
9 8
8 9
8 10
8 10
8 11
8 12
8 13
8 14
8 14
8 15
8 16
7 17
7 18
7 19
7 19
7 20
7 21
6 22
6 23
6 24
6 25
6 25
6 26
6 27
6 28
6 29
6 30
6 31
6 31
6 32
5 33
5 34
5 35
5 36
4 37
4 38
4 38
4 39
4 40
4 41
4 42
4 43
4 44
4 44
4 45
4 46
3 47
3 48
3 49
3 50
3 50
3 51
3 52
2 53
2 54
2 55
2 56
2 56
2 57
2 58
1 59
1 60
1 61
1 61
1 62
0 63
0 64
0 64
0 65
0 66
0 66
0 67
0 67
0 66
0 66
0 65
0 64
0 64
0 63
0 62
0 61
0 61
0 60
0 59
0 58
0 58
0 57
0 56
0 56
0 55
1 54
1 53
1 52
1 52
1 51
1 50
1 49
1 49
1 48
2 47
2 46
2 46
2 45
3 44
3 43
3 43
4 42
4 41
5 40
5 39
5 39
6 38
6 37
7 36
7 36
7 35
8 34
8 33
8 32
8 32
9 31
9 30
10 29
10 29
11 28
12 27
12 27
13 26
14 25
14 25
15 24
16 23
16 23
17 22
17 22
18 22
18 22
19 22
19 22
19 22
20 23
20 23
19 24
19 25
19 25
19 26
19 27
19 27
19 28
18 29
18 30
18 30
18 31
17 32
17 33
17 33
16 34
16 35
15 36
15 37
15 37
15 38
14 39
14 40
14 41
14 41
14 42
13 43
13 44
13 45
13 45
12 46
12 47
11 48
11 49
11 49
11 50
10 51
10 52
10 52
10 53
9 54
9 55
9 56
9 56
8 57
8 58
8 58
7 59
7 60
7 60
6 61
6 61
6 61
6 61
6 61
7 60
7 59
7 59
8 58
8 57
8 57
9 56
9 55
9 55
10 54
10 53
10 53
11 52
11 51
11 51
12 50
12 50
12 49
12 49
13 49
13 49
13 50
13 50
13 50
12 51
12 52
12 52
12 53
12 54
12 54
12 55
11 56
11 57
11 57
11 58
10 59
10 60
10 60
9 61
9 62
8 63
8 63
8 64
7 65
7 66
7 66
7 67
6 68
6 69
6 70
6 70
5 71
5 72
5 72
5 73
5 74
5 74
5 74
5 74
5 73
5 73
6 72
6 72
6 71
7 70
7 69
7 69
7 68
8 67
8 66
8 66
9 65
9 64
10 63
10 63
10 62
11 61
11 60
11 60
12 59
12 58
12 58
13 57
13 57
13 56
13 56
13 56
13 56
13 56
12 55
11 55
10 54
10 54
10 53
10 52
10 51
10 51
10 50
10 50
10 50
10 50
10 51
10 51
10 52
10 53
10 53
10 54
10 55
10 55
10 56
10 57
10 58
10 58
10 59
10 60
10 61
10 62
10 63
10 63
10 64
10 65
9 66
9 67
9 68
9 68
9 69
9 70
8 71
8 72
8 73
8 74
8 74
8 75
8 76
8 77
7 78
7 79
7 80
7 81
7 81
7 82
7 83
7 84
7 85
7 86
7 87
7 87
7 88
7 89
6 90
6 91
6 92
6 92
6 93
6 94
6 95
6 95
6 96
6 97
6 97
7 98
7 98
7 98
8 97
8 97
8 96
8 95
8 95
8 94
9 93
9 92
9 91
9 91
9 90
9 89
10 88
10 87
10 86
10 85
10 85
10 84
10 83
11 82
11 81
11 80
11 79
11 79
11 78
11 77
12 76
12 75
12 74
12 73
13 72
13 71
13 70
13 69
13 68
14 67
14 66
14 65
14 64
15 63
15 62
15 61
15 60
15 59
16 58
16 57
16 56
16 55
17 54
17 53
17 52
17 51
18 50
18 49
18 48
18 47
18 46
19 45
19 44
19 43
19 42
20 41
20 40
20 39
20 38
20 37
21 36
21 35
21 34
21 33
22 32
22 31
22 30
22 30
22 29
23 28
23 27
24 26
24 25
24 25
24 24
24 24
24 25
24 25
24 25
25 26
25 26
25 27
25 27
25 28
25 29
25 30
25 30
25 31
24 32
24 33
24 33
24 34
24 35
24 36
24 37
24 37
24 38
24 39
24 40
24 41
24 41
24 42
24 43
23 44
23 45
23 46
23 46
23 47
22 48
22 49
22 50
22 50
22 51
22 52
22 53
22 53
22 54
21 55
21 56
21 56
21 57
21 57
21 58
21 58
21 58
22 57
22 57
22 56
23 55
23 54
23 54
23 53
24 52
24 51
24 51
24 50
25 49
25 48
25 47
25 47
25 46
26 45
26 44
26 44
27 43
27 42
28 41
28 41
29 40
29 39
29 39
29 38
30 37
30 36
30 36
31 35
32 35
32 35
32 35
33 35
33 35
33 36
32 37
32 38
32 39
31 40
31 41
31 42
30 43
30 44
30 45
29 46
29 47
28 48
28 49
28 50
27 51
27 52
27 53
26 54
26 55
26 56
25 57
25 58
25 58
25 59
24 60
24 61
23 62
23 63
23 64
22 65
22 66
21 67
21 68
21 68
21 69
20 70
20 71
20 72
20 72
20 73
19 74
19 75
19 75
18 76
18 76
18 76
19 76
19 76
20 75
20 74
20 74
20 73
21 72
21 71
21 71
22 70
22 69
23 68
23 67
24 66
24 66
25 65
25 64
26 63
26 62
26 62
27 61
27 60
28 59
28 58
28 58
29 57
30 56
30 55
31 54
31 54
32 53
32 52
33 51
33 51
34 50
34 49
35 48
35 47
35 47
36 46
36 45
37 44
37 44
38 43
39 42
39 42
39 41
38 40
38 39
38 38
38 37
37 36
37 35
37 34
36 33
36 32
36 31
36 30
35 29
35 28
35 27
34 26
34 25
34 24
34 23
33 22
33 21
33 21
33 22
33 22
32 23
32 23
33 24
33 24
33 25
33 25
33 26
32 27
32 28
32 28
32 29
32 30
32 31
32 31
32 32
32 33
32 34
32 35
32 35
32 36
32 37
31 38
31 39
31 40
31 41
31 41
31 42
31 43
31 44
31 45
31 46
31 47
31 48
31 48
31 49
31 50
31 51
30 52
30 53
30 54
30 55
30 55
30 56
30 57
29 58
29 59
29 60
29 61
29 61
29 62
29 63
29 64
28 65
28 66
28 67
28 68
28 69
28 69
28 70
27 71
27 72
27 73
27 74
26 75
26 76
26 77
26 77
26 78
26 79
26 80
25 81
25 82
25 83
25 84
25 84
25 85
24 86
24 87
23 88
23 89
23 89
23 90
22 91
22 92
22 93
22 93
22 94
21 95
21 96
21 96
20 97
20 98
20 98
19 99
19 99
18 99
18 99
18 98
17 97
17 96
17 95
17 95
17 94
17 93
18 92
18 91
18 90
18 89
19 88
19 87
19 86
19 85
20 84
20 83
20 82
20 81
21 80
21 79
21 78
21 77
21 76
22 75
22 74
22 73
22 72
23 71
23 70
23 69
23 68
24 67
24 66
24 65
24 64
25 63
25 62
25 61
25 61
26 60
27 60
28 59
28 59
29 58
29 58
30 58
30 58
31 59
31 59
32 60
32 60
33 61
34 62
34 62
35 63
35 64
35 64
36 65
36 66
36 66
37 67
37 68
38 69
38 69
38 70
39 71
39 72
39 72
40 73
41 74
41 74
41 75
42 76
42 77
42 77
43 78
43 79
44 80
44 80
45 81
45 82
45 82
46 83
46 84
46 84
47 85
47 85
48 85
48 85
49 85
49 85
49 85
49 84
50 83
50 82
50 81
51 80
51 79
51 78
52 77
52 76
52 75
53 74
53 73
53 72
54 71
54 70
54 69
55 68
55 67
55 66
56 65
56 64
56 63
57 62
57 61
57 60
58 59
58 58
58 57
59 56
59 55
59 54
59 53
60 52
60 51
60 50
61 49
61 48
61 47
62 46
62 45
62 44
63 43
63 42
63 41
64 40
64 39
64 38
65 37
65 36
65 35
66 34
66 33
66 32
67 31
67 30
67 29
68 28
68 27
68 27
67 28
67 29
66 30
66 31
65 32
65 32
64 31
64 31
64 30
64 30
64 31
64 31
64 30
64 30
65 29
65 29
65 28
65 28
66 27
67 26
67 26
68 25
68 24
68 24
69 23
69 22
70 21
70 21
71 20
72 20
73 19
73 19
74 18
75 17
75 17
76 16
77 16
77 16
78 15
79 15
79 15
80 15
81 15
81 15
81 16
81 16
82 17
82 17
82 18
82 19
82 19
82 20
81 21
81 22
81 22
81 23
80 24
80 25
80 25
80 26
79 27
79 28
79 28
78 29
78 30
77 31
77 31
76 32
76 33
75 34
75 34
74 35
74 35
74 36
74 36
73 35
73 35
73 34
73 33
73 33
73 32
74 31
74 30
74 30
74 29
74 28
74 27
74 27
74 26
74 25
74 25
74 24
74 24
74 24
74 25
74 25
74 26
74 27
74 27
74 28
74 29
74 30
74 30
74 31
73 32
73 33
73 33
73 34
73 35
72 36
72 37
72 38
72 38
72 39
71 40
71 41
71 42
71 42
71 43
71 44
70 45
70 46
70 47
70 47
70 48
69 49
69 50
69 50
69 51
69 52
69 53
69 53
68 54
68 55
68 55
68 55
69 54
69 54
69 53
69 52
69 52
70 51
70 50
71 49
71 49
71 48
72 47
72 46
72 45
72 45
73 44
73 43
74 42
74 42
75 41
75 40
76 39
76 38
76 38
76 37
77 36
77 35
77 35
78 34
79 33
79 33
80 32
80 31
80 31
81 31
81 31
82 30
82 30
82 29
82 29
82 29
82 29
81 29
80 30
79 30
78 30
77 31
76 31
75 32
74 32
73 32
72 33
71 33
71 33
70 32
70 32
70 31
70 31
70 31
69 32
69 32
69 33
69 34
69 34
68 35
68 36
68 36
67 37
67 38
66 39
66 39
66 40
65 41
65 42
65 42
64 43
64 44
63 45
63 46
63 46
63 47
62 48
62 49
61 50
61 51
61 51
61 52
60 53
60 54
60 55
59 56
59 57
59 57
59 58
58 59
58 60
57 61
57 62
57 62
56 63
56 64
55 65
55 66
54 67
54 67
54 68
53 69
53 70
53 71
52 72
52 73
52 73
51 74
51 75
50 76
50 77
50 77
49 78
49 79
48 80
48 81
48 81
47 82
47 83
47 83
46 84
46 84
45 83
45 83
45 82
45 81
45 81
45 80
45 79
45 79
45 78
46 77
46 76
46 75
47 74
47 73
47 72
48 71
48 70
48 69
48 68
49 67
49 66
49 65
50 64
50 63
50 63
51 62
52 61
52 60
53 59
53 59
54 58
55 57
55 57
56 56
57 55
57 55
58 54
59 54
59 54
60 53
61 53
62 52
62 52
63 52
64 52
64 52
65 51
66 51
66 51
67 51
68 51
69 51
69 51
70 51
71 51
71 51
72 51
73 51
74 51
74 51
75 51
76 51
77 51
77 51
78 51
79 52
80 52
80 52
81 52
82 52
83 52
83 52
84 52
85 53
86 53
86 53
87 53
88 53
89 53
89 53
90 53
91 53
92 53
92 53
93 52
94 52
94 52
95 52
96 52
96 52
97 52
97 52
98 51
98 51
99 51
99 51
98 51
98 51
97 51
96 52
95 52
94 52
93 52
92 53
91 53
90 53
89 53
88 54
87 54
86 54
85 55
84 55
83 55
82 55
81 56
80 56
79 56
78 57
77 57
76 57
75 57
74 58
73 58
72 58
71 58
70 59
69 59
69 59
69 58
69 58
69 58
70 57
70 57
70 57
70 57
71 58
71 58
71 59
71 59
71 60
71 61
71 61
71 62
71 63
71 64
71 64
71 65
71 66
71 67
71 68
71 68
71 69
71 70
71 71
71 72
71 72
71 73
70 74
70 75
70 76
70 76
70 77
70 78
70 79
70 80
70 80
70 81
70 82
70 83
70 84
70 84
70 85
70 86
70 86
70 87
70 87
70 87
70 87
70 86
70 85
70 85
70 84
70 83
70 82
70 81
70 80
70 79
70 78
70 77
70 76
70 75
70 75
70 74
70 73
70 72
70 71
70 71
70 70
70 70
70 69
70 69
70 69
71 68
71 68
71 67
71 67
72 66
72 65
72 65
73 64
74 63
74 63
75 62
76 62
76 62
77 61
78 60
78 60
79 59
79 59
80 58
81 58
81 58
82 58
82 58
82 59
82 59
82 60
82 60
82 61
82 61
82 62
82 63
82 63
81 64
81 65
80 66
80 66
79 67
79 68
78 69
78 69
78 70
77 71
77 72
77 72
76 73
76 74
75 75
75 75
74 76
73 77
73 77
72 78
72 79
72 79
72 80
72 80
72 80
72 79
72 79
73 78
73 77
73 77
74 76
75 75
75 75
76 74
76 73
76 73
76 72
77 71
77 70
77 70
78 69
79 68
79 68
80 67
80 67
81 66
81 66
81 66
81 66
80 65
80 65
80 65
79 66
79 66
79 65
78 64
78 63
78 63
78 62
78 61
78 60
78 59
78 59
78 58
78 58
78 57
78 57
78 57
78 57
78 57
78 58
78 58
78 59
78 59
78 60
78 61
78 62
78 62
78 63
78 64
78 65
78 65
78 66
77 67
77 68
77 69
77 69
77 70
77 71
77 72
77 72
77 73
76 74
76 75
76 76
76 76
76 77
76 78
76 79
76 79
76 80
75 81
75 82
75 82
75 83
75 84
75 84
74 85
74 86
74 86
74 87
74 87
74 87
74 88
74 88
74 88
74 88
74 88
75 87
75 86
75 86
76 85
76 84
76 84
77 83
77 82
77 82
78 81
78 80
79 79
79 79
80 78
81 77
81 77
82 76
82 76
83 75
83 75
83 74
83 74
83 74
84 73
84 73
84 73
84 73
83 73
83 73
83 73
83 72
83 72
83 72
83 72
83 72
83 72
83 72
83 73
83 73
84 73
84 73
84 74
84 75
84 75
85 76
85 76
85 77
85 78
85 78
86 79
86 80
86 80
86 81
86 82
86 82
87 83
87 83
87 84
87 84
87 85
87 85
