15 6
16 5
16 4
16 4
16 3
16 3
16 2
16 2
16 1
16 1
16 1
16 0
16 0
16 0
16 1
16 1
16 2
16 2
16 3
16 4
16 4
16 5
15 6
15 7
15 8
15 8
15 9
15 10
14 11
14 12
14 13
14 14
14 14
14 15
13 16
13 17
13 18
13 19
12 20
12 21
12 22
12 22
12 23
12 24
11 25
11 26
11 27
11 28
10 29
10 30
10 31
10 31
10 32
10 33
9 34
9 35
9 36
9 37
9 38
8 39
8 40
8 41
8 41
8 42
8 43
7 44
7 45
7 46
7 47
6 48
6 49
6 50
6 50
6 51
5 52
5 53
4 54
4 55
4 56
3 57
3 58
3 58
3 59
2 60
2 61
1 62
1 63
1 63
1 64
0 65
0 66
0 67
0 67
0 68
0 69
0 69
0 70
0 70
0 70
0 70
0 69
0 69
0 68
0 68
0 67
1 66
1 65
1 65
1 64
2 63
2 62
2 61
2 61
3 60
3 59
4 58
4 57
4 57
5 56
5 55
6 54
6 53
7 52
7 52
8 51
8 50
9 49
9 48
10 47
10 47
11 46
12 45
12 44
13 43
13 43
14 42
15 42
16 41
16 41
17 40
18 40
18 40
19 40
19 40
20 41
20 42
20 42
19 43
19 44
19 44
19 45
18 46
18 47
18 47
18 48
17 49
17 50
17 51
17 51
16 52
16 53
15 54
15 54
14 55
14 56
13 57
13 57
12 58
12 59
12 59
11 59
11 59
11 59
12 59
12 59
13 58
13 58
14 57
15 56
15 56
16 55
16 54
17 53
17 53
18 52
19 52
19 52
20 51
20 51
21 51
21 51
21 52
21 53
21 53
21 54
20 55
20 56
20 57
20 57
20 58
19 59
19 60
19 61
19 61
18 62
18 63
17 64
17 65
17 65
16 66
16 67
15 68
15 69
14 70
14 70
13 71
13 72
12 73
12 74
12 74
12 75
11 76
11 77
10 78
10 79
10 79
9 80
9 81
8 82
8 82
8 83
7 84
7 85
7 85
7 85
8 84
8 84
9 83
10 82
10 82
11 81
11 80
12 79
12 78
13 77
13 77
14 76
14 75
15 74
15 73
16 72
16 72
17 71
17 70
18 69
18 68
19 67
19 66
19 66
19 65
20 64
20 63
21 62
21 61
21 61
22 60
23 59
23 59
23 58
23 57
23 57
23 57
23 58
23 58
22 59
22 60
22 60
22 61
21 62
21 63
21 63
21 64
20 65
20 66
20 67
20 67
20 68
20 69
19 70
19 71
19 72
19 73
19 73
19 74
19 75
18 76
18 77
18 78
18 79
18 79
18 80
18 81
18 82
18 83
18 84
18 85
18 85
18 86
18 87
18 88
18 89
18 90
18 91
18 91
18 92
18 93
18 94
18 95
18 96
18 96
18 97
18 97
19 97
19 97
20 96
20 95
20 95
20 94
21 93
21 92
22 91
22 90
22 90
23 89
23 88
24 87
24 86
25 85
25 84
25 84
25 83
26 82
26 81
27 80
27 79
28 78
28 77
28 77
28 76
28 75
28 74
29 73
29 72
29 71
29 70
29 70
29 69
29 68
30 67
30 66
30 65
30 64
31 63
31 62
31 61
31 60
31 59
32 58
32 57
32 56
32 56
32 55
32 54
32 53
33 52
33 51
33 50
33 49
33 48
33 47
34 46
34 45
34 44
34 43
34 43
34 42
34 41
34 40
34 39
34 38
34 37
34 37
34 36
34 35
34 34
34 34
34 33
34 32
34 32
34 31
34 31
34 31
34 31
34 32
34 32
34 33
34 33
34 34
34 35
34 36
34 36
34 37
33 38
33 39
33 40
33 40
33 41
33 42
32 43
32 44
32 45
32 45
32 46
32 47
31 48
31 49
31 50
31 50
31 51
30 52
30 53
30 54
30 54
30 55
29 56
29 57
29 57
29 58
29 58
29 58
30 57
30 57
31 56
31 55
31 55
32 54
33 53
33 52
34 51
34 51
35 50
36 49
36 49
37 48
38 48
39 47
39 47
40 47
40 47
41 48
41 48
41 49
41 50
41 51
41 51
41 52
41 53
40 54
40 55
40 56
40 56
40 57
39 58
39 59
38 60
38 61
38 61
37 62
36 63
36 64
35 65
35 65
34 66
34 67
33 68
33 69
33 69
32 70
32 71
32 71
32 72
32 72
32 72
33 71
33 70
34 69
34 69
35 68
36 67
36 66
37 65
37 65
38 64
39 63
39 62
40 61
40 61
41 60
42 59
42 58
43 57
43 57
44 56
45 55
45 54
46 53
46 53
47 52
47 51
48 50
48 50
49 49
49 48
49 48
48 47
48 46
48 46
47 45
47 45
46 44
46 44
45 44
44 43
43 43
43 43
42 42
41 41
41 41
40 40
39 39
39 39
39 38
39 38
38 39
38 39
39 40
39 40
39 41
39 42
39 43
39 43
39 44
39 45
39 46
39 47
39 48
39 48
39 49
39 50
39 51
39 52
39 53
39 54
39 54
39 55
39 56
39 57
39 58
39 59
39 60
39 60
39 61
39 62
38 63
38 64
38 65
38 66
38 66
38 67
37 68
37 69
37 70
37 71
36 72
36 73
36 73
36 74
35 75
35 76
35 77
35 77
34 78
34 79
34 79
34 80
34 81
34 81
33 81
33 81
33 80
33 79
33 78
33 77
34 76
34 75
34 74
34 73
34 72
34 71
34 71
35 70
35 69
35 69
36 69
36 69
36 69
36 69
37 70
37 70
38 71
38 72
38 72
39 73
39 74
39 74
40 75
40 76
40 76
41 77
42 78
43 79
43 79
44 80
45 80
46 81
47 81
47 81
48 82
49 82
50 83
51 83
51 83
51 82
52 81
52 80
52 79
52 78
53 77
53 76
53 75
53 74
54 73
54 72
54 71
54 70
55 69
55 68
55 67
55 66
56 65
56 64
56 63
57 62
57 61
57 60
57 59
58 58
58 57
58 56
58 55
59 54
59 53
59 52
59 51
60 50
60 49
60 48
61 47
61 46
61 45
61 44
62 43
62 42
62 41
62 40
63 39
63 38
63 37
63 36
64 35
64 34
64 33
64 32
65 31
65 30
65 30
64 31
64 31
63 30
63 30
63 30
64 29
64 29
65 28
66 27
66 27
67 26
68 26
69 25
69 25
70 24
70 23
71 22
71 22
72 21
73 21
74 20
75 20
75 20
76 19
77 18
77 18
78 17
79 17
79 17
80 17
81 17
81 17
82 18
82 18
82 19
82 19
82 20
82 21
82 22
82 22
82 23
81 24
81 25
81 25
81 26
80 27
80 28
80 28
80 29
80 30
80 31
80 31
79 32
79 33
79 33
79 34
78 35
78 36
78 36
77 37
77 38
77 38
77 39
76 40
76 41
76 41
75 42
75 42
75 43
75 43
75 43
75 42
75 41
75 40
75 40
75 39
75 38
75 38
76 38
76 38
76 37
76 37
76 37
76 38
76 38
76 39
76 39
76 40
76 41
76 41
76 42
76 42
76 42
76 42
77 41
77 40
77 40
78 39
78 38
78 38
79 37
79 36
80 35
80 35
81 34
81 33
81 33
81 32
82 31
82 30
82 30
82 29
82 29
81 28
81 28
80 28
80 28
79 29
78 29
78 29
77 30
76 31
76 31
75 32
75 33
74 34
74 34
73 35
73 36
72 37
72 37
71 38
70 39
70 39
70 40
69 41
69 42
69 42
69 43
69 43
68 44
68 44
68 45
68 46
68 46
67 47
67 48
67 48
67 49
66 50
66 51
66 51
65 52
65 53
64 54
64 55
64 55
63 56
63 57
62 58
62 59
62 59
61 60
60 61
60 61
60 62
60 62
59 62
59 62
59 61
59 60
60 59
60 58
60 57
60 57
60 56
60 56
60 56
60 56
60 56
60 56
60 56
60 56
61 56
61 56
61 55
61 55
62 55
62 55
63 54
64 54
64 54
65 54
65 54
66 54
67 54
67 54
68 54
69 54
69 54
70 54
71 54
72 54
73 54
73 54
74 54
75 53
76 53
77 53
77 53
78 53
79 53
80 52
81 52
82 52
82 52
83 52
84 51
85 51
86 51
86 51
87 50
88 50
89 49
90 49
90 49
91 49
92 48
93 48
94 48
94 48
95 48
96 47
97 47
97 47
98 47
99 47
99 47
98 48
97 49
96 49
95 50
94 51
93 52
92 53
91 53
90 54
89 55
88 56
87 57
86 57
85 58
84 59
83 60
82 61
81 61
80 62
79 63
78 64
77 65
76 65
75 66
74 67
74 67
74 68
74 69
73 70
73 71
73 72
73 72
72 72
72 72
72 73
72 74
72 75
72 75
72 76
72 77
72 78
72 78
72 79
73 80
73 81
73 81
74 82
74 83
74 83
74 84
74 84
74 85
74 85
74 84
74 84
74 83
74 82
74 82
74 81
73 80
73 79
73 79
73 78
73 78
72 77
72 77
72 76
72 76
73 75
73 74
73 74
73 73
73 73
74 72
75 71
75 71
76 70
77 69
77 69
78 68
78 67
79 66
79 66
80 66
81 65
82 65
82 65
83 64
83 64
84 65
85 65
85 65
85 66
85 67
85 67
85 68
85 69
85 70
85 70
85 71
84 72
84 73
84 73
83 74
83 75
82 76
82 77
82 77
81 78
81 79
80 80
80 80
79 81
79 82
78 83
78 83
77 84
77 85
77 85
76 85
76 85
77 85
77 85
77 84
77 83
77 83
77 82
78 81
78 80
78 80
79 79
79 78
79 78
79 77
80 76
80 75
80 75
80 74
81 73
81 72
81 72
81 71
81 70
81 70
81 69
81 68
81 67
81 67
80 66
80 65
80 65
79 64
79 64
78 63
78 63
77 63
77 63
77 63
77 64
77 64
76 65
76 66
76 66
76 67
76 68
76 68
76 69
77 70
77 71
77 71
77 72
77 73
77 73
77 74
77 75
77 76
77 76
77 77
77 78
77 79
77 79
77 80
77 81
77 82
77 83
77 83
77 84
77 85
77 86
77 87
77 87
77 88
77 89
77 89
77 90
77 91
77 92
77 92
76 93
76 94
76 94
76 95
76 96
76 96
75 97
75 98
75 98
75 99
75 99
75 99
75 99
76 98
76 98
77 97
77 96
78 95
78 94
78 94
79 93
79 92
80 91
80 90
80 90
81 89
82 88
82 87
83 86
83 86
84 85
84 84
85 83
85 82
85 82
86 81
87 80
87 80
88 79
89 78
89 78
90 77
90 77
90 76
90 75
89 74
89 73
89 72
89 72
90 72
90 72
90 72
90 72
90 72
90 72
90 72
90 72
90 73
90 73
90 73
91 74
91 74
92 75
92 76
92 76
93 77
93 78
93 78
93 79
94 80
94 81
94 81
94 82
95 83
95 84
95 84
96 85
96 86
96 86
97 86
97 86
98 87
