0 17
0 18
0 19
0 20
0 21
0 21
1 21
1 21
1 20
1 20
2 19
3 19
3 19
4 19
5 18
6 18
7 18
7 18
8 17
9 17
10 16
11 16
11 16
12 16
13 15
14 15
15 14
16 14
16 14
17 14
18 13
19 13
20 12
21 12
21 12
22 12
23 11
24 11
25 10
26 10
26 10
27 9
28 9
29 8
29 8
30 7
31 6
32 6
33 5
33 5
34 4
35 3
35 3
36 2
37 2
37 2
38 1
38 1
38 1
37 0
37 0
36 1
36 1
35 2
34 2
34 2
33 3
33 4
32 5
32 5
31 6
30 7
29 8
29 8
28 9
28 10
27 11
27 11
26 12
26 13
25 14
25 14
25 15
25 16
24 17
24 18
24 19
24 19
24 20
24 21
23 22
23 23
23 24
23 24
23 25
23 26
23 27
23 28
23 29
23 30
23 30
23 31
23 32
23 33
23 34
23 35
23 36
23 36
23 37
23 38
23 39
23 40
23 41
23 41
23 42
23 43
23 44
23 45
23 45
23 46
23 47
23 48
23 49
23 50
23 50
22 51
22 52
21 53
21 54
21 54
20 55
20 56
19 57
19 57
18 58
17 59
17 60
16 61
16 61
15 62
14 63
13 64
13 64
12 65
11 65
10 66
9 66
9 66
8 67
7 67
6 68
6 68
5 69
4 70
4 70
5 69
6 68
7 67
8 66
9 65
10 65
11 64
12 63
13 62
14 61
15 60
16 59
17 58
18 57
19 56
20 55
21 54
22 54
23 53
24 52
25 51
26 50
27 49
28 48
29 47
30 46
31 45
32 44
33 44
34 43
35 42
36 41
37 40
38 39
38 39
39 39
40 39
40 39
40 40
40 41
40 41
40 42
40 43
40 43
40 44
40 45
40 46
40 46
40 47
40 48
40 49
40 49
40 50
39 51
39 52
39 53
39 53
39 54
39 55
39 56
39 56
40 57
40 57
41 57
42 57
42 57
43 56
44 56
44 56
45 55
45 54
46 53
46 53
47 52
47 51
48 50
48 50
48 49
49 48
49 47
49 46
49 46
50 45
50 44
50 44
50 43
49 42
49 41
49 41
48 40
48 39
48 39
47 38
46 38
46 38
45 38
44 38
44 38
43 39
42 39
42 39
41 40
41 41
41 41
42 42
43 42
44 43
45 44
46 44
47 45
48 45
49 46
50 47
51 47
52 48
53 49
54 49
55 50
56 50
57 51
57 51
58 52
59 53
59 53
60 53
60 53
61 53
61 53
62 52
63 51
63 51
64 50
65 50
66 49
66 49
67 48
68 47
68 47
69 46
70 45
70 45
70 44
70 43
70 43
70 42
70 41
70 41
70 40
70 39
70 39
69 38
69 38
68 38
67 38
67 38
66 39
66 39
65 40
64 41
64 41
63 42
63 43
63 43
63 44
62 45
62 46
62 47
62 47
62 48
61 49
61 50
61 50
61 51
60 52
60 53
60 54
60 54
60 55
60 56
60 56
61 57
61 57
62 58
63 58
63 58
64 57
65 57
65 57
66 56
67 56
68 55
69 55
69 55
70 54
71 54
72 53
73 53
74 52
74 52
75 51
76 50
77 49
78 48
78 48
79 47
80 46
81 45
82 44
82 44
83 43
84 42
85 42
86 41
86 41
87 40
87 39
88 38
88 37
88 37
89 36
89 35
90 34
90 34
90 33
90 33
91 33
91 33
91 33
90 34
90 34
90 35
90 36
90 37
90 37
90 38
89 39
89 40
89 40
89 41
88 42
88 43
88 43
88 44
87 45
87 46
87 46
87 47
87 48
87 49
87 49
87 50
87 50
87 51
87 51
88 51
89 51
89 51
90 50
91 49
91 49
92 48
93 47
93 47
94 46
95 46
96 45
96 45
96 44
97 43
97 42
97 42
98 41
98 40
99 39
99 39
99 38
99 37
99 36
99 36
99 35
100 34
100 33
100 33
99 32
99 31
99 31
99 31
99 30
99 30
99 30
99 30
98 31
98 31
98 32
98 32
98 33
98 34
98 34
98 35
98 36
98 36
98 37
98 38
98 39
98 39
98 40
98 41
98 42
98 42
98 43
98 44
98 45
98 45
98 46
98 47
98 48
98 49
98 50
98 50
98 51
98 52
98 53
98 54
98 55
98 56
98 56
98 57
98 58
98 59
98 60
98 61
98 62
98 62
98 63
98 64
98 65
98 66
98 67
98 68
98 68
98 69
98 70
98 71
98 72
98 73
98 74
98 74
98 75
98 76
97 77
97 78
97 79
97 79
97 80
96 81
96 82
96 83
96 83
95 84
95 85
94 86
94 87
94 87
93 88
93 89
92 90
92 90
91 91
91 92
90 93
90 94
90 94
89 95
88 96
87 97
87 97
86 98
85 98
84 99
84 99
83 99
82 100
81 100
81 100
80 100
79 100
78 100
77 100
77 100
76 100
75 100
74 100
73 100
73 100
72 99
71 99
70 98
69 98
69 98
68 97
67 97
66 96
66 96
66 95
65 94
65 93
65 93
65 92
66 91
66 90
66 90
66 89
67 88
67 87
68 86
68 85
68 85
69 84
70 83
71 82
72 82
73 81
74 80
