2 15
2 16
2 17
1 18
1 19
1 20
1 20
0 20
0 20
0 20
0 20
1 19
2 19
2 19
3 19
4 19
5 19
5 19
6 19
7 18
8 18
9 17
10 17
10 17
11 16
12 16
13 15
14 15
15 14
16 14
16 14
17 13
18 13
19 12
20 11
21 11
22 10
22 10
23 10
24 9
25 9
26 9
27 8
28 8
28 8
29 8
30 7
31 7
32 6
33 6
33 6
34 5
35 5
36 4
37 4
37 4
38 3
39 2
39 2
40 1
41 1
41 1
41 0
41 0
41 1
41 1
40 2
40 2
39 3
38 4
38 4
37 5
37 6
36 7
36 7
35 8
34 9
34 9
33 10
32 11
32 11
31 12
31 13
31 13
30 14
30 15
30 15
30 16
30 17
30 18
30 18
30 19
30 20
30 21
30 21
30 22
31 23
31 24
31 25
31 25
31 26
31 27
32 28
32 29
32 30
32 30
32 31
32 32
33 33
33 34
33 35
33 36
33 36
33 37
34 38
34 39
35 40
35 41
35 41
35 42
35 43
36 44
36 45
36 46
36 46
36 47
36 48
36 49
36 50
36 50
36 51
37 52
37 53
37 53
37 54
36 55
36 56
36 56
35 57
34 58
34 58
33 59
33 60
32 61
32 61
31 62
30 63
30 64
29 65
29 65
28 66
27 67
26 67
25 68
25 68
24 69
23 70
22 71
22 71
21 72
20 73
20 73
19 74
18 74
18 74
18 73
18 72
19 71
19 70
19 69
19 68
19 67
20 66
20 65
20 64
20 63
21 62
21 61
21 60
21 59
21 58
22 57
22 56
22 55
22 55
23 54
24 53
25 52
26 52
27 51
28 50
28 50
29 49
30 48
30 48
31 47
32 46
32 46
33 45
34 44
34 44
35 44
36 44
37 44
37 44
38 43
38 43
39 44
39 44
40 44
40 44
40 45
40 46
40 46
41 47
41 48
41 48
41 49
41 50
41 51
41 51
41 52
42 53
42 54
42 54
43 55
44 56
44 56
45 56
46 56
46 56
47 56
48 56
48 56
49 55
49 54
50 53
50 53
51 52
51 51
52 50
52 50
52 49
53 48
53 47
53 47
53 46
54 45
54 44
54 44
54 43
54 42
54 41
54 41
54 40
53 39
53 38
53 38
52 37
51 37
51 37
50 36
49 36
49 36
48 36
47 37
46 37
46 37
45 38
44 39
44 39
43 40
42 41
42 41
41 42
40 43
40 43
40 43
41 44
41 44
42 44
43 44
44 44
45 44
46 44
47 45
48 45
49 45
50 45
51 45
52 45
52 45
53 46
54 47
54 47
54 47
55 47
55 47
56 47
56 47
57 46
58 46
58 46
59 46
60 45
61 45
61 45
62 44
63 43
63 43
64 42
65 41
65 41
65 40
66 39
66 38
66 38
67 37
67 36
68 35
68 35
68 34
68 33
68 32
68 32
68 31
68 31
68 30
68 29
68 29
67 29
67 29
66 30
65 31
65 31
64 32
63 33
63 33
62 34
62 35
61 36
61 37
61 37
60 38
60 39
59 40
59 41
59 41
59 42
58 43
58 44
58 44
58 45
58 46
58 46
58 47
58 48
58 48
59 49
60 49
60 49
61 49
62 49
62 49
63 49
64 48
65 48
65 48
66 47
67 47
68 46
68 46
69 45
70 44
71 43
71 43
72 42
73 41
74 40
74 40
75 39
76 38
76 37
77 36
77 36
78 35
78 34
79 33
79 32
79 32
80 31
80 30
81 29
81 29
81 28
82 27
82 26
82 26
82 25
82 24
82 24
82 24
81 25
81 25
80 26
80 26
80 27
79 28
79 29
79 30
79 30
79 31
78 32
78 33
78 34
78 34
78 35
78 36
78 37
78 38
78 39
78 39
78 40
78 41
78 42
78 43
78 43
79 44
79 44
80 45
81 45
81 45
82 44
83 44
83 44
84 43
85 42
85 42
86 41
86 40
87 39
87 39
88 38
89 37
89 36
90 35
90 35
91 34
91 33
92 32
92 31
92 31
93 30
93 29
94 28
94 27
94 27
94 26
94 25
95 24
95 23
95 22
95 22
95 21
95 20
95 19
95 19
95 18
95 17
95 17
94 16
94 16
93 16
93 16
92 16
92 16
91 17
91 17
90 18
90 19
90 19
89 20
89 21
89 21
89 22
89 23
89 23
89 24
89 25
89 25
89 26
89 27
89 28
89 28
89 29
90 30
90 31
90 31
90 32
91 33
91 34
91 35
91 35
91 36
92 37
92 38
93 39
93 40
93 40
93 41
93 42
93 43
94 44
94 45
94 46
94 47
94 47
94 48
95 49
95 50
95 51
95 52
96 53
96 54
96 54
96 55
96 56
96 57
97 58
97 59
97 60
97 61
97 62
97 62
97 63
98 64
98 65
98 66
98 67
99 68
99 69
99 69
99 70
99 71
99 72
99 73
99 74
99 75
99 75
99 76
99 77
100 78
100 79
100 80
100 80
99 81
99 82
98 83
98 84
98 84
98 85
97 86
97 87
96 88
96 89
96 89
95 90
95 91
94 92
94 92
93 93
92 94
91 95
90 96
90 96
89 97
88 98
87 98
86 99
86 99
85 99
84 99
83 100
82 100
81 100
81 100
80 100
79 100
78 100
77 100
77 100
76 100
75 100
74 100
73 100
73 100
72 99
71 98
70 97
70 97
69 96
69 95
68 94
68 94
68 93
67 92
67 91
67 90
67 90
67 89
67 88
67 87
67 86
67 85
67 84
67 84
67 83
68 82
68 81
68 80
69 79
69 78
69 78
69 77
70 76
70 75
70 74
70 73
71 72
71 71
