1 13
1 14
0 15
0 16
0 17
0 17
0 16
0 16
0 16
1 15
2 15
2 15
3 15
4 14
5 14
5 14
6 14
7 14
8 13
9 13
10 13
10 13
11 13
12 12
13 12
14 11
15 11
15 11
16 10
17 10
18 9
19 9
20 8
21 8
21 8
22 8
23 8
24 7
25 7
26 7
26 7
27 6
28 6
29 5
30 5
30 5
31 4
32 4
33 3
33 3
34 3
35 2
36 2
36 2
37 1
37 1
38 0
38 0
38 0
37 1
37 1
36 2
35 3
35 3
34 3
33 4
32 4
32 4
31 5
30 6
30 6
29 7
29 8
29 8
28 9
28 10
27 11
27 11
27 12
27 13
27 14
27 15
27 15
27 16
27 17
26 18
26 19
26 20
26 20
26 21
26 22
26 23
26 24
26 25
26 26
26 26
26 27
26 28
25 29
25 30
25 31
25 32
25 32
25 33
25 34
25 35
25 36
25 37
25 37
25 38
25 39
25 40
25 41
25 42
25 42
25 43
25 44
24 45
24 46
24 47
24 47
24 48
23 49
23 50
23 50
23 51
22 52
22 53
22 54
22 54
22 55
21 56
21 57
21 57
20 58
20 59
20 59
19 60
18 61
17 62
17 62
16 63
15 64
14 65
14 65
13 66
12 66
11 67
11 67
10 68
9 68
9 68
8 68
8 68
9 67
10 66
11 65
11 64
12 63
13 62
14 61
15 60
16 59
16 58
17 57
18 56
19 55
20 54
21 53
21 52
22 51
23 50
24 49
25 48
26 47
26 46
27 45
28 44
29 43
29 43
30 42
31 42
32 41
33 41
34 40
35 40
35 40
36 39
36 39
37 39
37 39
38 39
38 39
38 40
38 40
38 41
38 42
38 42
37 43
37 44
37 44
37 45
37 46
37 47
37 48
37 48
37 49
36 50
36 51
36 52
36 52
36 53
36 54
36 55
36 55
37 56
37 56
38 57
38 57
39 57
40 56
41 56
41 56
42 55
42 54
43 53
43 53
44 52
45 51
45 50
46 49
46 49
47 48
47 47
48 46
48 46
48 45
48 44
48 43
48 43
48 42
48 41
48 40
48 40
47 39
46 38
46 38
45 37
44 36
44 36
43 36
42 36
42 36
41 37
40 37
40 37
39 38
39 39
39 39
40 39
41 40
42 40
43 41
44 41
45 41
46 42
47 42
48 43
49 43
50 43
51 44
52 44
53 45
54 45
55 45
56 46
57 46
58 47
59 47
59 47
58 48
58 49
58 49
58 50
58 51
58 51
59 51
59 51
60 50
60 50
61 50
62 50
62 50
63 49
64 48
64 48
65 47
66 46
66 46
67 45
67 44
68 43
68 43
69 42
70 41
70 41
71 40
71 39
71 39
71 38
71 37
71 37
71 36
71 35
71 35
71 34
71 34
70 33
70 32
70 32
69 31
69 31
68 31
68 31
67 32
67 32
66 33
65 33
64 34
64 34
63 35
63 36
62 37
62 38
62 38
62 39
61 40
61 41
61 42
61 42
61 43
60 44
60 45
60 46
60 46
60 47
59 48
59 49
59 50
59 50
59 51
59 52
59 53
59 54
59 54
60 55
60 56
60 56
61 56
61 56
62 56
63 56
64 56
64 56
65 56
66 55
67 55
67 55
68 54
69 53
70 52
70 52
71 51
72 50
73 49
74 48
74 48
75 47
76 46
77 45
78 44
78 44
79 43
80 42
81 42
82 41
82 41
83 40
83 39
84 38
84 37
84 37
85 36
86 35
87 34
87 34
88 33
88 32
88 32
89 32
89 32
89 32
89 33
88 34
88 35
88 35
88 36
87 37
87 38
87 38
87 39
87 40
86 41
86 42
86 43
86 43
86 44
85 45
85 46
85 47
85 47
85 48
85 49
85 50
85 50
86 51
86 51
86 51
87 51
88 51
88 51
89 50
89 49
90 48
90 48
91 47
91 46
92 45
92 45
93 44
93 43
94 42
94 42
95 41
95 40
96 39
96 38
96 38
97 37
97 36
98 35
98 35
98 34
99 33
99 32
99 31
99 31
99 30
99 29
99 29
99 29
99 29
98 29
98 29
98 29
97 30
97 31
97 31
97 32
97 32
97 33
97 33
96 34
96 34
96 35
96 36
96 36
96 37
96 38
96 39
96 39
96 40
96 41
96 42
96 43
96 43
96 44
96 45
96 46
96 47
96 48
96 48
96 49
96 50
97 51
97 52
97 53
97 53
97 54
97 55
97 56
97 57
97 58
97 59
97 60
97 60
97 61
97 62
98 63
98 64
98 65
98 65
98 66
98 67
99 68
99 69
99 70
99 70
99 71
99 72
100 73
100 74
100 75
100 75
100 76
99 77
99 78
99 79
99 79
99 80
99 81
99 82
99 83
99 83
98 84
98 85
97 86
97 86
96 87
96 88
95 89
95 89
94 90
93 91
93 92
92 93
92 93
91 94
90 95
89 96
89 96
88 97
87 98
86 98
85 99
85 99
84 99
83 99
82 100
81 100
80 100
80 100
79 100
78 100
77 100
76 100
76 100
75 100
74 100
73 100
72 100
72 100
71 99
70 98
70 98
69 97
68 96
68 96
68 95
68 94
68 93
68 93
69 92
69 91
70 90
70 89
70 89
70 88
71 87
71 86
72 85
72 84
72 84
73 83
73 82
74 81
75 80
76 79
76 78
77 77
