11 8
11 9
11 9
11 9
11 9
12 8
12 8
13 7
14 7
14 7
15 6
16 6
16 6
17 6
18 5
19 5
19 5
20 4
21 4
21 4
22 3
23 3
23 3
24 2
25 2
25 2
26 1
26 1
27 1
27 1
28 1
28 1
28 1
27 1
27 1
26 1
26 1
25 1
25 1
24 1
24 1
23 2
22 2
22 2
21 3
21 3
21 4
21 4
20 5
20 5
20 6
20 7
20 8
20 8
20 9
19 10
19 11
19 11
19 12
19 13
19 14
19 15
19 15
19 16
19 17
19 18
19 19
19 20
19 21
19 21
19 22
19 23
20 24
20 25
20 26
20 27
20 27
20 28
20 29
20 30
20 31
20 32
20 33
20 34
20 35
20 35
20 36
20 37
21 38
21 39
21 40
21 41
21 41
21 42
21 43
21 44
21 45
21 46
21 47
21 47
21 48
21 49
21 50
21 51
21 52
21 53
21 53
21 54
21 55
20 56
20 57
20 58
20 59
20 59
20 60
20 61
20 62
20 63
20 64
20 64
20 65
19 66
19 67
18 68
18 69
18 69
18 70
17 71
17 72
16 73
16 74
16 74
16 75
15 76
15 77
14 78
14 79
14 79
13 80
12 81
11 82
11 82
10 83
9 84
9 84
8 85
7 85
6 86
6 86
5 86
4 86
4 86
3 85
2 85
2 85
1 84
0 83
0 83
0 82
0 81
0 81
0 80
0 79
0 79
0 78
0 77
0 76
0 76
1 75
2 75
3 74
4 73
5 73
6 72
7 71
8 71
9 70
10 69
11 68
12 68
13 67
14 66
15 66
16 65
17 64
18 64
19 63
20 62
21 62
22 61
23 60
24 60
25 59
26 58
27 58
28 57
29 56
30 56
31 55
32 54
33 53
34 53
35 52
36 51
37 51
38 50
39 49
40 49
41 48
41 48
42 48
42 48
42 48
42 48
42 48
42 49
42 49
41 50
41 50
41 51
41 51
40 52
40 52
39 53
39 54
39 54
39 55
39 56
39 56
39 57
39 58
39 58
38 59
38 60
38 60
39 61
39 62
39 62
39 63
39 63
40 63
41 63
41 63
42 63
42 63
43 62
43 62
44 61
45 60
45 60
46 59
46 58
46 58
46 57
46 57
46 56
46 55
46 55
46 54
46 53
46 53
45 52
45 52
45 51
45 51
44 50
44 50
43 50
42 50
42 50
41 50
41 50
40 51
39 51
39 51
38 52
38 52
37 52
37 52
37 53
37 53
37 53
37 53
37 53
38 52
38 52
39 52
40 52
40 52
41 52
42 52
43 52
44 52
45 52
46 52
47 52
48 52
49 52
50 51
51 51
52 51
53 51
54 51
55 51
56 51
57 51
58 51
59 51
59 51
59 52
59 53
59 53
59 54
59 54
59 54
59 55
59 55
60 55
60 55
61 55
61 55
62 55
62 55
63 54
64 54
64 54
65 53
65 52
65 52
66 51
66 51
67 50
67 49
67 49
68 48
68 48
68 47
68 46
68 45
68 45
69 44
69 43
69 43
68 42
68 42
68 41
68 41
67 40
67 40
66 40
66 40
65 40
65 40
64 41
63 42
63 42
62 43
62 44
62 44
61 45
60 46
60 46
59 47
59 48
59 48
59 49
59 50
59 51
59 51
59 52
59 53
59 54
59 54
60 55
60 56
60 56
61 57
61 58
61 58
62 59
63 59
63 59
64 60
65 60
65 60
66 60
67 60
68 60
68 60
69 60
70 60
70 60
71 59
72 59
73 58
73 58
74 58
75 57
76 57
76 57
77 56
78 56
79 55
79 55
80 54
81 53
81 53
82 52
83 52
84 51
84 51
85 50
85 49
86 48
86 48
87 47
87 46
87 46
87 45
88 44
88 43
88 43
89 42
89 41
89 41
90 40
90 40
90 40
89 40
89 40
89 41
89 41
89 42
89 43
89 43
88 44
88 45
88 45
88 46
88 47
88 48
88 48
88 49
88 50
88 50
88 51
88 52
88 53
88 53
88 54
89 55
89 56
89 56
90 57
90 57
91 58
91 58
92 58
92 58
93 57
93 57
94 56
95 56
95 56
95 55
96 54
96 53
96 53
97 52
97 51
97 51
97 50
98 49
98 48
98 48
99 47
99 46
99 46
99 45
99 44
99 43
99 43
99 42
99 41
99 40
99 40
100 39
100 39
100 39
99 40
99 40
99 41
99 41
99 42
99 43
99 44
99 44
99 45
98 46
98 47
98 47
98 48
98 49
98 50
98 51
98 52
98 52
98 53
98 54
97 55
97 56
97 57
97 57
97 58
97 59
97 60
96 61
96 62
96 63
96 64
96 64
96 65
96 66
96 67
95 68
95 69
95 70
95 71
95 71
95 72
95 73
94 74
94 75
94 76
94 77
94 77
94 78
94 79
93 80
93 81
93 82
93 82
93 83
93 84
92 85
92 86
92 87
92 87
91 88
91 89
90 90
90 91
90 91
89 92
89 93
88 94
88 95
88 95
87 96
87 97
86 98
86 98
85 99
84 99
83 100
83 100
82 100
81 100
81 100
80 100
79 100
79 100
78 99
78 98
77 97
77 97
77 96
77 95
77 94
77 93
77 93
77 92
77 91
77 90
77 89
77 88
77 88
78 87
78 86
79 85
79 84
79 84
80 83
80 82
81 81
81 80
81 80
82 79
83 78
83 77
84 76
84 76
85 75
86 74
87 73
88 72
