9 4
8 4
7 4
6 4
6 4
5 4
5 4
5 4
6 4
6 4
7 5
7 5
8 5
9 5
9 5
10 5
11 5
12 5
12 5
13 5
14 4
15 4
15 4
16 4
17 3
18 3
18 3
19 3
20 2
21 2
21 2
22 2
23 2
24 2
24 2
25 1
26 1
26 1
27 0
28 0
28 0
28 0
29 1
29 1
29 2
28 3
28 4
28 4
28 5
27 6
27 7
27 8
27 8
27 9
27 10
26 11
26 12
26 13
26 13
26 14
26 15
26 16
25 17
25 18
25 19
25 20
25 20
25 21
25 22
25 23
24 24
24 25
24 26
24 27
24 28
24 28
24 29
24 30
23 31
23 32
23 33
23 34
22 35
22 36
22 37
22 37
22 38
21 39
21 40
21 41
20 42
20 43
20 43
20 44
19 45
19 46
19 47
18 48
18 49
18 49
17 50
17 51
16 52
16 53
16 53
16 54
15 55
15 56
15 56
14 57
13 58
13 58
12 58
11 59
10 59
10 59
9 60
8 60
8 60
7 60
6 60
6 60
5 60
5 60
4 59
3 59
3 59
2 58
1 57
1 57
0 56
0 55
0 55
0 54
0 53
0 52
0 52
0 51
0 50
0 49
0 49
1 48
2 48
3 47
4 47
5 46
6 46
7 45
8 45
9 44
10 44
11 43
12 43
13 42
14 42
15 41
16 41
17 40
18 40
19 39
20 39
21 38
22 38
23 37
24 37
25 36
26 36
27 35
28 35
29 34
30 34
31 33
32 33
33 32
34 32
35 31
35 31
36 32
36 33
37 34
37 35
37 35
37 36
37 36
36 37
36 38
35 39
35 39
34 40
34 41
33 42
33 43
33 43
33 44
32 45
32 46
32 47
32 47
32 48
32 49
32 50
32 50
32 51
32 51
32 52
32 52
33 51
33 51
34 50
35 50
35 50
36 49
37 48
37 48
38 47
39 46
39 46
40 45
40 44
41 43
41 42
41 42
41 41
42 40
42 39
42 39
42 38
43 37
43 36
43 36
43 35
43 34
43 33
43 33
43 32
43 31
43 31
42 30
42 29
42 29
41 29
41 29
40 29
39 29
39 29
38 30
38 30
37 31
37 31
38 32
39 32
40 33
41 34
42 35
43 35
44 36
45 37
46 38
47 38
48 39
49 40
50 40
51 41
52 42
53 43
54 43
55 44
55 44
55 45
55 45
54 45
54 45
53 45
53 45
54 45
54 45
54 45
55 45
56 45
56 45
57 44
57 44
58 43
59 42
59 42
60 41
61 41
61 41
62 40
63 39
63 39
64 38
65 37
65 37
66 36
67 35
67 35
68 34
69 33
69 33
70 32
71 32
71 32
71 31
71 31
71 30
71 30
71 29
71 29
70 28
70 28
69 28
68 28
68 28
67 29
66 29
66 29
65 30
64 31
64 31
63 32
62 33
62 33
61 34
61 35
60 36
60 37
60 37
60 38
59 39
59 40
59 41
59 41
59 42
58 43
58 44
58 44
58 45
58 46
58 47
58 47
58 48
58 48
59 49
59 49
60 50
61 50
61 50
62 50
63 50
63 50
64 49
65 49
65 49
66 48
67 47
67 47
68 46
69 46
70 45
70 45
71 44
72 44
73 43
73 43
74 42
75 41
76 40
76 40
77 39
78 38
78 38
79 37
80 36
80 36
81 35
81 34
81 34
82 34
82 34
83 34
83 34
83 34
82 34
82 34
82 35
82 36
82 36
82 37
82 38
82 38
82 39
82 40
82 40
82 41
82 42
82 42
82 43
82 43
83 44
83 44
84 44
84 44
85 43
86 43
86 43
87 42
88 42
88 42
89 41
90 41
91 40
91 40
92 39
92 38
93 37
93 37
94 36
95 35
95 35
96 34
96 33
97 32
97 32
98 31
98 31
99 30
99 30
99 30
100 31
100 32
100 32
100 33
99 34
99 35
99 35
99 36
98 37
98 38
98 39
97 40
97 41
97 41
97 42
97 43
97 44
96 45
96 46
96 47
96 48
96 49
96 49
96 50
95 51
95 52
95 53
94 54
94 55
94 56
93 57
93 58
93 58
93 59
92 60
92 61
92 62
91 63
91 64
91 65
90 66
90 67
90 67
89 68
89 69
88 70
88 71
87 72
87 73
86 74
86 75
86 75
85 76
85 77
84 78
84 79
83 80
83 81
82 82
82 82
81 83
81 84
80 85
79 86
78 87
78 88
77 89
77 89
76 90
75 91
74 92
73 93
72 94
72 94
71 95
70 96
70 97
69 98
68 99
68 99
67 99
66 100
65 100
64 100
64 100
63 100
62 100
61 100
60 100
60 100
59 99
58 99
