2 4
1 5
0 6
0 6
0 5
0 5
0 4
0 4
0 3
0 3
1 4
1 4
2 4
3 4
3 4
4 4
5 4
5 4
6 4
7 4
7 4
8 4
9 4
9 4
10 4
11 3
12 3
12 3
13 3
14 3
14 3
15 2
16 2
16 2
17 2
18 2
18 2
18 1
18 0
18 0
17 1
17 2
16 3
16 3
16 4
16 4
16 5
15 6
15 7
15 8
15 8
15 9
15 10
14 11
14 12
14 13
14 13
14 14
14 15
14 16
14 17
14 18
14 19
14 20
14 20
14 21
14 22
14 23
14 24
14 25
14 26
14 27
14 28
14 29
14 29
14 30
14 31
14 32
14 33
15 34
15 35
15 36
15 37
15 38
15 38
15 39
15 40
15 41
15 42
15 43
15 44
15 45
15 46
15 46
15 47
15 48
15 49
15 50
15 51
15 52
15 52
15 53
15 54
15 55
15 56
15 57
15 57
15 58
15 59
15 60
15 60
14 61
14 62
14 62
14 63
14 63
13 64
13 65
13 65
12 66
11 66
11 66
10 67
9 67
9 67
8 67
7 67
7 67
6 66
5 66
5 66
4 65
3 64
3 64
2 63
1 62
1 62
1 61
0 60
0 59
0 59
0 58
0 57
0 57
0 56
0 55
0 55
1 54
2 54
3 53
4 53
5 52
6 52
7 51
8 50
9 50
10 49
11 49
12 48
13 47
14 47
15 46
16 46
17 45
18 45
19 44
20 43
21 43
22 42
23 42
24 41
25 41
26 40
27 39
28 39
29 38
30 38
31 37
32 36
33 36
34 35
35 35
36 34
37 34
38 33
38 33
39 34
39 35
40 36
40 37
40 37
39 38
39 38
39 39
39 40
39 41
39 41
39 42
38 43
38 44
38 45
38 45
38 46
38 47
38 48
38 49
38 50
38 51
38 51
38 52
38 53
38 54
38 55
38 55
38 56
38 57
38 57
38 58
38 59
38 59
39 59
39 59
40 58
41 58
41 58
42 57
42 56
43 55
43 55
43 54
44 53
44 52
44 52
45 51
45 50
46 49
46 48
46 48
46 47
47 46
47 45
47 44
47 44
47 43
48 42
48 41
48 40
48 40
48 39
48 38
48 38
47 37
47 37
46 36
46 36
46 37
47 38
47 39
48 40
48 41
48 41
49 41
50 41
51 40
52 40
53 40
53 40
54 39
54 38
54 38
55 37
56 37
56 37
57 37
58 37
58 37
59 37
60 37
60 37
61 37
62 37
62 37
63 36
64 36
64 36
65 36
65 36
66 37
66 37
66 37
66 38
66 38
66 39
66 40
66 40
65 41
65 41
65 42
65 43
65 44
65 44
65 45
65 45
65 45
66 45
66 45
67 44
68 44
68 44
69 43
69 43
70 42
71 41
71 41
72 40
72 39
72 39
72 38
73 37
73 36
73 36
74 35
74 34
74 34
74 33
74 32
74 31
74 31
74 30
75 29
75 28
75 28
74 27
74 26
74 26
74 25
74 25
73 24
73 24
72 24
71 24
71 24
70 25
70 26
70 26
69 27
68 28
68 28
68 29
67 30
67 31
67 31
66 32
66 33
65 34
65 34
65 35
64 36
64 37
64 38
64 38
64 39
63 40
63 41
63 42
63 42
63 43
62 44
62 45
62 45
62 46
63 47
63 48
63 48
64 49
64 50
64 50
65 51
65 51
66 51
67 51
67 51
68 51
69 51
69 51
70 50
71 50
71 50
72 49
73 49
73 49
74 48
75 47
75 47
76 46
77 45
77 45
78 44
78 43
79 42
79 42
79 41
80 40
80 39
80 38
80 38
81 37
81 36
82 35
82 35
83 34
83 33
84 32
84 32
84 31
84 30
84 30
85 29
85 29
85 29
85 30
85 30
84 30
84 30
84 31
84 31
84 32
84 33
84 34
84 34
84 35
84 36
84 37
84 37
84 38
84 39
84 39
84 40
84 41
84 42
84 42
84 43
84 43
85 44
85 44
86 44
87 44
87 44
88 44
88 44
89 43
90 42
90 42
91 41
92 40
92 40
93 39
94 38
94 38
95 37
96 36
96 36
96 35
97 34
97 33
97 32
97 32
97 31
98 30
98 29
98 28
98 28
98 27
99 26
99 25
99 24
99 24
99 23
99 22
99 22
100 22
100 22
100 22
99 22
99 22
99 23
99 24
99 24
99 25
98 26
98 27
98 28
98 28
98 29
98 30
97 31
97 32
97 33
97 33
97 34
97 35
96 36
96 37
96 38
96 38
96 39
96 40
96 41
96 42
96 43
96 43
96 44
96 45
95 46
95 47
95 48
95 49
95 49
95 50
95 51
94 52
94 53
94 54
94 55
94 55
94 56
94 57
93 58
93 59
93 60
93 61
93 61
93 62
93 63
92 64
92 65
92 66
92 67
92 67
92 68
92 69
91 70
91 71
91 72
91 73
91 73
91 74
91 75
90 76
90 77
90 78
90 79
90 79
90 80
89 81
89 82
88 83
88 84
88 84
88 85
87 86
87 87
87 88
87 88
87 89
86 90
86 91
86 92
86 92
85 93
84 94
84 94
83 95
83 96
82 97
82 97
81 98
80 98
79 99
79 99
78 99
77 100
76 100
76 100
75 100
74 100
73 100
73 100
72 100
71 100
70 100
70 100
69 99
69 98
68 97
