12 15
11 15
10 15
9 15
8 15
7 15
6 15
6 15
5 15
4 15
4 15
3 15
2 15
2 15
1 15
1 15
0 15
0 15
0 15
1 15
1 15
2 14
3 14
3 14
4 14
5 13
6 13
7 13
7 13
8 13
9 12
10 12
11 12
12 11
13 11
13 11
14 11
15 10
16 10
17 10
18 10
19 9
20 9
20 9
21 9
22 9
23 9
24 8
25 8
26 8
27 8
27 8
28 8
29 7
30 7
31 6
32 6
32 6
33 5
34 5
35 4
36 4
36 4
37 3
38 3
39 2
39 2
40 1
41 1
41 1
42 0
42 0
41 0
41 0
40 1
40 1
39 2
38 2
38 2
37 3
36 3
35 4
35 4
34 5
33 5
32 6
32 6
31 7
30 8
29 9
29 9
29 10
28 11
28 12
28 12
28 13
27 14
27 15
27 16
27 16
27 17
27 18
27 19
27 20
27 21
27 21
27 22
27 23
27 24
27 25
27 26
27 27
27 27
27 28
27 29
27 30
27 31
27 32
27 33
27 33
27 34
27 35
27 36
27 37
27 38
27 39
27 39
27 40
27 41
26 42
26 43
26 44
26 45
26 45
26 46
25 47
25 48
25 49
25 49
24 50
24 51
23 52
23 52
22 53
21 54
21 55
20 56
20 56
19 57
18 57
17 58
17 58
16 59
15 59
14 60
14 60
13 61
12 61
11 62
11 62
10 63
9 63
9 63
8 63
7 63
7 63
7 63
8 62
8 61
9 60
9 59
10 58
10 57
11 56
11 55
12 54
12 53
13 52
13 52
14 51
15 50
16 49
17 48
18 47
19 46
20 45
21 44
21 44
22 43
23 43
24 42
25 42
25 42
26 42
27 41
28 41
28 41
29 40
30 40
30 40
31 41
32 41
32 41
33 41
33 41
34 42
35 42
35 42
35 43
35 44
35 44
36 45
36 46
36 46
36 47
36 47
37 48
37 48
38 48
38 48
39 47
40 47
40 47
41 46
42 45
42 45
42 44
43 43
43 42
43 42
44 41
45 40
45 40
45 39
44 38
44 37
44 37
43 36
42 35
42 35
41 35
40 34
39 34
39 34
38 34
37 35
36 35
36 35
35 35
34 36
33 36
33 36
32 37
31 37
30 38
30 38
29 39
29 40
29 40
29 41
29 42
29 42
30 42
31 42
32 43
33 43
34 43
35 43
36 43
37 44
38 44
39 44
40 44
41 44
42 44
43 45
44 45
45 45
46 45
47 45
48 46
49 46
50 46
50 46
50 47
50 48
50 48
49 49
49 49
49 49
49 48
49 48
50 48
50 48
51 48
52 47
53 47
53 47
54 46
55 46
56 45
56 45
57 44
58 44
59 43
60 43
60 43
61 42
61 41
62 40
62 40
63 39
64 38
64 38
65 37
65 36
65 36
65 35
65 35
65 34
65 34
64 34
64 34
63 35
62 35
62 35
61 36
60 36
59 37
59 37
58 38
57 38
56 39
56 39
55 40
55 41
54 42
54 42
53 43
53 44
52 45
52 45
51 46
51 47
51 47
52 48
52 49
52 49
52 50
52 50
53 50
54 50
54 50
55 50
56 50
57 50
57 50
58 49
59 49
60 48
61 48
61 48
62 48
63 47
64 47
65 46
66 46
66 46
67 45
68 44
69 44
70 43
70 43
71 42
72 41
73 41
74 40
75 39
75 39
76 38
77 37
78 36
78 36
79 35
79 34
80 33
80 33
81 32
81 31
81 31
81 30
81 30
81 30
80 30
80 30
79 31
79 32
79 32
79 33
78 34
78 35
78 35
78 36
77 37
77 38
77 39
77 39
77 40
77 41
77 42
77 43
77 43
78 44
78 45
78 45
79 46
79 46
80 46
81 46
81 46
82 45
83 45
84 44
84 44
85 43
86 42
87 42
88 41
88 41
89 40
90 39
91 39
92 38
92 38
93 37
94 36
94 35
95 34
95 34
96 33
97 32
98 31
98 31
98 30
99 29
99 28
99 27
99 27
99 26
99 25
99 25
98 24
98 23
98 23
97 23
97 23
96 23
96 23
95 24
95 24
94 25
94 25
94 26
94 26
94 27
94 27
94 28
94 28
95 29
95 29
96 30
96 31
96 31
96 32
96 33
96 34
96 34
96 35
97 36
97 37
97 38
97 38
97 39
97 40
97 41
97 42
97 42
97 43
97 44
97 45
97 46
97 47
97 47
97 48
97 49
97 50
97 51
97 52
97 52
97 53
97 54
98 55
98 56
98 57
98 58
98 58
98 59
98 60
98 61
98 62
98 63
98 64
98 64
98 65
98 66
99 67
99 68
99 69
99 69
99 70
99 71
100 72
100 73
100 74
100 74
100 75
100 76
99 77
99 78
99 79
99 80
99 80
99 81
98 82
98 83
98 84
98 84
97 85
97 86
96 87
96 88
96 88
95 89
95 90
94 91
94 92
93 93
93 93
92 94
91 95
90 95
89 96
89 96
88 97
87 97
86 98
85 98
84 99
84 99
83 99
82 99
81 100
80 100
79 100
79 100
78 100
77 100
76 100
75 100
74 100
73 100
73 100
72 100
71 100
70 100
69 100
68 100
68 100
67 100
66 99
65 99
64 99
64 99
63 98
62 97
61 96
61 96
60 95
60 94
59 93
59 93
59 92
60 91
60 90
60 90
60 89
61 88
61 87
62 86
62 85
62 85
63 84
64 83
64 82
65 81
65 81
66 80
67 79
68 78
69 77
70 76
