0 14
0 15
0 16
0 17
0 17
0 16
0 16
1 16
1 16
2 15
3 15
3 15
4 15
5 14
6 14
7 13
8 13
8 13
9 13
10 12
11 12
12 11
13 11
13 11
14 10
15 10
16 9
17 9
18 8
18 8
19 7
20 7
21 6
22 6
23 5
24 5
24 5
25 4
26 4
27 3
28 3
28 3
29 2
30 2
30 2
31 1
31 1
32 0
32 0
31 0
31 0
31 0
30 1
30 1
29 1
28 2
27 2
27 2
26 3
25 3
25 3
24 4
23 4
22 5
22 5
21 6
20 6
20 6
19 7
19 7
19 8
19 8
18 9
18 9
19 10
19 11
19 11
19 12
19 13
19 13
20 14
20 15
21 16
21 17
21 17
21 18
21 19
22 20
22 21
22 22
22 22
22 23
23 24
23 25
23 26
24 27
24 28
24 28
24 29
25 30
25 31
25 32
25 33
26 34
26 35
26 35
26 36
27 37
27 38
27 39
28 40
28 41
28 41
28 42
28 43
28 44
28 45
28 46
28 47
28 47
28 48
28 49
28 50
28 51
28 52
28 52
28 53
28 54
27 55
27 56
27 57
27 58
27 58
26 59
26 60
25 61
25 62
25 62
24 63
23 64
23 65
22 66
21 67
21 67
20 68
19 69
18 70
18 70
17 71
16 72
15 72
14 73
14 73
13 74
12 75
12 75
11 75
11 75
12 74
13 73
14 73
15 72
16 71
17 70
18 69
19 68
20 68
21 67
22 66
23 65
24 64
25 63
26 63
27 62
28 61
29 60
30 59
31 58
32 58
33 57
34 56
35 55
36 54
37 53
38 53
39 52
40 51
40 51
40 52
41 53
41 54
42 55
42 56
42 56
42 56
42 55
42 55
43 56
43 56
44 56
44 56
45 56
46 56
46 56
47 57
47 57
48 57
49 57
49 57
50 56
50 56
51 55
52 55
52 55
53 54
54 53
54 53
54 52
55 51
55 50
55 50
55 49
56 48
56 47
56 47
55 46
55 45
55 45
54 44
54 43
54 43
53 43
52 42
51 42
51 42
50 42
49 42
48 42
48 42
47 43
46 43
46 43
45 44
44 45
43 46
43 46
42 47
42 48
41 49
41 49
41 50
41 51
41 51
42 52
42 53
42 53
43 54
43 54
44 54
45 53
46 53
47 53
48 53
49 52
50 52
51 52
52 51
53 51
54 51
55 51
56 50
57 50
58 50
59 50
60 49
61 49
61 49
61 50
61 51
61 52
61 53
61 53
61 53
61 52
61 52
62 52
62 52
63 51
64 51
64 51
65 50
66 49
66 49
67 48
68 47
68 46
69 45
69 45
70 44
70 43
71 42
71 42
72 41
72 40
73 39
73 39
74 38
74 37
74 37
74 37
74 37
73 37
73 37
72 38
71 38
71 38
70 39
69 40
69 40
68 41
67 42
67 42
66 43
66 44
65 45
65 45
64 46
64 47
64 47
64 48
64 49
64 49
64 50
64 51
64 52
64 52
65 53
65 54
65 54
66 55
66 56
66 56
67 56
68 56
68 56
69 56
70 56
71 56
71 56
72 55
73 54
74 53
74 53
75 52
76 51
76 50
77 49
77 49
78 48
79 47
79 46
80 45
80 45
81 44
81 43
82 42
82 41
82 41
82 40
83 39
83 38
83 37
83 37
83 36
83 35
83 34
83 34
84 33
84 33
83 33
83 33
83 34
83 34
82 35
82 36
82 36
82 37
82 38
81 39
81 40
81 41
81 41
81 42
81 43
80 44
80 45
80 46
80 46
80 47
79 48
79 49
79 50
79 50
79 51
79 52
79 52
80 53
80 54
80 54
81 53
81 53
82 52
82 51
83 50
83 50
84 49
85 48
85 47
86 46
86 46
87 45
87 44
88 43
88 42
89 41
89 41
90 40
90 39
91 38
91 37
92 36
92 36
92 35
93 34
93 33
93 32
94 31
94 30
94 30
94 29
94 28
95 27
95 26
95 25
95 25
96 24
96 23
96 23
97 22
97 22
96 22
96 22
96 23
96 23
95 24
95 25
95 25
94 26
94 26
94 27
94 28
94 28
94 29
94 30
94 30
95 31
95 32
95 32
95 33
95 34
95 35
95 36
95 36
96 37
96 38
97 39
97 39
97 40
97 41
97 42
97 43
97 44
97 44
97 45
97 46
98 47
98 48
98 49
98 49
98 50
98 51
99 52
99 53
99 54
99 55
99 55
99 56
99 57
99 58
100 59
100 60
100 61
100 62
100 63
100 63
100 64
100 65
100 66
100 67
100 68
100 69
100 69
100 70
100 71
99 72
99 73
99 74
99 74
99 75
99 76
98 77
98 78
98 79
98 80
98 80
98 81
97 82
97 83
96 84
96 85
96 85
96 86
95 87
95 88
94 89
94 90
94 90
93 91
92 92
91 93
91 93
90 94
89 95
88 96
87 97
87 97
86 98
85 98
84 99
83 99
83 99
82 99
81 100
80 100
80 100
79 100
78 100
78 100
77 99
76 98
76 98
76 97
75 96
75 95
75 95
75 94
75 93
76 92
76 91
76 90
76 89
76 89
76 88
76 87
76 86
77 85
77 84
77 83
77 82
77 82
78 81
78 80
79 79
79 78
80 77
80 76
81 75
81 74
81 74
82 73
82 72
83 71
83 70
84 69
84 68
84 68
85 67
86 66
86 65
87 64
88 63
