0 21
0 22
0 23
0 24
0 24
0 23
0 23
0 22
0 22
1 21
2 21
2 21
3 21
4 20
5 20
5 20
6 20
7 19
8 19
9 19
9 19
10 19
11 18
12 18
13 18
14 17
15 17
15 17
16 17
17 16
18 16
19 16
20 16
21 15
22 15
22 15
23 15
24 14
25 14
26 13
27 13
27 13
28 13
29 12
30 12
31 12
32 11
33 11
33 11
34 11
35 10
36 10
37 9
38 9
38 9
39 8
40 8
41 7
42 7
42 7
43 6
44 5
45 4
45 4
46 3
46 2
46 2
47 1
48 1
48 1
48 1
47 0
47 0
46 1
45 2
44 2
43 3
43 3
42 4
41 5
40 5
39 6
38 7
38 7
37 8
37 8
36 9
35 10
35 10
34 11
34 12
34 12
34 13
34 14
34 14
34 15
34 16
34 17
34 18
34 18
34 19
35 20
35 21
35 22
35 22
35 23
36 24
36 25
36 26
36 26
36 27
37 28
37 29
37 30
37 30
37 31
37 32
38 33
38 34
38 35
38 35
38 36
39 37
39 38
39 39
39 39
39 40
39 41
39 42
39 42
38 43
38 44
38 44
37 45
36 46
36 46
35 47
34 48
33 49
33 49
32 50
31 51
30 52
30 52
29 53
28 54
27 55
27 55
26 56
26 57
26 57
25 58
25 58
26 57
27 56
28 55
29 54
30 53
31 52
32 51
33 50
34 49
35 48
36 47
37 46
38 45
39 44
40 43
41 42
42 41
43 40
44 39
45 38
45 38
46 39
46 40
47 41
47 42
47 42
47 43
47 43
47 44
47 44
48 45
48 45
48 46
48 47
48 47
49 48
49 49
49 49
50 49
51 49
51 49
52 48
53 47
53 47
54 46
55 45
55 45
56 44
56 43
57 42
57 42
57 41
58 40
58 39
58 39
58 38
58 37
58 36
58 36
57 35
57 34
57 34
56 33
55 32
55 32
54 32
53 32
53 32
52 33
52 33
51 34
50 35
50 35
49 36
49 37
48 38
48 38
49 38
50 38
51 38
52 39
53 39
54 39
55 39
56 39
57 39
58 40
59 40
60 40
61 40
61 40
62 41
63 42
63 42
64 42
64 42
64 41
64 41
65 41
65 41
66 41
66 41
67 40
68 40
68 40
69 39
70 38
70 38
71 37
71 37
72 36
72 35
72 35
72 34
73 33
73 32
73 32
73 31
73 31
72 30
72 30
71 29
71 29
70 30
69 30
69 30
68 31
67 32
67 32
66 33
66 34
65 35
65 35
64 36
64 37
64 37
64 38
63 39
63 40
63 40
63 41
63 42
63 42
64 43
64 43
65 44
65 44
66 45
66 45
67 45
68 45
69 45
69 45
70 44
71 44
71 44
72 44
73 43
74 43
75 43
75 43
76 43
77 42
78 42
78 42
79 41
80 41
81 40
81 40
82 39
83 38
83 38
84 37
84 36
85 35
85 35
86 34
86 33
86 33
86 32
86 31
86 31
86 30
86 29
86 29
86 28
86 27
86 26
86 26
86 25
86 25
86 25
85 26
85 26
85 27
85 28
85 29
85 30
85 30
85 31
84 32
84 33
84 34
84 34
84 35
84 36
84 37
84 38
84 38
84 39
84 40
84 41
84 42
84 42
85 43
85 43
86 44
86 44
87 43
87 43
88 42
89 42
89 42
90 41
90 40
91 39
91 39
92 38
93 37
94 36
94 36
94 35
95 34
95 33
95 33
96 32
96 31
97 30
97 29
97 29
97 28
98 27
98 26
98 26
98 25
98 24
98 23
98 23
99 22
99 21
99 21
98 20
98 20
98 20
98 20
98 21
98 21
98 22
98 23
98 23
98 24
98 25
98 25
98 26
98 27
98 28
98 28
98 29
98 30
98 30
98 31
98 32
98 33
98 33
98 34
98 35
98 36
98 37
98 37
98 38
98 39
98 40
98 41
98 42
98 42
98 43
98 44
98 45
98 46
98 47
98 48
98 48
98 49
98 50
98 51
99 52
99 53
99 54
99 55
99 55
99 56
99 57
99 58
99 59
99 60
99 61
99 62
99 63
99 63
99 64
99 65
100 66
100 67
100 68
100 69
100 69
100 70
100 71
99 72
99 73
99 74
99 74
99 75
99 76
99 77
99 78
99 79
99 79
99 80
99 81
98 82
98 83
98 84
98 84
97 85
97 86
96 87
96 88
96 88
95 89
95 90
94 91
94 91
93 92
93 93
92 94
92 95
92 95
91 96
90 97
89 97
88 98
88 98
87 99
86 99
85 100
85 100
84 100
83 100
82 100
81 100
80 100
80 100
79 100
78 100
77 100
76 100
76 100
75 100
74 99
73 99
72 99
72 99
71 98
70 97
69 96
69 96
68 95
67 94
66 93
66 93
66 92
65 91
65 90
65 89
65 89
65 88
65 87
65 86
65 86
66 85
66 84
67 83
67 82
67 82
68 81
69 80
69 79
70 78
70 78
71 77
72 76
72 75
73 74
74 73
