4 13
3 14
2 14
1 15
1 15
0 15
0 15
0 15
0 15
0 15
1 15
1 15
2 15
2 15
3 15
4 15
5 15
5 15
6 15
7 14
8 14
8 14
9 13
10 13
11 12
11 12
12 12
13 11
14 11
15 11
15 11
16 10
17 10
18 9
18 9
19 8
20 8
21 7
22 7
22 7
23 6
24 6
25 5
25 5
26 5
27 4
28 4
28 4
29 3
30 3
31 2
31 2
32 1
33 1
33 1
34 1
34 1
34 0
34 0
34 1
34 1
33 1
33 1
32 2
32 2
31 3
30 4
30 4
29 5
29 5
28 6
27 7
27 7
26 8
26 8
26 9
26 10
26 10
25 11
25 12
25 12
24 13
24 14
24 14
24 15
24 16
24 17
24 17
24 18
23 19
23 20
23 21
23 21
23 22
23 23
23 24
23 25
23 26
23 26
23 27
23 28
23 29
23 30
23 31
23 31
23 32
22 33
22 34
22 35
22 35
22 36
22 37
22 38
22 39
22 40
22 40
22 41
22 42
22 43
22 44
22 45
22 46
22 46
22 47
22 48
21 49
21 50
21 51
21 52
21 52
21 53
21 54
20 55
20 56
20 57
20 57
20 58
20 59
19 60
19 61
19 62
19 62
19 63
19 64
18 65
18 66
18 67
18 67
18 68
17 69
17 70
17 71
17 71
16 72
16 73
15 74
15 75
15 75
14 76
14 77
13 78
13 78
12 79
11 79
11 79
10 80
9 80
9 80
8 80
7 80
7 80
6 79
5 79
5 79
4 78
4 77
4 77
3 76
3 75
3 75
3 74
3 73
3 73
4 72
5 72
6 71
7 71
8 70
9 70
10 69
11 69
12 68
13 68
14 67
15 67
16 66
17 66
18 65
19 65
20 64
21 64
22 63
23 63
24 62
25 62
26 61
27 61
28 60
29 60
30 59
31 59
32 58
33 58
34 57
35 57
36 56
37 56
38 55
39 55
40 54
41 54
42 53
43 53
44 52
45 52
46 51
46 51
47 51
47 51
47 51
46 52
46 52
45 53
45 53
45 54
45 54
44 55
44 56
44 56
43 57
43 58
43 58
42 59
42 60
42 60
42 61
42 62
42 62
41 63
41 64
41 64
41 65
41 66
41 66
41 67
41 68
41 68
41 69
41 69
42 70
42 70
43 70
43 70
44 70
44 70
45 69
45 68
45 68
46 67
47 67
47 67
48 66
48 65
48 65
48 64
49 63
49 62
49 62
50 61
50 60
50 60
50 59
51 58
51 57
51 56
51 56
51 55
51 54
51 54
51 53
51 52
51 52
51 51
51 51
50 50
50 50
50 50
49 50
49 50
49 50
49 50
48 50
48 50
49 51
49 51
49 51
50 52
50 52
51 52
52 52
52 52
53 52
53 52
54 52
55 52
55 52
56 52
56 52
57 52
58 52
58 52
59 52
59 52
60 52
60 52
61 53
61 53
61 54
61 54
61 55
61 56
61 56
61 57
61 58
61 58
61 59
61 59
61 60
61 60
61 61
61 62
61 62
62 63
62 63
62 64
62 64
63 64
63 64
64 64
64 64
65 64
65 64
66 63
67 63
67 63
68 62
68 62
69 61
69 60
69 60
70 59
70 59
71 58
71 57
71 57
72 56
72 55
72 55
72 54
73 53
73 52
73 52
73 51
73 51
73 50
73 50
73 49
73 48
73 48
72 48
72 48
72 48
71 48
71 48
70 49
70 49
69 50
68 50
68 50
67 51
67 52
67 52
66 53
66 53
65 54
65 55
65 55
64 56
64 57
64 57
63 58
63 59
63 59
63 60
63 60
64 61
64 62
64 62
65 63
65 64
65 64
66 64
66 64
67 65
68 65
68 65
69 65
70 65
70 65
71 64
72 64
72 64
73 64
74 63
75 63
75 63
76 62
77 62
77 62
78 61
79 61
80 60
80 60
81 59
82 58
82 58
83 57
84 56
84 56
85 55
86 55
87 54
87 54
88 53
88 52
88 52
89 51
89 50
89 50
90 49
90 48
90 48
91 47
91 47
91 47
91 47
90 47
90 47
90 48
90 48
89 49
89 49
88 50
88 50
88 51
88 52
88 52
87 53
87 54
87 54
87 55
86 56
86 57
86 57
86 58
86 59
86 60
86 60
86 61
85 62
85 63
85 63
85 64
85 65
85 65
86 66
86 67
86 67
86 68
86 68
87 69
87 69
88 69
88 69
89 68
89 68
90 67
90 66
90 66
91 65
92 64
92 64
93 63
93 62
93 62
94 61
94 60
95 59
95 59
95 58
96 57
96 56
96 56
97 55
97 54
98 53
98 53
99 52
99 51
99 51
99 50
99 50
100 49
100 49
99 48
99 48
99 48
99 48
98 48
98 48
98 49
98 49
97 50
97 51
97 51
96 52
96 52
95 53
95 54
95 54
95 55
95 56
95 56
94 57
94 58
94 58
94 59
93 60
93 61
93 61
93 62
92 63
92 64
92 64
92 65
91 66
91 67
91 68
91 68
91 69
91 70
90 71
90 72
90 73
90 73
90 74
89 75
89 76
89 77
89 77
89 78
88 79
88 80
88 81
88 81
88 82
88 83
88 84
88 85
88 86
88 86
88 87
87 88
87 89
87 90
87 90
87 91
86 92
86 93
86 93
86 94
85 95
85 96
85 96
84 97
84 98
84 98
83 99
83 99
82 100
82 100
81 100
81 100
80 100
79 100
79 100
78 100
78 100
77 99
76 98
76 98
75 97
75 97
74 96
74 96
73 95
73 94
73 94
73 93
73 92
73 92
74 91
74 90
74 90
75 89
76 88
76 88
77 87
78 86
78 85
79 84
