1 15
1 16
0 17
0 18
0 18
0 17
0 17
0 17
1 16
2 16
2 16
3 16
4 15
5 15
6 15
6 15
7 15
8 14
9 14
10 13
11 13
11 13
12 13
13 12
14 12
15 11
16 11
16 11
17 11
18 10
19 10
20 10
21 9
22 9
22 9
23 8
24 8
25 7
26 7
27 6
27 6
28 5
29 5
30 4
31 4
31 4
32 4
33 3
34 3
35 3
35 3
36 3
37 2
38 2
38 2
39 2
40 1
41 1
41 1
42 0
42 0
42 1
42 1
41 2
40 3
39 4
38 5
37 6
37 6
36 7
35 8
34 9
33 10
32 11
32 11
31 12
30 13
30 13
30 14
30 15
30 16
30 16
30 17
30 18
30 19
30 20
30 20
30 21
30 22
30 23
30 24
30 24
30 25
30 26
31 27
31 28
31 29
31 29
31 30
31 31
32 32
32 33
32 34
32 34
32 35
32 36
33 37
33 38
33 39
33 39
33 40
33 41
33 42
33 43
33 44
33 44
33 45
33 46
33 47
33 47
33 48
32 49
32 50
32 50
31 51
31 52
31 52
31 53
30 54
30 55
30 55
29 56
28 57
27 58
27 58
26 59
25 59
24 60
24 60
23 61
22 62
21 63
20 64
20 64
19 65
18 66
18 66
17 66
16 67
15 67
15 67
16 66
17 65
18 64
19 63
20 62
21 61
22 60
22 59
23 58
24 57
25 56
26 55
27 54
28 53
29 52
30 51
31 50
32 49
33 48
34 47
35 46
35 45
36 44
37 43
38 42
39 41
40 40
41 39
41 39
42 40
43 40
43 40
43 41
43 41
43 42
43 42
43 43
43 44
43 45
43 45
43 46
44 47
44 48
44 48
44 49
44 50
44 51
44 51
45 52
46 53
46 53
47 53
48 53
48 53
49 52
50 52
50 52
51 51
51 50
52 49
52 49
53 48
53 47
54 46
54 46
54 45
55 44
55 43
55 43
55 42
55 41
55 41
54 40
54 39
54 39
53 38
52 37
52 37
51 37
50 36
49 36
49 36
48 36
47 36
47 36
46 37
45 37
45 37
44 38
44 39
44 39
45 40
46 41
47 41
48 42
49 43
50 44
51 44
52 45
53 46
54 47
55 47
56 48
57 49
58 50
59 50
60 51
60 51
61 52
61 53
61 53
60 52
60 52
60 52
61 51
61 51
62 50
63 50
63 50
64 49
65 48
66 47
66 47
67 46
68 46
69 45
69 45
70 44
70 43
71 42
71 42
72 41
72 40
73 39
73 39
73 38
74 37
74 36
74 36
74 35
74 34
74 34
73 33
73 32
73 32
72 32
72 32
71 32
71 32
70 33
69 33
68 34
68 34
67 35
67 36
66 37
66 37
65 38
65 39
64 40
64 40
64 41
63 42
63 43
63 43
63 44
62 45
62 46
62 46
62 47
62 48
62 48
63 49
63 50
63 50
64 51
64 51
65 51
66 50
67 50
67 50
68 50
69 49
70 49
70 49
71 48
72 48
73 47
73 47
74 46
75 45
76 45
77 44
77 44
78 43
79 42
80 41
80 41
81 40
82 39
83 38
83 38
84 37
84 36
85 35
85 35
85 34
86 33
86 32
86 32
86 31
86 30
86 30
86 30
86 30
86 31
86 32
86 32
86 33
86 34
86 35
86 35
86 36
86 37
86 38
86 39
86 39
86 40
85 41
85 42
85 43
85 43
85 44
85 45
85 45
86 46
86 46
87 47
87 47
88 46
89 46
89 46
90 45
91 45
91 45
92 44
93 43
94 42
94 42
95 41
95 40
96 39
96 39
96 38
97 37
97 36
97 35
97 35
98 34
98 33
99 32
99 32
99 31
99 30
99 29
99 28
99 28
99 27
100 26
100 25
100 25
99 24
99 23
99 23
99 22
99 22
98 22
98 22
98 23
98 23
97 24
97 24
97 25
96 26
96 27
96 27
96 28
95 29
95 30
95 30
95 31
95 32
95 33
95 33
95 34
95 35
95 36
95 36
95 37
95 38
95 39
95 40
95 41
95 41
95 42
95 43
96 44
96 45
96 46
96 46
96 47
96 48
96 49
96 50
96 51
96 52
96 52
96 53
96 54
96 55
97 56
97 57
97 58
97 59
97 60
97 60
97 61
97 62
97 63
98 64
98 65
98 66
98 67
98 67
98 68
98 69
98 70
98 71
98 72
98 73
98 73
98 74
98 75
98 76
98 77
98 78
98 79
98 79
98 80
98 81
97 82
97 83
97 84
97 84
97 85
96 86
96 87
95 88
95 89
95 89
94 90
94 91
93 92
93 92
92 93
91 94
91 95
90 96
90 96
89 97
88 98
87 99
87 99
86 99
85 100
84 100
83 100
83 100
82 100
81 100
80 100
79 100
79 100
78 100
77 100
76 100
75 100
75 100
74 99
73 99
72 98
72 98
71 97
70 97
69 96
69 96
69 95
68 94
68 93
68 92
68 92
68 91
68 90
67 89
67 88
67 87
67 87
67 86
67 85
67 84
67 83
