5 19
5 20
5 21
4 22
4 23
4 24
4 25
4 25
3 24
2 24
2 24
1 24
0 24
0 24
0 24
0 24
1 24
2 24
2 24
3 23
4 23
5 22
5 22
6 22
7 21
8 21
9 21
9 21
10 20
11 20
12 19
13 19
14 18
14 18
15 17
16 17
17 16
18 16
18 16
19 15
20 15
21 14
22 14
23 13
24 13
24 13
25 13
26 12
27 12
28 11
29 11
29 11
30 10
31 10
32 9
33 9
34 8
34 8
35 7
36 6
37 6
38 5
38 5
39 4
40 4
41 3
41 3
42 2
43 2
43 2
44 1
44 1
45 0
45 0
44 1
44 1
43 2
42 3
42 3
41 4
40 5
40 5
39 6
38 7
38 7
37 8
37 9
36 10
36 10
36 11
35 12
35 13
35 14
35 14
35 15
34 16
34 17
34 18
34 18
34 19
33 20
33 21
33 22
33 22
33 23
32 24
32 25
32 26
32 26
32 27
32 28
32 29
32 30
32 30
32 31
32 32
32 33
32 34
32 35
32 35
32 36
32 37
33 38
33 39
33 40
33 40
33 41
33 42
33 43
33 44
33 45
33 45
33 46
33 47
32 48
32 49
32 50
32 50
32 51
32 52
31 53
31 54
31 55
31 55
30 56
29 57
28 58
28 58
27 59
27 60
26 61
26 61
25 62
24 63
23 64
23 64
22 65
21 65
20 66
20 66
19 67
18 68
18 68
17 69
16 69
16 69
17 68
18 67
19 66
20 65
20 64
21 63
22 62
23 61
24 60
25 59
26 58
27 57
27 56
28 55
29 54
30 53
31 52
32 51
33 50
34 49
34 48
35 47
36 46
37 45
37 45
38 45
39 45
39 45
40 46
40 46
41 47
41 47
41 48
41 49
41 50
41 50
42 51
42 52
42 52
43 53
43 54
43 54
43 55
43 55
44 55
45 55
45 55
46 54
47 54
47 54
48 53
49 52
49 52
49 51
50 50
50 49
50 49
51 48
51 47
51 47
51 46
51 45
51 44
51 44
50 43
50 42
50 42
50 41
49 40
49 39
49 39
48 38
47 38
47 38
46 37
46 37
45 38
45 38
44 39
44 40
44 40
45 41
45 42
45 42
46 43
47 43
48 44
49 45
50 46
51 46
52 47
53 48
54 48
55 49
55 49
56 50
56 51
57 52
57 52
58 52
58 52
59 52
59 52
60 52
61 51
62 51
62 51
63 51
64 50
65 50
65 50
66 49
67 48
67 48
68 47
69 47
70 46
70 46
71 45
71 44
72 43
72 43
73 42
73 41
73 41
73 40
73 39
73 38
73 38
73 37
73 37
73 36
73 36
72 36
72 36
71 37
70 38
70 38
69 39
68 40
68 40
67 41
67 42
66 43
66 43
66 44
65 45
65 46
65 47
65 47
64 48
64 49
64 49
64 50
64 51
64 51
64 52
64 52
65 52
66 52
66 52
67 51
68 51
68 51
69 50
70 50
71 49
72 49
72 49
73 48
74 47
75 47
76 46
76 46
77 45
78 44
78 43
79 42
79 42
80 41
81 40
82 39
82 39
83 38
84 37
85 36
85 36
86 35
86 34
86 34
86 33
87 32
87 31
87 31
87 30
87 30
87 30
87 31
87 31
86 32
86 33
86 33
86 34
85 35
85 36
85 37
85 37
85 38
84 39
84 40
83 41
83 42
83 42
83 43
83 44
83 45
83 46
83 46
83 47
83 48
83 48
84 49
84 49
85 49
85 49
86 48
87 48
87 48
88 47
89 46
89 46
90 45
91 44
91 43
92 42
92 42
93 41
93 40
94 39
94 39
95 38
95 37
96 36
96 35
96 35
97 34
97 33
98 32
98 31
98 31
98 30
99 29
99 28
99 27
99 27
99 26
99 25
99 25
100 24
100 24
99 24
99 24
99 25
99 25
98 26
98 26
98 27
97 28
97 29
97 29
96 30
96 31
96 31
95 32
95 33
95 33
94 34
94 35
94 35
94 36
94 36
95 37
95 37
96 37
96 37
97 38
97 38
98 38
98 38
99 37
99 37
99 37
99 37
99 37
99 37
98 37
98 37
98 38
98 38
98 39
98 40
98 40
98 41
98 42
98 42
98 43
98 44
98 44
98 45
98 46
98 47
98 47
98 48
98 49
98 50
98 50
98 51
97 52
97 53
97 53
97 54
97 55
96 56
96 57
96 58
96 58
96 59
96 60
96 61
96 62
96 63
96 63
96 64
96 65
95 66
95 67
95 68
95 69
95 69
95 70
95 71
95 72
94 73
94 74
94 75
94 76
94 76
94 77
94 78
94 79
93 80
93 81
93 82
93 83
93 83
93 84
93 85
92 86
92 87
92 88
92 88
92 89
91 90
91 91
90 92
90 93
90 93
89 94
89 95
88 96
88 96
87 97
86 97
85 98
85 98
84 99
83 99
82 100
82 100
81 100
80 100
79 100
79 100
78 100
77 100
77 100
76 99
75 99
74 98
74 98
74 97
73 96
73 95
73 95
73 94
73 93
73 92
73 91
73 90
73 90
73 89
73 88
73 87
73 86
73 85
73 84
73 84
73 83
74 82
74 81
74 80
75 79
75 78
75 78
75 77
76 76
76 75
76 74
77 73
77 72
