1 19
0 20
0 20
0 20
0 20
1 21
1 21
2 22
2 22
3 23
4 23
5 24
6 24
6 24
7 24
8 24
9 24
10 24
10 24
11 24
12 24
13 23
14 23
15 23
16 23
16 23
17 23
18 22
19 22
20 21
21 21
22 20
23 20
23 20
24 20
25 19
26 19
27 18
28 18
29 18
30 17
31 17
31 17
32 16
33 16
34 15
35 14
36 13
37 13
38 12
38 12
39 11
40 10
41 10
42 9
43 8
43 8
44 7
45 7
46 6
47 6
48 5
48 5
49 4
49 3
50 2
50 2
51 1
52 1
52 1
52 0
52 0
52 1
52 1
52 2
52 2
52 3
51 4
51 5
51 5
50 6
50 7
49 8
49 9
49 9
48 10
48 11
47 12
47 13
46 14
46 14
46 15
45 16
45 17
44 18
44 19
44 19
44 20
43 21
43 22
43 23
42 24
42 25
42 25
42 26
42 27
42 28
41 29
41 30
41 31
41 32
41 33
41 33
41 34
41 35
41 36
41 37
40 38
40 39
40 40
40 41
40 42
40 42
40 43
40 44
40 45
40 46
39 47
39 48
39 49
39 50
39 51
39 52
39 52
39 53
39 54
39 55
39 56
38 57
38 58
38 59
38 60
38 61
38 61
38 62
37 63
37 64
37 65
37 66
36 67
36 68
36 69
36 69
36 70
35 71
35 72
35 73
35 74
34 75
34 76
34 76
34 77
33 78
33 79
32 80
32 81
32 81
31 82
31 83
30 84
30 85
30 85
29 86
28 87
28 87
28 88
28 88
28 88
28 87
28 87
28 86
29 85
29 84
29 84
30 83
30 82
31 81
31 80
31 80
31 79
32 78
32 77
33 76
33 75
33 75
34 74
34 73
35 72
35 71
35 71
36 70
36 69
37 68
37 67
37 67
38 66
38 65
39 64
39 64
40 63
40 62
41 61
41 60
41 60
42 59
43 59
43 59
44 60
44 60
45 61
46 61
46 61
46 62
47 63
47 64
47 64
48 65
48 66
49 67
49 67
49 68
50 69
50 70
50 70
51 71
51 72
51 72
52 71
52 71
53 70
54 70
54 70
55 69
55 68
56 67
56 67
57 66
57 65
58 64
58 64
58 63
58 62
58 61
58 60
58 59
58 59
58 58
59 57
59 56
59 56
59 55
58 54
58 53
58 52
58 52
58 51
58 51
57 51
57 51
56 52
55 53
55 53
55 54
54 55
54 56
54 57
54 57
54 58
53 59
53 60
52 61
52 62
52 62
52 63
51 64
51 65
51 66
51 66
51 67
50 68
50 69
50 69
50 69
51 69
51 69
52 68
52 67
52 67
53 66
54 65
54 65
55 64
55 63
56 62
56 62
57 61
57 60
58 59
58 59
59 58
59 57
60 56
60 56
60 55
61 54
61 53
61 53
62 52
63 51
63 51
64 50
64 50
65 50
66 50
66 50
67 51
67 51
68 52
68 53
68 53
68 54
68 55
68 56
68 56
68 57
68 58
68 58
68 59
68 60
68 60
68 60
69 61
69 61
69 60
69 60
70 59
71 59
71 59
72 58
73 58
73 58
74 57
75 57
75 57
76 56
77 55
77 55
78 54
78 54
79 53
79 52
79 52
80 51
80 51
80 50
80 50
79 49
79 49
78 48
78 48
78 47
78 47
77 47
77 47
77 46
77 46
76 46
76 46
76 45
76 45
76 45
76 45
76 45
75 45
75 45
74 46
74 46
73 46
73 46
72 47
72 47
71 48
71 49
71 49
70 50
70 51
70 51
70 52
70 53
70 54
70 54
69 55
69 56
69 56
69 57
69 58
69 59
69 59
69 60
69 61
69 62
69 62
69 63
69 64
69 64
69 65
69 66
69 66
70 67
70 67
71 67
72 67
72 67
73 67
74 66
75 66
75 66
76 65
77 65
78 64
78 64
79 63
80 62
81 61
81 61
82 60
83 59
83 59
84 58
85 57
85 57
86 56
87 55
87 55
88 54
88 53
88 53
88 52
89 51
89 50
89 50
89 49
89 48
89 48
90 47
90 47
90 46
90 45
90 45
90 44
90 44
90 43
90 42
90 42
90 41
90 41
90 40
90 40
90 39
90 39
90 39
89 38
89 38
89 38
89 38
90 39
90 39
90 40
90 41
90 41
90 42
90 43
90 44
90 44
90 45
90 46
90 47
90 47
90 48
91 49
91 50
91 51
91 51
91 52
91 52
92 53
92 53
93 52
93 52
94 51
95 50
95 50
96 49
96 48
96 48
97 47
97 46
98 45
98 45
98 44
99 43
99 42
99 41
99 41
99 40
100 39
100 38
100 38
100 37
100 36
100 35
100 35
99 34
99 34
99 33
99 32
99 32
98 33
98 33
98 34
98 34
98 35
98 36
98 36
98 37
98 38
98 39
98 40
98 40
98 41
98 42
98 43
98 44
98 44
98 45
98 46
99 47
99 48
99 49
99 49
99 50
99 51
99 52
99 53
99 54
99 54
99 55
99 56
99 57
99 58
99 59
99 60
99 61
99 61
99 62
99 63
99 64
99 65
99 66
99 67
99 68
99 69
99 69
99 70
99 71
98 72
98 73
98 74
98 75
98 75
98 76
98 77
98 78
97 79
97 80
97 81
97 82
97 82
97 83
96 84
96 85
96 86
96 87
95 88
95 89
95 89
95 90
95 91
94 92
94 93
94 94
94 94
93 95
92 96
92 97
91 98
91 98
90 99
89 100
89 100
88 100
87 100
87 100
86 99
85 99
85 99
84 98
83 98
82 97
82 97
81 96
81 95
80 94
80 93
80 93
80 92
79 91
79 90
79 89
79 89
79 88
79 87
79 86
79 85
79 84
79 84
80 83
80 82
81 81
81 80
81 80
82 79
83 78
83 77
84 76
