0 13
0 12
0 11
0 10
0 9
0 8
0 7
0 7
0 6
0 5
0 5
0 4
0 3
0 2
0 2
0 1
0 1
0 0
0 0
0 0
0 1
0 1
0 2
0 3
0 4
0 4
0 5
0 6
0 7
0 8
0 9
0 10
0 10
0 11
0 12
0 13
0 14
0 15
0 16
0 17
0 18
0 19
0 19
0 20
0 21
0 22
0 23
0 24
0 25
0 26
0 27
0 28
0 29
0 29
0 30
0 31
0 32
0 33
0 34
0 35
0 36
0 37
0 38
0 39
0 40
0 41
0 41
0 42
0 43
0 44
0 45
0 46
0 47
0 48
0 49
0 50
0 51
0 52
0 53
0 54
0 55
0 55
0 56
0 57
0 58
0 59
1 60
1 61
1 62
1 63
1 64
1 65
1 65
1 66
1 67
1 68
1 69
1 70
1 71
1 72
1 73
1 73
1 74
1 75
1 76
2 77
2 78
2 79
2 80
2 80
2 81
2 82
3 83
3 84
3 85
3 85
3 86
4 87
4 88
5 89
5 90
5 90
5 91
6 92
6 93
6 94
6 94
7 95
7 96
8 97
8 97
9 98
10 99
10 99
11 100
12 100
12 100
13 100
14 100
14 100
15 99
16 99
16 99
17 98
17 97
18 96
18 96
19 95
19 94
20 93
20 92
21 91
21 91
21 90
22 89
22 88
22 87
23 86
23 85
23 85
23 84
24 83
24 82
25 81
25 80
26 79
26 78
26 78
26 77
27 76
27 75
27 74
27 73
28 72
28 71
28 71
28 70
28 69
29 68
29 67
29 66
29 65
30 64
30 63
30 62
30 62
30 61
31 60
31 59
31 58
32 57
32 56
32 55
33 54
33 53
33 53
33 52
33 51
34 50
34 49
34 48
34 47
34 46
34 45
35 44
35 43
35 42
35 42
35 41
35 40
36 39
36 38
36 37
36 36
37 35
37 34
37 33
37 33
37 32
37 31
38 30
38 29
38 28
38 27
39 26
39 25
39 24
39 24
39 23
39 22
39 21
40 20
40 19
40 18
40 17
40 17
40 16
40 15
41 14
41 13
41 12
41 12
41 11
42 10
42 9
42 8
42 8
42 7
43 6
43 5
43 4
43 4
43 3
43 2
43 2
43 1
43 1
43 2
43 2
43 3
43 4
43 5
43 6
43 6
43 7
43 8
42 9
42 10
42 11
42 12
42 12
42 13
42 14
42 15
42 16
42 17
42 18
42 19
42 20
42 21
42 21
42 22
42 23
42 24
42 25
42 26
42 27
42 28
42 29
42 30
42 31
42 31
42 32
42 33
42 34
42 35
42 36
42 37
42 38
42 39
42 40
42 41
42 42
42 43
42 43
42 44
42 45
42 46
42 47
42 48
42 49
42 50
42 51
42 52
42 53
42 54
42 55
42 55
42 56
42 57
42 58
42 59
42 60
42 61
42 62
42 63
42 64
42 64
42 65
42 66
42 67
42 68
42 69
42 70
42 71
42 72
42 72
42 73
42 74
42 75
42 76
42 77
42 78
42 79
42 80
42 80
42 81
42 82
43 83
43 84
43 85
43 86
43 86
43 87
43 88
44 89
44 90
44 91
44 91
44 92
45 93
45 94
45 94
45 95
46 96
46 97
46 97
47 98
48 99
48 99
49 100
49 100
50 100
51 100
51 100
52 99
53 99
53 99
54 98
55 97
55 97
56 96
56 95
57 94
57 93
57 93
57 92
58 91
58 90
58 89
59 88
59 87
59 87
59 86
60 85
60 84
61 83
61 82
61 82
61 81
62 80
62 79
62 78
63 77
63 76
63 76
63 75
64 74
64 73
64 72
64 71
65 70
65 69
65 69
65 68
66 67
66 66
66 65
66 64
67 63
67 62
67 62
67 61
68 60
68 59
68 58
68 57
69 56
69 55
69 54
69 54
69 53
69 52
69 51
70 50
70 49
70 48
70 47
70 46
70 46
70 45
70 44
70 43
71 42
71 41
71 40
71 39
71 39
71 38
71 37
72 36
72 35
72 34
72 33
72 33
72 32
73 31
73 30
73 29
73 29
73 28
73 27
73 26
73 26
73 25
73 24
73 24
73 23
73 23
72 23
72 23
71 24
71 24
71 25
70 26
70 27
70 27
70 28
70 29
69 30
69 31
69 32
69 32
69 33
69 34
69 35
69 36
69 37
69 38
69 38
69 39
69 40
69 41
68 42
68 43
68 44
68 45
68 45
68 46
68 47
68 48
67 49
67 50
67 51
67 52
67 53
67 53
67 54
67 55
67 56
67 57
67 58
67 59
67 59
67 60
67 61
67 62
67 63
67 64
67 65
67 65
67 66
67 67
68 68
68 69
68 70
68 70
68 71
68 72
69 73
69 74
69 75
69 75
69 76
70 77
70 78
70 79
70 79
70 80
71 81
71 82
71 82
71 83
72 84
72 85
72 85
73 86
74 87
74 87
75 88
75 88
76 89
77 89
77 89
78 89
78 89
79 89
80 89
80 89
81 88
82 87
82 87
83 86
83 85
84 84
84 84
85 83
85 82
86 81
86 81
86 80
87 79
87 78
87 77
87 77
88 76
88 75
89 74
89 73
89 73
89 72
90 71
90 70
90 69
90 69
90 68
91 67
91 66
91 66
91 65
92 64
92 63
92 62
92 62
92 61
93 60
93 59
93 59
93 58
93 57
93 57
92 56
92 55
92 55
91 55
91 55
90 55
90 55
89 56
88 57
88 57
87 58
87 59
87 59
87 60
87 61
86 62
86 63
86 64
86 64
85 65
85 66
84 67
84 68
84 68
84 69
84 70
84 71
84 72
84 72
84 73
84 74
84 75
84 75
85 76
86 77
86 77
87 78
87 78
88 79
89 79
89 79
90 79
91 80
92 80
92 80
93 80
94 80
94 80
95 80
96 80
96 80
97 79
98 79
98 79
99 78
100 77
100 77
99 76
98 76
97 75
96 74
95 73
94 73
93 72
92 71
91 70
90 70
89 69
88 68
87 68
86 67
85 66
84 65
83 65
82 64
81 63
80 62
79 62
78 61
77 60
76 60
75 59
74 58
73 57
72 57
71 56
70 55
69 54
68 54
67 53
66 52
65 52
64 51
63 50
62 49
61 49
60 48
59 47
58 46
57 46
56 45
56 45
57 44
57 44
56 43
56 43
57 43
57 43
58 43
59 43
59 43
60 43
61 43
61 43
62 43
63 43
63 43
64 43
65 42
66 42
66 42
67 42
68 41
69 41
69 41
70 41
71 41
71 41
72 40
73 40
73 40
74 40
75 40
75 40
76 40
76 40
76 39
76 39
77 39
