5 3
5 3
5 2
4 1
4 0
4 0
4 1
4 1
4 2
4 3
4 4
4 4
4 5
4 6
3 7
3 8
3 9
3 10
3 10
3 11
3 12
3 13
3 14
3 15
3 16
3 17
3 17
3 18
3 19
2 20
2 21
2 22
2 23
2 23
2 24
2 25
2 26
2 27
2 28
1 29
1 30
1 31
1 32
1 33
1 34
1 35
1 35
1 36
1 37
1 38
1 39
1 40
1 41
0 42
0 43
0 44
0 45
0 46
0 47
0 48
0 49
0 49
0 50
0 51
0 52
0 53
0 54
0 55
0 56
0 57
0 58
0 59
0 60
0 61
0 62
0 63
0 64
0 64
0 65
0 66
0 67
0 68
0 69
0 70
0 71
0 72
0 73
0 74
0 75
0 76
0 76
0 77
0 78
0 79
0 80
1 81
1 82
1 83
1 84
1 85
1 85
1 86
1 87
2 88
2 89
2 90
2 90
3 91
3 92
4 93
4 94
4 94
4 95
5 96
5 97
5 97
6 98
6 99
6 99
7 100
8 100
8 100
9 100
10 100
10 100
11 99
11 98
12 97
12 97
13 96
13 95
14 94
14 93
15 92
15 92
15 91
16 90
16 89
16 88
17 87
17 86
17 85
18 84
18 83
18 83
18 82
19 81
19 80
19 79
20 78
20 77
20 76
20 75
21 74
21 73
21 73
21 72
21 71
22 70
22 69
22 68
22 67
22 66
22 65
23 64
23 63
23 62
23 61
23 61
23 60
24 59
24 58
24 57
24 56
25 55
25 54
25 53
25 52
26 51
26 50
26 49
26 49
26 48
26 47
26 46
27 45
27 44
27 43
27 42
27 41
27 40
28 39
28 38
28 37
28 36
28 36
28 35
28 34
29 33
29 32
29 31
29 30
29 29
30 28
30 27
30 26
30 26
30 25
30 24
31 23
31 22
31 21
31 20
31 20
31 19
31 18
31 17
31 16
31 15
31 15
31 14
31 13
31 13
31 12
31 11
31 11
30 10
30 10
30 10
30 10
30 10
30 11
30 11
30 12
30 13
30 13
30 14
30 15
30 16
30 17
30 17
30 18
30 19
30 20
30 21
30 22
30 22
30 23
30 24
29 25
29 26
29 27
29 28
29 28
29 29
29 30
29 31
29 32
29 33
29 34
29 34
29 35
29 36
29 37
29 38
29 39
29 40
29 40
29 41
29 42
28 43
28 44
28 45
28 46
28 46
28 47
28 48
29 49
29 50
29 51
29 52
29 52
29 53
29 54
29 55
29 56
29 57
29 58
29 59
29 60
29 60
29 61
29 62
29 63
30 64
30 65
30 66
30 67
30 67
30 68
30 69
30 70
30 71
30 72
30 73
30 74
30 75
30 75
30 76
30 77
30 78
31 79
31 80
31 81
31 82
31 82
31 83
31 84
32 85
32 86
32 87
32 88
32 88
32 89
33 90
33 91
33 92
33 92
34 93
34 94
35 95
35 95
35 96
36 97
36 98
36 98
37 99
38 99
38 99
39 100
40 100
40 100
41 100
42 100
42 100
43 99
43 98
44 97
44 97
45 96
45 95
46 94
46 93
46 93
46 92
47 91
47 90
48 89
48 88
48 88
48 87
49 86
49 85
50 84
50 83
51 82
51 81
51 81
51 80
52 79
52 78
52 77
52 76
53 75
53 74
53 73
53 73
53 72
53 71
53 70
53 69
54 68
54 67
54 66
54 65
54 64
54 64
54 63
55 62
55 61
55 60
55 59
56 58
56 57
56 56
56 56
56 55
56 54
56 53
56 52
56 51
56 50
56 50
56 49
57 48
57 47
57 47
57 46
57 45
57 45
57 44
57 43
57 43
57 42
57 42
57 41
57 41
57 40
57 40
57 40
57 39
57 39
57 39
57 39
57 39
57 39
57 38
57 38
57 37
57 37
57 36
57 36
57 35
57 34
57 34
57 33
58 32
58 31
58 31
58 30
58 29
58 29
58 28
58 28
58 27
58 26
58 25
58 25
58 24
58 24
58 24
58 23
58 23
58 23
58 23
58 23
58 24
58 24
58 24
58 25
58 25
58 26
58 27
58 27
58 28
58 29
58 29
58 30
58 31
58 31
58 32
58 33
58 34
58 34
58 35
57 36
57 37
57 38
57 38
57 39
57 40
57 41
57 42
57 42
57 43
57 44
57 45
57 46
57 46
57 47
57 48
57 49
57 50
57 51
57 51
57 52
57 53
58 54
58 55
58 56
58 56
58 57
58 58
58 59
58 60
58 61
58 62
58 62
58 63
58 64
59 65
59 66
59 67
59 67
59 68
60 69
60 70
60 71
60 71
60 72
61 73
61 74
61 75
61 75
61 76
62 77
62 78
62 79
62 79
63 80
63 81
64 82
64 82
64 83
65 84
65 85
65 85
66 86
67 86
67 86
68 87
68 87
69 87
69 87
70 87
71 87
71 87
72 86
72 85
72 85
73 84
73 83
74 82
74 81
74 81
74 80
75 79
75 78
76 77
76 76
76 76
76 75
77 74
77 73
77 72
78 71
78 70
78 70
78 69
79 68
79 67
79 66
79 65
80 64
80 63
80 63
80 62
80 61
80 60
81 59
81 58
81 57
81 56
81 56
81 55
81 54
81 53
81 53
81 52
81 51
81 51
81 50
81 49
81 49
81 48
81 48
80 47
80 47
79 47
79 47
78 47
78 47
77 48
77 48
76 49
76 49
76 50
75 51
75 52
75 52
75 53
74 54
74 55
74 56
74 56
74 57
73 58
73 59
73 60
73 60
73 61
73 62
73 63
73 64
73 65
73 65
73 66
73 67
73 68
73 69
73 69
74 70
74 71
74 71
75 72
75 73
75 73
76 74
77 75
77 75
78 76
79 77
79 77
80 78
81 79
81 79
82 80
83 80
83 80
84 81
85 82
85 82
86 83
87 83
87 83
88 84
89 84
89 84
90 85
91 85
91 85
92 86
93 86
93 86
94 86
94 86
95 86
96 86
96 86
97 86
97 86
98 86
98 86
99 86
99 86
100 86
100 86
100 86
100 86
100 86
99 86
99 86
98 85
97 84
96 84
95 83
94 82
93 81
92 81
91 80
90 79
89 78
88 78
87 77
86 76
85 75
84 75
83 74
82 73
81 72
80 72
79 71
78 70
77 69
76 68
75 68
74 67
73 66
72 65
71 65
70 64
69 63
68 62
67 62
66 61
65 60
64 59
63 59
62 58
61 57
60 56
59 56
58 55
57 54
56 53
55 53
54 52
53 51
53 51
52 52
52 53
52 53
52 52
52 51
52 51
51 51
51 51
51 51
52 51
52 51
53 51
53 51
54 51
55 51
55 51
56 51
57 51
57 51
58 51
59 50
60 50
60 50
61 50
62 50
63 50
63 50
64 50
65 49
66 49
66 49
67 49
68 49
69 49
69 49
70 49
