1 18
1 17
2 16
2 15
2 15
2 14
1 13
1 12
1 12
1 11
0 10
0 9
0 8
0 8
0 8
0 9
0 10
0 11
0 11
0 12
0 13
0 14
0 14
0 15
0 16
0 17
0 18
0 19
0 20
0 20
0 21
0 22
0 23
0 24
0 25
0 26
0 27
0 28
0 28
0 29
0 30
0 31
0 32
0 33
0 34
0 35
0 36
0 37
0 37
0 38
0 39
0 40
0 41
0 42
0 43
0 44
0 45
0 46
0 46
0 47
0 48
0 49
1 50
1 51
1 52
1 53
1 53
1 54
2 55
2 56
2 57
2 58
3 59
3 60
3 60
3 61
4 62
4 63
4 64
5 65
5 66
5 66
6 67
6 68
7 69
7 70
7 70
8 71
9 71
10 72
10 72
11 72
12 71
13 71
13 71
14 70
15 69
15 68
16 67
16 67
17 66
17 65
18 64
19 63
20 62
20 61
21 60
21 60
22 59
22 58
23 57
24 56
24 55
25 54
25 53
26 52
26 52
26 51
27 50
27 49
28 48
28 47
28 46
29 45
29 44
30 43
30 42
30 42
30 41
31 40
31 39
31 38
32 37
32 36
32 35
32 34
33 33
33 32
33 32
33 31
34 30
34 29
34 28
35 27
35 26
35 25
36 24
36 23
36 23
36 22
37 21
37 20
38 19
38 18
38 17
39 16
39 15
39 15
39 14
39 13
39 12
40 11
40 10
40 9
40 8
40 8
40 7
40 6
40 5
40 4
40 3
40 3
40 2
40 1
40 1
40 0
40 0
39 1
39 1
39 2
38 3
38 4
38 4
38 5
37 6
37 7
37 8
37 8
37 9
37 10
37 11
36 12
36 13
36 14
36 15
36 15
36 16
35 17
35 18
35 19
35 20
34 21
34 22
34 22
34 23
34 24
33 25
33 26
33 27
33 28
33 28
33 29
33 30
33 31
32 32
32 33
32 34
32 35
32 36
32 36
32 37
32 38
32 39
32 40
32 41
32 42
32 43
32 43
32 44
32 45
32 46
31 47
31 48
31 49
31 50
31 50
31 51
31 52
31 53
31 54
31 55
31 56
31 56
31 57
31 58
31 59
31 60
31 61
31 62
31 62
31 63
31 64
31 65
31 66
31 67
31 67
31 68
31 69
31 70
31 71
31 72
31 72
31 73
32 74
32 75
32 75
32 76
33 77
33 78
33 78
34 79
34 80
34 80
35 81
35 81
36 82
37 83
37 83
38 84
38 84
39 85
40 85
40 85
41 85
42 85
42 85
43 85
44 85
44 85
45 84
46 84
47 83
47 83
48 82
48 81
49 80
49 80
50 79
51 78
52 77
52 77
53 76
53 75
54 74
54 73
55 72
55 72
55 71
56 70
56 69
57 68
57 67
58 66
58 65
58 65
58 64
59 63
59 62
60 61
60 60
61 59
61 58
61 58
61 57
62 56
62 55
63 54
63 53
63 52
64 51
64 50
64 50
64 49
65 48
65 47
65 46
65 45
66 44
66 43
66 42
66 42
66 41
67 40
67 39
68 38
68 37
68 36
69 35
69 34
69 34
69 33
69 32
69 31
70 30
70 29
70 28
70 27
70 26
70 26
70 25
70 24
71 23
71 22
71 21
71 21
71 20
72 19
72 18
72 18
73 17
73 16
73 16
74 15
74 15
74 14
74 14
74 14
74 14
74 14
73 15
73 15
72 16
72 17
72 17
72 18
71 19
71 20
71 21
71 21
71 22
70 23
70 24
70 25
69 26
69 27
69 27
69 28
68 29
68 30
68 31
68 32
67 33
67 34
67 34
67 35
67 36
67 37
66 38
66 39
66 40
66 41
66 41
66 42
66 43
66 44
65 45
65 46
65 47
65 48
65 48
65 49
65 50
65 51
64 52
64 53
64 54
64 55
64 55
64 56
64 57
64 58
64 59
64 60
64 61
64 62
64 62
64 63
64 64
63 65
63 66
63 67
63 68
63 68
63 69
63 70
64 71
64 72
64 73
64 74
64 74
64 75
64 76
64 77
64 78
64 78
64 79
64 80
65 81
65 82
65 83
65 83
65 84
66 85
66 86
66 86
67 87
68 88
68 88
69 89
70 89
70 89
71 88
72 88
72 88
73 87
74 87
74 87
75 86
76 86
77 85
77 85
78 84
79 83
79 83
80 82
80 81
81 80
81 80
81 79
82 78
82 77
82 76
82 76
83 75
83 74
84 73
84 73
84 72
84 71
84 70
84 69
84 69
84 68
84 67
84 67
84 66
84 65
84 65
83 64
83 63
83 63
82 62
82 62
81 62
81 62
80 62
79 62
78 62
78 62
77 62
76 62
76 62
75 63
74 63
74 63
74 64
73 65
73 66
73 66
73 67
72 68
72 69
72 69
72 70
72 71
72 72
72 73
72 74
72 74
72 75
72 76
72 77
72 78
72 79
72 79
72 80
72 81
72 82
72 83
72 84
72 85
72 85
72 86
72 87
73 88
73 89
73 90
73 90
73 91
74 92
74 93
75 94
75 95
75 95
76 96
76 97
77 98
77 98
78 99
79 99
80 100
80 100
81 100
82 100
83 100
83 100
84 100
85 100
86 100
87 100
88 100
88 100
89 99
90 99
91 98
92 98
92 98
93 97
94 97
95 96
95 96
96 95
97 94
97 94
97 93
98 92
98 91
98 91
98 90
99 89
99 88
99 87
99 87
99 86
100 85
100 84
100 83
100 83
99 82
98 81
97 80
96 79
96 78
95 77
94 76
93 75
92 74
91 73
90 72
89 71
88 70
88 69
87 68
86 67
85 66
84 65
83 64
82 63
81 62
81 61
80 60
79 59
78 58
77 57
76 56
75 55
74 54
73 53
73 52
72 51
71 50
70 49
69 48
68 47
67 46
66 45
65 44
65 43
64 42
63 41
62 40
61 39
60 38
59 37
58 36
58 35
57 34
56 33
55 32
54 31
54 31
54 32
54 33
54 34
54 34
55 34
55 34
55 34
56 34
57 33
58 33
58 33
59 32
60 32
60 32
61 32
62 31
63 31
63 31
64 30
65 30
65 30
66 30
67 30
68 30
68 30
69 29
70 29
70 29
71 29
72 29
72 29
73 30
