0 3
0 3
0 2
0 1
0 0
0 0
0 1
0 1
0 2
0 3
0 3
0 4
0 5
0 5
0 6
0 7
0 8
0 9
0 9
0 10
0 11
0 12
0 13
0 13
0 14
0 15
1 16
1 17
1 18
1 19
1 19
1 20
1 21
1 22
1 23
1 24
1 25
1 26
1 27
1 27
1 28
1 29
1 30
2 31
2 32
2 33
2 34
2 35
2 35
2 36
2 37
2 38
3 39
3 40
3 41
3 42
3 42
3 43
3 44
3 45
3 46
4 47
4 48
4 49
4 50
4 51
4 51
4 52
4 53
4 54
4 55
5 56
5 57
5 58
5 59
5 60
5 60
5 61
5 62
5 63
6 64
6 65
6 66
6 67
6 68
6 68
6 69
7 70
7 71
7 72
7 73
8 74
8 75
8 76
8 76
8 77
8 78
9 79
9 80
9 81
9 82
9 82
9 83
10 84
10 85
10 86
11 87
11 88
11 88
12 89
12 90
13 91
13 92
13 92
14 93
14 94
15 95
15 96
15 96
16 97
17 97
18 98
18 98
19 99
20 99
21 100
21 100
22 100
23 100
24 100
24 100
25 99
26 99
26 99
27 98
27 97
28 96
28 96
29 95
29 94
30 93
30 92
30 92
30 91
30 90
31 89
31 88
31 87
31 87
31 86
32 85
32 84
32 83
32 82
33 81
33 80
33 80
33 79
33 78
33 77
34 76
34 75
34 74
34 73
34 72
34 72
34 71
34 70
34 69
34 68
34 67
34 66
34 65
34 64
34 63
34 62
34 62
34 61
34 60
34 59
34 58
34 57
35 56
35 55
35 54
35 53
35 52
35 51
35 51
35 50
35 49
35 48
35 47
35 46
35 45
35 44
35 43
35 42
35 41
35 40
35 40
35 39
35 38
35 37
36 36
36 35
36 34
36 33
36 32
36 32
36 31
36 30
36 29
36 28
36 27
36 26
36 26
36 25
36 24
36 23
36 22
36 22
35 21
35 20
35 20
35 19
35 18
35 18
35 18
35 18
35 18
35 19
35 20
35 21
35 22
35 22
35 23
35 24
35 25
35 26
35 27
35 28
35 28
35 29
35 30
35 31
36 32
36 33
36 34
36 35
36 36
36 36
36 37
36 38
36 39
37 40
37 41
37 42
37 43
37 43
37 44
37 45
37 46
37 47
37 48
37 49
37 50
37 51
37 51
37 52
37 53
37 54
37 55
38 56
38 57
38 58
38 59
38 60
38 60
38 61
38 62
38 63
38 64
38 65
38 66
38 67
38 67
38 68
38 69
39 70
39 71
39 72
39 73
39 73
39 74
39 75
39 76
39 77
39 78
39 79
39 79
39 80
40 81
40 82
40 83
40 83
40 84
40 85
40 86
40 87
40 87
40 88
41 89
41 90
41 90
42 91
42 92
42 92
43 93
44 93
44 93
45 94
45 94
46 93
47 93
47 93
48 92
49 92
49 92
50 91
50 90
51 89
51 89
52 88
52 87
53 86
53 85
53 85
53 84
54 83
54 82
55 81
55 80
55 80
55 79
56 78
56 77
56 76
57 75
57 74
57 74
57 73
57 72
57 71
58 70
58 69
58 68
58 67
58 67
58 66
58 65
58 64
59 63
59 62
59 61
59 60
59 59
59 59
59 58
59 57
59 56
60 55
60 54
60 53
60 52
60 51
60 51
60 50
60 49
60 48
60 47
61 46
61 45
61 44
61 43
61 42
61 42
61 41
61 40
62 39
62 38
62 37
62 36
62 36
62 35
62 34
62 33
62 32
62 32
62 31
62 30
62 30
62 29
62 28
62 28
62 27
62 27
62 27
62 27
62 27
62 28
62 29
62 29
62 30
63 31
63 32
63 32
63 33
63 34
63 35
63 36
63 36
63 37
63 38
63 39
63 40
63 41
63 42
63 42
63 43
63 44
63 45
63 46
63 47
63 48
63 49
63 49
63 50
63 51
63 52
62 53
62 54
62 55
62 56
62 56
62 57
62 58
62 59
62 60
62 61
62 62
62 62
62 63
62 64
62 65
62 66
62 67
62 68
62 68
62 69
62 70
63 71
63 72
63 73
63 73
63 74
63 75
64 76
64 77
64 78
64 78
64 79
64 80
65 81
65 82
65 83
65 83
66 84
67 85
67 85
68 86
68 87
68 87
69 88
70 89
70 89
71 89
72 90
73 90
73 90
74 89
75 89
75 89
76 89
77 88
78 88
78 88
79 87
80 86
80 86
81 85
82 84
83 83
83 83
84 82
84 81
85 80
85 79
85 79
85 78
86 77
86 76
86 75
86 75
86 74
86 73
86 72
86 72
86 71
86 70
86 69
86 68
86 68
86 67
86 66
86 65
86 64
86 64
85 63
85 62
85 62
84 61
84 60
84 60
83 60
83 60
82 61
82 62
82 62
82 63
81 64
81 65
81 65
81 66
80 67
80 68
80 69
80 69
80 70
80 71
80 72
80 73
80 73
80 74
80 75
80 76
80 77
80 77
80 78
81 79
81 80
81 81
82 82
82 83
82 83
83 84
83 85
84 86
84 86
85 87
86 87
87 88
87 88
88 88
89 89
90 89
90 89
91 89
92 89
93 90
94 90
95 90
95 90
96 90
97 90
98 90
99 90
100 90
100 90
99 89
98 88
97 87
96 87
95 86
94 85
93 84
92 83
91 82
90 81
89 81
88 80
87 79
86 78
85 77
84 76
83 76
82 75
81 74
80 73
79 72
78 71
77 70
76 70
75 69
74 68
73 67
72 66
71 65
70 64
69 64
68 63
67 62
66 61
65 60
64 59
63 59
62 58
61 57
60 56
59 55
58 54
57 53
56 53
55 52
54 51
53 50
53 50
53 51
53 52
53 53
53 54
53 54
53 53
52 52
52 51
52 50
52 50
52 49
52 49
52 50
52 50
52 50
52 50
52 50
53 51
53 51
54 52
54 52
55 52
56 52
56 52
57 52
58 53
59 53
59 53
60 53
61 53
62 53
63 53
63 53
64 53
65 52
66 52
67 52
