0 1
0 1
0 1
0 1
0 1
0 0
0 0
0 1
0 2
0 2
0 3
0 4
0 5
0 5
0 6
0 7
0 8
0 9
0 9
0 10
0 11
0 12
0 13
0 14
0 15
0 15
0 16
0 17
0 18
0 19
0 20
0 21
0 22
0 22
0 23
0 24
0 25
0 26
0 27
0 28
0 29
0 30
0 31
0 31
0 32
0 33
0 34
0 35
1 36
1 37
1 38
1 39
1 40
1 41
1 41
1 42
1 43
1 44
1 45
1 46
1 47
1 48
1 49
1 50
1 51
1 51
1 52
1 53
1 54
1 55
1 56
2 57
2 58
2 59
2 60
2 61
2 62
2 62
2 63
2 64
2 65
2 66
3 67
3 68
3 69
3 70
3 71
3 71
3 72
3 73
3 74
4 75
4 76
4 77
4 78
4 79
4 79
4 80
4 81
4 82
5 83
5 84
5 85
5 86
5 86
5 87
6 88
6 89
6 90
7 91
7 92
7 92
7 93
7 94
8 95
8 96
8 97
8 97
9 98
10 99
10 99
11 100
12 100
12 100
13 100
14 100
15 100
15 100
16 99
17 99
17 99
18 98
19 97
19 97
20 96
21 95
21 94
22 93
22 93
22 92
23 91
23 90
23 89
23 88
24 87
24 86
24 86
24 85
25 84
25 83
25 82
25 81
26 80
26 79
26 78
26 78
26 77
27 76
27 75
27 74
27 73
28 72
28 71
28 70
28 70
28 69
28 68
28 67
28 66
29 65
29 64
29 63
29 62
29 61
29 61
29 60
29 59
29 58
29 57
30 56
30 55
30 54
30 53
30 52
30 52
30 51
30 50
30 49
30 48
31 47
31 46
31 45
31 44
31 43
31 43
31 42
31 41
31 40
31 39
31 38
31 37
31 36
31 35
31 34
31 34
31 33
31 32
31 31
31 30
31 29
31 28
31 27
31 27
31 26
31 25
31 24
31 23
31 22
31 21
31 21
31 20
30 19
30 18
30 17
30 17
30 16
30 15
30 14
30 14
30 13
30 13
29 12
29 12
29 12
29 12
29 12
29 13
30 14
30 15
30 16
30 16
30 17
30 18
30 19
30 20
30 21
30 21
30 22
30 23
30 24
30 25
30 26
30 27
30 28
30 29
30 29
30 30
30 31
30 32
31 33
31 34
31 35
31 36
31 37
31 37
31 38
31 39
31 40
31 41
31 42
31 43
31 44
31 44
31 45
31 46
31 47
31 48
31 49
31 50
31 51
31 52
31 53
31 53
31 54
31 55
31 56
32 57
32 58
32 59
32 60
32 61
32 61
32 62
32 63
32 64
32 65
32 66
32 67
32 68
32 68
32 69
32 70
33 71
33 72
33 73
33 74
33 74
33 75
33 76
34 77
34 78
34 79
34 80
34 80
34 81
34 82
35 83
35 84
35 85
35 86
35 86
35 87
36 88
36 89
36 90
36 90
37 91
37 92
38 93
38 94
38 94
38 95
39 96
39 97
39 97
40 98
41 98
41 98
42 98
43 98
43 98
44 97
45 97
45 97
46 96
47 95
48 94
48 94
49 93
49 92
50 91
50 90
50 90
50 89
51 88
51 87
51 86
51 85
52 84
52 83
52 83
52 82
53 81
53 80
53 79
53 78
54 77
54 76
54 75
54 75
54 74
54 73
54 72
55 71
55 70
55 69
55 68
55 67
55 67
55 66
55 65
56 64
56 63
56 62
56 61
57 60
57 59
57 58
57 58
57 57
57 56
57 55
57 54
58 53
58 52
58 51
58 50
58 49
58 49
58 48
58 47
58 46
58 45
58 44
58 43
58 42
58 42
58 41
58 40
59 39
59 38
59 37
59 36
59 36
59 35
59 34
59 33
59 32
59 31
59 30
59 30
59 29
59 28
59 27
59 26
59 26
59 25
59 24
59 23
59 23
59 22
59 22
59 22
59 22
59 23
59 24
59 25
59 25
59 26
59 27
59 28
59 29
59 29
59 30
59 31
59 32
59 33
59 34
59 35
59 35
59 36
59 37
59 38
59 39
59 40
59 41
59 41
59 42
59 43
59 44
59 45
59 46
59 47
59 47
59 48
59 49
59 50
60 51
60 52
60 53
60 54
60 54
60 55
60 56
60 57
60 58
60 59
60 60
60 61
60 61
60 62
60 63
60 64
60 65
60 66
60 66
60 67
60 68
61 69
61 70
61 71
61 71
61 72
61 73
62 74
62 75
62 76
62 76
62 77
63 78
63 79
63 80
63 80
64 81
64 82
65 83
65 84
65 84
66 85
67 86
67 87
68 88
68 88
69 89
70 90
71 91
71 91
72 91
73 92
74 92
74 92
75 92
76 93
77 93
77 93
78 93
79 92
80 92
80 92
81 91
82 91
83 90
83 90
84 89
84 88
85 87
85 87
86 86
86 85
87 84
87 83
87 83
88 82
88 81
89 80
89 79
89 79
89 78
89 77
89 76
89 75
89 75
89 74
90 73
90 72
90 71
90 71
90 70
89 69
89 68
89 67
89 67
89 66
88 65
88 64
88 64
87 63
87 63
86 63
85 63
85 63
84 64
83 64
83 64
83 65
82 66
82 67
82 67
82 68
81 69
81 70
81 70
81 71
80 72
80 73
80 73
80 74
80 75
80 76
80 76
80 77
80 78
81 79
81 80
81 81
81 81
81 82
81 83
82 84
82 85
82 86
82 86
82 87
83 88
83 89
83 90
83 90
84 91
84 92
85 93
85 94
85 94
86 95
86 96
87 97
87 97
88 98
89 99
89 99
90 99
91 100
92 100
92 100
93 100
94 100
95 100
96 100
96 100
97 100
98 99
99 99
100 99
100 99
99 98
98 97
97 96
97 95
96 94
95 93
94 92
93 91
92 90
91 89
91 88
90 87
89 86
88 85
87 84
86 83
85 82
85 81
84 80
83 79
82 78
81 77
80 76
79 75
79 74
78 73
77 72
76 71
75 70
74 69
73 68
72 67
72 66
71 65
70 64
69 63
68 62
67 61
66 60
66 59
65 58
64 57
63 56
62 55
61 54
60 53
60 52
59 51
58 50
57 49
56 48
55 47
54 46
54 45
53 44
52 43
51 42
51 42
51 42
50 41
50 40
50 40
50 40
50 41
50 41
51 42
51 42
51 43
52 44
52 45
52 45
53 46
54 46
54 46
55 47
56 47
56 47
57 47
58 47
59 47
59 47
60 46
61 46
62 45
63 45
63 45
64 45
65 44
66 44
66 44
67 43
68 43
69 42
70 42
