0 8
0 7
0 6
0 5
0 4
0 4
0 3
0 3
0 2
0 2
0 1
0 1
0 1
0 0
0 0
0 0
0 0
0 0
0 1
0 2
0 2
0 3
0 4
0 4
0 5
0 6
0 7
0 8
0 9
0 10
0 10
0 11
0 12
0 13
0 14
0 15
0 16
0 16
0 17
0 18
0 19
0 20
0 21
0 22
0 22
0 23
0 24
0 25
0 26
0 27
0 28
0 29
0 30
0 31
0 31
0 32
0 33
0 34
0 35
0 36
0 37
0 38
0 39
0 40
0 41
0 41
0 42
0 43
0 44
0 45
0 46
0 47
0 48
0 49
0 50
0 50
0 51
0 52
0 53
0 54
1 55
1 56
1 57
1 58
1 59
1 59
1 60
1 61
1 62
1 63
1 64
1 65
1 66
1 67
1 68
1 68
1 69
1 70
1 71
2 72
2 73
2 74
2 75
2 76
2 76
2 77
3 78
3 79
3 80
4 81
4 82
4 82
4 83
4 84
5 85
5 86
5 87
5 87
6 88
6 89
7 90
7 91
7 91
8 92
8 93
9 94
9 94
10 95
11 95
12 96
12 96
13 96
14 96
14 96
15 95
16 95
17 94
17 94
18 93
18 92
19 91
19 91
20 90
20 89
21 88
21 87
22 86
22 86
22 85
23 84
23 83
23 82
24 81
24 80
24 80
24 79
25 78
25 77
25 76
25 75
26 74
26 73
26 73
26 72
26 71
26 70
26 69
27 68
27 67
27 66
27 65
27 64
27 64
27 63
27 62
27 61
27 60
28 59
28 58
28 57
28 56
28 55
28 55
28 54
28 53
28 52
29 51
29 50
29 49
29 48
29 47
29 47
29 46
29 45
29 44
29 43
29 42
29 41
29 40
29 39
29 39
29 38
29 37
29 36
29 35
29 34
29 33
29 32
29 32
29 31
29 30
28 29
28 28
28 27
28 26
28 26
28 25
28 24
28 23
28 22
28 21
28 21
28 20
27 19
27 18
27 18
27 17
27 16
27 16
27 15
27 15
27 15
28 15
28 15
28 15
28 16
28 17
28 18
28 18
28 19
28 20
28 21
28 22
28 22
28 23
28 24
28 25
28 26
28 27
28 28
28 28
28 29
28 30
28 31
28 32
28 33
28 34
28 35
28 36
28 36
28 37
28 38
28 39
28 40
28 41
28 42
28 43
28 44
28 45
28 46
28 46
28 47
28 48
28 49
28 50
28 51
28 52
28 53
28 54
28 55
28 55
28 56
28 57
28 58
29 59
29 60
29 61
29 62
29 63
29 63
29 64
29 65
29 66
29 67
30 68
30 69
30 70
30 71
30 72
30 72
30 73
30 74
30 75
30 76
30 77
30 78
30 78
30 79
30 80
31 81
31 82
31 83
31 83
31 84
32 85
32 86
33 87
33 88
33 88
33 89
34 90
34 91
34 92
34 92
35 93
36 94
36 94
37 95
38 96
38 96
39 96
40 96
41 96
41 96
42 95
43 95
43 95
44 94
45 94
46 93
46 93
47 92
48 91
48 90
49 89
49 89
49 88
50 87
50 86
51 85
51 84
51 84
52 83
52 82
53 81
53 80
54 79
54 78
54 78
54 77
55 76
55 75
55 74
55 73
56 72
56 71
56 70
56 70
56 69
56 68
57 67
57 66
57 65
57 64
58 63
58 62
58 61
58 61
58 60
58 59
58 58
58 57
59 56
59 55
59 54
59 53
59 52
59 52
59 51
59 50
59 49
59 48
59 47
59 46
59 45
59 44
59 43
59 43
59 42
59 41
59 40
59 39
59 38
59 37
59 36
59 35
59 35
59 34
59 33
59 32
59 31
59 30
59 29
59 28
59 27
59 27
59 26
59 25
60 24
60 23
60 22
60 22
60 21
60 20
60 19
60 19
60 18
60 18
60 18
60 18
60 19
60 20
60 21
60 21
60 22
60 23
60 24
60 25
60 26
60 26
60 27
60 28
60 29
60 30
60 31
60 32
60 33
60 33
60 34
60 35
60 36
61 37
61 38
61 39
61 40
61 40
61 41
61 42
61 43
61 44
61 45
61 46
61 47
61 47
61 48
61 49
61 50
61 51
61 52
61 53
61 54
61 54
61 55
61 56
61 57
61 58
61 59
61 60
61 61
61 61
61 62
61 63
61 64
62 65
62 66
62 67
62 68
62 68
62 69
62 70
62 71
62 72
62 73
62 74
62 74
62 75
63 76
63 77
63 78
64 79
64 80
64 80
64 81
64 82
65 83
65 84
65 85
65 85
66 86
67 87
67 88
68 89
68 89
69 90
70 91
71 92
71 92
72 93
73 93
74 94
75 94
75 94
76 94
77 95
78 95
78 95
79 95
80 94
81 94
81 94
82 94
83 93
84 93
85 93
85 93
86 92
86 91
87 90
87 90
88 89
88 88
89 87
89 87
89 86
90 85
90 84
90 83
90 83
90 82
90 81
91 80
91 79
91 78
91 78
91 77
91 76
91 75
91 74
91 73
91 72
91 72
91 71
91 70
91 69
91 68
91 67
91 66
91 66
91 65
90 64
90 63
90 63
89 62
89 61
89 61
88 61
87 61
87 61
86 62
85 62
85 62
84 63
84 64
84 64
83 65
83 66
82 67
82 67
82 68
81 69
81 70
81 71
81 71
81 72
81 73
81 74
81 75
81 76
81 76
81 77
81 78
81 79
81 80
81 80
81 81
81 82
82 83
82 84
82 85
82 85
82 86
83 87
83 88
83 89
83 89
84 90
84 91
85 92
85 93
85 93
86 94
86 95
87 96
87 96
88 97
89 98
90 99
90 99
91 100
92 100
92 100
93 100
94 100
95 100
95 100
96 100
97 99
98 99
98 99
99 98
100 97
100 97
99 96
98 95
97 94
96 94
95 93
94 92
93 91
92 90
91 89
90 88
89 88
88 87
87 86
86 85
85 84
84 83
83 83
82 82
81 81
80 80
79 79
78 78
77 77
76 77
75 76
74 75
73 74
72 73
71 72
70 71
69 71
68 70
67 69
66 68
65 67
64 66
63 66
62 65
61 64
60 63
59 62
58 61
57 60
56 60
55 59
54 58
53 57
52 56
51 55
50 54
49 54
48 53
47 52
46 51
45 50
44 49
43 49
42 48
41 47
40 46
40 46
40 46
39 45
39 45
39 44
39 43
39 42
39 42
40 41
40 41
41 40
41 40
42 39
43 39
43 39
44 39
45 39
46 39
46 39
47 39
48 39
49 39
49 39
50 39
51 39
52 39
53 39
54 39
54 39
55 39
56 39
57 39
58 39
59 39
59 39
60 39
61 38
62 38
62 38
63 38
64 37
65 37
