0 5
0 4
0 3
0 2
0 1
0 1
0 0
0 0
0 1
0 1
0 2
0 3
0 3
0 4
0 5
0 6
0 7
0 8
0 8
0 9
0 10
0 11
0 12
0 13
0 14
0 15
0 15
0 16
0 17
0 18
0 19
0 20
0 21
0 22
0 23
0 24
0 24
0 25
0 26
0 27
0 28
0 29
0 30
0 31
0 32
0 33
0 33
0 34
0 35
0 36
0 37
0 38
0 39
0 40
0 41
0 41
0 42
0 43
0 44
0 45
0 46
0 47
0 47
0 48
0 49
0 50
0 51
0 52
0 53
0 53
0 54
1 55
1 56
1 57
1 57
1 58
1 59
1 59
1 58
1 57
2 56
2 55
2 54
2 53
2 52
2 51
3 50
3 49
3 48
3 47
3 46
3 45
4 44
4 43
4 42
4 41
4 40
4 39
5 38
5 37
5 36
5 36
5 36
5 36
5 36
5 36
5 36
5 36
5 36
6 36
6 36
7 36
7 36
8 35
9 35
9 35
10 35
10 35
11 34
12 34
12 34
13 33
13 33
14 32
15 32
15 32
16 31
16 31
17 30
18 30
18 30
19 30
19 30
19 29
19 28
19 27
20 26
20 25
20 24
20 23
20 22
20 21
21 20
21 19
21 18
21 17
21 16
21 15
22 14
22 13
22 12
22 11
22 11
22 10
22 9
22 8
22 8
22 7
22 7
22 7
22 7
22 8
22 9
22 9
22 10
23 11
23 12
23 12
23 13
23 14
23 15
23 16
23 16
23 17
23 18
23 19
23 20
23 21
23 21
23 22
23 23
23 24
23 25
23 26
23 27
23 27
23 28
23 29
23 30
24 31
24 32
24 33
24 34
24 34
24 35
24 36
24 37
24 38
24 39
24 40
24 40
24 41
24 42
24 43
24 44
24 45
24 46
24 46
24 47
24 48
24 49
24 50
24 51
24 51
24 52
24 53
24 54
24 55
24 56
24 56
24 57
25 58
25 59
25 60
25 60
26 59
27 58
27 57
28 56
29 55
30 54
31 53
32 52
32 51
33 50
34 49
34 49
34 49
34 49
35 50
35 50
35 51
35 51
35 52
35 52
36 52
36 52
37 51
37 51
38 50
38 50
39 49
39 48
39 48
40 47
40 46
40 46
41 45
41 44
41 44
42 43
42 42
42 42
43 41
43 41
43 40
43 40
42 40
42 40
42 39
42 39
41 38
41 38
41 37
41 37
40 37
40 37
40 38
40 38
40 39
40 39
40 40
40 41
40 41
40 42
40 43
40 44
40 45
40 45
40 46
40 47
40 48
40 48
40 49
40 50
40 51
40 52
40 52
40 53
40 54
40 55
40 55
41 56
41 57
41 57
42 58
42 59
42 59
43 59
44 59
44 59
44 58
45 57
45 56
46 55
46 54
46 53
47 52
47 51
48 50
48 49
48 48
49 47
49 46
50 45
50 44
50 43
51 42
51 41
52 40
52 39
53 38
53 37
53 36
54 35
54 34
55 33
55 32
55 31
56 30
56 29
57 28
57 27
57 26
58 25
58 24
59 23
59 22
59 21
60 20
60 19
61 18
61 17
61 17
61 16
61 15
61 14
61 13
61 13
61 12
61 12
61 11
61 11
61 12
61 12
61 13
61 14
61 14
61 15
61 16
61 17
61 18
61 18
61 19
61 20
60 21
60 22
60 23
60 23
60 24
60 25
60 26
60 27
60 28
60 29
60 29
60 30
60 31
60 32
60 33
60 34
60 35
60 35
60 36
60 37
60 38
60 39
60 40
60 40
60 41
60 42
60 43
60 43
60 44
60 45
60 46
60 47
60 47
60 48
60 49
60 50
60 50
61 51
61 52
61 52
61 53
61 54
61 54
62 54
62 54
63 53
64 53
65 52
66 52
67 51
68 51
69 50
70 50
71 49
72 48
73 48
74 47
75 47
76 46
77 46
78 45
79 45
80 44
80 44
80 43
80 42
80 41
80 40
80 40
80 39
80 38
80 38
80 37
80 36
80 36
80 35
80 35
79 35
79 35
79 35
78 36
78 36
78 37
77 38
77 39
77 39
77 40
77 41
77 42
77 42
77 43
77 44
77 45
77 45
76 46
76 47
76 47
76 48
76 49
76 50
76 50
76 51
76 52
76 52
77 53
77 53
77 53
78 53
78 53
78 52
78 52
79 51
79 51
79 50
79 49
79 49
79 48
79 47
79 47
80 46
80 45
80 45
80 44
80 44
80 43
80 43
80 43
80 43
80 44
80 44
80 45
80 45
80 46
80 47
80 47
80 48
80 49
80 50
80 50
80 51
80 52
80 53
80 53
80 54
80 55
80 56
80 57
80 58
80 58
80 59
80 60
80 61
80 62
80 63
80 63
80 64
80 65
80 66
80 67
80 68
80 69
80 69
80 70
80 71
80 72
80 73
80 74
80 75
80 76
80 77
80 77
80 78
80 79
80 80
80 81
80 82
80 83
80 83
80 84
80 85
79 86
79 87
79 88
79 88
79 89
79 90
79 91
79 92
79 92
79 93
79 94
79 95
79 96
79 96
79 97
78 98
78 99
78 99
78 100
78 100
77 100
77 100
77 100
76 99
76 99
75 98
75 97
75 97
74 96
74 95
74 95
74 94
74 93
74 93
74 92
74 91
74 91
74 90
74 90
74 89
74 89
75 88
75 87
76 86
76 85
77 84
77 83
78 82
78 81
79 80
80 79
80 78
81 77
81 76
82 75
82 74
83 73
83 72
84 71
85 70
85 69
86 68
86 67
87 66
87 65
88 64
88 63
89 62
89 61
90 60
91 59
91 58
92 57
92 56
93 55
93 54
94 53
94 52
95 51
96 50
96 49
97 48
97 47
98 46
98 45
99 44
99 43
100 42
100 42
100 41
100 40
100 40
99 39
99 38
99 38
99 37
99 36
99 36
99 35
99 35
99 34
99 33
99 33
98 33
98 33
97 33
97 33
97 34
97 34
97 35
96 36
96 37
96 37
96 38
95 39
95 40
95 41
95 41
95 42
95 43
95 44
95 45
95 45
95 46
94 47
94 48
94 48
94 49
94 50
94 51
94 51
95 52
95 53
95 53
95 54
95 54
96 54
96 54
97 53
97 53
97 52
97 51
97 51
98 50
98 49
98 49
98 48
99 47
99 46
99 46
99 45
99 44
99 44
99 44
99 44
99 45
99 45
99 46
99 47
99 48
99 48
99 49
99 50
99 51
99 51
99 52
99 53
99 54
99 54
99 55
99 56
99 57
