1 5
0 4
0 4
0 3
0 2
0 2
0 1
0 0
0 0
0 0
0 0
0 0
0 1
0 1
0 2
0 3
0 4
0 4
0 5
0 6
0 7
0 8
0 8
0 9
0 10
0 11
0 12
0 12
0 13
0 14
0 15
0 16
0 17
0 18
0 18
0 19
0 20
0 21
0 22
0 23
0 24
0 24
0 25
0 26
0 27
0 28
0 29
0 30
0 30
0 31
0 32
1 33
1 34
1 35
1 35
1 36
1 37
1 38
1 39
1 40
1 41
1 41
1 42
1 43
1 44
1 45
1 46
1 46
1 47
1 48
1 49
1 50
1 51
1 51
1 52
1 53
1 54
1 54
1 55
1 56
1 57
1 57
1 58
1 59
1 59
1 60
1 61
1 61
1 61
1 60
1 59
1 58
1 57
2 56
2 55
2 54
2 53
2 52
2 51
2 50
2 49
2 48
2 47
3 46
3 45
3 44
3 43
3 42
3 41
3 41
3 42
3 43
3 43
3 42
3 42
3 41
3 41
3 41
3 41
4 42
4 42
4 42
5 43
6 43
6 43
7 43
7 43
8 43
9 43
9 43
10 43
10 43
11 43
12 43
12 43
13 42
13 42
13 41
13 40
13 39
13 38
13 37
13 36
13 35
13 34
13 33
13 32
13 31
13 30
13 29
13 28
13 27
14 26
14 25
14 24
14 23
14 22
14 21
14 20
14 19
14 18
14 17
14 16
14 15
14 14
14 13
14 12
14 11
14 10
14 10
15 9
16 8
16 8
15 7
15 7
14 7
14 7
14 8
14 8
14 9
14 10
14 10
14 11
14 12
14 12
14 13
13 14
13 15
13 15
13 16
13 17
13 18
13 19
13 19
13 20
13 21
14 22
14 23
14 24
14 24
14 25
14 26
14 27
14 28
14 29
14 30
14 31
14 31
14 32
14 33
15 34
15 35
15 36
15 37
15 37
15 38
15 39
15 40
15 41
15 42
15 43
15 43
15 44
15 45
15 46
15 47
15 48
15 48
15 49
15 50
16 51
16 52
16 53
16 53
16 54
16 55
16 56
16 56
16 57
17 58
17 59
17 59
18 58
19 58
20 57
21 56
22 55
23 55
24 54
25 53
26 52
27 52
28 51
29 50
30 49
31 49
32 48
32 48
31 47
31 47
31 47
31 47
31 48
31 48
31 48
31 48
31 49
31 49
31 50
31 50
31 51
31 51
32 52
32 52
33 53
34 53
34 53
35 53
35 53
36 52
37 52
37 52
38 51
38 51
39 50
39 49
39 49
39 48
39 48
39 47
39 47
38 46
38 45
38 45
37 44
37 44
36 43
36 43
35 42
34 42
34 42
33 43
33 43
32 44
32 44
32 45
31 46
31 47
31 47
31 48
30 49
30 50
30 50
30 51
30 52
30 53
30 54
30 54
30 55
30 56
30 57
30 57
30 58
31 59
31 60
31 60
31 61
32 62
32 63
32 63
33 64
34 64
34 64
35 65
35 66
35 66
36 66
37 66
37 66
37 65
37 64
38 63
38 62
38 61
38 60
39 59
39 58
39 57
39 56
40 55
40 54
40 53
40 52
41 51
41 50
41 49
41 48
42 47
42 46
42 45
42 44
43 43
43 42
43 41
43 40
44 39
44 38
44 37
44 36
44 35
45 34
45 33
45 32
45 31
46 30
46 29
46 28
46 27
47 26
47 25
47 24
47 23
48 22
48 21
48 20
48 19
49 18
49 17
49 16
49 15
50 14
50 13
50 12
50 11
51 10
51 9
51 8
51 8
50 9
49 9
49 9
49 9
49 10
49 11
49 11
49 12
49 12
49 13
49 14
49 15
49 15
49 16
49 17
49 18
49 18
49 19
50 20
50 21
50 21
50 22
50 23
50 24
50 25
50 26
50 27
50 27
50 28
50 29
51 30
51 31
51 32
51 32
51 33
51 34
51 35
51 36
51 37
51 38
51 38
51 39
51 40
51 41
51 42
51 43
51 43
51 44
51 45
51 46
51 47
51 48
51 48
51 49
51 50
51 51
51 52
51 52
51 53
51 54
51 55
51 56
51 56
51 57
51 58
51 58
51 59
51 60
51 61
51 61
52 62
52 63
52 63
53 63
54 62
55 62
56 62
57 61
58 61
59 61
60 61
61 60
62 60
63 60
64 59
65 59
66 59
67 58
68 58
69 58
70 58
71 57
72 57
73 57
74 56
75 56
75 56
76 56
76 56
76 55
76 55
76 54
76 54
76 54
76 53
76 53
76 52
76 52
76 51
76 50
76 50
75 49
75 48
75 48
75 47
75 46
75 46
74 45
74 45
73 44
73 44
72 45
72 45
71 46
71 46
70 47
70 48
70 48
70 49
70 50
70 50
70 51
69 52
69 53
69 53
69 54
69 55
69 55
69 56
70 57
70 58
70 58
71 59
71 59
72 60
72 60
73 60
74 60
74 60
75 59
75 59
76 58
76 58
77 57
77 57
77 56
77 56
77 55
77 55
77 54
77 53
77 53
76 53
76 53
76 53
76 54
76 54
76 55
75 56
75 57
75 57
75 58
75 59
75 60
75 60
75 61
75 62
75 63
75 64
75 65
75 66
75 66
75 67
75 68
74 69
74 70
74 71
74 72
74 72
74 73
74 74
74 75
74 76
74 77
74 78
74 78
74 79
74 80
74 81
74 82
74 83
74 84
74 84
74 85
74 86
73 87
73 88
73 89
73 90
73 90
73 91
73 92
73 93
73 94
73 95
73 95
72 96
72 97
72 97
72 98
72 99
72 99
71 100
71 100
70 100
70 100
69 100
69 100
68 99
68 99
68 98
67 97
67 96
67 96
66 95
65 94
65 94
65 93
65 92
65 91
65 91
64 90
64 89
64 89
64 88
64 87
64 87
64 86
64 85
64 85
65 84
66 83
66 82
67 81
68 80
69 79
70 78
71 77
71 76
72 75
73 74
74 73
75 72
76 71
76 70
77 69
78 68
79 67
80 66
81 65
81 64
82 63
83 62
84 61
85 60
85 59
86 58
87 57
88 56
89 55
90 54
90 53
91 52
92 51
93 50
94 49
95 48
95 47
96 46
97 45
97 45
97 46
97 46
96 45
96 45
96 44
96 44
96 44
96 44
95 44
95 44
95 44
95 44
94 45
94 45
94 46
94 46
93 47
93 48
93 48
93 49
93 50
93 50
93 51
92 52
92 53
92 53
92 54
92 55
92 55
92 56
92 57
92 57
92 58
92 59
92 59
93 60
93 61
93 61
93 62
93 62
94 63
94 63
95 63
95 63
96 62
96 62
96 61
96 60
96 60
96 59
97 58
97 57
97 57
97 56
98 55
98 54
98 54
98 53
98 52
98 51
98 51
98 50
98 49
98 48
98 48
98 47
98 47
98 47
98 47
98 48
98 48
98 49
98 50
98 50
98 51
97 52
97 53
97 53
97 54
97 55
97 56
97 56
97 57
97 58
97 59
97 59
98 60
98 61
98 61
98 62
99 63
99 64
99 64
100 65
