1 29
1 28
1 28
1 27
1 26
1 26
0 25
0 25
0 25
0 26
0 26
0 27
0 28
0 28
0 29
0 30
0 31
0 31
0 32
0 33
0 34
0 35
0 35
0 36
0 37
0 38
0 39
0 40
0 41
0 41
0 42
0 43
0 44
0 45
0 46
0 47
0 48
0 48
0 49
0 50
1 51
1 52
1 53
1 54
1 54
1 55
1 56
1 57
1 58
1 59
1 60
1 60
1 61
1 62
2 63
2 64
2 65
2 66
2 66
2 67
2 68
2 69
2 70
2 70
2 71
3 72
3 73
3 73
3 74
3 75
3 76
3 76
3 77
3 77
2 78
2 78
2 79
2 79
2 79
2 78
2 77
2 76
2 75
2 74
3 73
3 72
3 71
3 70
3 69
3 68
3 67
3 66
3 65
3 64
4 63
4 62
4 61
4 60
4 59
4 58
4 58
5 57
5 56
5 56
6 55
6 55
6 54
6 54
6 54
7 55
7 55
7 55
8 56
8 56
9 56
9 56
10 56
10 56
11 56
12 56
12 56
13 55
13 55
14 54
15 53
15 53
15 52
15 52
16 51
16 51
16 50
16 49
16 48
16 47
17 46
17 45
17 44
17 43
17 42
17 41
17 40
17 39
17 38
18 37
18 36
18 35
18 34
18 33
18 32
18 31
18 30
18 29
18 28
19 27
19 26
19 25
19 24
19 23
19 22
19 21
19 20
19 19
20 18
20 17
20 16
20 15
20 14
20 14
20 15
20 16
20 16
20 15
20 15
20 15
20 16
20 16
20 17
20 18
20 19
20 19
20 20
20 21
20 21
20 22
20 23
20 24
20 24
20 25
21 26
21 27
21 28
21 28
21 29
21 30
21 31
21 32
21 33
21 33
21 34
21 35
22 36
22 37
22 38
22 38
22 39
22 40
23 41
23 42
23 43
23 44
23 44
23 45
23 46
24 47
24 48
24 49
24 50
24 50
24 51
24 52
24 53
24 54
24 55
24 55
24 56
25 57
25 58
25 59
25 59
25 60
26 61
26 62
26 62
26 63
27 64
27 65
27 65
27 66
27 67
27 67
28 68
28 68
28 69
28 69
28 70
28 70
28 70
28 70
28 69
29 68
29 67
30 66
30 65
31 64
31 63
32 62
32 61
33 60
33 59
34 58
34 57
35 56
35 55
35 55
35 55
34 55
34 55
34 55
34 55
34 55
34 55
34 56
34 56
35 56
35 56
36 56
36 56
37 56
37 56
38 56
38 56
38 56
39 55
39 54
39 54
40 53
40 53
41 52
41 51
41 51
41 50
41 49
41 49
42 48
42 47
42 47
42 46
42 45
42 45
42 44
42 43
42 43
41 42
41 42
41 42
40 42
40 42
40 43
40 43
39 44
39 44
39 45
39 46
39 46
39 47
38 48
38 49
38 49
38 50
38 51
38 51
37 52
37 53
37 53
37 54
37 55
37 55
37 56
37 57
37 57
37 58
38 59
38 60
38 60
38 61
38 62
38 62
39 63
39 63
40 64
41 64
41 64
42 65
42 65
43 65
43 65
44 65
44 65
45 65
45 65
46 64
46 64
46 64
46 63
46 63
46 63
46 63
46 63
46 63
46 62
46 62
46 62
46 61
47 60
47 59
47 58
47 57
48 56
48 55
48 54
48 53
49 52
49 51
49 50
50 49
50 48
50 47
50 46
51 45
51 44
51 43
51 42
52 41
52 40
52 39
52 38
53 37
53 36
53 35
54 34
54 33
54 32
54 31
55 30
55 29
55 28
55 27
56 26
56 25
56 25
56 24
56 23
56 22
56 22
56 21
56 20
56 20
55 19
55 18
55 18
55 17
55 16
55 16
55 15
55 14
55 14
55 13
55 12
55 12
55 11
55 10
55 10
55 9
55 8
55 7
55 7
55 6
55 5
55 5
55 4
55 3
55 3
55 2
55 1
55 1
55 1
55 0
55 0
55 0
55 0
55 0
55 1
55 1
55 1
55 2
55 2
55 3
55 4
55 4
55 5
55 6
55 6
55 7
55 8
55 9
55 9
55 10
55 11
55 12
55 12
55 13
55 14
55 15
55 16
55 16
55 17
55 18
55 19
55 20
55 21
55 21
55 22
55 23
55 24
55 25
55 26
55 27
55 27
55 28
55 29
55 30
55 31
55 32
55 33
55 33
55 34
55 35
56 36
56 37
56 38
56 38
56 39
56 40
56 41
56 42
56 43
56 43
56 44
56 45
56 46
56 47
56 47
56 48
56 49
56 50
56 51
56 51
56 52
56 53
56 54
56 54
56 55
57 56
57 57
57 58
57 58
57 59
57 60
57 60
57 61
57 62
57 62
57 63
57 63
57 64
57 64
58 64
58 64
58 64
58 64
59 63
60 62
60 61
61 60
62 59
63 58
64 57
65 56
65 55
66 54
67 53
68 52
69 51
70 50
70 49
71 48
72 47
72 47
73 48
73 48
73 48
73 48
73 47
73 47
73 47
74 46
74 46
74 46
74 45
74 45
75 44
75 44
75 43
75 43
75 42
75 42
75 41
75 41
75 41
75 40
75 40
75 39
75 39
75 39
75 38
75 38
75 37
75 37
75 36
75 36
75 35
75 35
75 35
75 34
75 34
75 34
75 34
75 34
75 33
75 33
74 33
74 33
74 33
74 33
74 33
74 33
73 33
73 33
73 33
73 33
72 33
72 33
72 33
72 34
72 34
71 35
71 35
71 36
71 37
71 37
70 38
70 39
70 39
70 40
69 41
69 42
69 43
69 43
69 44
69 45
69 46
69 46
69 47
68 48
68 49
68 50
68 50
68 51
68 52
68 52
68 53
68 54
68 55
68 55
69 56
69 57
69 57
69 58
69 58
70 59
70 60
70 60
70 61
70 61
71 61
71 61
72 61
72 61
72 60
72 60
73 59
73 58
73 58
74 57
74 56
74 56
75 55
75 54
75 54
75 53
75 52
75 51
75 51
75 50
75 49
75 49
75 48
75 47
75 47
75 46
75 46
75 46
74 45
74 45
74 45
74 45
74 45
74 45
74 45
74 45
74 46
74 46
74 47
74 48
74 48
74 49
74 49
74 50
74 51
74 52
74 52
74 53
74 54
74 54
74 55
74 56
74 56
74 57
75 58
75 59
75 59
75 60
75 61
75 62
75 62
75 63
75 64
75 64
75 65
75 66
75 67
75 67
75 68
75 69
75 70
75 70
75 71
76 72
76 73
76 73
76 74
75 75
75 76
75 76
75 77
75 78
75 79
75 80
75 80
75 81
76 82
76 83
76 84
76 84
76 85
76 86
76 87
76 88
76 88
76 89
75 90
75 91
75 91
75 92
75 93
75 93
75 94
75 95
75 95
75 96
75 96
74 97
74 97
73 98
73 99
73 99
72 100
72 100
71 100
71 100
71 100
70 100
70 100
69 99
69 99
68 98
68 97
68 97
67 96
67 95
67 95
67 94
66 93
66 92
66 91
66 91
66 90
65 89
65 88
65 88
65 87
65 86
65 86
65 85
65 85
65 84
65 84
65 83
65 83
66 82
66 82
66 81
66 81
67 80
68 79
68 78
69 77
70 76
71 75
72 74
72 73
73 72
74 71
75 70
76 69
76 68
77 67
78 66
79 65
79 64
80 63
81 62
82 61
83 60
83 59
84 58
85 57
86 56
87 55
87 54
88 53
89 52
89 52
90 51
90 51
90 50
90 49
90 49
91 48
91 47
91 47
91 46
91 45
91 45
92 44
92 43
92 43
92 42
92 41
92 41
92 40
92 39
92 39
92 38
92 38
91 37
91 36
91 36
90 35
90 35
90 35
89 35
89 35
88 36
88 36
88 37
88 37
87 38
87 39
87 39
86 40
86 41
86 41
86 42
85 43
85 44
85 44
85 45
85 46
85 47
85 48
85 48
85 49
85 50
85 51
85 51
85 52
85 53
85 54
85 54
85 55
85 56
85 57
85 57
85 58
85 58
85 59
85 60
85 60
86 61
86 61
86 62
86 62
87 63
87 63
87 63
88 63
88 63
88 63
89 62
89 62
90 61
90 61
90 60
90 59
90 59
91 58
91 57
91 57
91 56
91 55
91 55
92 54
92 53
92 53
92 52
92 51
92 51
92 50
92 49
92 49
92 48
92 48
92 47
92 47
91 47
91 47
91 47
91 47
91 47
91 47
91 47
91 47
91 47
91 48
91 48
91 48
91 49
91 49
91 49
91 50
91 50
91 51
91 51
91 52
91 53
91 53
91 54
91 54
91 55
91 56
91 56
91 57
91 57
91 58
91 59
91 59
92 60
92 60
92 61
92 61
93 62
93 62
94 63
94 63
95 63
95 63
95 63
96 63
96 63
97 62
97 62
98 62
98 62
99 61
99 61
99 61
99 61
100 61
100 61
100 61
99 61
