0 2
0 1
0 1
0 1
0 0
0 0
0 0
0 0
0 0
0 1
0 1
0 2
0 3
0 3
0 4
0 5
0 6
0 6
0 7
0 8
0 9
0 10
0 10
0 11
0 12
0 13
0 14
0 15
0 16
0 17
0 17
0 18
0 19
0 20
0 21
0 22
0 23
0 24
0 25
0 25
0 26
0 27
0 28
0 29
0 30
0 31
0 32
0 33
0 33
0 34
0 35
0 36
0 37
0 38
0 39
0 40
0 41
0 41
0 42
0 43
0 44
0 45
0 46
0 47
0 48
0 49
0 49
0 50
0 51
0 52
0 53
0 54
0 54
0 55
0 56
0 57
0 58
0 58
0 59
0 60
0 61
0 61
0 62
0 63
0 63
0 64
0 64
0 63
0 62
0 61
0 60
0 59
0 58
0 57
0 56
0 55
0 54
1 53
1 52
1 51
1 50
1 49
1 48
1 47
1 46
1 45
1 44
1 43
1 42
1 42
2 43
2 43
2 42
2 42
2 42
2 43
2 43
3 44
3 44
4 45
4 46
4 46
5 47
5 47
6 48
6 48
7 49
8 49
8 49
9 49
9 49
10 49
10 49
11 49
12 49
12 49
12 48
12 47
12 46
12 45
12 44
12 43
12 42
12 41
12 40
12 39
12 38
12 37
12 36
12 35
12 34
12 33
12 32
12 31
12 30
12 29
12 28
12 27
12 26
12 25
12 24
12 23
12 22
12 21
12 20
12 19
12 18
12 17
12 17
12 16
13 15
13 14
13 13
13 13
13 12
13 11
13 11
13 10
13 10
13 9
13 9
13 9
13 9
13 9
13 10
13 11
13 12
13 12
13 13
13 14
13 15
13 16
13 16
13 17
13 18
13 19
13 20
13 21
13 22
13 23
13 24
13 24
13 25
13 26
13 27
13 28
13 29
13 30
13 31
13 31
13 32
13 33
13 34
14 35
14 36
14 37
14 38
14 39
14 39
14 40
14 41
14 42
14 43
14 44
14 45
14 45
14 46
14 47
15 48
15 49
15 50
15 51
15 51
15 52
15 53
15 54
15 55
15 55
15 56
15 57
15 58
15 59
15 59
15 60
15 61
15 62
15 62
15 63
15 64
15 64
15 65
16 66
16 67
16 67
16 68
16 69
16 69
17 68
18 67
19 66
19 65
20 64
21 63
22 62
23 61
24 60
24 59
25 58
26 57
27 56
28 55
29 54
29 53
30 52
31 51
31 51
32 50
32 49
32 49
32 49
32 48
32 48
32 48
32 48
32 49
32 49
32 50
32 50
33 51
33 51
34 52
34 53
34 53
35 53
35 53
36 54
37 54
37 54
38 53
39 53
39 53
40 52
40 52
41 51
42 50
42 50
42 49
42 49
43 48
43 47
43 47
43 46
43 45
43 44
43 44
42 43
42 42
42 42
41 41
41 40
41 40
40 40
39 40
39 40
38 40
38 40
37 41
36 41
36 41
35 42
35 42
34 43
34 44
34 44
34 45
33 46
33 47
33 47
32 48
32 49
32 49
32 50
32 51
32 51
32 52
33 53
33 54
33 54
33 55
33 56
33 57
33 57
34 58
34 59
34 59
35 60
35 61
35 61
36 62
36 63
36 63
37 64
37 65
37 65
38 66
38 66
39 67
39 67
40 66
41 66
41 66
41 65
41 64
42 63
42 62
42 61
42 60
43 59
43 58
43 57
43 56
44 55
44 54
44 53
44 52
45 51
45 50
45 49
45 48
46 47
46 46
46 45
46 44
47 43
47 42
47 41
47 40
48 39
48 38
48 37
48 36
48 35
49 34
49 33
49 32
49 31
50 30
50 29
50 28
50 27
51 26
51 25
51 24
51 23
52 22
52 21
52 20
52 19
53 18
53 17
53 16
53 15
54 14
54 13
54 12
54 12
55 11
55 10
55 10
54 10
54 10
53 10
53 10
53 11
53 12
53 12
53 13
52 14
52 15
52 16
52 16
52 17
52 18
52 19
52 20
52 20
52 21
52 22
52 23
52 24
52 25
52 26
52 26
52 27
52 28
52 29
52 30
52 31
52 32
52 32
52 33
52 34
52 35
52 36
52 37
52 37
52 38
52 39
52 40
52 41
52 42
52 43
52 43
52 44
52 45
52 46
52 47
52 48
52 49
52 49
52 50
52 51
52 52
52 53
52 54
52 54
52 55
52 56
52 57
52 58
52 58
52 59
52 60
52 61
52 61
52 62
53 63
53 64
53 64
54 65
54 66
54 66
55 67
55 68
56 69
56 69
57 68
58 67
59 67
60 66
61 65
62 64
63 64
64 63
65 62
66 61
67 60
68 60
69 59
70 58
71 57
72 57
73 56
74 55
74 55
75 54
75 54
75 53
75 53
75 52
75 52
74 51
74 51
74 50
74 49
74 49
73 48
73 47
73 47
72 46
72 46
72 45
72 44
72 44
71 44
71 44
71 43
71 43
70 44
70 45
70 45
70 46
70 47
70 48
70 48
70 49
69 50
69 51
69 51
69 52
69 53
69 54
69 54
69 55
70 56
70 57
70 57
70 58
70 59
70 59
71 60
72 61
72 61
73 62
73 62
74 61
74 61
75 60
75 60
76 59
77 58
77 58
77 57
77 56
77 56
78 55
78 54
78 54
78 53
78 52
78 52
78 51
78 51
77 51
77 51
77 52
77 53
77 53
77 54
77 55
77 55
77 56
76 57
76 58
76 59
76 59
76 60
76 61
76 62
76 63
76 64
76 65
76 65
76 66
76 67
76 68
76 69
76 70
76 71
76 72
76 72
76 73
76 74
76 75
76 76
76 77
76 78
76 79
76 79
76 80
76 81
75 82
75 83
75 84
75 85
75 85
75 86
75 87
75 88
75 89
75 90
75 91
75 91
75 92
75 93
75 94
75 95
75 96
75 96
75 97
74 98
74 99
74 99
73 100
73 100
73 100
72 99
72 99
71 98
70 97
70 97
69 96
69 95
69 95
69 94
69 93
69 92
69 92
69 91
68 90
68 89
68 88
68 88
67 87
67 86
67 86
67 85
67 85
66 84
66 84
66 83
66 83
67 82
68 81
69 80
70 79
70 78
71 77
72 76
73 75
74 74
75 73
76 72
77 71
77 70
78 69
79 68
80 67
81 66
82 65
83 64
84 63
84 62
85 61
86 60
87 59
88 58
89 57
90 56
91 55
91 54
92 53
93 52
94 51
94 51
94 50
94 49
94 48
94 48
94 47
94 47
94 46
94 45
94 45
94 44
94 44
94 43
94 43
93 43
93 43
93 43
92 44
92 44
92 45
91 46
91 47
91 47
91 48
90 49
90 50
90 50
90 51
89 52
89 53
89 54
89 54
89 55
89 56
89 57
89 57
89 58
89 59
89 60
89 61
89 61
89 62
89 63
89 64
89 64
89 65
90 66
90 67
90 67
91 68
91 69
91 69
92 69
92 69
93 69
93 69
94 68
94 68
95 67
95 66
96 65
96 65
96 64
96 63
96 63
96 62
97 61
97 60
97 59
97 59
97 58
97 57
97 56
97 56
97 55
97 54
97 53
97 52
97 52
97 51
97 51
97 51
97 52
97 52
97 53
97 53
97 54
96 55
96 56
96 56
96 57
96 58
96 59
96 60
96 60
96 61
96 62
96 63
96 64
96 64
96 65
97 66
97 67
97 67
97 68
98 69
98 70
98 70
99 71
100 72
