1 6
1 5
1 4
1 4
1 3
1 3
1 3
1 3
0 4
0 4
0 5
0 6
0 6
0 7
0 8
0 9
0 9
0 10
0 11
0 12
0 12
0 13
0 14
0 15
0 16
0 16
0 17
0 18
0 19
0 20
0 21
0 21
0 22
0 23
0 24
0 25
0 26
0 27
0 28
0 28
0 29
0 30
0 31
1 32
1 33
1 34
1 35
1 35
1 36
1 37
1 38
1 39
1 40
1 41
1 42
1 42
1 43
1 44
1 45
1 46
1 47
1 48
1 48
1 49
1 50
1 51
1 52
1 53
1 53
1 54
1 55
1 56
1 57
1 58
1 58
1 59
2 60
2 61
2 62
2 62
2 63
2 64
2 65
2 65
2 66
2 67
2 67
2 66
2 65
2 64
2 63
2 62
2 61
2 60
2 59
2 58
2 57
2 56
2 55
1 54
1 53
1 52
1 51
1 50
1 49
1 48
1 47
1 46
1 45
1 44
1 43
1 42
1 42
2 43
2 43
2 42
1 41
1 40
1 40
1 40
1 41
1 41
2 41
2 41
2 42
2 42
2 42
3 43
3 43
4 44
5 44
5 44
6 45
6 45
7 45
8 45
8 45
9 45
10 45
10 45
11 45
11 45
12 45
12 45
13 44
14 44
14 44
14 44
14 43
14 42
14 41
14 40
14 39
14 38
15 37
15 36
15 35
15 34
15 33
15 32
15 31
15 30
15 29
15 28
15 27
15 26
15 25
15 24
16 23
16 22
16 21
16 20
16 19
16 18
16 17
16 16
16 15
16 14
16 13
16 12
16 11
16 10
17 9
17 8
17 7
17 6
17 5
17 4
17 3
17 3
18 2
18 1
18 1
17 0
17 0
16 1
16 1
16 2
16 3
16 3
16 4
15 5
15 6
15 6
15 7
15 8
15 9
15 9
15 10
15 11
15 12
15 13
15 13
15 14
16 15
16 16
16 17
16 17
16 18
16 19
16 20
16 21
16 22
16 23
16 23
16 24
16 25
16 26
16 27
16 28
16 29
16 29
16 30
16 31
16 32
17 33
17 34
17 35
17 36
17 36
17 37
17 38
17 39
17 40
17 41
17 42
17 42
17 43
17 44
18 45
18 46
18 47
18 47
18 48
18 49
18 50
18 51
18 52
18 52
18 53
19 54
19 55
19 56
19 56
19 57
19 58
19 59
19 59
19 60
20 61
20 62
20 62
21 61
21 60
22 59
23 58
24 57
24 56
25 55
26 54
27 53
27 52
28 51
29 50
30 49
30 48
31 47
31 47
31 47
31 47
31 46
31 46
31 46
31 46
31 46
31 46
32 47
32 47
33 48
33 48
34 49
34 49
35 49
35 49
36 49
36 49
37 48
37 48
38 47
38 47
38 46
38 46
38 45
38 45
38 44
38 44
37 43
37 42
37 42
36 41
36 41
35 40
35 40
34 40
34 40
33 40
33 40
32 41
32 42
32 42
31 43
31 43
31 44
31 45
31 45
31 46
31 47
31 48
31 48
31 49
31 50
31 51
31 52
31 52
31 53
31 54
31 55
31 56
31 56
31 57
32 58
32 59
32 59
32 60
33 61
33 62
33 62
34 63
34 64
34 64
35 65
36 65
36 65
37 66
38 66
38 66
39 65
39 65
39 64
39 63
40 62
40 61
40 60
40 59
41 58
41 57
41 56
41 55
42 54
42 53
42 52
42 51
43 50
43 49
43 48
43 47
43 46
44 45
44 44
44 43
44 42
45 41
45 40
45 39
45 38
46 37
46 36
46 35
46 34
47 33
47 32
47 31
47 30
48 29
48 28
48 27
48 26
48 25
49 24
49 23
49 22
49 21
50 20
50 19
50 18
50 17
51 16
51 15
51 14
51 13
52 12
52 11
52 10
52 10
52 11
52 12
52 13
52 13
52 14
52 14
52 15
52 16
52 17
52 17
52 18
52 19
52 20
52 21
52 21
52 22
52 23
52 24
52 25
52 25
52 26
52 27
51 28
51 29
51 30
51 30
51 31
51 32
51 33
51 34
51 35
51 35
51 36
51 37
51 38
51 39
51 39
51 40
51 41
51 42
51 43
51 44
51 44
51 45
51 46
51 47
51 48
51 48
51 49
51 50
51 51
51 52
51 52
51 53
51 54
51 55
51 55
51 56
51 57
51 58
51 58
51 59
52 60
52 61
52 61
53 62
53 63
53 63
54 64
55 64
55 64
56 63
57 63
58 62
59 61
60 61
61 60
62 60
63 59
64 58
65 58
66 57
67 56
68 56
69 55
70 55
71 54
71 54
72 54
72 54
72 53
72 52
72 52
72 51
72 51
72 50
72 50
72 49
72 49
72 48
72 48
72 47
72 46
72 46
71 45
71 44
71 44
71 43
71 43
71 42
71 42
70 43
70 43
69 44
69 44
69 45
69 46
69 46
68 47
68 48
68 48
68 49
68 50
68 51
68 52
68 52
68 53
68 54
68 55
68 55
68 56
69 57
69 58
69 58
70 59
70 60
70 60
71 61
71 61
72 61
72 61
73 60
74 60
74 60
75 59
75 59
76 58
76 57
76 57
76 56
76 55
76 55
76 54
76 53
76 53
76 52
76 51
76 51
76 51
75 50
75 50
75 51
75 51
75 52
75 53
75 53
75 54
74 55
74 56
74 57
74 57
74 58
74 59
74 60
74 61
74 61
74 62
74 63
74 64
74 65
74 65
74 66
74 67
74 68
74 69
74 70
74 71
74 71
74 72
74 73
74 74
73 75
73 76
73 77
73 78
73 78
73 79
73 80
73 81
73 82
73 83
73 84
73 85
73 85
73 86
73 87
73 88
73 89
73 90
73 91
73 91
73 92
72 93
72 94
72 95
72 95
72 96
72 97
72 98
72 98
72 99
72 100
72 100
71 100
71 100
71 99
71 99
70 98
70 97
70 97
70 96
69 95
69 94
69 94
69 93
68 92
68 91
68 91
68 90
67 89
67 88
67 88
67 87
67 86
67 86
66 85
66 85
66 84
66 83
66 83
66 83
66 82
66 82
67 81
68 80
68 79
69 78
70 77
71 76
71 75
72 74
73 73
74 72
74 71
75 70
76 69
77 68
77 67
78 66
79 65
80 64
80 63
81 62
82 61
83 60
83 59
84 58
85 57
86 56
86 55
87 54
88 53
89 52
89 51
90 50
91 49
91 49
92 48
92 47
92 47
92 46
92 46
92 45
92 44
92 44
93 43
93 43
93 42
93 42
93 41
93 41
92 40
92 40
92 39
92 39
92 39
91 39
91 39
90 39
90 39
90 40
90 40
89 41
89 41
89 42
89 43
89 43
89 44
88 45
88 46
88 46
88 47
88 48
88 49
88 50
88 50
88 51
87 52
87 53
87 54
87 54
87 55
87 56
87 57
87 58
87 58
87 59
88 60
88 61
88 61
88 62
88 63
88 63
89 64
89 64
90 64
90 64
91 63
91 63
92 62
92 62
93 61
93 60
93 60
93 59
93 58
93 57
93 57
93 56
93 55
93 54
93 53
93 53
93 52
94 51
94 50
94 49
94 49
94 48
94 47
94 46
94 45
94 45
94 44
94 43
94 43
94 42
94 42
93 42
93 42
93 42
93 43
93 44
93 44
93 45
93 46
93 46
93 47
93 48
93 49
93 50
93 50
93 51
93 52
93 53
93 53
93 54
93 55
93 56
93 56
93 57
93 58
93 59
93 59
94 60
94 61
94 61
95 62
96 63
96 63
97 64
98 64
98 64
99 65
100 65
