0 3
1 2
1 2
1 1
1 1
1 1
1 1
1 1
1 2
1 2
0 3
0 4
0 4
0 5
0 6
0 7
0 7
0 8
0 9
0 10
0 11
0 12
0 12
0 13
0 14
0 15
0 16
0 17
0 17
0 18
0 19
0 20
0 21
0 22
0 23
0 23
0 24
0 25
0 26
0 27
0 28
0 29
0 30
0 30
0 31
0 32
0 33
0 34
0 35
0 36
0 37
0 37
0 38
0 39
0 40
0 41
0 42
0 43
0 44
0 44
0 45
0 46
0 47
0 48
0 49
0 50
0 50
0 51
0 52
0 53
0 54
0 55
0 55
0 56
0 57
0 58
0 59
0 59
0 60
0 61
0 61
0 60
0 59
0 58
0 57
0 56
0 55
0 54
0 53
0 52
0 51
0 50
0 49
0 48
0 47
0 46
0 45
0 44
0 44
0 44
0 43
0 42
0 42
0 42
0 42
0 42
0 42
0 43
0 43
1 43
1 43
2 44
2 44
3 45
3 45
4 45
4 45
5 46
6 46
6 46
7 46
7 46
8 46
8 46
9 46
10 46
10 46
11 45
11 45
11 44
11 44
11 43
11 42
11 41
11 40
11 39
11 38
11 37
12 36
12 35
12 34
12 33
12 32
12 31
12 30
12 29
12 28
12 27
12 26
12 25
12 24
12 23
12 22
12 21
13 20
13 19
13 18
13 17
13 16
13 15
13 14
13 13
13 12
13 12
13 11
13 10
13 9
13 8
13 8
13 7
13 6
13 6
13 5
13 5
13 4
13 4
13 4
13 4
13 4
13 5
13 6
13 6
13 7
13 8
13 9
13 9
13 10
13 11
13 12
13 13
13 14
13 15
13 15
13 16
13 17
13 18
13 19
13 20
13 20
13 21
13 22
13 23
13 24
13 25
13 26
13 26
13 27
13 28
13 29
13 30
13 31
13 32
13 33
13 33
13 34
13 35
13 36
13 37
13 38
13 39
13 39
13 40
13 41
13 42
13 43
13 44
13 45
13 45
13 46
14 47
14 48
14 49
14 49
14 50
14 51
14 52
14 53
14 53
14 54
14 55
14 56
14 56
14 57
15 58
15 59
15 59
16 58
17 57
18 56
19 56
20 55
21 54
22 53
23 52
24 51
25 50
26 50
27 49
28 48
29 47
29 47
28 48
28 49
28 49
28 48
28 48
28 47
28 47
28 47
28 47
28 48
28 48
29 48
29 48
30 48
30 48
31 48
31 48
32 48
32 48
33 47
33 47
34 47
34 47
34 46
34 46
35 45
35 45
35 44
35 43
35 43
34 42
34 41
34 41
33 40
33 40
32 39
32 39
31 39
30 39
30 39
29 39
29 39
28 40
28 40
27 41
27 42
27 42
27 43
27 44
27 45
27 45
27 46
27 47
27 48
27 48
27 49
27 50
27 51
27 51
27 52
27 53
28 54
28 55
28 56
28 56
28 57
28 58
28 58
28 59
29 60
29 61
29 61
30 62
31 62
31 62
32 63
32 63
33 63
34 63
34 63
35 63
36 63
36 63
36 62
36 61
37 60
37 59
37 58
37 57
37 56
38 55
38 54
38 53
38 52
38 51
39 50
39 49
39 48
39 47
39 46
40 45
40 44
40 43
40 42
40 41
41 40
41 39
41 38
41 37
41 36
42 35
42 34
42 33
42 32
42 31
43 30
43 29
43 28
43 27
43 26
44 25
44 24
44 23
44 22
44 21
45 20
45 19
45 18
45 17
45 16
46 15
46 14
46 13
46 12
46 11
47 10
47 9
47 8
47 8
47 7
47 6
47 5
47 4
47 4
48 3
48 2
48 2
48 1
48 0
48 0
48 0
48 0
49 1
49 1
49 2
49 3
49 3
49 4
49 5
49 6
49 6
49 7
49 8
49 9
49 10
49 10
49 11
49 12
49 13
49 14
49 15
49 15
49 16
49 17
49 18
49 19
49 19
49 20
49 21
49 22
49 23
49 24
49 24
49 25
49 26
49 27
49 28
49 29
49 29
49 30
49 31
49 32
49 33
49 34
49 34
49 35
49 36
49 37
49 38
49 39
49 39
49 40
49 41
49 42
49 43
49 43
49 44
49 45
49 46
49 47
49 48
49 48
49 49
50 50
50 51
50 52
50 52
50 53
50 54
50 55
50 56
50 56
50 57
50 58
50 59
50 59
51 60
51 61
51 61
52 62
52 63
52 63
53 63
53 63
54 62
55 62
56 61
57 60
58 59
59 59
60 58
61 57
62 56
63 56
64 55
65 54
66 54
67 53
68 52
69 51
70 51
71 50
71 50
71 49
71 48
71 48
71 48
71 47
71 47
71 47
71 46
71 46
71 45
71 45
71 44
71 43
71 43
71 42
71 42
71 41
71 40
71 40
70 39
70 39
70 38
70 38
69 39
69 39
68 40
68 40
68 41
68 41
68 42
67 43
67 44
67 44
67 45
67 46
67 47
67 47
67 48
66 49
66 50
66 50
66 51
67 52
67 53
67 53
68 54
68 55
68 55
69 56
69 57
69 57
70 57
70 57
71 57
71 57
72 56
72 55
72 55
73 54
73 54
73 53
73 52
73 52
73 51
73 51
73 50
73 49
73 49
73 49
73 49
73 50
73 50
72 51
72 52
72 52
72 53
72 54
72 55
72 56
72 57
72 57
72 58
72 59
72 60
72 61
72 61
72 62
72 63
72 64
72 65
72 66
72 67
72 67
72 68
72 69
72 70
71 71
71 72
71 73
71 74
71 74
71 75
71 76
71 77
71 78
71 79
71 80
71 81
71 81
71 82
71 83
71 84
71 85
71 86
71 87
71 88
71 88
71 89
71 90
70 91
70 92
70 93
70 93
70 94
70 95
70 96
70 97
70 97
69 98
69 99
69 99
69 100
69 100
68 100
68 100
67 99
67 99
67 98
67 97
67 97
67 96
66 95
66 94
66 94
66 93
65 92
65 91
65 91
65 90
64 89
64 88
64 88
63 87
63 87
62 86
62 85
62 85
62 84
62 83
62 83
62 83
63 82
64 81
64 80
65 79
66 78
67 77
68 76
69 75
69 74
70 73
71 72
72 71
73 70
74 69
74 68
75 67
76 66
77 65
78 64
79 63
79 62
80 61
81 60
82 59
83 58
84 57
84 56
85 55
86 54
87 53
88 52
89 51
89 50
90 49
91 48
91 48
92 47
92 46
92 46
92 45
92 44
92 44
92 43
92 43
92 42
92 42
92 42
92 41
92 41
91 41
91 41
91 40
91 40
91 40
90 40
90 40
90 41
90 41
89 42
89 43
89 43
88 44
88 44
87 45
87 46
87 46
87 47
87 48
87 49
87 49
87 50
87 51
87 52
87 52
87 53
87 54
87 55
87 55
87 56
87 57
87 58
87 58
88 59
88 60
88 60
89 61
89 61
90 62
90 62
91 62
91 62
92 62
92 62
93 61
93 60
93 60
94 59
94 58
94 58
94 57
94 56
94 55
94 55
94 54
94 53
94 52
94 51
94 51
94 50
94 49
94 48
94 48
94 47
94 46
94 46
94 46
94 46
94 46
94 47
94 48
94 48
94 49
94 50
94 50
94 51
94 52
94 53
94 53
94 54
94 55
94 56
94 56
94 57
95 58
95 59
95 59
96 60
96 61
96 61
96 62
97 63
97 64
97 64
98 65
98 66
98 66
99 67
100 68
