0 23
0 22
0 21
0 20
0 20
0 19
0 18
0 18
0 17
0 17
0 18
0 18
0 19
0 20
0 20
0 21
0 22
0 23
0 23
0 24
1 25
1 26
1 26
1 27
1 28
1 29
1 30
1 31
1 32
1 32
1 33
1 34
2 35
2 36
2 37
2 38
2 38
2 39
2 40
2 41
2 42
2 43
2 44
2 45
2 45
2 46
2 47
2 48
3 49
3 50
3 51
3 52
3 52
3 53
3 54
3 55
3 56
3 57
3 58
3 59
3 60
3 60
3 61
3 62
3 63
3 64
3 65
3 66
3 66
3 67
3 68
4 69
4 70
4 71
4 72
4 72
4 73
4 74
4 75
4 76
4 77
4 77
4 78
4 79
4 80
4 81
4 81
4 82
4 83
4 84
4 84
4 85
4 86
4 87
4 87
4 88
4 88
4 88
4 88
4 87
4 86
4 85
4 84
4 83
5 82
5 81
5 80
5 79
5 78
5 77
5 76
5 75
5 74
5 73
5 72
5 71
6 70
6 69
6 68
6 67
6 66
6 65
6 64
6 64
7 64
7 64
7 63
7 63
7 62
7 62
7 62
8 62
8 62
8 62
9 62
9 62
10 62
10 62
11 62
11 62
12 61
13 61
13 61
14 60
15 60
15 60
16 59
16 59
17 58
18 58
18 58
19 57
19 56
19 56
20 56
20 56
20 55
20 55
20 54
20 53
20 52
20 51
20 50
20 49
20 48
20 47
20 46
20 45
20 44
20 43
20 42
20 41
20 40
20 39
20 38
20 37
20 36
20 35
20 34
20 33
20 32
20 31
20 30
20 29
20 28
20 27
20 26
20 25
20 24
20 23
20 22
20 21
20 20
20 20
20 19
20 19
20 18
20 18
20 17
20 17
20 16
20 16
20 16
20 15
20 15
20 15
20 15
20 15
20 15
20 16
20 17
20 17
20 18
20 19
20 19
20 20
20 21
20 22
20 23
20 23
20 24
20 25
21 26
21 27
21 28
21 28
21 29
21 30
21 31
21 32
21 33
21 34
21 34
21 35
21 36
22 37
22 38
22 39
22 40
22 40
22 41
22 42
22 43
22 44
22 45
22 46
22 46
22 47
22 48
22 49
23 50
23 51
23 52
23 53
23 54
23 54
23 55
23 56
24 57
24 58
24 59
24 59
24 60
25 61
25 62
25 63
25 63
25 64
25 65
25 66
25 67
25 68
25 68
25 69
26 70
26 71
26 72
26 72
26 73
27 74
27 75
27 75
27 76
27 77
27 78
27 78
28 79
28 80
28 80
28 81
28 82
28 82
28 83
28 83
29 84
29 84
29 84
29 83
30 82
30 81
30 80
31 79
31 78
31 77
32 76
32 75
32 74
32 73
33 72
33 71
33 70
34 69
34 68
34 67
35 66
35 65
35 65
35 66
35 67
35 67
35 67
36 67
36 67
37 67
37 67
38 66
38 66
39 65
39 64
39 64
40 63
40 62
40 62
41 61
41 60
41 60
42 59
42 58
42 58
43 57
43 56
43 56
43 55
43 55
43 54
43 54
43 53
43 52
43 52
43 51
43 51
43 50
43 50
43 49
43 49
43 49
42 49
42 49
42 48
42 48
42 48
41 48
41 48
41 48
41 48
40 49
40 49
40 49
39 50
39 50
39 51
39 51
39 52
39 53
39 53
38 54
38 55
38 55
38 56
38 57
38 57
38 58
38 59
38 60
38 60
38 61
38 62
38 62
39 63
39 64
39 64
40 65
40 66
40 66
40 67
40 68
40 68
41 69
41 69
42 70
42 71
42 71
43 72
43 72
44 73
44 73
45 73
45 73
46 73
47 73
47 73
47 73
48 73
48 73
48 73
49 72
49 72
49 71
49 70
49 69
49 68
50 67
50 66
50 65
50 64
50 63
50 62
50 61
50 60
50 59
50 58
51 57
51 56
51 55
51 54
51 53
51 52
51 51
51 50
51 49
51 48
52 47
52 46
52 45
52 44
52 43
52 42
52 41
52 40
52 39
52 38
53 37
53 36
53 35
53 34
53 33
53 32
53 31
53 30
53 29
53 28
54 27
54 26
54 25
54 24
54 23
54 22
54 21
54 20
54 19
54 18
55 17
55 16
55 15
55 14
55 13
55 12
55 11
55 10
55 9
55 8
56 7
56 6
56 5
56 4
56 3
56 2
56 2
56 2
56 1
56 1
56 0
56 0
56 0
56 1
56 1
56 2
56 3
56 3
56 4
56 5
56 5
56 6
56 7
56 8
56 9
56 9
56 10
56 11
56 12
56 13
56 14
56 14
56 15
56 16
56 17
57 18
57 19
57 20
57 21
57 21
57 22
57 23
57 24
57 25
57 26
57 26
57 27
57 28
58 29
58 30
58 31
58 32
58 32
58 33
58 34
58 35
58 36
58 37
58 37
58 38
59 39
59 40
59 41
59 41
59 42
59 43
59 44
59 45
59 45
59 46
60 47
60 48
60 48
60 49
60 50
60 51
60 51
60 52
60 53
60 54
60 54
61 55
61 56
61 56
62 57
62 58
62 58
62 59
62 60
62 60
62 61
62 61
62 62
62 62
62 63
62 63
62 63
62 64
62 64
62 64
62 64
63 63
64 62
65 61
66 60
67 60
68 59
69 58
70 57
70 57
71 58
71 58
71 57
71 57
72 56
72 56
72 55
72 55
72 54
72 54
73 53
73 53
73 52
73 52
73 51
73 50
73 50
73 49
73 48
73 48
74 47
74 46
74 46
74 45
74 44
74 44
74 43
74 42
74 42
74 41
74 40
74 40
74 39
74 39
74 38
74 38
73 37
73 37
73 36
73 36
73 35
73 35
72 35
72 35
72 35
71 34
71 34
71 34
70 35
70 35
70 36
70 36
69 37
69 37
68 38
68 38
68 39
68 40
68 40
68 41
67 42
67 43
67 43
67 44
67 45
67 46
67 46
67 47
67 48
67 49
67 49
67 50
67 51
67 52
67 52
67 53
67 54
67 55
67 55
67 56
67 57
67 57
68 58
68 59
68 59
68 60
68 60
69 61
69 61
70 61
70 61
70 61
71 60
71 60
72 59
72 58
72 58
73 57
73 56
73 56
74 55
74 54
74 54
74 53
74 52
74 51
74 51
75 50
75 50
75 49
75 48
75 48
74 48
74 48
74 48
74 48
74 47
74 47
74 47
74 47
74 48
74 48
73 49
73 50
73 50
73 51
73 52
73 53
73 53
73 54
73 55
73 56
73 56
73 57
74 58
74 59
74 59
74 60
74 61
74 62
74 62
74 63
75 64
75 65
75 65
75 66
75 67
75 68
75 68
75 69
76 70
76 71
76 71
76 72
76 73
76 74
76 74
76 75
76 76
76 77
76 77
76 78
76 79
76 80
76 80
76 81
76 82
76 83
76 83
76 84
76 85
76 86
76 86
76 87
76 88
76 89
76 89
75 90
75 91
75 91
75 92
75 93
75 93
74 94
74 95
74 95
73 96
73 97
73 97
72 98
72 99
72 99
71 100
71 100
70 100
70 100
69 100
69 100
68 100
67 100
67 100
66 99
65 99
65 99
64 98
64 97
64 97
63 96
63 95
63 95
63 94
62 93
62 92
62 92
62 91
61 90
61 89
61 89
60 88
60 87
60 87
60 86
60 85
60 85
60 84
60 84
60 83
60 82
60 82
61 81
62 80
63 79
64 78
65 78
66 77
67 76
68 75
69 74
70 73
71 72
72 71
73 71
74 70
75 69
76 68
77 67
78 66
79 65
80 64
81 63
82 63
83 62
84 61
85 60
86 59
87 58
88 57
89 56
90 56
91 55
92 54
93 53
94 52
94 52
94 51
95 50
95 49
95 49
95 48
95 48
95 47
95 47
95 46
95 46
95 45
95 45
95 44
95 43
95 43
94 42
94 42
94 41
94 40
94 40
94 39
94 39
93 38
93 38
93 38
92 38
92 38
91 38
91 38
90 38
90 38
90 39
90 39
89 40
89 41
89 41
88 42
88 43
88 43
87 44
87 45
87 45
87 46
86 47
86 48
86 48
86 49
86 50
86 51
86 52
86 52
86 53
86 54
86 55
86 55
86 56
86 57
86 58
86 58
86 59
86 60
86 60
86 61
86 62
86 62
86 63
86 64
86 64
87 65
87 65
87 66
87 66
88 66
88 66
88 66
88 65
88 65
89 64
89 64
90 63
90 62
90 62
91 61
91 60
91 60
91 59
91 58
91 58
92 57
92 56
92 56
93 55
93 54
93 54
93 53
93 53
93 52
93 52
93 51
93 51
93 50
93 50
93 49
93 49
93 48
93 48
92 47
92 47
92 46
92 46
92 46
92 45
92 45
92 45
92 45
92 45
92 45
92 45
92 45
92 46
92 46
92 47
92 47
92 48
92 48
92 49
92 49
92 50
92 51
92 51
92 52
92 53
92 53
92 54
92 54
93 55
93 55
93 56
93 57
93 57
94 58
94 58
94 59
94 59
95 59
95 59
96 60
96 60
97 60
97 60
98 61
98 61
99 61
99 61
99 62
99 62
99 62
100 62
100 62
100 62
100 62
100 62
100 62
99 62
