0 1
0 2
0 3
0 4
0 5
0 6
0 7
0 7
0 8
0 9
0 10
0 11
0 12
0 12
0 13
0 14
0 15
0 16
0 17
0 17
0 18
0 19
0 20
0 21
0 22
0 23
0 24
0 24
0 25
0 26
0 27
0 28
0 29
0 30
0 31
0 31
0 32
0 33
0 34
0 35
0 36
0 37
0 38
0 38
0 39
0 40
0 41
0 42
0 43
0 44
0 44
0 45
0 46
0 47
0 48
0 49
0 50
0 51
0 51
0 52
0 53
0 54
1 55
1 56
1 57
1 58
1 58
1 59
1 60
1 61
1 62
1 63
1 63
1 64
1 65
2 66
2 67
2 68
2 68
2 69
2 70
2 71
2 72
2 72
2 73
2 74
2 75
2 75
2 74
2 73
2 72
2 71
2 70
2 69
2 68
2 67
2 66
2 65
2 64
2 63
2 62
2 61
2 60
2 59
2 58
2 57
2 56
2 55
2 54
2 53
2 52
2 52
2 51
2 50
2 50
2 50
2 50
2 50
2 49
2 49
3 49
3 49
3 48
3 48
4 47
4 47
5 46
6 46
6 46
7 46
7 46
8 46
8 46
9 46
9 46
10 45
11 45
11 45
12 45
12 45
13 44
13 44
14 43
14 42
14 42
15 41
15 41
15 40
15 39
15 38
15 37
15 36
15 35
15 34
15 33
15 32
15 31
15 30
15 29
15 28
15 27
15 26
16 25
16 24
16 23
16 22
16 21
16 20
16 19
16 18
16 17
16 16
16 15
16 14
16 13
16 12
16 11
16 10
16 9
16 9
16 8
16 7
16 6
16 5
16 4
16 3
16 3
16 3
17 4
17 4
17 5
17 6
17 7
17 7
17 8
17 9
17 10
17 11
17 12
17 12
17 13
17 14
17 15
17 16
17 17
17 18
17 19
17 20
17 20
17 21
17 22
17 23
17 24
17 25
17 26
17 27
17 28
17 28
17 29
17 30
17 31
17 32
17 33
17 34
17 35
17 36
17 36
17 37
17 38
17 39
17 40
17 41
17 42
17 43
17 44
17 44
17 45
17 46
17 47
17 48
17 49
17 50
17 51
17 51
17 52
17 53
18 54
18 55
18 56
18 57
18 57
18 58
18 59
18 60
18 61
18 62
18 63
18 63
18 64
19 65
19 66
19 67
19 67
20 66
20 65
21 64
22 63
23 62
23 61
24 60
25 59
25 58
26 57
27 56
27 55
28 54
29 53
30 52
30 51
31 50
31 50
31 51
31 52
31 52
31 52
31 53
31 53
31 53
31 54
31 54
32 54
32 54
33 54
33 54
34 53
34 52
34 52
35 51
35 50
35 50
36 49
36 48
36 48
36 47
37 46
37 45
37 45
37 44
37 43
37 42
37 42
37 41
37 40
37 40
37 39
37 38
37 38
36 37
36 36
36 36
36 36
35 36
35 36
34 37
34 37
33 38
33 39
33 39
33 40
33 41
33 42
33 42
33 43
33 44
33 45
33 46
33 46
33 47
33 48
33 49
33 50
33 51
33 51
33 52
33 53
33 54
33 55
33 55
33 56
33 57
33 58
33 58
34 59
34 60
34 60
35 61
35 62
35 62
36 63
36 63
37 63
38 63
38 63
38 62
39 61
39 60
39 59
39 58
40 57
40 56
40 55
41 54
41 53
41 52
41 51
42 50
42 49
42 48
42 47
43 46
43 45
43 44
44 43
44 42
44 41
44 40
45 39
45 38
45 37
46 36
46 35
46 34
46 33
47 32
47 31
47 30
47 29
48 28
48 27
48 26
49 25
49 24
49 23
49 22
50 21
50 20
50 19
51 18
51 17
51 16
51 15
52 14
52 13
52 12
52 11
53 10
53 9
53 8
54 7
54 6
54 5
54 4
55 3
55 2
55 2
55 1
55 0
55 0
55 1
55 1
55 1
55 2
55 2
55 3
55 4
55 4
55 5
55 6
55 7
55 7
55 8
55 9
54 10
54 11
54 12
54 12
54 13
54 14
54 15
54 16
54 17
54 18
54 18
54 19
54 20
54 21
54 22
54 23
54 24
54 25
54 25
54 26
54 27
54 28
54 29
54 30
54 31
54 32
54 33
54 33
54 34
54 35
54 36
54 37
54 38
54 39
54 40
54 40
54 41
54 42
54 43
54 44
54 45
54 46
54 46
54 47
54 48
54 49
54 50
54 51
54 52
54 52
55 51
56 50
57 49
58 48
59 47
60 46
61 45
62 44
63 43
64 42
65 41
66 40
67 39
68 38
69 37
70 36
71 35
72 34
73 33
73 33
73 32
73 31
72 30
72 29
72 28
72 28
71 27
71 27
71 27
70 27
70 27
70 28
70 29
70 29
70 30
69 31
69 32
69 32
69 33
69 34
69 35
69 36
69 36
69 37
68 38
68 39
68 40
68 40
68 41
68 42
68 43
68 44
68 44
68 45
69 46
69 47
69 47
69 48
69 49
69 49
70 50
70 51
70 51
70 51
71 50
71 50
71 49
72 48
72 47
72 47
72 46
73 45
73 44
73 44
73 43
74 42
74 41
74 40
74 40
74 39
74 38
74 38
74 37
74 37
74 36
74 36
74 36
74 36
74 37
74 37
74 38
74 38
74 39
74 39
74 40
74 41
74 41
74 42
74 43
74 43
74 44
74 45
74 46
74 47
74 47
74 48
74 49
74 50
74 51
74 52
74 52
74 53
74 54
74 55
74 56
74 57
74 58
74 58
74 59
74 60
74 61
74 62
74 63
74 64
74 65
74 65
74 66
74 67
74 68
74 69
74 70
74 71
74 71
74 72
74 73
74 74
74 75
74 76
74 77
74 78
74 78
74 79
74 80
73 81
73 82
73 83
73 84
73 84
73 85
73 86
73 87
73 88
73 89
73 89
73 90
73 91
73 92
73 92
73 93
73 94
73 95
73 95
72 96
72 97
72 97
71 98
71 99
71 99
70 100
70 100
69 100
69 100
68 100
68 100
68 100
67 99
67 99
66 98
66 98
65 97
65 96
65 96
65 95
65 94
65 94
66 93
66 92
67 91
67 90
68 89
68 88
69 87
70 86
70 85
71 84
71 83
72 82
73 81
73 80
74 79
74 78
75 77
75 76
76 75
77 74
77 73
78 72
78 71
79 70
79 69
80 68
81 67
81 66
82 65
82 64
83 63
83 62
84 61
85 60
85 59
86 58
86 57
87 56
88 55
88 54
89 53
89 52
90 51
90 50
91 49
92 48
92 47
93 46
93 45
94 44
94 43
95 42
95 42
96 41
96 40
96 40
95 39
95 38
95 38
95 37
95 36
95 36
95 36
94 35
94 34
94 34
94 33
94 32
94 32
94 31
94 30
94 29
94 29
93 28
93 27
93 27
93 27
93 28
93 28
93 29
92 30
92 31
92 31
92 32
92 33
92 34
92 35
92 36
92 37
92 37
92 38
92 39
91 40
91 41
91 42
91 43
91 43
91 44
91 45
91 46
91 47
91 48
91 49
91 49
91 50
91 51
91 52
91 53
91 54
91 54
91 55
92 56
92 57
92 58
92 58
92 59
92 60
92 60
93 60
93 60
94 59
94 59
95 58
95 57
96 56
96 55
96 55
96 54
96 53
97 52
97 51
97 50
97 49
97 49
97 48
97 47
98 46
98 45
98 44
98 43
98 43
98 42
98 41
99 40
99 39
99 38
99 37
99 37
99 36
99 35
99 35
99 35
99 36
99 37
99 37
99 38
99 39
99 40
99 41
99 42
99 42
99 43
99 44
99 45
99 46
99 47
99 48
99 48
99 49
99 50
99 51
99 52
99 53
99 53
99 54
99 55
99 56
99 57
99 58
99 59
99 59
99 60
100 61
100 62
100 63
