1 0
1 0
1 0
0 0
0 0
0 1
0 1
0 2
0 3
0 3
0 4
0 5
0 5
0 6
0 7
0 7
0 8
0 9
0 10
0 11
0 12
0 12
0 13
0 14
0 15
0 16
0 17
0 18
0 18
0 19
0 20
0 21
0 22
0 23
0 24
0 25
0 26
0 26
0 27
0 28
0 29
0 30
0 31
0 32
0 33
0 34
0 34
0 35
0 36
0 37
1 38
1 39
1 40
1 41
1 42
1 42
1 43
1 44
1 45
1 46
1 47
1 48
1 49
1 50
1 50
1 51
1 52
2 53
2 54
2 55
2 56
2 56
2 57
2 58
2 59
2 60
2 61
2 62
2 62
2 63
2 64
2 65
2 66
2 66
2 65
2 64
2 63
2 62
2 61
2 60
2 59
3 58
3 57
3 56
3 55
3 54
3 53
3 52
3 51
3 51
3 50
3 49
3 49
3 49
3 49
3 49
4 49
4 49
5 49
5 49
6 50
6 50
7 51
8 51
8 51
9 51
10 51
10 51
11 51
12 51
12 51
13 51
14 51
14 51
15 51
15 51
16 51
16 51
16 50
16 49
16 48
16 47
16 46
16 45
16 44
16 43
16 42
16 41
17 40
17 39
17 38
17 37
17 36
17 35
17 34
17 33
17 32
17 31
17 30
17 29
17 28
17 27
17 26
17 25
17 24
17 23
17 22
17 21
18 20
18 19
18 18
18 17
18 16
18 15
18 14
18 13
18 12
18 11
18 10
18 10
19 11
20 11
20 11
20 10
20 9
20 9
19 8
19 8
19 9
19 10
19 10
19 11
19 11
19 12
19 13
19 14
19 14
19 15
19 16
19 17
19 18
19 18
19 19
19 20
19 21
19 22
19 23
19 23
19 24
19 25
20 26
20 27
20 28
20 29
20 29
20 30
20 31
20 32
20 33
20 34
20 34
20 35
20 36
20 37
20 38
20 39
20 40
20 41
20 41
20 42
20 43
21 44
21 45
21 46
21 47
21 47
21 48
21 49
21 50
21 51
21 52
21 52
21 53
21 54
21 55
21 56
21 56
21 57
22 58
22 59
22 60
22 60
22 61
22 62
22 63
22 64
22 64
23 63
24 63
25 62
26 61
27 61
28 60
29 59
30 58
31 58
32 57
33 56
34 56
35 55
35 55
35 54
35 54
35 53
35 52
35 52
35 51
35 51
35 52
35 52
35 52
36 52
36 52
36 53
36 53
37 53
38 53
38 53
39 54
39 54
40 54
40 54
41 53
41 53
42 52
42 52
43 52
43 52
43 51
43 50
43 50
43 49
43 49
43 48
43 47
43 47
42 46
42 46
41 45
41 44
41 44
40 44
40 44
39 44
38 44
38 44
37 45
37 45
37 46
37 47
37 47
36 48
36 49
36 49
36 50
36 51
36 52
36 52
36 53
36 54
36 55
36 56
36 56
36 57
37 58
37 59
37 59
37 60
37 61
37 62
37 62
38 63
38 64
38 64
39 65
39 66
39 66
40 67
40 68
40 68
41 68
42 68
42 68
42 67
43 66
43 65
43 64
43 63
44 62
44 61
44 60
45 59
45 58
45 57
45 56
46 55
46 54
46 53
47 52
47 51
47 50
47 49
48 48
48 47
48 46
49 45
49 44
49 43
50 42
50 41
50 40
50 39
51 38
51 37
51 36
52 35
52 34
52 33
52 32
53 31
53 30
53 29
54 28
54 27
54 26
54 25
55 24
55 23
55 22
56 21
56 20
56 19
56 18
57 17
57 16
57 16
57 16
57 15
57 15
56 14
56 14
57 15
57 15
56 16
56 16
56 17
56 18
56 19
56 19
56 20
56 21
56 22
56 23
56 24
56 24
56 25
56 26
56 27
56 28
56 28
56 29
56 30
56 31
56 32
56 33
56 33
56 34
56 35
56 36
56 37
56 38
56 38
56 39
56 40
56 41
56 42
56 43
56 44
56 44
56 45
56 46
55 47
55 48
55 49
55 49
55 50
55 51
55 52
55 53
55 53
55 54
55 55
55 56
55 57
55 57
55 58
56 59
56 60
56 60
56 61
56 62
56 63
56 64
56 64
56 65
57 66
57 67
57 67
58 66
59 66
60 65
61 65
62 64
63 64
64 63
65 62
66 62
67 61
68 61
69 60
70 60
71 59
72 58
73 58
74 57
75 57
76 56
77 56
78 55
78 55
79 56
80 56
80 56
80 55
80 55
80 54
80 53
80 52
80 52
80 51
80 50
80 50
79 49
79 49
79 48
79 47
79 47
78 46
78 46
77 45
77 45
77 45
76 45
76 45
76 46
76 46
75 47
75 48
75 48
75 49
75 50
75 51
75 51
75 52
75 53
75 54
75 54
75 55
75 56
75 57
75 58
75 58
75 59
75 60
75 60
76 61
77 61
77 61
78 62
78 62
79 61
79 61
80 60
80 60
81 59
81 58
81 58
81 57
81 57
81 56
81 55
81 55
80 54
80 54
80 53
80 52
80 52
79 52
79 52
79 52
79 53
79 53
79 54
79 55
79 56
79 56
79 57
79 58
79 59
79 60
79 60
79 61
79 62
79 63
79 64
79 65
79 66
79 66
79 67
79 68
79 69
79 70
79 71
79 71
79 72
79 73
79 74
79 75
79 76
79 77
79 77
79 78
79 79
78 80
78 81
78 82
78 83
78 83
78 84
78 85
78 86
78 87
78 88
78 88
78 89
78 90
77 91
77 92
77 93
77 93
77 94
77 95
77 96
77 97
77 97
76 98
76 99
76 99
75 100
75 100
74 100
74 100
73 100
72 100
72 100
71 99
71 99
70 98
70 97
70 97
69 96
69 95
69 95
69 94
68 93
68 92
68 92
68 91
68 90
68 90
68 89
67 88
67 87
67 87
67 86
67 85
67 84
67 84
68 83
69 82
70 81
71 80
72 79
73 78
74 77
75 76
75 75
76 74
77 73
78 72
79 71
80 70
81 69
82 68
83 67
84 66
85 65
86 64
87 63
88 62
89 61
90 60
90 59
91 58
92 57
93 56
94 55
95 54
96 53
97 52
97 52
97 51
97 50
97 49
97 48
97 48
97 47
97 47
97 47
96 46
96 45
96 45
95 45
95 45
94 45
94 45
94 46
94 46
93 47
93 48
93 48
92 49
92 49
92 50
92 51
92 52
92 52
92 53
92 54
92 55
92 55
92 56
92 57
92 58
92 58
92 59
92 60
92 60
92 61
92 62
92 62
93 63
93 63
94 64
94 64
95 64
95 64
96 63
96 62
96 62
97 61
97 61
97 60
98 59
98 58
98 58
98 57
98 56
98 56
98 55
98 54
98 53
98 53
98 52
98 51
98 50
98 50
98 49
98 48
98 48
98 48
98 48
97 49
97 49
97 50
97 51
97 52
97 52
97 53
97 54
97 55
97 55
97 56
96 57
96 58
96 58
96 59
97 60
97 61
97 62
97 62
97 63
97 64
97 64
97 65
98 66
98 67
98 67
99 68
100 69
