0 20
0 20
0 19
0 18
0 17
0 17
0 17
0 16
0 16
0 16
0 16
0 16
0 17
0 17
0 18
0 19
0 19
1 20
1 21
1 21
1 22
1 23
1 24
1 25
1 25
1 26
2 27
2 28
2 29
3 30
3 31
3 31
3 32
3 33
3 34
4 35
4 36
4 37
4 38
4 38
4 39
4 40
4 41
5 42
5 43
5 44
5 45
5 45
5 46
5 47
5 48
6 49
6 50
6 51
6 52
6 52
6 53
7 54
7 55
7 56
7 57
8 58
8 59
8 59
8 60
8 61
8 62
9 63
9 64
9 65
9 66
9 66
9 67
10 68
10 69
10 70
11 71
11 72
11 72
11 73
11 74
12 75
12 76
12 77
12 77
12 78
13 79
13 80
13 81
13 81
13 82
14 83
14 84
14 84
14 85
15 86
15 87
15 87
15 88
15 89
15 90
15 90
16 91
16 92
16 92
16 93
16 93
16 93
16 93
16 92
16 91
16 90
16 89
16 88
16 87
16 86
16 85
16 84
16 83
16 82
16 81
16 80
16 79
16 78
16 77
16 76
16 75
17 74
17 73
17 72
17 71
17 70
17 69
17 68
17 67
17 66
17 65
17 64
17 63
17 62
17 61
17 60
17 59
17 58
17 57
17 56
17 55
17 54
17 53
17 52
17 51
17 50
17 49
17 48
17 47
17 46
17 45
17 44
17 43
17 42
17 41
17 40
17 39
17 38
17 37
18 36
18 35
18 34
18 33
18 32
18 31
18 30
18 29
18 28
18 27
18 26
18 25
18 24
18 23
18 22
18 21
18 20
18 19
18 18
18 17
18 17
18 18
18 19
18 19
17 19
17 19
17 20
16 21
16 22
16 22
15 23
15 24
15 24
15 25
15 26
15 26
15 27
14 28
14 29
14 30
14 30
14 31
14 32
14 33
14 34
14 34
14 35
14 36
13 37
13 38
13 39
13 39
13 40
13 41
13 42
13 43
13 44
13 44
13 45
13 46
13 47
12 48
12 49
12 50
12 51
12 51
12 52
12 53
11 54
11 55
11 56
11 57
11 57
11 58
11 59
11 60
11 61
11 62
11 63
11 64
11 64
11 65
11 66
11 67
10 68
10 69
10 70
10 71
10 71
10 72
10 73
9 74
9 75
9 76
9 77
9 77
9 78
9 79
8 80
8 81
8 82
8 83
8 83
8 84
8 85
7 86
7 87
7 88
7 88
7 89
7 90
7 91
7 92
7 93
7 93
7 94
6 95
6 96
6 96
6 97
6 98
6 99
6 99
6 100
6 100
6 100
6 99
7 98
7 97
7 96
7 95
8 94
8 93
8 92
8 91
9 90
9 89
9 88
9 87
10 86
10 85
10 84
10 83
11 82
11 81
11 80
11 79
12 78
12 77
12 76
12 75
13 74
13 73
13 72
13 71
14 70
14 69
14 68
14 67
15 66
15 65
15 64
15 63
16 62
16 61
16 60
16 59
17 58
17 57
17 56
17 55
18 54
18 53
18 52
18 51
19 50
19 49
19 48
19 47
20 46
20 45
20 44
20 43
21 42
21 41
21 40
21 39
22 38
22 37
22 36
22 35
23 34
23 33
23 32
23 31
24 30
24 29
24 28
24 27
25 26
25 25
25 24
25 23
26 22
26 21
26 20
26 19
27 18
27 17
27 16
27 15
28 14
28 13
28 12
28 11
29 10
29 9
29 9
30 10
30 11
30 11
30 10
30 10
29 11
29 11
30 12
30 13
30 13
30 14
30 15
30 16
30 16
30 17
31 18
31 19
31 20
31 20
31 21
32 22
32 23
32 24
32 24
32 25
33 26
33 27
33 28
33 28
33 29
33 30
34 31
34 32
34 33
34 33
34 34
34 35
34 36
34 37
34 38
34 38
34 39
35 40
35 41
35 42
35 42
35 43
36 44
36 45
36 46
36 46
36 47
36 48
36 49
36 49
37 50
37 50
37 51
37 51
37 50
37 49
38 48
38 47
38 46
38 45
38 44
39 43
39 42
39 41
39 40
39 39
40 38
40 37
40 36
40 35
40 34
41 33
41 32
41 31
41 30
42 29
42 28
42 27
42 26
42 25
43 24
43 23
43 22
43 21
43 20
44 19
44 18
44 17
44 16
44 15
45 14
45 13
45 12
45 12
45 11
46 10
46 9
46 9
46 8
46 8
46 8
46 9
46 9
46 10
45 11
45 12
45 12
45 13
45 14
45 15
45 16
45 16
45 17
45 18
44 19
44 20
44 21
44 21
44 22
44 23
44 24
43 25
43 26
43 27
43 28
43 28
43 29
43 30
43 31
42 32
42 33
42 34
42 35
42 35
42 36
42 37
42 38
41 39
41 40
41 41
41 42
41 43
41 43
41 44
41 45
41 46
40 47
40 48
40 49
40 50
40 50
40 51
40 52
40 53
39 54
39 55
39 56
39 57
39 58
39 58
39 59
39 60
39 61
38 62
38 63
38 64
38 65
38 66
38 66
38 67
38 68
38 69
38 70
38 71
38 72
38 73
38 74
38 74
38 75
38 76
37 77
37 78
37 79
37 79
37 80
37 81
37 82
37 83
37 83
37 84
37 85
37 86
37 87
37 87
37 88
36 89
36 90
36 91
36 91
36 92
36 93
36 93
36 94
36 95
36 95
36 96
36 96
36 95
37 94
37 93
38 92
38 91
38 90
39 89
39 88
40 87
40 86
40 85
41 84
41 83
41 82
42 81
42 80
43 79
43 78
43 77
44 76
44 75
45 74
45 73
45 72
46 71
46 70
47 69
47 68
47 67
48 66
48 65
49 64
49 63
49 62
50 61
50 60
50 59
51 58
51 57
52 56
52 55
52 54
53 53
53 52
54 51
54 50
54 49
55 48
55 47
56 46
56 45
56 44
57 43
57 42
57 41
58 40
58 39
59 38
59 37
59 36
60 35
60 34
61 33
61 32
61 32
61 31
62 30
62 29
62 28
63 27
63 26
63 26
63 25
63 24
63 23
63 23
62 22
62 21
62 21
61 20
61 20
60 20
60 20
59 21
59 21
59 22
58 23
58 24
58 24
58 25
57 26
57 27
56 28
56 29
56 29
56 30
56 31
55 32
55 33
55 34
55 35
55 35
55 36
55 37
55 38
54 39
54 40
54 41
54 42
54 42
54 43
54 44
54 45
54 46
54 47
54 48
54 49
54 49
54 50
54 51
53 52
53 53
53 54
53 55
53 55
53 56
53 57
53 58
53 59
53 59
53 60
54 61
54 62
54 63
54 63
54 64
54 65
54 65
54 66
55 67
55 68
55 68
56 69
56 69
57 69
57 69
58 68
58 68
59 67
59 66
59 66
60 65
60 64
61 63
61 63
61 62
62 61
62 60
63 59
63 58
63 58
63 57
63 56
64 55
64 54
64 53
64 52
64 52
64 51
65 50
65 49
65 48
65 47
66 46
66 45
66 44
66 44
66 43
66 42
67 41
67 40
67 39
67 38
68 37
68 36
68 35
68 35
68 34
68 33
68 32
68 31
68 30
69 29
69 28
69 27
69 26
69 25
69 24
69 24
69 23
69 22
69 21
69 20
70 19
70 18
70 17
70 16
70 15
70 15
70 14
70 13
70 12
71 11
71 10
71 9
71 8
71 7
71 7
71 6
71 5
72 4
72 3
72 2
72 2
72 1
72 0
72 0
72 0
72 0
72 1
72 2
72 3
72 3
72 4
71 5
71 6
71 7
71 7
71 8
71 9
70 10
70 11
70 12
70 13
70 13
70 14
70 15
70 16
70 17
69 18
69 19
69 20
69 21
69 22
69 22
69 23
69 24
69 25
68 26
68 27
68 28
68 29
68 30
68 30
68 31
68 32
68 33
68 34
68 35
68 36
68 37
68 38
68 39
68 40
68 40
68 41
68 42
68 43
67 44
67 45
67 46
67 47
67 48
67 48
67 49
67 50
67 51
66 52
66 53
66 54
66 55
66 55
66 56
66 57
66 58
66 59
66 60
66 60
66 61
65 62
65 63
65 64
65 64
65 65
65 66
65 67
65 68
65 68
64 69
64 70
64 70
64 71
64 71
64 72
64 72
64 72
64 71
64 70
64 70
64 69
64 68
64 68
64 67
64 66
65 65
65 64
65 63
65 63
65 62
65 61
66 60
66 59
66 58
66 57
66 57
66 56
66 55
67 54
67 53
67 52
67 51
67 51
67 50
68 49
68 48
68 47
68 47
68 46
69 45
69 44
69 43
69 43
69 42
70 41
70 40
71 39
71 38
71 38
71 37
71 37
72 38
72 38
72 39
72 40
72 40
72 41
72 42
72 43
72 44
72 44
72 45
72 46
72 47
72 48
72 49
72 50
72 50
72 51
72 52
72 53
71 54
71 55
71 56
71 57
71 57
71 58
71 59
71 60
71 61
71 62
71 63
71 63
71 64
71 65
71 66
71 67
71 68
71 68
71 69
71 70
71 71
71 72
71 73
71 73
71 74
71 75
71 76
71 76
71 77
71 78
71 78
71 79
71 79
71 78
72 77
72 76
73 75
73 74
73 73
74 72
74 71
74 70
75 69
75 68
76 67
76 66
76 65
77 64
77 63
78 62
78 61
78 60
79 59
79 58
80 57
80 56
80 55
81 54
81 53
81 52
82 51
82 50
83 49
83 48
83 48
83 47
84 46
84 45
84 44
84 44
84 43
84 42
84 42
84 41
84 40
84 40
83 39
83 39
83 38
83 38
82 38
82 38
82 38
81 39
81 39
80 40
80 41
80 41
80 42
79 43
79 44
79 44
79 45
79 46
79 46
79 47
78 48
78 49
78 49
78 50
78 51
78 52
78 52
78 53
78 54
78 55
78 55
77 56
77 57
77 57
77 58
77 59
77 60
77 60
77 61
77 62
77 63
77 63
78 64
78 65
78 65
78 66
78 66
78 67
78 67
79 67
79 67
79 67
80 66
80 66
80 65
80 64
80 64
81 63
81 63
81 62
82 61
82 60
82 60
83 59
83 58
83 58
83 57
83 56
83 55
83 55
83 54
84 53
84 52
84 51
84 51
84 50
85 49
85 48
85 48
85 47
85 46
85 45
85 44
85 44
86 43
86 42
86 42
86 41
86 40
86 40
87 40
87 40
87 40
87 40
87 40
87 41
87 42
87 42
87 43
87 44
87 45
87 45
87 46
86 47
86 48
86 49
86 49
86 50
86 51
86 52
86 53
86 53
86 54
86 55
86 56
86 57
86 57
86 58
85 59
85 60
85 60
85 61
85 62
85 63
85 63
85 64
85 65
85 65
86 66
86 67
86 67
86 68
86 69
86 69
86 70
86 70
86 70
87 70
87 70
87 69
87 69
88 68
88 68
88 67
89 66
89 65
89 65
89 64
90 63
90 62
90 61
90 61
90 60
91 59
91 58
91 58
92 57
92 56
93 55
93 54
93 54
93 53
93 52
94 51
94 50
94 49
94 49
94 48
95 47
95 46
95 45
95 45
95 44
96 43
96 42
96 42
96 41
96 40
96 39
96 39
97 38
97 37
97 37
97 37
97 37
96 37
96 37
96 38
96 39
96 39
96 40
96 41
96 42
96 43
96 43
96 44
96 45
95 46
95 47
95 48
95 48
95 49
94 50
94 51
94 52
94 52
94 53
94 54
94 55
94 56
94 57
94 57
94 58
94 59
94 60
94 61
94 62
94 63
94 63
94 64
94 65
94 66
94 67
94 67
94 68
94 69
94 70
94 71
94 71
94 72
95 73
95 74
95 75
95 75
96 76
96 77
96 77
97 78
97 79
97 79
97 80
97 80
98 81
98 81
99 82
99 82
100 81
100 81
100 80
100 79
100 78
99 77
99 76
99 75
99 74
99 73
99 72
99 71
99 70
98 69
98 68
98 67
98 66
98 65
98 64
98 63
98 62
97 61
97 60
97 59
97 58
97 57
97 56
97 55
96 54
96 53
96 52
96 51
96 50
96 49
96 48
96 47
95 46
95 45
95 44
95 43
95 42
95 41
95 40
95 39
94 38
94 37
94 36
94 35
94 34
94 33
94 32
93 31
93 30
93 29
93 28
93 27
93 26
93 25
93 24
92 23
92 22
92 21
92 20
92 19
92 18
92 17
92 16
91 15
91 14
91 13
91 12
91 12
91 11
90 10
90 9
90 9
90 8
90 8
90 8
90 8
90 9
90 9
90 10
90 10
91 11
91 11
91 12
91 13
91 13
92 14
92 14
92 15
92 16
92 16
92 17
92 18
92 18
93 19
93 19
93 20
93 20
93 21
93 21
93 21
93 21
