0 9
0 9
0 10
0 11
0 11
0 12
1 13
1 14
1 15
1 15
1 16
1 17
2 18
2 19
2 20
2 20
2 21
2 22
3 23
3 24
3 25
3 26
3 26
3 27
3 28
3 29
4 30
4 31
4 32
4 33
4 33
4 34
5 35
5 36
5 37
5 38
6 39
6 40
6 40
6 41
6 42
6 43
7 44
7 45
7 46
7 47
7 47
7 48
8 49
8 50
8 51
8 52
9 53
9 54
9 54
9 55
9 56
9 57
10 58
10 59
10 60
10 61
10 62
10 62
10 63
10 64
10 65
11 66
11 67
11 68
11 69
11 70
11 70
11 71
11 72
11 73
12 74
12 75
12 76
12 77
12 77
12 78
12 79
13 80
13 81
13 82
13 82
13 83
13 84
13 85
13 86
13 86
13 85
13 84
13 83
13 82
13 81
13 80
13 79
13 78
13 77
13 76
13 75
13 74
13 73
13 72
13 71
13 70
13 69
13 68
13 67
13 66
13 65
13 64
13 63
13 62
13 61
13 60
13 59
13 58
13 57
13 56
13 55
13 54
13 53
13 52
13 51
13 50
13 49
13 48
13 47
13 46
13 45
13 44
13 43
13 42
13 41
13 40
13 39
13 38
13 37
13 36
13 35
13 34
13 33
13 32
13 31
13 30
13 29
13 29
13 28
13 27
13 26
13 25
13 24
13 23
13 22
13 21
13 20
13 19
13 18
13 17
13 16
13 16
13 15
12 14
12 13
12 13
12 14
12 14
12 15
12 16
12 16
12 17
12 18
11 19
11 20
11 21
11 21
11 22
11 23
11 24
10 25
10 26
10 27
10 28
10 29
10 29
10 30
10 31
10 32
10 33
9 34
9 35
9 36
9 37
9 38
9 38
9 39
9 40
8 41
8 42
8 43
8 44
7 45
7 46
7 47
7 47
7 48
7 49
7 50
7 51
6 52
6 53
6 54
6 55
6 56
6 56
6 57
6 58
5 59
5 60
5 61
5 62
5 63
5 64
4 65
4 66
4 67
4 67
4 68
4 69
4 70
3 71
3 72
3 73
3 74
3 75
3 75
3 76
3 77
2 78
2 79
2 80
2 80
2 81
2 82
2 83
2 84
2 85
2 85
2 86
2 87
2 87
2 86
2 85
3 84
3 83
3 82
3 81
3 80
3 79
4 78
4 77
4 76
4 75
4 74
5 73
5 72
5 71
5 70
5 69
5 68
6 67
6 66
6 65
6 64
6 63
7 62
7 61
7 60
7 59
7 58
7 57
8 56
8 55
8 54
8 53
8 52
9 51
9 50
9 49
9 48
9 47
9 46
10 45
10 44
10 43
10 42
10 41
11 40
11 39
11 38
11 37
11 36
11 35
12 34
12 33
12 32
12 31
12 30
13 29
13 28
13 27
13 26
13 25
13 24
14 23
14 22
14 21
14 21
14 20
14 19
15 18
15 17
15 16
15 15
16 14
16 13
16 12
16 12
16 11
16 10
16 9
16 9
17 8
17 8
17 8
17 8
17 9
17 10
17 11
17 11
17 12
18 13
18 14
18 15
18 15
18 16
18 17
19 18
19 19
19 20
19 20
19 21
19 22
19 23
19 24
19 25
19 26
19 26
19 27
19 28
20 29
20 30
20 31
20 32
20 32
20 33
20 34
21 35
21 36
21 37
21 37
21 38
22 39
22 40
22 41
22 41
22 42
23 43
23 44
23 44
23 45
23 46
23 46
24 47
24 47
25 48
25 48
25 47
25 46
26 45
26 44
26 43
26 42
26 41
27 40
27 39
27 38
27 37
28 36
28 35
28 34
28 33
28 32
29 31
29 30
29 29
29 28
29 27
30 26
30 25
30 24
30 23
30 22
31 21
31 20
31 19
31 18
32 17
32 16
32 15
32 14
32 13
33 12
33 11
33 10
33 10
33 9
34 8
34 7
34 6
34 5
35 4
35 3
35 2
35 2
35 1
35 0
35 0
35 0
35 1
35 1
34 2
34 3
34 3
34 4
33 5
33 6
33 6
33 7
32 8
32 9
32 10
32 10
32 11
31 12
31 13
31 14
31 14
31 15
30 16
30 17
30 18
30 18
30 19
30 20
29 21
29 22
29 23
29 23
29 24
28 25
28 26
28 27
28 27
28 28
28 29
28 30
28 31
28 32
28 32
28 33
28 34
28 35
28 36
28 37
28 38
28 38
28 39
28 40
28 41
27 42
27 43
27 44
27 45
27 45
27 46
27 47
27 48
27 49
27 50
27 51
27 52
27 53
27 53
27 54
27 55
27 56
27 57
27 58
27 59
27 60
27 61
27 62
27 63
27 63
27 64
27 65
27 66
27 67
27 68
26 69
26 70
26 71
26 72
26 73
26 74
26 74
26 75
26 76
26 77
26 78
26 79
26 80
26 81
26 82
26 82
26 83
26 84
26 85
26 86
26 87
26 88
26 89
26 90
26 90
26 91
26 92
26 93
26 94
26 95
26 96
26 96
26 97
26 98
26 99
26 99
27 100
27 100
27 100
27 99
28 98
28 97
28 96
28 95
29 94
29 93
29 92
30 91
30 90
30 89
31 88
31 87
31 86
31 85
32 84
32 83
32 82
33 81
33 80
33 79
33 78
34 77
34 76
34 75
35 74
35 73
35 72
36 71
36 70
36 69
36 68
37 67
37 66
37 65
38 64
38 63
38 62
38 61
39 60
39 59
39 58
40 57
40 56
40 55
41 54
41 53
41 52
41 51
42 50
42 49
42 49
43 48
44 47
44 46
45 45
45 45
45 44
45 44
45 43
45 43
45 42
45 42
44 41
44 41
43 40
43 40
42 39
42 39
42 39
41 39
41 39
41 40
41 41
41 41
40 42
40 43
40 43
40 44
40 45
39 46
39 47
39 48
39 49
39 49
39 50
39 51
39 52
39 53
39 54
39 55
39 55
39 56
39 57
39 58
39 59
39 60
39 61
39 62
39 63
39 63
39 64
39 65
39 66
39 67
39 68
39 69
39 70
39 70
39 71
39 72
39 73
39 74
39 75
39 75
39 76
39 77
39 78
39 79
39 80
39 80
39 81
40 82
40 83
40 83
41 84
41 84
42 84
42 84
43 83
43 82
44 81
44 81
44 80
44 79
45 78
45 77
45 76
45 76
45 75
46 74
46 73
46 72
46 71
47 70
47 69
47 68
47 68
47 67
47 66
47 65
47 64
48 63
48 62
48 61
48 60
48 59
48 59
48 58
48 57
49 56
49 55
49 54
49 53
49 52
50 51
50 50
50 49
50 49
50 48
50 47
50 46
50 45
51 44
51 43
51 42
51 41
51 40
51 40
51 39
51 38
51 37
52 36
52 35
52 34
52 33
52 33
52 32
52 31
52 30
53 29
53 28
53 27
53 26
53 26
53 25
53 24
53 23
53 22
53 21
53 20
53 20
53 19
53 18
53 17
53 16
53 15
53 15
53 14
54 13
54 12
54 11
54 11
54 10
54 9
54 8
54 8
54 7
54 6
54 6
54 6
54 6
54 7
54 8
54 9
54 9
54 10
54 11
54 12
54 13
54 13
54 14
54 15
54 16
53 17
53 18
53 19
53 20
53 21
53 21
53 22
53 23
53 24
53 25
53 26
53 27
53 28
53 29
53 30
53 30
53 31
53 32
53 33
53 34
52 35
52 36
52 37
52 38
52 39
52 39
52 40
52 41
52 42
52 43
52 44
52 45
52 46
52 47
52 47
52 48
52 49
52 50
52 51
52 52
52 53
52 54
52 55
52 55
52 56
52 57
52 58
52 59
52 60
52 61
52 62
52 63
52 63
52 64
52 65
52 66
52 67
52 68
52 69
52 69
52 70
52 71
52 72
52 73
52 74
52 75
52 75
52 76
52 77
52 78
52 79
52 79
52 80
52 81
52 82
52 82
52 83
52 84
52 84
52 84
52 83
52 83
52 82
52 82
52 81
53 80
53 79
53 78
53 78
53 77
53 76
54 75
54 74
54 73
54 72
54 72
54 71
54 70
54 69
54 68
54 67
54 66
54 66
54 65
54 64
55 63
55 62
55 61
55 61
55 60
56 59
56 58
56 57
56 57
56 56
57 55
57 54
57 54
57 54
57 53
57 53
58 53
58 53
58 54
58 55
58 55
58 56
58 57
58 58
58 58
58 59
58 60
58 61
58 62
58 62
58 63
58 64
58 65
58 66
58 67
58 67
58 68
58 69
59 70
59 71
59 72
59 72
59 73
59 74
59 75
59 76
59 77
59 77
59 78
59 79
59 80
59 81
59 81
59 82
60 83
60 84
60 84
61 85
61 85
62 86
62 86
63 85
63 84
63 84
64 83
64 82
65 81
65 80
65 80
65 79
66 78
66 77
67 76
67 75
67 75
67 74
67 73
68 72
68 71
68 70
68 70
69 69
69 68
70 67
70 67
70 66
71 65
71 64
71 64
71 63
71 62
71 62
72 61
72 60
72 60
72 59
72 58
72 58
72 57
72 57
71 56
71 55
71 55
71 54
71 53
71 53
70 52
70 52
69 51
69 51
68 51
68 51
68 52
68 52
67 53
67 54
67 54
67 55
66 56
66 57
66 57
66 58
66 59
66 60
66 61
66 62
66 62
66 63
66 64
65 65
65 66
65 67
65 67
65 68
65 69
65 70
65 71
65 71
65 72
65 73
65 74
65 75
65 75
65 76
65 77
65 78
65 78
66 79
66 80
66 80
67 80
67 80
68 80
68 80
69 79
70 78
70 78
70 77
71 76
71 75
71 74
71 74
71 73
72 72
72 71
72 70
72 70
72 69
73 68
73 67
73 66
73 66
73 65
74 64
74 63
74 62
74 62
75 61
75 60
75 60
75 59
75 58
75 58
75 57
75 57
75 57
75 57
75 57
75 58
75 59
75 60
75 60
75 61
76 62
76 63
76 63
76 64
76 65
76 66
76 67
76 68
76 68
76 69
76 70
76 71
76 72
76 73
76 73
76 74
76 75
77 76
77 77
77 78
77 78
77 79
78 80
78 81
78 82
78 82
79 83
79 84
79 84
80 85
80 85
81 85
82 85
82 85
83 84
84 83
84 83
85 82
85 81
86 80
86 79
86 79
86 78
87 77
87 76
88 75
88 74
88 74
88 73
89 72
89 71
89 70
90 69
90 68
90 68
90 67
90 66
91 65
91 64
91 63
91 62
91 62
91 61
91 60
92 59
92 58
92 57
92 56
92 56
92 55
93 54
93 53
93 52
93 52
93 51
93 50
93 50
93 49
93 49
93 49
93 49
93 49
93 49
93 50
93 51
93 51
93 52
93 53
93 54
93 55
93 55
93 56
93 57
93 58
93 59
93 60
93 60
93 61
93 62
93 63
93 64
93 65
93 65
93 66
93 67
93 68
93 69
93 70
93 70
93 71
93 72
93 73
93 74
93 75
93 76
93 76
93 77
94 78
94 79
94 80
94 80
94 81
95 82
95 83
95 84
95 84
95 85
96 86
96 87
96 87
97 88
97 89
97 89
98 88
98 88
99 87
99 87
99 86
99 85
99 84
99 83
98 82
98 81
98 80
98 79
98 78
98 77
98 76
98 75
97 74
97 73
97 72
97 71
97 70
97 69
97 68
97 67
96 66
96 65
96 64
96 63
96 62
96 61
96 60
96 59
95 58
95 57
95 56
95 55
95 54
95 53
95 52
95 51
95 50
94 49
94 48
94 47
94 46
94 45
94 44
94 43
94 42
93 41
93 40
93 39
93 38
93 37
93 36
93 35
93 34
92 33
92 32
92 31
92 30
92 29
92 28
92 27
92 26
91 25
91 24
91 23
91 22
91 21
91 21
91 20
91 19
91 18
90 17
90 16
90 15
90 14
90 14
90 13
90 12
90 11
90 11
89 10
89 10
89 10
89 11
89 12
89 12
89 13
90 14
90 15
90 15
90 16
90 17
90 18
90 18
90 19
90 20
90 21
90 22
90 22
90 23
91 24
91 25
91 25
91 26
92 27
92 28
