0 11
0 12
0 12
0 13
0 14
0 14
0 15
0 16
0 16
0 17
1 18
1 19
1 20
1 20
1 21
1 22
1 23
1 24
1 24
1 25
1 26
2 27
2 28
2 29
2 29
2 30
2 31
3 32
3 33
3 34
3 35
3 35
3 36
3 37
4 38
4 39
4 40
4 41
4 41
4 42
4 43
4 44
5 45
5 46
5 47
5 48
5 48
5 49
5 50
5 51
6 52
6 53
6 54
6 55
6 56
6 56
6 57
6 58
6 59
7 60
7 61
7 62
7 63
7 63
7 64
7 65
8 66
8 67
8 68
8 69
8 69
8 70
9 71
9 72
9 73
10 74
10 75
10 75
10 76
10 77
10 78
10 79
10 80
10 80
10 81
10 82
11 83
11 84
11 85
11 85
11 86
12 87
12 88
12 88
12 89
12 90
12 91
12 91
13 92
13 93
13 93
13 92
13 91
13 90
13 89
13 88
13 87
13 86
13 85
13 84
13 83
13 82
13 81
13 80
13 79
13 78
12 77
12 76
12 75
12 74
12 73
12 72
12 71
12 70
12 69
12 68
12 67
12 66
12 65
12 64
12 63
12 62
12 61
12 60
12 59
12 58
12 57
12 56
12 55
12 54
12 53
12 52
12 51
12 50
12 49
12 48
12 47
12 46
11 45
11 44
11 43
11 42
11 41
11 40
11 39
11 38
11 37
11 36
11 35
11 34
11 33
11 32
11 31
11 30
11 29
11 29
11 28
11 27
11 26
11 25
11 24
12 23
12 22
12 21
12 20
12 19
12 18
12 18
13 17
13 16
13 16
13 15
13 15
13 16
13 17
13 18
13 18
13 19
12 20
12 21
12 22
12 22
12 23
12 24
12 25
12 26
12 27
12 28
12 28
12 29
12 30
12 31
12 32
11 33
11 34
11 35
11 36
11 37
11 37
11 38
11 39
10 40
10 41
10 42
10 43
10 44
9 45
9 46
9 47
9 47
9 48
9 49
9 50
9 51
9 52
8 53
8 54
8 55
8 56
8 57
8 58
8 58
8 59
8 60
7 61
7 62
7 63
7 64
7 65
7 66
6 67
6 68
6 69
6 69
6 70
6 71
6 72
6 73
5 74
5 75
5 76
5 77
5 78
5 79
5 79
5 80
5 81
4 82
4 83
4 84
4 85
3 86
3 87
3 88
3 88
3 89
3 90
3 91
2 92
2 93
2 94
2 95
2 95
2 96
2 97
2 98
2 99
2 99
2 100
2 100
2 100
2 99
2 98
3 97
3 96
3 95
3 94
4 93
4 92
4 91
4 90
4 89
5 88
5 87
5 86
5 85
5 84
6 83
6 82
6 81
6 80
7 79
7 78
7 77
7 76
7 75
8 74
8 73
8 72
8 71
8 70
9 69
9 68
9 67
9 66
10 65
10 64
10 63
10 62
10 61
11 60
11 59
11 58
11 57
12 56
12 55
12 54
12 53
12 52
13 51
13 50
13 49
13 48
13 47
14 46
14 45
14 44
14 43
15 42
15 41
15 40
15 39
15 38
16 37
16 36
16 35
16 34
16 33
17 32
17 31
17 30
17 29
18 28
18 27
18 26
18 25
18 24
19 23
19 22
19 21
19 20
19 19
20 18
20 17
20 16
20 15
21 14
21 13
21 12
21 12
21 13
21 13
20 12
20 11
20 11
20 11
20 12
20 12
21 13
21 14
21 14
21 15
21 16
21 17
21 17
21 18
21 19
21 20
21 21
21 21
21 22
21 23
22 24
22 25
22 26
22 26
22 27
22 28
22 29
22 30
22 31
22 32
22 32
22 33
22 34
23 35
23 36
23 37
23 37
23 38
24 39
24 40
24 41
24 41
24 42
24 43
24 44
24 45
24 46
24 46
24 47
25 48
25 49
25 49
25 50
26 51
26 52
26 52
26 53
26 54
26 54
26 53
26 52
27 51
27 50
27 49
27 48
27 47
27 46
28 45
28 44
28 43
28 42
28 41
29 40
29 39
29 38
29 37
29 36
29 35
30 34
30 33
30 32
30 31
30 30
30 29
31 28
31 27
31 26
31 25
31 24
32 23
32 22
32 21
32 20
32 19
32 18
33 17
33 16
33 15
33 15
33 14
33 13
34 12
34 11
34 10
34 9
34 9
34 9
34 9
34 9
34 10
34 11
34 11
34 12
33 13
33 14
33 14
33 15
33 16
33 17
33 17
33 18
32 19
32 20
32 20
32 21
31 22
31 23
31 24
31 24
31 25
30 26
30 27
30 28
30 28
30 29
30 30
29 31
29 32
29 33
29 33
29 34
28 35
28 36
28 37
28 37
28 38
27 39
27 40
27 41
27 41
27 42
27 43
27 44
27 45
27 45
27 46
26 47
26 48
26 49
26 49
26 50
26 51
26 52
26 53
26 53
26 54
26 55
26 56
26 57
26 57
26 58
26 59
26 60
26 61
26 62
26 62
26 63
26 64
26 65
26 66
26 67
26 68
26 68
26 69
26 70
26 71
26 72
26 73
26 74
26 74
26 75
26 76
26 77
26 78
26 79
26 80
26 81
26 81
26 82
26 83
26 84
26 85
26 86
26 87
26 88
26 88
26 89
26 90
26 91
26 92
26 92
26 93
26 94
26 95
26 96
26 96
26 97
26 98
26 98
26 99
26 99
26 98
27 97
27 96
28 95
28 94
29 93
29 92
30 91
30 90
30 89
31 88
31 87
32 86
32 85
33 84
33 83
34 82
34 81
34 80
35 79
35 78
36 77
36 76
37 75
37 74
38 73
38 72
38 71
39 70
39 69
40 68
40 67
41 66
41 65
42 64
42 63
42 62
43 61
43 60
44 59
44 58
45 57
45 56
46 55
46 54
46 53
47 52
47 51
48 50
48 49
49 48
49 47
50 46
50 45
50 45
50 44
50 43
50 42
50 41
50 40
50 40
50 39
50 39
49 38
49 38
48 37
48 37
48 38
48 38
47 39
47 39
47 40
46 41
46 42
46 42
46 43
46 44
46 45
46 46
46 47
46 47
46 48
46 49
45 50
45 51
45 52
45 53
45 53
45 54
45 55
44 56
44 57
44 58
44 58
44 59
44 60
44 61
44 62
44 63
44 64
44 64
44 65
44 66
44 67
44 68
44 69
44 69
44 70
44 71
44 72
44 73
44 74
44 74
44 75
44 76
44 77
44 78
44 78
45 79
45 80
45 80
46 81
46 81
47 80
47 79
47 79
47 78
48 77
48 76
48 76
48 75
48 74
48 73
49 72
49 71
49 70
49 69
49 68
49 67
49 66
50 65
50 64
50 63
50 62
50 61
50 60
50 59
50 58
51 57
51 56
51 55
51 54
51 53
51 52
51 51
52 50
52 49
52 48
52 47
52 46
52 45
52 44
53 43
53 42
53 41
53 40
53 39
53 38
53 37
53 36
54 35
54 34
54 33
54 32
54 31
54 30
54 29
55 28
55 27
55 26
55 25
55 24
55 23
55 22
56 21
56 20
56 19
56 18
56 17
56 16
56 15
56 14
57 13
57 12
57 11
57 10
57 9
57 8
57 7
58 6
58 5
58 4
58 3
58 3
58 3
58 3
58 3
58 3
58 3
58 4
57 5
57 6
57 7
57 7
57 8
57 9
57 10
57 10
57 11
57 12
57 13
57 14
57 15
57 16
57 17
57 17
57 18
57 19
57 20
56 21
56 22
56 23
56 24
56 25
56 25
56 26
56 27
56 28
56 29
55 30
55 31
55 32
55 33
55 34
55 34
55 35
55 36
55 37
55 38
54 39
54 40
54 41
54 42
54 43
54 43
54 44
54 45
54 46
54 47
54 48
54 49
54 50
54 51
54 52
54 53
54 53
54 54
54 55
54 56
53 57
53 58
53 59
53 60
53 60
53 61
53 62
53 63
53 64
53 65
53 65
53 66
53 67
53 68
53 69
53 70
53 70
53 71
53 72
53 73
53 73
53 74
53 75
53 76
53 76
53 77
53 77
53 77
53 76
53 76
53 75
53 74
53 73
53 73
53 72
54 71
54 70
54 70
54 69
54 68
54 67
54 66
54 66
54 65
54 64
55 63
55 62
55 61
55 61
55 60
56 59
56 58
56 57
56 57
56 56
56 55
56 54
56 53
56 53
56 52
56 51
57 50
57 49
57 48
57 48
58 47
58 46
58 46
59 45
59 44
59 44
59 44
60 45
60 46
60 46
60 47
60 48
60 48
60 49
60 50
60 51
60 52
60 53
60 53
60 54
60 55
60 56
60 57
60 58
60 58
60 59
60 60
60 61
60 62
60 63
60 63
60 64
60 65
60 66
60 67
60 68
60 68
60 69
60 70
60 71
60 72
60 73
60 74
60 74
60 75
61 76
61 77
61 78
61 78
61 79
62 80
62 81
62 82
62 82
63 83
63 84
63 84
64 84
64 84
65 83
65 82
66 81
66 81
66 80
67 79
67 78
68 77
68 76
68 76
68 75
69 74
69 73
69 72
70 71
70 70
70 70
71 69
71 68
72 67
72 66
73 65
73 64
73 64
73 63
73 62
74 61
74 60
74 59
74 58
74 58
74 57
75 56
75 55
76 54
76 53
76 53
76 52
76 51
77 50
77 49
77 48
77 48
77 47
77 46
77 45
77 45
77 44
77 43
77 42
77 42
76 41
76 40
76 40
76 39
76 38
76 38
75 37
75 36
75 36
74 35
74 35
74 35
73 35
73 35
73 36
73 36
73 37
72 38
72 39
72 40
72 40
72 41
72 42
72 43
72 44
72 44
72 45
72 46
71 47
71 48
71 49
71 50
71 50
71 51
71 52
71 53
71 54
71 55
71 56
71 56
71 57
71 58
70 59
70 60
70 61
70 61
70 62
70 63
70 64
70 65
70 66
70 66
70 67
70 68
70 69
70 70
70 70
70 71
71 72
71 73
71 73
71 74
71 74
72 75
72 75
73 75
73 75
73 74
74 73
74 72
74 72
74 71
75 70
75 69
75 69
75 68
75 67
76 66
76 65
76 64
76 64
76 63
76 62
77 61
77 60
77 59
77 59
77 58
78 57
78 56
78 55
78 55
78 54
78 53
78 52
78 51
78 51
79 50
79 50
79 50
79 51
79 51
79 52
79 53
79 54
79 54
79 55
79 56
79 57
79 58
79 58
79 59
79 60
79 61
79 62
79 62
79 63
79 64
79 65
79 66
79 66
79 67
79 68
79 69
79 70
79 70
79 71
80 72
80 73
80 73
81 74
81 75
81 75
82 75
83 75
83 75
84 74
85 74
85 74
85 73
86 72
86 71
86 71
87 70
87 69
88 68
88 67
88 67
88 66
89 65
89 64
89 63
90 62
90 61
90 61
90 60
90 59
91 58
91 57
91 56
91 56
91 55
91 54
92 53
92 52
92 51
92 51
92 50
93 49
93 48
93 47
93 47
93 46
93 45
93 44
93 44
93 43
93 42
93 42
93 41
93 41
93 41
93 41
93 41
93 42
93 43
93 44
93 44
93 45
93 46
93 47
93 47
93 48
93 49
93 50
93 51
93 52
93 52
93 53
93 54
93 55
93 56
93 57
93 57
93 58
93 59
93 60
93 61
93 62
93 62
93 63
93 64
93 65
93 66
93 67
93 67
93 68
93 69
94 70
94 71
94 72
94 73
94 73
94 74
94 75
94 76
94 77
94 78
94 78
94 79
94 80
95 81
95 82
95 83
95 83
95 84
96 85
96 86
96 87
96 87
96 88
97 89
97 90
97 90
98 90
98 90
99 90
100 90
100 90
100 89
100 88
100 87
100 86
100 85
99 84
99 83
99 82
99 81
99 80
99 79
99 78
99 77
99 76
99 75
99 74
98 73
98 72
98 71
98 70
98 69
98 68
98 67
98 66
98 65
98 64
97 63
97 62
97 61
97 60
97 59
97 58
97 57
97 56
97 55
97 54
97 53
96 52
96 51
96 50
96 49
96 48
96 47
96 46
96 45
96 44
96 43
96 42
95 41
95 40
95 39
95 38
95 37
95 36
95 35
95 34
95 33
95 32
95 31
94 30
94 29
94 28
94 27
94 26
94 25
94 24
94 23
94 22
94 21
93 20
93 19
93 18
93 17
93 16
93 15
93 14
93 13
93 12
93 11
93 10
92 9
92 8
92 7
92 6
92 5
92 4
92 4
91 3
91 2
91 2
90 1
90 0
90 0
90 1
90 1
90 2
90 2
90 3
91 4
91 5
91 5
91 6
91 7
91 8
91 9
91 9
91 10
91 11
91 12
91 13
91 13
91 14
91 15
91 16
91 17
91 17
91 18
92 19
92 20
92 20
92 21
92 22
