0 14
0 14
0 13
0 12
0 11
0 11
0 10
0 10
0 10
0 11
0 11
0 12
0 12
0 13
1 14
1 15
1 15
1 16
2 17
2 18
2 18
2 19
2 20
3 21
3 22
3 23
3 24
3 24
3 25
3 26
3 27
4 28
4 29
4 30
4 31
4 32
4 32
4 33
4 34
5 35
5 36
5 37
5 38
5 39
6 40
6 41
6 42
6 42
6 43
6 44
6 45
6 46
6 47
7 48
7 49
7 50
7 51
7 52
7 53
7 53
7 54
7 55
8 56
8 57
8 58
8 59
8 60
9 61
9 62
9 63
9 63
9 64
9 65
9 66
10 67
10 68
10 69
10 70
10 71
10 71
10 72
11 73
11 74
11 75
11 76
12 77
12 78
12 78
12 79
13 80
13 81
13 82
13 82
13 83
14 84
14 85
14 86
14 86
14 87
15 88
15 89
15 89
16 90
16 90
16 91
16 91
16 91
16 90
16 89
16 88
16 87
16 86
16 85
16 84
16 83
16 82
16 81
16 80
16 79
16 78
16 77
16 76
16 75
16 74
17 73
17 72
17 71
17 70
17 69
17 68
17 67
17 66
17 65
17 64
17 63
17 62
17 61
17 60
17 59
17 58
17 57
17 56
17 55
17 54
17 53
17 52
17 51
17 50
17 49
17 48
17 47
17 46
17 45
17 44
17 43
17 42
17 41
17 40
17 39
17 38
18 37
18 36
18 35
18 34
18 33
18 32
18 31
18 30
18 29
18 28
18 27
18 26
18 25
18 24
18 23
18 22
18 21
18 20
18 19
18 19
18 18
18 17
18 17
17 16
17 15
17 15
17 15
17 16
16 17
16 18
16 18
16 19
15 20
15 21
15 22
15 22
15 23
15 24
14 25
14 26
14 27
14 28
14 28
14 29
14 30
14 31
13 32
13 33
13 34
13 35
13 35
13 36
13 37
13 38
12 39
12 40
12 41
12 42
12 42
12 43
12 44
11 45
11 46
11 47
11 48
10 49
10 50
10 51
10 51
10 52
10 53
10 54
10 55
9 56
9 57
9 58
9 59
9 60
9 61
9 61
9 62
9 63
9 64
8 65
8 66
8 67
8 68
8 69
8 69
8 70
8 71
8 72
7 73
7 74
7 75
7 76
7 77
7 77
7 78
7 79
7 80
6 81
6 82
6 83
6 84
6 84
6 85
6 86
5 87
5 88
5 89
5 89
5 90
5 91
5 92
5 92
5 93
5 94
5 94
5 95
5 95
5 95
5 94
5 93
6 92
6 91
6 90
6 89
7 88
7 87
7 86
7 85
8 84
8 83
8 82
8 81
8 80
9 79
9 78
9 77
9 76
10 75
10 74
10 73
10 72
11 71
11 70
11 69
11 68
11 67
12 66
12 65
12 64
12 63
13 62
13 61
13 60
13 59
14 58
14 57
14 56
14 55
15 54
15 53
15 52
15 51
15 50
16 49
16 48
16 47
16 46
17 45
17 44
17 43
17 42
18 41
18 40
18 39
18 38
18 37
19 36
19 35
19 34
19 33
20 32
20 31
20 30
20 29
21 28
21 27
21 26
21 25
21 24
22 23
22 22
22 21
22 20
23 19
23 18
23 17
23 16
24 15
24 14
24 13
24 13
25 14
25 15
26 16
26 16
26 17
26 17
27 17
27 17
27 18
28 19
28 20
28 20
28 21
28 22
29 23
29 24
29 25
29 26
29 26
29 27
29 28
30 29
30 30
30 31
30 32
30 32
30 33
30 34
31 35
31 36
31 37
31 37
31 38
32 39
32 40
32 41
32 41
32 42
33 43
33 44
33 44
33 45
34 46
34 47
34 47
34 48
34 49
34 49
35 50
35 50
36 51
36 51
36 50
36 49
37 48
37 47
37 46
37 45
38 44
38 43
38 42
38 41
39 40
39 39
39 38
39 37
40 36
40 35
40 34
40 33
40 32
41 31
41 30
41 29
41 28
42 27
42 26
42 25
42 24
43 23
43 22
43 21
43 20
44 19
44 18
44 17
44 17
44 16
44 15
45 14
45 13
45 12
45 11
46 10
46 9
46 8
46 8
46 7
46 6
46 6
46 6
46 7
46 7
46 8
45 9
45 10
45 11
45 11
45 12
45 13
44 14
44 15
44 16
44 17
44 17
44 18
43 19
43 20
43 21
43 22
42 23
42 24
42 25
42 25
42 26
42 27
42 28
42 29
41 30
41 31
41 32
41 33
41 34
41 35
41 35
41 36
41 37
40 38
40 39
40 40
40 41
39 42
39 43
39 44
39 44
39 45
39 46
39 47
39 48
38 49
38 50
38 51
38 52
38 53
38 54
38 54
38 55
38 56
38 57
38 58
37 59
37 60
37 61
37 62
37 63
37 64
37 64
37 65
37 66
37 67
37 68
36 69
36 70
36 71
36 72
36 73
36 73
36 74
36 75
36 76
36 77
36 78
36 79
36 80
36 81
36 81
36 82
36 83
36 84
35 85
35 86
35 87
35 88
35 88
35 89
35 90
35 91
35 92
35 93
35 93
35 94
35 95
35 96
35 96
35 97
35 98
35 98
35 99
35 100
35 100
35 100
35 99
36 98
36 97
37 96
37 95
37 94
38 93
38 92
39 91
39 90
39 89
40 88
40 87
40 86
41 85
41 84
42 83
42 82
42 81
43 80
43 79
44 78
44 77
44 76
45 75
45 74
46 73
46 72
46 71
47 70
47 69
47 68
48 67
48 66
49 65
49 64
49 63
50 62
50 61
51 60
51 59
51 58
52 57
52 56
53 55
53 54
53 53
54 52
54 51
54 50
55 49
55 48
56 47
56 46
56 46
57 45
57 44
58 43
58 42
59 41
59 41
59 40
59 39
59 38
59 38
59 37
59 36
59 36
59 35
59 34
59 34
59 33
59 32
59 32
58 31
58 30
58 30
57 29
57 29
56 29
56 29
55 30
55 31
55 31
55 32
54 33
54 34
54 35
54 35
54 36
54 37
53 38
53 39
53 40
53 41
53 41
53 42
53 43
53 44
52 45
52 46
52 47
52 48
52 48
52 49
52 50
51 51
51 52
51 53
51 54
51 54
51 55
51 56
51 57
51 58
51 59
51 59
51 60
51 61
51 62
51 63
51 63
51 64
52 65
52 66
52 66
52 67
52 68
52 69
52 69
53 70
53 70
54 71
54 71
55 71
56 71
56 71
57 70
57 69
57 69
58 68
58 67
59 66
59 65
59 65
60 64
60 63
61 62
61 61
61 61
61 60
62 59
62 58
62 57
63 56
63 55
63 55
63 54
63 53
64 52
64 51
64 50
64 49
65 48
65 47
65 46
65 46
65 45
65 44
66 43
66 42
66 41
66 40
67 39
67 38
67 37
67 37
67 36
67 35
68 34
68 33
68 32
68 31
68 30
68 29
69 28
69 27
69 26
69 26
69 25
69 24
69 23
69 22
70 21
70 20
70 19
70 18
70 17
70 17
70 16
70 15
70 14
70 13
71 12
71 11
71 10
71 9
71 8
71 8
71 7
71 6
72 5
72 4
72 3
72 3
72 2
73 1
73 0
73 0
73 0
73 1
73 1
73 2
72 3
72 4
72 5
72 5
72 6
72 7
71 8
71 9
71 10
71 11
71 11
71 12
71 13
71 14
71 15
70 16
70 17
70 18
70 19
70 20
70 21
70 21
70 22
70 23
70 24
70 25
70 26
69 27
69 28
69 29
69 30
69 31
69 32
69 32
69 33
69 34
68 35
68 36
68 37
68 38
68 39
68 40
67 41
67 42
67 43
67 43
67 44
67 45
67 46
67 47
66 48
66 49
66 50
66 51
66 52
66 52
66 53
66 54
66 55
65 56
65 57
65 58
65 59
65 59
65 60
65 61
64 62
64 63
64 64
64 64
64 65
64 66
64 67
64 67
64 68
64 69
64 69
63 70
63 71
63 71
63 71
63 70
63 70
64 69
64 69
64 68
64 67
65 66
65 65
65 64
65 64
65 63
65 62
66 61
66 60
66 59
66 58
66 58
66 57
66 56
66 55
67 54
67 53
67 52
67 51
67 51
67 50
68 49
68 48
69 47
69 46
69 46
69 45
70 44
70 43
70 42
70 42
70 41
71 40
71 39
71 39
71 39
72 40
72 40
72 41
72 42
72 42
72 43
72 44
72 45
72 46
72 46
72 47
72 48
72 49
72 50
72 51
72 52
72 52
72 53
72 54
72 55
72 56
72 57
72 58
72 59
72 59
72 60
72 61
72 62
72 63
72 64
72 65
72 65
72 66
72 67
72 68
72 69
72 69
72 70
72 71
72 72
72 72
72 73
72 74
72 74
73 75
73 75
74 75
74 75
75 74
75 73
75 73
76 72
76 71
77 70
77 70
78 69
78 68
79 67
79 66
79 66
80 65
80 64
81 63
81 62
81 62
82 61
82 60
83 59
83 58
83 58
83 57
83 56
84 55
84 54
84 53
84 53
85 52
85 51
86 50
86 49
86 49
86 48
86 47
87 46
87 45
87 44
87 44
87 43
87 42
87 41
87 40
87 40
87 39
88 38
88 37
88 37
87 36
87 35
87 35
87 34
87 34
86 34
86 34
85 35
85 36
85 36
84 37
84 38
83 39
83 39
83 40
82 41
82 42
82 43
82 43
82 44
82 45
81 46
81 47
81 48
81 48
81 49
81 50
80 51
80 52
80 53
80 53
80 54
79 55
79 56
79 57
79 57
79 58
79 59
79 60
79 60
79 61
79 62
79 63
79 63
80 64
80 64
80 65
80 65
81 66
81 66
81 66
82 65
82 64
82 64
83 63
84 62
84 62
84 61
85 60
85 59
85 58
85 58
85 57
86 56
86 55
87 54
87 53
87 53
87 52
87 51
88 50
88 49
88 48
88 48
88 47
89 46
89 45
89 44
89 44
89 43
89 42
89 42
89 41
89 40
89 40
89 40
89 40
89 41
89 42
89 42
89 43
88 44
88 45
88 45
88 46
88 47
88 48
88 49
88 50
88 50
88 51
88 52
87 53
87 54
87 55
87 55
87 56
87 57
87 58
87 59
87 60
87 60
87 61
86 62
86 63
86 64
86 64
86 65
86 66
86 67
86 67
87 68
87 69
87 69
87 70
87 70
88 70
88 70
89 69
89 69
90 68
90 68
91 67
91 66
91 66
91 65
92 64
92 63
92 63
92 62
93 61
93 60
93 59
93 59
93 58
94 57
94 56
94 55
95 54
95 53
95 53
95 52
95 51
96 50
96 49
96 48
96 48
96 47
97 46
97 45
97 45
97 44
98 43
98 42
98 42
98 42
98 42
97 43
97 44
97 44
97 45
97 46
97 46
97 47
97 48
96 49
96 50
96 51
96 51
96 52
96 53
95 54
95 55
95 56
95 57
95 57
95 58
95 59
95 60
95 61
95 62
95 63
95 64
95 64
95 65
95 66
95 67
95 68
95 68
95 69
95 70
95 71
95 72
95 72
95 73
96 74
96 75
96 76
96 76
97 77
97 78
97 78
97 79
97 80
97 80
98 81
98 81
99 81
99 81
100 80
100 80
100 79
100 78
100 77
100 76
100 75
100 74
99 73
99 72
99 71
99 70
99 69
99 68
99 67
99 66
99 65
99 64
99 63
99 62
98 61
98 60
98 59
98 58
98 57
98 56
98 55
98 54
98 53
98 52
98 51
98 50
97 49
97 48
97 47
97 46
97 45
97 44
97 43
97 42
97 41
97 40
97 39
97 38
97 37
96 36
96 35
96 34
96 33
96 32
96 31
96 30
96 29
96 28
96 27
96 26
96 25
95 24
95 23
95 22
95 21
95 20
95 19
95 18
95 18
95 18
95 17
95 16
95 16
95 16
95 16
95 16
96 17
96 17
96 18
96 18
96 19
96 19
97 20
97 21
97 21
97 22
97 23
97 23
97 24
97 24
98 25
98 25
98 25
98 25
