1 29
1 28
1 27
1 26
1 25
1 25
1 24
1 23
0 22
0 21
0 20
0 20
0 19
0 18
0 17
0 17
0 16
0 15
0 15
0 14
0 13
0 12
0 12
0 12
0 12
0 12
0 13
1 14
1 15
1 16
1 16
2 17
2 18
3 19
3 20
3 20
3 21
3 22
3 23
3 24
4 25
4 26
4 27
4 28
4 29
4 29
4 30
4 31
4 32
4 33
4 34
5 35
5 36
5 37
5 38
5 39
5 40
5 41
5 41
5 42
5 43
5 44
6 45
6 46
6 47
6 48
6 49
6 50
6 51
7 52
7 53
7 54
7 55
7 55
7 56
7 57
7 58
8 59
8 60
8 61
8 62
8 63
8 64
8 65
8 66
9 67
9 68
9 69
9 70
9 70
9 71
9 72
10 73
10 74
10 75
10 76
10 77
11 78
11 79
11 80
11 80
11 81
11 82
11 83
12 84
12 85
12 86
12 87
12 87
12 88
12 89
13 90
13 91
13 92
13 92
13 93
14 94
14 95
14 95
14 96
14 97
14 97
14 98
14 98
14 98
14 97
14 97
14 96
14 95
14 94
14 93
14 92
14 91
14 90
14 89
14 88
14 87
14 86
14 85
14 84
14 83
14 82
14 81
14 80
14 79
14 78
14 77
14 76
14 75
14 74
14 73
14 72
14 71
14 70
14 69
14 68
14 67
14 66
14 65
14 64
15 63
15 62
15 61
15 60
15 59
15 58
15 57
15 56
15 55
15 54
15 53
15 52
15 51
15 50
15 49
15 48
15 47
15 46
15 45
15 44
15 43
15 42
15 41
15 40
15 39
15 38
15 37
15 36
15 35
15 34
15 33
15 32
15 31
15 30
15 29
15 29
15 28
15 27
16 26
16 25
16 24
16 23
16 23
16 22
16 21
16 20
16 20
15 20
15 20
15 21
15 21
15 22
15 23
14 24
14 25
14 26
14 26
14 27
14 28
14 29
14 30
13 31
13 32
13 33
13 34
13 35
13 35
13 36
13 37
12 38
12 39
12 40
12 41
12 42
12 43
11 44
11 45
11 46
11 46
11 47
11 48
11 49
10 50
10 51
10 52
10 53
10 54
10 55
9 56
9 57
9 58
9 59
9 59
9 60
9 61
9 62
8 63
8 64
8 65
8 66
8 67
8 68
7 69
7 70
7 71
7 72
7 72
7 73
7 74
7 75
7 76
7 77
6 78
6 79
6 80
6 81
6 82
6 83
6 83
6 84
6 85
6 86
5 87
5 88
5 89
5 90
5 91
5 91
5 92
4 93
4 94
4 95
3 96
3 97
3 97
3 98
3 99
3 99
3 99
4 98
4 98
4 97
4 96
4 95
5 94
5 93
5 92
5 91
5 90
5 89
6 88
6 87
6 86
6 85
6 84
6 83
7 82
7 81
7 80
7 79
7 78
7 77
8 76
8 75
8 74
8 73
8 72
8 71
9 70
9 69
9 68
9 67
9 66
9 65
10 64
10 63
10 62
10 61
10 60
10 59
11 58
11 57
11 56
11 55
11 54
11 53
12 52
12 51
12 50
12 49
12 48
12 47
12 46
13 45
13 44
13 43
13 42
13 41
13 40
14 39
14 38
14 37
14 36
14 35
14 34
15 33
15 32
15 31
15 30
15 29
15 28
16 27
16 26
16 25
16 24
16 23
16 22
17 21
17 20
17 19
17 18
17 17
17 16
18 15
18 14
18 13
18 12
18 11
18 10
19 9
19 8
19 7
19 6
19 5
19 4
20 3
20 2
20 1
20 0
20 0
20 1
21 2
21 3
21 4
21 5
22 6
22 7
22 8
22 8
22 9
21 10
21 11
21 11
22 12
22 13
22 13
22 14
22 15
22 16
23 17
23 18
23 19
23 20
23 20
23 21
23 22
23 23
23 24
23 25
23 25
23 26
23 27
24 28
24 29
24 30
24 30
24 31
24 32
24 33
24 34
24 35
24 35
24 36
24 37
25 38
25 39
25 40
25 40
25 41
25 42
25 43
25 43
26 44
26 45
26 45
26 46
26 46
27 46
27 46
27 45
27 44
28 43
28 42
28 41
28 40
28 39
28 38
29 37
29 36
29 35
29 34
29 33
29 32
30 31
30 30
30 29
30 28
30 27
30 26
31 25
31 24
31 23
31 22
31 21
31 20
32 19
32 18
32 17
32 16
32 16
33 15
33 14
34 13
34 13
34 13
34 13
33 13
33 13
32 14
32 14
32 15
31 16
31 17
31 17
31 18
30 19
30 20
30 21
30 21
30 22
29 23
29 24
29 25
29 25
29 26
28 27
28 28
28 28
28 29
28 30
28 31
28 32
28 32
27 33
27 33
27 34
27 34
27 34
27 35
27 35
27 35
27 35
27 36
27 36
27 37
27 38
27 38
27 39
27 40
27 41
27 42
27 42
27 43
27 44
27 45
27 46
27 47
27 47
27 48
27 49
27 50
27 51
27 52
27 53
27 53
27 54
27 55
27 56
27 57
27 58
27 59
27 60
27 60
27 61
27 62
27 63
27 64
27 65
27 66
27 67
27 68
27 69
27 69
27 70
27 71
27 72
27 73
27 74
27 75
27 76
27 76
27 77
27 78
27 79
26 80
26 81
26 82
26 83
26 84
26 84
26 85
26 86
26 87
26 88
26 89
26 90
26 90
26 91
26 92
26 93
26 94
26 95
26 95
26 96
26 97
26 98
26 98
26 99
26 100
26 100
26 100
26 100
26 100
26 99
26 99
27 98
27 97
27 97
27 96
28 95
28 94
29 93
29 92
29 91
30 90
30 89
30 88
31 87
31 86
32 85
32 84
32 83
33 82
33 81
34 80
34 79
34 78
35 77
35 76
35 75
36 74
36 73
37 72
37 71
37 70
38 69
38 68
39 67
39 66
39 65
40 64
40 63
40 62
41 61
41 60
42 59
42 58
42 57
43 56
43 55
44 54
44 53
44 52
45 51
45 50
45 49
46 48
46 47
47 46
47 45
47 45
48 45
49 45
50 45
50 45
50 44
50 43
50 43
50 42
50 41
50 41
50 40
50 39
50 38
50 38
50 37
50 36
50 36
50 35
49 34
49 33
49 32
49 32
49 31
49 30
49 29
49 29
48 28
48 27
48 27
48 26
48 25
48 25
47 25
47 25
46 26
46 26
46 27
45 28
45 29
45 30
45 30
45 31
45 32
44 33
44 34
44 35
44 36
44 36
44 37
44 38
44 39
43 40
43 41
43 42
43 43
43 43
43 44
43 45
42 46
42 47
42 48
42 49
41 50
41 51
41 52
41 52
41 53
41 54
41 55
41 56
41 57
41 58
41 59
41 60
41 61
41 61
41 62
41 63
41 64
41 65
40 66
40 67
40 68
40 69
40 70
40 70
40 71
40 72
40 73
40 74
40 75
40 76
40 76
40 77
40 78
41 79
41 80
41 81
41 81
42 82
43 83
43 83
44 84
44 84
45 83
46 83
46 83
47 82
48 81
48 81
49 80
49 79
50 78
50 77
51 76
51 76
51 75
52 74
52 73
52 72
53 71
53 70
53 70
53 69
54 68
54 67
54 66
54 65
55 64
55 63
55 62
55 62
55 61
56 60
56 59
56 58
56 57
57 56
57 55
57 54
57 54
57 53
57 52
57 51
58 50
58 49
58 48
58 47
58 46
58 46
58 45
59 44
59 43
59 42
59 41
60 40
60 39
60 39
60 38
60 37
61 36
61 35
61 34
61 33
61 33
61 32
61 31
61 30
61 29
61 28
61 28
61 27
61 26
61 25
61 24
61 24
61 23
61 22
61 21
61 20
61 20
61 19
61 19
60 18
60 18
60 18
59 18
59 18
59 19
59 20
59 20
59 21
58 22
58 23
58 23
58 24
58 25
58 26
57 27
57 28
57 29
57 30
57 30
57 31
57 32
57 33
56 34
56 35
56 36
56 37
56 38
56 38
56 39
56 40
56 41
56 42
55 43
55 44
55 45
55 46
55 47
55 47
55 48
55 49
55 50
55 51
54 52
54 53
54 54
54 55
54 56
54 56
54 57
54 58
54 59
54 60
53 61
53 62
53 63
53 64
53 65
53 66
53 66
53 67
53 68
52 69
52 70
52 71
52 72
52 72
52 73
52 74
52 75
52 76
52 77
52 77
52 78
52 79
52 80
52 81
52 81
52 82
52 83
52 83
52 83
52 83
52 82
52 81
52 81
52 80
53 79
53 78
53 77
53 77
53 76
53 75
54 74
54 73
54 72
54 71
54 71
54 70
54 69
55 68
55 67
55 66
55 65
55 65
55 64
55 63
56 62
56 61
56 60
56 59
56 59
56 58
57 57
57 56
57 55
57 55
57 54
57 53
57 53
58 52
58 52
58 52
59 52
59 52
59 53
59 53
59 54
59 55
59 55
59 56
59 57
59 58
59 58
59 59
59 60
59 61
59 61
59 62
59 63
59 64
59 65
59 66
59 66
59 67
59 68
59 69
59 70
59 70
59 71
59 72
59 73
59 74
59 74
59 75
60 76
60 77
60 77
60 78
61 79
61 80
61 80
62 81
62 81
63 82
63 82
64 81
65 81
65 81
66 80
66 79
66 79
67 78
67 77
68 76
68 76
69 75
69 74
70 73
70 73
70 72
71 71
71 70
72 69
72 68
72 68
72 67
72 66
73 65
73 64
73 63
73 63
73 62
74 61
74 60
74 59
74 59
74 58
75 57
75 56
75 55
75 55
75 54
75 53
75 52
75 51
75 51
75 50
75 49
75 48
75 48
75 47
75 46
75 46
74 45
74 44
74 44
73 45
73 45
72 46
72 47
72 47
71 48
71 49
71 49
71 50
70 51
70 52
70 52
70 53
69 54
69 55
69 56
69 56
69 57
69 58
68 59
68 60
68 61
68 61
68 62
68 63
68 64
68 65
68 66
68 66
68 67
68 68
68 69
68 70
68 70
68 71
68 72
68 72
68 73
69 74
69 75
69 75
70 75
70 75
71 75
71 75
72 74
72 74
72 73
73 72
73 71
73 71
73 70
74 69
74 68
74 68
74 67
75 66
75 65
75 65
75 64
75 63
75 62
75 62
76 61
76 60
76 60
76 59
76 59
76 59
76 59
76 59
76 60
76 61
76 61
76 62
75 63
75 64
75 64
75 65
75 66
75 67
75 67
75 68
75 69
75 70
75 70
75 71
76 72
76 73
76 73
76 74
76 75
76 75
77 76
77 77
77 77
78 77
78 77
79 77
79 77
80 76
80 75
80 75
81 74
81 73
82 72
82 71
82 71
82 70
83 69
83 68
84 67
84 66
84 66
84 65
84 64
85 63
85 62
85 61
85 61
86 60
86 59
87 58
87 57
87 57
87 56
88 55
88 54
88 54
89 53
89 52
89 52
89 51
89 51
89 51
89 52
89 53
89 54
89 54
89 55
88 56
88 57
88 58
88 58
88 59
88 60
88 61
88 62
88 63
88 63
88 64
87 65
87 66
87 67
87 67
87 68
87 69
87 70
87 71
87 71
87 72
88 73
88 74
88 74
89 75
89 76
89 76
90 77
90 78
90 78
91 79
91 79
92 79
93 79
93 79
94 78
95 77
95 77
96 76
96 75
97 74
97 73
97 73
98 72
98 71
99 70
99 69
99 69
99 68
99 67
99 66
99 65
99 65
99 64
99 63
98 62
98 61
98 60
98 59
97 58
97 57
97 56
97 55
96 54
96 53
96 52
96 51
95 50
95 49
95 48
95 47
94 46
94 45
94 44
94 43
93 42
93 41
93 40
93 39
93 38
92 37
92 36
92 35
92 34
91 33
91 32
91 31
91 30
90 29
90 28
90 27
90 26
89 25
89 24
89 23
89 22
88 21
88 20
88 19
88 19
88 20
88 21
88 22
87 23
87 24
87 25
87 26
87 26
86 25
86 25
87 26
87 26
87 27
87 28
87 28
88 28
88 28
89 29
89 29
89 30
90 31
90 32
90 33
90 33
91 34
91 35
