3 25
3 24
3 23
2 22
2 21
2 20
2 20
2 19
1 18
1 17
1 17
1 16
0 15
0 14
0 14
0 13
0 12
0 11
0 11
0 10
0 9
0 9
0 8
0 8
0 7
0 7
0 7
0 8
0 8
0 9
1 10
1 11
1 11
1 12
1 13
2 14
2 15
2 16
2 17
2 17
2 18
2 19
2 20
2 21
3 22
3 23
3 24
3 25
3 26
3 26
3 27
3 28
4 29
4 30
4 31
4 32
4 33
4 34
5 35
5 36
5 37
5 37
5 38
5 39
5 40
5 41
5 42
6 43
6 44
6 45
6 46
6 47
6 48
6 48
6 49
6 50
6 51
6 52
6 53
7 54
7 55
7 56
7 57
7 58
7 59
7 59
7 60
7 61
7 62
8 63
8 64
8 65
8 66
8 67
8 67
8 68
8 69
8 70
9 71
9 72
9 73
9 74
9 74
9 75
10 76
10 77
10 78
10 78
10 79
10 80
10 81
10 82
10 82
10 83
11 84
11 85
11 86
11 86
11 87
11 87
11 88
11 88
11 88
11 87
11 87
11 86
11 85
11 84
11 84
11 83
11 82
11 81
11 80
11 79
11 78
11 77
11 76
11 75
11 74
11 73
11 72
11 71
11 70
11 69
11 68
11 67
11 66
11 65
11 64
11 63
11 62
11 61
11 60
11 59
11 58
11 57
12 56
12 55
12 54
12 53
12 52
12 51
12 50
12 49
12 48
12 47
12 46
12 45
12 44
12 43
12 42
12 41
12 40
12 39
12 38
12 37
12 36
12 35
12 34
12 33
12 32
12 31
12 30
12 29
12 28
12 28
12 27
12 26
13 25
13 24
13 23
13 22
13 22
13 21
13 20
13 20
13 19
13 18
13 18
13 18
12 19
12 19
12 20
12 21
12 22
12 23
12 24
12 25
12 25
12 26
11 27
11 28
11 29
11 30
10 31
10 32
10 33
10 33
10 34
10 35
9 36
9 37
9 38
9 39
9 40
8 41
8 42
8 43
8 43
8 44
8 45
7 46
7 47
7 48
7 49
7 50
7 51
6 52
6 53
6 54
6 55
6 55
6 56
6 57
5 58
5 59
5 60
5 61
5 62
5 63
4 64
4 65
4 66
4 66
4 67
4 68
4 69
4 70
3 71
3 72
3 73
3 74
3 75
3 76
3 76
3 77
3 78
3 79
2 80
2 81
2 82
2 83
2 83
2 84
1 85
1 86
1 87
1 87
1 88
1 89
1 89
1 89
1 88
1 88
2 87
2 87
2 86
3 85
3 84
3 83
3 82
4 81
4 80
4 79
4 78
5 77
5 76
5 75
5 74
6 73
6 72
6 71
6 70
7 69
7 68
7 67
7 66
8 65
8 64
8 63
8 62
9 61
9 60
9 59
10 58
10 57
10 56
10 55
11 54
11 53
11 52
11 51
12 50
12 49
12 48
12 47
13 46
13 45
13 44
13 43
14 42
14 41
14 40
14 39
15 38
15 37
15 36
15 35
16 34
16 33
16 32
17 31
17 30
17 29
17 28
18 27
18 26
18 25
18 24
19 23
19 22
19 21
19 20
20 19
20 18
20 17
20 16
21 15
21 14
21 13
21 12
22 11
22 10
22 9
22 8
23 7
23 6
23 6
23 5
24 4
24 3
24 2
24 2
24 1
24 1
24 1
24 1
24 2
24 3
24 4
24 5
24 5
24 6
24 7
25 8
25 9
25 10
25 11
25 11
25 12
25 13
25 14
25 15
25 16
25 17
25 18
25 18
25 19
25 20
25 21
25 22
25 23
25 24
25 25
25 25
25 26
25 27
26 28
26 29
26 30
26 30
26 31
26 32
26 33
26 34
26 35
26 35
26 36
26 37
26 38
26 38
26 39
27 40
27 41
27 41
27 42
27 43
27 44
27 44
27 45
27 46
27 46
27 47
27 48
27 48
27 49
27 49
27 48
27 47
28 46
28 45
28 44
28 43
29 42
29 41
29 40
29 39
30 38
30 37
30 36
30 35
31 34
31 33
31 32
31 31
31 30
32 29
32 28
32 27
32 26
33 25
33 24
33 23
33 22
34 21
34 20
34 19
34 18
35 17
35 16
35 15
35 15
35 14
36 13
36 12
36 11
36 11
36 10
36 10
36 10
35 10
35 10
35 11
35 11
34 12
34 13
34 13
34 14
34 15
33 16
33 17
33 18
33 18
33 19
33 20
32 21
32 22
32 23
32 23
32 24
31 25
31 26
31 26
31 27
30 28
30 29
30 29
30 30
30 31
30 31
30 32
30 32
29 32
29 32
29 32
29 32
29 32
29 32
29 32
30 32
30 32
30 32
30 33
30 34
30 34
30 35
30 36
30 37
30 37
30 38
31 39
31 40
31 41
31 41
31 42
31 43
31 44
31 45
31 46
31 47
31 47
31 48
31 49
31 50
30 51
30 52
30 53
30 54
30 54
30 55
30 56
30 57
30 58
30 59
30 60
30 61
30 62
30 63
30 63
30 64
30 65
30 66
30 67
30 68
30 69
30 70
30 70
30 71
30 72
30 73
29 74
29 75
29 76
29 77
29 77
29 78
29 79
29 80
29 81
29 82
29 83
29 84
29 84
29 85
29 86
28 87
28 88
28 89
28 90
28 90
28 91
28 92
28 93
28 94
28 95
28 95
28 96
28 97
28 98
28 98
28 99
28 100
28 100
28 100
28 100
28 100
28 99
28 99
28 98
28 97
28 97
28 96
28 95
29 94
29 93
29 92
29 91
29 91
30 90
30 89
31 88
31 87
32 86
33 85
33 84
34 83
35 82
35 81
36 80
36 79
37 78
38 77
38 76
39 75
40 74
40 73
41 72
41 71
42 70
43 69
43 68
44 67
45 66
45 65
46 64
46 63
47 62
48 61
48 60
49 59
50 58
50 57
51 56
51 55
52 54
53 53
53 52
54 51
55 50
55 49
56 48
56 47
57 46
57 46
57 45
57 44
57 43
57 42
57 41
57 40
57 39
57 39
57 38
57 37
57 36
57 36
57 35
57 34
57 33
57 33
57 32
57 31
57 30
57 30
57 29
57 28
57 28
57 27
57 27
56 26
56 25
56 25
56 24
56 24
55 24
55 24
55 24
54 24
54 24
54 25
53 26
53 27
53 27
53 28
52 29
52 30
52 30
52 31
52 32
51 33
51 34
51 35
51 35
51 36
51 37
50 38
50 39
50 40
50 41
50 41
50 42
50 43
49 44
49 45
49 46
49 47
49 47
49 48
49 49
49 50
49 51
49 52
49 53
49 54
49 55
49 55
49 56
49 57
49 58
48 59
48 60
48 61
48 62
48 63
48 63
48 64
48 65
48 66
48 67
48 68
48 69
48 70
48 71
48 71
48 72
48 73
48 74
48 75
48 76
48 77
48 78
48 78
48 79
48 80
49 81
49 82
49 83
49 83
49 84
50 85
50 86
50 87
50 87
50 88
51 89
51 90
51 90
52 91
52 91
53 91
54 91
54 91
55 90
55 89
56 88
56 88
56 87
57 86
57 85
57 84
57 84
57 83
58 82
58 81
58 80
59 79
59 78
59 78
59 77
60 76
60 75
60 74
60 73
61 72
61 71
61 70
61 70
61 69
62 68
62 67
62 66
62 65
63 64
63 63
63 62
63 62
63 61
63 60
64 59
64 58
64 57
64 56
64 55
65 54
65 53
65 52
65 52
65 51
65 50
66 49
66 48
66 47
66 46
67 45
67 44
67 43
67 43
67 42
67 41
67 40
68 39
68 38
68 37
68 36
68 36
68 35
68 34
69 33
69 32
69 31
69 30
69 30
69 29
69 28
69 27
69 26
69 25
69 25
69 24
69 23
69 22
69 22
69 21
69 20
69 20
68 19
68 18
68 18
68 17
68 17
68 17
67 17
67 17
67 17
67 18
67 18
66 19
66 20
66 20
66 21
65 22
65 23
65 23
65 24
65 25
65 26
65 27
65 27
65 28
65 29
64 30
64 31
64 32
64 33
64 33
64 34
64 35
64 36
63 37
63 38
63 39
63 40
63 40
63 41
63 42
63 43
63 44
62 45
62 46
62 47
62 48
62 49
62 49
62 50
62 51
62 52
62 53
62 54
62 55
62 56
62 57
62 58
62 59
62 59
62 60
62 61
62 62
61 63
61 64
61 65
61 66
61 67
61 67
61 68
61 69
61 70
61 71
61 72
61 73
61 73
61 74
61 75
61 76
61 77
61 78
61 78
61 79
61 80
61 81
61 81
61 82
61 83
61 84
61 84
61 84
61 84
61 84
61 83
61 83
61 82
61 81
61 80
61 80
61 79
61 78
61 77
61 76
61 76
61 75
61 74
62 73
62 72
62 71
62 71
62 70
62 69
62 68
62 67
62 67
62 66
63 65
63 64
63 63
63 63
63 62
64 61
64 60
64 60
64 59
64 58
64 57
64 57
64 56
64 56
65 56
65 56
65 56
65 56
65 56
66 57
66 57
66 58
66 59
66 60
66 60
66 61
66 62
66 63
66 63
66 64
66 65
66 66
66 66
66 67
66 68
66 69
66 69
66 70
66 71
66 72
66 72
66 73
66 74
66 75
66 75
66 76
67 77
67 78
67 78
67 79
67 80
67 80
67 81
68 82
68 83
68 83
69 84
69 84
70 85
70 85
71 84
72 84
72 84
73 83
74 82
74 82
74 81
75 80
75 79
75 79
75 78
76 77
76 76
77 75
77 74
77 74
77 73
78 72
78 71
78 70
79 69
79 68
79 68
79 67
79 66
80 65
80 64
80 63
80 63
80 62
80 61
80 60
80 59
80 59
80 58
80 57
80 56
80 56
80 55
80 54
80 53
80 52
80 52
80 51
80 50
80 49
80 49
79 48
79 47
79 47
79 46
79 46
78 47
78 47
77 48
77 48
76 49
76 50
76 50
76 51
76 52
76 53
76 53
76 54
75 55
75 56
75 56
75 57
75 58
74 59
74 60
74 61
74 61
74 62
74 63
74 64
74 65
74 65
74 66
74 67
74 68
74 69
74 69
74 70
74 71
74 72
74 72
75 73
75 74
75 74
75 75
75 75
76 74
76 74
77 73
77 73
77 72
78 71
78 70
78 70
78 69
79 68
79 67
79 66
79 66
79 65
80 64
80 63
80 63
81 62
81 61
81 61
81 60
81 59
81 59
81 59
81 59
81 59
80 60
80 60
80 61
80 62
80 63
80 63
80 64
80 65
80 66
80 67
80 68
80 68
80 69
80 70
80 71
80 71
80 72
80 73
80 74
80 75
80 75
80 76
80 77
80 77
81 78
81 79
81 79
81 80
81 80
82 80
82 80
83 79
84 79
84 79
85 78
85 77
85 77
85 76
86 75
86 74
86 74
86 73
86 72
87 71
87 70
87 69
87 69
87 68
87 67
88 66
88 65
88 64
88 64
89 63
89 62
90 61
90 60
90 60
90 59
90 58
90 57
90 56
90 56
90 55
91 54
91 53
91 52
91 52
91 51
91 50
91 50
92 49
92 48
92 48
92 47
92 47
92 47
92 47
91 48
91 49
91 49
91 50
91 51
91 52
91 52
91 53
91 54
91 55
91 56
91 57
91 57
91 58
91 59
90 60
90 61
90 62
90 62
90 63
90 64
90 65
90 66
90 67
90 68
90 68
90 69
90 70
90 71
90 72
90 73
90 74
90 74
90 75
90 76
91 77
91 78
91 79
91 80
91 80
91 81
91 82
92 83
92 84
92 85
92 85
92 86
93 87
93 88
93 88
94 89
94 89
95 89
96 89
96 89
97 88
97 88
97 87
98 86
98 85
98 85
98 84
99 83
99 82
99 81
99 81
99 80
100 79
100 78
100 77
100 77
100 76
100 75
99 74
99 73
99 72
99 71
99 70
99 69
98 68
98 67
98 66
98 65
98 64
97 63
97 62
97 61
97 60
97 59
96 58
96 57
96 56
96 55
96 54
96 53
95 52
95 51
95 50
95 49
95 48
94 47
94 46
94 45
94 44
94 43
94 42
93 41
93 40
93 39
93 38
93 37
92 36
92 35
92 34
92 33
92 32
91 31
91 30
91 29
91 28
91 27
91 26
90 25
90 24
90 23
90 23
90 24
90 25
90 26
91 27
91 28
91 29
91 30
91 31
91 31
91 30
91 30
90 30
90 30
91 30
91 30
91 31
91 32
91 32
91 33
92 34
92 35
92 35
92 36
93 37
93 38
