1 30
1 29
1 28
1 27
0 26
0 25
0 24
0 23
0 23
0 22
0 21
0 21
0 20
0 19
0 18
0 18
0 17
0 17
0 16
0 16
0 16
0 17
0 17
0 18
1 19
1 20
1 20
1 21
1 22
2 23
2 24
2 25
2 25
2 26
2 27
2 28
3 29
3 30
3 31
3 32
3 33
3 33
3 34
3 35
4 36
4 37
4 38
4 39
5 40
5 41
5 42
5 42
5 43
5 44
5 45
5 46
6 47
6 48
6 49
6 50
6 51
6 51
6 52
6 53
6 54
6 55
7 56
7 57
7 58
7 59
7 60
7 60
7 61
8 62
8 63
8 64
8 65
9 66
9 67
9 68
9 68
9 69
9 70
9 71
9 72
9 73
9 74
9 75
9 75
9 76
9 77
10 78
10 79
10 80
10 81
10 81
10 82
11 83
11 84
11 85
11 85
11 86
11 87
11 88
11 89
11 89
11 90
11 91
11 92
11 92
11 93
11 93
11 93
11 92
11 92
11 91
11 90
11 89
11 88
11 87
11 86
11 85
11 84
11 83
11 82
11 81
11 80
11 79
11 78
11 77
11 76
11 75
11 74
11 73
11 72
11 71
11 70
11 69
11 68
11 67
11 66
11 65
11 64
11 63
11 62
11 61
11 60
11 59
11 58
11 57
11 56
11 55
11 54
11 53
11 52
11 51
11 50
11 49
11 48
11 47
11 46
11 45
11 44
11 43
11 42
11 41
11 41
11 40
11 39
11 38
12 37
12 36
12 35
12 34
12 33
12 33
13 32
13 32
13 31
13 31
13 31
12 32
12 33
12 33
12 34
11 35
11 36
11 37
11 37
11 38
11 39
11 40
10 41
10 42
10 43
10 44
10 44
10 45
10 46
10 47
9 48
9 49
9 50
9 51
9 52
9 52
9 53
9 54
8 55
8 56
8 57
8 58
7 59
7 60
7 61
7 61
7 62
7 63
6 64
6 65
6 66
6 67
5 68
5 69
5 70
5 70
5 71
4 72
4 73
4 74
4 75
3 76
3 77
3 77
3 78
3 79
2 80
2 81
2 82
2 82
2 83
2 84
2 85
2 85
1 85
1 85
2 84
2 84
2 83
2 83
2 82
3 81
3 80
3 79
3 79
3 78
3 77
4 76
4 75
4 74
4 73
5 72
5 71
5 70
5 69
5 68
6 67
6 66
6 65
6 64
6 63
7 62
7 61
7 60
7 59
8 58
8 57
8 56
8 55
8 54
9 53
9 52
9 51
9 50
10 49
10 48
10 47
10 46
10 45
11 44
11 43
11 42
11 41
12 40
12 39
12 38
12 37
12 36
13 35
13 34
13 33
13 32
13 31
14 30
14 29
14 28
14 27
15 26
15 25
15 24
15 23
15 22
16 21
16 20
16 19
16 18
17 17
17 16
17 15
17 14
17 13
18 12
18 11
18 10
18 9
18 8
19 7
19 6
19 5
19 4
20 3
20 2
20 1
20 1
21 0
21 0
21 1
21 1
21 2
21 3
21 4
21 4
21 5
21 6
22 7
22 8
22 9
22 9
22 10
22 11
22 12
22 13
22 14
22 14
22 15
22 16
23 17
23 18
23 19
23 20
23 20
23 21
23 22
24 23
24 24
24 25
24 25
25 26
25 27
26 28
26 29
26 29
26 30
26 31
27 32
27 33
27 34
27 34
27 35
28 36
28 37
28 37
28 38
28 39
28 40
28 40
28 41
29 42
29 43
29 43
29 44
29 45
29 45
29 46
29 46
29 46
29 45
30 44
30 43
30 42
30 41
31 40
31 39
31 38
31 37
32 36
32 35
32 34
32 33
33 32
33 31
33 30
33 29
34 28
34 27
34 26
34 25
35 24
35 23
35 23
35 22
36 21
36 20
36 20
36 19
36 19
36 19
36 18
36 18
35 18
35 18
35 18
35 18
34 19
34 19
34 20
34 20
34 21
33 22
33 23
33 23
32 24
32 24
32 25
32 26
32 26
31 27
31 27
31 28
31 28
31 29
31 29
31 30
31 31
31 31
31 32
31 32
31 33
31 34
31 34
31 35
31 36
31 36
31 37
31 38
31 38
31 39
31 40
31 40
32 41
32 42
32 42
32 43
32 44
32 45
32 45
32 46
32 47
32 48
32 49
32 49
32 50
32 51
32 52
32 53
32 54
32 54
32 55
32 56
32 57
32 58
32 59
32 60
32 60
32 61
32 62
31 63
31 64
31 65
31 66
31 66
31 67
31 68
31 69
31 70
31 71
31 72
31 73
31 73
31 74
31 75
31 76
31 77
31 78
31 78
31 79
31 80
31 81
31 82
31 83
31 84
31 84
31 85
31 86
31 87
31 88
31 89
31 89
31 90
31 91
31 92
31 93
31 93
31 94
31 95
31 96
31 97
31 97
31 98
31 99
31 99
31 100
31 100
31 100
31 100
31 100
31 99
32 98
32 97
33 96
33 95
34 94
34 93
35 92
35 91
35 90
36 89
36 88
37 87
37 86
38 85
38 84
38 83
39 82
39 81
40 80
40 79
41 78
41 77
42 76
42 75
42 74
43 73
43 72
44 71
44 70
45 69
45 68
45 67
46 66
46 65
47 64
47 63
48 62
48 61
49 60
49 59
49 59
50 58
50 57
51 56
51 55
51 55
51 54
50 53
50 52
50 52
50 51
50 50
50 50
50 49
50 48
50 48
50 47
50 47
49 46
49 46
49 46
49 47
49 47
48 48
48 49
48 49
48 50
47 51
47 52
47 52
47 53
47 54
47 55
47 56
47 56
47 57
47 58
46 59
46 60
46 61
46 61
46 62
46 63
45 64
45 65
45 66
45 67
45 67
45 68
45 69
45 70
45 71
45 72
45 73
45 74
45 74
45 75
45 76
46 77
46 78
46 79
46 80
46 80
46 81
46 82
46 83
46 84
46 85
46 86
46 86
46 87
46 88
47 89
47 90
47 91
47 92
47 92
48 93
48 94
48 94
49 95
50 95
50 95
51 94
52 94
52 94
53 93
53 92
54 91
54 91
55 90
55 89
56 88
56 87
56 87
56 86
57 85
57 84
57 83
58 82
58 81
58 81
58 80
59 79
59 78
59 77
59 76
60 75
60 74
60 74
60 73
61 72
61 71
61 70
61 69
62 68
62 67
62 66
62 66
62 65
62 64
62 63
62 62
63 61
63 60
63 59
63 58
63 57
63 56
63 56
63 55
63 54
63 53
64 52
64 51
64 50
64 49
64 48
64 48
64 47
64 46
64 45
64 44
65 43
65 42
65 41
65 40
65 39
65 39
65 38
65 37
65 36
65 35
65 34
65 33
65 33
65 32
65 31
65 30
65 29
65 28
65 28
65 27
65 26
65 25
65 25
65 24
65 23
65 23
65 22
65 22
64 21
64 21
64 21
64 21
64 22
63 23
63 24
63 24
63 25
63 26
63 27
63 28
63 29
63 30
63 30
63 31
63 32
63 33
62 34
62 35
62 36
62 37
62 38
62 38
62 39
62 40
62 41
62 42
61 43
61 44
61 45
61 46
61 47
61 47
61 48
61 49
61 50
61 51
61 52
61 53
61 54
61 55
61 56
61 56
61 57
61 58
61 59
61 60
60 61
60 62
60 63
60 64
60 65
60 65
60 66
60 67
60 68
60 69
60 70
60 71
60 72
60 72
60 73
60 74
60 75
60 76
60 77
60 77
60 78
60 79
60 80
60 80
60 81
60 81
60 82
60 82
60 82
60 82
61 81
61 81
61 80
61 79
61 78
61 77
61 77
61 76
61 75
61 74
61 73
61 72
61 72
61 71
61 70
61 69
61 68
61 67
61 66
61 66
61 65
61 64
62 63
62 62
62 61
62 61
62 60
62 59
62 58
62 58
62 57
63 56
63 55
63 55
63 54
63 54
63 53
63 53
64 52
64 52
64 51
64 51
64 51
65 51
65 51
65 51
66 52
66 52
66 53
66 54
66 54
67 55
67 55
67 56
67 57
67 58
67 58
67 59
67 60
67 60
67 61
67 62
67 63
67 63
67 64
67 65
67 66
67 67
67 67
67 68
66 69
66 70
66 71
66 71
66 72
66 73
66 74
66 74
66 75
66 76
66 77
66 77
66 78
67 79
67 80
67 80
67 81
67 82
67 82
67 83
67 83
68 84
68 84
69 83
69 83
70 82
71 82
71 82
72 81
73 80
73 80
74 79
74 78
75 77
75 77
76 76
76 75
76 75
77 74
77 73
78 72
78 72
78 71
79 70
79 69
79 69
79 68
80 67
80 66
80 66
80 65
81 64
81 63
81 63
81 62
81 61
81 61
81 60
81 59
81 58
81 58
81 57
80 56
80 55
80 55
80 54
79 53
79 52
79 51
79 51
79 50
79 49
79 49
78 48
78 47
78 47
78 47
77 48
77 48
77 49
76 50
76 51
76 51
76 52
75 53
75 54
75 55
75 55
75 56
75 57
74 58
74 59
74 60
74 61
74 61
74 62
74 63
73 64
73 65
73 66
73 67
73 67
73 68
73 69
73 70
73 71
73 71
73 72
73 73
73 74
73 75
73 75
73 76
73 77
73 77
74 78
74 78
75 78
75 78
76 78
76 78
77 77
77 76
77 76
78 75
78 74
78 74
78 73
79 72
79 71
79 71
80 70
80 69
80 69
80 68
80 67
80 67
80 66
80 66
80 65
80 65
80 65
80 65
80 66
80 66
79 67
79 68
79 68
79 69
79 70
79 71
79 71
79 72
79 73
79 74
79 74
79 75
79 76
79 76
79 77
79 78
79 79
79 79
80 80
80 81
80 81
81 82
81 82
81 82
82 82
82 82
83 81
83 81
84 80
85 79
85 79
86 78
86 77
86 77
86 76
87 75
87 74
87 74
87 73
88 72
88 71
88 71
89 70
89 69
90 68
90 67
90 67
90 66
91 65
91 64
91 64
91 63
92 62
92 61
92 61
92 60
92 59
92 58
92 58
93 57
93 56
93 56
93 55
93 55
93 54
93 54
93 54
93 54
93 54
93 55
93 55
92 56
92 57
92 57
92 58
92 59
92 59
92 60
91 61
91 62
91 63
91 63
91 64
91 65
91 66
91 67
91 67
91 68
91 69
91 70
91 70
91 71
91 72
91 73
91 74
91 74
91 75
91 76
91 77
91 78
91 78
91 79
92 80
92 81
92 81
92 82
93 83
93 84
93 85
93 85
94 86
94 87
94 87
95 88
95 89
95 89
96 90
96 90
97 89
97 89
97 88
98 87
98 86
98 86
98 85
99 84
99 83
99 83
99 82
100 81
100 80
100 80
100 79
100 78
99 77
99 76
99 75
99 74
99 73
98 72
98 71
98 70
98 69
98 68
98 67
97 66
97 65
97 64
97 63
97 62
96 61
96 60
96 59
96 58
96 57
95 56
95 55
95 54
95 53
95 52
95 51
94 50
94 49
94 48
94 47
94 46
93 45
93 44
93 43
93 42
93 41
92 40
92 39
92 38
92 37
92 36
92 35
91 34
91 33
91 32
91 32
91 33
92 34
92 35
92 35
91 36
91 36
92 37
92 37
93 38
94 39
94 39
94 40
94 41
94 42
94 42
95 43
95 44
