0 11
0 12
0 13
0 13
0 12
0 12
0 13
0 13
0 14
0 14
0 15
1 16
1 17
1 17
1 18
2 19
2 20
2 21
2 21
2 22
3 23
3 24
3 25
3 25
3 26
3 27
4 28
4 29
4 30
4 30
4 31
4 32
4 33
5 34
5 35
5 36
5 37
5 38
5 38
5 39
5 40
5 41
5 42
6 43
6 44
6 45
6 46
6 47
6 47
6 48
6 49
6 50
6 51
7 52
7 53
7 54
7 55
7 56
7 57
7 57
7 58
7 59
8 60
8 61
8 62
8 63
8 64
9 65
9 66
9 67
9 67
9 68
9 69
9 70
10 71
10 72
10 73
10 74
10 74
10 75
10 76
10 77
11 78
11 79
11 80
11 81
11 81
11 82
11 83
12 84
12 85
12 86
12 87
12 87
12 88
13 89
13 90
13 91
13 91
13 92
14 93
14 94
14 94
14 95
15 96
15 97
15 97
15 98
15 99
15 99
15 100
15 100
15 100
15 100
15 99
15 98
15 97
15 96
15 95
15 94
15 93
15 92
15 91
15 90
15 89
16 88
16 87
16 86
16 85
16 84
16 83
16 82
16 81
16 80
16 79
16 78
16 77
16 76
16 75
16 74
16 73
16 72
16 71
16 70
16 69
16 68
16 67
17 66
17 65
17 64
17 63
17 62
17 61
17 60
17 59
17 58
17 57
17 56
17 55
17 54
17 53
17 52
17 51
17 50
17 49
17 48
17 47
17 46
17 45
18 44
18 43
18 42
18 41
18 40
18 39
18 38
18 37
18 36
18 35
18 34
18 33
18 32
18 31
18 30
18 29
18 28
18 27
18 26
18 25
18 24
18 23
19 22
19 21
19 20
19 19
19 18
19 17
19 16
19 15
19 14
19 13
19 12
19 11
19 11
20 10
20 10
19 9
19 9
18 9
18 9
17 10
17 10
17 11
17 12
17 13
17 13
17 14
16 15
16 16
16 16
16 17
15 18
15 19
15 20
15 20
15 21
15 22
14 23
14 24
14 25
14 25
14 26
14 27
13 28
13 29
13 30
13 30
13 31
13 32
12 33
12 34
12 35
12 36
12 36
12 37
12 38
11 39
11 40
11 41
11 42
11 42
11 43
11 44
10 45
10 46
10 47
10 48
10 48
10 49
9 50
9 51
9 52
8 53
8 54
8 54
8 55
8 56
7 57
7 58
7 59
7 59
7 60
7 61
6 62
6 63
6 64
6 65
6 65
6 66
6 67
6 68
6 69
6 69
6 70
5 71
5 72
5 73
5 73
5 74
4 75
4 76
4 76
4 77
4 78
4 79
4 79
3 80
3 81
3 81
3 82
3 83
3 83
3 84
3 84
3 85
3 85
3 85
3 85
3 85
3 85
3 84
4 83
4 82
5 81
5 80
5 79
6 78
6 77
7 76
7 75
7 74
8 73
8 72
9 71
9 70
9 69
10 68
10 67
11 66
11 65
11 64
12 63
12 62
13 61
13 60
13 59
14 58
14 57
15 56
15 55
15 54
16 53
16 52
17 51
17 50
18 49
18 48
18 47
19 46
19 45
20 44
20 43
20 42
21 41
21 40
22 39
22 38
22 37
23 36
23 35
24 34
24 33
24 32
25 31
25 30
26 29
26 28
26 27
27 26
27 25
28 24
28 23
28 22
29 21
29 20
30 19
30 18
30 17
31 16
31 15
32 14
32 13
32 13
32 13
32 13
32 13
32 13
32 13
32 14
33 15
33 16
33 16
33 17
33 18
33 18
33 19
34 20
34 21
34 21
34 22
34 23
34 24
34 24
34 25
35 26
35 27
35 28
35 28
35 29
36 30
36 31
36 31
36 32
36 33
36 34
36 34
37 35
37 36
37 36
37 37
37 38
37 38
37 39
37 39
38 39
38 39
38 40
38 40
38 39
39 38
39 37
39 36
40 35
40 34
40 33
40 32
41 31
41 30
41 29
42 28
42 27
42 26
43 25
43 24
43 23
43 22
44 21
44 20
44 19
45 18
45 17
45 16
46 15
46 14
46 13
46 12
47 11
47 10
47 9
48 8
48 7
48 7
49 6
49 5
49 5
48 5
48 5
48 4
48 4
48 4
47 5
47 5
47 6
46 7
46 8
46 8
46 9
46 10
46 11
46 11
46 12
45 13
45 14
44 15
44 16
44 16
44 17
43 18
43 19
43 20
43 20
43 21
43 22
42 23
42 24
42 25
42 25
42 26
42 27
41 28
41 29
41 30
41 30
41 31
41 32
40 33
40 34
40 35
40 36
40 36
40 37
40 38
40 39
39 40
39 41
39 42
39 43
39 43
39 44
39 45
38 46
38 47
38 48
38 49
38 49
38 50
38 51
38 52
37 53
37 54
37 55
37 56
37 57
37 57
37 58
37 59
37 60
37 61
37 62
37 63
37 64
37 64
37 65
37 66
36 67
36 68
36 69
36 70
36 70
36 71
36 72
36 73
36 74
36 75
36 76
36 76
36 77
36 78
36 79
36 80
36 81
36 81
36 82
35 83
35 84
35 85
35 85
35 86
35 87
35 88
35 89
35 89
35 90
35 91
35 92
35 92
35 93
35 94
35 95
35 95
35 96
35 96
36 97
36 97
36 96
37 95
37 94
37 93
38 92
38 91
39 90
39 89
39 88
40 87
40 86
40 85
41 84
41 83
42 82
42 81
42 80
43 79
43 78
43 77
44 76
44 75
45 74
45 73
45 72
46 71
46 70
46 69
47 68
47 67
47 66
48 65
48 64
49 63
49 62
49 61
50 60
50 59
50 58
51 57
51 56
52 55
52 54
52 53
53 52
53 51
53 51
54 50
54 49
55 48
55 47
56 46
56 46
56 45
56 44
56 43
56 43
56 42
57 41
57 40
57 40
57 39
57 38
57 37
57 36
57 36
58 35
58 34
58 34
58 33
58 32
58 31
58 31
57 30
57 30
56 29
56 29
55 29
55 29
54 30
54 31
54 31
54 32
53 33
53 34
53 34
53 35
53 36
52 37
52 38
52 39
52 39
52 40
52 41
51 42
51 43
51 44
51 45
51 45
51 46
51 47
50 48
50 49
50 50
50 51
50 51
50 52
49 53
49 54
49 55
49 55
49 56
49 57
49 58
49 59
49 60
49 60
49 61
49 62
49 63
49 64
49 64
49 65
49 66
49 67
49 67
49 68
50 69
50 70
50 70
51 71
51 72
51 72
52 73
52 73
53 73
53 73
54 72
54 72
54 71
55 70
55 69
55 69
56 68
56 67
57 66
57 65
57 65
57 64
58 63
58 62
59 61
59 60
59 60
59 59
60 58
60 57
60 56
61 55
61 54
61 54
61 53
62 52
62 51
62 50
62 49
63 48
63 47
63 46
63 46
63 45
63 44
64 43
64 42
64 41
64 40
65 39
65 38
65 37
65 37
65 36
65 35
65 34
65 33
66 32
66 31
66 30
66 29
66 28
66 27
66 27
66 26
66 25
67 24
67 23
67 22
67 21
68 20
68 19
68 18
68 18
68 17
69 16
69 15
69 14
69 13
70 12
70 11
70 10
70 10
70 9
70 8
71 7
71 6
71 5
71 5
71 4
71 3
71 2
71 2
72 1
72 0
72 0
72 0
72 0
72 1
72 2
72 3
72 3
72 4
72 5
71 6
71 7
71 8
71 8
71 9
71 10
70 11
70 12
70 13
70 14
70 14
70 15
70 16
70 17
69 18
69 19
69 20
69 21
69 21
69 22
69 23
69 24
68 25
68 26
68 27
68 28
68 28
68 29
68 30
68 31
67 32
67 33
67 34
67 35
67 36
67 36
67 37
67 38
67 39
66 40
66 41
66 42
66 43
66 43
66 44
66 45
65 46
65 47
65 48
65 49
65 49
65 50
65 51
64 52
64 53
64 54
64 54
64 55
64 56
64 57
64 58
64 58
64 59
64 60
64 61
64 61
64 62
63 63
63 64
63 64
63 65
63 66
63 66
63 67
63 67
63 67
63 67
63 66
63 65
63 65
63 64
63 63
63 63
63 62
63 61
64 60
64 59
64 58
64 58
64 57
64 56
65 55
65 54
65 53
65 52
65 52
65 51
66 50
66 49
66 48
67 47
67 46
67 46
67 45
67 44
68 43
68 42
68 41
68 40
68 40
69 39
69 38
70 37
70 36
70 36
70 35
71 34
71 33
71 33
72 33
72 33
72 34
72 35
72 35
73 36
73 37
73 37
73 38
73 39
73 40
73 41
73 42
73 42
73 43
73 44
72 45
72 46
72 47
72 47
72 48
72 49
72 50
72 51
72 52
72 52
72 53
72 54
72 55
72 56
72 57
72 58
72 58
72 59
72 60
72 61
72 62
72 62
72 63
72 64
72 65
72 65
72 66
72 67
72 68
72 68
72 69
72 69
72 70
72 71
72 71
73 71
73 71
73 71
74 71
74 71
75 70
75 69
75 69
76 68
76 67
76 67
76 66
77 65
77 64
77 64
77 63
78 62
78 61
78 61
79 60
79 59
80 58
80 57
80 57
80 56
81 55
81 54
81 54
81 53
82 52
82 51
82 50
82 50
82 49
83 48
83 47
83 47
84 46
84 45
84 45
84 44
85 43
85 42
85 42
85 41
85 40
85 40
86 39
86 38
86 38
86 37
86 36
86 36
86 35
86 34
86 34
85 33
85 33
85 32
85 32
84 32
84 32
84 33
84 33
83 34
83 34
82 35
82 36
82 36
82 37
82 38
82 39
82 39
81 40
81 41
81 41
81 42
80 43
80 44
80 44
80 45
80 46
80 47
80 48
80 48
80 49
80 50
80 51
80 51
80 52
79 53
79 54
79 54
79 55
79 56
79 56
79 57
79 58
79 59
79 59
79 60
79 60
80 61
80 62
80 62
80 63
80 63
80 63
81 63
81 63
81 62
81 62
82 61
82 61
82 60
83 59
83 58
83 58
84 57
84 56
84 56
84 55
85 54
85 53
85 52
85 52
85 51
86 50
86 49
86 48
86 48
86 47
87 46
87 45
87 44
87 44
87 43
87 42
88 41
88 40
88 39
88 39
88 38
89 37
89 36
89 35
89 35
89 34
89 33
89 33
89 32
89 31
89 31
89 31
89 31
89 32
89 33
89 33
88 34
88 35
88 35
88 36
88 37
88 38
88 39
88 40
88 40
88 41
88 42
87 43
87 44
87 45
87 45
87 46
87 47
87 48
87 49
87 49
87 50
86 51
86 52
86 53
86 53
86 54
86 55
86 56
86 56
86 57
86 58
86 59
86 59
86 60
86 61
86 61
87 62
87 62
87 63
87 63
88 63
88 63
88 63
89 62
89 62
90 61
90 60
90 60
90 59
91 58
91 57
91 57
92 56
92 55
92 55
93 54
93 53
94 52
94 52
94 51
95 50
95 49
95 48
95 48
95 47
96 46
96 45
96 44
96 44
96 43
97 42
97 41
97 40
97 40
97 39
98 38
98 37
98 37
98 36
98 35
98 35
98 34
98 34
98 34
98 34
98 34
98 35
98 36
98 36
98 37
97 38
97 39
97 39
97 40
97 41
97 42
97 43
97 43
97 44
96 45
96 46
96 47
96 47
96 48
96 49
96 50
96 50
96 51
96 52
96 53
96 54
96 54
96 55
96 56
96 57
96 57
96 58
96 59
96 59
97 60
97 61
97 61
98 62
98 62
98 63
98 64
98 64
99 65
99 65
99 65
100 65
100 65
100 64
100 63
100 62
100 61
100 60
100 59
99 58
99 57
99 56
99 55
99 54
99 53
99 52
99 51
99 50
99 49
99 48
99 47
98 46
98 45
98 44
98 43
98 42
98 41
98 40
98 39
98 38
98 37
98 36
98 35
98 34
97 33
97 32
97 31
97 30
97 29
97 28
97 27
97 26
97 25
97 24
97 23
97 22
97 21
96 20
96 19
96 18
96 17
96 16
96 15
96 14
96 13
96 12
96 11
96 10
96 9
95 8
95 7
95 6
95 5
95 4
95 3
95 2
95 2
95 2
95 2
95 2
95 2
95 2
95 3
95 4
95 5
95 5
95 6
95 6
96 7
96 8
96 8
96 9
96 10
96 10
96 11
96 12
96 13
96 13
97 14
97 15
97 15
97 16
97 16
97 17
97 17
97 18
97 18
97 18
97 18
