0 45
0 46
0 47
0 48
0 48
0 47
0 47
0 47
0 47
1 47
1 47
1 47
1 47
1 46
2 45
2 44
2 43
2 43
2 44
2 45
2 45
2 45
2 45
2 46
2 46
2 47
2 48
2 48
2 49
2 49
2 50
2 51
2 51
3 52
3 53
3 53
3 54
3 54
4 55
4 55
5 55
6 55
7 55
7 55
8 54
9 53
10 53
11 52
11 52
12 51
13 50
13 49
14 48
15 47
15 47
16 46
16 45
17 44
17 43
18 42
18 42
19 41
20 40
20 39
21 38
22 37
22 37
23 36
24 35
24 34
25 33
26 32
26 32
27 31
28 30
28 29
29 28
29 28
30 27
30 26
31 25
31 25
32 24
32 23
32 23
33 22
33 22
33 22
32 22
31 22
31 22
30 23
29 23
29 23
28 22
28 21
27 20
27 19
26 18
26 17
25 16
25 15
24 14
24 13
23 12
23 11
22 10
22 9
21 8
21 7
21 7
22 8
22 9
22 9
23 9
23 9
23 9
23 10
23 11
23 12
23 13
23 13
23 14
23 15
24 16
24 17
24 18
24 18
24 19
24 20
24 21
24 22
24 23
24 23
24 24
24 25
24 26
23 27
23 28
23 29
23 30
23 30
23 31
23 32
23 33
22 34
22 35
22 36
22 37
22 37
22 38
22 39
22 40
21 41
21 42
21 43
21 44
21 44
21 45
20 46
20 47
20 48
20 49
19 50
19 51
19 51
19 52
18 53
18 54
18 55
17 56
17 57
17 57
17 58
16 59
16 60
16 61
15 62
15 63
15 63
15 64
14 65
14 66
13 67
13 68
13 68
13 69
12 70
12 71
12 72
12 72
12 71
12 70
13 69
13 68
13 67
13 66
14 65
14 64
14 63
14 62
15 61
15 60
15 59
15 58
16 57
16 56
16 55
16 54
16 53
17 52
17 51
17 50
17 49
18 48
18 47
18 46
18 45
19 44
19 43
19 42
19 42
20 43
21 44
22 44
23 45
23 45
24 46
24 46
24 47
25 48
25 49
25 50
25 50
26 51
26 52
27 53
27 54
27 54
28 55
28 56
29 57
29 57
29 58
30 59
30 60
30 60
31 61
31 62
32 63
32 63
33 64
33 65
33 65
33 66
34 67
34 68
34 68
35 69
35 70
35 70
35 71
35 71
36 70
36 69
37 68
37 67
38 66
38 65
39 64
39 63
40 62
40 61
41 60
42 59
42 58
43 57
43 56
44 55
44 54
45 53
45 52
46 51
47 50
47 49
48 48
48 47
49 46
49 45
50 44
50 43
51 42
51 41
52 40
53 39
53 38
54 37
54 36
55 35
55 34
56 33
56 32
57 31
58 30
58 29
59 28
59 27
60 26
60 25
61 24
61 23
62 22
62 21
63 20
64 19
64 18
65 17
65 16
66 15
66 14
67 13
67 12
68 11
69 10
69 9
70 8
70 7
71 6
71 5
72 4
72 3
73 2
73 1
74 0
74 0
75 0
76 0
76 0
76 0
76 1
76 2
76 3
76 3
76 4
75 5
75 6
75 6
75 7
75 8
74 9
74 10
74 11
74 12
74 12
74 13
73 14
73 15
73 16
72 17
72 18
72 18
72 19
71 20
71 21
70 22
70 23
70 23
69 24
69 25
68 26
68 27
67 28
67 29
67 29
67 30
66 31
66 32
66 33
65 34
65 35
65 35
64 36
64 37
63 38
63 39
62 40
62 40
62 39
62 38
62 37
63 36
63 35
63 34
63 33
63 32
63 31
63 30
64 29
64 28
64 27
64 26
64 25
64 24
64 23
64 22
65 21
65 20
65 19
65 18
65 18
66 18
66 18
66 17
66 17
66 17
66 17
66 16
66 16
67 16
67 16
67 16
67 16
68 15
68 15
69 15
69 15
70 15
70 15
71 15
71 15
72 16
72 16
73 17
73 17
74 18
74 19
74 19
74 20
75 21
75 22
75 22
75 23
75 24
76 25
76 26
76 27
76 27
76 28
76 29
77 30
77 31
77 32
77 33
77 33
77 34
77 35
77 36
78 37
78 38
78 39
78 40
78 41
78 41
78 42
78 43
78 44
78 45
78 46
78 47
78 48
78 49
78 49
78 50
78 51
78 52
78 53
77 54
77 55
77 56
77 57
77 58
77 58
77 59
77 60
77 61
76 62
76 63
76 64
76 65
76 66
76 66
76 67
76 68
76 69
75 70
75 71
75 72
75 73
75 73
75 74
75 75
74 76
74 77
74 78
74 79
74 79
74 80
73 81
73 82
73 83
73 83
73 84
73 85
73 85
72 86
72 86
72 86
71 86
71 86
70 85
70 85
69 84
69 83
69 83
69 82
69 81
69 80
69 79
70 78
70 77
70 76
70 75
70 74
70 73
70 72
70 71
70 70
70 69
71 68
71 67
71 66
71 65
71 64
71 63
71 62
71 61
71 60
72 59
72 58
72 57
72 56
72 55
72 54
72 53
72 52
72 51
73 50
73 49
73 48
73 47
73 46
73 45
73 44
73 43
73 42
73 41
74 40
74 39
74 38
74 37
74 36
74 36
75 37
76 38
76 38
75 39
75 39
74 40
74 41
74 41
74 42
73 43
73 44
73 45
73 45
73 46
72 47
72 48
72 48
71 49
71 50
70 51
70 52
70 52
70 53
69 54
69 55
69 55
68 56
68 57
67 58
67 58
66 59
66 60
66 60
66 59
67 58
67 57
68 56
68 55
68 54
69 53
69 52
70 51
70 50
70 49
71 48
71 47
72 46
72 45
72 44
73 43
73 42
74 41
74 40
74 39
75 38
75 37
76 36
76 35
76 34
77 33
77 32
77 31
78 30
78 29
79 28
79 27
79 26
80 25
80 24
81 23
81 22
81 21
82 20
82 19
83 18
83 17
83 16
84 15
84 14
85 13
85 12
85 12
86 11
87 10
87 9
88 8
88 8
88 8
88 8
88 8
87 9
87 9
87 10
86 11
86 12
86 13
86 13
86 14
85 15
85 16
85 17
84 18
84 19
84 19
84 20
84 21
83 22
83 23
83 24
83 25
83 25
83 26
83 27
82 28
82 29
82 30
82 30
82 31
81 32
81 33
81 34
81 34
81 35
81 36
81 37
81 37
81 38
81 38
82 39
82 39
82 39
83 38
83 38
84 37
85 36
85 36
85 35
86 34
86 33
86 33
87 32
88 31
88 31
89 30
90 29
90 29
91 28
92 27
92 27
93 26
93 26
94 25
95 25
95 25
96 24
96 24
97 24
97 24
98 24
98 24
98 25
98 25
98 26
99 27
99 28
99 28
99 29
99 30
99 31
99 32
99 32
99 33
99 34
99 35
99 36
99 37
99 38
99 39
99 40
99 41
99 41
99 42
99 43
99 44
99 45
99 46
99 47
99 48
99 49
99 50
99 51
99 51
99 52
99 53
99 54
99 55
99 56
99 57
99 58
99 59
99 60
99 61
99 62
99 62
99 63
99 64
99 65
99 66
99 67
99 68
99 69
99 70
99 71
99 72
99 72
99 73
99 74
99 75
99 76
100 77
100 78
100 79
100 80
100 81
100 81
100 82
100 83
100 84
100 85
100 86
100 87
100 87
100 88
100 89
99 90
99 91
99 92
99 92
99 93
99 94
99 95
99 95
99 96
98 97
98 98
98 98
97 99
97 99
96 100
96 100
95 100
95 100
94 100
94 100
93 99
93 99
92 98
91 97
91 97
90 96
90 95
90 95
89 94
89 93
88 92
88 92
88 91
88 90
88 89
87 88
87 87
87 86
87 85
87 84
87 83
87 82
86 81
86 80
86 79
86 78
86 77
86 76
86 75
85 74
85 73
85 72
85 71
85 70
85 69
85 68
84 67
84 66
84 65
84 64
84 63
84 62
84 61
83 60
83 59
83 58
83 57
83 56
83 55
83 54
82 53
82 52
82 51
82 50
82 50
83 50
83 50
82 50
82 50
82 50
82 51
82 52
82 52
82 53
83 54
83 55
83 55
83 56
83 57
83 58
83 58
83 59
83 60
83 61
83 61
83 62
83 63
83 64
83 64
84 65
84 66
84 66
84 67
84 67
84 67
84 66
84 66
84 65
84 65
84 64
85 63
85 62
85 61
85 61
85 60
85 59
85 58
85 58
85 57
86 56
86 55
87 54
87 53
87 53
87 52
88 51
88 50
88 50
89 49
89 49
90 48
90 47
90 47
91 47
91 47
91 48
91 48
91 49
91 50
91 50
91 51
91 52
91 52
91 53
90 54
90 55
90 55
90 56
89 57
89 58
89 58
89 59
88 60
88 61
88 61
87 62
87 63
86 64
86 65
86 65
86 66
85 67
85 68
85 68
85 69
85 70
85 70
85 71
85 71
85 72
85 72
85 73
85 73
86 73
86 73
87 72
87 72
88 71
89 70
