2 38
2 39
2 40
1 41
1 42
1 43
1 43
0 43
0 43
0 44
0 45
0 46
0 46
0 47
0 48
0 48
0 49
0 50
0 51
0 51
0 52
0 53
0 53
1 54
1 55
1 55
2 56
2 56
3 55
3 55
4 54
5 54
5 54
6 53
7 52
7 51
8 50
8 50
9 49
10 48
10 47
11 46
11 46
12 45
13 44
13 43
14 42
14 42
15 41
16 40
16 39
17 38
17 38
18 37
19 36
20 35
20 35
21 34
22 33
22 32
23 31
23 31
24 30
24 29
25 28
25 28
26 27
26 26
26 26
27 25
27 25
27 24
27 24
26 24
26 24
26 25
26 25
25 25
25 25
25 26
25 26
24 26
24 26
24 25
23 24
23 23
23 22
22 21
22 20
21 19
21 18
21 17
20 16
20 15
20 14
19 13
19 12
18 11
18 10
18 9
17 8
17 7
17 7
17 6
17 5
17 5
17 5
17 5
17 6
17 6
17 7
16 8
16 9
16 9
16 10
16 11
16 12
16 13
16 14
16 14
16 15
16 16
16 17
16 18
16 19
16 20
16 21
16 21
16 22
16 23
16 24
16 25
16 26
16 27
16 28
16 29
16 29
16 30
16 31
16 32
16 33
15 34
15 35
15 36
15 37
15 38
15 39
15 39
15 40
15 41
15 42
15 43
15 44
14 45
14 46
14 47
14 48
14 49
14 50
14 50
14 51
14 52
13 53
13 54
13 55
13 56
13 57
13 58
12 59
12 60
12 61
12 62
12 62
12 63
12 64
12 65
12 66
11 67
11 68
11 69
11 70
11 71
11 71
11 72
11 73
11 74
11 75
10 76
10 77
10 78
10 79
10 80
10 80
10 81
10 82
9 83
9 84
9 85
9 86
9 86
9 87
9 88
9 89
9 90
9 90
9 91
8 92
8 93
8 93
8 94
8 94
8 94
7 94
7 94
7 93
7 93
7 92
7 91
7 91
7 90
7 89
7 88
8 87
8 86
8 85
8 84
8 83
8 82
9 81
9 80
9 79
9 78
9 77
9 76
10 75
10 74
10 73
10 72
10 71
10 70
10 69
11 68
11 67
11 66
11 65
11 64
11 63
12 62
12 61
12 60
12 59
12 58
12 57
13 56
13 55
13 54
13 53
13 53
14 54
15 55
15 55
15 56
15 56
16 57
16 58
16 58
17 59
17 60
17 60
18 61
18 62
18 62
18 63
19 64
19 65
19 65
20 66
20 67
21 68
21 68
22 69
22 70
23 71
23 71
24 72
24 73
25 74
25 74
26 75
26 76
27 77
27 77
28 78
29 78
30 79
30 79
31 80
32 80
33 81
33 81
34 82
35 82
36 83
37 83
37 83
38 83
39 83
40 83
40 83
41 83
42 83
43 83
43 83
44 82
45 82
45 82
46 82
47 81
48 81
48 81
49 80
49 80
50 80
50 80
50 80
50 79
51 78
51 77
51 76
52 75
52 74
53 73
53 72
53 71
54 70
54 69
54 68
55 67
55 66
55 65
56 64
56 63
56 62
57 61
57 60
58 59
58 58
58 57
59 56
59 55
59 54
60 53
60 52
60 51
61 50
61 49
61 48
62 47
62 46
63 45
63 44
63 43
64 42
64 41
64 40
65 39
65 38
65 37
66 36
66 35
66 34
67 33
67 32
68 31
68 30
68 29
69 28
69 27
69 26
70 25
70 24
70 23
71 22
71 21
71 20
72 19
72 18
73 17
73 16
73 15
74 14
74 13
74 13
75 12
75 12
75 11
75 11
75 10
75 9
75 9
76 9
76 9
76 10
76 10
76 11
76 11
76 12
75 13
75 14
75 14
75 15
75 16
74 17
74 18
74 19
74 19
74 20
74 21
73 22
73 23
73 24
73 24
73 25
72 26
72 27
71 28
71 29
71 29
71 30
70 31
70 32
70 33
70 33
69 34
69 35
68 36
68 37
68 37
67 38
67 39
67 39
66 40
66 41
66 41
65 42
65 42
64 43
64 43
63 42
63 42
63 41
63 40
63 39
63 38
63 37
63 36
63 35
63 34
64 33
64 32
64 31
64 30
64 29
64 28
64 27
64 26
64 25
64 24
64 23
64 22
64 21
64 20
64 19
64 18
65 17
65 16
65 15
65 14
65 13
65 12
65 11
65 10
65 9
65 9
65 8
66 7
66 6
66 5
66 5
67 4
67 3
67 3
68 2
68 2
68 2
69 3
69 3
70 4
70 4
71 5
71 6
71 6
71 7
72 8
72 9
72 10
72 10
72 11
73 12
73 13
73 14
73 14
73 15
73 16
74 17
74 18
74 19
74 19
74 20
74 21
75 22
75 23
75 24
75 25
75 25
75 26
75 27
76 28
76 29
76 30
76 31
76 31
76 32
76 33
77 34
77 35
77 36
77 37
77 37
77 38
77 39
77 40
77 41
77 42
77 43
77 43
77 44
77 45
78 46
78 47
78 48
78 49
78 49
78 50
78 51
78 52
78 53
78 54
78 55
78 55
78 56
78 57
78 58
78 59
78 60
78 61
78 61
78 62
78 63
78 64
78 65
78 66
78 66
78 67
78 68
77 69
77 70
77 71
77 71
77 72
77 73
77 74
77 75
77 75
77 76
77 77
77 78
77 78
77 79
76 80
76 81
76 81
76 82
76 82
75 83
75 83
75 84
75 84
74 84
74 84
74 84
73 83
73 83
72 82
72 81
72 81
72 80
72 79
72 78
72 77
72 77
72 76
72 75
71 74
71 73
71 72
71 72
71 71
71 70
71 69
71 68
71 67
71 66
71 65
71 65
71 64
71 63
71 62
71 61
71 60
71 59
71 58
71 57
71 56
71 55
71 54
72 53
72 52
72 51
72 50
72 49
72 48
72 47
72 46
72 45
72 44
72 43
72 42
72 41
72 41
72 40
72 39
73 38
73 37
73 36
73 35
73 35
73 34
73 33
73 33
73 32
73 32
73 32
73 33
73 34
73 34
73 35
72 36
72 37
72 37
72 38
72 39
72 40
72 41
72 41
72 42
72 43
71 44
71 45
71 46
71 47
71 47
71 48
71 49
70 50
70 51
70 52
70 53
70 53
70 54
70 55
70 56
69 57
69 58
69 59
69 60
69 60
69 61
69 62
68 63
68 64
68 65
68 65
68 66
68 67
67 68
67 69
67 70
67 70
67 71
67 72
67 72
67 72
67 72
67 71
67 70
68 69
68 68
68 67
68 66
69 65
69 64
69 63
69 62
70 61
70 60
70 59
70 58
70 57
71 56
71 55
71 54
71 53
72 52
72 51
72 50
72 49
72 48
73 47
73 46
73 45
73 44
74 43
74 42
74 41
74 40
75 39
75 38
75 37
75 36
75 35
76 34
76 33
76 32
76 31
77 30
77 29
77 28
77 27
77 26
78 25
78 24
78 23
78 22
79 21
79 20
79 19
79 18
80 17
80 16
80 15
80 14
80 13
81 12
81 11
81 10
81 9
82 8
82 7
82 6
82 6
83 5
83 4
84 3
84 3
84 2
84 1
84 0
84 0
84 0
84 1
84 2
84 2
84 3
84 4
84 5
84 6
84 6
84 7
84 8
83 9
83 10
83 11
83 11
83 12
83 13
83 14
83 15
83 16
83 17
83 17
83 18
83 19
82 20
82 21
82 22
82 22
82 23
82 24
82 25
82 26
82 27
82 27
82 28
82 29
82 30
82 30
82 31
82 31
82 32
82 32
82 32
83 31
83 30
83 30
84 29
84 28
84 28
85 27
85 26
85 26
86 25
86 24
86 24
86 23
87 22
87 21
87 21
88 20
89 20
89 20
90 19
90 19
91 18
91 18
92 18
92 18
93 18
93 18
94 18
94 18
95 18
95 18
96 19
96 19
96 20
96 21
96 21
97 22
97 23
97 23
97 24
97 25
97 25
97 26
98 27
98 28
98 28
98 29
98 30
98 31
98 31
98 32
98 33
98 34
98 35
98 36
98 36
98 37
99 38
99 39
99 40
99 40
99 41
99 42
99 43
99 44
99 44
99 45
99 46
99 47
99 48
99 49
99 49
99 50
99 51
99 52
99 53
99 54
99 54
99 55
99 56
99 57
99 58
99 59
99 59
99 60
99 61
100 62
100 63
100 64
100 64
100 65
100 66
100 67
100 68
100 69
100 69
100 70
100 71
99 72
99 73
99 74
99 74
99 75
99 76
99 77
99 78
99 78
99 79
99 80
99 81
99 82
99 83
99 83
99 84
99 85
99 86
99 87
99 88
99 88
99 89
99 90
99 91
99 92
99 92
99 93
98 94
98 95
98 96
98 96
98 97
98 98
98 98
98 99
98 99
98 100
98 100
98 100
97 100
97 100
97 100
96 99
96 99
96 98
96 97
96 97
95 96
94 95
94 95
94 94
94 93
93 92
93 91
93 90
93 90
92 89
92 88
91 87
91 86
90 85
90 84
90 84
90 83
90 82
89 81
89 80
89 79
89 78
89 77
88 76
88 75
88 74
88 73
88 72
87 71
87 70
87 69
87 68
87 67
87 66
86 65
86 64
86 63
86 62
86 61
85 60
85 59
85 58
85 57
85 56
84 55
84 54
84 53
84 53
84 52
84 51
84 50
84 49
84 48
84 47
84 46
84 46
84 45
84 45
84 45
84 45
84 45
84 46
84 47
84 48
84 48
84 49
84 50
84 51
84 51
84 52
84 53
84 54
84 55
84 56
84 56
84 57
84 58
84 59
84 60
84 60
84 61
84 62
84 63
84 64
84 64
84 65
84 66
84 66
84 67
84 68
84 68
84 69
84 69
84 69
85 68
85 67
85 67
85 66
85 65
85 65
85 64
85 63
85 62
85 61
85 61
85 60
86 59
86 58
86 57
86 57
86 56
86 55
86 54
86 53
86 52
86 52
86 51
86 50
86 49
86 48
86 48
86 47
86 46
86 45
86 44
86 44
86 43
86 42
86 42
86 41
86 41
87 40
87 40
87 39
87 39
88 38
88 38
89 38
89 38
90 39
90 39
91 40
91 40
92 41
92 42
92 42
93 43
93 44
93 44
93 45
93 46
93 46
93 47
93 48
93 48
93 49
93 50
93 51
93 51
93 52
92 53
92 54
92 54
92 55
91 56
91 57
91 57
91 58
90 59
90 60
90 60
89 61
89 62
89 62
89 63
89 64
89 64
88 65
88 65
88 65
88 65
88 65
89 64
89 64
90 63
91 62
91 62
92 61
92 60
93 59
93 59
94 58
95 57
95 56
96 55
96 55
97 54
98 53
98 52
99 51
