0 62
0 62
0 61
0 61
0 60
0 60
0 59
0 58
0 58
1 57
1 57
1 57
1 57
1 57
1 58
1 58
1 59
1 60
1 60
1 61
1 62
1 63
1 63
1 64
1 65
1 66
1 66
2 67
2 67
3 67
4 67
4 67
5 66
6 66
7 65
7 65
8 64
9 63
10 62
10 62
11 61
12 60
13 59
14 58
14 58
15 57
15 56
16 55
16 54
17 53
17 53
17 52
18 51
18 50
19 49
19 48
19 48
20 47
20 46
21 45
21 44
21 44
22 43
22 42
23 41
23 41
24 40
24 39
24 39
24 38
24 38
23 38
23 38
22 39
22 40
22 40
21 39
20 38
19 38
18 37
17 36
16 35
15 35
14 34
13 33
13 33
14 32
14 31
14 31
15 30
15 30
15 30
15 30
16 31
16 31
16 32
16 33
16 33
16 34
16 35
17 36
17 37
17 38
17 39
17 39
17 40
17 41
17 42
17 43
17 44
17 45
17 46
17 47
17 47
17 48
17 49
17 50
17 51
16 52
16 53
16 54
16 55
16 56
16 57
16 57
16 58
16 59
16 60
15 61
15 62
15 63
15 64
15 65
15 65
15 66
14 67
14 68
14 69
14 70
13 71
13 72
13 73
13 73
13 74
12 75
12 76
12 77
12 78
11 79
11 80
11 80
11 81
10 82
10 83
10 84
9 85
9 86
9 86
9 87
8 88
8 89
7 90
7 91
7 91
7 92
6 93
6 94
6 94
5 95
4 95
4 95
4 94
4 93
5 92
5 91
5 90
5 89
5 88
6 87
6 86
6 85
6 84
6 83
7 82
7 81
7 80
7 79
8 78
8 77
8 76
8 75
8 74
9 73
9 72
9 71
9 70
9 69
10 68
10 67
10 66
10 65
10 64
11 63
11 62
11 61
11 61
12 62
13 62
14 63
14 63
14 64
15 65
15 66
15 66
15 67
15 68
16 69
16 70
16 71
16 71
17 72
17 73
18 74
18 74
19 75
19 76
20 77
20 78
21 79
21 79
21 80
22 81
22 82
23 83
23 84
23 84
23 85
24 86
24 87
24 88
24 88
25 89
25 90
26 91
26 92
26 92
27 93
27 94
28 95
28 96
28 96
29 97
30 98
30 98
31 99
31 100
31 100
32 100
32 100
32 100
32 99
33 98
33 97
34 96
34 95
35 94
35 93
36 92
36 91
36 90
37 89
37 88
38 87
38 86
39 85
39 84
39 83
40 82
40 81
41 80
41 79
42 78
42 77
43 76
43 75
43 74
44 73
44 72
45 71
45 70
46 69
46 68
46 67
47 66
47 65
48 64
48 63
49 62
49 61
50 60
50 59
50 58
51 57
51 56
52 55
52 54
53 53
53 52
54 51
54 50
54 49
55 48
55 47
56 46
56 45
57 44
57 43
57 42
58 41
58 40
59 39
59 38
60 37
60 36
61 35
61 34
61 33
62 32
62 31
63 30
63 29
64 28
64 27
64 26
65 25
65 24
66 23
66 22
67 21
67 20
68 19
68 18
68 18
69 18
69 18
69 18
70 18
70 18
70 18
70 18
70 18
70 19
69 20
69 21
69 22
69 22
69 23
69 24
68 25
68 26
68 27
68 28
68 28
68 29
67 30
67 31
67 32
66 33
66 34
66 34
66 35
65 36
65 37
64 38
64 39
64 39
63 40
63 41
62 42
62 43
61 44
61 45
61 45
60 46
60 47
59 48
59 49
59 49
58 50
57 51
57 52
56 53
56 53
56 52
55 51
55 50
54 49
54 48
53 47
53 46
53 45
52 44
52 43
51 42
51 41
50 40
50 39
50 39
51 38
51 37
52 36
52 35
53 34
53 33
54 32
54 31
54 31
55 30
56 29
56 29
57 28
57 28
58 27
59 27
59 27
60 27
61 27
61 27
62 27
62 27
63 28
64 28
64 28
65 28
66 28
66 28
67 28
68 28
68 28
69 28
70 28
70 28
71 29
72 30
72 30
72 31
73 32
73 33
73 33
74 34
74 35
75 36
75 37
75 37
75 38
75 39
75 40
75 41
75 42
75 43
75 43
75 44
75 45
75 46
76 47
76 48
76 49
76 50
76 50
76 51
76 52
76 53
76 54
76 55
76 56
76 57
76 58
76 59
76 59
76 60
76 61
76 62
76 63
76 64
76 65
76 65
76 66
76 67
76 68
76 69
76 69
76 70
76 71
75 72
75 73
75 74
75 74
75 75
74 76
74 77
74 77
73 78
73 79
73 79
72 80
71 81
71 81
70 82
69 82
69 82
69 81
69 80
69 79
69 78
70 77
70 76
70 75
70 74
70 73
70 72
70 71
70 70
71 69
71 68
71 67
71 66
71 65
71 64
71 63
71 62
72 61
72 60
72 59
72 58
72 57
72 56
72 55
72 54
73 53
73 52
73 51
73 50
73 49
73 48
73 47
73 46
74 45
74 44
74 43
74 42
74 41
74 41
75 42
75 43
75 43
75 44
75 44
74 45
73 45
73 45
73 46
73 47
73 47
72 48
72 49
71 50
71 51
71 51
71 52
70 53
70 54
70 55
70 55
69 56
69 57
68 58
68 59
67 60
67 60
67 61
66 62
66 63
65 64
65 65
65 65
65 64
66 63
66 62
66 61
67 60
67 59
67 58
68 57
68 56
68 55
68 54
69 53
69 52
69 51
70 50
70 49
70 48
71 47
71 46
71 45
72 44
72 43
72 42
73 41
73 40
73 39
74 38
74 37
74 36
75 35
75 34
75 33
75 32
76 31
76 30
76 29
77 28
77 27
77 26
78 25
78 24
78 23
79 22
79 21
79 20
80 19
80 18
80 17
81 16
81 15
81 14
82 13
82 12
82 11
82 10
83 9
83 8
83 7
84 6
84 5
84 4
85 3
85 2
85 2
86 1
87 0
87 0
87 0
87 0
87 1
88 2
88 3
88 3
88 4
88 5
87 6
87 7
87 8
87 9
87 9
87 10
87 11
87 12
86 13
86 14
86 15
86 16
86 17
86 17
86 18
86 19
86 20
85 21
85 22
85 23
85 24
85 24
85 25
85 26
84 27
84 28
84 29
84 30
84 30
84 31
83 32
83 33
83 34
83 34
83 35
82 36
82 37
82 37
82 38
82 38
82 38
83 38
83 38
84 37
84 36
84 36
85 35
86 34
86 34
87 33
87 32
87 32
88 31
88 30
89 29
89 29
90 28
90 27
90 27
91 26
92 25
92 25
93 24
93 23
93 23
94 22
95 22
95 22
96 21
96 21
97 20
97 20
98 20
99 20
99 20
99 20
99 20
99 21
99 22
99 23
99 23
99 24
99 25
99 26
99 27
99 27
99 28
99 29
99 30
99 31
99 32
99 33
99 34
99 35
99 35
99 36
99 37
99 38
100 39
100 40
100 41
100 42
100 43
100 43
100 44
100 45
100 46
100 47
100 48
100 49
100 50
100 51
100 51
100 52
100 53
100 54
100 55
100 56
100 57
100 58
100 59
100 60
100 60
100 61
100 62
99 63
99 64
99 65
99 66
99 66
99 67
99 68
99 69
99 70
99 71
99 72
99 72
99 73
99 74
98 75
98 76
98 77
98 77
98 78
97 79
97 80
97 80
97 81
97 82
97 83
97 83
96 84
96 85
96 85
95 86
95 86
94 87
94 87
93 87
93 87
92 87
92 87
91 86
91 86
90 85
90 85
89 84
89 83
89 83
88 82
87 81
87 81
87 80
87 79
86 78
86 77
86 76
86 75
86 74
85 73
85 72
85 71
85 70
85 69
84 68
84 67
84 66
84 65
84 64
84 63
83 62
83 61
83 60
83 59
83 58
82 57
82 56
82 55
82 54
82 53
81 52
81 51
81 50
81 50
81 50
81 50
81 50
81 50
82 49
82 49
82 50
82 50
83 51
83 52
83 52
83 53
83 54
83 55
83 55
84 56
84 57
84 57
84 58
84 59
84 59
84 60
84 60
84 61
84 61
84 61
84 61
83 60
83 60
83 59
83 59
83 58
83 57
83 56
83 56
83 55
84 54
84 53
84 53
84 52
85 51
85 50
85 49
85 49
85 48
85 47
85 46
85 45
85 45
86 44
86 43
86 43
87 42
87 42
88 42
89 42
89 42
90 42
90 42
91 42
91 42
91 43
91 44
91 44
92 45
92 46
92 46
92 47
92 48
92 48
92 49
92 50
92 51
92 52
92 52
92 53
91 54
91 55
91 55
91 56
90 57
90 58
90 58
89 59
89 60
88 61
88 61
87 62
87 63
86 64
86 64
85 65
85 66
85 66
84 67
84 67
84 67
84 67
85 67
85 67
86 67
86 67
87 66
88 65
88 65
89 64
89 64
90 63
91 62
91 62
92 61
92 60
