1 54
1 55
0 56
0 57
0 57
0 58
0 58
0 59
0 59
0 60
0 61
0 61
0 62
0 63
0 63
0 64
1 65
1 66
1 66
2 67
2 67
3 67
3 67
4 66
5 66
5 66
6 65
7 64
7 64
8 63
8 62
9 61
9 60
9 60
10 59
11 58
11 57
12 56
12 56
13 55
13 54
14 53
14 52
14 52
15 51
15 50
16 49
16 48
16 48
17 47
17 46
18 45
18 44
18 44
18 43
19 42
19 41
19 41
20 40
20 39
20 39
21 39
21 39
21 39
21 39
20 39
20 39
20 39
19 40
19 40
18 40
18 40
17 39
17 38
16 37
16 36
15 35
15 34
14 33
14 32
13 31
13 30
12 29
12 28
12 28
12 27
12 26
12 26
12 25
12 25
12 25
12 25
12 26
12 26
12 27
12 28
12 29
12 29
12 30
12 31
12 32
12 33
12 34
12 35
12 35
12 36
12 37
12 38
12 39
12 40
12 41
12 42
12 43
12 43
12 44
12 45
12 46
12 47
12 48
12 49
12 50
12 51
12 52
12 53
12 53
12 54
12 55
12 56
12 57
12 58
11 59
11 60
11 61
11 62
11 63
11 64
11 64
11 65
11 66
10 67
10 68
10 69
10 70
9 71
9 72
9 73
9 73
9 74
9 75
9 76
9 77
8 78
8 79
8 80
8 81
8 82
8 82
8 83
8 84
8 85
7 86
7 87
7 88
7 89
7 89
7 90
7 91
6 92
6 93
6 94
6 94
6 95
6 96
6 97
6 97
6 98
6 99
6 99
6 99
6 98
6 98
6 97
6 96
6 96
6 95
6 94
6 93
6 92
6 91
6 90
7 89
7 88
7 87
7 86
7 85
7 84
7 83
7 82
7 81
7 80
7 79
7 78
8 77
8 76
8 75
8 74
8 73
8 72
8 71
8 70
8 69
8 68
8 67
8 66
9 65
9 64
9 63
9 62
9 61
9 60
9 59
9 59
10 60
11 60
11 60
12 61
13 61
13 61
13 62
13 63
13 63
14 64
14 65
15 66
15 67
15 67
15 68
16 69
16 70
16 70
17 71
17 72
18 73
18 74
18 74
18 75
19 76
19 77
20 78
20 79
20 79
21 80
21 81
22 82
22 83
22 83
23 84
24 85
24 86
25 87
25 87
26 88
27 89
27 90
28 91
28 91
29 92
30 92
31 93
31 93
32 94
33 94
33 94
34 95
35 95
35 95
36 95
37 95
37 95
38 95
39 95
39 95
39 94
39 94
39 94
39 93
39 93
39 92
39 92
38 91
38 90
38 90
38 89
39 88
39 87
40 86
40 85
41 84
41 83
42 82
42 81
43 80
43 79
43 78
44 77
44 76
45 75
45 74
46 73
46 72
47 71
47 70
48 69
48 68
48 67
49 66
49 65
50 64
50 63
51 62
51 61
52 60
52 59
53 58
53 57
54 56
54 55
54 54
55 53
55 52
56 51
56 50
57 49
57 48
58 47
58 46
59 45
59 44
59 43
60 42
60 41
61 40
61 39
62 38
62 37
63 36
63 35
64 34
64 33
64 32
65 31
65 30
66 29
66 28
67 27
67 26
68 25
68 24
69 23
69 22
69 22
70 21
70 20
71 19
71 18
71 18
71 17
71 16
71 15
71 14
71 14
71 13
71 12
71 12
72 13
72 13
72 13
72 14
72 15
72 15
71 16
71 17
71 17
71 18
71 19
71 20
71 21
71 21
71 22
70 23
70 24
70 25
70 25
70 26
70 27
69 28
69 29
69 30
69 30
69 31
68 32
68 33
68 34
67 35
67 36
67 36
67 37
66 38
66 39
66 40
65 41
65 42
65 42
64 43
64 44
63 45
63 46
63 46
63 47
62 48
62 49
62 50
62 50
61 51
61 52
61 52
61 52
61 51
61 50
61 49
61 48
61 47
61 46
61 45
61 44
61 43
61 42
61 41
61 40
61 39
61 38
61 37
61 36
61 35
61 34
61 33
61 32
62 31
62 30
62 29
62 28
62 27
62 26
62 25
62 24
62 23
62 22
62 21
62 20
62 19
62 18
62 17
62 16
62 15
62 14
62 13
62 12
62 11
62 10
62 10
62 9
63 8
63 7
63 6
63 6
64 6
64 6
64 5
64 5
64 5
65 6
65 6
66 7
66 8
66 8
67 9
67 10
68 11
68 11
68 12
69 13
69 14
69 15
69 15
69 16
70 17
70 18
70 19
70 19
70 20
70 21
71 22
71 23
71 24
71 24
71 25
71 26
72 27
72 28
72 29
72 29
72 30
72 31
73 32
73 33
73 34
73 34
73 35
73 36
73 37
73 38
73 39
73 39
73 40
73 41
74 42
74 43
74 44
74 45
74 45
74 46
74 47
75 48
75 49
75 50
75 51
75 51
75 52
75 53
75 54
75 55
75 56
75 57
75 57
75 58
75 59
76 60
76 61
76 62
76 63
76 63
76 64
76 65
76 66
76 67
76 68
76 68
76 69
76 70
76 71
76 72
76 73
76 73
76 74
76 75
76 76
76 77
76 78
76 78
76 79
76 80
76 81
76 82
76 82
76 83
76 84
76 85
76 86
76 87
76 87
76 88
75 89
75 90
75 90
75 91
75 92
75 92
74 93
74 94
74 94
74 95
74 95
73 95
73 95
73 96
73 96
72 95
72 95
71 95
71 95
71 94
71 93
71 92
71 92
71 91
70 90
70 89
70 88
70 88
70 87
70 86
69 85
69 84
69 83
69 82
69 82
69 81
69 80
69 79
68 78
68 77
68 76
68 75
68 75
68 74
68 73
68 72
68 71
68 70
68 69
68 68
68 68
68 67
68 66
68 65
68 64
69 63
69 62
69 61
69 60
69 59
69 58
69 57
69 56
69 55
69 54
70 53
70 52
70 51
70 50
70 49
70 48
70 48
70 47
70 46
70 45
70 44
70 43
70 42
70 42
71 41
71 40
71 40
71 39
71 39
71 39
71 40
71 40
71 41
71 42
71 43
71 44
71 45
71 45
71 46
71 47
70 48
70 49
70 50
70 51
70 51
70 52
70 53
70 54
69 55
69 56
69 57
69 58
69 58
69 59
69 60
69 61
68 62
68 63
68 64
68 65
68 65
68 66
68 67
67 68
67 69
67 70
67 71
67 71
67 72
67 73
66 74
66 75
66 76
66 76
65 77
65 78
65 78
65 79
65 79
66 78
66 78
66 77
66 76
67 75
67 74
67 73
67 72
67 71
68 70
68 69
68 68
68 67
68 66
69 65
69 64
69 63
69 62
69 61
70 60
70 59
70 58
70 57
71 56
71 55
71 54
71 53
71 52
72 51
72 50
72 49
72 48
72 47
73 46
73 45
73 44
73 43
73 42
74 41
74 40
74 39
74 38
74 37
75 36
75 35
75 34
75 33
75 32
76 31
76 30
76 29
76 28
76 27
77 26
77 25
77 24
77 23
77 22
78 21
78 20
78 19
78 18
79 17
79 16
79 15
79 14
79 13
80 12
80 11
80 10
80 9
80 8
81 7
81 6
81 5
81 4
81 3
82 2
82 1
82 0
82 0
82 0
82 1
82 2
82 3
82 3
82 4
82 5
82 5
82 6
82 7
82 7
82 8
81 9
81 10
81 10
81 11
81 12
81 13
81 14
81 14
81 15
81 16
81 17
81 18
81 18
81 19
81 20
81 21
81 22
81 22
81 23
80 24
80 25
80 26
80 26
80 27
80 28
80 29
80 29
80 30
80 31
80 31
80 32
80 32
81 32
81 32
81 32
82 31
82 31
82 30
82 30
83 29
83 29
84 28
84 28
85 27
85 27
86 26
86 26
87 25
88 25
88 25
89 24
89 24
90 23
91 23
91 23
92 23
92 23
93 24
93 24
94 25
94 25
95 25
95 25
96 26
96 26
96 26
96 27
96 28
96 29
96 29
97 30
97 31
97 31
97 32
97 33
97 34
97 34
97 35
97 36
97 37
97 37
97 38
97 39
97 40
97 40
97 41
97 42
98 43
98 44
98 45
98 45
98 46
98 47
98 48
98 49
98 50
98 51
98 51
98 52
98 53
99 54
99 55
99 56
99 57
99 57
99 58
99 59
99 60
99 61
99 62
99 62
99 63
99 64
99 65
99 66
99 67
99 68
99 68
99 69
99 70
100 71
100 72
100 73
100 74
100 74
100 75
100 76
100 77
100 78
100 79
100 80
100 80
100 81
100 82
100 83
100 84
100 85
100 85
100 86
100 87
99 88
99 89
99 90
99 90
99 91
99 92
99 93
99 94
99 94
99 95
99 96
99 97
99 97
98 98
98 98
98 99
98 99
97 100
97 100
97 100
96 100
96 100
95 100
95 100
94 100
94 100
93 99
93 98
93 98
92 97
91 96
91 96
91 95
90 94
90 93
89 92
89 91
89 91
89 90
89 89
89 88
88 87
88 86
88 85
88 84
88 84
88 83
88 82
88 81
87 80
87 79
87 78
87 77
87 76
87 75
87 74
87 73
86 72
86 71
86 70
86 69
86 68
86 67
86 66
85 65
85 64
85 63
85 62
85 61
85 60
85 59
85 58
84 57
84 56
84 55
84 54
84 53
84 52
84 51
84 50
83 49
83 48
83 47
83 46
83 46
83 46
83 46
83 46
83 47
84 48
84 49
84 49
84 50
84 51
84 52
84 53
84 54
84 54
84 55
84 56
84 57
84 58
84 59
84 59
84 60
84 61
84 62
84 63
84 63
84 64
84 65
84 66
84 66
84 67
84 68
84 69
84 69
84 70
84 70
85 70
85 70
85 70
85 69
85 68
85 67
85 66
85 65
85 64
85 63
85 62
85 61
85 60
85 59
85 58
85 57
85 56
85 55
85 54
85 53
85 52
85 51
85 50
85 49
85 48
85 47
85 47
85 46
86 45
86 44
86 43
86 43
86 43
87 42
87 42
88 42
88 42
89 43
89 43
90 44
90 45
90 45
91 46
91 47
91 47
91 48
91 49
91 50
91 50
92 51
92 52
92 52
92 53
92 54
92 54
92 55
92 56
92 57
92 57
91 58
91 59
91 59
91 60
90 61
90 62
90 62
89 63
89 64
89 64
88 65
88 66
88 66
87 67
87 68
87 68
87 69
87 69
86 69
86 69
86 70
86 70
87 70
87 70
88 70
88 70
89 69
89 68
89 68
90 67
91 66
91 66
92 65
92 64
93 63
93 63
94 62
95 61
