0 31
0 32
0 32
0 33
0 34
0 34
0 35
0 35
0 36
0 36
1 37
1 38
1 38
1 39
2 40
2 41
2 41
3 42
3 42
4 42
5 42
5 42
6 41
7 41
8 40
8 40
9 39
10 38
10 38
11 37
12 36
13 35
13 35
14 34
15 34
16 33
16 33
17 32
17 31
18 30
18 30
19 29
20 28
20 28
21 27
21 27
21 26
21 26
21 26
21 26
21 26
21 26
21 25
21 25
20 25
20 25
20 24
19 23
19 22
19 21
19 20
18 19
18 18
18 17
18 16
17 15
17 14
17 13
17 12
16 11
16 10
16 9
16 8
15 7
15 6
15 5
15 4
14 3
14 2
14 2
14 2
14 2
14 2
14 2
14 3
14 4
14 5
14 6
14 7
14 7
14 8
14 9
14 10
14 11
14 12
14 13
14 14
14 14
14 15
14 16
14 17
14 18
14 19
14 20
14 21
14 22
14 23
14 23
14 24
14 25
14 26
14 27
13 28
13 29
13 30
13 31
13 32
13 32
13 33
13 34
12 35
12 36
12 37
12 38
12 39
12 40
11 41
11 42
11 43
11 43
11 44
11 45
11 46
11 47
11 48
11 49
10 50
10 51
10 52
10 53
10 54
10 55
10 56
10 56
10 57
10 58
9 59
9 60
9 61
9 62
8 63
8 64
8 65
8 65
8 66
8 67
8 68
7 69
7 70
7 71
7 72
7 72
7 73
7 74
6 75
6 76
6 77
6 78
6 78
6 79
5 80
5 81
5 82
5 82
5 83
5 84
5 84
5 84
5 84
5 83
5 82
5 81
5 80
6 79
6 78
6 77
6 76
6 75
6 74
6 73
6 72
7 71
7 70
7 69
7 68
7 67
7 66
7 65
7 64
8 63
8 62
8 61
8 60
8 59
8 58
8 57
8 56
9 55
9 54
9 53
9 52
9 51
9 51
10 51
11 50
12 50
12 50
12 50
13 51
14 51
14 51
15 52
15 53
16 54
16 54
17 55
17 56
18 57
18 57
19 58
20 59
20 60
21 61
21 61
22 62
22 63
23 64
23 65
24 66
24 66
25 67
25 68
26 69
26 70
27 71
27 71
28 72
29 73
29 74
30 75
30 75
31 76
32 77
32 78
33 79
33 79
34 80
35 81
35 81
36 82
37 83
37 83
38 83
39 83
40 83
40 83
41 83
41 83
41 82
41 82
41 82
41 81
41 81
40 80
40 79
40 79
40 78
41 77
41 76
42 75
42 74
43 73
43 72
44 71
44 70
45 69
45 68
46 67
46 66
47 65
47 64
48 63
48 62
49 61
49 60
50 59
50 58
50 57
51 56
51 55
52 54
52 53
53 52
53 51
54 50
54 49
55 48
55 47
56 46
56 45
57 44
57 43
58 42
58 41
59 40
59 39
60 38
60 37
60 36
61 35
61 34
62 33
62 32
63 31
63 30
64 29
64 28
65 27
65 26
66 25
66 24
67 23
67 22
68 21
68 20
69 19
69 18
70 17
70 16
70 16
70 15
71 14
71 13
71 12
72 11
72 10
72 10
73 9
73 8
73 8
74 8
74 8
74 8
74 8
74 8
74 9
74 10
74 11
74 11
74 12
73 13
73 14
73 15
73 15
73 16
73 17
72 18
72 19
72 20
72 21
72 21
72 22
71 23
71 24
71 25
70 26
70 27
70 27
70 28
69 29
69 30
69 31
69 32
68 33
68 34
68 34
68 35
67 36
67 37
67 38
67 39
66 40
66 41
66 41
66 42
65 43
65 44
64 45
64 46
64 46
63 47
63 48
62 49
62 50
62 50
61 51
61 52
61 52
60 52
60 52
59 51
59 51
59 50
59 49
59 48
59 47
59 46
59 45
59 44
59 43
59 42
59 41
59 40
59 39
59 38
59 37
59 36
59 35
59 34
59 33
58 32
58 31
58 30
58 29
58 28
58 27
58 26
58 25
58 24
58 23
58 22
58 21
58 20
58 19
58 18
58 17
58 16
58 15
58 14
58 13
58 13
58 12
59 11
59 10
59 9
59 9
60 9
60 9
61 10
61 11
61 11
62 12
62 13
62 13
62 14
63 15
63 16
63 17
63 17
63 18
64 19
64 20
65 21
65 22
65 22
66 23
66 24
67 25
67 26
67 26
67 27
68 28
68 29
69 30
69 31
69 31
69 32
70 33
70 34
71 35
71 36
71 36
71 37
72 38
72 39
72 40
73 41
73 42
73 42
73 43
73 44
74 45
74 46
74 47
74 47
74 48
74 49
74 50
74 51
74 52
74 53
74 53
74 54
74 55
75 56
75 57
75 58
75 59
75 59
75 60
75 61
75 62
75 63
75 64
75 65
75 65
75 66
75 67
75 68
75 69
75 70
75 70
75 71
74 72
74 73
74 74
74 74
74 75
74 76
73 77
73 78
73 79
73 79
73 80
72 81
72 82
72 82
72 83
71 84
71 85
71 85
70 86
70 87
70 87
69 87
69 87
68 86
68 86
68 85
68 84
68 83
68 83
68 82
68 81
68 80
68 79
68 79
68 78
68 77
68 76
68 75
68 74
68 73
68 73
68 72
68 71
69 70
69 69
69 68
69 67
69 67
69 66
69 65
70 64
70 63
70 62
70 61
70 61
70 60
70 59
70 58
70 57
70 56
70 56
70 55
70 54
71 53
71 52
71 51
71 50
71 50
71 49
71 48
71 47
71 46
71 45
71 45
71 44
71 43
71 42
71 42
71 41
71 41
71 41
71 42
71 43
71 43
70 44
70 45
69 46
69 46
69 47
69 48
69 49
68 50
68 51
68 52
68 53
68 53
68 54
67 55
67 56
67 57
66 58
66 59
66 59
66 60
65 61
65 62
65 63
64 64
64 65
64 65
64 66
63 67
63 68
63 69
63 69
62 70
62 70
62 70
63 70
63 70
63 69
64 68
64 67
64 66
64 65
65 64
65 63
65 62
65 61
66 60
66 59
66 58
67 57
67 56
67 55
67 54
68 53
68 52
68 51
68 50
69 49
69 48
69 47
69 46
70 45
70 44
70 43
71 42
71 41
71 40
71 39
72 38
72 37
72 36
72 35
73 34
73 33
73 32
74 31
74 30
74 29
74 28
75 27
75 26
75 25
75 24
76 23
76 22
76 21
76 20
77 19
77 18
77 17
78 16
78 15
78 14
78 13
79 12
79 11
79 10
79 9
80 8
80 7
80 7
81 6
81 5
82 4
82 3
83 2
83 1
84 0
84 0
84 0
84 1
84 2
84 2
84 3
84 4
84 5
84 6
84 6
84 7
84 8
83 9
83 10
83 11
83 12
83 12
83 13
82 14
82 15
82 16
82 17
81 18
81 19
81 19
81 20
81 21
80 22
80 23
80 24
80 25
80 25
80 26
79 27
79 28
79 29
79 29
79 30
79 31
79 31
80 32
80 33
80 33
81 33
81 33
81 33
82 33
83 33
83 33
84 32
84 32
85 31
86 30
86 30
87 29
88 28
88 28
89 27
89 27
90 26
90 25
90 25
91 24
92 24
92 24
93 23
93 23
94 23
94 23
95 23
95 23
96 24
97 24
97 24
97 25
97 26
97 26
98 27
98 28
98 28
98 29
98 30
98 31
98 31
98 32
98 33
98 34
98 35
98 35
98 36
98 37
98 38
98 39
98 40
98 40
98 41
98 42
98 43
98 44
98 45
98 45
98 46
98 47
99 48
99 49
99 50
99 51
99 51
99 52
99 53
99 54
99 55
99 56
99 57
99 58
99 58
99 59
99 60
99 61
99 62
99 63
99 64
99 64
99 65
99 66
98 67
98 68
98 69
98 70
98 70
98 71
98 72
98 73
98 74
98 75
98 76
98 76
98 77
98 78
97 79
97 80
97 81
97 82
97 82
97 83
97 84
97 85
97 86
97 87
97 88
97 88
97 89
97 90
96 91
96 92
96 93
96 93
96 94
95 95
95 96
95 97
95 97
94 98
94 99
94 99
94 100
94 100
93 100
93 100
92 100
92 100
92 99
91 98
91 97
91 97
91 96
90 95
90 94
90 93
90 93
90 92
90 91
90 90
89 89
89 88
89 87
89 86
89 86
89 85
89 84
89 83
89 82
88 81
88 80
88 79
88 78
88 77
88 76
88 75
88 74
88 73
87 72
87 71
87 70
87 69
87 68
87 67
87 66
87 65
86 64
86 63
86 62
86 61
86 60
86 59
86 58
86 57
86 56
85 55
85 54
85 53
85 52
85 51
85 51
85 50
85 49
85 48
85 47
85 47
84 46
84 46
84 47
84 47
84 48
84 49
84 49
84 50
83 51
83 52
83 53
83 53
83 54
83 55
83 56
83 57
83 58
83 58
83 59
83 60
83 61
83 62
83 63
83 63
83 64
82 65
82 66
82 66
82 67
82 68
82 69
82 69
83 70
83 70
83 71
83 71
84 71
84 71
84 70
84 69
84 68
84 67
84 66
84 65
84 64
84 63
84 62
85 61
85 60
85 59
85 58
85 57
85 56
85 55
85 54
85 53
85 52
85 51
85 51
85 50
85 49
86 48
86 47
86 46
86 46
87 45
87 45
88 44
88 44
89 44
89 44
90 43
90 43
91 43
91 43
92 44
92 44
93 45
93 46
93 46
93 47
93 48
93 49
93 49
93 50
93 51
93 52
93 53
93 54
93 54
93 55
93 56
92 57
92 58
92 59
92 59
92 60
92 61
91 62
91 63
91 64
91 64
91 65
90 66
90 67
90 67
90 68
89 69
89 70
89 70
88 71
88 72
88 72
88 73
88 73
88 73
89 72
89 72
89 71
90 70
90 69
90 69
91 68
91 67
92 66
92 65
92 65
93 64
93 63
94 62
94 61
94 61
95 60
96 59
97 58
97 58
98 57
99 57
100 56
