1 53
1 54
1 55
0 56
0 57
0 58
0 59
0 59
0 60
0 60
0 61
0 62
0 62
0 63
0 64
0 65
0 65
0 66
0 67
0 67
1 68
1 68
2 68
3 68
3 68
4 67
5 67
5 67
6 66
7 65
8 64
8 64
9 63
10 62
10 61
11 60
11 60
12 59
12 58
13 57
13 56
13 56
14 55
14 54
15 53
15 52
16 51
16 50
16 50
17 49
17 48
18 47
18 46
19 45
19 45
19 44
20 43
20 42
21 41
21 40
21 40
21 39
22 38
22 37
23 36
23 35
23 35
23 34
24 33
24 32
24 32
24 31
24 31
24 31
24 31
24 31
23 31
23 31
23 31
22 31
22 31
22 30
21 29
21 28
21 27
20 26
20 25
20 24
19 23
19 22
19 21
19 20
18 19
18 18
18 17
17 16
17 15
17 14
16 13
16 12
16 12
16 11
16 10
16 10
16 10
15 10
15 10
15 11
15 12
15 13
15 14
15 14
15 15
15 16
15 17
15 18
15 19
15 20
15 20
15 21
15 22
15 23
15 24
15 25
15 26
15 27
15 28
15 29
15 29
15 30
15 31
15 32
15 33
15 34
15 35
14 36
14 37
14 38
14 39
14 40
14 41
14 42
14 42
14 43
14 44
14 45
14 46
14 47
13 48
13 49
13 50
13 51
13 52
13 53
13 54
13 54
13 55
13 56
13 57
13 58
13 59
12 60
12 61
12 62
12 63
12 64
12 65
12 66
12 66
12 67
12 68
12 69
12 70
12 71
11 72
11 73
11 74
11 75
11 76
11 77
11 78
11 78
11 79
11 80
11 81
10 82
10 83
10 84
10 85
10 86
10 86
10 87
10 88
10 89
10 90
10 91
10 91
10 92
10 93
10 94
10 94
10 95
10 95
10 94
10 94
10 93
10 92
10 91
10 90
10 89
10 88
10 87
10 86
11 85
11 84
11 83
11 82
11 81
11 80
11 79
11 78
11 77
11 76
11 75
11 74
11 73
11 72
11 71
11 70
11 69
11 68
12 67
12 66
12 65
12 64
12 63
12 62
12 61
12 60
12 59
12 59
13 60
13 61
13 61
14 62
14 62
14 63
15 64
15 65
15 65
15 66
16 67
16 68
16 68
16 69
17 70
17 71
17 71
18 72
18 73
19 74
19 75
19 75
20 76
20 77
21 78
21 79
21 79
22 80
22 81
23 82
23 82
24 83
25 83
26 84
26 84
27 85
28 85
29 86
29 86
30 87
31 87
32 88
32 88
33 88
34 89
35 89
35 89
36 89
37 90
38 90
38 90
39 90
40 91
41 91
41 91
42 91
43 91
44 91
44 91
45 91
45 91
46 90
46 90
46 90
46 90
46 90
45 89
45 89
44 88
44 88
44 87
45 86
45 85
45 84
46 83
46 82
46 81
47 80
47 79
47 78
48 77
48 76
48 75
49 74
49 73
50 72
50 71
50 70
51 69
51 68
51 67
52 66
52 65
52 64
53 63
53 62
53 61
54 60
54 59
54 58
55 57
55 56
55 55
56 54
56 53
56 52
57 51
57 50
57 49
58 48
58 47
59 46
59 45
59 44
60 43
60 42
60 41
61 40
61 39
61 38
62 37
62 36
62 35
63 34
63 33
63 32
64 31
64 30
64 29
65 28
65 27
65 26
66 25
66 24
66 23
67 22
67 21
68 20
68 19
68 18
69 17
69 16
69 15
70 14
70 13
70 12
71 11
71 10
71 9
72 8
72 7
72 7
72 6
72 5
72 5
72 4
72 3
72 2
72 1
72 0
72 0
72 0
72 1
72 1
72 2
72 3
72 4
72 4
72 5
72 6
72 7
72 8
72 8
72 9
72 10
71 11
71 12
71 13
71 13
71 14
71 15
70 16
70 17
70 18
70 19
70 19
70 20
69 21
69 22
69 23
69 24
68 25
68 26
68 26
68 27
67 28
67 29
67 30
67 31
66 32
66 33
66 33
66 34
65 35
65 36
65 37
65 38
64 39
64 40
64 40
64 41
63 42
63 43
62 44
62 45
62 45
62 46
61 47
61 48
61 49
61 49
60 50
60 51
60 51
60 52
60 52
59 51
59 51
59 50
59 49
59 48
59 47
59 46
59 45
60 44
60 43
60 42
60 41
60 40
60 39
60 38
60 37
60 36
60 35
60 34
60 33
60 32
60 31
61 30
61 29
61 28
61 27
61 26
61 25
61 24
61 23
61 22
61 21
61 20
61 19
61 18
61 17
62 16
62 15
62 14
62 13
62 12
62 11
62 10
62 10
62 9
63 8
63 7
64 6
64 5
64 5
64 4
64 4
64 3
64 3
65 4
65 4
66 5
66 6
66 6
66 7
67 8
67 9
67 10
67 10
67 11
67 12
68 13
68 14
68 15
68 15
68 16
68 17
69 18
69 19
69 20
69 21
69 21
69 22
69 23
69 24
70 25
70 26
70 27
70 28
70 28
70 29
70 30
70 31
71 32
71 33
71 34
71 35
71 36
71 36
71 37
71 38
71 39
72 40
72 41
72 42
72 43
72 44
72 44
72 45
72 46
72 47
73 48
73 49
73 50
73 51
73 51
73 52
73 53
73 54
73 55
73 56
73 57
73 58
73 58
73 59
73 60
73 61
73 62
73 63
73 64
73 65
73 65
73 66
73 67
73 68
73 69
73 70
73 71
73 72
73 72
73 73
73 74
73 75
73 76
73 77
73 78
73 78
73 79
73 80
73 81
73 82
73 82
73 83
73 84
73 85
73 85
73 86
72 87
72 88
72 88
72 89
72 89
72 90
72 90
71 90
71 90
71 90
70 89
70 88
70 88
70 87
70 86
70 85
70 85
70 84
70 83
69 82
69 81
69 80
69 79
69 79
69 78
69 77
69 76
69 75
69 74
69 73
69 72
69 71
69 71
69 70
69 69
69 68
69 67
69 66
69 65
69 64
69 63
69 62
69 62
69 61
69 60
69 59
69 58
69 57
69 56
69 55
69 54
69 54
69 53
69 52
69 51
69 50
69 49
69 48
69 48
69 47
69 46
69 45
69 44
69 44
69 43
69 42
69 41
69 41
69 40
69 39
69 38
69 38
69 38
69 38
69 39
69 40
69 40
69 41
68 42
68 43
68 44
68 44
68 45
68 46
68 47
67 48
67 49
67 50
67 51
67 51
67 52
67 53
66 54
66 55
66 56
66 57
66 57
66 58
66 59
66 60
65 61
65 62
65 63
65 64
65 64
65 65
65 66
64 67
64 68
64 69
64 69
64 70
64 71
64 72
64 73
64 73
64 74
64 74
64 74
64 73
64 72
65 71
65 70
65 69
65 68
66 67
66 66
66 65
66 64
66 63
67 62
67 61
67 60
67 59
68 58
68 57
68 56
68 55
68 54
69 53
69 52
69 51
69 50
70 49
70 48
70 47
70 46
70 45
71 44
71 43
71 42
71 41
72 40
72 39
72 38
72 37
72 36
73 35
73 34
73 33
73 32
74 31
74 30
74 29
74 28
74 27
75 26
75 25
75 24
75 23
76 22
76 21
76 20
76 19
76 18
77 17
77 16
77 15
77 14
78 13
78 12
78 11
78 10
78 9
79 8
79 7
79 6
79 5
80 4
80 3
80 2
80 2
81 1
81 1
81 2
81 3
81 3
81 4
81 5
81 6
81 6
81 7
80 8
80 9
80 10
80 10
80 11
80 12
80 13
80 14
80 15
80 15
80 16
80 17
80 18
80 19
80 20
80 20
80 21
79 22
79 23
79 24
79 24
79 25
79 26
79 27
79 28
79 28
79 29
79 30
79 30
79 31
79 32
79 32
79 33
79 33
80 34
80 34
80 33
80 33
81 32
81 32
81 31
81 30
81 30
82 29
82 29
83 28
83 27
83 27
84 26
84 25
84 25
85 24
85 24
86 23
87 22
87 22
88 21
88 21
89 21
90 21
90 21
91 21
91 21
92 22
92 23
92 23
93 24
93 24
93 25
93 26
93 27
93 27
94 28
94 29
94 29
94 30
94 31
94 32
94 32
94 33
95 34
95 35
95 36
95 36
95 37
95 38
95 39
95 40
95 41
95 41
95 42
95 43
95 44
95 45
95 45
95 46
95 47
96 48
96 49
96 50
96 50
96 51
96 52
96 53
96 54
96 55
96 56
96 56
96 57
96 58
96 59
96 60
96 61
96 62
96 62
96 63
96 64
96 65
96 66
96 67
96 68
96 68
96 69
96 70
96 71
95 72
95 73
95 74
95 75
95 76
95 76
95 77
95 78
95 79
95 80
95 81
95 82
95 83
95 83
95 84
95 85
95 86
95 87
95 88
95 88
95 89
95 90
94 91
94 92
94 93
94 93
94 94
94 95
94 96
94 96
94 97
94 98
94 99
94 99
93 100
93 100
93 100
92 100
92 100
91 100
91 100
90 99
90 99
90 98
89 97
89 96
89 96
88 95
88 94
87 93
87 92
87 92
87 91
87 90
87 89
87 88
87 87
87 86
86 85
86 84
86 83
86 82
86 81
86 80
86 79
86 78
86 77
86 76
86 75
86 74
85 73
85 72
85 71
85 70
85 69
85 68
85 67
85 66
85 65
85 64
85 63
85 62
84 61
84 60
84 59
84 58
84 57
84 56
84 55
84 54
84 53
84 52
84 51
84 50
83 49
83 48
83 47
83 46
83 45
83 44
83 43
83 43
83 43
83 43
83 44
83 45
83 46
83 46
83 47
83 48
83 49
83 49
83 50
83 51
83 52
83 53
83 54
83 54
83 55
83 56
83 57
83 58
83 59
83 59
83 60
83 61
83 62
83 63
83 64
83 64
83 65
83 66
83 67
83 67
83 68
83 69
83 69
83 70
83 71
83 71
83 72
83 72
83 71
83 71
83 70
83 69
83 68
83 67
84 66
84 65
84 64
84 63
84 62
84 61
84 60
84 59
84 58
85 57
85 56
85 55
85 54
85 53
85 52
85 51
85 50
85 49
85 48
86 47
86 46
86 45
86 44
86 43
86 43
87 42
87 41
87 41
88 40
88 40
88 39
88 39
89 40
90 40
90 40
90 41
91 42
91 43
91 43
91 44
92 45
92 46
92 46
92 47
93 48
93 49
93 49
93 50
93 51
93 52
93 52
93 53
94 54
94 55
94 55
94 56
94 57
94 58
94 58
94 59
94 60
94 60
94 61
93 62
93 63
93 63
93 64
92 65
92 66
92 66
92 67
91 68
91 69
91 69
90 70
90 71
90 71
89 72
89 72
89 73
89 73
88 73
88 73
88 73
88 73
89 73
89 73
90 72
90 71
90 71
91 70
91 69
92 68
92 68
93 67
93 66
94 65
94 65
94 64
95 63
95 62
96 61
96 60
96 60
97 59
98 58
99 57
100 56
