0 46
0 46
0 46
0 46
0 46
0 46
0 46
0 46
0 46
0 46
1 46
1 46
2 45
2 45
3 44
3 44
4 43
4 43
5 42
5 42
6 41
7 40
7 40
8 39
9 39
9 39
10 38
11 37
11 37
12 36
13 36
14 35
14 35
15 34
16 33
16 33
17 32
18 32
19 31
19 31
20 30
21 29
21 29
22 28
23 28
24 27
24 27
25 26
26 26
26 26
27 25
27 25
28 25
29 25
29 25
29 24
29 24
30 24
30 24
30 24
30 24
29 23
28 22
28 21
27 20
26 19
25 18
25 17
24 16
23 15
22 14
21 13
21 12
20 11
19 10
18 9
18 8
17 7
16 6
16 6
15 5
15 4
15 4
15 3
15 2
15 2
15 2
15 2
15 3
15 3
14 4
14 5
14 5
14 6
14 7
14 8
14 8
14 9
14 10
14 11
14 12
14 13
14 13
14 14
14 15
14 16
14 17
14 18
14 19
14 20
14 20
14 21
14 22
14 23
14 24
14 25
14 26
14 27
14 28
14 28
14 29
14 30
14 31
14 32
14 33
14 34
14 35
14 35
14 36
14 37
14 38
13 39
13 40
13 41
13 42
13 43
13 43
13 44
13 45
13 46
13 47
12 48
12 49
12 50
12 51
12 52
12 52
12 53
12 54
12 55
11 56
11 57
11 58
11 59
11 60
11 60
11 61
10 62
10 63
10 64
10 65
9 66
9 67
9 67
9 68
9 69
9 70
8 71
8 72
8 73
8 74
8 74
8 75
8 76
8 77
7 78
7 79
7 80
7 81
7 81
7 82
6 83
6 84
6 85
5 86
5 87
5 87
5 88
4 89
4 90
4 91
4 91
3 92
3 93
2 94
2 95
2 95
1 96
1 97
1 97
0 98
0 99
0 99
0 100
0 100
0 100
0 99
1 98
1 97
1 96
2 95
2 94
2 93
2 92
3 91
3 90
3 89
4 88
4 87
4 86
5 85
5 84
5 83
6 82
6 81
6 80
6 79
7 78
7 77
7 76
8 75
8 74
8 73
9 72
9 71
9 70
9 69
10 68
10 67
10 66
11 65
11 64
11 63
12 62
12 61
12 60
13 59
13 58
13 57
13 56
14 55
14 54
14 53
15 52
15 51
15 51
16 50
16 50
16 49
16 49
17 50
17 50
18 51
18 52
18 52
18 53
19 54
19 55
19 55
19 56
20 57
20 58
20 58
21 59
21 60
22 61
22 62
22 62
23 63
23 64
24 65
24 65
24 66
25 67
25 68
25 69
25 69
25 70
26 71
26 72
27 73
27 74
27 74
28 75
28 76
29 77
29 78
29 78
29 79
29 80
30 81
30 82
30 83
30 83
31 84
31 85
32 86
32 87
32 87
32 88
33 89
33 90
33 91
33 91
34 92
34 93
35 94
35 94
36 95
36 96
36 96
37 97
38 98
38 98
39 99
39 100
39 100
40 100
40 100
41 100
41 100
41 99
42 98
42 97
42 96
43 95
43 94
43 93
44 92
44 91
44 90
44 89
45 88
45 87
45 86
46 85
46 84
46 83
47 82
47 81
47 80
48 79
48 78
48 77
49 76
49 75
49 74
50 73
50 72
50 71
50 70
51 69
51 68
51 67
52 66
52 65
52 64
53 63
53 62
53 61
54 60
54 59
54 58
55 57
55 56
55 55
56 54
56 53
56 52
56 51
57 50
57 49
57 48
58 47
58 46
58 45
59 44
59 43
59 42
60 41
60 40
60 39
61 38
61 37
61 36
62 35
62 34
62 33
62 32
63 31
63 30
63 29
64 28
64 27
64 26
65 25
65 24
65 23
66 22
66 21
66 20
67 19
67 18
67 17
68 16
68 15
68 14
68 13
69 12
69 11
69 10
70 9
70 8
70 7
71 6
71 5
71 5
70 4
70 4
70 3
70 2
70 2
69 2
69 2
69 3
69 3
69 4
69 4
68 5
68 6
67 7
67 7
67 8
66 9
66 10
66 10
66 11
66 12
65 13
65 14
65 15
65 15
65 16
64 17
64 18
64 19
63 20
63 21
63 21
63 22
62 23
62 24
62 25
62 26
61 27
61 28
61 29
61 29
61 30
61 31
60 32
60 33
60 34
60 34
60 35
60 36
59 37
59 38
59 39
59 39
58 40
58 41
57 42
57 43
57 43
57 44
57 45
57 46
57 46
57 47
56 48
56 49
56 49
55 50
55 50
55 49
55 48
55 47
55 46
55 45
55 44
55 43
55 42
55 41
55 40
55 39
55 38
55 37
55 36
55 35
55 34
55 33
56 32
56 31
56 30
56 29
56 28
56 27
56 26
56 25
56 24
56 23
56 22
56 21
56 20
56 19
56 18
56 17
56 16
56 15
56 15
57 14
58 13
58 13
59 12
59 12
59 11
59 11
60 12
60 13
60 13
61 14
61 15
61 15
61 16
61 17
62 18
62 19
62 20
62 20
62 21
62 22
63 23
63 24
63 25
63 25
63 26
63 27
63 28
64 29
64 30
64 31
64 32
64 32
64 33
64 34
64 35
65 36
65 37
65 38
65 39
65 39
65 40
65 41
65 42
65 43
65 44
65 45
65 46
65 47
65 47
65 48
65 49
65 50
65 51
66 52
66 53
66 54
66 55
66 56
66 56
66 57
66 58
66 59
66 60
66 61
66 62
66 63
66 63
66 64
66 65
66 66
65 67
65 68
65 69
65 70
65 70
65 71
65 72
65 73
65 74
65 75
65 75
65 76
65 77
64 78
64 79
64 80
64 80
64 81
64 82
64 83
64 84
64 84
64 85
63 86
63 87
63 87
62 88
62 89
62 89
61 90
61 91
61 91
60 92
60 92
59 92
59 92
58 92
58 92
57 91
57 91
57 90
57 89
57 89
56 88
56 87
56 87
56 86
56 85
56 85
56 84
55 83
55 82
55 82
55 81
56 80
56 79
56 78
56 78
56 77
56 76
56 75
56 74
56 73
56 73
56 72
57 71
57 70
57 69
57 69
57 68
58 67
58 66
58 66
58 65
58 64
58 63
58 63
58 62
59 61
59 60
59 60
59 59
60 58
60 57
60 57
60 56
61 55
61 54
61 54
62 53
62 52
63 51
63 50
63 50
63 49
64 48
64 47
64 47
65 46
65 45
65 45
65 44
65 44
65 43
65 43
66 42
66 42
66 42
66 42
65 42
65 42
65 42
64 43
64 43
63 44
63 45
63 45
63 46
62 47
62 48
62 49
62 49
62 50
61 51
61 52
61 53
61 53
61 54
61 55
61 56
61 57
61 57
61 58
60 59
60 60
60 60
60 61
60 62
60 62
59 63
59 64
59 64
59 65
59 65
59 66
59 66
59 66
59 66
59 65
60 64
60 63
61 62
61 61
61 60
62 59
62 58
63 57
63 56
63 55
64 54
64 53
65 52
65 51
65 50
66 49
66 48
67 47
67 46
67 45
68 44
68 43
69 42
69 41
69 40
70 39
70 38
71 37
71 36
71 35
72 34
72 33
73 32
73 31
73 30
74 29
74 28
75 27
75 26
75 25
76 24
76 23
77 22
77 21
77 20
78 19
78 18
79 17
79 16
79 15
80 14
80 13
81 12
81 11
81 10
82 9
82 8
83 7
83 6
83 5
84 4
84 3
85 2
85 1
85 1
85 2
85 3
85 4
85 4
85 3
84 2
84 1
84 0
84 0
83 0
83 0
83 1
83 2
83 3
83 3
83 4
82 5
82 6
82 7
82 7
82 8
81 9
81 10
80 11
80 12
80 12
80 13
80 14
79 15
79 16
79 17
79 17
79 18
79 19
78 20
78 21
78 22
78 22
78 23
78 24
78 25
78 26
78 26
77 27
77 28
77 28
77 29
77 29
77 30
77 30
77 30
78 30
78 30
79 30
79 30
80 29
80 29
81 28
82 27
82 27
82 26
83 25
83 24
83 24
84 23
84 22
85 21
85 21
86 20
86 19
87 18
87 18
88 17
89 16
90 15
90 15
91 14
92 13
92 13
93 12
93 12
94 13
95 13
95 13
96 14
96 15
96 15
97 16
97 17
97 17
97 18
97 19
98 20
98 21
98 22
98 22
98 23
98 24
98 25
98 26
98 27
98 28
98 28
98 29
98 30
98 31
99 32
99 33
99 34
99 35
99 35
99 36
99 37
99 38
99 39
99 40
99 41
99 42
99 43
99 44
99 44
99 45
99 46
99 47
99 48
100 49
100 50
100 51
100 52
100 53
100 53
100 54
100 55
100 56
100 57
99 58
99 59
99 60
99 61
99 62
99 63
99 63
99 64
99 65
99 66
98 67
98 68
98 69
98 70
98 71
98 71
98 72
98 73
98 74
97 75
97 76
97 77
97 78
97 78
97 79
97 80
97 81
97 82
97 83
97 84
97 84
97 85
96 86
96 87
96 87
96 88
95 89
95 90
95 90
95 91
95 92
95 92
94 93
94 94
94 94
93 94
93 94
92 94
92 94
92 93
91 92
91 91
91 90
91 89
90 88
90 87
90 86
90 85
89 84
89 83
89 82
89 81
88 80
88 79
88 78
88 77
87 76
87 75
87 74
87 73
86 72
86 71
86 70
86 69
85 68
85 67
85 66
85 65
84 64
84 63
84 62
84 61
83 60
83 59
83 58
83 57
82 56
82 55
82 54
82 53
81 52
81 51
81 50
81 49
80 48
80 47
80 47
80 48
80 49
80 50
80 51
80 52
80 52
80 53
80 54
80 54
80 55
79 56
79 57
79 57
79 58
79 59
79 60
79 61
79 61
79 62
79 63
79 64
79 65
79 66
79 66
79 67
79 68
79 69
79 69
79 70
79 71
79 71
79 72
79 72
79 73
79 73
79 73
79 73
79 72
79 72
79 71
79 70
79 70
79 69
80 68
80 67
80 67
80 66
80 65
80 64
80 63
80 63
80 62
81 61
81 60
81 59
81 59
81 58
82 57
82 56
82 56
82 55
83 54
83 53
83 53
83 52
84 51
84 50
84 50
85 49
85 49
86 48
86 47
86 47
87 46
87 46
88 46
88 46
89 46
89 46
89 46
90 47
90 47
90 48
90 49
90 49
90 50
89 51
89 52
89 52
89 53
88 54
88 55
88 56
88 56
88 57
87 58
87 59
87 60
87 60
87 61
86 62
86 63
86 63
86 64
85 65
85 66
85 66
85 67
84 68
84 69
84 69
83 70
83 71
83 71
83 72
83 73
83 73
82 74
82 74
82 74
82 74
83 74
83 74
84 73
84 73
85 72
85 72
86 71
86 71
87 70
88 69
88 69
89 68
89 68
90 67
90 67
91 67
91 67
92 67
92 67
93 67
93 67
93 67
93 67
93 67
92 67
