2 54
2 55
2 56
1 57
1 58
1 59
1 60
1 60
0 61
0 61
0 62
0 62
0 63
0 63
0 64
0 65
0 65
0 66
0 66
1 67
1 67
2 67
2 67
3 66
4 66
4 66
5 65
6 65
7 64
7 64
8 63
9 62
10 61
10 61
11 60
11 59
12 58
12 57
12 57
13 56
14 55
14 54
15 53
15 53
16 52
17 51
17 50
18 49
18 49
19 48
19 47
20 46
20 46
21 45
21 44
22 43
22 42
22 42
23 41
23 40
23 40
23 39
23 39
23 38
23 38
23 37
23 37
23 37
22 37
22 37
21 36
21 35
20 34
19 33
18 32
18 31
17 30
16 29
16 28
15 27
15 27
15 27
15 26
15 25
15 25
15 25
15 25
15 25
15 26
15 27
15 28
15 28
15 29
15 30
15 31
15 32
15 33
15 33
15 34
15 35
15 36
14 37
14 38
14 39
14 40
14 40
14 41
14 42
14 43
14 44
14 45
14 46
14 47
14 48
14 48
14 49
14 50
14 51
14 52
13 53
13 54
13 55
13 56
13 57
13 58
13 58
13 59
13 60
13 61
12 62
12 63
12 64
12 65
12 66
12 66
12 67
12 68
12 69
11 70
11 71
11 72
11 73
11 74
11 74
11 75
11 76
11 77
10 78
10 79
10 80
10 81
10 81
10 82
10 83
10 84
10 85
10 86
10 86
10 87
9 88
9 89
9 89
9 90
9 91
9 91
9 91
10 90
10 90
10 89
10 88
10 87
10 86
10 85
10 84
10 83
10 82
11 81
11 80
11 79
11 78
11 77
11 76
11 75
11 74
11 73
11 72
11 71
11 70
11 69
11 68
11 67
11 66
11 65
11 64
12 63
12 62
12 61
12 60
12 59
12 58
12 57
12 56
12 55
12 55
13 56
14 56
14 56
14 57
14 58
14 58
15 59
15 60
16 61
16 61
16 62
17 63
17 64
17 64
18 65
19 66
19 67
20 68
20 68
21 69
21 70
22 71
22 72
22 72
23 73
24 74
24 75
25 76
26 77
26 77
27 78
28 79
29 80
29 80
30 81
31 81
32 82
33 82
33 82
34 83
35 83
35 83
36 83
37 83
37 83
38 82
39 82
39 82
40 82
40 82
41 81
41 81
42 80
42 80
42 79
42 79
42 78
42 78
42 77
42 77
43 76
43 75
44 74
44 73
45 72
45 71
46 70
46 69
47 68
48 67
48 66
49 65
49 64
50 63
50 62
51 61
51 60
52 59
53 58
53 57
54 56
54 55
55 54
55 53
56 52
56 51
57 50
58 49
58 48
59 47
59 46
60 45
60 44
61 43
61 42
62 41
62 40
63 39
64 38
64 37
65 36
65 35
66 34
66 33
67 32
67 31
68 30
69 29
69 28
70 27
70 26
71 25
71 24
72 23
72 22
73 21
73 21
73 20
73 19
74 18
74 17
74 16
74 16
74 15
74 14
74 13
74 12
74 12
74 11
74 10
74 10
74 10
74 10
74 10
74 11
74 11
73 12
73 13
73 13
73 14
73 15
73 16
73 17
73 17
73 18
73 19
72 20
72 21
72 22
72 22
72 23
71 24
71 25
70 26
70 27
70 27
70 28
69 29
69 30
68 31
68 32
68 32
68 33
67 34
67 35
66 36
66 37
66 37
65 38
65 39
64 40
64 41
64 41
63 42
63 43
62 44
62 44
62 45
61 46
61 47
61 47
60 47
60 47
60 46
60 46
60 45
60 44
60 43
60 42
60 41
60 40
60 39
61 38
61 37
61 36
61 35
61 34
61 33
61 32
61 31
61 30
61 29
61 28
61 27
61 26
61 25
61 24
61 23
62 22
62 21
62 20
62 19
62 18
62 17
62 16
62 15
62 14
62 14
63 13
63 12
64 11
64 10
64 10
65 9
65 8
65 8
65 7
65 7
66 6
66 6
66 6
67 7
67 7
68 8
69 9
69 9
69 10
70 11
70 12
70 12
70 13
71 14
71 15
71 16
71 16
71 17
72 18
72 19
72 20
72 20
72 21
72 22
73 23
73 24
73 25
73 25
73 26
74 27
74 28
74 29
74 29
74 30
74 31
75 32
75 33
75 34
75 35
75 35
75 36
75 37
76 38
76 39
76 40
76 41
76 41
76 42
76 43
77 44
77 45
77 46
77 47
77 47
77 48
77 49
77 50
77 51
77 52
77 53
77 53
77 54
77 55
77 56
77 57
77 58
77 58
77 59
77 60
77 61
77 62
77 62
77 63
77 64
77 65
77 65
77 66
77 67
77 68
77 68
77 69
76 70
76 71
76 71
76 72
76 72
75 73
75 73
74 74
74 74
73 74
73 74
73 73
73 73
72 72
72 71
72 71
72 70
71 69
71 68
71 67
71 67
71 66
71 65
70 64
70 63
70 62
70 62
70 61
70 60
70 59
70 58
70 57
70 56
70 55
70 55
70 54
70 53
70 52
70 51
70 50
70 49
70 49
70 48
70 47
70 46
71 45
71 44
71 43
71 42
71 41
71 40
71 39
72 38
72 37
72 36
72 35
72 35
72 34
73 33
73 32
73 31
73 31
73 32
73 32
73 31
73 31
72 32
72 33
72 33
72 34
72 35
72 36
72 37
72 37
72 38
72 39
71 40
71 41
71 42
71 43
71 43
71 44
71 45
70 46
70 47
70 48
70 49
70 49
70 50
70 51
69 52
69 53
69 54
69 55
69 55
69 56
69 57
68 58
68 59
68 60
68 60
68 61
68 62
68 62
68 63
68 63
68 63
68 62
68 62
68 61
68 60
69 59
69 58
69 57
69 56
70 55
70 54
70 53
70 52
70 51
71 50
71 49
71 48
71 47
72 46
72 45
72 44
72 43
72 42
73 41
73 40
73 39
73 38
74 37
74 36
74 35
74 34
74 33
75 32
75 31
75 30
75 29
75 28
76 27
76 26
76 25
76 24
77 23
77 22
77 21
77 20
77 19
78 18
78 17
78 16
78 15
79 14
79 13
79 12
79 11
79 10
80 9
80 8
80 7
80 6
81 5
81 4
81 3
81 3
82 2
82 1
83 0
83 0
83 0
83 1
83 1
83 2
83 3
83 4
83 4
83 5
82 6
82 7
82 8
82 8
82 9
82 10
82 11
82 12
82 12
82 13
81 14
81 15
81 15
81 16
81 17
81 17
81 18
81 19
81 19
81 20
81 21
81 21
82 22
82 22
82 22
83 22
83 22
83 22
84 22
84 22
85 21
86 21
86 21
87 20
87 20
88 19
88 19
89 18
90 18
90 18
91 18
91 18
92 18
93 18
93 18
94 18
94 18
95 19
95 19
96 20
96 20
96 21
96 21
97 22
97 23
97 23
97 24
97 25
97 25
98 26
98 27
98 27
98 28
98 29
98 30
98 30
98 31
99 32
99 33
99 34
99 34
99 35
99 36
99 37
99 38
99 38
99 39
99 40
99 41
99 42
99 43
99 43
99 44
99 45
99 46
99 47
99 48
99 49
99 49
99 50
99 51
99 52
100 53
100 54
100 55
100 56
100 56
100 57
100 58
100 59
100 60
100 61
100 62
100 62
100 63
100 64
100 65
100 66
100 67
100 68
100 69
100 69
100 70
100 71
100 72
100 73
100 74
100 75
100 76
100 76
100 77
100 78
100 79
99 80
99 81
99 82
99 83
99 83
99 84
99 85
99 86
99 87
99 88
99 88
99 89
99 90
99 91
99 92
99 92
99 93
98 94
98 95
98 96
98 96
98 97
98 98
98 98
97 99
97 100
97 100
97 100
96 100
96 100
95 100
95 100
94 99
94 99
93 98
92 97
92 97
91 96
91 95
90 94
90 94
89 93
89 92
88 91
88 90
87 89
87 89
87 88
87 87
87 86
87 85
86 84
86 83
86 82
86 81
86 80
86 79
86 78
86 77
85 76
85 75
85 74
85 73
85 72
85 71
85 70
85 69
85 68
84 67
84 66
84 65
84 64
84 63
84 62
84 61
84 60
83 59
83 58
83 57
83 56
83 55
83 54
83 53
83 52
83 51
82 50
82 49
82 48
82 47
82 46
82 45
82 44
82 43
81 42
81 41
81 40
81 39
81 38
81 38
81 38
81 38
81 39
81 40
81 40
81 41
81 42
81 42
81 43
81 44
81 45
81 46
81 47
81 47
81 48
81 49
81 50
81 51
81 52
81 52
81 53
81 54
81 55
81 56
81 57
81 57
81 58
81 59
81 60
81 61
81 61
82 62
82 63
82 63
82 64
82 65
82 65
82 66
82 66
82 66
83 66
83 66
83 65
83 64
83 63
83 62
83 61
83 60
83 59
83 58
83 57
83 56
83 55
82 54
82 53
82 52
82 51
82 50
82 49
82 48
82 47
82 46
82 45
82 44
82 43
82 42
82 42
83 41
83 40
84 39
84 39
84 38
84 38
85 38
85 38
86 37
86 37
87 37
87 37
88 38
88 38
89 39
89 39
89 40
89 41
89 41
90 42
90 42
90 43
90 44
90 44
90 45
90 46
90 47
90 47
90 48
90 49
90 50
90 50
90 51
89 52
89 53
89 54
89 54
89 55
88 56
88 57
88 57
88 58
87 59
87 60
87 60
87 61
86 62
86 63
86 63
86 64
86 65
86 65
85 66
85 66
85 67
85 67
85 67
86 67
86 67
87 66
87 66
88 65
88 64
89 63
89 63
90 62
91 62
92 61
92 61
93 60
93 59
94 58
