0 61
0 62
0 63
0 64
0 65
0 66
0 67
0 68
0 69
0 69
0 70
0 71
0 71
0 71
1 72
1 73
1 73
2 73
2 73
3 73
4 73
4 73
5 72
6 71
7 70
7 70
8 69
8 68
9 67
9 66
10 65
10 65
11 64
12 63
12 62
13 61
14 60
14 60
15 59
15 58
16 57
16 56
17 55
17 55
18 54
18 53
19 52
19 51
20 50
20 50
21 49
21 48
22 47
22 47
22 46
23 45
23 44
23 44
24 43
24 43
25 42
25 41
25 41
25 41
24 40
24 40
24 40
23 39
23 39
22 38
22 38
21 37
21 36
20 35
20 34
19 33
19 32
18 31
18 30
17 29
17 28
16 27
16 26
16 26
16 25
15 24
15 23
15 23
15 23
15 24
15 24
15 25
15 26
15 26
15 27
14 28
14 29
14 30
14 30
14 31
14 32
14 33
14 34
14 35
14 36
14 37
14 37
14 38
14 39
14 40
13 41
13 42
13 43
13 44
13 44
13 45
13 46
13 47
13 48
13 49
13 50
13 51
13 52
13 53
13 53
13 54
13 55
13 56
13 57
12 58
12 59
12 60
12 61
12 62
12 62
12 63
12 64
12 65
12 66
11 67
11 68
11 69
11 70
11 71
11 72
11 72
11 73
11 74
11 75
10 76
10 77
10 78
10 79
10 80
10 80
10 81
10 82
10 83
9 84
9 85
9 86
9 87
9 87
9 88
9 89
9 90
9 91
9 92
9 92
9 93
9 94
9 95
9 95
10 96
10 96
10 96
10 95
10 94
10 93
10 92
10 91
11 90
11 89
11 88
11 87
11 86
11 85
11 84
11 83
11 82
11 81
11 80
12 79
12 78
12 77
12 76
12 75
12 74
12 73
12 72
12 71
12 70
12 69
12 68
13 67
13 66
13 65
13 64
13 63
13 62
13 62
13 61
14 60
14 59
14 59
15 59
15 59
16 60
16 61
16 61
17 62
17 63
17 63
18 64
18 65
19 66
19 67
19 67
19 68
20 69
20 70
21 71
21 72
21 72
22 73
22 74
23 75
23 76
24 77
24 78
24 78
25 79
25 80
26 81
26 82
27 83
27 83
28 84
29 85
29 86
30 87
31 88
31 88
32 89
33 90
34 91
34 91
35 91
36 92
37 92
37 92
38 92
39 92
39 92
40 92
41 92
42 92
42 92
43 91
44 91
44 91
45 90
46 90
46 90
47 89
47 88
47 88
47 87
47 87
47 87
47 86
48 85
48 84
48 83
49 82
49 81
50 80
50 79
50 78
51 77
51 76
51 75
52 74
52 73
52 72
53 71
53 70
54 69
54 68
54 67
55 66
55 65
55 64
56 63
56 62
56 61
57 60
57 59
58 58
58 57
58 56
59 55
59 54
59 53
60 52
60 51
60 50
61 49
61 48
61 47
62 46
62 45
63 44
63 43
63 42
64 41
64 40
64 39
65 38
65 37
65 36
66 35
66 34
67 33
67 32
67 31
68 30
68 29
68 28
69 27
69 26
69 25
70 24
70 23
71 22
71 21
71 20
72 19
72 18
72 18
73 18
74 17
75 17
76 17
76 17
76 17
76 16
76 16
76 15
76 15
75 15
75 15
75 15
75 15
74 16
74 16
73 17
73 18
73 18
72 19
72 20
71 21
71 21
70 22
70 23
69 24
69 25
69 25
69 26
68 27
68 28
67 29
67 30
67 30
67 31
66 32
66 33
65 34
65 35
65 35
65 36
64 37
64 38
63 39
63 40
63 40
62 41
62 42
61 43
61 44
61 44
61 45
60 46
60 47
60 48
60 48
60 49
59 50
59 51
59 51
58 52
58 52
57 52
57 52
57 51
57 50
57 50
57 49
57 48
57 47
57 47
57 46
57 45
57 44
57 43
57 42
57 41
57 41
57 40
57 39
57 38
57 37
57 36
57 35
58 34
58 33
58 32
58 31
58 30
58 29
58 28
58 27
58 26
58 25
58 24
58 23
58 22
59 21
59 20
59 19
59 18
59 17
59 16
59 15
59 15
59 14
59 13
60 12
60 11
60 10
60 9
60 9
60 8
60 8
60 8
60 8
61 9
61 9
61 10
62 11
62 12
62 12
63 13
63 14
64 15
64 15
64 16
65 17
65 18
65 19
65 19
65 20
65 21
66 22
66 23
66 24
66 24
66 25
67 26
67 27
67 28
68 29
68 30
68 30
68 31
68 32
68 33
69 34
69 35
69 36
69 37
69 38
69 38
69 39
70 40
70 41
70 42
70 43
71 44
71 45
71 46
71 46
71 47
71 48
71 49
72 50
72 51
72 52
72 53
72 53
72 54
72 55
72 56
72 57
72 58
72 59
72 60
72 61
72 62
72 62
72 63
72 64
72 65
73 66
73 67
73 68
73 69
73 69
73 70
73 71
73 72
73 73
73 74
73 75
73 76
73 76
73 77
73 78
73 79
73 80
73 81
73 81
73 82
73 83
73 84
73 85
73 86
73 86
73 87
72 88
72 89
72 90
72 90
72 91
71 92
71 93
71 93
71 94
71 95
71 95
70 96
70 96
69 96
69 96
68 95
68 95
67 94
67 94
67 93
66 92
66 91
66 90
66 90
66 89
66 88
66 87
66 86
66 85
66 84
66 83
66 83
66 82
66 81
66 80
65 79
65 78
65 77
65 76
65 76
65 75
65 74
65 73
66 72
66 71
66 70
66 69
66 68
66 68
66 67
66 66
66 65
67 64
67 63
67 62
67 61
67 61
67 60
67 59
67 58
67 57
67 56
67 55
67 54
67 54
67 53
67 52
68 51
68 50
68 49
68 49
68 48
68 47
69 46
69 45
69 44
69 44
69 43
69 42
69 41
69 41
69 40
69 40
69 40
69 40
69 41
68 42
68 43
68 43
68 44
68 45
67 46
67 47
67 48
67 49
67 49
67 50
67 51
67 52
66 53
66 54
66 55
66 56
66 56
66 57
66 58
65 59
65 60
65 61
65 62
64 63
64 64
64 65
64 65
64 66
64 67
64 68
63 69
63 70
63 71
63 72
63 73
63 73
63 74
63 75
62 76
62 77
62 78
62 79
62 79
62 80
61 81
61 82
61 82
61 83
61 84
61 84
62 84
62 84
62 83
62 82
62 81
62 81
62 80
62 79
63 78
63 77
63 76
63 75
64 74
64 73
64 72
64 71
65 70
65 69
65 68
65 67
66 66
66 65
66 64
66 63
67 62
67 61
67 60
67 59
67 58
68 57
68 56
68 55
68 54
69 53
69 52
69 51
69 50
70 49
70 48
70 47
70 46
71 45
71 44
71 43
71 42
71 41
72 40
72 39
72 38
72 37
73 36
73 35
73 34
73 33
74 32
74 31
74 30
74 29
75 28
75 27
75 26
75 25
76 24
76 23
76 22
76 21
76 20
77 19
77 18
77 17
77 16
78 15
78 14
78 13
78 12
79 11
79 10
79 9
79 8
80 7
80 6
80 5
80 5
81 4
82 3
83 2
83 2
83 1
83 0
83 0
83 1
83 2
83 2
83 3
82 4
82 5
82 6
82 6
82 7
82 8
82 9
82 10
82 11
82 11
82 12
82 13
81 14
81 15
81 16
81 17
81 17
81 18
81 19
80 20
80 21
80 22
80 23
80 23
80 24
80 25
79 26
79 27
79 28
79 29
79 29
79 30
78 31
78 32
78 33
78 33
78 34
78 35
78 36
78 37
78 37
78 38
78 39
78 39
78 39
78 39
79 39
79 39
80 38
80 37
80 37
80 36
81 35
81 34
81 34
81 33
82 32
82 31
82 31
82 30
83 29
83 28
83 28
84 27
85 26
85 26
86 25
86 24
86 24
87 23
87 23
88 22
88 22
89 22
89 22
90 22
90 22
91 22
91 22
92 23
92 23
93 24
93 25
93 25
93 26
94 27
94 28
94 28
94 29
94 30
94 31
94 31
94 32
94 33
94 34
94 35
94 35
94 36
95 37
95 38
95 39
95 39
95 40
95 41
95 42
95 43
95 44
95 44
95 45
95 46
95 47
95 48
95 48
95 49
95 50
95 51
95 52
95 53
95 53
95 54
95 55
95 56
95 57
95 58
95 59
95 60
95 60
95 61
95 62
95 63
95 64
95 65
95 66
95 67
95 67
95 68
95 69
95 70
95 71
95 72
95 73
95 74
95 74
95 75
95 76
95 77
95 78
95 79
95 80
95 80
95 81
95 82
95 83
95 84
95 85
95 86
95 86
95 87
95 88
95 89
95 90
95 91
95 91
95 92
94 93
94 94
94 95
94 95
94 96
94 97
94 98
94 98
93 99
93 100
93 100
93 100
92 100
92 100
91 100
91 100
90 99
90 98
90 98
90 97
89 96
89 95
89 95
89 94
88 93
88 92
88 91
87 90
87 89
87 89
87 88
87 87
87 86
86 85
86 84
86 83
86 82
86 81
86 81
86 80
86 79
86 78
86 77
85 76
85 75
85 74
85 73
85 72
85 71
85 70
85 69
85 68
84 67
84 66
84 65
84 64
84 63
84 62
84 61
84 60
84 59
84 58
83 57
83 56
83 55
83 54
83 53
83 52
83 51
83 50
83 49
82 48
82 47
82 46
82 45
82 44
82 44
82 43
82 42
82 41
82 40
82 39
82 39
82 38
82 38
82 38
82 39
82 40
82 41
82 41
82 42
82 43
82 44
82 45
82 46
82 46
82 47
82 48
82 49
82 50
82 51
82 52
82 52
82 53
82 54
82 55
82 56
82 57
82 58
82 58
82 59
82 60
82 61
82 62
82 63
82 63
82 64
82 65
82 66
82 67
82 67
82 68
82 69
82 69
82 70
82 70
82 71
82 71
83 71
83 71
83 70
83 69
83 68
83 68
83 67
83 66
83 65
83 64
83 64
83 63
83 62
83 61
83 60
83 59
83 58
83 57
83 56
83 55
83 54
83 53
83 52
83 51
83 50
83 49
83 48
83 48
83 47
83 46
84 45
84 44
84 43
84 42
84 42
85 41
85 41
86 40
86 40
87 39
87 39
88 38
88 38
89 38
89 38
89 38
90 39
90 39
90 40
90 41
90 41
90 42
90 43
90 43
90 44
90 45
90 46
90 47
90 47
90 48
89 49
89 50
89 51
89 51
89 52
88 53
88 54
88 55
88 55
88 56
88 57
88 58
88 58
88 59
88 60
88 60
88 61
88 61
88 62
88 62
88 62
89 61
89 61
90 60
91 59
91 59
92 58
93 57
93 57
94 56
94 55
95 54
95 54
96 53
96 52
97 51
97 51
98 50
99 49
100 48
