4 29
4 28
3 27
3 26
3 26
3 25
3 24
3 23
3 23
3 22
3 21
3 21
3 20
3 20
3 19
3 19
2 19
2 19
2 19
2 20
2 20
2 21
2 22
2 23
2 23
2 24
2 25
2 26
2 27
2 28
2 28
2 29
2 30
2 31
1 32
1 33
1 34
1 35
1 36
1 36
1 37
1 38
1 39
1 40
1 41
1 42
1 43
1 44
1 45
1 46
1 46
1 47
1 48
1 49
1 50
0 51
0 52
0 53
0 54
0 55
0 56
0 56
0 57
0 58
0 59
0 60
0 61
0 62
0 63
0 64
0 64
0 65
0 66
0 67
0 68
0 69
0 70
0 70
0 71
0 72
0 72
0 73
0 74
0 74
0 75
0 75
0 75
0 75
0 75
0 74
0 73
0 72
0 71
0 70
0 69
0 68
1 67
1 66
1 65
1 64
1 63
1 62
1 61
1 60
1 59
1 58
1 57
1 56
1 55
1 54
1 53
1 52
2 51
2 50
2 49
2 48
2 47
2 46
2 45
2 44
2 43
2 42
2 41
2 40
2 39
2 38
2 37
2 36
3 35
3 34
3 33
3 32
3 31
3 30
3 29
3 28
3 27
3 27
3 26
3 25
3 25
3 25
3 25
3 25
3 26
3 27
3 27
4 28
4 29
4 29
4 30
4 31
4 32
4 33
4 33
4 34
4 35
4 36
4 37
4 38
4 38
4 39
4 40
5 41
5 42
5 43
5 43
5 44
6 45
6 46
6 46
6 47
6 48
6 48
7 49
7 49
7 50
7 50
7 50
7 49
7 49
7 48
8 47
8 46
8 46
8 45
9 44
9 43
9 43
9 42
9 41
9 40
9 39
9 38
9 37
9 37
9 36
9 35
10 34
10 33
10 32
10 31
10 31
10 30
10 29
11 28
11 27
11 26
11 26
11 25
11 24
11 23
11 22
11 21
11 21
11 20
12 19
12 18
12 18
12 17
12 16
12 15
12 15
13 14
13 14
13 14
13 14
13 14
13 14
13 15
13 15
13 16
13 17
13 17
13 18
13 19
13 20
13 20
13 21
13 22
13 23
13 24
13 24
13 25
13 26
14 27
14 28
14 29
14 30
14 30
14 31
14 32
14 33
14 34
14 35
14 35
14 36
14 37
14 38
15 39
15 40
15 41
15 42
15 42
15 43
15 44
15 45
15 46
15 47
15 48
15 49
15 49
15 50
15 51
16 52
16 53
16 54
16 55
16 55
16 56
16 57
16 58
16 59
16 60
16 60
16 61
16 62
16 63
16 64
16 64
16 65
17 66
17 67
17 67
17 68
17 69
17 69
17 70
17 70
17 71
17 72
17 72
17 73
17 73
17 73
17 74
17 74
17 74
17 74
17 74
17 74
17 74
17 73
17 73
17 72
17 71
18 70
18 69
18 68
18 67
18 66
19 65
19 64
19 63
19 62
20 61
20 60
20 59
20 58
20 57
21 56
21 55
21 54
21 53
21 52
22 51
22 50
22 49
22 49
22 48
22 48
21 47
21 47
21 47
21 48
21 48
21 49
21 49
21 49
21 50
21 50
21 51
21 51
21 52
21 52
21 53
21 53
22 54
22 55
22 55
22 56
22 57
22 58
22 58
22 59
22 60
22 60
23 61
23 62
23 62
23 63
23 63
24 64
24 64
24 64
25 64
25 64
26 63
26 63
26 62
26 61
26 61
26 60
27 59
27 58
27 58
27 57
27 56
27 56
27 55
27 54
27 53
27 53
27 52
27 51
27 50
27 50
27 49
27 48
27 47
27 47
26 46
26 45
26 45
25 44
25 43
25 43
24 43
24 43
23 44
23 44
22 45
21 45
21 45
20 46
20 47
20 47
19 48
19 49
19 49
19 50
19 50
18 51
18 51
18 52
18 52
18 52
19 53
19 53
20 52
21 51
22 51
23 50
24 49
25 48
26 48
27 47
28 46
29 45
30 45
31 44
31 44
30 45
30 46
30 46
30 46
30 47
30 47
30 48
30 49
30 50
30 50
30 51
30 52
30 53
30 53
30 54
30 55
30 56
30 56
30 57
30 58
30 59
30 59
31 60
31 61
31 61
32 62
32 62
32 62
33 61
33 61
34 60
34 60
34 59
34 58
34 57
34 57
34 56
35 55
35 54
35 54
35 53
35 52
35 51
35 50
35 50
35 49
35 48
35 47
35 47
35 46
35 45
35 45
35 44
35 44
34 44
34 44
33 44
33 44
32 45
32 45
31 46
31 47
31 47
31 48
31 48
30 49
30 49
30 49
30 50
30 50
30 50
30 50
30 50
30 49
30 49
30 49
31 49
31 49
31 48
31 48
32 47
32 46
33 45
33 44
34 43
35 42
35 41
36 40
37 39
37 38
38 37
38 36
39 35
39 35
39 35
39 35
39 35
39 35
39 35
40 35
40 35
40 36
40 37
40 37
40 38
40 39
40 40
40 40
40 41
40 42
40 43
40 44
40 44
40 45
40 46
40 47
40 48
40 48
40 49
40 50
40 51
40 51
40 52
40 53
40 54
40 55
40 55
40 56
40 57
40 58
40 58
40 59
40 60
40 61
40 61
40 62
40 62
40 63
40 63
40 63
40 63
40 62
40 62
40 61
40 60
40 60
40 59
40 58
40 57
40 57
40 56
40 55
40 54
40 53
40 53
40 52
41 51
41 50
41 49
41 49
41 48
41 47
41 46
41 45
41 45
41 44
41 43
41 42
41 42
42 41
42 40
42 40
42 39
42 38
42 38
43 37
43 37
43 37
44 36
44 36
44 37
44 37
45 37
45 37
45 38
45 39
45 39
45 40
46 41
46 42
46 42
46 43
46 44
46 45
46 45
46 46
46 47
46 48
46 48
46 49
46 50
46 51
46 51
47 52
47 53
47 53
47 54
47 55
47 56
47 56
47 57
47 58
47 58
47 59
47 59
48 60
48 60
48 60
49 60
49 60
49 59
49 59
50 58
50 57
50 57
50 56
50 55
50 54
50 53
50 52
50 51
50 50
50 49
51 48
51 47
51 46
51 45
51 44
51 43
51 42
51 41
51 40
51 39
51 38
51 37
51 36
51 35
51 34
51 33
51 32
52 31
52 30
52 29
52 28
52 27
52 26
52 25
52 24
52 23
52 22
52 21
52 20
52 19
52 18
52 17
52 16
52 15
53 14
53 13
53 12
53 11
53 10
53 9
53 8
53 7
53 6
53 6
53 6
53 6
53 6
53 6
53 6
53 6
53 7
53 8
53 9
53 9
53 10
53 11
53 12
53 13
53 14
53 14
53 15
53 16
53 17
53 18
53 19
53 20
53 21
53 22
53 22
53 23
53 24
53 25
53 26
53 27
53 28
53 29
53 30
53 30
53 31
53 32
53 33
53 34
53 35
53 36
53 37
53 38
53 38
53 39
53 40
53 41
53 42
53 43
53 44
53 44
53 45
53 46
53 47
53 47
53 48
53 49
53 50
53 50
53 51
53 52
53 52
53 53
53 53
53 54
53 54
54 55
54 55
54 55
54 54
55 53
55 52
55 51
56 50
56 49
56 48
56 47
57 46
57 45
57 44
58 43
58 42
58 41
59 40
59 39
59 38
59 37
60 36
60 35
60 34
61 33
61 32
61 32
61 32
61 31
61 31
61 31
61 31
61 32
61 32
61 33
61 34
61 34
61 35
61 36
61 37
61 38
61 38
61 39
61 40
61 41
61 42
61 42
61 43
61 44
61 45
61 45
62 46
62 47
62 47
62 48
62 48
63 49
63 49
63 49
64 49
64 49
64 48
64 47
64 46
64 45
64 44
64 43
64 42
63 41
63 40
63 39
63 38
63 37
63 36
63 35
63 34
63 33
63 32
63 31
63 30
63 29
63 28
63 27
63 26
62 25
62 24
62 23
62 22
62 21
62 20
62 19
62 18
62 18
61 19
61 20
61 20
61 19
61 18
61 18
61 18
61 19
61 19
61 20
61 21
61 21
62 22
62 23
62 23
63 24
63 25
63 25
63 26
63 26
64 27
65 28
65 29
66 30
67 31
68 32
68 33
69 34
70 35
70 35
70 35
70 35
70 34
70 34
70 33
70 33
70 32
70 31
70 31
70 30
70 30
70 29
70 28
70 28
70 27
70 27
70 27
70 27
70 27
69 28
69 28
69 29
69 30
69 31
69 31
69 32
68 33
68 34
68 34
68 35
68 36
68 36
68 37
67 38
67 39
67 39
67 40
67 41
67 41
68 42
68 42
68 43
68 43
68 43
69 43
69 43
69 42
69 42
70 41
70 41
70 41
70 41
70 42
70 42
70 43
70 44
70 44
70 45
70 46
70 47
70 48
70 48
70 49
70 50
70 51
70 52
70 53
70 53
70 54
70 55
70 56
70 57
70 58
70 59
70 59
70 60
70 61
70 62
70 63
70 64
70 64
70 65
70 66
70 67
70 68
70 69
70 69
70 70
70 71
70 72
70 73
70 73
70 74
69 75
69 76
69 77
69 77
69 78
69 79
69 80
69 81
69 82
69 82
69 83
69 84
69 85
69 86
69 86
69 87
69 88
69 89
69 90
69 90
69 91
68 92
68 93
68 93
68 94
68 95
68 96
68 96
67 97
67 98
67 98
66 99
66 99
65 100
64 100
64 100
63 100
62 100
62 100
61 99
61 99
60 98
59 97
59 97
59 96
58 95
58 94
58 94
58 93
58 92
58 91
58 90
58 90
58 89
58 88
59 87
59 86
59 85
59 84
60 83
60 82
60 81
60 80
61 79
61 78
61 77
61 76
62 75
62 74
62 73
62 72
63 71
63 70
63 69
63 68
64 67
64 66
64 65
64 64
65 63
65 62
65 61
65 60
65 59
66 58
66 57
66 56
66 55
67 54
67 53
67 52
67 51
68 50
68 49
68 48
68 47
69 46
69 45
69 44
69 43
70 42
70 41
70 40
70 39
71 38
71 37
71 36
71 35
72 34
72 33
72 32
72 31
72 30
73 29
73 28
73 27
73 26
74 25
74 24
74 23
74 22
75 21
75 20
75 19
75 18
76 17
76 16
76 15
76 14
77 13
77 12
77 11
77 10
78 9
78 8
78 7
78 6
79 5
79 4
79 3
79 3
79 2
79 1
79 1
79 0
79 0
79 1
79 1
79 2
79 3
79 3
79 4
79 5
78 6
78 7
78 8
78 8
78 9
78 10
78 11
78 12
78 13
78 14
78 15
78 16
78 16
78 17
78 18
78 19
78 20
78 21
78 22
78 23
78 24
78 25
78 25
78 26
78 27
78 28
78 29
78 30
78 31
78 32
78 32
78 33
78 34
78 35
78 36
78 37
78 38
78 39
78 39
78 40
78 41
78 42
78 43
78 44
78 44
78 45
77 46
77 47
77 48
77 48
77 49
77 50
77 51
77 51
77 52
77 53
77 53
77 54
77 54
77 54
76 54
76 54
76 54
76 53
76 52
76 51
76 51
76 50
77 49
77 48
77 48
77 47
77 46
77 45
77 44
77 43
77 43
77 42
78 41
78 40
78 39
78 39
78 38
78 37
78 36
78 35
78 34
78 34
79 33
79 32
79 32
79 31
79 31
80 30
80 30
80 30
80 31
80 31
81 32
81 33
81 33
81 34
81 35
81 36
81 36
81 37
81 38
81 39
81 40
81 41
81 41
81 42
81 43
81 44
81 45
81 46
81 46
81 47
81 48
81 49
81 50
81 50
81 51
81 52
81 52
82 53
82 54
82 54
82 55
82 55
83 55
83 55
84 55
84 55
85 54
85 53
85 53
85 52
86 51
86 50
86 50
86 49
86 48
86 47
86 47
86 46
87 45
87 44
87 44
87 43
87 43
87 43
87 43
87 42
87 41
87 40
87 39
87 38
87 37
87 36
87 35
87 34
87 33
87 32
87 31
87 30
87 30
87 31
87 32
87 32
87 32
87 31
87 31
88 31
88 31
89 30
90 30
90 30
91 29
91 28
91 28
92 28
92 28
93 28
93 28
94 28
94 28
95 28
95 28
95 28
95 28
95 27
95 26
94 25
94 24
94 23
94 22
94 21
94 20
93 19
93 18
93 17
93 16
93 16
93 16
92 15
92 14
92 14
92 14
92 14
92 15
92 16
92 17
92 17
92 18
92 19
92 20
92 21
92 22
92 22
92 23
92 24
91 25
91 26
91 27
91 28
91 28
91 29
91 30
91 31
91 32
91 33
91 34
91 34
91 35
91 36
91 37
91 38
91 39
91 40
91 40
91 41
91 42
91 43
91 44
91 44
91 45
92 46
92 47
92 48
92 48
93 49
93 49
94 50
94 50
95 50
95 50
96 49
96 48
96 48
97 47
97 46
98 45
98 45
98 44
99 43
99 42
99 42
99 41
99 40
99 39
99 39
100 38
100 37
