0 9
0 8
0 7
0 6
0 5
0 4
0 4
0 3
0 2
0 2
0 1
0 1
0 0
0 0
0 1
0 1
0 2
0 3
0 4
0 5
0 5
0 6
0 7
0 8
0 9
0 10
0 11
0 11
0 12
0 13
0 14
0 15
0 16
0 17
0 18
0 19
0 20
0 21
0 21
0 22
0 23
0 24
0 25
0 26
0 27
0 28
0 29
0 30
0 31
0 32
0 33
0 34
0 34
0 35
0 36
0 37
0 38
0 39
0 40
0 41
0 42
0 43
0 44
0 45
0 46
0 47
0 48
0 48
0 49
0 50
0 51
0 52
0 53
0 54
0 55
0 56
0 57
0 58
0 59
0 59
0 60
0 61
0 62
1 63
1 64
1 65
1 66
1 67
1 67
1 68
1 69
1 70
1 71
1 71
1 72
1 73
1 74
1 74
1 75
1 76
1 76
1 77
1 78
1 78
1 77
1 76
1 75
1 74
1 73
1 72
1 71
1 70
1 69
1 68
1 67
1 66
1 65
1 64
1 63
1 62
1 61
1 60
1 59
1 58
1 57
1 56
1 55
1 54
1 53
1 52
1 51
1 50
0 49
0 48
0 47
0 46
0 45
0 44
0 43
0 42
0 41
0 40
0 39
0 38
0 37
0 36
0 35
0 34
0 33
0 32
0 31
0 30
0 29
0 28
0 27
0 26
0 25
0 24
0 23
0 22
0 21
0 21
0 20
0 19
1 18
1 17
1 16
1 16
1 15
1 14
1 13
1 13
1 14
1 14
1 15
1 16
1 16
1 17
1 18
1 19
1 20
1 21
1 22
1 22
1 23
1 24
1 25
2 26
2 27
2 28
2 29
2 30
2 30
2 31
2 32
2 33
2 34
2 35
2 36
2 37
2 38
2 39
2 39
2 40
2 41
2 42
3 43
3 44
3 45
3 46
3 47
3 47
3 48
3 49
3 50
3 51
3 52
3 52
3 53
4 54
4 55
4 55
4 56
4 56
5 56
5 56
5 55
5 54
5 54
5 53
6 52
6 51
6 50
6 50
6 49
6 48
6 47
7 46
7 45
7 44
7 43
7 42
7 42
7 41
7 40
7 39
7 38
8 37
8 36
8 35
8 34
8 33
8 32
8 32
8 31
8 30
8 29
8 28
8 27
8 26
8 25
8 24
8 23
8 22
8 21
8 21
8 20
8 19
8 18
9 17
9 16
9 15
9 14
9 13
9 13
9 12
9 11
9 10
9 9
9 8
9 7
9 7
9 7
9 8
9 9
9 10
9 10
9 11
9 12
9 13
9 14
9 15
9 15
9 16
9 17
9 18
9 19
9 20
9 21
9 22
9 23
9 23
9 24
9 25
9 26
9 27
10 28
10 29
10 30
10 31
10 32
10 33
10 33
10 34
10 35
10 36
10 37
10 38
10 39
10 40
10 41
10 42
10 43
10 44
10 44
10 45
10 46
10 47
10 48
10 49
10 50
10 51
10 52
10 53
10 54
10 54
10 55
10 56
10 57
10 58
10 59
10 60
10 61
10 61
10 62
10 63
10 64
10 65
10 66
10 67
10 67
10 68
10 69
10 70
10 71
10 71
11 72
11 73
11 73
11 74
11 75
11 75
11 74
11 73
11 72
12 71
12 70
12 69
12 68
12 67
12 66
12 65
13 64
13 63
13 62
13 61
13 60
13 59
13 58
14 57
14 56
14 55
14 54
14 53
14 52
14 51
15 50
15 49
15 48
15 47
15 46
15 45
15 44
16 43
16 42
16 41
16 40
16 40
17 41
17 42
18 43
18 44
18 44
18 45
18 46
18 47
18 48
18 48
18 49
18 50
18 51
18 52
18 52
18 53
18 54
18 55
18 56
18 57
18 58
18 59
18 60
18 61
18 61
18 62
18 63
18 64
18 65
18 66
18 67
18 67
18 68
18 69
18 70
18 71
18 71
19 72
19 72
19 72
20 71
20 70
20 70
20 69
21 68
21 67
21 67
21 66
22 65
22 64
22 63
22 63
22 62
22 61
22 60
22 59
22 58
22 57
22 57
22 56
22 55
22 54
22 53
22 52
22 52
22 51
22 50
22 49
22 48
22 47
22 47
22 46
21 45
21 44
21 44
20 43
20 42
20 42
19 43
19 43
18 44
18 44
18 45
18 46
18 46
18 47
17 48
17 49
17 49
18 48
18 47
19 46
19 45
20 44
21 43
21 42
22 41
23 40
23 39
24 38
24 37
25 36
26 35
26 34
27 33
27 32
28 31
28 31
28 32
29 33
29 34
29 35
29 35
29 36
28 37
28 38
28 38
28 39
28 40
28 41
28 42
28 43
28 44
28 44
28 45
28 46
28 47
28 48
28 49
28 50
28 51
28 51
28 52
28 53
28 54
28 55
28 56
28 56
28 57
28 58
28 59
28 60
28 60
29 61
29 61
30 62
30 62
30 61
30 60
30 60
30 59
31 58
31 57
31 57
31 56
32 55
32 54
32 53
32 53
32 52
32 51
32 50
32 49
32 49
32 48
32 47
32 46
32 45
32 45
32 44
32 43
32 42
32 41
32 40
32 40
31 39
31 38
31 38
30 37
30 36
30 36
29 36
29 36
28 37
28 38
28 38
28 39
28 40
28 40
28 41
28 42
28 42
29 41
29 40
30 39
30 38
31 37
31 36
32 35
32 34
33 33
33 32
34 31
34 30
35 29
35 28
35 28
36 29
36 30
37 31
37 31
36 32
36 32
36 33
36 34
36 35
36 36
36 36
36 37
36 38
36 39
36 40
36 41
36 42
36 42
36 43
36 44
36 45
36 46
36 47
36 48
36 48
36 49
37 50
37 51
37 52
37 52
37 53
37 54
37 54
37 55
37 55
37 55
38 54
38 53
38 53
38 52
38 51
38 50
38 49
38 48
38 48
38 47
38 46
39 45
39 44
39 43
39 42
39 42
39 41
39 40
39 39
40 38
40 37
40 36
40 35
40 35
40 34
41 33
41 32
41 31
41 31
41 30
41 30
41 31
41 31
41 32
41 33
41 34
41 34
41 35
42 36
42 37
42 37
42 38
42 39
42 40
42 41
42 42
42 42
42 43
42 44
42 45
42 45
42 46
42 47
42 48
42 48
42 49
42 50
42 51
42 51
43 52
43 53
43 53
43 54
43 55
43 56
43 56
43 55
43 54
44 53
44 52
44 51
44 50
45 49
45 48
45 47
45 46
46 45
46 44
46 43
46 42
47 41
47 40
47 39
47 38
48 37
48 36
48 35
48 34
48 33
49 32
49 31
49 30
49 29
50 28
50 27
50 26
50 25
51 24
51 23
51 22
51 21
52 20
52 19
52 18
52 18
52 17
52 16
51 15
51 14
51 13
51 12
51 12
51 11
51 10
51 10
51 9
51 8
51 8
51 7
51 7
51 7
51 8
51 9
51 9
51 10
51 11
51 12
51 12
51 13
51 14
51 15
51 16
51 17
51 18
51 18
51 19
51 20
51 21
50 22
50 23
50 24
50 25
50 26
50 26
50 27
50 28
50 29
50 30
50 31
50 32
50 33
50 34
50 35
50 35
50 36
50 37
50 38
50 39
50 40
50 41
50 42
50 43
50 44
50 44
50 45
50 46
51 47
51 48
51 49
51 50
51 50
51 51
51 52
51 53
51 54
51 55
51 55
51 56
51 57
51 58
51 59
51 59
51 60
51 61
51 62
51 62
51 63
52 64
52 65
52 65
52 66
52 67
52 67
52 66
52 65
53 64
53 63
53 62
53 61
53 60
53 59
54 58
54 57
54 56
54 55
54 54
54 53
55 52
55 51
55 50
55 49
55 48
56 47
56 46
56 45
56 44
56 43
56 42
57 41
57 40
57 39
57 38
57 37
57 36
58 35
58 34
58 33
58 33
59 34
60 35
61 36
61 36
61 37
61 38
61 38
61 39
61 39
61 40
61 41
61 42
61 43
61 44
61 45
61 45
61 46
61 47
62 48
62 49
62 50
62 51
62 51
62 52
62 53
62 54
62 55
62 56
62 57
62 57
62 58
62 59
62 60
62 61
62 61
62 62
62 63
62 64
62 64
62 65
62 66
62 66
62 66
62 66
62 65
62 64
62 63
62 62
62 61
62 60
62 59
62 58
62 57
62 56
61 55
61 54
61 53
61 52
61 51
61 50
61 49
61 48
61 47
61 46
61 45
61 44
61 43
61 42
61 41
61 40
61 39
61 38
61 37
61 36
60 35
60 34
60 33
60 32
60 31
60 30
60 29
60 28
60 27
60 26
60 25
60 25
60 24
60 23
61 22
61 21
61 20
61 19
61 19
61 18
61 17
61 17
61 16
61 16
61 17
61 17
61 18
61 18
61 19
61 19
62 20
62 21
62 21
62 22
62 23
62 24
62 24
63 25
63 26
63 26
64 26
65 27
66 27
67 28
68 28
69 28
70 29
71 29
72 30
73 30
73 30
74 31
74 31
73 31
73 31
73 31
73 31
72 32
72 33
72 33
71 34
71 35
71 35
71 36
70 37
70 38
70 38
70 39
69 40
69 41
69 42
69 42
69 43
69 44
69 45
69 46
69 47
69 47
69 48
69 49
69 50
69 50
69 51
69 52
69 52
70 53
70 54
70 54
70 54
71 53
71 53
72 52
72 51
72 51
72 50
73 49
73 48
73 47
73 47
73 46
74 45
74 44
74 43
74 43
74 42
74 41
74 40
74 39
74 39
74 38
74 37
74 36
74 36
74 35
74 35
75 35
75 35
75 36
75 37
75 37
75 38
75 39
75 40
75 40
75 41
75 42
75 43
75 44
75 44
75 45
75 46
75 47
75 48
75 49
75 49
75 50
75 51
75 52
75 53
75 54
75 55
75 55
75 56
75 57
75 58
75 59
75 60
75 61
75 62
75 62
75 63
75 64
75 65
75 66
75 67
75 68
75 69
75 69
75 70
75 71
75 72
75 73
75 74
75 75
75 75
75 76
75 77
75 78
75 79
75 80
75 80
75 81
75 82
75 83
75 84
75 85
75 85
75 86
75 87
74 88
74 89
74 90
74 90
74 91
73 92
73 93
73 94
73 94
73 95
72 96
72 97
72 97
72 98
71 99
71 100
71 100
70 100
70 100
69 100
69 100
68 99
68 98
68 98
68 97
67 96
67 95
67 95
67 94
66 93
66 92
66 92
66 91
66 90
66 89
66 89
66 88
66 87
66 86
67 85
67 84
67 83
67 82
67 81
67 80
68 79
68 78
68 77
68 76
68 75
68 74
69 73
69 72
69 71
69 70
69 69
69 68
70 67
70 66
70 65
70 64
70 63
70 62
70 61
71 60
71 59
71 58
71 57
71 56
71 55
72 54
72 53
72 52
72 51
72 50
72 49
73 48
73 47
73 46
73 45
73 44
73 43
74 42
74 41
74 40
74 39
74 38
74 37
75 36
75 35
75 34
75 33
75 32
75 31
75 30
76 29
76 28
76 27
76 26
76 25
76 24
77 23
77 22
77 21
77 20
77 19
77 18
78 17
78 16
78 15
78 14
78 13
78 12
79 11
79 10
79 9
79 8
79 8
79 7
79 6
79 6
79 5
79 5
79 4
79 4
79 4
79 5
79 5
80 6
80 7
80 7
80 8
80 9
80 10
80 11
80 12
80 12
80 13
80 14
80 15
80 16
80 17
80 18
80 19
80 20
80 20
80 21
80 22
80 23
80 24
81 25
81 26
81 27
81 28
81 29
81 29
81 30
81 31
81 32
81 33
81 34
81 35
81 36
81 37
81 37
81 38
81 39
81 40
81 41
81 42
81 43
81 44
81 44
81 45
81 46
81 47
81 48
81 49
81 49
81 50
81 51
81 52
81 53
81 53
81 54
81 55
81 55
81 56
81 57
81 57
81 57
81 56
81 56
81 55
81 54
81 54
81 53
81 52
81 51
82 50
82 49
82 48
82 47
82 47
82 46
82 45
82 44
83 43
83 42
83 41
83 40
83 39
83 39
83 38
83 37
83 36
83 35
83 34
83 33
83 32
83 31
83 31
83 30
84 29
84 28
84 27
84 27
85 27
85 27
85 28
85 28
85 29
86 30
86 31
86 31
86 32
86 33
86 34
86 35
86 35
86 36
86 37
86 38
86 39
86 40
86 40
86 41
86 42
86 43
86 44
86 45
86 46
86 46
86 47
86 48
86 49
86 50
86 50
86 51
86 52
86 53
86 54
86 54
86 55
86 56
86 57
86 57
86 58
86 59
86 59
87 60
87 61
87 61
87 60
87 59
87 58
87 57
87 56
87 55
88 54
88 53
88 52
88 51
88 50
88 49
88 48
88 47
88 46
88 45
88 44
88 43
88 42
88 41
89 40
89 39
89 38
89 37
89 36
89 35
89 34
89 33
89 33
89 34
90 35
90 36
90 36
89 35
89 35
90 34
90 34
91 33
92 32
92 32
93 31
93 30
93 30
94 29
94 28
95 27
95 27
96 26
96 25
96 25
97 24
98 23
98 23
99 22
99 22
99 22
99 22
99 22
99 23
99 23
99 22
98 21
98 20
98 19
97 18
97 17
97 16
96 15
96 14
96 13
96 12
95 11
95 10
95 9
94 8
94 7
94 7
94 6
94 5
94 5
94 4
94 4
94 4
94 5
94 5
94 6
94 7
94 7
94 8
94 9
94 10
94 11
94 12
94 12
94 13
94 14
94 15
94 16
94 17
94 18
94 19
94 19
94 20
94 21
94 22
94 23
94 24
94 25
94 26
94 27
94 27
94 28
94 29
94 30
94 31
94 32
94 33
94 33
94 34
94 35
94 36
94 37
94 38
94 38
94 39
94 40
95 41
95 42
95 43
95 44
95 44
95 45
95 46
95 47
95 47
96 48
96 49
96 49
96 50
96 51
96 51
97 52
97 52
98 53
98 53
98 52
98 52
99 51
99 51
99 50
99 50
100 49
100 48
