0 12
0 11
0 10
0 9
0 8
0 8
0 7
0 6
0 6
0 5
0 5
0 5
0 6
0 6
0 7
0 8
0 9
0 10
0 11
0 11
0 12
0 13
0 14
0 15
0 16
0 17
0 17
0 18
0 19
0 20
0 21
0 22
0 23
0 24
0 25
0 26
0 27
0 27
0 28
0 29
0 30
0 31
0 32
0 33
0 34
0 35
0 36
0 37
0 37
0 38
0 39
0 40
0 41
0 42
0 43
0 44
0 45
0 46
0 47
0 48
0 48
0 49
0 50
0 51
0 52
0 53
0 54
0 55
0 56
0 57
0 58
0 59
0 60
0 60
0 61
0 62
0 63
0 64
0 65
0 66
0 67
0 68
0 69
0 70
0 70
0 71
0 72
0 73
0 74
0 75
0 76
0 76
0 77
1 78
1 79
1 80
1 80
1 81
1 82
1 83
1 84
1 84
1 85
1 86
1 86
2 87
2 88
2 88
2 88
2 87
2 86
2 85
2 84
2 83
2 82
2 81
2 80
2 79
2 78
2 77
2 76
2 75
2 74
2 73
2 72
2 71
2 70
1 69
1 68
1 67
1 66
1 65
1 64
1 63
1 62
1 61
1 60
1 59
1 58
1 57
1 56
1 55
1 54
1 53
1 52
1 51
1 50
1 49
1 48
1 47
1 46
1 45
1 44
1 43
1 42
1 41
1 40
1 39
1 38
1 37
1 36
1 35
1 34
1 33
1 32
0 31
0 30
0 29
0 28
0 27
0 26
0 25
0 24
0 23
0 22
0 21
0 20
0 19
0 18
0 17
0 16
0 15
0 14
0 13
0 12
0 12
0 11
0 10
0 9
0 8
0 8
0 7
0 7
0 8
0 8
0 9
0 10
0 11
0 11
0 12
0 13
1 14
1 15
1 16
1 16
1 17
1 18
1 19
1 20
1 21
1 22
1 23
1 24
1 24
1 25
1 26
1 27
2 28
2 29
2 30
2 31
2 32
2 32
2 33
2 34
2 35
3 36
3 37
3 38
3 39
3 40
3 40
3 41
3 42
3 43
4 44
4 45
4 46
4 47
4 47
4 48
4 49
4 50
5 51
5 52
5 53
5 54
5 54
5 55
6 56
6 57
6 57
6 58
6 59
6 59
6 59
6 59
6 58
6 58
6 57
6 56
6 55
6 55
6 54
6 53
6 52
7 51
7 50
7 49
7 48
7 48
7 47
7 46
7 45
7 44
7 43
7 42
7 41
7 40
7 40
7 39
7 38
7 37
7 36
7 35
7 34
7 33
7 32
7 31
7 30
7 30
7 29
7 28
7 27
7 26
7 25
7 24
7 23
7 22
7 21
7 20
7 20
7 19
7 18
7 17
7 16
7 15
7 14
7 14
7 13
8 12
8 11
8 10
8 10
8 10
8 11
9 12
9 13
9 14
9 14
9 15
9 16
9 17
9 18
9 19
9 19
9 20
9 21
9 22
9 23
9 24
9 25
9 26
9 27
9 28
9 28
9 29
9 30
9 31
9 32
10 33
10 34
10 35
10 36
10 37
10 37
10 38
10 39
10 40
10 41
10 42
10 43
10 44
10 45
10 46
10 47
10 47
10 48
10 49
10 50
10 51
11 52
11 53
11 54
11 55
11 56
11 56
11 57
11 58
11 59
11 60
11 61
11 62
11 63
11 63
11 64
11 65
11 66
11 67
11 68
11 68
11 69
11 70
11 71
11 72
11 72
11 73
11 74
11 75
11 75
11 76
11 77
11 77
12 78
12 79
12 79
12 79
12 78
12 77
12 76
12 75
12 74
13 73
13 72
13 71
13 70
13 69
13 68
13 67
13 66
13 65
13 64
13 63
14 62
14 61
14 60
14 59
14 58
14 57
14 56
14 55
14 54
14 53
14 52
15 51
15 50
15 49
15 48
15 47
15 46
15 46
15 47
15 48
16 49
16 50
16 51
16 52
16 52
16 53
16 54
16 55
16 56
16 57
16 57
16 58
16 59
16 60
16 61
16 62
16 63
16 63
16 64
16 65
16 66
16 67
16 68
16 69
16 70
16 70
16 71
16 72
16 73
16 73
17 74
17 75
17 75
17 75
18 74
18 73
18 73
18 72
19 71
19 70
19 70
19 69
19 68
20 67
20 66
20 65
20 65
20 64
20 63
20 62
20 61
20 61
20 60
20 59
20 58
20 58
19 57
19 56
19 56
18 55
18 55
17 54
17 54
16 55
16 55
16 56
16 57
16 58
16 58
16 59
16 60
16 61
16 61
16 62
16 63
16 64
16 64
16 63
17 62
17 61
18 60
18 59
18 58
19 57
19 56
20 55
20 54
21 53
21 52
21 51
22 50
22 49
23 48
23 47
23 47
23 48
24 49
24 50
24 51
24 51
24 50
24 50
24 51
23 52
23 53
23 54
23 54
23 55
23 56
23 57
23 58
23 59
23 60
23 61
23 61
23 62
23 63
23 64
23 65
23 66
23 66
23 67
24 68
24 69
24 70
24 70
24 71
24 72
24 72
25 73
25 73
26 73
26 73
26 72
26 71
26 71
26 70
27 69
27 68
27 67
27 67
27 66
27 65
27 64
27 63
27 63
27 62
27 61
27 60
27 60
27 59
26 58
26 57
26 57
25 56
25 55
25 55
24 54
24 54
23 54
23 54
23 55
23 55
23 56
23 57
23 58
23 58
23 59
23 60
23 61
23 61
23 62
23 63
23 63
23 62
24 61
24 60
25 59
25 58
26 57
26 56
26 55
27 54
27 53
28 52
28 51
28 50
29 49
29 48
30 47
30 46
31 45
31 44
31 44
31 45
31 46
31 46
31 46
31 47
31 48
31 48
31 49
32 50
32 51
32 51
32 52
32 53
32 54
32 55
32 55
32 56
32 57
32 58
32 59
32 60
32 61
32 61
32 62
32 63
32 64
32 65
32 66
32 67
32 68
32 69
32 69
32 70
32 71
32 72
32 72
33 73
33 74
33 74
33 75
33 75
33 75
33 74
33 73
33 72
33 72
33 71
34 70
34 69
34 68
34 68
34 67
34 66
35 65
35 64
35 63
35 62
35 62
35 61
35 60
35 59
35 58
35 57
35 56
35 55
35 55
35 54
35 53
35 52
35 52
35 51
36 50
36 49
36 49
36 50
36 50
36 51
36 52
36 52
36 53
37 54
37 55
37 55
37 56
37 57
37 58
37 59
37 60
37 60
37 61
37 62
37 63
37 64
37 64
37 65
37 66
37 67
37 68
37 68
37 69
38 70
38 71
38 71
38 72
38 73
38 73
39 74
39 75
39 75
39 75
39 74
39 74
39 73
39 72
39 71
39 70
39 69
39 68
39 67
39 66
39 65
39 64
40 63
40 62
40 61
40 60
40 59
40 58
40 57
40 56
40 55
40 54
40 53
40 52
40 51
40 50
40 49
40 48
40 47
40 46
40 45
40 44
40 43
41 42
41 41
41 40
41 39
41 38
41 37
41 36
41 35
41 34
41 33
41 32
41 31
41 30
41 29
41 28
41 27
41 26
41 25
41 24
41 23
41 22
42 21
42 20
42 19
42 18
42 17
42 16
42 15
42 14
42 13
42 12
42 11
42 11
43 12
43 13
43 13
43 14
43 15
43 15
43 16
43 17
43 17
43 18
43 19
43 20
43 21
43 22
43 23
43 23
43 24
43 25
43 26
43 27
43 28
43 29
43 30
43 30
43 31
43 32
43 33
44 34
44 35
44 36
44 37
44 37
44 38
44 39
44 40
44 41
44 42
44 43
44 44
44 45
44 46
44 47
44 47
44 48
44 49
44 50
44 51
44 52
44 53
44 54
44 55
44 55
44 56
44 57
45 58
45 59
45 60
45 61
45 61
45 62
45 63
45 64
45 65
45 65
45 66
46 67
46 68
46 69
46 69
46 70
46 71
46 72
46 72
46 73
46 74
46 74
47 74
47 74
47 74
47 73
47 72
47 71
48 70
48 69
48 68
48 67
48 66
48 65
48 64
49 63
49 62
49 61
49 60
49 59
49 58
49 57
50 56
50 55
50 54
50 53
50 52
50 51
50 50
51 49
51 48
51 47
51 46
51 45
51 44
51 43
52 42
52 41
52 40
52 39
52 39
52 40
53 41
53 42
53 43
53 44
54 45
54 46
54 46
54 45
54 44
54 44
54 45
53 46
53 47
53 47
53 48
53 49
53 50
54 51
54 52
54 53
54 54
54 54
54 55
54 56
54 57
54 57
54 58
54 59
54 60
54 60
54 61
53 62
53 63
53 63
53 64
53 65
53 65
53 66
53 66
53 67
53 67
53 67
53 66
53 65
53 64
53 63
53 62
53 61
53 60
53 59
53 58
53 57
53 56
53 55
53 54
53 53
53 52
53 51
53 50
53 49
53 48
53 47
53 46
53 45
53 44
53 43
53 42
53 41
53 40
53 39
53 38
53 37
53 36
53 35
53 34
53 33
53 32
53 31
53 30
53 29
53 28
53 27
53 26
53 25
53 24
53 23
53 22
53 22
54 21
54 21
54 20
54 19
54 18
54 17
54 17
54 16
54 16
54 17
54 17
54 18
54 18
54 18
55 19
55 20
55 20
55 21
55 22
55 22
55 23
56 24
56 25
56 25
57 26
57 27
58 28
59 29
59 30
60 31
61 32
61 33
62 34
63 35
63 36
64 37
65 38
65 39
66 40
66 40
66 41
66 42
67 43
67 44
67 45
67 45
67 44
67 43
67 42
67 41
67 41
67 40
67 39
67 39
67 39
67 38
67 38
67 37
67 37
66 37
66 37
65 38
65 38
64 39
64 40
64 40
64 41
63 42
63 43
63 44
63 44
63 45
63 46
63 47
63 48
63 48
63 49
63 50
63 51
63 52
63 52
63 53
63 54
63 55
63 56
63 56
63 57
63 58
63 59
63 59
63 60
63 60
64 61
64 61
64 61
65 60
65 59
65 59
65 58
66 57
66 56
66 56
66 55
67 54
67 53
67 53
67 52
67 51
67 50
67 49
67 49
68 48
68 47
68 47
68 46
68 46
68 46
68 47
68 47
69 48
69 49
69 49
69 50
69 51
69 52
69 53
69 53
69 54
69 55
69 56
69 57
69 58
69 58
69 59
69 60
69 61
69 62
69 63
69 64
69 64
69 65
69 66
69 67
69 68
69 69
69 70
69 70
69 71
69 72
69 73
69 74
69 75
69 76
69 76
69 77
69 78
68 79
68 80
68 81
68 81
68 82
68 83
68 84
68 85
68 86
68 87
68 87
68 88
67 89
67 90
67 91
67 91
67 92
67 93
67 94
67 94
66 95
66 96
66 96
66 97
66 98
66 98
65 99
65 99
64 100
64 100
63 100
63 100
62 100
61 100
61 100
60 100
59 100
59 100
59 99
59 98
60 97
60 96
60 95
60 94
60 93
61 92
61 91
61 90
61 89
61 88
62 87
62 86
62 85
62 84
62 83
63 82
63 81
63 80
63 79
63 78
64 77
64 76
64 75
64 74
64 73
65 72
65 71
65 70
65 69
65 68
66 67
66 66
66 65
66 64
66 63
67 62
67 61
67 60
67 59
68 58
68 57
68 56
68 55
68 54
69 53
69 52
69 51
69 50
69 49
70 48
70 47
70 46
70 45
70 44
71 43
71 42
71 41
71 40
71 39
72 38
72 37
72 36
72 35
72 34
73 33
73 32
73 31
73 30
73 29
74 28
74 27
74 26
74 25
74 24
75 23
75 22
75 21
75 20
75 19
76 18
76 17
76 16
76 16
76 15
76 14
76 13
76 12
76 11
76 10
76 9
76 9
75 8
75 7
75 7
75 6
75 5
75 5
75 4
75 4
75 5
75 5
75 6
75 7
75 8
75 8
75 9
75 10
76 11
76 12
76 13
76 13
76 14
76 15
76 16
76 17
76 18
76 19
76 20
76 21
76 22
76 22
76 23
76 24
76 25
76 26
76 27
76 28
76 29
76 30
76 31
76 31
76 32
76 33
76 34
76 35
77 36
77 37
77 38
77 39
77 40
77 40
77 41
77 42
77 43
77 44
77 45
77 46
77 47
77 48
77 49
77 49
77 50
77 51
77 52
77 53
77 54
77 55
77 56
77 56
77 57
77 58
77 59
77 60
77 61
77 62
77 62
77 63
78 64
78 65
78 66
78 66
78 67
78 68
78 68
78 69
78 69
78 69
78 68
78 67
78 66
78 66
78 65
78 64
78 63
78 63
78 62
78 61
78 60
78 59
78 58
78 57
78 56
78 56
78 55
78 54
78 53
79 52
79 51
79 50
79 49
79 48
79 48
79 47
79 46
79 45
79 44
79 43
79 42
79 41
79 40
79 39
79 38
79 38
79 37
79 36
80 35
80 34
80 33
80 33
81 32
81 32
81 33
81 33
81 34
82 35
82 36
82 36
82 37
82 38
82 39
82 40
82 41
82 41
82 42
82 43
82 44
83 45
83 46
83 47
83 48
83 48
83 49
83 50
83 51
83 52
83 53
83 54
83 54
83 55
83 56
83 57
83 58
83 59
83 59
83 60
83 61
83 62
83 63
83 64
83 64
83 65
84 66
84 67
84 68
84 68
84 69
84 70
84 70
85 71
85 71
85 71
85 70
85 69
85 68
85 67
85 66
85 65
85 64
86 63
86 62
86 61
86 60
86 59
86 58
86 57
86 56
86 55
86 54
86 53
86 52
86 51
86 50
86 49
86 48
87 47
87 46
87 45
87 44
87 43
87 42
87 41
87 40
87 40
87 41
87 42
87 43
87 43
87 42
87 41
87 40
87 39
87 39
87 39
88 38
88 37
88 37
89 36
90 35
90 35
91 34
92 33
92 33
93 32
94 31
94 31
95 30
95 30
96 29
97 29
97 29
98 29
98 29
98 29
98 29
98 28
98 27
97 26
97 25
97 24
97 23
97 22
97 21
96 20
96 19
96 18
96 17
96 16
96 15
95 14
95 13
95 12
95 11
95 10
95 9
94 8
94 7
94 6
94 5
94 4
94 3
93 2
93 1
93 0
93 0
93 1
93 2
93 3
93 4
93 5
93 6
93 6
93 7
93 7
93 8
93 9
93 10
93 11
93 12
93 12
93 13
93 14
93 15
92 16
92 17
92 18
92 19
92 20
92 20
92 21
92 22
92 23
92 24
92 25
92 26
92 27
92 28
92 29
92 29
92 30
92 31
92 32
92 33
92 34
92 35
92 36
92 37
92 37
92 38
92 39
92 40
92 41
92 42
92 43
92 44
92 45
92 45
92 46
92 47
92 48
92 49
92 50
92 51
92 52
92 53
92 53
92 54
93 55
93 56
93 57
93 57
94 58
94 59
94 59
95 60
95 61
95 61
96 61
97 61
97 61
98 60
98 60
99 59
99 59
100 58
