0 13
0 12
0 11
0 10
0 9
0 8
0 7
0 7
0 6
0 5
0 5
0 4
0 4
0 4
0 5
0 5
0 6
0 6
0 7
0 8
0 9
0 10
0 10
0 11
0 12
0 13
0 14
0 15
0 15
0 16
0 17
0 18
0 19
0 20
0 21
0 22
0 22
0 23
0 24
0 25
0 26
0 27
0 28
0 29
0 30
0 31
0 31
0 32
0 33
0 34
0 35
0 36
0 37
0 38
0 39
0 40
0 40
0 41
0 42
0 43
0 44
0 45
0 46
0 47
0 48
0 48
0 49
0 50
0 51
0 52
0 53
0 54
0 54
0 55
0 56
0 57
0 58
0 59
0 60
0 60
0 61
0 62
0 63
0 63
0 64
0 65
0 66
0 66
0 67
0 67
0 68
0 68
0 69
0 69
0 69
0 68
0 67
0 66
0 65
0 64
0 63
0 62
0 61
0 60
0 59
0 58
0 57
0 56
0 55
0 54
0 53
0 52
0 51
0 50
0 49
0 48
0 47
0 46
1 45
1 44
1 43
1 42
1 41
1 40
1 39
1 38
1 37
1 36
1 35
1 34
1 33
1 32
1 31
1 30
1 29
1 28
1 27
1 26
1 25
1 24
1 23
1 22
1 21
1 21
1 20
1 19
1 18
1 18
1 17
1 16
1 16
1 15
1 14
1 14
1 13
1 13
1 13
1 13
2 13
2 13
2 14
2 15
2 15
2 16
2 17
2 18
2 19
2 19
2 20
3 21
3 22
3 23
3 23
3 24
3 25
3 26
3 27
3 28
3 29
3 29
3 30
3 31
4 32
4 33
4 34
4 35
4 35
4 36
4 37
4 38
5 39
5 40
5 41
5 42
5 42
5 43
5 44
5 45
5 46
5 46
5 47
6 48
6 49
6 49
6 50
6 51
6 51
7 52
7 52
7 52
8 52
8 52
8 51
8 50
8 50
8 49
9 48
9 47
9 47
9 46
9 45
9 44
9 43
9 43
9 42
9 41
9 40
9 39
9 38
9 38
9 37
9 36
9 35
10 34
10 33
10 32
10 31
10 30
10 30
10 29
10 28
10 27
10 26
10 25
10 24
10 23
10 22
10 22
10 21
10 20
10 19
10 18
10 17
10 16
10 16
10 15
10 14
10 13
10 12
10 11
10 10
10 10
10 9
10 8
10 7
10 6
10 6
11 5
11 5
11 4
11 4
12 5
12 5
12 6
12 7
12 8
12 8
12 9
12 10
13 11
13 12
13 13
13 13
13 14
13 15
13 16
13 17
13 18
13 19
13 20
13 20
13 21
13 22
13 23
13 24
14 25
14 26
14 27
14 28
14 29
14 29
14 30
14 31
14 32
14 33
14 34
14 35
14 36
14 37
14 37
14 38
14 39
14 40
15 41
15 42
15 43
15 44
15 45
15 45
15 46
15 47
16 48
16 49
16 50
16 51
16 51
16 52
16 53
16 54
16 55
16 56
16 56
16 57
16 58
16 59
16 59
17 60
17 60
17 61
17 61
18 61
18 61
18 60
19 59
19 58
19 57
19 56
20 55
20 54
20 53
20 52
21 51
21 50
21 49
21 48
22 47
22 46
22 45
22 44
23 43
23 42
23 41
23 40
24 39
24 38
24 37
24 36
25 35
25 34
25 33
25 33
25 33
25 33
25 33
25 34
25 35
25 36
25 36
25 37
25 38
25 39
25 39
25 40
24 41
24 42
24 42
24 43
24 44
24 45
24 46
24 46
24 47
24 48
24 49
24 50
24 50
24 51
24 52
24 53
24 53
24 54
25 55
25 56
25 56
25 57
25 58
25 58
26 59
26 60
26 60
26 60
27 60
27 60
27 59
27 59
28 58
28 57
28 57
28 56
28 55
28 55
29 54
29 53
29 53
29 52
29 51
29 50
29 49
29 49
29 48
30 47
30 46
30 46
30 45
30 44
30 43
30 42
30 42
30 41
30 40
30 39
30 39
30 38
29 37
29 36
29 35
29 35
29 34
29 34
28 33
28 33
27 33
27 33
26 34
26 34
26 35
26 35
25 36
25 36
25 37
25 37
25 38
25 38
25 39
25 39
26 38
27 38
28 37
29 37
30 36
31 36
32 35
33 35
34 34
35 34
35 34
35 35
35 35
35 35
35 36
35 36
35 37
34 38
34 39
34 39
34 40
34 41
34 42
34 42
34 43
34 44
34 45
34 46
34 46
34 47
34 48
34 49
34 49
34 50
35 51
35 52
35 52
35 53
35 54
35 54
35 55
35 55
36 56
36 56
36 57
36 57
37 56
37 56
38 56
38 56
38 55
38 54
38 54
38 53
39 52
39 51
39 51
39 50
40 49
40 48
40 48
40 47
40 46
40 45
40 45
40 44
40 43
40 42
40 41
40 41
40 40
40 39
40 38
40 37
40 37
40 36
39 35
39 34
39 34
38 33
38 33
38 32
38 32
37 33
37 33
36 34
36 34
36 35
36 35
35 36
35 36
35 37
35 37
36 36
37 35
38 35
39 34
40 33
41 32
42 32
43 31
44 30
44 30
44 30
44 30
44 31
44 32
44 32
44 33
44 34
44 35
44 35
44 36
45 37
45 38
45 39
45 39
45 40
45 41
45 42
45 42
45 43
45 44
45 44
45 45
45 46
45 47
45 47
45 48
45 48
45 49
45 50
45 50
44 50
44 50
44 51
44 51
44 51
45 50
45 50
45 49
45 49
45 48
45 47
45 46
45 46
45 45
45 44
45 43
45 42
45 42
45 41
46 40
46 39
46 38
46 38
46 37
46 36
46 35
46 35
46 34
47 33
47 32
47 32
48 31
48 31
48 31
49 31
49 31
49 32
49 33
49 33
49 34
49 35
49 36
49 36
49 37
49 38
49 39
49 40
49 41
49 41
49 42
50 43
50 44
50 45
50 45
50 46
50 47
50 48
50 49
50 50
50 50
50 51
50 52
50 53
50 53
50 54
50 55
50 56
50 56
50 57
50 58
50 58
50 59
50 59
50 59
50 58
50 57
50 56
51 55
51 54
51 53
51 52
51 51
51 50
52 49
52 48
52 47
52 46
52 45
52 44
52 43
53 42
53 41
53 40
53 39
53 38
53 37
54 36
54 35
54 34
54 33
54 32
54 31
55 30
55 29
55 28
55 27
55 26
55 25
55 24
56 23
56 22
56 21
56 20
56 19
56 18
57 17
57 16
57 15
57 14
57 13
57 12
57 11
58 10
58 9
58 8
58 7
58 6
58 5
59 4
59 3
59 2
59 1
59 1
60 1
60 1
59 0
59 0
59 1
59 1
59 2
59 3
59 3
59 4
59 5
59 6
59 7
59 8
59 8
59 9
59 10
59 11
59 12
59 13
59 14
59 14
59 15
59 16
59 17
59 18
59 19
59 20
59 21
59 21
59 22
59 23
59 24
59 25
59 26
59 27
59 28
59 29
59 29
59 30
59 31
59 32
59 33
59 34
59 35
59 36
59 36
59 37
59 38
59 39
59 40
59 41
59 42
59 43
59 44
59 44
59 45
59 46
59 47
59 48
59 49
59 49
59 50
59 51
59 52
59 53
59 54
59 54
59 55
59 56
59 57
59 58
59 58
59 59
59 60
59 61
59 61
59 62
59 63
59 64
59 64
59 65
59 65
59 66
59 66
59 66
59 65
59 65
59 64
60 63
60 62
60 61
60 60
61 59
61 58
61 57
62 56
62 55
62 54
62 53
63 52
63 51
63 50
64 49
64 48
64 47
64 46
65 45
65 44
65 43
66 42
66 41
66 40
66 39
67 38
67 37
67 37
68 38
68 38
68 39
68 40
68 41
68 41
68 42
68 43
68 44
68 45
68 45
68 46
68 47
68 48
68 49
68 50
68 50
68 51
67 52
67 53
67 54
67 54
67 55
67 56
67 57
67 58
67 59
67 59
67 60
67 61
67 62
67 62
67 63
67 64
67 65
67 65
67 66
67 67
67 67
67 68
67 69
67 69
67 70
67 70
67 70
67 69
67 68
67 67
67 66
67 65
67 64
67 63
67 62
67 61
67 60
67 59
67 58
67 57
67 56
67 55
67 54
67 53
67 52
67 51
67 50
67 49
68 48
68 47
68 46
68 45
68 44
68 43
68 42
68 41
68 40
68 39
68 38
68 37
68 36
68 35
68 34
68 33
68 32
68 31
68 30
68 29
68 28
68 27
68 26
68 26
68 26
68 26
68 26
68 27
68 28
68 28
68 29
68 29
68 30
68 30
68 30
68 30
68 31
68 31
68 31
68 31
68 31
69 32
69 33
70 34
71 35
72 36
72 37
73 38
74 39
74 40
75 41
75 41
76 40
76 39
76 39
75 38
75 37
75 37
75 36
75 36
75 35
75 35
75 34
75 34
74 34
74 34
74 34
73 35
73 35
73 36
73 37
73 38
73 38
73 39
73 40
73 40
73 41
72 42
72 43
72 43
72 44
72 45
72 46
72 46
72 47
72 48
72 49
72 49
72 50
72 51
72 51
72 52
72 53
72 53
72 54
72 54
73 55
73 55
73 55
74 54
74 54
74 53
74 52
74 52
75 51
75 50
75 50
75 49
75 48
75 47
75 47
75 46
76 45
76 44
76 43
76 43
76 42
76 41
76 40
76 39
76 39
76 38
76 37
76 36
76 36
76 35
76 35
76 36
76 36
76 37
76 38
76 38
76 39
76 40
76 41
76 41
76 42
76 43
76 44
76 45
76 46
76 46
76 47
76 48
76 49
76 50
76 51
76 52
76 53
76 53
76 54
76 55
76 56
76 57
76 58
76 59
76 60
76 61
76 61
76 62
76 63
76 64
75 65
75 66
75 67
75 68
75 69
75 69
75 70
75 71
75 72
75 73
75 74
75 75
75 76
75 76
75 77
75 78
75 79
75 80
75 81
75 82
75 83
75 83
75 84
75 85
75 86
75 87
75 88
75 89
75 89
75 90
75 91
74 92
74 93
74 94
74 94
74 95
74 96
74 97
74 97
74 98
74 99
74 99
73 100
73 100
73 100
72 100
72 100
71 99
71 99
70 98
70 98
69 97
69 97
68 96
68 96
67 95
67 95
67 94
67 94
66 93
66 92
66 92
66 91
66 91
66 90
67 89
67 88
67 88
67 87
67 86
67 85
67 84
67 84
67 83
68 82
68 81
68 80
68 80
68 79
69 78
69 77
69 76
69 76
70 75
70 74
70 74
71 73
71 72
71 72
72 71
72 70
72 70
72 69
72 68
73 67
73 66
73 65
73 64
74 63
74 62
74 61
74 60
75 59
75 58
75 57
75 56
76 55
76 54
76 53
76 52
77 51
77 50
77 49
77 48
78 47
78 46
78 45
78 44
79 43
79 42
79 41
79 40
79 39
80 38
80 37
80 36
80 35
81 34
81 33
81 32
81 31
82 30
82 29
82 28
82 27
83 26
83 25
83 24
83 23
84 22
84 21
84 20
84 19
85 18
85 17
85 16
85 15
86 14
86 13
86 12
86 12
86 12
86 12
86 11
86 10
86 9
86 9
86 9
86 10
86 11
86 11
86 12
86 12
86 13
86 14
86 15
86 15
86 16
86 17
86 18
86 19
86 19
86 20
86 21
86 22
86 23
86 24
86 25
86 25
86 26
86 27
86 28
85 29
85 30
85 31
85 32
85 32
85 33
85 34
85 35
85 36
85 37
85 38
85 39
85 39
85 40
85 41
85 42
85 43
85 44
85 45
85 45
85 46
85 47
84 48
84 49
84 50
84 50
84 51
84 52
83 53
83 54
83 55
83 55
83 56
83 57
83 58
83 59
83 59
83 60
83 61
83 62
83 63
83 64
83 64
83 65
83 66
83 67
83 68
83 68
83 69
82 70
82 71
82 71
82 72
82 73
82 74
82 74
82 75
82 75
82 76
82 76
82 76
82 76
82 76
82 76
82 75
82 74
82 74
82 73
82 73
82 72
83 71
83 70
83 70
83 69
83 68
83 67
83 67
83 66
84 65
84 64
84 64
84 63
84 62
84 61
84 60
84 59
84 59
84 58
85 57
85 56
85 55
85 55
85 54
86 53
86 52
86 52
86 51
86 51
87 50
87 50
87 50
87 51
87 51
87 51
88 52
88 53
88 53
88 54
88 55
88 56
88 56
88 57
87 58
87 59
87 59
87 60
87 61
87 62
87 63
87 63
87 64
87 65
87 66
87 67
87 67
87 68
87 69
87 70
87 70
87 71
87 72
87 73
87 74
87 74
87 75
87 76
87 76
87 77
87 78
87 78
87 79
87 80
87 80
87 81
87 81
88 81
88 81
88 81
88 81
88 80
88 79
88 78
88 77
88 76
88 75
88 74
88 73
89 72
89 71
89 70
89 69
89 68
89 67
89 66
89 65
89 64
89 63
89 62
89 61
89 60
89 59
89 58
89 57
89 56
89 55
90 54
90 53
90 52
90 51
90 50
90 49
90 48
90 47
90 46
90 46
90 45
90 45
91 44
91 44
91 43
91 43
92 42
92 42
93 41
93 41
93 40
93 40
94 39
94 39
95 39
95 39
96 38
96 38
97 37
97 37
97 37
98 36
98 36
98 36
98 35
98 34
98 33
98 32
97 31
97 30
97 29
97 28
97 27
97 26
97 25
97 24
96 23
96 22
96 21
96 20
96 19
96 19
96 18
96 17
96 16
96 15
96 14
96 14
96 13
96 13
96 13
96 14
96 14
96 15
96 16
96 16
96 17
95 18
95 19
95 20
95 20
95 21
95 22
95 23
95 24
95 25
95 25
95 26
95 27
95 28
94 29
94 30
94 31
94 32
94 32
94 33
94 34
94 35
94 36
94 37
94 38
94 39
94 40
94 40
94 41
94 42
94 43
93 44
93 45
93 46
93 47
93 48
93 48
93 49
93 50
93 51
93 52
93 53
93 54
93 54
93 55
93 56
93 57
93 58
93 59
93 59
93 60
93 61
93 62
93 63
93 63
93 64
93 65
93 66
93 66
93 67
93 68
93 69
93 69
94 70
94 70
95 71
95 71
95 71
96 70
96 70
97 69
97 68
97 68
98 67
98 67
99 67
99 67
99 66
99 66
100 66
100 66
100 66
99 66
