0 10
1 11
1 11
0 11
0 11
0 12
0 13
0 14
0 15
0 15
0 16
0 17
0 18
0 19
0 20
0 21
0 21
0 22
0 23
0 24
0 25
0 26
0 27
0 27
0 28
0 29
0 30
0 31
0 32
0 33
0 34
0 35
0 36
0 36
0 37
0 38
0 39
0 40
0 41
0 42
0 43
0 44
0 45
0 46
0 46
0 47
0 48
0 49
0 50
0 51
0 52
0 53
0 54
0 54
0 55
0 56
0 57
0 58
0 59
0 60
0 61
0 62
0 62
0 63
0 64
0 65
0 66
0 67
0 67
0 68
0 69
0 70
0 71
0 72
0 72
0 73
0 74
0 75
0 75
0 76
0 76
0 76
0 75
0 75
0 74
0 73
0 72
0 71
0 70
0 69
0 68
0 67
0 66
0 65
0 64
0 63
0 62
0 61
0 60
0 59
0 58
0 57
0 56
0 55
0 54
0 53
0 52
0 51
0 50
0 49
1 48
1 47
1 46
1 45
1 44
1 43
1 42
1 41
1 40
1 39
1 38
1 37
1 36
1 35
1 34
1 33
1 32
1 31
1 30
1 29
1 28
1 27
1 26
1 25
1 24
1 23
1 22
1 22
1 21
1 20
1 19
1 18
1 17
1 16
1 15
1 14
1 14
1 13
1 12
1 12
1 12
1 12
1 13
1 13
1 14
1 14
1 15
2 16
2 17
2 18
2 18
2 19
2 20
2 21
2 22
2 22
2 23
3 24
3 25
3 26
3 26
3 27
3 28
4 29
4 30
4 31
4 31
4 32
4 33
5 34
5 35
5 36
5 36
5 37
5 38
5 39
5 40
5 41
5 42
5 42
5 43
6 44
6 45
6 45
6 46
7 47
7 48
7 49
7 49
8 50
8 51
8 51
9 52
9 53
9 53
9 53
10 52
10 52
11 51
11 50
11 50
11 49
11 48
11 47
11 47
11 46
12 45
12 44
12 43
12 43
12 42
12 41
13 40
13 39
13 38
13 38
13 37
13 36
13 35
13 34
13 33
13 32
13 32
13 31
13 30
13 29
14 28
14 27
14 26
14 25
14 25
14 24
14 23
15 22
15 21
15 20
15 19
15 19
15 18
15 17
15 16
15 15
15 14
15 13
15 13
15 12
16 11
16 10
16 9
16 9
16 8
16 7
16 7
16 6
16 6
16 6
16 6
16 6
16 7
16 8
16 8
16 9
16 10
16 10
16 11
16 12
16 13
16 14
16 15
16 15
16 16
16 17
16 18
16 19
16 20
16 20
16 21
16 22
16 23
16 24
16 25
16 26
16 26
16 27
16 28
16 29
16 30
16 31
16 32
16 32
16 33
16 34
16 35
16 36
16 37
16 38
16 39
16 39
16 40
16 41
16 42
16 43
16 44
16 45
16 46
16 46
16 47
16 48
17 49
17 50
17 51
17 51
17 52
17 53
17 54
17 55
17 56
17 56
17 57
17 58
17 59
17 59
17 60
17 61
17 61
18 62
18 63
18 63
18 63
18 62
19 61
19 60
19 59
19 58
20 57
20 56
20 55
21 54
21 53
21 52
21 51
22 50
22 49
22 48
22 47
23 46
23 45
23 44
24 43
24 42
24 41
24 40
25 39
25 38
25 38
25 38
24 38
24 38
24 39
24 39
24 40
24 41
24 41
24 42
24 43
24 43
24 44
24 45
24 46
24 47
24 47
24 48
24 49
24 50
24 51
24 51
24 52
24 53
24 54
24 55
24 55
24 56
24 57
24 58
24 58
24 59
24 60
24 61
24 61
24 62
24 62
25 62
25 62
25 61
25 61
26 60
26 60
26 59
27 58
27 57
27 57
27 56
27 55
27 54
27 54
27 53
27 52
27 51
27 51
27 50
28 49
28 48
28 48
28 47
28 46
28 45
28 45
28 44
27 43
27 42
27 42
27 41
27 40
27 40
27 39
27 39
26 38
26 38
25 38
25 38
24 39
24 39
24 40
24 40
23 41
23 41
23 42
23 42
23 42
23 43
23 43
23 44
23 44
24 44
24 44
25 44
26 43
27 43
28 42
29 42
30 41
31 41
32 40
33 40
33 40
33 39
33 39
34 39
34 39
34 39
33 39
33 39
33 39
33 39
33 39
33 39
32 40
32 40
32 41
32 42
32 42
32 43
32 44
32 44
32 45
32 46
32 46
32 47
32 48
32 48
32 49
32 50
32 51
32 51
32 52
32 53
32 53
32 54
32 55
32 55
33 56
33 57
33 57
33 57
34 57
34 57
35 56
35 56
35 55
35 54
35 54
36 53
36 52
36 52
36 51
36 50
36 49
36 49
37 48
37 47
37 47
37 46
37 45
37 45
37 44
36 43
36 42
36 42
36 41
36 40
36 40
35 39
35 39
35 39
34 39
34 39
33 39
33 39
33 40
33 40
32 41
32 41
32 41
32 41
33 40
34 40
35 39
36 39
37 38
38 38
39 37
40 37
41 36
41 36
41 36
40 35
40 35
40 35
40 35
40 35
40 36
40 36
39 37
39 37
39 38
39 39
39 39
39 40
39 41
39 41
39 42
39 43
39 44
39 44
39 45
39 46
39 47
39 47
39 48
39 49
39 50
39 50
39 51
39 52
39 53
39 53
39 54
39 55
39 56
39 56
39 57
39 57
39 58
39 58
40 58
40 58
40 58
40 57
40 56
40 56
40 55
40 54
40 54
40 53
41 52
41 51
41 51
41 50
41 49
41 48
41 47
41 47
41 46
41 45
41 44
41 44
41 43
42 42
42 41
42 41
42 40
42 39
42 39
43 38
43 38
43 38
43 38
44 38
44 38
44 39
44 40
44 40
44 41
44 42
44 43
44 43
44 44
45 45
45 46
45 46
45 47
45 48
45 49
45 49
45 50
45 51
45 52
45 53
45 53
45 54
45 55
45 56
45 56
45 57
45 58
45 58
45 59
45 60
45 60
45 60
45 60
45 59
45 58
45 57
46 56
46 55
46 54
46 53
46 52
46 51
47 50
47 49
47 48
47 47
47 46
47 45
48 44
48 43
48 42
48 41
48 40
48 39
49 38
49 37
49 36
49 35
49 34
49 33
50 32
50 31
50 30
50 29
50 28
50 27
50 26
51 25
51 24
51 23
51 22
51 21
51 20
52 19
52 18
52 17
52 16
52 15
52 14
53 13
53 12
53 11
53 10
53 9
53 8
54 7
54 6
54 5
54 4
54 4
54 3
54 2
54 2
54 1
54 1
54 1
54 1
54 2
54 2
53 3
53 4
53 4
53 5
53 6
53 7
53 8
53 8
53 9
53 10
53 11
53 12
53 12
53 13
53 14
53 15
53 16
53 17
53 17
53 18
53 19
53 20
53 21
53 22
53 23
53 23
53 24
53 25
53 26
53 27
53 28
53 29
53 30
53 30
53 31
53 32
53 33
53 34
53 35
53 36
53 37
53 37
53 38
53 39
53 40
53 41
53 42
53 43
53 43
53 44
53 45
53 46
53 47
53 48
53 49
53 49
53 50
53 51
53 52
53 53
53 53
53 54
53 55
53 56
53 57
53 57
54 58
54 59
54 59
54 60
54 60
54 60
54 59
54 59
54 58
55 57
55 56
55 55
55 54
56 53
56 52
56 51
56 50
57 49
57 48
57 47
57 46
58 45
58 44
58 43
59 42
59 41
59 40
59 39
60 38
60 37
60 36
60 35
61 34
61 33
61 32
61 31
62 30
62 29
62 29
62 30
62 31
62 31
61 31
61 31
61 31
61 31
61 32
61 32
61 33
61 33
61 34
61 35
61 35
61 36
61 37
61 38
61 38
61 39
61 40
61 41
61 41
61 42
61 43
61 43
61 44
61 45
61 46
61 46
61 47
61 48
61 48
62 49
62 50
62 50
62 51
62 52
62 52
62 53
62 53
62 54
62 54
62 54
62 54
62 54
62 53
62 52
62 51
62 50
62 49
62 48
62 47
62 46
62 45
62 44
62 43
62 42
62 41
62 40
62 39
62 38
62 37
62 36
62 35
62 34
62 33
62 32
62 31
62 30
62 29
62 28
62 27
62 26
62 25
62 24
62 23
62 22
62 21
62 20
62 19
62 18
62 18
62 17
62 17
62 16
62 15
62 14
62 14
62 14
62 14
62 14
62 15
62 15
62 15
63 16
63 16
63 17
63 18
63 18
63 19
64 20
64 21
65 22
65 23
66 24
66 25
67 26
67 27
68 28
68 29
68 30
69 31
69 32
70 33
70 34
71 35
71 36
72 37
72 38
72 38
72 38
72 38
72 38
72 37
72 37
72 36
72 36
71 35
71 34
71 34
71 33
71 32
71 31
71 31
71 30
71 29
71 29
70 28
70 27
70 27
70 27
70 27
70 27
70 28
70 29
70 29
70 30
69 31
69 32
69 33
69 33
69 34
69 35
69 36
69 37
69 37
69 38
69 39
69 40
69 41
69 41
69 42
69 43
69 44
69 45
69 45
69 46
69 47
69 48
69 49
69 49
69 50
69 51
69 52
69 52
69 53
69 54
69 54
69 55
69 56
69 56
70 57
70 57
70 57
70 56
70 56
70 55
70 55
70 54
70 53
70 52
70 52
71 51
71 50
71 50
71 49
71 48
71 47
71 47
71 46
71 46
71 45
71 45
71 45
71 45
71 46
71 46
71 47
71 48
71 48
72 49
72 50
72 50
72 51
72 52
72 53
72 53
72 54
72 55
72 56
72 57
72 57
72 58
72 59
72 60
72 61
72 62
72 62
72 63
72 64
72 65
72 66
72 67
72 67
72 68
72 69
72 70
72 71
72 72
72 72
72 73
72 74
72 75
72 76
72 77
72 77
72 78
72 79
72 80
72 81
72 81
72 82
72 83
72 84
72 85
72 85
72 86
71 87
71 88
71 88
71 89
70 90
70 91
70 91
70 92
70 93
70 94
70 94
69 95
68 96
68 96
67 97
67 98
67 98
66 99
65 100
65 100
64 100
64 100
63 100
63 100
62 99
61 99
61 99
60 98
60 97
60 97
59 96
59 95
59 95
59 94
59 93
59 92
59 91
59 91
59 90
59 89
60 88
60 87
60 86
60 85
61 84
61 83
61 82
61 81
62 80
62 79
62 78
62 77
63 76
63 75
63 74
63 73
64 72
64 71
64 70
64 69
65 68
65 67
65 66
65 65
66 64
66 63
66 62
66 61
67 60
67 59
67 58
67 57
68 56
68 55
68 54
68 53
69 52
69 51
69 50
69 49
70 48
70 47
70 46
70 45
71 44
71 43
71 42
71 41
72 40
72 39
72 38
72 37
73 36
73 35
73 34
73 33
74 32
74 31
74 30
74 29
75 28
75 27
75 26
75 25
76 24
76 23
76 22
76 21
77 20
77 19
77 18
77 17
78 16
78 15
78 14
78 13
79 12
79 11
79 10
79 9
80 8
80 7
80 6
80 5
81 4
81 3
81 2
81 2
81 2
80 1
80 1
80 0
80 0
80 0
80 1
80 1
80 1
80 2
80 3
80 3
80 4
80 5
80 5
80 6
80 7
80 8
80 9
80 9
80 10
80 11
80 12
80 13
80 14
80 15
80 15
80 16
80 17
80 18
80 19
80 20
80 21
80 22
80 22
80 23
80 24
80 25
80 26
80 27
80 28
80 29
80 29
80 30
80 31
80 32
79 33
79 34
79 35
79 36
79 36
79 37
79 38
79 39
79 40
79 41
79 42
79 43
79 44
79 44
79 45
79 46
79 47
79 48
79 49
79 50
79 50
79 51
79 52
78 53
78 54
78 55
78 55
78 56
78 57
78 58
78 59
78 59
78 60
78 61
78 62
78 62
78 63
78 63
78 64
78 64
78 64
79 63
79 63
79 62
79 61
79 61
79 60
79 59
79 58
79 58
79 57
80 56
80 55
80 54
80 54
80 53
80 52
80 51
80 50
80 49
80 49
80 48
80 47
81 46
81 45
81 44
81 44
81 43
81 42
81 41
81 41
81 40
82 39
82 38
82 38
83 37
83 36
83 36
83 35
83 35
84 35
84 35
84 36
84 37
84 37
85 38
85 39
85 39
85 40
85 41
85 42
85 42
85 43
85 44
85 45
85 45
85 46
86 47
86 48
86 49
86 49
86 50
86 51
86 52
86 52
86 53
86 54
86 55
86 55
86 56
86 57
86 58
86 58
86 59
86 60
86 60
86 61
86 61
86 61
86 60
86 59
86 58
87 57
87 56
87 55
87 54
87 53
87 52
88 51
88 50
88 49
88 48
88 47
88 46
88 45
89 44
89 43
89 42
89 41
89 40
89 39
90 38
90 37
90 36
90 35
90 35
90 35
90 35
90 35
91 34
91 34
91 33
91 33
92 32
92 32
92 31
92 31
93 30
94 30
94 30
95 29
95 29
96 28
96 28
97 27
97 27
97 26
97 26
98 26
98 26
99 25
99 25
99 25
99 24
99 24
99 24
99 24
99 24
99 23
98 22
98 21
97 20
97 19
96 18
96 17
96 17
96 16
96 16
96 16
95 16
95 16
95 17
95 17
95 18
95 19
95 19
95 20
95 21
95 22
95 23
95 23
95 24
94 25
94 26
94 26
94 27
94 28
94 29
94 30
94 31
94 31
94 32
94 33
94 34
94 35
94 35
94 36
94 37
94 38
94 39
94 40
94 41
94 41
94 42
94 43
94 44
94 45
94 46
94 46
94 47
94 48
94 49
94 50
94 50
94 51
94 52
94 53
94 54
94 54
94 55
95 56
95 57
95 57
95 58
95 58
96 59
96 59
96 59
97 59
97 59
98 58
98 58
98 57
98 56
98 55
98 55
99 54
99 53
99 53
100 52
