3 20
2 21
2 22
2 22
1 21
1 21
1 20
1 20
0 21
0 22
0 22
0 23
0 24
0 25
0 25
0 26
0 27
0 28
0 29
0 29
0 30
0 31
0 32
0 33
0 34
0 35
0 36
0 37
0 37
0 38
0 39
0 40
0 41
0 42
0 43
0 44
0 45
0 46
0 46
0 47
0 48
0 49
0 50
0 51
0 52
0 53
0 54
0 55
0 56
0 56
0 57
0 58
0 59
0 60
0 61
0 62
0 63
0 64
0 65
0 65
0 66
0 67
0 68
0 69
0 70
0 71
0 72
0 72
0 73
0 74
0 75
0 76
0 76
0 77
1 78
1 79
1 79
1 80
1 81
1 81
1 81
1 81
1 80
1 79
1 78
1 77
1 76
1 75
1 74
1 73
1 72
1 71
1 70
2 69
2 68
2 67
2 66
2 65
2 64
2 63
2 62
2 61
2 60
2 59
2 58
2 57
2 56
2 55
2 54
2 53
2 52
2 51
2 50
2 49
2 48
2 47
2 46
3 45
3 44
3 43
3 42
3 41
3 40
3 39
3 38
3 37
3 36
3 35
3 34
3 34
3 34
3 34
3 34
3 35
3 36
3 37
3 38
3 38
3 39
3 40
3 41
3 41
3 42
4 43
4 44
4 45
4 45
4 46
5 47
5 48
5 49
5 49
5 50
6 51
6 52
6 52
6 53
6 54
6 55
6 55
7 56
7 56
7 56
8 55
8 55
9 54
9 53
9 53
9 52
9 51
9 50
9 49
9 49
9 48
9 47
10 46
10 45
10 44
10 44
10 43
10 42
10 41
10 40
10 39
10 38
10 38
10 37
10 36
10 35
10 34
10 33
10 32
10 32
10 31
10 30
10 29
11 28
11 27
11 26
11 25
11 25
11 24
11 23
11 22
11 21
11 21
11 20
11 19
11 18
11 18
11 17
11 17
11 17
11 17
11 18
11 18
11 19
11 20
11 20
11 21
12 22
12 23
12 24
12 24
12 25
12 26
12 27
12 28
12 29
12 29
12 30
12 31
12 32
13 33
13 34
13 35
13 36
13 37
13 37
13 38
13 39
13 40
14 41
14 42
14 43
14 44
14 45
14 45
14 46
14 47
14 48
14 49
14 50
14 51
14 52
14 53
14 54
14 55
14 55
14 56
14 57
14 58
14 59
15 60
15 61
15 62
15 63
15 64
15 64
15 65
15 66
15 67
16 68
16 69
16 70
16 71
16 71
16 72
16 73
16 74
16 75
16 76
16 76
16 77
16 78
17 79
17 80
17 81
17 81
17 82
17 83
17 84
17 84
18 85
18 86
18 86
18 87
18 87
18 87
18 87
18 86
18 85
18 84
19 83
19 82
19 81
19 80
19 79
19 78
19 77
20 76
20 75
20 74
20 73
20 72
20 71
20 70
21 69
21 68
21 67
21 66
21 65
21 64
21 63
22 62
22 61
22 60
22 59
22 59
23 60
23 60
23 60
23 59
23 59
23 60
23 61
23 61
23 62
24 63
24 64
24 64
24 65
25 66
25 67
25 67
25 68
25 69
25 69
25 70
25 71
25 71
26 72
26 72
26 73
26 73
27 72
27 72
28 71
28 71
28 70
28 69
28 68
28 68
29 67
29 66
29 66
29 65
29 64
29 63
29 63
29 62
29 61
29 60
29 60
29 59
28 58
28 57
28 57
28 56
28 55
28 55
27 54
27 54
26 55
26 55
25 56
25 57
25 57
24 58
24 59
24 59
23 60
23 61
23 61
22 62
22 63
22 63
22 64
22 64
22 65
22 65
22 65
23 64
24 63
25 62
26 61
27 60
28 59
29 58
30 57
31 56
32 55
32 55
31 56
31 56
31 56
31 57
31 57
31 58
31 59
31 59
31 60
31 61
31 61
31 62
31 63
31 63
31 64
31 65
31 66
31 66
31 67
32 68
32 69
32 69
33 70
33 70
34 71
34 71
34 72
34 72
35 71
35 71
36 70
36 70
36 69
36 68
36 68
37 67
37 66
37 66
37 65
37 64
37 63
37 63
37 62
37 61
37 61
37 60
36 59
36 58
36 58
36 57
35 56
35 55
35 55
34 54
34 54
33 54
33 54
32 55
31 55
31 55
30 56
30 56
29 57
29 58
29 58
29 59
29 59
28 60
28 60
28 61
28 61
29 61
29 61
29 62
29 62
30 61
30 60
31 59
32 58
32 57
33 56
34 55
34 54
35 53
35 52
36 51
37 50
37 49
38 48
39 47
39 46
40 45
40 45
40 46
40 47
40 47
40 47
40 46
40 46
40 47
40 47
41 48
41 48
41 49
41 50
41 51
41 51
41 52
41 53
41 54
41 54
41 55
42 56
42 57
42 58
42 58
42 59
42 60
42 61
42 61
42 62
42 63
42 63
43 64
43 65
43 65
43 66
43 66
43 67
43 67
43 67
43 67
43 67
43 67
43 66
43 66
43 65
43 64
43 63
43 63
43 62
43 61
43 60
43 59
43 59
43 58
43 57
43 56
43 55
43 55
43 54
43 53
43 52
43 51
43 50
43 50
43 49
44 48
44 47
44 47
44 46
44 45
44 45
45 44
45 43
45 43
45 43
46 43
46 43
47 44
47 45
47 45
47 46
47 47
47 48
47 49
47 49
47 50
48 51
48 52
48 53
48 53
48 54
49 55
49 56
49 57
49 57
49 58
49 59
49 60
49 60
50 61
50 62
50 62
50 63
50 64
50 64
50 65
50 65
50 65
50 66
50 66
50 65
50 64
50 63
50 62
50 61
50 60
50 59
50 58
50 57
50 56
50 55
50 54
50 53
50 52
51 51
51 50
51 49
51 48
51 47
51 46
51 45
51 44
51 43
51 42
51 41
51 40
51 39
51 38
51 37
51 36
51 35
51 34
51 33
51 32
51 31
51 30
51 29
51 28
51 27
51 26
51 25
51 24
52 23
52 22
52 21
52 20
52 19
52 18
52 17
52 16
52 15
52 14
52 13
52 12
52 11
52 10
52 9
52 9
52 9
52 8
52 8
52 7
52 7
52 8
52 8
52 8
52 9
52 10
52 11
52 11
52 12
52 13
52 14
52 15
52 15
52 16
52 17
52 18
52 19
52 20
52 21
52 22
52 23
52 23
52 24
52 25
52 26
52 27
52 28
52 29
52 30
52 31
52 31
52 32
52 33
52 34
52 35
52 36
52 37
52 38
52 39
52 39
52 40
52 41
52 42
52 43
52 44
52 45
52 46
52 47
52 47
52 48
52 49
53 50
53 51
53 52
53 53
53 53
53 54
53 55
53 56
53 57
53 57
53 58
54 59
54 60
54 60
54 61
55 62
55 63
55 63
56 64
56 64
57 65
57 65
58 66
58 66
59 66
59 66
59 65
59 64
60 63
60 62
60 61
60 60
60 59
60 58
61 57
61 56
61 55
61 54
61 53
61 52
62 51
62 50
62 49
62 48
62 47
62 46
63 45
63 44
63 43
63 42
63 41
63 40
64 39
64 38
64 37
64 37
64 37
64 37
64 36
64 36
64 36
64 37
64 37
64 38
64 38
64 39
64 40
64 41
64 41
64 42
64 43
64 44
64 44
64 45
64 46
64 46
64 47
64 48
64 48
64 49
64 50
64 50
64 50
64 51
64 51
64 52
64 52
64 51
64 50
64 49
64 48
64 47
64 46
64 45
63 44
63 43
63 42
63 41
63 40
63 39
63 38
63 37
63 36
63 35
63 34
63 33
63 32
63 31
62 30
62 29
62 28
62 27
62 26
62 25
62 24
62 23
62 23
62 23
62 23
62 23
62 23
62 24
62 24
62 25
62 25
63 26
63 27
63 27
63 28
63 29
63 29
64 30
65 31
66 32
66 33
67 34
68 35
69 36
70 37
71 38
72 39
73 40
73 41
74 42
75 43
76 44
76 44
76 44
76 43
76 43
76 42
76 42
76 42
76 41
76 41
76 40
76 40
76 39
76 39
76 38
76 38
76 37
76 37
76 36
76 36
76 35
76 35
76 35
76 35
76 34
76 34
75 34
75 34
75 35
75 35
74 36
74 36
74 37
74 38
74 38
74 39
73 40
73 41
73 41
73 42
73 43
73 43
73 44
72 45
72 46
72 46
72 47
72 48
72 48
72 49
72 49
73 50
73 50
73 50
74 50
74 50
74 49
74 49
75 48
75 48
76 47
76 46
76 46
76 45
76 45
76 45
77 45
77 45
77 45
77 46
77 47
77 47
77 48
77 49
77 49
77 50
77 51
77 52
77 53
77 53
77 54
77 55
77 56
77 56
77 57
77 58
77 59
77 60
77 60
77 61
77 62
77 62
77 63
77 64
77 65
77 65
77 66
78 67
78 68
78 68
78 69
78 70
78 70
78 71
78 72
78 73
78 73
78 74
78 75
78 76
78 76
78 77
78 78
78 78
78 79
78 80
78 81
78 81
78 82
78 83
78 83
78 84
78 85
78 85
78 86
78 87
78 87
78 88
78 88
78 89
78 89
78 90
78 90
78 90
77 91
77 91
77 92
77 92
76 93
76 94
76 94
75 95
75 95
74 96
73 97
73 97
72 98
71 98
71 98
70 99
70 99
69 100
68 100
68 100
67 100
67 100
66 100
66 100
65 100
65 100
64 100
64 100
63 100
63 100
63 99
63 99
62 99
62 99
62 98
62 97
63 96
63 95
63 94
63 93
64 92
64 91
64 90
64 89
64 88
65 87
65 86
65 85
65 84
66 83
66 82
66 81
66 80
66 79
67 78
67 77
67 76
67 75
68 74
68 73
68 72
68 71
68 70
69 69
69 68
69 67
69 66
70 65
70 64
70 63
70 62
70 61
71 60
71 59
71 58
71 57
72 56
72 55
72 54
72 53
73 52
73 51
73 50
73 49
73 48
74 47
74 46
74 45
74 44
75 43
75 42
75 41
75 40
75 39
76 38
76 37
76 36
76 35
77 34
77 33
77 32
77 31
77 30
78 29
78 28
78 27
78 26
79 25
79 24
79 23
79 22
79 21
80 20
80 19
80 18
80 17
81 16
81 15
81 14
81 13
81 12
82 11
82 10
82 9
82 8
83 7
83 6
83 5
83 5
84 4
84 4
84 3
84 2
84 1
84 1
84 0
84 0
84 1
84 2
84 2
84 3
85 4
85 5
85 6
85 6
85 7
85 8
85 9
85 10
85 11
85 12
85 12
85 13
85 14
85 15
85 16
85 17
85 18
85 19
85 20
85 20
85 21
85 22
85 23
85 24
85 25
85 26
85 27
85 28
85 28
85 29
85 30
85 31
85 32
84 33
84 34
84 35
84 36
84 37
84 37
84 38
84 39
84 40
83 41
83 42
83 43
83 44
83 44
83 45
83 46
83 47
83 48
83 49
83 50
83 50
83 51
82 52
82 53
82 54
82 54
82 55
82 56
82 57
82 57
82 58
82 59
82 59
82 59
82 59
82 58
82 58
82 57
82 56
82 56
82 55
82 54
82 53
82 53
82 52
83 51
83 50
83 49
83 49
83 48
83 47
83 47
83 46
83 45
83 45
84 45
84 45
84 45
84 45
85 46
85 46
85 47
85 47
85 48
85 49
85 50
85 50
85 51
86 52
86 53
86 53
86 54
86 55
86 56
86 57
86 57
87 58
87 59
87 59
87 60
87 61
87 61
88 62
88 62
89 62
89 62
89 62
90 62
90 62
90 61
90 61
90 60
90 59
90 59
90 58
90 57
90 56
90 55
90 54
90 53
90 52
90 51
91 50
91 49
91 48
91 47
91 46
91 45
91 44
91 43
91 42
91 42
91 43
91 43
91 42
91 42
91 42
91 42
91 42
91 42
92 42
92 42
93 42
94 42
94 42
95 41
95 41
96 41
96 41
97 40
97 40
98 40
98 40
98 39
98 39
99 39
99 39
99 39
99 39
99 38
98 37
98 36
98 35
98 34
97 33
97 32
97 31
97 30
96 29
96 28
96 27
96 27
95 28
95 29
95 29
95 29
95 30
95 31
95 31
95 32
95 33
95 34
95 35
95 35
95 36
95 37
95 38
95 39
95 40
95 40
95 41
95 42
95 43
95 44
95 44
95 45
95 46
95 47
95 48
95 48
95 49
95 50
95 51
95 51
95 52
95 53
95 54
95 54
96 55
96 56
96 56
97 57
97 58
97 58
97 59
97 59
98 59
98 59
98 59
99 59
99 59
99 60
99 60
100 60
