0 22
0 21
1 20
1 19
1 19
1 18
1 17
1 17
1 16
1 15
1 15
1 16
1 16
1 17
1 18
1 19
1 19
1 20
1 21
1 22
1 23
1 24
1 25
1 25
1 26
1 27
1 28
1 29
1 30
1 31
1 32
1 33
1 33
1 34
1 35
1 36
1 37
1 38
1 39
1 40
1 41
1 42
1 42
1 43
1 44
1 45
1 46
1 47
1 48
1 49
1 50
1 51
1 51
1 52
1 53
1 54
1 55
1 56
1 57
1 58
1 59
1 60
1 60
1 61
1 62
1 63
1 64
1 65
1 66
1 66
1 67
1 68
1 69
1 70
1 71
1 71
1 72
1 73
1 74
1 75
1 75
1 76
1 77
1 77
2 78
2 78
2 78
2 77
2 77
2 76
2 75
2 74
2 73
2 72
2 71
2 70
2 69
2 68
1 67
1 66
1 65
1 64
1 63
1 62
1 61
1 60
1 59
1 58
1 57
1 56
1 55
1 54
1 53
1 52
1 51
1 50
1 49
1 48
0 47
0 46
0 45
0 44
0 43
0 42
0 41
0 40
0 39
0 38
0 38
0 37
0 36
0 35
0 34
0 33
0 32
0 31
0 30
0 30
0 29
0 28
1 27
1 26
1 25
1 25
1 24
1 23
1 22
1 22
1 21
1 20
1 20
2 19
2 19
2 20
2 21
2 21
2 22
3 23
3 24
3 25
3 25
3 26
3 27
3 28
3 29
3 30
3 31
3 31
3 32
3 33
3 34
4 35
4 36
4 37
4 38
4 38
4 39
4 40
4 41
5 42
5 43
5 44
5 45
5 45
5 46
5 47
5 48
5 49
5 50
5 51
5 52
5 52
5 53
5 54
5 55
5 56
5 56
6 57
6 58
6 58
6 59
6 60
6 60
6 60
6 59
6 59
6 58
7 57
7 56
7 55
7 55
7 54
7 53
7 52
8 51
8 50
8 49
8 48
8 48
8 47
8 46
8 45
8 44
8 43
8 42
8 41
8 40
8 40
8 39
8 38
8 37
8 36
9 35
9 34
9 33
9 32
9 31
9 30
9 30
9 29
9 28
9 27
9 26
9 25
9 24
9 23
9 22
9 21
9 21
9 20
10 19
10 18
10 17
10 17
10 16
10 16
10 17
10 18
10 19
10 19
10 20
10 21
11 22
11 23
11 24
11 24
11 25
11 26
11 27
11 28
11 29
11 30
11 31
11 32
11 32
11 33
11 34
11 35
11 36
11 37
11 38
11 39
11 40
11 40
11 41
11 42
11 43
11 44
11 45
11 46
11 47
11 48
11 49
11 49
11 50
11 51
11 52
11 53
11 54
11 55
11 56
11 57
11 58
11 58
11 59
11 60
11 61
11 62
11 63
11 64
11 65
11 65
11 66
11 67
11 68
11 69
11 70
11 70
11 71
12 72
12 73
12 74
12 74
12 75
12 76
12 77
12 77
12 78
12 79
12 79
12 80
12 81
12 81
12 81
12 80
12 79
12 78
13 77
13 76
13 75
13 74
13 73
13 72
14 71
14 70
14 69
14 68
14 67
14 66
15 65
15 64
15 63
15 62
15 61
15 60
16 59
16 58
16 57
16 56
16 55
16 54
17 53
17 52
17 51
17 50
17 50
17 51
17 52
17 53
17 54
17 55
17 56
17 57
17 58
17 58
17 59
17 60
17 61
17 61
17 62
17 63
17 64
17 65
17 66
17 66
17 67
17 68
17 69
17 70
17 71
17 72
17 73
17 73
17 74
17 75
17 76
17 76
17 77
17 78
17 78
18 78
18 78
19 77
19 76
19 76
19 75
20 74
20 73
20 72
20 72
20 71
20 70
21 69
21 68
21 67
21 67
21 66
21 65
21 64
21 63
21 63
21 62
21 61
21 60
21 60
20 59
20 58
20 58
19 57
19 56
19 56
18 55
18 55
17 56
17 56
16 57
16 58
16 58
16 59
16 60
16 60
16 61
16 62
16 63
16 63
17 62
18 61
19 60
20 59
20 58
21 57
22 56
23 55
24 54
24 54
24 55
24 56
24 57
25 58
25 59
25 60
25 61
25 62
25 62
25 63
24 64
24 65
24 65
24 66
24 67
24 68
24 69
24 70
24 70
24 71
25 72
25 73
25 73
25 74
25 75
25 75
26 75
26 75
26 74
26 74
26 73
27 72
27 71
27 71
27 70
28 69
28 68
28 67
28 67
28 66
29 65
29 64
29 63
29 63
29 62
28 61
28 60
28 60
28 59
28 58
28 57
28 57
27 56
27 55
27 55
26 54
26 54
25 54
25 54
25 55
25 55
24 56
24 57
24 57
24 58
24 59
24 60
24 60
24 61
24 62
24 62
25 63
25 64
25 64
25 63
26 62
26 61
26 60
27 59
27 58
27 57
28 56
28 55
28 54
29 53
29 52
29 51
30 50
30 49
30 48
31 47
31 46
31 45
32 44
32 43
32 43
33 43
33 43
33 44
33 44
33 45
33 45
33 46
33 47
33 48
33 49
33 49
33 50
33 51
33 52
33 53
33 53
33 54
33 55
33 56
33 57
33 57
33 58
33 59
33 60
33 61
33 62
33 62
33 63
33 64
33 65
33 66
33 67
33 67
33 68
33 69
33 69
33 70
33 71
33 71
34 71
34 71
34 70
34 70
34 69
34 68
34 67
34 67
34 66
34 65
35 64
35 63
35 62
35 62
35 61
35 60
35 59
35 58
35 57
35 56
35 56
35 55
35 54
36 53
36 52
36 51
36 50
36 50
36 49
37 48
37 47
37 47
37 46
37 46
38 47
38 47
38 48
38 49
38 49
38 50
38 51
38 52
38 53
38 53
38 54
38 55
38 56
38 57
38 58
38 58
38 59
38 60
38 61
38 62
38 62
38 63
38 64
38 65
38 66
38 66
38 67
39 68
39 69
39 70
39 70
39 71
39 72
39 72
39 73
39 74
39 74
40 74
40 74
40 73
40 72
40 71
40 70
40 69
41 68
41 67
41 66
41 65
41 64
41 63
41 62
41 61
41 60
41 59
41 58
42 57
42 56
42 55
42 54
42 53
42 52
42 51
42 50
42 49
42 48
42 47
43 46
43 45
43 44
43 43
43 42
43 41
43 40
43 39
43 38
43 37
43 36
44 35
44 34
44 33
44 32
44 31
44 30
44 29
44 28
44 27
44 26
44 25
45 24
45 23
45 22
45 21
45 20
45 19
45 18
45 17
45 16
45 15
45 14
46 13
46 12
46 11
46 10
46 9
46 8
46 8
46 9
46 10
46 11
46 11
47 12
47 12
47 13
46 14
46 15
46 16
46 16
46 17
46 18
46 19
46 20
46 21
46 22
46 22
46 23
46 24
46 25
46 26
46 27
46 28
46 29
46 29
46 30
46 31
46 32
46 33
46 34
46 35
46 36
46 36
46 37
46 38
46 39
46 40
46 41
46 42
46 42
46 43
46 44
46 45
46 46
46 47
46 48
46 49
46 49
46 50
46 51
46 52
46 53
46 54
46 55
46 55
46 56
46 57
47 58
47 59
47 60
47 60
47 61
47 62
47 63
47 64
47 64
47 65
47 66
47 67
47 67
47 68
47 69
47 69
48 70
48 70
48 71
48 71
48 70
48 69
49 68
49 67
49 66
49 65
50 64
50 63
50 62
50 61
50 60
51 59
51 58
51 57
51 56
52 55
52 54
52 53
52 52
53 51
53 50
53 49
53 48
53 47
54 46
54 45
54 44
54 43
55 42
55 41
55 40
55 40
55 41
55 42
56 43
56 44
56 45
56 46
56 46
56 47
56 47
56 46
56 46
56 47
56 48
56 49
56 50
56 50
56 51
55 52
55 53
55 54
55 54
55 55
55 56
55 57
55 58
55 58
55 59
55 60
55 61
55 62
55 63
55 63
55 64
55 65
55 66
55 66
55 67
55 68
55 69
55 69
55 70
55 70
55 70
55 70
55 69
55 68
55 67
55 66
55 65
55 64
55 63
55 62
55 61
55 60
55 59
56 58
56 57
56 56
56 55
56 54
56 53
56 52
56 51
56 50
56 49
56 48
56 47
56 46
56 45
56 44
56 43
56 42
56 41
56 40
56 39
56 38
56 37
56 36
56 35
57 34
57 33
57 32
57 31
57 30
57 29
57 28
57 27
57 26
57 25
57 24
57 23
57 22
57 22
58 23
59 23
59 23
59 22
59 22
59 21
59 21
60 22
60 22
60 22
60 22
60 22
60 23
60 23
60 24
60 24
61 25
61 26
62 27
62 28
63 29
63 30
64 31
64 32
65 33
65 34
66 35
66 36
67 37
67 38
67 38
68 38
68 38
68 37
68 37
68 36
68 36
68 36
67 36
67 36
67 35
67 35
66 36
66 37
66 37
66 38
65 39
65 40
65 40
65 41
64 42
64 43
64 44
64 44
64 45
63 46
63 47
63 48
63 48
63 49
63 50
63 51
63 52
63 52
63 53
63 54
63 54
63 55
63 56
63 56
64 57
64 57
64 57
65 56
65 56
66 55
66 54
66 54
66 53
67 52
67 51
67 51
67 50
67 49
67 48
67 48
67 47
68 46
68 45
68 45
68 44
68 44
69 43
69 43
69 44
69 44
69 45
69 46
69 46
69 47
70 48
70 49
70 49
70 50
70 51
70 52
70 53
70 54
70 54
70 55
70 56
70 57
70 58
70 59
70 59
70 60
70 61
70 62
70 63
70 64
70 65
70 65
70 66
70 67
70 68
70 69
70 70
70 71
70 72
70 73
70 73
70 74
70 75
70 76
70 77
70 78
70 79
70 79
70 80
70 81
70 82
70 83
70 84
70 84
70 85
70 86
69 87
69 88
69 89
69 89
69 90
69 91
69 92
69 93
69 93
69 94
68 95
68 96
68 96
67 97
67 98
67 98
66 99
66 100
66 100
65 100
65 100
64 100
64 100
63 100
63 100
62 99
62 98
62 98
62 97
62 96
63 95
63 94
63 93
63 92
64 91
64 90
64 89
64 88
64 87
65 86
65 85
65 84
65 83
65 82
66 81
66 80
66 79
66 78
67 77
67 76
67 75
67 74
67 73
68 72
68 71
68 70
68 69
69 68
69 67
69 66
69 65
69 64
70 63
70 62
70 61
70 60
70 59
71 58
71 57
71 56
71 55
72 54
72 53
72 52
72 51
72 50
73 49
73 48
73 47
73 46
73 45
74 44
74 43
74 42
74 41
75 40
75 39
75 38
75 37
75 36
76 35
76 34
76 33
76 32
77 31
77 30
77 29
77 28
77 27
78 26
78 25
78 24
78 23
78 22
79 21
79 20
79 19
79 18
80 17
80 16
80 15
80 15
79 14
79 13
79 13
79 12
79 11
79 10
79 10
79 9
78 8
78 7
78 6
78 6
78 5
78 4
78 4
78 3
78 2
78 2
78 1
78 1
78 0
78 0
78 0
78 1
78 2
78 2
78 3
78 4
78 5
78 6
78 6
78 7
78 8
78 9
78 10
78 11
78 12
78 12
78 13
78 14
78 15
78 16
78 17
78 18
78 19
78 20
78 20
78 21
78 22
78 23
78 24
78 25
78 26
78 27
78 28
78 29
78 29
78 30
78 31
78 32
78 33
79 34
79 35
79 36
79 37
79 38
79 38
79 39
79 40
79 41
79 42
79 43
79 44
79 45
79 46
79 46
79 47
79 48
79 49
79 50
79 51
79 52
79 52
79 53
79 54
79 55
79 56
79 56
79 57
79 58
79 59
79 59
79 60
79 61
79 61
79 61
79 61
79 60
79 60
79 59
79 58
79 57
79 57
79 56
79 55
80 54
80 53
80 52
80 52
80 51
80 50
80 49
80 48
80 47
80 46
80 45
80 45
80 44
80 43
80 42
81 41
81 40
81 39
81 38
81 37
81 37
81 36
82 35
82 34
82 33
82 33
82 32
82 31
82 31
83 30
83 30
83 31
84 32
84 33
84 33
84 34
85 35
85 36
85 37
85 37
85 38
85 39
85 40
85 41
85 42
85 42
85 43
85 44
85 45
85 46
85 47
85 48
85 49
85 49
85 50
85 51
85 52
85 53
85 54
85 54
85 55
85 56
85 57
85 58
85 59
85 59
85 60
85 61
85 62
85 62
85 63
85 64
85 64
86 65
86 65
86 66
86 66
86 65
86 64
86 63
86 62
86 61
86 60
87 59
87 58
87 57
87 56
87 55
87 54
87 53
87 52
87 51
87 50
87 49
87 48
87 47
87 46
88 45
88 44
88 43
88 42
88 41
88 40
88 39
88 39
88 40
88 41
88 41
88 40
88 40
88 40
89 40
90 40
90 40
91 39
91 38
91 38
92 37
93 37
93 37
94 36
95 35
95 35
96 34
96 34
97 34
97 34
97 34
97 34
97 34
97 33
97 32
96 31
96 30
96 29
96 28
96 27
96 26
95 25
95 24
95 23
95 22
95 21
95 20
94 19
94 18
94 17
94 16
94 15
94 14
93 13
93 12
93 11
93 10
93 10
93 11
93 12
93 13
93 13
93 14
93 14
93 15
93 15
93 16
93 17
93 18
93 19
93 20
93 21
93 22
93 22
93 23
93 24
93 25
92 26
92 27
92 28
92 29
92 29
92 30
92 31
92 32
92 33
92 34
92 35
92 36
92 37
92 37
92 38
92 39
92 40
92 41
92 42
92 43
92 44
92 45
92 45
92 46
92 47
92 48
92 49
92 50
92 51
92 52
92 52
92 53
92 54
93 55
93 56
93 57
93 58
93 58
93 59
94 60
94 61
94 61
95 62
95 63
95 63
96 64
96 64
97 64
97 64
98 63
98 63
99 62
99 62
100 61
