0 28
1 29
1 29
1 28
1 28
1 29
1 30
1 31
1 31
1 32
1 33
1 34
1 35
1 35
1 36
1 37
1 38
1 39
1 40
1 41
1 42
1 43
1 44
1 44
1 45
1 46
1 47
1 48
1 49
1 50
1 51
1 52
1 52
1 53
1 54
1 55
1 56
1 57
1 58
1 59
1 60
1 60
1 61
1 62
1 63
1 64
1 65
1 66
1 67
1 68
1 68
1 69
1 70
2 71
2 72
2 73
2 74
2 74
2 75
2 76
2 77
2 78
2 78
2 79
2 80
2 81
2 81
2 82
2 83
2 83
3 84
3 84
3 85
3 85
3 84
3 83
3 82
3 81
3 80
3 79
3 78
3 77
2 76
2 75
2 74
2 73
2 72
2 71
2 70
2 69
2 68
2 67
2 66
2 65
2 64
2 63
2 62
2 61
2 60
2 59
1 58
1 57
1 56
1 55
1 54
1 53
1 52
1 51
1 50
1 49
1 48
1 47
1 46
1 45
1 44
1 43
1 42
1 41
0 40
0 39
0 38
0 37
0 36
0 35
0 34
0 33
0 32
0 31
0 31
0 30
0 29
0 28
0 28
0 28
1 29
1 29
1 30
1 31
1 31
1 32
2 33
2 34
2 35
2 35
2 36
2 37
2 38
2 39
2 39
2 40
2 41
3 42
3 43
3 44
3 44
3 45
4 46
4 47
4 48
4 48
4 49
4 50
4 51
4 52
4 52
4 53
5 54
5 55
5 55
5 56
5 56
5 57
5 57
6 57
6 57
6 56
6 55
6 54
6 54
6 53
6 52
6 51
6 51
6 50
6 49
7 48
7 47
7 46
7 45
7 45
7 44
7 43
7 42
7 41
7 40
7 39
7 38
7 38
7 37
7 36
7 35
7 34
7 33
7 32
7 31
7 31
7 30
7 29
8 28
8 27
8 26
8 25
8 25
8 24
8 23
8 23
8 24
8 24
8 25
8 25
8 26
8 27
8 28
8 29
8 30
8 30
8 31
8 32
9 33
9 34
9 35
9 36
9 36
9 37
9 38
9 39
9 40
9 41
9 42
9 43
9 44
9 44
9 45
9 46
9 47
9 48
9 49
9 50
9 51
9 52
9 52
9 53
9 54
9 55
9 56
9 57
9 58
9 59
9 60
9 60
9 61
9 62
10 63
10 64
10 65
10 66
10 66
10 67
10 68
10 69
10 70
10 70
10 71
10 72
10 73
10 74
10 74
10 75
10 76
10 77
10 77
11 78
11 79
11 79
11 80
11 81
11 81
11 81
11 80
11 79
11 78
12 77
12 76
12 75
12 74
12 73
12 72
13 71
13 70
13 69
13 68
13 67
13 66
14 65
14 64
14 63
14 62
14 61
14 60
14 59
15 58
15 57
15 56
15 55
15 54
15 53
16 52
16 51
16 50
16 49
16 49
16 50
16 51
16 52
16 53
16 54
16 55
16 56
16 56
16 57
16 58
16 59
16 60
16 61
16 61
16 62
16 63
15 64
15 65
15 66
15 66
15 67
15 68
16 69
16 70
16 71
16 72
16 72
16 73
16 74
16 75
16 76
16 76
16 77
16 78
16 78
17 78
17 78
18 77
18 77
18 76
19 75
19 74
19 74
19 73
20 72
20 71
20 70
20 70
20 69
21 68
21 67
21 66
21 66
21 65
21 64
21 64
21 63
20 62
20 61
20 61
20 60
19 59
19 58
19 58
18 57
18 57
17 57
17 57
16 58
16 59
16 59
15 60
15 61
15 61
15 62
15 63
15 64
15 64
15 65
15 66
15 66
16 67
16 68
16 68
16 67
17 66
17 65
18 64
18 63
19 62
19 61
20 60
20 59
20 58
21 57
21 56
22 55
22 54
23 53
23 52
24 51
24 50
24 50
24 51
25 52
25 53
25 53
25 54
25 55
25 56
25 56
25 57
25 58
25 59
25 59
25 60
25 61
24 62
24 63
24 64
24 64
24 65
24 66
24 67
24 68
24 69
24 69
24 70
25 71
25 72
25 72
25 73
25 74
25 74
26 74
26 74
27 73
27 73
28 72
28 71
28 71
28 70
29 69
29 68
29 67
29 67
29 66
29 65
29 64
29 64
29 63
30 62
30 61
30 60
30 60
30 59
29 58
29 57
29 57
29 56
28 55
28 54
28 54
27 53
27 52
27 52
26 52
26 52
25 53
25 53
25 54
25 55
25 55
25 56
25 57
25 57
25 58
25 59
25 60
25 60
25 61
25 62
25 62
25 61
26 60
26 59
27 58
27 57
27 56
28 55
28 54
29 53
29 52
30 51
30 50
30 49
31 48
31 47
32 46
32 45
32 45
33 46
34 46
34 46
33 45
33 45
34 45
34 45
34 46
34 47
34 48
34 48
34 49
34 50
34 51
34 51
34 52
34 53
34 54
34 55
34 55
34 56
34 57
35 58
35 59
35 60
35 60
35 61
35 62
35 63
35 64
35 64
35 65
35 66
35 67
35 68
35 68
35 69
35 70
35 70
35 71
35 71
35 71
35 70
35 70
35 69
35 68
35 67
35 67
35 66
36 65
36 64
36 63
36 63
36 62
36 61
37 60
37 59
37 58
37 58
37 57
37 56
37 55
37 54
37 53
37 52
37 52
37 51
38 50
38 49
38 49
39 49
39 49
39 49
39 50
39 51
39 51
39 52
40 53
40 54
40 55
40 55
40 56
40 57
40 58
40 59
40 60
40 60
40 61
40 62
40 63
40 64
40 64
40 65
40 66
40 67
40 67
40 68
41 69
41 70
41 70
41 71
41 72
41 72
41 73
41 74
41 74
41 74
41 73
41 72
41 71
41 70
42 69
42 68
42 67
42 66
42 65
42 64
42 63
42 62
42 61
42 60
43 59
43 58
43 57
43 56
43 55
43 54
43 53
43 52
43 51
43 50
44 49
44 48
44 47
44 46
44 45
44 44
44 43
44 42
44 41
44 40
45 39
45 38
45 37
45 36
45 35
45 34
45 33
45 32
45 31
45 30
46 29
46 28
46 27
46 26
46 25
46 24
46 23
46 22
46 21
46 20
47 19
47 18
47 17
47 16
47 15
47 14
47 14
47 15
47 16
47 17
47 17
47 18
47 19
47 20
47 21
47 22
47 22
47 23
47 24
47 25
47 26
47 27
47 28
47 28
47 29
47 30
47 31
47 32
47 33
47 34
47 34
47 35
47 36
47 37
47 38
47 39
47 40
47 41
47 41
47 42
47 43
47 44
47 45
47 46
47 47
47 48
47 49
47 49
47 50
47 51
47 52
48 53
48 54
48 55
48 56
48 56
48 57
48 58
48 59
48 60
48 61
48 62
48 62
48 63
48 64
48 65
48 66
48 67
48 67
48 68
48 69
48 70
48 71
48 71
48 72
48 73
48 73
49 74
49 75
49 75
49 76
49 76
50 75
50 75
50 74
50 73
50 72
51 71
51 70
51 69
51 68
51 67
51 66
51 65
52 64
52 63
52 62
52 61
52 60
52 59
53 58
53 57
53 56
53 55
53 54
53 53
53 52
54 51
54 50
54 49
54 48
54 47
54 46
54 45
55 44
55 43
55 42
55 41
55 41
55 42
55 43
56 44
56 45
56 46
56 46
56 47
56 48
56 49
56 49
56 50
56 50
56 51
56 52
56 53
56 54
56 54
56 55
56 56
56 57
56 58
56 59
56 60
56 60
56 61
56 62
56 63
56 63
56 64
56 65
56 66
56 66
56 67
56 68
56 68
56 69
56 69
56 70
56 70
56 70
56 70
56 69
56 68
56 67
56 66
56 65
56 64
56 63
56 62
56 61
56 60
56 59
56 58
56 57
56 56
56 55
56 54
56 53
56 52
56 51
56 50
55 49
55 48
55 47
55 46
55 45
55 44
55 43
55 42
55 41
55 40
55 39
55 38
55 37
55 36
55 35
55 34
55 33
55 32
55 31
55 30
55 29
55 28
55 28
56 29
57 29
57 29
57 28
57 28
57 27
57 26
57 25
57 24
57 24
57 24
57 24
57 25
57 25
57 25
58 26
58 26
58 27
58 27
58 28
58 29
58 29
59 30
60 31
61 32
61 33
62 34
63 35
64 36
65 37
66 38
66 39
67 40
68 41
68 41
68 41
68 41
68 41
68 41
68 41
68 41
68 41
67 42
67 42
66 43
66 43
65 44
65 45
65 45
65 46
65 47
65 47
64 48
64 49
64 49
64 50
64 51
64 52
64 52
64 53
64 54
64 54
64 55
64 56
64 56
64 57
64 57
65 58
65 58
65 57
65 57
66 56
66 55
66 55
67 54
67 53
67 53
67 52
68 51
68 50
68 50
68 49
68 48
68 48
69 47
69 46
69 46
69 45
69 45
69 45
70 46
70 46
70 47
70 48
70 48
70 49
71 50
71 51
71 51
71 52
71 53
71 54
71 55
71 56
71 56
71 57
71 58
72 59
72 60
72 61
72 62
72 62
72 63
72 64
72 65
72 66
72 67
72 68
72 69
72 70
72 70
72 71
72 72
72 73
72 74
72 75
72 75
72 76
72 77
71 78
71 79
71 80
71 81
71 81
71 82
71 83
70 84
70 85
70 86
70 86
70 87
70 88
69 89
69 90
69 91
69 91
68 92
68 93
67 94
67 95
67 95
67 96
66 97
66 98
66 98
65 99
65 99
64 100
64 100
63 100
63 100
62 100
62 100
61 100
61 100
61 99
61 98
61 98
61 97
61 97
61 96
61 95
61 94
62 93
62 92
62 91
62 90
62 89
62 88
63 87
63 86
63 85
63 84
63 83
63 82
64 81
64 80
64 79
64 78
64 77
64 76
64 75
65 74
65 73
65 72
65 71
65 70
65 69
66 68
66 67
66 66
66 65
66 64
66 63
67 62
67 61
67 60
67 59
67 58
67 57
67 56
68 55
68 54
68 53
68 52
68 51
68 50
69 49
69 48
69 47
69 46
69 45
69 44
69 43
70 42
70 41
70 40
70 39
70 38
70 37
71 36
71 35
71 34
71 33
71 32
71 31
72 30
72 29
72 28
72 27
72 26
72 25
72 24
73 23
73 22
73 21
73 20
73 19
73 18
74 17
74 16
74 15
74 14
74 13
74 12
75 11
75 10
75 9
75 8
75 8
74 8
74 8
74 7
74 7
74 6
74 6
74 7
75 8
75 9
75 10
75 10
75 11
75 12
75 13
75 14
75 15
75 15
75 16
75 17
75 18
75 19
75 20
75 21
75 22
75 22
75 23
75 24
75 25
75 26
75 27
75 28
75 28
75 29
75 30
75 31
75 32
75 33
75 34
75 34
75 35
75 36
75 37
75 38
75 39
75 40
75 40
75 41
75 42
75 43
75 44
75 45
75 45
75 46
75 47
75 48
75 49
75 49
75 50
75 51
75 52
75 52
75 53
75 54
75 54
75 55
75 55
75 55
75 55
76 54
76 54
76 53
76 52
76 51
76 50
76 50
76 49
76 48
77 47
77 46
77 45
77 45
77 44
77 43
77 42
77 41
77 40
77 40
77 39
78 38
78 37
78 36
78 36
79 35
79 35
80 35
80 35
81 36
81 36
81 37
81 38
81 39
81 39
81 40
82 41
82 42
82 43
82 43
82 44
82 45
82 46
82 47
82 47
82 48
82 49
82 50
82 51
82 51
82 52
83 53
83 54
83 54
83 55
83 56
83 57
83 57
83 58
83 59
83 59
83 60
83 61
83 61
83 62
83 62
83 61
83 60
84 59
84 58
84 57
84 56
85 55
85 54
85 53
85 52
86 51
86 50
86 49
86 48
86 47
87 46
87 45
87 44
87 43
88 42
88 41
88 40
88 40
88 39
88 38
88 38
88 37
88 36
88 36
87 35
87 35
88 35
88 35
88 34
88 34
88 33
88 33
89 32
89 31
89 31
90 30
91 29
91 29
92 28
92 28
93 27
94 26
94 26
95 25
95 24
95 24
96 23
96 23
97 23
97 23
97 22
97 22
97 22
97 22
97 21
97 20
97 19
96 18
96 17
96 16
96 15
96 14
96 13
96 12
95 11
95 10
95 9
95 8
95 7
95 6
95 5
94 4
94 3
94 2
94 1
94 1
94 1
94 2
94 3
94 4
94 4
94 5
93 6
93 7
93 8
93 8
93 9
93 10
93 11
93 12
93 13
93 14
93 15
93 15
93 16
93 17
93 18
93 19
92 20
92 21
92 22
92 23
92 24
92 24
92 25
92 26
92 27
92 28
92 29
92 30
92 31
92 32
92 33
92 34
92 34
92 35
92 36
92 37
92 38
92 39
92 40
92 41
92 42
92 43
92 43
92 44
92 45
92 46
93 47
93 48
93 49
93 50
93 50
93 51
93 52
93 53
93 54
93 55
93 56
93 56
93 57
94 58
94 59
94 60
94 60
94 61
95 62
95 63
95 63
96 64
96 64
97 65
97 65
98 65
98 65
99 64
99 64
100 63
