0 10
0 11
0 12
0 13
0 13
0 12
0 12
0 11
0 10
0 9
0 9
0 10
0 10
0 11
0 12
0 12
0 13
0 14
0 15
0 16
0 16
0 17
0 18
0 19
0 20
0 21
0 22
0 22
0 23
0 24
0 25
0 26
0 27
0 28
0 29
0 30
0 30
0 31
0 32
0 33
0 34
1 35
1 36
1 37
1 38
1 39
1 40
1 40
1 41
1 42
1 43
1 44
1 45
1 46
1 47
1 48
1 49
1 49
1 50
1 51
1 52
1 53
1 54
1 55
1 56
1 57
1 57
1 58
1 59
1 60
1 61
1 62
1 63
1 64
1 64
1 65
1 66
1 67
1 68
1 69
1 69
1 70
1 71
1 72
1 72
0 73
0 73
0 74
0 74
0 74
0 74
0 73
0 73
0 72
0 71
0 70
0 69
0 68
0 67
0 66
0 65
0 64
0 63
0 62
0 61
0 60
0 59
0 58
0 57
0 56
0 55
0 54
0 53
0 52
0 51
0 50
0 49
1 48
1 47
1 46
1 45
1 44
1 43
1 42
1 41
1 40
1 39
1 38
1 37
1 36
1 35
1 34
1 33
1 32
1 31
1 30
1 29
1 28
1 27
1 26
1 25
1 24
1 23
1 23
1 22
1 22
1 21
1 21
1 22
1 22
1 22
2 23
2 24
2 24
2 25
2 26
2 27
2 27
2 28
2 29
3 30
3 31
3 32
3 32
3 33
4 34
4 35
4 36
4 36
4 37
5 38
5 39
5 39
5 40
5 40
6 41
6 41
6 42
6 42
6 42
6 41
6 41
6 40
6 39
6 38
6 38
6 37
7 36
7 35
7 34
7 34
7 33
7 32
8 31
8 30
8 29
8 29
8 28
8 27
9 26
9 25
9 24
9 23
9 23
9 22
9 21
9 20
9 19
9 19
10 18
10 17
10 17
10 16
10 16
10 16
10 16
10 16
10 17
10 18
10 18
11 19
11 20
11 20
11 21
11 22
11 23
11 24
11 24
11 25
11 26
11 27
11 28
11 29
11 29
11 30
11 31
11 32
11 33
11 34
11 35
11 36
11 36
11 37
11 38
12 39
12 40
12 41
12 42
12 42
12 43
12 44
12 45
12 46
12 47
12 48
12 49
12 50
12 50
12 51
12 52
12 53
13 54
13 55
13 56
13 57
13 58
13 58
13 59
13 60
13 61
13 62
13 63
13 63
13 64
14 65
14 66
14 66
14 67
14 68
14 69
14 69
14 70
14 70
14 70
14 70
14 70
14 70
14 70
14 69
15 68
15 67
15 66
16 65
16 64
16 63
17 62
17 61
17 60
18 59
18 58
18 57
19 56
19 55
19 54
20 53
20 52
20 51
21 50
21 49
21 49
21 49
21 48
21 48
21 48
21 48
21 49
21 49
21 50
21 51
21 52
21 52
21 53
21 54
21 55
21 55
21 56
22 57
22 58
22 58
22 59
22 60
22 60
23 61
23 62
23 62
23 62
24 62
24 62
25 62
25 62
26 61
26 60
26 60
26 59
26 58
26 58
26 57
27 56
27 55
27 55
27 54
27 53
27 52
27 52
27 51
27 50
27 49
27 48
27 48
27 47
27 46
27 46
27 45
27 45
26 44
26 44
26 44
25 44
25 44
24 45
24 45
23 45
23 45
23 46
23 46
22 46
22 46
21 47
21 47
20 47
20 47
20 47
20 47
20 47
20 47
21 48
21 48
22 47
23 47
24 46
25 46
26 45
27 45
28 44
29 44
30 43
30 43
31 42
31 41
32 40
32 40
32 39
32 39
31 39
31 39
31 39
31 40
31 40
31 41
31 42
31 42
31 43
31 44
31 45
31 46
31 46
31 47
31 48
31 49
31 50
31 50
31 51
32 52
32 53
32 53
32 54
32 54
33 55
33 56
33 56
33 57
33 57
34 57
34 57
35 56
35 56
36 55
36 54
36 54
36 53
36 52
36 51
36 51
36 50
37 49
37 48
37 48
37 47
37 46
37 45
37 45
37 44
36 43
36 42
36 42
36 41
36 40
36 40
35 39
35 39
34 39
34 39
33 40
33 40
32 41
32 41
31 42
31 42
31 43
31 43
30 43
30 43
30 43
31 44
31 44
31 44
32 43
33 42
33 41
34 40
35 39
36 38
36 37
37 36
38 35
39 34
39 33
40 32
41 31
41 31
41 31
41 31
41 31
41 32
41 32
41 33
41 34
41 34
41 35
41 36
41 37
41 37
41 38
42 39
42 40
42 41
42 41
42 42
42 43
42 44
42 44
42 45
42 46
42 47
42 48
42 48
42 49
42 49
42 50
42 51
42 51
42 51
42 52
42 52
42 52
42 52
42 51
42 51
41 50
41 50
41 49
41 48
41 48
41 47
41 46
42 45
42 44
42 43
42 43
42 42
42 41
42 40
42 40
42 39
42 38
42 37
42 37
43 36
43 36
43 35
43 35
44 35
44 35
44 36
44 36
44 37
44 37
44 38
45 39
45 40
45 40
45 41
45 42
45 43
45 44
45 44
45 45
45 46
45 47
45 48
45 48
45 49
46 50
46 51
46 51
46 52
46 53
46 53
46 54
46 54
47 55
47 55
47 55
47 55
47 54
47 53
47 52
47 51
48 50
48 49
48 48
48 47
48 46
48 45
48 44
48 43
49 42
49 41
49 40
49 39
49 38
49 37
49 36
49 35
49 34
50 33
50 32
50 31
50 30
50 29
50 28
50 27
50 26
51 25
51 24
51 23
51 22
51 21
51 20
51 19
51 18
51 17
52 16
52 15
52 14
52 13
52 12
52 11
52 10
52 9
53 8
53 7
53 6
53 5
53 4
53 4
53 5
53 6
53 6
53 5
53 5
53 4
53 4
53 5
53 6
53 7
53 7
53 8
53 9
53 10
53 11
53 12
53 13
53 13
53 14
53 15
53 16
53 17
53 18
53 19
53 20
53 21
53 21
53 22
53 23
53 24
53 25
53 26
53 27
53 28
53 29
53 30
53 31
53 31
53 32
53 33
53 34
53 35
53 36
53 37
53 38
53 39
53 40
53 40
53 41
53 42
53 43
53 44
53 45
53 46
53 47
53 47
53 48
53 49
53 50
53 51
53 52
53 53
53 53
53 54
53 55
53 56
53 56
53 57
53 58
53 59
53 59
53 60
53 60
53 61
53 61
53 60
53 60
54 60
54 60
54 59
54 58
55 57
55 56
55 55
55 54
55 53
55 52
56 51
56 50
56 49
56 48
56 47
57 46
57 45
57 44
57 43
57 42
57 41
58 40
58 39
58 38
58 38
58 38
58 38
58 38
58 38
58 38
59 39
59 39
59 40
59 40
59 41
59 41
60 42
60 43
60 43
60 44
60 44
61 45
61 46
61 46
61 47
61 48
61 48
61 49
61 50
61 50
62 51
62 52
62 52
62 53
62 54
62 54
62 55
62 56
62 56
63 57
63 57
63 58
63 59
63 59
64 60
64 60
65 60
65 60
65 60
65 59
65 59
65 58
65 57
64 56
64 55
64 54
64 53
64 52
64 51
63 50
63 49
63 48
63 47
63 46
63 45
62 44
62 43
62 42
62 41
62 40
62 39
61 38
61 37
61 36
61 35
61 34
61 33
60 32
60 31
60 30
60 29
60 28
60 27
59 26
59 25
59 24
59 23
59 23
59 23
59 23
59 23
60 23
60 23
60 24
60 24
61 25
61 26
61 26
61 27
61 28
61 28
61 29
62 30
62 31
62 31
63 32
64 33
64 34
65 35
66 36
67 37
67 38
68 39
69 40
70 41
70 42
71 43
72 44
72 44
72 44
72 43
72 42
72 42
72 41
72 41
73 40
73 39
73 39
73 38
73 37
73 37
73 36
73 35
73 35
72 34
72 33
72 33
72 32
72 32
72 32
71 32
71 32
70 33
70 34
70 34
70 35
69 36
69 37
69 38
69 38
69 39
69 40
69 41
69 41
69 42
68 43
68 44
68 44
68 45
68 46
68 47
68 47
69 48
69 49
69 49
69 50
69 50
70 50
70 50
70 49
70 49
71 48
71 48
72 47
72 46
72 46
72 45
72 45
73 44
73 44
73 45
73 45
73 46
73 46
73 47
73 48
73 49
73 49
73 50
73 51
73 52
73 53
73 54
73 54
73 55
73 56
73 57
73 58
73 58
73 59
73 60
74 61
74 62
74 63
74 63
74 64
74 65
74 66
74 67
74 67
74 68
74 69
74 70
74 71
74 71
74 72
74 73
74 74
74 75
74 75
74 76
74 77
74 78
74 79
74 79
74 80
75 81
75 82
75 83
75 83
75 84
75 85
75 86
75 87
75 87
75 88
75 89
75 90
75 90
75 91
75 92
75 93
75 93
75 94
75 94
75 95
75 96
75 96
74 97
74 97
73 98
73 98
72 99
72 99
71 100
70 100
70 100
69 100
68 100
68 100
67 100
66 100
66 100
65 100
65 100
64 100
64 100
63 99
63 99
62 98
62 98
62 97
62 97
62 96
62 95
63 94
63 93
63 92
63 91
63 90
64 89
64 88
64 87
64 86
64 85
65 84
65 83
65 82
65 81
65 80
66 79
66 78
66 77
66 76
66 75
67 74
67 73
67 72
67 71
67 70
68 69
68 68
68 67
68 66
68 65
69 64
69 63
69 62
69 61
69 60
70 59
70 58
70 57
70 56
70 55
71 54
71 53
71 52
71 51
72 50
72 49
72 48
72 47
72 46
73 45
73 44
73 43
73 42
73 41
74 40
74 39
74 38
74 37
74 36
75 35
75 34
75 33
75 32
75 31
76 30
76 29
76 28
76 27
76 26
77 25
77 24
77 23
77 22
77 21
78 20
78 19
78 18
78 17
78 16
79 15
79 14
79 13
79 12
79 11
80 10
80 9
80 8
80 7
80 6
81 5
81 4
81 3
81 3
81 3
81 2
81 1
81 1
81 0
81 0
81 1
81 1
81 2
81 2
81 3
81 4
81 5
81 6
81 7
81 8
81 8
81 9
81 10
81 11
81 12
81 13
81 14
81 15
81 15
81 16
81 17
81 18
80 19
80 20
80 21
80 22
80 23
80 23
80 24
80 25
80 26
80 27
80 28
80 29
80 30
80 31
80 32
80 32
80 33
80 34
80 35
80 36
80 37
80 38
80 39
80 40
80 40
80 41
80 42
80 43
80 44
80 45
80 46
80 46
80 47
80 48
80 49
80 50
80 50
80 51
80 52
80 53
80 53
80 54
80 54
80 54
80 54
80 54
80 53
80 53
80 52
80 51
80 51
80 50
80 49
80 48
80 47
80 46
80 46
80 45
81 44
81 43
81 42
81 42
81 41
81 40
81 40
82 39
82 38
82 38
82 37
82 37
82 37
83 38
83 38
83 39
83 40
83 40
83 41
84 42
84 43
84 43
84 44
84 45
84 46
84 47
84 48
84 48
84 49
85 50
85 51
85 52
85 52
85 53
85 54
85 55
85 55
86 56
86 57
86 57
86 58
86 58
86 59
86 59
86 59
87 59
87 59
87 59
87 59
87 58
87 57
87 56
87 55
87 54
87 53
87 52
87 51
88 50
88 49
88 48
88 47
88 46
88 45
88 44
88 43
88 42
88 41
88 41
88 42
88 43
88 43
88 43
88 42
88 42
89 41
89 41
90 41
90 41
91 40
91 40
92 40
92 40
93 40
93 40
94 40
94 40
95 40
95 40
95 40
95 40
95 39
94 38
94 37
94 36
94 35
93 34
93 33
93 32
92 31
92 30
92 29
92 28
91 27
91 26
91 26
91 26
91 26
91 26
91 27
91 28
91 28
91 29
91 30
91 31
91 31
91 32
91 33
91 34
91 35
91 35
91 36
91 37
91 38
91 39
91 40
91 40
91 41
91 42
92 43
92 44
92 45
92 45
92 46
92 47
92 48
92 49
92 50
92 50
92 51
93 52
93 53
93 53
93 54
94 55
94 56
94 56
95 57
95 58
95 58
96 59
96 59
96 59
97 60
97 60
98 60
98 60
99 60
99 60
100 60
