0 24
0 23
0 22
0 22
0 21
0 20
0 20
0 20
0 21
0 22
0 23
0 23
0 24
0 25
0 26
0 27
0 27
0 28
0 29
0 30
0 31
0 32
0 33
0 33
0 34
0 35
0 36
0 37
0 38
0 39
0 40
0 41
0 41
0 42
0 43
0 44
0 45
0 46
0 47
0 48
0 49
0 49
0 50
0 51
0 52
0 53
0 54
0 55
0 56
0 57
0 57
0 58
0 59
0 60
0 61
0 62
0 63
0 63
0 64
0 65
0 66
0 67
0 68
0 68
0 69
1 70
1 71
1 71
1 72
1 73
1 74
1 74
1 75
1 75
1 76
1 76
1 75
1 74
1 73
1 72
1 71
1 70
1 69
1 68
1 67
1 66
1 65
1 64
1 63
1 62
1 61
1 60
1 59
1 58
1 57
1 56
1 55
1 54
0 53
0 52
0 51
0 50
0 49
0 48
0 47
0 46
0 45
0 44
0 43
0 42
0 41
0 40
0 39
0 38
0 37
0 36
0 35
0 34
0 33
0 32
0 31
0 30
0 30
0 29
1 28
1 27
1 27
1 26
1 25
1 25
1 25
1 26
1 26
2 27
2 27
2 28
2 29
2 30
2 31
2 31
2 32
2 33
3 34
3 35
3 36
3 36
3 37
3 38
3 39
4 40
4 41
4 42
4 43
4 43
4 44
4 45
4 46
4 47
4 48
4 49
4 49
4 50
5 51
5 52
5 53
5 53
5 54
5 55
5 56
5 56
6 57
6 57
6 57
6 57
6 56
7 55
7 54
7 54
7 53
7 52
7 51
7 50
7 49
7 49
7 48
7 47
8 46
8 45
8 44
8 43
8 43
8 42
8 41
8 40
9 39
9 38
9 37
9 36
9 35
9 35
9 34
9 33
9 32
9 31
9 30
9 29
9 28
9 27
9 27
9 26
9 25
10 24
10 23
10 22
10 22
10 21
10 20
10 19
10 19
10 20
10 20
10 21
10 22
10 22
10 23
10 24
10 25
10 26
10 26
10 27
10 28
11 29
11 30
11 31
11 32
11 32
11 33
11 34
11 35
11 36
11 37
11 38
11 39
11 39
11 40
11 41
11 42
11 43
11 44
11 45
11 46
11 47
11 47
11 48
11 49
11 50
11 51
11 52
11 53
11 54
11 54
11 55
11 56
11 57
11 58
11 59
11 60
11 60
11 61
11 62
11 63
11 64
11 65
11 66
11 66
11 67
11 68
11 69
11 70
11 70
11 71
12 72
12 73
12 74
12 74
12 75
12 76
12 77
12 77
12 76
12 75
12 74
13 73
13 72
13 71
13 70
13 69
13 68
13 67
14 66
14 65
14 64
14 63
14 62
14 61
15 60
15 59
15 58
15 57
15 56
15 55
15 54
16 53
16 52
16 51
16 50
16 49
16 48
16 47
17 46
17 45
17 44
17 43
17 43
17 44
17 45
17 46
17 47
17 48
17 49
17 50
17 51
17 52
17 53
17 54
17 54
17 55
17 55
17 56
17 57
17 58
17 59
17 60
17 61
17 62
17 62
17 63
17 64
17 65
17 66
17 67
17 67
17 68
17 69
17 70
17 70
18 71
18 71
19 71
19 71
20 70
20 69
20 69
20 68
21 67
21 66
21 66
21 65
21 64
21 63
21 62
21 61
21 61
21 60
22 59
22 58
22 57
22 57
22 56
21 55
21 54
21 53
21 53
21 52
20 51
20 50
20 49
20 49
20 48
19 47
19 46
19 46
18 45
17 45
17 45
17 45
16 46
16 47
16 47
16 48
16 49
16 50
16 50
16 51
16 52
16 53
16 53
17 52
18 52
19 51
20 51
21 50
22 50
23 49
24 49
25 48
25 48
26 49
26 50
26 50
25 51
25 51
25 52
25 53
25 54
25 54
25 55
25 56
25 57
25 58
25 59
25 59
25 60
25 61
25 62
25 63
25 64
25 64
25 65
26 66
26 67
26 68
26 68
26 69
26 70
26 70
27 71
28 71
28 71
29 70
29 70
30 69
30 68
30 68
30 67
31 66
31 65
31 64
31 64
31 63
31 62
31 61
31 61
31 60
31 59
31 58
31 58
31 57
30 56
30 55
30 55
30 54
29 53
29 52
29 51
29 51
28 50
28 49
27 48
27 48
26 47
26 47
26 48
26 48
25 49
25 50
25 50
25 51
25 52
25 52
26 51
27 50
28 49
29 48
30 47
30 46
31 45
32 44
33 43
34 42
34 42
35 41
35 40
35 40
35 40
35 41
35 42
35 42
35 43
35 44
35 44
35 45
35 46
35 47
35 47
35 48
35 49
35 50
35 51
35 52
35 52
35 53
35 54
35 55
35 56
35 57
35 57
35 58
35 59
35 60
35 61
35 61
35 62
35 63
35 64
35 64
35 65
35 66
35 66
36 67
36 67
36 66
36 65
36 65
36 64
36 63
36 63
36 62
37 61
37 60
37 59
37 59
37 58
37 57
37 56
37 55
37 54
37 54
37 53
38 52
38 51
38 51
38 50
38 49
38 49
39 49
39 49
39 50
39 51
39 51
40 52
40 53
40 53
40 54
40 55
40 56
40 57
40 57
40 58
40 59
40 60
40 61
40 61
40 62
41 63
41 64
41 65
41 65
41 66
41 67
41 68
41 68
41 69
41 70
41 70
41 69
41 68
41 67
41 66
42 65
42 64
42 63
42 62
42 61
42 60
42 59
42 58
43 57
43 56
43 55
43 54
43 53
43 52
43 51
43 50
43 49
44 48
44 47
44 46
44 45
44 44
44 43
44 42
44 41
45 40
45 39
45 38
45 37
45 36
45 35
45 34
45 33
46 32
46 31
46 30
46 29
46 28
46 27
46 26
46 25
46 24
47 23
47 22
47 21
47 20
47 19
47 18
47 17
47 16
48 15
48 14
48 13
48 12
48 11
48 11
48 10
49 9
49 8
49 8
49 7
49 6
49 6
49 7
49 8
49 8
49 9
49 10
49 11
49 12
49 12
49 13
49 14
49 15
49 16
49 17
49 18
49 19
49 19
49 20
49 21
49 22
49 23
49 24
49 25
49 26
49 27
49 27
49 28
49 29
49 30
49 31
49 32
49 33
49 34
49 35
49 36
49 36
49 37
49 38
49 39
49 40
49 41
49 42
49 43
49 44
49 45
49 45
49 46
49 47
49 48
49 49
49 50
49 51
49 52
49 52
49 53
49 54
49 55
49 56
49 57
49 57
49 58
49 59
49 60
49 61
49 61
49 62
50 63
50 64
50 64
50 65
50 66
50 66
50 67
50 68
50 68
51 68
51 68
51 67
51 66
52 65
52 64
52 63
52 62
52 61
53 60
53 59
53 58
53 57
53 56
54 55
54 54
54 53
54 52
55 51
55 50
55 49
55 48
55 47
56 46
56 45
56 44
56 43
56 42
57 41
57 40
57 39
57 38
57 37
58 36
58 35
58 34
58 34
58 35
58 36
59 37
59 38
59 39
59 40
59 40
59 41
59 42
59 43
59 44
59 44
59 45
59 46
59 47
59 48
59 49
59 50
59 50
59 51
59 52
59 53
59 54
59 55
59 55
59 56
58 57
58 58
58 59
58 59
58 60
58 61
58 62
58 63
58 63
58 64
58 65
58 65
59 66
59 67
59 67
59 67
59 67
59 66
59 65
59 64
59 63
59 62
59 61
58 60
58 59
58 58
58 57
58 56
58 55
58 54
58 53
58 52
58 51
58 50
58 49
58 48
58 47
57 46
57 45
57 44
57 43
57 42
57 41
57 40
57 39
57 38
57 37
57 36
57 35
57 34
57 33
56 32
56 31
56 30
56 29
56 28
56 27
56 26
56 26
56 25
56 24
57 23
57 22
57 21
57 21
57 20
57 19
57 18
57 18
57 18
58 18
58 18
58 18
58 19
58 19
59 20
59 21
59 21
59 22
59 23
59 23
59 24
59 25
59 26
59 26
60 27
61 28
61 29
62 30
63 31
64 32
64 33
65 34
66 35
67 36
67 37
68 38
69 39
69 39
69 39
68 38
68 38
68 38
67 39
67 39
67 40
66 41
66 42
66 42
66 43
65 44
65 45
65 45
65 46
64 47
64 48
64 48
64 49
64 50
64 51
64 52
64 52
64 53
64 54
64 54
65 55
65 55
66 56
66 56
67 55
67 55
68 54
68 53
68 53
69 52
69 51
69 51
69 50
69 49
69 48
69 48
70 47
70 46
70 46
70 45
70 45
70 45
70 46
70 46
70 47
70 48
70 49
70 49
70 50
71 51
71 52
71 53
71 53
71 54
71 55
71 56
71 57
71 58
71 59
71 59
71 60
71 61
71 62
72 63
72 64
72 65
72 66
72 66
72 67
72 68
72 69
72 70
72 71
72 72
72 72
72 73
72 74
72 75
72 76
72 77
72 78
72 78
72 79
72 80
72 81
72 82
72 83
72 84
72 84
72 85
72 86
71 87
71 88
71 89
71 89
71 90
70 91
70 92
70 93
70 93
70 94
69 95
69 96
69 96
68 97
67 98
67 98
66 99
65 100
65 100
64 100
63 100
63 100
62 100
61 100
61 100
60 99
59 99
59 99
58 98
58 97
57 96
57 96
57 95
58 94
58 93
58 92
58 91
59 90
59 89
59 88
59 87
60 86
60 85
60 84
60 83
61 82
61 81
61 80
61 79
62 78
62 77
62 76
62 75
63 74
63 73
63 72
63 71
64 70
64 69
64 68
64 67
65 66
65 65
65 64
65 63
66 62
66 61
66 60
66 59
67 58
67 57
67 56
68 55
68 54
68 53
68 52
69 51
69 50
69 49
69 48
70 47
70 46
70 45
70 44
71 43
71 42
71 41
71 40
72 39
72 38
72 37
72 36
73 35
73 34
73 33
73 32
74 31
74 30
74 29
74 28
75 27
75 26
75 25
75 24
76 23
76 22
76 21
76 20
77 19
77 18
77 18
77 17
76 16
76 15
76 15
76 14
76 13
76 13
76 12
76 11
76 10
76 10
76 9
76 8
76 8
76 7
76 7
76 7
76 8
76 9
76 9
76 10
77 11
77 12
77 12
77 13
77 14
77 15
77 16
77 17
77 17
77 18
77 19
77 20
77 21
77 22
77 23
77 24
77 25
77 25
77 26
77 27
77 28
77 29
77 30
77 31
77 32
77 33
77 33
77 34
77 35
77 36
77 37
77 38
77 39
77 40
77 41
77 41
77 42
77 43
77 44
77 45
77 46
77 47
77 48
77 48
77 49
77 50
77 51
77 52
77 53
77 53
77 54
77 55
77 56
77 57
77 57
77 58
77 59
77 59
77 60
77 61
77 61
77 61
77 60
77 60
77 59
77 59
77 58
77 57
77 56
77 55
77 55
77 54
77 53
77 52
77 51
77 50
77 49
77 49
77 48
77 47
77 46
78 45
78 44
78 43
78 42
78 41
78 41
78 40
78 39
78 38
79 37
79 36
79 35
79 34
79 34
79 33
80 32
80 31
80 30
80 30
81 29
81 28
81 28
82 29
82 30
82 30
82 31
83 32
83 33
83 33
83 34
83 35
83 36
83 37
83 38
83 38
83 39
83 40
83 41
83 42
83 43
83 43
83 44
83 45
83 46
83 47
83 48
83 48
83 49
83 50
83 51
83 52
83 53
83 53
83 54
83 55
83 56
83 56
83 57
83 58
83 59
83 59
84 60
84 61
84 61
84 60
84 59
84 58
85 57
85 56
85 55
85 54
85 53
85 52
85 51
86 50
86 49
86 48
86 47
86 46
86 45
86 44
87 43
87 42
87 41
87 40
87 39
87 38
87 37
88 36
88 35
88 34
88 33
88 33
88 34
88 35
88 36
88 37
88 38
88 38
88 37
88 37
89 36
89 35
89 35
89 34
89 34
90 33
91 33
91 33
92 32
92 31
92 31
93 30
94 29
94 29
95 28
95 27
95 27
96 26
96 26
97 26
97 26
97 25
97 25
97 25
97 24
97 23
96 22
96 21
96 20
96 19
95 18
95 17
95 16
95 15
94 14
94 13
94 12
94 11
93 10
93 9
93 8
93 7
92 6
92 5
92 4
92 4
92 3
92 2
92 2
92 1
92 0
92 0
92 1
92 1
92 2
92 3
92 4
92 4
92 5
91 6
91 7
91 8
91 8
91 9
91 10
91 11
91 12
91 13
91 14
91 15
91 15
91 16
91 17
91 18
91 19
91 20
91 21
91 22
91 23
91 23
91 24
91 25
91 26
90 27
90 28
90 29
90 30
90 31
90 31
90 32
90 33
90 34
91 35
91 36
91 37
91 38
91 39
91 39
91 40
91 41
91 42
91 43
91 44
91 45
91 46
91 46
91 47
91 48
92 49
92 50
92 51
92 51
92 52
93 53
93 54
93 54
94 55
94 56
94 56
95 56
96 56
96 56
97 56
97 56
98 55
98 55
99 54
99 53
99 53
100 52
100 51
