0 14
0 13
0 12
0 11
0 11
0 10
0 10
0 11
0 11
0 12
0 13
0 14
0 14
0 15
0 16
0 17
0 17
0 18
0 19
0 20
0 21
0 22
0 22
0 23
0 24
0 25
0 26
0 27
0 28
0 28
0 29
0 30
0 31
0 32
0 33
0 34
0 35
0 35
0 36
0 37
0 38
0 39
0 40
0 41
0 41
0 42
0 43
0 44
0 45
0 46
0 46
0 47
0 48
0 49
0 50
0 51
0 51
0 52
0 53
0 54
0 55
0 56
0 56
0 57
0 58
0 59
0 60
0 60
0 61
1 62
1 63
1 63
1 64
1 64
1 65
1 65
1 64
1 63
1 62
1 61
1 60
1 59
1 58
1 57
1 56
1 55
1 54
1 53
1 52
1 51
1 50
1 49
1 48
1 47
1 46
1 45
1 44
1 43
1 42
1 41
1 40
1 39
1 38
1 37
1 37
1 36
1 35
1 34
1 33
0 32
0 31
0 30
0 29
0 28
0 27
0 27
0 26
0 25
0 25
0 24
0 24
0 24
0 24
1 24
1 24
1 25
1 26
1 26
1 27
2 28
2 29
2 29
2 30
2 31
2 32
2 33
2 34
2 34
2 35
2 36
3 37
3 38
3 39
3 39
3 40
3 41
3 42
3 43
3 43
3 44
4 45
4 46
4 47
4 47
4 48
4 49
4 50
4 50
4 51
5 52
5 53
5 53
6 54
6 54
7 54
7 54
7 53
7 53
7 52
8 51
8 50
8 50
8 49
8 48
9 47
9 46
9 45
9 45
9 44
9 43
10 42
10 41
10 40
10 40
10 39
10 38
11 37
11 36
11 35
11 34
11 34
11 33
11 32
12 31
12 30
12 29
12 29
12 28
13 27
13 26
13 26
13 25
13 24
13 24
13 24
13 24
13 25
13 25
14 26
14 27
14 27
14 28
14 29
14 30
14 31
14 31
14 32
14 33
14 34
14 35
14 36
14 36
14 37
14 38
14 39
14 40
14 41
14 41
14 42
14 43
14 44
14 45
14 46
14 47
14 47
14 48
14 49
14 50
14 51
14 52
14 53
14 53
14 54
14 55
14 56
14 57
14 58
14 58
14 59
14 60
14 61
14 62
14 63
14 64
14 64
14 65
14 66
14 67
14 67
14 68
14 69
14 69
14 70
14 71
14 71
14 71
14 70
15 69
15 68
16 67
16 66
17 65
17 64
18 63
18 62
19 61
19 60
20 59
20 58
21 57
21 56
22 55
22 54
23 53
23 52
24 51
24 50
25 49
25 48
26 47
26 46
27 45
27 44
28 43
28 42
28 42
27 41
27 41
27 40
27 40
26 40
26 40
26 40
26 40
25 41
25 41
25 42
25 43
25 43
25 44
25 45
25 46
25 46
25 47
25 48
25 49
25 50
25 50
25 51
25 52
25 53
25 54
25 54
25 55
25 56
25 57
25 58
25 58
25 59
25 60
25 61
25 62
25 62
25 63
25 64
25 64
25 65
25 66
25 66
26 67
26 67
26 66
26 66
27 65
27 65
27 64
27 63
27 63
27 62
28 61
28 60
28 59
28 59
28 58
28 57
28 56
28 55
28 55
28 54
28 53
28 52
28 51
28 51
28 50
28 49
28 48
28 47
28 46
28 46
28 45
28 44
28 43
28 42
28 41
28 41
28 40
28 39
27 38
27 37
27 36
27 36
27 35
27 34
27 33
27 32
27 31
27 31
27 30
27 29
27 28
27 28
26 27
26 26
26 26
26 26
26 25
26 25
26 25
26 26
26 26
27 27
28 28
29 29
30 30
31 31
32 32
33 32
34 33
35 34
36 35
37 36
38 37
39 38
39 38
39 37
39 37
39 36
39 35
39 35
39 35
38 34
38 34
38 33
38 33
38 33
38 34
38 34
38 35
38 35
38 36
38 37
38 38
38 38
38 39
37 40
37 41
37 42
37 42
37 43
37 44
37 45
37 45
37 46
37 47
37 48
37 49
37 49
37 50
37 51
37 52
37 53
37 53
37 54
37 55
37 56
37 56
37 57
38 58
38 59
38 59
38 60
38 60
39 61
39 61
39 60
39 60
40 59
40 58
40 58
40 57
40 56
40 55
40 55
40 54
41 53
41 52
41 52
41 51
41 50
41 49
41 48
41 48
41 47
41 46
41 45
41 44
41 44
41 43
41 42
41 41
41 41
41 40
40 39
40 38
40 37
40 37
40 36
40 35
40 34
40 33
40 32
40 32
40 31
39 30
39 29
39 29
39 28
39 27
39 27
39 27
39 27
39 27
39 27
40 27
41 27
42 27
43 27
44 28
45 28
46 28
47 28
48 28
48 28
48 27
48 26
48 26
48 25
48 25
48 25
48 26
48 26
48 26
48 27
48 28
48 29
48 29
48 30
48 31
48 32
48 32
48 33
48 34
48 35
48 36
48 37
48 37
48 38
48 39
48 40
48 41
48 41
48 42
48 43
48 44
48 44
48 45
48 46
48 47
48 47
48 48
48 49
48 50
48 50
48 51
48 52
48 52
48 53
48 53
48 54
48 54
49 53
49 53
49 52
49 52
49 51
49 50
49 50
49 49
49 48
49 47
49 46
49 46
49 45
50 44
50 43
50 43
50 42
50 41
50 40
50 40
50 39
51 38
51 37
51 37
51 36
51 35
51 35
52 34
52 34
52 33
52 33
52 32
52 32
53 33
53 33
53 33
53 34
53 35
53 35
53 36
54 37
54 38
54 38
54 39
54 40
54 41
54 41
54 42
54 43
54 44
54 44
54 45
54 46
54 47
54 48
54 48
54 49
54 50
54 51
54 51
54 52
54 53
54 54
54 54
54 55
54 56
54 56
54 57
54 57
54 58
54 58
54 58
54 57
54 56
54 55
54 54
54 53
55 52
55 51
55 50
55 49
55 48
55 47
55 46
55 45
55 44
55 43
55 42
56 41
56 40
56 39
56 38
56 37
56 36
56 35
56 34
56 33
56 32
56 31
57 30
57 29
57 28
57 27
57 26
57 25
57 24
57 23
57 22
57 21
57 20
58 19
58 18
58 17
58 16
58 15
58 14
58 13
58 12
58 11
58 10
58 9
59 8
59 7
59 6
59 5
59 4
59 3
59 3
59 2
59 1
59 1
59 1
58 0
58 0
58 1
58 1
58 2
58 3
58 3
58 4
58 5
58 6
58 6
58 7
58 8
58 9
58 10
58 11
58 12
58 12
58 13
58 14
58 15
58 16
58 17
58 18
58 18
58 19
58 20
58 21
58 22
58 23
58 24
58 25
58 26
58 26
58 27
58 28
58 29
57 30
57 31
57 32
57 33
57 33
57 34
57 35
57 36
57 37
57 38
57 39
57 39
57 40
57 41
58 42
58 43
58 44
58 45
58 45
58 46
58 47
58 48
58 49
58 49
58 50
58 51
58 52
58 52
58 53
59 54
59 55
59 55
60 56
60 56
61 56
61 56
62 55
62 55
62 54
63 53
63 52
63 51
63 50
64 49
64 48
64 47
64 46
65 45
65 44
65 43
65 42
66 41
66 40
66 39
66 39
66 39
66 39
66 38
66 38
66 38
66 38
66 38
66 39
66 39
66 40
66 41
66 42
66 42
66 43
66 44
66 45
66 45
66 46
66 47
66 48
66 48
66 49
66 50
66 51
66 52
66 52
66 53
66 54
66 55
66 55
66 56
66 57
66 58
66 58
66 59
66 59
66 60
66 60
66 59
66 59
66 58
66 57
66 56
66 55
66 54
66 53
66 52
66 51
66 50
66 49
66 48
66 47
66 46
66 45
66 44
66 43
66 42
66 41
66 40
66 39
66 38
66 37
66 36
66 35
66 34
66 33
66 33
66 32
66 31
66 30
66 29
66 28
66 27
66 26
66 25
66 24
66 24
65 23
65 22
65 22
65 22
65 21
65 21
65 21
65 22
65 22
65 23
65 23
65 24
65 24
66 25
66 26
66 26
66 27
66 27
66 28
67 29
67 30
67 30
68 31
68 32
69 33
69 34
70 35
70 36
71 37
71 38
72 39
72 40
72 40
73 39
73 38
73 38
73 37
73 37
73 36
73 35
73 35
73 34
73 33
73 32
73 32
73 31
73 30
73 30
72 29
72 29
72 28
72 28
72 27
72 27
71 28
71 28
71 29
71 29
70 30
70 30
70 31
70 32
70 33
70 33
70 34
70 35
70 36
70 37
70 37
70 38
70 39
70 40
70 41
70 41
70 42
69 43
69 44
69 45
69 45
69 46
70 47
70 48
70 49
70 49
70 50
70 51
70 52
70 52
70 53
70 54
70 54
71 55
71 56
71 56
71 56
72 56
72 56
72 55
72 55
72 54
72 53
72 53
73 52
73 51
73 51
73 50
73 49
73 48
73 48
73 47
73 46
73 46
73 45
73 45
73 44
73 44
73 44
73 43
73 43
73 43
73 43
73 44
73 44
73 45
73 45
73 46
73 47
73 48
73 48
73 49
73 50
73 51
73 51
73 52
73 53
73 54
73 54
73 55
73 56
73 57
73 58
73 58
73 59
73 60
73 61
73 62
73 62
73 63
73 64
73 65
73 66
73 67
73 67
73 68
73 69
73 70
73 71
73 72
73 72
73 73
73 74
73 75
73 76
73 77
73 77
73 78
73 79
73 80
73 81
73 82
73 82
73 83
73 84
72 85
72 86
72 87
72 87
72 88
72 89
72 90
72 91
72 91
72 92
71 93
71 94
71 95
71 95
71 96
71 97
71 98
71 98
70 99
70 100
70 100
69 100
69 100
68 100
68 100
68 99
68 98
68 98
68 97
67 96
67 95
67 95
67 94
66 93
66 92
66 91
66 91
66 90
66 89
66 88
66 87
66 87
66 86
65 85
65 84
65 84
65 83
65 82
65 81
65 80
65 80
65 79
65 78
65 77
65 77
65 76
65 75
66 74
66 73
66 72
66 71
67 70
67 69
67 68
67 67
68 66
68 65
68 64
68 63
69 62
69 61
69 60
69 59
70 58
70 57
70 56
70 55
71 54
71 53
71 52
71 51
71 50
72 49
72 48
72 47
72 46
73 45
73 44
73 43
73 42
74 41
74 40
74 39
74 38
75 37
75 36
75 35
75 34
76 33
76 32
76 31
76 30
76 29
77 28
77 27
77 26
77 25
78 24
78 23
78 22
78 21
79 20
79 19
79 18
79 17
80 16
80 15
80 14
80 13
81 12
81 11
81 10
81 9
82 8
82 7
82 6
82 6
82 5
82 5
82 4
82 4
82 5
82 5
82 6
82 6
82 7
82 8
82 9
82 9
82 10
82 11
82 12
82 13
82 14
82 14
82 15
82 16
81 17
81 18
81 19
81 20
81 20
81 21
81 22
81 23
81 24
81 25
81 26
81 26
81 27
81 28
81 29
81 30
81 31
81 32
81 33
81 33
81 34
81 35
81 36
81 37
81 38
81 39
81 39
81 40
81 41
81 42
81 43
81 44
81 45
81 45
81 46
81 47
81 48
81 49
81 50
81 50
81 51
81 52
81 53
81 54
81 54
81 55
81 56
81 57
81 57
81 58
81 59
81 59
81 60
81 60
81 60
81 59
81 58
81 58
81 57
81 56
81 55
81 54
81 54
81 53
81 52
82 51
82 50
82 49
82 49
82 48
82 47
82 46
82 45
82 44
82 44
82 43
82 42
83 41
83 40
83 39
83 39
83 38
84 37
84 36
84 36
84 35
84 34
84 33
84 33
85 32
85 32
85 31
85 31
85 32
85 32
85 33
85 34
85 34
86 35
86 36
86 36
86 37
86 38
86 39
86 40
86 40
86 41
86 42
86 43
86 44
86 45
86 45
86 46
86 47
86 48
86 49
86 49
86 50
86 51
86 52
86 53
86 53
86 54
86 55
86 56
86 57
86 58
86 58
86 59
86 60
86 61
86 61
86 62
86 63
86 63
86 64
86 65
86 65
86 64
86 63
86 62
86 61
86 60
87 59
87 58
87 57
87 56
87 55
87 54
87 53
87 52
87 51
87 50
87 49
88 48
88 47
88 46
88 45
88 44
88 43
88 42
88 41
88 40
88 39
88 38
88 37
89 36
89 35
89 34
89 33
89 32
89 31
89 31
89 32
89 33
89 33
88 33
88 33
88 33
89 33
89 33
89 32
89 32
90 32
90 32
91 31
92 31
92 31
93 31
93 31
94 30
94 30
95 30
95 30
96 29
97 29
97 29
98 29
98 29
98 29
98 28
98 27
98 26
97 25
97 24
97 23
97 22
97 21
97 20
96 19
96 18
96 17
96 16
96 15
96 14
95 13
95 12
95 11
95 10
95 10
95 10
95 10
95 10
95 11
95 11
95 12
95 13
95 13
95 14
95 15
95 16
95 17
95 18
95 18
95 19
95 20
95 21
95 22
95 23
95 23
95 24
95 25
94 26
94 27
94 28
94 29
94 29
94 30
94 31
94 32
94 33
94 34
94 35
94 36
94 36
94 37
94 38
94 39
94 40
94 41
94 41
94 42
94 43
94 44
94 45
94 46
94 47
94 47
94 48
94 49
94 50
94 51
94 52
94 52
94 53
94 54
94 55
94 56
94 56
94 57
94 58
94 59
94 59
95 60
95 61
95 61
96 61
96 61
97 61
97 61
97 60
98 59
98 58
98 58
99 57
99 56
100 55
