4 24
3 25
3 26
3 26
3 25
3 24
3 23
3 23
3 23
3 23
4 24
4 24
5 25
5 26
5 26
5 27
6 28
6 29
6 30
6 30
6 31
6 32
7 33
7 34
7 35
7 35
7 36
7 37
7 38
7 39
7 40
7 41
7 42
7 42
7 43
7 44
7 45
8 46
8 47
8 48
8 49
8 49
8 50
8 51
8 52
8 53
8 54
8 55
8 56
8 57
8 57
8 58
8 59
8 60
7 61
7 62
7 63
7 64
7 64
7 65
6 66
6 67
6 68
6 69
5 70
5 71
5 72
5 72
5 73
5 74
5 75
4 76
4 77
4 78
4 79
4 79
4 80
4 81
4 82
3 83
3 84
3 85
3 86
3 86
3 87
2 88
2 89
1 90
1 91
1 91
1 92
0 93
0 94
0 95
0 95
0 96
0 97
0 98
0 98
0 99
0 100
0 100
0 99
0 98
0 97
0 96
0 95
1 94
1 93
1 92
1 91
1 90
1 89
1 88
1 87
1 86
1 85
2 84
2 83
2 82
2 81
2 80
2 79
2 78
2 77
2 76
2 75
3 74
3 73
3 72
3 71
3 70
3 69
3 68
3 67
3 66
3 65
4 64
4 63
4 62
4 61
4 60
4 59
4 58
4 57
4 56
4 55
4 54
5 53
5 52
5 51
5 50
5 49
5 48
5 47
5 46
5 45
5 44
6 43
6 42
6 41
6 40
6 39
6 38
6 37
6 36
6 35
6 34
7 33
7 32
7 31
7 30
7 29
7 28
7 28
8 29
8 29
8 29
7 28
7 27
7 27
8 27
8 27
9 26
9 25
9 25
10 24
11 23
11 23
12 22
13 22
14 21
14 21
15 20
15 19
16 18
16 18
17 17
18 16
18 16
19 15
20 15
20 15
21 15
22 15
22 15
23 15
23 15
24 15
24 15
24 15
24 15
24 16
24 16
25 17
25 18
25 18
25 19
25 20
25 20
25 21
25 22
25 23
25 23
25 24
25 25
25 26
25 26
25 27
25 28
25 29
25 30
25 30
25 31
25 32
25 33
25 34
25 34
25 35
25 36
26 37
26 38
26 39
26 40
26 40
26 41
26 42
26 43
26 44
26 45
26 45
26 46
26 47
27 48
27 49
27 50
27 51
27 51
27 52
27 53
28 54
28 55
28 56
28 56
28 57
28 58
28 59
28 60
28 61
28 61
28 62
28 63
29 64
29 65
29 66
29 67
29 67
29 68
29 69
29 70
29 71
29 72
29 73
29 73
29 74
29 75
30 76
30 77
30 78
30 78
30 79
30 80
30 81
30 82
30 83
30 83
30 84
30 85
30 86
30 87
30 87
30 88
30 89
30 90
30 90
30 91
30 92
30 93
30 93
30 94
30 94
30 95
30 96
30 96
29 97
29 97
29 98
29 98
28 99
28 99
27 99
27 99
26 98
26 98
25 98
25 98
24 97
23 96
23 96
22 95
21 95
21 95
20 94
19 93
19 93
18 92
17 92
16 91
16 91
16 90
15 89
15 88
15 88
15 87
15 86
14 85
14 84
14 83
14 82
14 81
14 80
13 79
13 78
13 77
13 76
13 75
13 74
12 73
12 72
12 71
12 70
12 69
12 68
11 67
11 66
11 65
11 64
11 63
11 62
10 61
10 60
10 59
10 58
10 57
10 56
9 55
9 54
9 53
9 52
9 52
9 53
9 54
9 54
9 54
9 54
10 54
10 54
11 53
11 53
12 52
13 52
13 52
14 51
15 51
15 51
16 50
17 50
17 50
18 49
19 49
20 48
20 48
21 48
22 48
23 48
24 48
24 48
24 48
23 49
23 50
22 51
21 52
20 53
20 54
19 55
18 56
18 57
17 58
16 59
16 60
15 61
14 62
13 63
13 64
12 65
12 65
12 66
12 67
12 68
11 69
11 70
11 71
11 72
11 72
10 73
10 73
11 72
11 72
11 72
12 71
13 71
13 71
14 70
15 69
15 69
16 68
17 68
18 67
18 67
19 66
20 66
21 65
22 65
22 65
23 64
24 64
24 64
25 63
26 63
26 63
27 63
27 63
28 62
28 61
29 60
29 59
30 58
31 57
31 56
32 55
33 54
33 53
34 52
34 51
35 50
36 49
36 48
37 47
38 46
38 45
39 44
39 43
40 42
41 41
41 40
42 39
43 38
43 37
44 36
44 35
45 34
46 33
46 32
47 31
47 30
48 29
49 28
49 27
50 26
51 25
51 24
52 23
52 22
53 21
54 20
54 19
55 18
56 17
56 16
57 15
57 14
58 13
59 12
59 11
60 10
61 9
61 8
62 7
62 6
63 5
63 5
64 4
64 4
65 3
65 3
65 2
65 2
65 1
65 1
66 1
66 1
66 0
66 0
66 1
66 1
67 2
67 3
67 3
67 4
68 5
68 6
68 6
68 7
68 8
68 9
68 10
68 10
68 11
68 12
68 13
68 13
68 14
68 15
68 16
67 17
67 18
67 19
67 20
67 20
67 21
67 22
67 23
67 24
67 24
67 25
67 25
67 26
66 27
66 28
66 28
66 29
66 30
66 30
66 31
66 32
66 32
66 33
66 34
66 34
66 35
66 35
66 36
66 36
65 35
65 34
64 33
64 32
63 31
62 30
62 29
61 28
61 27
60 26
59 25
59 24
58 23
58 22
57 21
56 20
56 19
55 18
55 17
54 16
54 16
54 17
54 17
54 17
54 18
54 19
54 19
55 20
55 20
55 21
55 22
55 23
55 23
56 24
56 24
57 25
57 26
57 26
57 27
57 28
57 28
57 29
57 29
58 29
58 29
59 30
59 30
60 29
60 29
61 28
62 27
63 26
64 25
64 24
65 23
66 22
67 21
68 20
69 19
70 18
71 17
71 16
72 15
73 14
74 13
74 13
75 13
76 12
77 12
78 12
78 12
79 12
79 12
80 13
80 13
80 14
80 14
80 15
80 15
79 16
79 17
79 17
78 18
78 19
78 19
77 20
76 21
76 21
76 22
75 23
75 24
75 24
74 25
74 26
73 27
73 27
72 28
72 29
72 29
71 30
71 31
70 32
70 32
70 33
69 34
69 35
69 35
68 36
68 37
67 38
67 38
66 39
65 39
64 40
63 41
62 42
61 42
60 43
59 44
58 44
57 45
56 46
55 46
54 47
53 48
52 49
51 49
50 50
50 50
50 51
50 52
50 53
50 53
50 53
50 53
50 53
51 52
52 52
52 52
53 51
54 51
54 51
55 50
56 50
57 49
57 49
58 48
59 48
60 47
61 47
62 46
62 46
63 45
64 44
65 44
66 43
66 43
67 42
68 41
69 40
70 39
70 39
71 38
72 38
73 37
74 37
75 36
75 36
76 35
77 35
78 34
78 34
79 33
80 32
80 32
81 32
81 32
81 31
81 31
82 31
82 31
81 32
80 32
79 33
78 34
77 34
76 35
75 36
74 36
73 37
72 38
71 38
70 39
70 39
69 40
69 41
68 42
68 43
68 43
67 44
67 45
67 45
67 46
66 47
66 48
66 48
66 49
65 50
65 51
65 52
65 52
65 53
65 54
64 55
64 56
64 57
64 57
64 58
64 59
63 60
63 61
63 62
63 63
63 63
63 64
62 65
62 66
62 67
62 68
61 69
61 70
61 70
61 71
61 72
60 73
60 74
60 75
60 75
60 76
60 77
59 78
59 79
59 80
59 80
59 81
58 82
58 83
58 84
58 84
58 85
58 86
58 87
58 88
58 88
58 89
57 90
57 91
57 92
57 92
56 93
56 94
56 94
56 95
56 96
56 96
56 97
56 98
56 98
56 98
56 97
57 96
57 95
57 94
58 93
58 92
58 91
59 90
59 89
59 88
60 87
60 86
61 85
61 84
61 83
62 82
62 81
62 80
63 79
63 78
63 77
64 76
64 75
64 74
65 73
65 72
65 71
66 70
66 69
66 68
67 67
67 66
67 65
68 64
68 63
68 62
69 61
69 60
70 59
70 58
70 57
71 56
71 55
71 54
72 53
72 52
72 51
73 50
73 49
73 48
74 47
74 46
74 46
74 47
74 48
74 49
74 50
74 50
74 51
74 52
74 52
73 53
73 54
73 54
73 55
73 56
72 57
72 58
72 59
72 59
72 60
72 61
71 62
71 63
71 64
71 64
71 65
71 66
70 67
70 68
70 69
70 70
70 70
70 71
70 72
70 73
70 74
70 74
70 75
70 76
70 77
70 78
70 78
71 79
71 80
72 81
72 81
72 82
72 83
72 84
72 84
73 85
73 86
73 86
74 87
74 88
74 88
75 89
76 89
76 89
77 90
77 90
78 90
79 90
79 90
80 90
81 90
82 90
82 90
83 89
84 89
84 89
85 88
86 88
86 88
87 88
88 87
89 87
89 87
90 86
91 86
91 86
92 86
93 86
93 86
94 85
94 85
95 84
95 84
96 83
96 83
97 82
97 82
98 81
98 80
98 80
98 79
98 78
98 78
98 77
99 76
99 75
99 75
99 74
100 73
100 72
100 72
100 71
100 70
100 69
100 68
100 68
100 67
100 66
100 65
100 64
100 64
100 63
100 62
99 61
99 60
99 59
