8 13
9 12
9 11
9 11
9 12
9 12
9 13
9 13
10 14
10 14
10 15
10 16
10 16
10 17
10 17
11 18
11 19
11 19
11 20
11 21
11 22
11 22
11 23
11 24
11 25
11 25
11 26
11 27
11 28
11 28
11 29
12 30
12 31
12 32
12 32
12 33
12 34
12 35
12 36
12 37
12 37
12 38
12 39
11 40
11 41
11 42
11 42
11 43
11 44
11 45
11 46
11 47
11 47
11 48
11 49
11 50
11 51
11 52
11 53
11 53
11 54
11 55
10 56
10 57
10 58
10 59
10 59
10 60
10 61
9 62
9 63
9 64
9 65
9 65
9 66
9 67
8 68
8 69
8 70
8 71
8 71
8 72
8 73
7 74
7 75
7 76
7 77
7 77
7 78
7 79
6 80
6 81
6 82
6 83
6 83
6 84
5 85
5 86
5 87
5 88
4 89
4 90
4 90
4 91
4 92
3 93
3 94
3 95
3 95
2 96
2 97
1 98
1 99
1 99
0 100
0 100
0 100
0 99
0 98
0 97
1 96
1 95
1 94
1 93
1 92
1 91
2 90
2 89
2 88
2 87
2 86
2 85
2 84
3 83
3 82
3 81
3 80
3 79
3 78
4 77
4 76
4 75
4 74
4 73
4 72
4 71
5 70
5 69
5 68
5 67
5 66
5 65
6 64
6 63
6 62
6 61
6 60
6 59
7 58
7 57
7 56
7 55
7 54
7 53
7 52
8 51
8 50
8 49
8 48
8 47
8 46
9 45
9 44
9 43
9 42
9 41
9 40
9 39
10 38
10 37
10 36
10 35
10 34
10 33
11 32
11 31
11 30
11 29
11 28
11 27
11 26
12 25
12 24
12 23
12 22
12 21
12 20
13 19
13 18
13 17
13 16
13 16
14 15
15 14
15 14
16 13
16 12
16 12
17 11
17 10
17 10
18 9
19 9
19 9
20 8
21 7
21 7
22 6
23 6
23 6
24 6
24 6
25 6
25 6
26 6
26 6
27 6
27 6
28 6
28 6
29 6
29 6
30 6
30 6
31 7
31 7
31 7
31 7
31 7
31 7
31 7
32 8
32 9
32 9
32 9
32 9
32 9
32 9
32 10
32 10
32 11
32 11
32 11
32 12
32 12
32 13
32 13
32 14
32 14
32 15
32 15
32 16
32 16
32 17
32 17
32 18
32 19
32 19
32 20
32 20
32 21
32 22
32 22
32 23
32 24
32 24
32 25
32 26
32 26
33 27
33 28
33 28
33 29
33 30
33 30
33 31
33 32
33 32
33 33
33 34
33 34
33 35
33 36
33 37
33 37
33 38
33 39
33 40
33 40
33 41
33 42
33 42
33 43
33 44
33 45
33 45
34 46
34 47
34 47
34 48
34 49
34 50
34 50
34 51
34 52
34 52
34 53
34 54
34 55
34 55
34 56
34 57
34 57
34 58
34 59
34 60
34 60
34 61
34 62
34 62
34 63
34 64
34 65
34 65
34 66
34 67
34 68
34 68
34 69
34 70
34 71
34 71
34 72
34 73
34 73
34 74
34 75
34 76
34 76
35 77
35 78
35 78
35 79
35 80
35 80
35 81
35 82
35 83
35 83
35 84
35 85
35 85
35 86
35 87
35 87
35 88
35 89
35 89
35 90
35 91
35 91
35 92
35 93
35 93
35 94
35 95
35 96
35 96
35 97
35 97
34 98
34 99
34 99
34 100
34 100
34 100
34 100
33 100
33 100
32 100
32 100
31 100
30 100
30 100
29 100
29 100
28 99
28 99
27 99
27 99
27 98
27 97
27 96
26 95
26 94
26 93
26 92
26 91
26 90
26 89
25 88
25 87
25 86
25 85
25 84
25 83
25 82
24 81
24 80
24 79
24 78
24 77
24 76
24 75
23 74
23 73
23 72
23 71
23 70
23 69
23 68
22 67
22 66
22 65
22 64
22 63
22 62
22 61
21 60
21 59
21 58
21 57
21 56
21 55
21 54
20 53
20 52
20 51
20 50
20 49
20 48
20 47
19 46
19 45
19 44
19 43
19 42
19 41
19 40
18 39
18 38
18 37
18 36
18 35
18 34
18 33
17 32
17 31
17 30
17 29
17 29
16 28
16 28
15 28
15 28
15 28
15 28
15 29
15 29
16 29
16 29
17 29
17 29
18 29
19 29
19 29
20 28
20 28
21 27
22 27
22 27
23 26
24 26
24 26
25 25
26 25
26 25
27 25
28 25
28 25
29 25
29 25
30 25
30 25
31 25
31 25
31 25
31 25
30 26
30 26
29 27
29 27
28 28
28 29
27 30
27 31
26 32
26 33
25 34
24 35
24 36
23 37
23 38
22 39
22 40
21 41
20 42
20 43
19 44
19 45
18 46
18 47
17 48
17 48
16 49
16 50
15 51
15 51
15 52
15 52
14 53
14 53
14 54
14 54
14 54
14 54
14 55
14 55
15 54
15 54
16 54
17 54
17 54
18 53
19 53
19 53
20 53
21 52
22 52
22 52
23 51
24 51
24 51
25 51
26 51
27 51
27 51
28 50
29 50
29 50
30 50
30 50
31 50
31 50
32 50
32 50
32 50
33 49
33 48
34 47
34 46
35 45
35 44
36 43
37 42
37 41
38 40
38 39
39 38
40 37
40 36
41 35
41 34
42 33
42 32
43 31
44 30
44 29
45 28
45 27
46 26
47 25
47 24
48 23
48 22
49 21
49 20
50 19
51 18
51 17
52 16
52 15
53 14
53 13
54 12
55 11
55 10
56 9
56 8
57 7
58 6
58 5
59 4
59 3
60 2
60 1
61 0
61 0
61 0
61 0
61 0
61 0
61 0
61 0
61 0
61 0
61 0
62 1
62 2
62 2
62 3
62 3
62 3
62 4
62 4
62 4
62 4
62 5
62 5
62 5
62 5
61 6
61 6
61 7
61 7
61 8
61 8
61 9
61 10
61 10
61 11
61 11
61 12
61 13
61 14
61 14
61 15
61 16
61 17
61 17
61 18
61 19
61 20
61 21
61 21
61 22
61 23
61 24
61 24
61 25
62 26
62 27
62 27
62 28
62 29
62 30
62 31
62 31
62 32
62 33
62 34
62 34
62 35
62 36
62 36
62 37
62 38
62 39
62 39
62 40
62 40
61 40
61 40
61 40
61 40
61 40
60 39
60 38
59 37
59 36
58 35
58 34
57 33
57 32
56 31
56 30
55 29
55 28
54 27
54 26
53 25
53 24
52 23
52 22
51 21
51 20
50 19
50 18
50 18
50 18
50 18
50 18
50 18
50 18
50 19
50 20
50 20
50 21
50 22
50 22
51 23
51 23
51 24
51 25
51 26
51 26
51 27
51 28
51 28
52 29
52 30
52 30
52 31
52 32
52 33
52 33
53 34
53 35
53 35
53 36
53 36
53 37
53 38
53 38
54 39
54 39
54 40
54 40
54 40
55 40
55 40
55 40
56 39
56 38
57 37
57 36
58 35
58 34
59 33
59 32
60 31
60 30
61 29
61 28
62 27
62 26
63 25
63 24
64 23
64 22
65 21
65 20
66 19
66 18
67 17
67 16
68 15
68 14
69 13
69 13
70 12
71 12
71 12
71 11
71 11
71 11
71 11
71 11
71 11
71 11
71 11
71 12
71 12
71 13
71 13
71 14
71 14
71 15
71 16
71 16
70 17
70 17
70 18
70 19
70 19
69 20
69 21
69 21
68 22
68 23
68 23
67 24
67 25
67 25
66 26
66 27
66 27
65 28
64 29
63 30
62 31
62 32
61 33
60 34
59 35
58 36
57 37
56 38
55 39
54 40
53 41
53 42
52 43
51 44
50 45
49 46
49 46
48 46
48 46
48 47
48 47
48 47
47 47
47 47
47 47
47 48
47 48
47 48
47 48
47 48
47 48
47 48
47 48
47 48
48 48
48 48
48 48
49 47
49 47
50 46
51 46
51 46
52 45
53 44
53 44
54 43
55 43
55 43
56 42
57 42
58 41
58 41
59 41
60 40
61 40
61 40
62 39
63 39
64 38
64 38
65 38
66 37
67 37
67 37
68 36
69 36
70 35
70 35
71 35
72 34
73 34
73 34
74 34
75 34
75 34
76 33
77 33
77 33
78 33
78 33
78 33
78 33
78 33
78 32
78 32
77 32
76 33
75 33
74 33
73 34
72 34
71 34
70 35
69 35
68 35
67 36
66 36
65 36
64 37
63 37
63 37
63 37
63 38
63 38
62 38
62 38
62 39
62 39
62 40
62 40
61 41
61 41
61 42
61 43
61 43
60 44
60 45
60 45
60 46
59 47
59 48
59 48
59 49
58 50
58 51
58 51
58 52
57 53
57 54
57 54
57 55
56 56
56 57
56 58
56 58
56 59
55 60
55 61
55 62
55 62
55 63
54 64
54 65
54 66
54 66
54 67
53 68
53 69
53 70
53 70
53 71
52 72
52 73
52 74
52 74
52 75
52 76
52 76
51 77
51 78
51 78
51 79
51 79
51 80
51 80
51 81
51 81
51 81
51 81
51 82
51 82
51 81
51 81
51 80
52 79
52 78
52 77
53 76
53 75
53 74
54 73
54 72
54 71
55 70
55 69
55 68
56 67
56 66
56 65
57 64
57 63
58 62
58 61
58 60
59 59
59 58
59 57
60 56
60 55
60 54
61 53
61 52
61 51
62 50
62 49
62 48
63 47
63 46
63 45
64 44
64 43
64 43
64 43
64 43
64 43
65 44
65 44
64 45
64 45
64 46
64 46
64 47
64 47
64 48
64 48
64 49
64 49
64 50
64 50
64 51
64 52
64 52
64 53
64 53
64 54
64 55
64 55
63 56
63 57
63 57
63 58
63 58
63 59
63 59
63 60
63 61
63 61
64 62
64 62
64 63
64 63
64 64
64 65
64 65
64 66
64 66
64 67
64 67
65 68
65 68
65 69
65 70
65 70
65 70
65 71
65 71
66 72
66 72
66 73
66 73
67 74
67 74
68 74
68 74
68 75
68 75
69 75
69 75
70 75
70 75
71 75
71 75
72 75
72 75
73 75
73 75
74 75
74 75
75 75
75 75
76 76
76 76
77 76
77 76
77 76
78 75
78 75
79 75
79 75
80 75
80 75
81 74
82 74
82 74
83 73
83 73
84 73
84 73
85 73
85 73
86 72
86 72
87 71
87 71
88 70
88 70
89 69
89 69
90 68
90 68
91 67
91 67
92 66
92 66
93 65
93 65
94 64
94 63
94 63
95 62
96 61
96 61
97 60
97 60
97 59
97 58
97 58
98 57
98 57
99 56
99 55
99 55
99 54
99 53
99 53
99 52
99 51
99 51
99 50
100 49
100 48
100 48
100 47
100 46
100 46
100 45
100 44
100 43
100 43
100 42
100 41
100 41
100 40
99 39
99 38
99 38
99 37
99 36
99 36
99 35
99 34
99 34
98 33
98 32
