7 2
7 2
7 2
8 2
8 2
8 3
8 3
8 4
8 4
8 5
8 6
8 6
9 7
9 7
9 8
9 9
9 9
9 10
9 11
9 11
9 12
10 13
10 14
10 14
10 15
10 16
10 17
10 17
10 18
10 19
11 20
11 21
11 22
11 22
11 23
11 24
11 25
11 26
11 27
11 27
11 28
11 29
11 30
11 31
11 32
11 33
11 33
11 34
11 35
11 36
11 37
11 38
11 39
11 40
11 40
11 41
11 42
10 43
10 44
10 45
10 46
10 46
10 47
10 48
10 49
10 50
10 51
10 52
10 53
10 54
10 54
10 55
10 56
10 57
9 58
9 59
9 60
9 61
9 62
9 62
9 63
9 64
9 65
8 66
8 67
8 68
8 69
8 69
8 70
7 71
7 72
7 73
7 74
6 75
6 76
6 77
6 77
6 78
6 79
6 80
5 81
5 82
5 83
5 84
5 85
5 85
5 86
4 87
4 88
3 89
3 90
3 90
3 91
2 92
2 93
2 94
2 94
2 95
1 96
1 97
1 97
0 98
0 99
0 99
0 99
0 98
0 97
0 96
1 95
1 94
1 93
1 92
1 91
1 90
1 89
2 88
2 87
2 86
2 85
2 84
2 83
3 82
3 81
3 80
3 79
3 78
3 77
3 76
4 75
4 74
4 73
4 72
4 71
4 70
4 69
5 68
5 67
5 66
5 65
5 64
5 63
5 62
6 61
6 60
6 59
6 58
6 57
6 56
7 55
7 54
7 53
7 52
7 51
7 50
7 49
8 48
8 47
8 46
8 45
8 44
8 43
8 42
9 41
9 40
9 39
9 38
9 37
9 36
9 35
10 34
10 33
10 32
10 31
10 30
10 29
10 28
11 27
11 26
11 25
11 24
11 23
11 22
12 21
12 20
12 19
12 18
12 17
12 16
12 15
13 14
13 13
13 12
13 11
13 11
13 10
13 9
13 9
14 9
14 9
14 9
14 9
15 9
15 9
16 8
17 7
17 7
18 6
18 6
19 5
20 4
20 4
21 3
22 3
22 3
23 2
23 2
24 1
25 1
25 1
26 1
26 1
27 0
28 0
28 0
29 0
29 0
30 0
30 0
31 1
31 1
31 1
32 2
32 2
32 2
32 3
32 3
32 4
32 4
32 4
32 5
32 5
32 6
32 6
32 7
32 8
32 8
32 9
32 9
32 10
32 11
32 11
32 12
32 13
32 13
32 14
32 15
32 15
31 16
31 17
31 17
31 18
31 19
31 19
31 20
31 21
31 22
31 22
31 23
31 24
31 25
31 25
31 26
32 27
32 28
32 28
32 29
32 30
32 31
32 31
32 32
32 33
32 34
32 34
32 35
32 36
32 37
32 37
32 38
32 39
32 40
32 40
32 41
32 42
32 43
32 43
32 44
32 45
32 46
32 47
32 47
32 48
32 49
32 50
32 50
32 51
33 52
33 53
33 53
33 54
33 55
33 56
33 57
33 57
33 58
33 59
33 60
33 60
33 61
34 62
34 63
34 64
34 64
34 65
34 66
34 67
34 68
34 68
34 69
34 70
34 71
34 71
34 72
35 73
35 74
35 75
35 75
35 76
35 77
35 78
35 79
35 79
35 80
35 81
35 82
35 83
35 83
35 84
35 85
35 86
35 86
35 87
36 88
36 89
36 89
36 90
36 91
36 92
36 92
36 93
36 94
36 94
36 95
36 96
36 96
36 97
36 98
36 98
36 99
36 99
36 100
36 100
35 100
35 100
35 100
34 100
34 100
33 100
33 100
32 99
31 99
31 99
30 98
29 98
29 98
28 97
27 96
27 96
27 95
27 94
26 93
26 92
26 91
26 90
25 89
25 88
25 87
25 86
25 85
24 84
24 83
24 82
24 81
23 80
23 79
23 78
23 77
22 76
22 75
22 74
22 73
22 72
21 71
21 70
21 69
21 68
20 67
20 66
20 65
20 64
20 63
19 62
19 61
19 60
19 59
18 58
18 57
18 56
18 55
18 54
17 53
17 52
17 51
17 50
16 49
16 48
16 47
16 46
15 45
15 44
15 43
15 42
15 41
14 40
14 39
14 38
14 37
13 36
13 35
13 34
13 34
13 34
13 34
13 34
13 34
13 34
14 35
14 35
15 34
15 34
16 34
17 34
17 34
18 34
19 34
19 34
20 33
21 33
21 33
22 33
22 33
23 32
24 32
24 32
25 32
25 32
26 31
26 31
27 31
27 31
27 31
27 31
26 32
26 33
26 33
25 34
25 35
24 36
24 37
23 38
23 39
22 40
21 41
21 42
20 43
20 44
19 45
18 46
18 47
17 48
17 49
16 50
16 51
15 52
15 52
15 53
15 54
14 55
14 56
14 57
14 57
14 56
14 55
14 55
14 55
14 56
14 56
15 56
15 56
16 55
17 55
17 55
18 55
19 54
20 54
20 54
21 54
22 53
23 53
23 53
24 53
25 53
25 53
26 52
27 52
27 52
28 52
29 52
29 52
30 52
30 52
31 52
31 52
32 51
32 50
33 49
33 48
34 47
35 46
35 45
36 44
37 43
37 42
38 41
38 40
39 39
40 38
40 37
41 36
42 35
42 34
43 33
43 32
44 31
45 30
45 29
46 28
47 27
47 26
48 25
48 24
49 23
50 22
50 21
51 20
51 19
52 18
53 17
53 16
54 15
55 14
55 13
56 12
56 11
57 10
58 9
58 8
59 7
60 6
60 5
61 4
61 3
62 2
62 2
62 2
62 2
62 2
62 2
62 2
62 2
62 2
62 2
63 3
63 4
63 4
63 5
63 6
63 6
63 7
63 8
63 9
63 10
63 10
63 11
63 12
63 13
63 14
63 14
63 15
63 16
63 17
63 18
63 19
63 20
63 20
63 21
63 22
63 23
63 24
63 25
63 25
63 26
63 27
63 28
63 29
63 30
63 30
63 31
63 32
63 33
63 34
63 34
63 35
63 36
63 37
63 37
62 38
62 38
62 39
62 39
62 39
62 39
62 38
61 37
61 36
61 35
60 34
60 33
60 32
59 31
59 30
59 29
59 28
58 27
58 26
58 25
57 24
57 23
57 22
56 21
56 20
56 20
55 20
55 20
55 20
54 19
54 19
54 20
54 20
54 20
54 21
54 21
53 22
53 23
53 23
53 24
53 25
53 26
53 26
53 27
54 28
54 29
54 29
54 30
54 31
54 32
54 32
54 33
54 34
54 34
54 35
54 36
54 37
54 37
54 38
54 39
54 39
55 39
55 39
55 40
55 40
56 39
56 38
57 37
58 36
58 35
59 34
59 33
60 32
61 31
61 30
62 29
63 28
63 27
64 26
65 25
65 24
66 23
66 22
67 21
68 20
68 19
69 18
70 17
70 16
71 15
71 14
72 13
73 12
73 11
74 10
74 10
75 11
75 11
75 11
75 11
74 12
74 12
74 13
74 13
74 14
74 14
73 15
73 16
73 16
73 17
73 17
73 18
73 19
73 19
72 20
72 21
72 21
71 22
71 23
71 23
70 24
70 25
70 25
69 26
68 27
67 28
66 29
65 30
64 31
63 32
62 33
61 34
60 35
59 36
58 36
57 37
56 38
55 39
54 40
53 41
52 42
51 43
50 44
49 45
48 46
48 46
47 46
47 46
46 46
46 46
46 46
46 47
46 47
46 47
46 47
47 47
47 47
47 47
48 46
49 46
49 46
50 46
51 46
51 46
52 45
53 44
53 44
54 44
55 43
56 43
56 43
57 43
58 42
59 42
59 42
60 42
61 41
62 41
63 41
63 41
64 41
65 40
66 40
66 40
67 40
68 39
69 39
70 39
70 39
71 39
72 38
73 38
73 38
74 37
75 37
75 37
76 36
77 36
77 36
78 35
78 35
79 35
79 35
80 34
80 34
79 34
79 34
79 34
78 34
78 34
77 34
76 35
75 35
74 36
73 36
72 37
71 37
70 37
69 38
68 38
67 39
66 39
66 39
65 40
65 41
65 41
64 41
64 41
64 42
64 42
63 43
63 43
63 44
63 44
63 45
62 46
62 47
62 47
61 48
61 49
61 49
61 50
60 51
60 52
60 52
60 53
59 54
59 55
59 55
59 56
59 57
59 58
59 59
59 59
59 60
58 61
58 62
58 63
58 63
58 64
57 65
57 66
57 67
57 67
57 68
56 69
56 70
56 71
56 71
55 72
55 73
54 74
54 75
54 75
54 76
54 77
53 78
53 79
53 80
53 80
53 81
52 82
52 83
52 83
52 84
52 85
52 85
51 86
51 86
51 86
51 86
51 85
52 84
52 83
53 82
53 81
53 80
54 79
54 78
55 77
55 76
56 75
56 74
56 73
57 72
57 71
58 70
58 69
58 68
59 67
59 66
60 65
60 64
60 63
61 62
61 61
62 60
62 59
62 58
63 57
63 56
64 55
64 54
65 53
65 52
65 51
66 50
66 49
67 48
67 47
67 46
68 45
68 44
69 43
69 42
69 42
69 42
69 42
69 42
69 43
69 43
68 44
68 44
68 45
68 45
68 46
68 47
68 47
68 48
68 48
67 49
67 50
67 50
67 51
67 52
67 52
67 53
67 54
67 55
67 55
66 56
66 57
66 57
66 58
66 59
66 59
66 60
66 61
66 61
66 62
66 63
66 64
66 64
66 65
66 66
66 66
66 67
66 68
66 68
67 69
67 70
67 70
67 71
67 72
67 72
68 73
68 73
68 74
68 74
69 75
69 75
69 76
69 76
70 77
70 78
70 78
71 79
71 79
72 80
72 80
73 81
73 81
74 82
74 82
75 83
75 83
76 83
76 83
77 83
77 83
78 83
78 83
79 83
79 83
80 83
80 83
81 82
81 82
82 82
82 82
83 81
84 81
84 81
85 81
85 81
86 80
86 80
87 79
88 79
88 79
89 79
89 79
90 78
90 78
91 77
92 77
92 77
93 77
93 77
94 76
94 76
94 76
95 75
95 75
95 74
95 74
96 73
96 73
96 72
96 72
96 71
96 70
96 70
97 69
97 68
97 68
97 67
97 66
97 66
97 65
98 64
98 63
98 63
98 62
98 61
98 61
98 60
98 59
98 58
98 58
98 57
99 56
99 55
99 55
99 54
99 53
99 52
99 52
99 51
99 50
99 49
99 49
100 48
100 47
100 47
100 46
100 45
100 44
