6 13
7 13
7 13
7 13
7 13
7 13
8 14
8 14
8 15
8 15
8 16
8 16
9 17
9 18
9 18
9 19
9 20
9 20
9 21
10 22
10 23
10 23
10 24
10 25
10 26
10 27
10 27
10 28
10 29
10 30
10 31
10 32
10 32
10 33
10 34
10 35
10 36
10 37
10 37
10 38
10 39
10 40
10 41
10 42
10 43
10 43
10 44
10 45
10 46
10 47
10 48
10 49
10 50
10 50
10 51
10 52
10 53
10 54
10 55
10 56
10 57
10 57
10 58
10 59
10 60
9 61
9 62
9 63
9 64
9 64
9 65
9 66
8 67
8 68
8 69
8 70
8 70
8 71
8 72
7 73
7 74
7 75
7 75
7 76
7 77
6 78
6 79
6 80
6 80
6 81
5 82
5 83
4 84
4 85
4 85
4 86
3 87
3 88
2 89
2 90
2 90
2 91
1 92
1 93
1 93
0 94
0 94
0 94
0 93
0 92
0 91
0 90
1 89
1 88
1 87
1 86
1 85
1 84
1 83
1 82
1 81
1 80
2 79
2 78
2 77
2 76
2 75
2 74
2 73
2 72
2 71
2 70
3 69
3 68
3 67
3 66
3 65
3 64
3 63
3 62
3 61
4 60
4 59
4 58
4 57
4 56
4 55
4 54
4 53
4 52
4 51
5 50
5 49
5 48
5 47
5 46
5 45
5 44
5 43
5 42
6 41
6 40
6 39
6 38
6 37
6 36
6 35
6 34
6 33
6 32
7 31
7 30
7 29
7 28
7 27
7 26
7 25
7 24
7 23
7 22
8 21
8 20
8 19
8 18
8 17
8 17
9 16
10 15
10 15
10 14
10 14
11 13
11 13
12 12
12 11
12 11
13 10
14 9
14 9
15 8
16 8
16 8
17 7
18 7
18 7
19 6
20 5
20 5
21 4
22 4
22 4
23 3
24 3
24 3
25 2
26 2
26 2
27 1
28 1
28 1
29 1
29 1
30 1
30 1
30 1
31 1
31 1
31 2
31 2
31 3
31 3
31 4
31 4
31 5
31 6
31 6
31 7
31 8
31 8
31 9
31 9
31 10
31 11
31 12
31 12
31 13
31 14
31 14
31 15
30 16
30 17
30 17
30 18
30 19
30 20
30 20
30 21
30 22
30 23
30 24
30 24
30 25
30 26
30 27
30 27
30 28
31 29
31 30
31 30
31 31
31 32
31 33
31 33
31 34
31 35
31 36
31 36
31 37
32 38
32 39
32 40
32 40
32 41
32 42
32 43
32 44
32 45
32 45
32 46
32 47
32 48
32 49
32 49
32 50
32 51
33 52
33 53
33 54
33 54
33 55
33 56
34 57
34 58
34 59
34 59
34 60
34 61
34 62
34 63
34 64
34 65
34 65
34 66
34 67
35 68
35 69
35 70
35 70
35 71
36 72
36 73
36 74
36 74
36 75
37 76
37 77
37 78
37 78
37 79
37 80
37 81
37 82
37 83
37 83
37 84
38 85
38 86
38 87
38 87
38 88
38 89
38 90
38 91
38 91
38 92
38 93
38 94
38 95
38 95
38 96
38 97
38 97
38 98
38 99
38 99
38 100
38 100
38 100
38 100
37 100
37 100
36 99
35 99
35 99
34 98
34 98
33 97
32 96
32 96
31 95
31 94
30 93
30 93
29 92
29 91
28 90
28 90
28 89
27 88
27 87
27 86
26 85
26 84
26 83
25 82
25 81
25 80
24 79
24 78
23 77
23 76
23 75
22 74
22 73
22 72
21 71
21 70
21 69
20 68
20 67
20 66
19 65
19 64
19 63
18 62
18 61
18 60
17 59
17 58
16 57
16 56
16 55
15 54
15 53
15 52
14 51
14 50
14 49
13 48
13 47
13 47
13 47
13 46
13 45
13 44
13 44
13 43
13 43
13 42
13 42
14 42
14 42
15 41
16 41
16 41
17 40
18 40
18 40
19 39
20 38
20 38
21 38
22 37
23 37
23 37
24 36
25 36
25 36
26 35
26 35
27 35
28 35
28 35
29 34
29 34
29 34
30 34
30 34
30 35
30 35
29 36
29 36
28 37
28 38
27 39
27 40
26 41
25 42
25 43
24 44
23 45
23 46
22 47
22 48
21 49
20 50
20 51
19 52
19 53
18 54
18 54
18 55
17 56
17 57
17 58
17 58
16 59
16 59
16 59
16 59
17 59
17 59
18 59
18 59
19 58
19 58
20 58
21 57
22 57
22 57
23 56
24 55
24 55
25 54
26 54
27 53
27 53
28 52
29 52
29 52
30 51
31 51
31 51
32 51
33 51
33 51
33 50
33 50
34 49
35 48
35 47
36 46
37 45
38 44
38 43
39 42
40 41
41 40
41 39
42 38
43 37
44 36
44 35
45 34
46 33
47 32
47 31
48 30
49 29
50 28
50 27
51 26
52 25
53 24
54 23
54 22
55 21
56 20
57 19
57 18
58 17
59 16
60 15
60 14
61 13
62 12
63 11
63 10
64 9
65 8
66 7
66 6
67 5
68 4
69 3
69 2
70 1
71 0
71 0
71 0
71 0
71 0
71 0
71 0
71 0
71 1
71 2
71 2
71 3
71 3
71 4
71 4
71 5
71 6
71 6
71 7
71 8
71 9
71 9
71 10
71 11
71 12
71 13
71 13
71 14
72 15
72 16
72 17
72 17
72 18
72 19
72 20
72 21
72 21
72 22
72 23
72 24
72 25
72 25
72 26
72 27
72 28
72 28
72 29
72 30
72 31
72 31
72 32
72 33
72 33
72 34
72 34
71 35
71 35
71 35
71 35
70 35
70 35
69 34
69 33
69 33
68 32
68 31
68 31
68 30
67 29
67 28
66 27
66 26
66 25
65 24
65 23
64 22
64 21
64 20
63 19
63 18
62 17
62 16
62 16
62 16
62 16
61 17
61 17
61 18
61 18
61 19
61 20
61 20
61 21
61 22
61 22
61 23
62 24
62 25
62 25
62 26
62 27
62 27
63 28
63 29
63 29
64 30
64 31
64 31
65 32
65 32
65 33
65 33
66 34
66 34
66 34
67 34
67 34
68 33
68 32
69 31
69 30
70 29
71 28
71 27
72 26
72 25
73 24
74 23
74 22
75 21
76 20
76 19
77 18
77 17
78 16
79 15
79 14
80 13
80 12
81 11
81 11
82 11
82 11
83 11
83 11
83 10
83 10
83 10
83 10
84 11
84 11
84 11
84 12
84 12
84 13
84 13
83 14
83 15
83 15
83 16
83 17
83 17
82 18
82 19
82 19
81 20
81 21
80 22
80 22
80 23
79 24
79 25
79 25
78 26
77 27
77 27
76 28
76 29
76 29
75 30
74 31
73 32
72 32
71 33
70 34
69 35
68 36
67 37
66 38
65 39
64 39
63 40
62 41
61 42
61 42
60 43
59 44
58 45
58 45
57 46
56 46
56 46
56 46
55 46
55 46
55 46
56 45
56 45
57 44
57 44
58 43
59 43
59 43
60 42
61 42
62 41
62 41
63 40
64 40
65 39
65 39
66 38
67 38
68 37
69 37
69 37
70 37
71 36
72 36
73 35
74 35
74 35
75 34
76 34
77 33
78 33
78 33
79 32
80 32
81 31
81 31
82 31
83 30
84 30
85 30
85 30
86 30
87 29
88 29
88 29
89 28
89 28
90 27
91 27
91 27
91 27
92 27
92 27
91 27
91 27
91 27
90 27
89 27
89 27
88 27
87 28
86 28
85 28
84 29
83 29
82 29
81 30
80 30
79 30
78 31
77 31
77 31
76 32
76 33
76 33
75 34
75 34
75 35
75 35
74 35
74 35
73 36
73 37
73 37
73 38
73 39
73 39
73 40
72 41
72 42
72 43
72 43
71 44
71 45
70 46
70 46
70 47
70 48
69 49
69 50
69 51
69 51
68 52
68 53
67 54
67 55
67 55
67 56
66 57
66 58
66 59
66 59
65 60
65 61
64 62
64 63
64 63
64 64
63 65
63 66
63 66
63 67
63 68
63 68
62 69
62 70
62 70
62 71
62 72
62 72
61 72
61 72
61 72
62 72
62 72
62 71
62 70
62 70
62 69
63 68
63 67
64 66
64 65
65 64
65 63
65 62
66 61
66 60
67 59
67 58
68 57
68 56
68 55
69 54
69 53
70 52
70 51
71 50
71 49
71 48
72 47
72 46
73 45
73 44
74 43
74 42
74 42
75 41
76 40
76 40
77 39
77 39
77 39
77 40
77 40
77 41
77 41
77 42
77 42
77 43
77 43
77 44
77 45
77 45
77 46
77 47
77 47
76 48
76 48
76 49
76 50
76 50
76 51
76 52
76 52
76 53
76 54
76 54
76 55
76 56
76 56
76 57
76 58
76 58
76 59
76 60
76 60
76 61
76 62
76 62
76 63
76 64
76 64
77 65
77 65
77 66
77 66
78 67
78 67
78 68
78 68
79 68
79 68
80 69
80 69
81 69
81 69
82 69
83 69
83 69
84 69
84 69
85 69
85 69
86 68
87 68
87 68
88 68
88 68
89 67
89 67
90 66
90 66
91 65
91 65
92 64
93 64
93 64
94 63
94 63
95 62
96 62
96 62
97 61
97 61
98 60
98 60
99 60
99 60
99 59
99 59
99 58
99 58
100 57
100 56
100 56
100 55
100 54
100 54
100 53
100 52
100 52
100 51
100 51
100 50
100 49
100 49
100 48
100 48
100 47
100 46
100 46
99 45
99 45
99 44
99 44
99 43
99 42
