0 25
1 25
2 25
2 25
1 24
1 23
1 23
1 22
1 21
1 20
1 19
1 19
2 18
2 18
3 18
3 18
4 18
4 18
4 19
5 20
5 21
5 21
5 22
6 23
6 24
6 25
7 26
7 27
7 27
7 28
7 29
7 30
7 31
7 32
7 33
7 34
7 34
7 35
7 36
7 37
7 38
8 39
8 40
8 41
8 42
8 43
8 44
8 44
8 45
8 46
8 47
8 48
8 49
7 50
7 51
7 52
7 53
7 54
7 55
7 55
7 56
7 57
7 58
7 59
7 60
7 61
7 62
7 63
7 64
7 65
7 66
7 67
7 67
7 68
7 69
7 70
7 71
6 72
6 73
6 74
6 75
6 76
6 77
6 77
6 78
6 79
5 80
5 81
5 82
5 83
5 83
5 84
5 85
4 86
4 87
4 88
4 88
4 89
3 90
3 91
2 92
2 93
2 93
2 94
2 95
2 96
2 97
2 97
2 98
1 99
1 100
1 100
1 100
1 99
1 98
1 97
1 96
1 95
1 94
1 93
1 92
1 91
1 90
1 89
1 88
1 87
1 86
1 85
1 84
1 83
1 82
1 81
1 80
1 79
1 78
1 77
1 76
1 75
1 74
1 73
1 72
1 71
1 70
1 69
1 68
1 67
1 66
1 65
1 64
1 63
1 62
1 61
1 60
1 59
1 58
1 57
1 56
1 55
1 54
1 53
1 52
1 51
1 50
1 49
1 48
1 47
1 46
1 45
1 44
1 43
1 42
1 41
1 40
1 39
1 38
1 37
1 36
1 35
1 34
1 33
1 32
1 31
1 30
1 29
1 28
1 27
1 26
1 25
1 25
2 26
3 26
4 27
5 27
5 27
5 26
6 25
6 24
6 24
6 23
6 22
6 21
6 20
6 20
7 19
7 18
8 17
8 17
9 16
10 15
10 14
11 13
11 13
12 12
13 12
14 11
15 11
15 11
16 10
17 10
18 9
18 9
19 9
20 8
21 8
22 8
22 8
23 8
24 8
25 8
25 8
26 7
27 7
27 7
28 8
28 8
29 8
30 8
30 8
30 9
30 9
31 10
31 11
31 11
31 12
31 13
31 13
31 14
31 15
30 16
30 17
30 18
30 18
30 19
30 20
30 21
30 22
30 23
30 23
30 24
30 25
29 26
29 27
29 28
29 29
29 29
29 30
29 31
29 32
29 33
29 34
29 35
29 36
29 37
29 37
29 38
29 39
29 40
29 41
29 42
29 43
29 44
29 45
29 45
29 46
29 47
29 48
30 49
30 50
30 51
30 52
30 53
30 53
30 54
30 55
30 56
31 57
31 58
31 59
31 60
31 61
31 61
31 62
31 63
31 64
32 65
32 66
32 67
32 68
32 69
32 69
32 70
32 71
33 72
33 73
33 74
33 75
33 75
33 76
33 77
34 78
34 79
34 80
34 80
34 81
35 82
35 83
35 84
35 84
35 85
35 86
35 87
35 88
35 88
35 89
35 90
35 91
35 92
35 92
35 93
35 94
35 95
35 95
35 96
35 97
35 97
34 98
34 98
33 99
33 99
32 100
32 100
31 100
30 100
29 100
29 100
28 100
27 100
27 100
26 100
25 99
24 99
24 99
23 98
22 98
21 97
21 97
20 96
19 96
18 95
18 95
17 94
16 93
16 93
16 92
16 91
16 90
15 89
15 88
15 87
15 86
15 85
15 84
15 83
15 82
14 81
14 80
14 79
14 78
14 77
14 76
14 75
14 74
13 73
13 72
13 71
13 70
13 69
13 68
13 67
13 66
12 65
12 64
12 63
12 62
12 61
12 60
12 59
12 58
11 57
11 56
11 55
11 54
11 53
11 53
12 52
12 51
12 51
13 50
13 49
13 49
14 48
15 47
15 47
16 46
17 45
18 45
19 44
19 44
20 43
21 42
22 42
23 41
23 41
24 40
25 40
26 39
26 39
27 39
27 39
26 40
26 41
25 42
24 43
24 44
23 45
22 46
22 47
21 48
21 49
20 50
19 51
19 52
18 53
17 54
17 55
16 56
16 56
16 57
16 58
16 59
16 60
15 61
15 62
15 63
15 64
15 65
15 65
15 66
15 66
15 66
16 66
16 66
17 65
17 64
17 64
18 63
19 63
20 62
20 62
21 61
22 60
22 59
23 58
23 58
24 57
25 56
26 56
27 55
27 55
28 54
29 54
30 53
30 53
31 52
31 51
32 50
33 49
33 48
34 47
35 46
35 45
36 44
37 43
37 42
38 41
39 40
39 39
40 38
41 37
41 36
42 35
43 34
43 33
44 32
45 31
45 30
46 29
47 28
47 27
48 26
48 25
49 24
50 23
50 22
51 21
52 20
52 19
53 18
54 17
54 16
55 15
56 14
56 13
57 12
58 11
58 10
59 9
60 8
60 7
61 6
62 5
62 4
63 3
64 2
64 1
65 0
65 0
66 0
67 1
68 1
69 1
69 1
70 2
70 2
71 3
71 3
71 4
72 5
72 6
72 6
72 7
72 8
72 9
72 10
72 10
72 11
72 12
71 13
71 14
71 15
71 15
71 16
71 17
71 18
71 19
71 20
71 20
71 21
71 22
71 23
71 24
71 24
71 25
70 26
70 27
70 27
70 28
70 29
70 30
70 30
70 31
70 32
70 33
70 33
70 34
70 35
70 35
70 36
70 37
70 37
70 38
70 39
70 39
70 38
69 37
69 36
68 35
68 34
67 33
67 32
66 31
66 30
65 29
65 28
64 27
64 26
64 25
63 24
63 23
62 22
62 21
61 20
61 19
60 18
60 17
59 16
59 15
58 14
58 13
58 13
58 14
58 15
59 16
59 17
59 18
59 19
59 19
58 20
58 20
58 21
58 22
58 22
59 23
59 24
59 24
60 25
60 25
60 26
60 26
61 27
61 27
62 28
62 28
63 29
63 29
64 29
64 29
65 28
66 28
66 28
67 27
68 26
69 25
69 24
70 23
71 22
72 21
73 20
74 19
75 18
75 17
76 16
77 15
78 14
79 13
80 12
80 11
81 10
82 9
83 8
83 8
84 8
85 8
86 9
87 9
88 9
88 9
88 10
88 10
88 11
88 11
88 12
87 13
87 14
87 14
86 15
86 16
86 16
85 17
85 18
84 19
84 19
83 20
82 21
82 22
81 23
81 23
80 24
80 25
79 26
79 27
79 27
78 28
78 29
77 30
77 31
77 31
77 32
76 33
76 34
75 35
75 36
75 36
74 37
73 38
72 38
71 39
70 40
69 41
68 42
67 42
66 43
65 44
64 45
63 46
62 46
61 47
60 48
59 49
58 50
57 50
56 51
55 52
55 52
55 52
55 52
55 52
56 51
57 51
57 51
58 50
59 49
60 48
60 48
61 47
62 47
63 46
63 46
64 45
65 44
66 44
67 43
67 43
68 42
69 42
70 41
71 41
72 40
72 40
73 39
74 38
75 38
76 37
76 37
77 36
78 35
79 35
80 34
80 34
81 33
82 33
83 32
83 32
84 31
85 31
86 30
86 30
87 29
88 29
88 29
89 29
89 29
88 30
87 30
86 31
85 32
84 32
83 33
82 33
81 34
80 35
79 35
78 36
78 36
78 37
78 38
77 39
77 40
77 41
77 42
77 42
76 43
75 44
75 44
74 45
74 46
73 47
73 48
73 48
73 49
72 50
72 51
72 52
71 53
71 54
71 54
71 55
70 56
70 57
70 58
69 59
69 60
69 60
69 61
69 62
69 63
68 64
68 65
68 66
68 67
68 67
68 68
68 69
68 70
67 71
67 72
67 73
67 74
67 74
67 75
66 76
66 77
65 78
65 79
65 79
65 80
65 81
65 82
65 83
65 84
65 84
65 85
65 86
64 87
64 88
64 89
64 89
64 90
64 91
64 92
64 93
64 93
64 94
64 95
64 96
64 96
63 97
63 98
63 98
63 99
63 99
63 99
63 99
63 98
63 97
63 97
63 96
64 95
64 94
64 93
65 92
65 91
65 90
66 89
66 88
66 87
67 86
67 85
67 84
68 83
68 82
68 81
69 80
69 79
69 78
69 77
70 76
70 75
70 74
71 73
71 72
71 71
72 70
72 69
72 68
73 67
73 66
73 65
74 64
74 63
74 62
75 61
75 60
75 60
76 59
77 59
78 58
78 58
78 58
77 59
77 59
76 60
76 61
76 61
76 62
76 63
75 64
75 65
75 66
75 66
75 67
74 68
74 69
74 70
74 70
74 71
74 72
74 73
74 74
74 74
74 75
74 76
74 77
74 78
74 78
74 79
74 80
74 80
74 81
75 82
75 83
75 83
76 84
76 84
77 85
77 86
77 86
78 87
79 87
79 87
80 87
81 87
81 87
82 87
83 87
83 87
84 87
85 86
86 86
86 86
87 85
88 85
88 85
89 85
90 84
91 84
91 84
92 83
93 82
93 82
94 81
95 80
95 80
96 79
97 79
97 79
98 78
98 78
98 77
98 76
98 76
99 75
99 74
99 74
99 73
99 72
99 71
99 71
99 70
99 69
99 69
99 68
100 67
100 66
100 66
100 65
100 64
100 63
100 63
100 62
100 61
100 60
100 60
99 59
99 58
99 58
99 57
99 56
