4 12
4 12
5 12
5 12
5 12
6 13
6 13
6 14
6 15
6 15
6 16
7 17
7 18
7 18
7 19
8 20
8 21
8 22
8 22
8 23
8 24
9 25
9 26
9 27
9 27
9 28
9 29
9 30
9 31
9 32
9 33
9 33
9 34
9 35
9 36
10 37
10 38
10 39
10 40
10 40
10 41
10 42
10 43
10 44
10 45
10 46
10 47
10 47
10 48
10 49
10 50
10 51
10 52
10 53
10 54
10 54
10 55
10 56
10 57
10 58
10 59
10 60
10 60
10 61
10 62
9 63
9 64
9 65
9 66
9 66
9 67
9 68
8 69
8 70
8 71
8 71
8 72
8 73
7 74
7 75
7 76
7 76
7 77
7 78
6 79
6 80
6 81
6 81
6 82
5 83
5 84
4 85
4 86
4 86
4 87
3 88
3 89
3 90
3 90
3 91
2 92
2 93
2 93
2 94
1 95
1 96
1 96
0 97
0 97
0 98
0 98
0 98
0 97
0 96
1 95
1 94
1 93
1 92
1 91
1 90
2 89
2 88
2 87
2 86
2 85
2 84
3 83
3 82
3 81
3 80
3 79
3 78
4 77
4 76
4 75
4 74
4 73
4 72
5 71
5 70
5 69
5 68
5 67
6 66
6 65
6 64
6 63
6 62
6 61
7 60
7 59
7 58
7 57
7 56
7 55
8 54
8 53
8 52
8 51
8 50
8 49
9 48
9 47
9 46
9 45
9 44
10 43
10 42
10 41
10 40
10 39
10 38
11 37
11 36
11 35
11 34
11 33
11 32
12 31
12 30
12 29
12 28
12 27
12 26
13 25
13 24
13 23
13 22
13 21
13 20
14 19
14 18
14 17
14 17
15 17
15 17
15 16
15 15
15 15
14 14
14 13
14 13
14 13
15 12
15 12
16 11
16 11
17 10
17 10
18 9
19 8
19 8
20 7
20 7
21 6
22 5
22 5
23 4
24 4
24 4
25 3
25 2
25 2
26 1
27 1
27 1
28 0
28 0
29 0
29 0
30 1
30 1
31 1
31 1
31 2
31 3
31 4
31 4
31 5
32 6
32 7
32 7
32 8
32 9
32 10
32 11
32 11
32 12
32 13
33 14
33 15
33 16
33 17
33 17
33 18
33 19
33 20
34 21
34 22
34 23
34 24
34 24
34 25
34 26
34 27
35 28
35 29
35 30
35 31
35 31
35 32
35 33
35 34
35 35
35 36
35 37
35 38
35 39
35 39
35 40
35 41
35 42
36 43
36 44
36 45
36 46
36 47
36 47
36 48
36 49
36 50
37 51
37 52
37 53
37 54
37 55
37 55
37 56
37 57
37 58
37 59
37 60
37 61
37 62
37 62
37 63
37 64
37 65
38 66
38 67
38 68
38 69
38 69
38 70
38 71
39 72
39 73
39 74
39 75
39 75
39 76
39 77
39 78
39 79
39 80
39 81
39 81
39 82
39 83
39 84
39 85
39 85
39 86
39 87
39 88
39 88
39 89
39 90
39 91
39 91
39 92
39 93
39 94
39 94
38 95
38 96
38 96
37 97
37 98
37 98
37 99
37 99
36 100
36 100
35 100
34 100
34 100
33 100
33 100
32 99
31 99
31 99
30 98
29 97
29 97
29 96
28 95
28 94
28 93
28 92
27 91
27 90
27 89
27 88
26 87
26 86
26 85
26 84
25 83
25 82
25 81
25 80
24 79
24 78
24 77
24 76
23 75
23 74
23 73
23 72
22 71
22 70
22 69
22 68
21 67
21 66
21 65
21 64
20 63
20 62
20 61
20 60
19 59
19 58
19 57
19 56
18 55
18 54
18 53
18 52
17 51
17 50
17 49
17 48
16 47
16 46
16 46
16 46
16 45
16 45
16 45
17 45
17 45
18 44
18 44
19 44
19 44
20 43
20 43
21 42
22 42
22 42
23 41
24 41
24 41
25 40
25 40
26 39
27 39
27 39
28 39
28 39
29 38
29 38
30 38
30 38
30 38
30 38
30 38
30 39
30 39
30 39
30 39
29 40
29 41
28 42
27 43
27 44
26 45
25 46
24 47
24 48
23 49
22 50
22 51
21 52
20 53
20 54
19 55
18 56
17 57
17 58
16 59
15 60
15 61
14 62
14 62
14 63
13 64
13 65
13 66
13 66
13 65
13 64
13 64
13 64
13 64
14 64
14 64
14 64
15 64
15 64
15 64
16 64
16 64
17 63
17 63
18 63
18 63
19 62
19 62
20 62
20 62
21 61
21 61
22 60
23 60
23 60
24 60
25 60
25 60
26 59
26 59
27 58
28 58
28 58
29 58
30 58
30 58
31 58
31 58
32 58
33 58
33 58
34 58
34 58
35 58
35 58
36 58
36 58
36 58
36 58
36 58
37 58
37 58
38 57
38 56
39 55
40 54
41 53
41 52
42 51
43 50
43 49
44 48
45 47
45 46
46 45
47 44
48 43
48 42
49 41
50 40
50 39
51 38
52 37
53 36
53 35
54 34
55 33
55 32
56 31
57 30
57 29
58 28
59 27
60 26
60 25
61 24
62 23
62 22
63 21
64 20
64 19
65 18
66 17
67 16
67 15
68 14
68 14
69 13
69 12
69 12
69 11
69 11
69 11
69 11
69 12
69 12
69 12
70 13
70 14
70 14
70 15
70 16
70 16
70 17
71 18
71 19
71 19
71 20
71 21
71 22
71 23
71 23
71 24
71 25
71 26
71 26
71 27
71 28
71 29
71 29
71 30
71 31
71 31
70 32
70 33
70 33
70 34
70 35
70 35
70 36
70 36
70 37
70 38
70 38
70 39
70 39
70 40
70 40
69 39
68 39
67 38
66 37
65 37
64 36
63 35
62 34
61 34
60 33
59 32
58 32
57 31
57 31
57 32
57 32
57 32
57 32
58 33
58 33
58 34
58 34
59 35
59 35
60 36
60 36
60 36
61 37
61 37
61 37
62 38
62 38
62 39
62 39
62 39
63 38
64 37
65 36
66 35
67 35
68 34
69 33
70 32
71 31
72 30
73 29
74 28
75 28
76 27
77 26
78 25
79 24
79 24
80 25
81 25
82 26
82 26
82 26
82 25
82 24
82 24
82 25
82 25
82 26
82 26
82 27
82 27
81 28
81 28
80 29
80 30
80 30
79 31
79 32
79 32
78 33
78 34
78 34
78 35
77 36
77 37
77 37
76 38
76 39
76 39
75 40
75 41
74 42
74 42
73 43
72 44
72 44
71 45
70 46
70 46
69 47
69 48
68 49
68 49
67 50
66 50
65 51
64 52
63 52
62 53
61 54
60 55
59 55
58 56
57 57
56 57
55 58
54 59
53 59
52 60
52 60
51 61
50 62
50 62
49 62
49 62
49 62
49 62
49 63
49 63
49 63
49 63
50 63
50 63
50 63
50 63
51 63
51 63
51 62
51 62
52 62
52 62
53 62
53 62
54 61
54 61
55 61
55 61
56 60
57 60
57 60
58 60
58 60
59 59
60 59
60 59
61 58
62 57
62 57
63 57
64 57
64 57
65 56
66 56
66 56
67 55
68 55
68 55
69 54
70 54
70 54
71 54
72 54
72 54
73 53
74 53
74 53
75 53
76 53
76 53
77 53
77 53
78 52
78 52
79 52
79 52
80 52
80 52
81 52
81 52
81 52
81 51
81 51
81 51
80 51
80 51
80 51
79 51
78 52
77 52
76 53
75 53
74 53
73 54
72 54
72 54
72 54
71 54
71 54
71 55
71 55
71 55
71 56
71 56
70 57
70 57
70 57
70 58
70 58
69 59
69 60
69 60
69 61
69 61
68 62
68 63
68 63
68 64
68 65
68 65
67 66
67 67
67 67
67 68
67 68
66 69
66 70
66 70
66 71
66 71
65 72
65 73
65 73
64 74
64 74
64 75
64 75
63 76
63 77
63 77
63 78
63 78
62 79
62 79
62 79
61 80
61 80
61 81
61 81
61 81
60 82
60 82
60 82
60 82
60 82
60 82
60 82
60 82
60 82
61 81
61 80
62 79
62 78
63 77
63 76
64 75
64 74
65 73
65 72
66 71
66 70
67 69
68 68
68 67
69 66
69 65
70 64
70 63
71 62
71 61
72 60
72 59
73 58
73 57
74 56
74 56
75 57
75 57
74 58
74 58
74 57
74 57
74 58
73 59
73 60
73 60
73 61
73 62
73 62
72 63
72 64
72 64
71 65
71 66
71 66
71 67
71 68
71 68
71 69
71 70
71 70
71 71
71 72
71 72
71 73
71 74
71 74
72 75
72 75
73 76
73 77
73 77
74 77
74 77
75 78
75 78
76 79
76 79
77 79
78 79
78 79
79 79
80 79
80 79
81 78
82 78
82 78
83 78
84 78
85 78
85 78
86 77
87 77
87 77
88 77
89 76
90 76
90 76
91 75
92 75
92 75
93 74
94 74
94 74
95 73
96 73
96 73
97 73
97 73
98 72
98 72
99 72
99 72
99 71
99 71
100 70
100 70
99 69
99 69
99 68
99 68
98 67
98 66
98 66
97 65
97 64
97 64
97 63
96 62
96 61
96 61
95 60
95 59
94 58
