6 19
6 19
6 19
6 19
6 19
6 19
6 19
6 19
6 19
6 19
6 19
7 20
7 21
7 21
7 22
7 23
7 24
7 24
7 25
8 26
8 27
8 28
8 28
8 29
8 30
8 31
8 32
8 33
8 33
8 34
8 35
8 36
8 37
8 38
8 39
8 39
8 40
8 41
8 42
8 43
8 44
8 45
8 46
8 46
8 47
8 48
8 49
8 50
8 51
8 52
8 52
8 53
8 54
8 55
8 56
8 57
8 58
8 58
8 59
8 60
8 61
7 62
7 63
7 64
7 65
7 65
7 66
7 67
6 68
6 69
6 70
6 71
6 71
6 72
6 73
5 74
5 75
5 76
5 77
5 77
5 78
4 79
4 80
3 81
3 82
3 82
3 83
3 84
2 85
2 86
2 87
2 87
2 88
1 89
1 90
1 91
1 91
0 92
0 93
0 93
0 94
0 95
0 95
0 94
0 93
0 92
0 91
1 90
1 89
1 88
1 87
1 86
1 85
1 84
1 83
1 82
1 81
2 80
2 79
2 78
2 77
2 76
2 75
2 74
2 73
2 72
2 71
3 70
3 69
3 68
3 67
3 66
3 65
3 64
3 63
3 62
3 61
4 60
4 59
4 58
4 57
4 56
4 55
4 54
4 53
4 52
4 51
5 50
5 49
5 48
5 47
5 46
5 45
5 44
5 43
5 42
5 41
6 40
6 39
6 38
6 37
6 36
6 35
6 34
6 33
6 32
6 31
7 30
7 29
7 28
7 27
7 26
7 25
7 25
8 26
8 26
8 25
8 25
8 25
9 24
9 23
9 23
10 22
10 22
11 21
12 20
12 20
13 19
13 18
14 17
14 17
15 16
16 16
17 15
17 15
18 14
19 14
19 14
20 14
21 13
22 13
22 13
23 12
23 12
24 12
24 12
25 12
25 12
26 12
26 12
26 13
26 13
26 13
27 13
27 13
27 14
27 14
27 15
27 15
27 16
27 16
27 17
27 18
27 19
27 19
27 20
27 21
27 22
27 22
27 23
27 24
27 25
27 25
27 26
27 27
27 28
27 29
27 29
27 30
27 31
27 32
27 33
27 33
27 34
27 35
28 36
28 37
28 38
28 38
28 39
28 40
28 41
28 42
28 43
28 43
28 44
28 45
29 46
29 47
29 48
29 48
29 49
29 50
29 51
29 52
29 53
29 53
29 54
29 55
29 56
29 57
29 57
29 58
29 59
30 60
30 61
30 62
30 62
30 63
30 64
30 65
30 66
30 67
30 68
30 68
30 69
30 70
30 71
30 72
30 72
30 73
30 74
30 75
30 76
30 76
30 77
31 78
31 79
31 80
31 80
31 81
31 82
31 83
31 84
31 84
31 85
30 86
30 87
30 88
30 88
30 89
30 90
30 91
30 91
30 92
30 93
30 94
30 94
29 95
29 96
29 96
29 97
29 98
29 98
29 99
29 99
28 100
28 100
28 100
28 100
27 100
27 100
26 100
26 100
25 99
25 99
24 98
24 97
24 97
23 96
22 95
22 95
21 94
21 93
21 93
20 92
20 91
19 90
19 90
18 89
18 88
17 87
17 87
16 86
15 85
15 85
15 84
15 83
15 82
15 81
14 80
14 79
14 78
14 77
14 76
14 75
14 74
14 73
14 72
13 71
13 70
13 69
13 68
13 67
13 66
13 65
13 64
13 63
13 62
12 61
12 60
12 59
12 58
12 57
12 56
12 55
12 54
12 53
11 52
11 51
11 50
11 49
11 48
11 48
11 49
11 49
11 49
11 49
12 48
12 48
13 47
14 47
14 47
15 46
16 45
16 45
17 44
18 43
19 42
19 42
20 41
21 41
22 40
22 40
23 39
24 39
25 38
25 38
26 38
26 38
27 37
27 37
28 37
28 37
28 37
28 38
28 38
27 39
27 40
26 41
25 42
25 43
24 44
23 45
22 46
22 47
21 48
20 49
20 50
19 51
18 52
18 53
17 54
16 55
15 56
15 57
14 58
13 59
13 60
12 61
12 61
12 62
12 63
12 64
11 65
11 66
11 67
11 68
11 69
11 69
10 70
10 70
10 71
10 71
10 72
10 73
10 73
10 73
11 74
11 74
12 74
13 74
13 74
14 73
15 72
15 72
16 71
17 71
18 70
18 70
19 69
20 69
21 68
21 68
22 67
23 67
24 66
24 66
25 65
26 64
26 64
27 63
28 63
28 63
29 63
30 63
30 63
30 62
30 62
30 62
30 62
30 62
30 62
30 62
31 61
31 60
32 59
33 58
33 57
34 56
34 55
35 54
36 53
36 52
37 51
38 50
38 49
39 48
40 47
40 46
41 45
41 44
42 43
43 42
43 41
44 40
45 39
45 38
46 37
46 36
47 35
48 34
48 33
49 32
50 31
50 30
51 29
52 28
52 27
53 26
53 25
54 24
55 23
55 22
56 21
57 20
57 19
58 18
59 17
59 16
60 15
60 14
61 13
62 12
62 11
63 10
64 9
64 8
65 7
65 6
66 5
67 4
67 3
68 2
68 2
69 1
69 1
68 1
68 1
68 1
68 1
68 1
68 0
68 0
69 0
69 0
69 1
69 1
69 2
69 3
69 3
70 4
70 5
70 5
70 6
70 7
70 8
70 8
70 9
70 10
70 11
70 11
70 12
70 13
70 14
70 14
70 15
70 16
70 17
70 18
70 18
70 19
70 20
70 21
70 21
70 22
71 23
71 24
71 24
71 25
71 26
71 26
71 27
71 28
71 28
71 29
71 30
71 30
71 31
71 32
71 32
71 33
71 33
70 32
69 31
69 30
68 29
67 28
66 27
66 26
65 25
64 24
63 23
63 22
62 21
61 20
60 19
60 18
59 17
58 16
58 16
59 17
59 17
59 17
59 18
59 18
59 19
59 20
59 20
59 21
60 22
60 23
60 23
60 24
60 25
60 25
60 26
60 27
60 27
61 28
61 29
61 29
61 30
61 31
61 31
61 32
61 33
61 33
61 34
61 34
61 35
61 35
62 36
62 36
63 35
64 34
64 33
65 32
66 31
67 30
67 29
68 28
69 27
70 26
70 25
71 24
72 23
73 22
73 21
74 20
75 19
76 18
76 17
77 16
78 15
79 14
79 13
80 12
81 11
82 10
82 9
83 8
83 8
84 9
85 10
85 10
85 10
85 11
85 11
85 12
85 13
85 13
84 14
84 15
84 15
84 16
84 16
84 17
83 18
83 19
83 19
82 20
81 21
81 21
81 22
80 23
80 24
80 24
79 25
79 26
79 26
78 27
77 28
77 28
76 29
76 30
76 30
76 31
75 32
75 33
75 33
74 34
73 35
72 36
71 37
70 38
69 39
68 40
67 41
66 42
65 43
64 44
63 45
62 46
61 46
60 47
59 48
58 49
57 50
56 51
55 52
54 53
53 54
52 55
51 56
50 57
49 58
49 58
49 59
49 60
49 60
49 60
49 60
50 60
50 60
51 59
52 59
52 59
53 58
54 58
54 58
55 57
56 57
57 56
58 56
58 56
59 55
60 55
61 54
62 54
62 54
63 53
64 52
65 52
66 51
66 51
67 50
68 50
69 49
70 49
71 48
71 48
72 47
73 47
74 46
75 46
76 45
76 45
77 44
78 43
79 43
80 42
80 42
81 41
82 41
83 40
83 40
84 40
85 39
86 39
86 39
87 38
87 38
87 38
88 37
88 37
88 37
88 37
88 37
87 38
86 38
85 39
84 39
83 40
82 40
81 41
80 41
79 42
78 42
77 43
76 43
75 44
74 44
73 45
73 45
73 46
73 46
72 47
72 48
72 48
72 49
71 50
71 51
71 51
71 52
70 53
70 54
70 54
70 55
69 56
69 57
69 58
69 58
69 59
68 60
68 61
67 62
67 63
67 63
67 64
67 65
66 66
66 67
66 68
66 68
66 69
65 70
65 71
64 72
64 73
64 73
64 74
64 75
63 76
63 77
63 78
63 78
63 79
62 80
62 81
62 82
62 82
62 83
62 84
62 85
62 85
62 86
61 87
61 88
61 89
61 89
60 90
60 91
60 91
60 92
60 93
60 93
60 94
60 95
60 95
60 95
60 96
60 96
60 95
60 95
60 94
61 93
61 92
62 91
62 90
62 89
63 88
63 87
64 86
64 85
64 84
65 83
65 82
66 81
66 80
66 79
67 78
67 77
68 76
68 75
68 74
69 73
69 72
70 71
70 70
70 69
71 68
71 67
72 66
72 65
72 64
73 63
73 62
74 61
74 60
74 59
75 58
75 57
76 56
76 55
76 55
76 56
76 57
76 57
76 58
76 59
76 60
76 60
75 61
75 62
75 62
75 63
75 64
75 65
75 66
75 66
75 67
75 68
75 69
75 70
75 71
75 71
75 72
74 73
74 74
74 75
74 75
74 76
74 77
74 78
74 79
74 79
74 80
74 81
74 82
74 83
74 83
74 84
74 85
74 86
74 86
74 87
74 88
74 89
74 89
74 90
74 91
74 92
74 92
75 93
75 93
75 94
75 95
75 95
76 96
76 96
77 97
77 97
78 97
79 97
79 97
80 97
81 97
81 97
82 96
83 96
83 96
84 96
85 95
86 95
86 95
87 94
88 94
88 94
89 94
90 93
91 93
91 93
92 92
93 92
93 92
94 91
94 91
95 91
95 91
96 90
96 90
96 90
97 89
97 89
97 88
97 88
98 87
98 87
98 86
98 85
98 85
99 84
99 83
99 83
99 82
99 81
99 81
100 80
100 79
100 79
100 78
100 77
100 77
100 76
100 75
100 74
100 73
100 73
100 72
99 71
99 70
99 70
99 69
99 68
99 67
99 66
99 66
99 65
98 64
98 63
98 62
