2 26
2 26
2 25
2 24
2 24
2 23
2 22
2 22
2 22
2 21
2 21
2 21
3 21
3 21
4 22
4 23
4 23
4 24
5 25
5 26
5 27
5 27
5 28
5 29
6 30
6 31
6 32
6 33
6 33
6 34
6 35
7 36
7 37
7 38
7 39
7 39
7 40
7 41
7 42
7 43
7 44
7 45
7 46
7 46
7 47
7 48
7 49
7 50
6 51
6 52
6 53
6 54
6 55
6 55
6 56
6 57
6 58
5 59
5 60
5 61
5 62
5 63
5 63
5 64
5 65
5 66
4 67
4 68
4 69
4 70
4 70
4 71
4 72
4 73
3 74
3 75
3 76
3 77
3 77
3 78
3 79
2 80
2 81
2 82
2 82
2 83
2 84
1 85
1 86
1 87
1 87
1 88
0 89
0 90
0 91
0 91
0 92
0 93
0 94
0 95
0 95
0 96
0 97
0 97
0 98
0 98
0 97
0 96
0 95
0 94
0 93
0 92
0 91
0 90
0 89
0 88
0 87
0 86
0 85
0 84
0 83
0 82
1 81
1 80
1 79
1 78
1 77
1 76
1 75
1 74
1 73
1 72
1 71
1 70
1 69
1 68
1 67
1 66
1 65
1 64
1 63
1 62
1 61
1 60
1 59
1 58
1 57
1 56
1 55
1 54
1 53
1 52
1 51
1 50
1 49
1 48
2 47
2 46
2 45
2 44
2 43
2 42
2 41
2 40
2 39
2 38
2 37
2 36
2 35
2 34
2 33
2 32
2 31
2 30
2 30
2 31
2 32
2 32
2 31
2 31
2 30
2 30
3 29
3 28
3 28
4 27
5 26
5 26
6 25
7 24
8 24
9 23
9 23
10 22
10 21
11 20
11 20
12 19
13 19
14 18
14 18
15 17
16 17
17 16
17 16
18 15
19 15
19 15
20 15
21 15
21 15
22 15
22 15
22 15
23 15
23 15
23 16
23 16
23 16
24 17
24 17
24 18
24 19
24 19
24 20
24 21
24 21
24 22
24 23
24 24
24 25
24 25
24 26
24 27
24 28
24 29
24 29
24 30
24 31
24 32
24 33
24 34
24 34
24 35
24 36
25 37
25 38
25 39
25 39
25 40
25 41
25 42
25 43
25 44
25 44
25 45
25 46
25 47
25 48
25 49
25 50
25 51
25 51
25 52
25 53
26 54
26 55
26 56
26 57
26 57
26 58
26 59
26 60
26 61
26 62
26 63
26 64
26 64
26 65
26 66
26 67
26 68
26 69
26 70
26 70
26 71
26 72
26 73
26 74
26 75
26 76
26 76
26 77
26 78
26 79
26 80
26 81
26 81
26 82
26 83
26 84
26 85
26 86
26 86
26 87
27 88
27 89
27 90
27 90
27 91
27 92
27 93
27 94
27 94
27 95
27 96
27 96
27 97
27 98
27 98
27 99
27 99
26 100
26 100
26 100
25 100
25 100
24 100
24 100
23 99
22 99
22 99
21 98
20 98
20 98
19 98
18 97
17 97
17 97
16 96
15 96
15 96
14 95
13 94
13 94
13 93
13 92
13 91
13 90
12 89
12 88
12 87
12 86
12 85
12 84
12 83
12 82
11 81
11 80
11 79
11 78
11 77
11 76
11 75
11 74
10 73
10 72
10 71
10 70
10 69
10 68
10 67
10 66
9 65
9 64
9 63
9 62
9 61
9 60
9 59
9 58
8 57
8 56
8 55
8 54
8 53
8 53
8 53
8 53
8 53
9 53
9 53
10 52
10 52
11 51
12 51
13 50
13 50
14 49
15 49
15 49
16 48
17 47
18 46
18 46
19 46
20 45
21 45
21 45
22 44
22 44
22 44
22 45
22 45
21 46
21 47
20 48
19 49
18 50
18 51
17 52
16 53
15 54
15 55
14 56
13 57
12 58
12 59
11 60
10 61
9 62
9 63
8 64
8 64
8 65
7 66
7 67
7 68
7 69
6 70
6 71
6 71
6 72
5 73
5 74
5 74
5 74
5 74
6 75
6 75
7 75
8 74
9 74
9 74
10 73
11 73
12 72
12 72
13 71
14 70
15 70
16 69
16 69
17 68
18 68
19 67
20 67
20 67
21 66
22 65
22 65
23 65
24 65
24 65
24 65
24 65
24 65
24 65
25 64
26 63
26 62
27 61
28 60
29 59
29 58
30 57
31 56
32 55
33 54
33 53
34 52
35 51
36 50
36 49
37 48
38 47
39 46
40 45
40 44
41 43
42 42
43 41
43 40
44 39
45 38
46 37
47 36
47 35
48 34
49 33
50 32
51 31
51 30
52 29
53 28
54 27
54 26
55 25
56 24
57 23
58 22
58 21
59 20
60 19
61 18
61 17
62 16
63 15
64 14
65 13
65 12
66 11
67 10
68 9
68 8
69 7
70 6
70 6
71 5
71 4
71 4
71 3
71 3
71 2
71 1
71 1
71 1
71 1
71 1
71 2
71 3
71 3
71 4
72 5
72 6
72 7
72 7
72 8
72 9
72 10
72 11
72 12
72 13
72 13
72 14
72 15
72 16
72 17
72 18
72 18
72 19
72 20
72 21
72 22
72 23
72 23
72 24
72 25
72 26
72 27
72 28
72 28
72 29
72 30
72 31
72 32
72 32
72 33
72 34
72 34
72 35
72 36
72 37
72 37
71 38
71 39
71 39
71 40
71 40
71 41
71 42
71 42
71 42
70 41
70 40
69 39
68 38
68 37
67 36
66 35
66 34
65 33
64 32
63 31
63 30
62 29
61 28
61 27
60 26
59 25
59 24
58 23
57 22
57 21
56 20
56 20
56 21
56 22
56 22
56 23
56 23
57 24
57 24
57 25
57 26
57 26
58 27
58 28
58 28
58 29
58 30
58 30
59 31
59 31
59 32
59 33
59 33
60 34
60 34
61 34
61 34
62 33
63 32
64 31
65 30
66 29
66 28
67 27
68 26
69 25
70 24
71 23
72 22
73 21
74 20
75 19
75 18
76 17
77 16
78 15
79 14
80 13
80 13
81 13
82 14
83 14
84 14
84 14
84 14
84 15
84 16
84 16
83 17
83 17
82 18
82 19
82 19
82 20
81 21
81 22
81 22
80 23
80 24
79 25
79 25
79 26
78 27
78 28
78 29
78 29
77 30
77 31
76 32
76 32
75 33
74 34
73 35
72 36
71 37
70 38
69 39
68 40
67 41
66 42
65 43
64 44
63 45
62 46
61 47
60 48
59 49
58 50
57 51
56 52
55 53
54 54
53 55
53 55
52 56
52 57
52 57
52 57
52 57
52 57
53 56
53 56
54 55
54 55
55 55
56 54
57 54
57 54
58 53
59 53
60 52
61 52
62 51
62 51
63 50
64 50
65 49
66 49
67 48
67 48
68 47
69 47
70 46
71 45
72 45
73 44
73 44
74 43
75 43
76 42
77 42
78 41
78 41
79 41
80 40
81 40
82 39
83 39
83 39
84 38
85 38
86 37
86 37
87 37
88 37
88 37
89 37
89 37
90 37
90 37
89 37
89 37
89 37
88 37
87 38
86 38
85 39
84 39
83 40
82 40
81 41
80 41
79 41
78 42
77 42
76 43
75 43
74 44
73 44
73 44
73 45
73 46
73 47
73 48
73 49
73 50
73 51
73 52
73 52
72 53
72 54
72 54
71 54
71 54
71 55
70 56
70 57
69 58
69 59
69 59
69 60
69 61
68 62
68 63
68 64
68 64
68 65
67 66
67 67
67 68
66 69
66 70
66 70
66 71
66 72
65 73
65 74
65 75
65 76
65 76
65 77
64 78
64 79
64 80
64 80
64 81
63 82
63 83
63 84
63 84
63 85
63 86
63 87
63 88
63 88
63 89
62 90
62 91
62 92
62 92
62 93
61 94
61 95
61 95
61 96
61 97
61 98
61 98
61 99
61 99
61 100
61 100
61 100
61 99
62 98
62 97
62 96
63 95
63 94
64 93
64 92
64 91
65 90
65 89
65 88
66 87
66 86
66 85
67 84
67 83
68 82
68 81
68 80
69 79
69 78
69 77
70 76
70 75
70 74
71 73
71 72
72 71
72 70
72 69
73 68
73 67
73 66
74 65
74 64
74 63
75 62
75 61
76 60
76 59
76 58
77 57
77 56
77 56
77 57
77 58
78 59
78 60
78 61
78 61
78 60
78 60
78 61
77 62
77 63
77 64
77 64
77 65
77 66
76 67
76 68
76 69
76 69
76 70
76 71
76 72
76 73
76 74
76 74
76 75
76 76
75 77
75 78
75 79
75 79
75 80
75 81
75 82
75 83
75 84
75 84
75 85
75 86
75 87
75 87
75 88
76 89
76 90
76 91
76 91
77 92
77 93
77 93
78 94
78 95
78 95
79 96
79 96
80 97
80 97
81 97
82 97
82 97
83 97
84 97
85 97
85 97
86 96
87 96
87 96
88 96
89 95
90 95
91 95
91 95
92 94
93 93
93 93
94 92
95 92
95 92
96 91
97 91
97 91
98 90
98 90
98 89
98 88
98 88
99 87
99 86
99 86
99 85
99 84
99 83
99 83
99 82
99 81
99 80
99 80
99 79
100 78
100 77
100 77
100 76
100 75
100 74
100 73
100 72
100 72
100 71
100 70
100 69
100 68
100 68
100 67
100 66
99 65
99 64
99 63
