10 21
10 21
10 20
10 20
10 20
10 21
10 21
11 22
11 23
11 23
11 24
11 25
11 25
11 26
12 27
12 28
12 29
12 29
12 30
12 31
12 32
12 33
12 33
12 34
12 35
12 36
12 37
12 38
12 39
12 39
12 40
12 41
12 42
12 43
12 44
12 45
12 45
12 46
12 47
12 48
12 49
12 50
12 51
12 51
12 52
12 53
11 54
11 55
11 56
11 57
11 57
11 58
11 59
11 60
10 61
10 62
10 63
10 64
10 65
10 65
10 66
10 67
10 68
9 69
9 70
9 71
9 72
9 72
9 73
9 74
8 75
8 76
8 77
8 78
8 78
8 79
8 80
7 81
7 82
7 83
7 84
7 84
7 85
7 86
6 87
6 88
6 89
6 89
5 90
5 91
4 92
4 93
4 93
3 94
3 95
2 96
2 96
1 97
1 97
0 96
0 96
0 95
1 94
1 93
1 92
1 91
2 90
2 89
2 88
2 87
3 86
3 85
3 84
3 83
4 82
4 81
4 80
4 79
5 78
5 77
5 76
5 75
6 74
6 73
6 72
6 71
7 70
7 69
7 68
7 67
8 66
8 65
8 64
8 63
9 62
9 61
9 60
9 59
10 58
10 57
10 56
10 55
11 54
11 53
11 52
11 51
12 50
12 49
12 48
12 47
13 46
13 45
13 44
13 43
14 42
14 41
14 40
14 39
15 38
15 37
15 36
15 35
16 34
16 33
16 32
16 31
17 30
17 29
17 28
17 27
18 26
18 25
18 24
18 23
19 22
19 21
19 21
20 20
20 20
20 20
21 20
21 20
22 19
22 19
23 18
23 17
23 17
24 16
24 15
24 15
25 14
26 14
26 14
27 13
27 13
28 13
28 13
29 13
29 13
29 13
30 14
30 15
30 15
30 16
30 17
30 17
30 18
30 19
30 20
30 21
30 21
30 22
30 23
30 24
30 24
30 25
30 26
31 27
31 28
31 29
31 29
31 30
32 31
32 32
32 33
32 33
32 34
32 35
32 36
32 37
32 38
32 38
32 39
32 40
33 41
33 42
33 43
33 44
33 44
33 45
33 46
33 47
33 48
33 48
33 49
33 50
34 51
34 52
34 53
34 54
34 54
34 55
34 56
34 57
35 58
35 59
35 60
35 61
35 61
35 62
35 63
35 64
35 65
35 66
35 67
35 68
35 68
35 69
35 70
35 71
35 72
35 73
35 74
35 74
35 75
35 76
36 77
36 78
36 79
36 80
36 80
36 81
36 82
36 83
36 84
36 85
36 86
36 86
36 87
36 88
37 89
37 90
37 91
37 91
37 92
37 93
37 94
37 95
37 95
37 96
37 97
37 97
37 98
37 99
37 99
37 100
37 100
37 100
36 100
36 100
36 100
35 99
35 99
34 98
34 97
34 97
33 96
33 95
33 95
32 94
31 93
31 93
30 92
30 91
29 90
29 90
28 89
28 88
27 87
27 86
27 86
27 85
26 84
26 83
26 82
26 82
26 81
25 80
25 79
25 78
25 77
24 76
24 75
24 74
24 73
23 72
23 71
23 70
23 69
22 68
22 67
22 66
21 65
21 64
21 63
21 62
20 61
20 60
20 59
20 58
19 57
19 56
19 55
19 54
18 53
18 52
18 51
18 50
17 49
17 48
17 48
17 48
17 48
17 48
18 47
18 47
18 47
19 47
19 47
20 46
20 46
21 45
22 45
22 45
23 44
24 43
24 43
25 42
26 42
26 42
27 41
27 41
28 40
29 40
29 40
30 40
30 40
30 41
29 42
29 43
28 44
28 45
28 46
27 47
27 48
26 49
26 50
26 51
25 52
25 53
24 54
24 55
23 56
23 57
23 58
22 59
22 60
21 61
21 62
21 63
20 64
20 65
19 66
19 67
19 67
19 68
18 69
18 70
18 71
18 71
18 71
18 71
19 71
19 71
19 70
19 70
20 69
20 69
21 68
22 67
22 67
23 66
24 65
24 65
25 64
26 63
26 63
27 62
28 61
29 60
29 60
30 59
31 58
31 58
32 57
32 56
33 55
33 55
34 54
35 53
35 53
36 52
36 51
37 50
37 49
38 48
39 47
39 46
40 45
41 44
41 43
42 42
42 41
43 40
44 39
44 38
45 37
46 36
46 35
47 34
47 33
48 32
49 31
49 30
50 29
51 28
51 27
52 26
52 25
53 24
54 23
54 22
55 21
55 20
56 19
57 18
57 17
58 16
59 15
59 14
60 13
60 12
61 11
62 10
62 9
63 8
64 7
64 6
65 5
65 4
66 3
66 3
66 2
66 2
66 1
66 1
66 1
67 1
67 1
68 0
68 0
68 1
68 1
69 2
69 2
69 3
69 4
69 5
69 5
69 6
70 7
70 8
70 8
70 9
70 10
70 11
70 11
70 12
70 13
70 14
70 15
70 15
70 16
70 17
70 18
70 19
70 20
70 20
70 21
70 22
70 23
70 24
70 25
70 25
70 26
70 27
70 28
70 29
70 29
70 30
70 31
69 32
69 33
69 34
69 34
69 35
69 36
69 37
69 37
69 38
69 39
69 40
69 41
69 41
69 42
69 43
69 43
69 44
69 44
69 44
68 44
68 44
68 43
68 43
68 42
67 41
67 40
66 39
66 38
66 37
65 36
65 35
65 34
64 33
64 32
63 31
63 30
63 29
62 28
62 27
62 27
61 26
60 26
60 26
59 26
59 26
59 25
59 25
59 26
59 26
60 27
60 27
61 28
61 28
61 29
61 29
62 30
62 31
62 31
63 32
63 32
64 33
64 33
65 34
66 34
66 34
67 34
67 34
68 33
69 33
70 32
71 32
72 31
73 31
74 30
74 30
75 29
75 28
76 27
76 26
76 26
77 25
77 24
77 24
78 23
78 23
78 23
77 23
77 23
77 23
77 23
76 24
76 25
76 25
75 26
75 27
75 27
74 28
74 29
74 29
74 30
73 31
73 32
73 32
72 33
72 34
71 35
71 36
71 36
70 37
69 38
68 39
67 40
66 41
65 42
64 43
63 44
63 45
62 46
61 47
60 48
59 49
58 50
57 51
56 52
55 53
55 53
54 54
53 54
53 54
53 54
53 54
53 55
53 55
53 55
54 54
54 54
55 53
56 53
56 53
57 52
58 52
58 52
59 51
60 51
61 50
61 50
62 49
63 49
64 48
64 48
65 47
66 47
67 46
67 46
68 46
69 45
70 45
70 45
71 45
72 44
73 44
73 44
74 43
75 42
75 42
76 41
77 41
77 41
78 41
78 41
79 40
79 40
79 40
79 40
78 40
77 41
76 41
75 42
74 42
74 42
73 42
72 43
71 43
71 43
70 44
70 45
70 45
69 46
69 46
68 47
68 48
68 48
68 49
67 50
67 51
67 51
67 52
66 53
66 54
66 54
66 55
66 56
65 57
65 58
65 59
65 59
65 60
65 61
64 62
64 63
64 64
64 64
64 65
63 66
63 67
63 68
63 68
63 69
62 70
62 71
62 72
62 72
62 73
61 74
61 75
61 76
61 76
61 77
60 78
60 79
60 79
60 80
60 81
60 81
59 81
59 81
59 81
60 80
60 80
60 79
61 78
61 77
61 76
62 75
62 74
63 73
63 72
63 71
64 70
64 69
64 68
65 67
65 66
65 65
66 64
66 63
66 62
67 61
67 60
68 59
68 58
68 57
69 56
69 55
69 55
70 54
71 53
72 52
72 52
73 51
73 50
73 50
73 50
73 50
73 50
73 51
73 51
73 52
73 52
73 53
73 54
73 54
73 55
73 56
73 56
73 57
73 58
73 59
73 59
73 60
72 61
72 62
72 63
72 63
72 64
72 65
72 66
72 66
72 67
71 68
71 69
71 70
71 70
71 71
71 72
71 73
71 73
71 74
72 75
72 76
72 76
72 77
72 78
72 78
73 79
73 80
73 80
74 81
74 81
75 82
75 82
76 83
77 83
77 83
78 83
79 83
79 83
80 83
81 83
81 83
82 82
83 82
83 82
84 81
85 81
85 81
86 81
87 80
88 80
88 80
89 79
90 79
90 79
91 79
92 78
93 78
93 78
94 77
94 77
95 76
96 75
96 75
97 74
97 74
98 73
98 73
99 72
99 71
99 71
99 70
99 69
99 68
99 68
99 67
99 66
99 65
99 65
99 64
100 63
100 62
100 61
100 61
100 60
100 59
100 58
100 57
100 56
100 56
100 55
100 54
100 53
100 52
100 51
