3 31
3 30
3 30
3 29
3 29
3 28
3 28
3 27
3 27
3 27
4 28
4 28
4 29
4 29
4 30
5 31
5 32
5 32
5 33
6 34
6 35
6 36
6 36
6 37
6 38
6 39
6 40
6 41
6 42
6 42
6 43
6 44
7 45
7 46
7 47
7 48
7 48
7 49
7 50
7 51
6 52
6 53
6 54
6 55
6 55
6 56
6 57
6 58
6 59
6 60
6 61
6 62
6 63
6 63
6 64
6 65
6 66
6 67
5 68
5 69
5 70
5 71
5 72
5 72
5 73
5 74
4 75
4 76
4 77
4 78
4 78
4 79
4 80
3 81
3 82
3 83
3 84
3 84
3 85
3 86
2 87
2 88
2 89
2 89
2 90
1 91
1 92
1 92
1 93
0 94
0 95
0 95
0 96
0 97
0 98
0 98
0 99
0 99
0 98
0 97
0 96
0 95
0 94
0 93
0 92
0 91
0 90
0 89
0 88
1 87
1 86
1 85
1 84
1 83
1 82
1 81
1 80
1 79
1 78
1 77
1 76
1 75
1 74
1 73
1 72
1 71
1 70
1 69
1 68
1 67
1 66
1 65
2 64
2 63
2 62
2 61
2 60
2 59
2 58
2 57
2 56
2 55
2 54
2 53
2 52
2 51
2 50
2 49
2 48
2 47
2 46
2 45
2 44
2 43
2 42
3 41
3 40
3 39
3 38
3 37
3 36
3 35
3 34
3 33
3 32
3 31
3 30
3 30
4 31
4 31
4 31
4 31
5 30
5 30
6 29
6 28
6 28
7 27
8 27
9 26
9 26
10 25
11 24
11 24
12 23
13 22
14 21
14 21
15 21
16 22
17 22
17 22
18 21
19 21
20 20
20 20
21 19
22 18
23 17
23 17
24 16
25 16
25 16
26 16
26 16
27 16
27 16
28 16
28 16
28 16
28 16
28 17
28 18
28 18
28 19
28 19
28 20
28 21
28 21
28 22
28 23
28 24
28 24
28 25
28 26
28 27
28 28
28 28
28 29
28 30
28 31
28 32
28 32
28 33
28 34
28 35
28 36
28 37
28 37
28 38
28 39
28 40
28 41
28 42
28 43
28 44
28 44
28 45
28 46
29 47
29 48
29 49
29 50
29 50
29 51
29 52
29 53
29 54
29 55
29 56
29 56
29 57
29 58
29 59
30 60
30 61
30 62
30 63
30 63
30 64
30 65
30 66
30 67
30 68
30 69
30 69
30 70
30 71
30 72
30 73
30 74
30 74
30 75
30 76
30 77
30 78
30 79
30 79
30 80
30 81
30 82
30 83
30 84
30 84
30 85
30 86
30 87
30 88
30 88
30 89
30 90
30 91
30 91
30 92
30 93
30 93
29 94
29 95
29 95
29 96
29 97
29 97
29 98
29 98
28 99
28 99
28 100
28 100
27 100
27 100
27 100
26 100
26 100
25 100
25 100
24 100
24 100
23 99
23 99
22 98
21 97
21 97
20 96
19 95
19 95
18 94
17 93
17 93
16 92
15 91
15 91
15 90
15 89
15 88
15 87
15 86
15 85
14 84
14 83
14 82
14 81
14 80
14 79
14 78
14 77
14 76
14 75
14 74
14 73
14 72
13 71
13 70
13 69
13 68
13 67
13 66
13 65
13 64
13 63
13 62
13 61
13 60
13 59
13 58
12 57
12 56
12 55
12 54
12 53
12 52
12 51
12 51
12 52
12 52
11 52
11 52
11 52
11 52
12 51
12 51
13 50
14 50
14 50
15 49
16 49
17 48
17 48
18 47
19 47
20 46
20 46
21 45
22 44
22 44
23 43
24 43
24 43
25 43
25 43
26 44
26 44
25 45
25 46
24 47
24 48
23 49
23 50
22 51
22 52
21 53
20 54
20 55
19 56
19 57
18 58
18 59
17 60
16 61
16 62
15 63
15 64
14 65
14 66
13 67
13 68
12 69
12 69
12 70
11 71
11 72
10 73
10 74
10 74
10 74
10 75
10 75
11 74
11 74
12 73
13 73
13 73
14 72
14 71
15 70
15 70
16 69
17 69
18 68
19 68
19 68
20 67
21 67
22 66
22 66
23 65
24 64
24 64
25 64
25 64
25 64
26 64
26 64
26 64
27 63
27 62
28 61
29 60
29 59
30 58
31 57
32 56
32 55
33 54
34 53
34 52
35 51
36 50
36 49
37 48
38 47
38 46
39 45
40 44
40 43
41 42
42 41
43 40
43 39
44 38
45 37
45 36
46 35
47 34
47 33
48 32
49 31
49 30
50 29
51 28
52 27
52 26
53 25
54 24
54 23
55 22
56 21
56 20
57 19
58 18
58 17
59 16
60 15
60 14
61 13
62 12
63 11
63 10
64 9
65 8
65 7
66 6
66 6
67 5
67 4
67 4
67 3
67 3
67 2
67 2
67 2
68 1
68 0
68 0
69 1
69 1
69 2
69 3
69 4
69 4
69 5
69 6
70 7
70 8
70 9
70 9
70 10
70 11
70 12
70 13
70 14
70 14
70 15
70 16
70 17
70 18
70 19
70 19
70 20
70 21
70 22
70 23
70 24
70 24
70 25
70 26
70 27
70 27
70 28
70 29
70 30
70 30
70 31
70 32
70 33
70 33
70 34
70 35
70 36
70 36
70 37
70 38
70 38
70 39
70 40
70 40
70 41
70 42
70 42
70 42
69 41
69 40
68 39
68 38
67 37
66 36
66 35
65 34
65 33
64 32
63 31
63 30
62 29
62 28
61 27
61 26
60 25
59 24
59 23
58 22
58 21
57 20
57 20
58 21
58 21
58 22
58 22
58 23
58 23
58 24
58 24
59 25
59 26
59 26
59 27
59 28
59 28
59 29
59 30
59 30
60 31
60 32
60 32
60 33
60 33
60 34
60 34
61 34
61 34
62 34
62 34
63 33
63 33
64 32
65 31
65 30
66 29
67 28
68 27
68 26
69 25
70 24
71 23
72 22
72 21
73 20
74 19
75 18
75 17
76 16
77 15
77 15
78 14
79 14
80 13
81 13
82 12
83 12
83 12
84 11
84 11
84 12
84 12
84 13
84 13
84 14
84 14
84 15
83 16
83 17
83 17
82 18
82 19
81 20
81 20
81 21
80 22
80 23
80 23
79 24
79 25
78 26
78 26
77 27
77 28
76 29
76 29
76 30
75 31
75 32
75 32
74 33
73 34
73 35
72 36
71 37
70 38
69 39
69 40
68 41
67 42
66 43
65 44
65 45
64 46
63 47
62 48
61 49
61 50
60 51
59 52
58 53
57 54
57 55
56 56
55 57
55 57
55 58
54 59
54 60
54 60
54 60
54 60
54 59
54 59
55 58
56 58
56 58
57 57
57 56
58 55
58 55
59 54
60 53
61 52
61 52
62 51
63 51
64 50
65 50
66 49
66 49
67 48
68 47
69 47
70 46
70 46
71 45
72 44
73 44
74 43
75 42
75 42
76 41
77 40
78 40
79 39
79 39
80 38
81 37
82 37
83 36
83 36
84 35
85 35
85 35
86 34
86 34
86 34
87 34
87 34
86 35
86 35
86 35
85 36
84 36
83 37
82 37
81 38
80 38
79 39
78 39
77 40
76 40
75 41
75 41
75 42
74 43
74 44
74 45
74 45
74 46
74 47
74 47
73 48
72 49
72 49
72 50
71 51
71 52
71 53
71 53
71 54
70 55
70 56
69 57
69 58
69 58
69 59
69 60
68 61
68 62
68 63
68 64
68 64
68 65
67 66
67 67
67 68
66 69
66 70
66 70
66 71
66 72
65 73
65 74
65 75
65 75
65 76
65 77
64 78
64 79
64 80
64 80
64 81
64 82
63 83
63 84
63 85
63 85
63 86
62 87
62 88
62 89
62 89
62 90
62 91
62 91
62 92
61 93
61 94
61 94
61 95
61 95
61 96
61 97
61 97
61 98
61 98
62 98
62 98
62 97
62 97
62 96
62 96
62 95
63 94
63 93
64 92
64 91
64 90
65 89
65 88
65 87
66 86
66 85
67 84
67 83
67 82
68 81
68 80
68 79
69 78
69 77
70 76
70 75
70 74
71 73
71 72
71 71
72 70
72 69
73 68
73 67
73 66
74 65
74 64
74 63
75 62
75 61
76 60
76 59
76 58
77 57
77 56
77 56
77 57
77 58
77 58
77 59
77 60
77 60
77 61
76 62
76 63
76 63
76 64
76 65
75 66
75 67
75 68
75 68
75 69
75 70
75 71
75 72
75 72
75 73
74 74
74 75
74 76
74 76
74 77
74 78
74 79
74 80
74 81
74 81
74 82
74 83
74 84
74 85
74 86
74 86
74 87
74 88
74 89
74 89
75 90
75 91
75 91
76 92
76 93
76 93
77 94
77 94
78 95
78 95
79 96
79 96
80 96
81 96
81 96
82 96
83 96
83 96
84 95
85 95
85 95
86 94
87 94
87 94
88 94
89 93
90 93
90 93
91 92
92 92
92 92
93 91
94 91
94 91
95 91
96 91
96 91
97 90
97 90
98 90
98 90
98 89
98 89
98 88
98 88
99 87
99 86
99 86
99 85
99 84
99 84
99 83
99 82
99 82
99 81
99 80
99 79
99 79
99 78
99 77
99 76
99 76
99 75
99 74
99 73
99 73
99 72
100 71
100 70
100 69
100 69
100 68
100 67
100 66
100 65
100 64
