7 19
8 18
8 18
8 17
8 17
8 17
8 18
8 18
8 18
8 19
8 19
8 20
8 21
8 21
9 22
9 23
9 23
9 24
9 25
9 26
9 26
9 27
9 28
9 29
9 29
9 30
10 31
10 32
10 33
10 33
10 34
10 35
10 36
10 37
10 38
10 39
10 39
10 40
10 41
10 42
10 43
10 44
10 45
10 45
10 46
10 47
10 48
10 49
10 50
10 51
10 51
10 52
10 53
9 54
9 55
9 56
9 57
9 57
9 58
9 59
9 60
9 61
9 62
9 62
9 63
9 64
8 65
8 66
8 67
8 67
8 68
8 69
8 70
8 71
8 72
8 72
8 73
7 74
7 75
7 76
7 76
6 77
6 78
5 79
5 80
5 80
5 81
4 82
4 83
4 84
4 84
3 85
3 86
2 87
2 87
1 88
1 89
1 89
0 89
0 89
0 89
0 88
0 87
0 86
0 85
1 84
1 83
1 82
1 81
1 80
1 79
1 78
1 77
1 76
1 75
2 74
2 73
2 72
2 71
2 70
2 69
2 68
2 67
2 66
2 65
3 64
3 63
3 62
3 61
3 60
3 59
3 58
3 57
3 56
3 55
4 54
4 53
4 52
4 51
4 50
4 49
4 48
4 47
4 46
4 45
5 44
5 43
5 42
5 41
5 40
5 39
5 38
5 37
5 36
5 35
6 34
6 33
6 32
6 31
6 30
6 29
6 28
6 27
6 26
6 25
7 24
7 23
7 22
7 21
7 20
7 20
8 19
9 18
9 17
10 16
10 16
11 15
11 15
12 14
12 13
12 13
13 12
13 11
13 11
14 10
15 10
15 10
16 9
17 8
17 8
18 7
19 7
19 7
20 6
21 5
21 5
22 4
23 4
23 4
24 3
25 3
25 3
26 2
26 2
27 1
27 1
28 0
29 0
29 0
30 0
30 0
30 1
30 1
30 1
30 2
30 2
30 2
30 3
30 4
30 4
30 5
30 5
29 6
29 7
29 7
29 8
29 9
29 9
29 10
29 11
29 11
29 12
29 13
29 13
28 14
28 15
28 15
28 16
28 17
28 18
28 18
28 19
28 20
28 21
28 21
28 22
28 23
28 24
28 24
28 25
28 26
28 27
28 28
28 28
28 29
28 30
28 31
28 32
28 32
28 33
28 34
28 35
28 36
28 36
28 37
29 38
29 39
29 40
29 40
29 41
29 42
29 43
29 44
29 45
29 45
29 46
29 47
29 48
29 49
29 50
29 50
29 51
29 52
30 53
30 54
30 55
30 56
30 56
30 57
30 58
30 59
30 60
30 61
30 61
30 62
30 63
30 64
30 65
30 66
30 66
30 67
30 68
31 69
31 70
31 71
31 71
31 72
32 73
32 74
32 75
32 75
32 76
32 77
32 78
32 79
32 80
32 81
32 81
32 82
32 83
33 84
33 85
33 86
33 86
33 87
34 88
34 89
34 90
34 90
34 91
34 92
34 93
34 93
34 94
34 95
34 96
34 96
34 97
34 98
34 98
34 99
34 100
34 100
34 100
34 100
34 100
33 100
33 100
32 99
32 99
32 98
31 97
31 96
31 96
31 95
30 94
30 93
30 93
29 92
29 91
28 90
28 90
27 89
27 88
26 87
26 86
26 86
25 85
25 84
24 83
24 82
23 81
23 81
23 80
23 79
22 78
22 77
22 76
22 76
22 75
21 74
21 73
20 72
20 71
19 70
19 69
18 68
18 67
17 66
17 65
17 64
16 63
16 62
15 61
15 60
14 59
14 58
13 57
13 56
13 55
12 54
12 53
11 52
11 51
10 50
10 49
9 48
9 47
8 46
8 45
8 45
8 45
9 45
9 45
10 44
10 44
11 43
12 42
12 42
13 41
14 41
14 41
15 40
16 39
16 39
17 38
18 37
18 37
19 36
20 36
20 36
21 35
22 35
22 35
23 34
23 34
24 33
24 33
24 33
24 33
24 33
24 34
23 35
23 36
22 37
22 38
21 39
21 40
20 41
20 42
19 43
19 44
18 45
18 46
17 47
17 48
17 48
17 49
16 50
16 51
16 52
15 53
15 54
15 54
14 55
14 56
14 56
13 57
13 57
14 57
14 57
14 58
14 58
15 57
15 57
16 57
16 57
17 56
18 56
19 55
19 55
20 54
21 54
21 54
22 53
23 52
23 52
24 51
25 51
25 51
26 50
26 50
27 49
28 49
28 49
29 48
30 47
31 46
31 45
32 44
33 43
34 42
35 41
36 40
36 39
37 38
38 37
39 36
40 35
41 34
41 33
42 32
43 31
44 30
45 29
46 28
47 27
47 26
48 25
49 24
50 23
51 22
52 21
52 20
53 19
54 18
55 17
56 16
57 15
57 14
58 13
59 12
60 11
61 10
62 9
62 8
63 7
64 6
65 5
65 5
65 5
65 5
65 5
65 5
65 6
65 7
65 7
65 8
65 8
65 9
65 9
65 10
65 11
65 12
65 12
65 13
65 14
65 15
65 15
65 16
65 17
65 18
65 19
65 20
65 20
65 21
65 22
65 23
65 24
65 24
65 25
65 26
65 27
65 28
65 28
65 29
65 30
65 31
65 31
65 32
65 33
65 34
65 34
65 35
65 36
65 36
65 37
65 38
65 38
65 39
65 39
65 39
64 39
64 39
64 39
64 38
63 37
63 36
62 35
62 34
62 33
61 32
61 31
60 30
60 29
60 28
59 27
59 26
59 25
58 24
58 23
57 22
57 21
57 21
56 22
56 22
55 23
55 23
54 23
54 23
54 24
54 24
54 25
54 25
54 26
54 27
54 28
54 28
54 29
54 30
54 31
54 31
54 32
54 32
55 33
55 34
55 34
55 35
55 36
55 36
56 37
56 37
56 38
56 38
57 39
57 39
58 39
58 39
58 39
59 38
59 37
60 36
61 35
62 34
62 33
63 32
64 31
64 30
65 29
66 28
67 27
67 26
68 25
69 24
70 23
70 22
71 21
72 20
72 19
73 18
74 17
75 16
75 15
76 14
76 14
77 14
77 14
77 14
77 14
78 14
78 14
78 15
78 15
78 15
78 16
78 16
77 17
77 18
77 18
77 19
77 19
77 20
77 21
77 21
76 22
76 23
76 23
75 24
75 25
75 25
74 26
74 26
74 27
73 28
73 29
73 29
72 30
71 31
71 31
70 32
69 33
69 34
68 35
68 35
67 36
66 37
65 38
65 38
64 39
63 40
62 41
61 42
60 43
59 44
59 45
58 46
57 47
56 48
55 49
54 50
53 51
53 51
52 52
51 53
50 53
49 54
49 54
48 55
47 55
47 55
47 55
47 55
47 55
47 54
47 54
48 53
48 53
49 52
49 52
50 51
51 50
51 50
52 49
53 49
54 48
54 48
55 47
56 47
57 46
57 46
58 45
59 45
60 44
60 44
61 43
62 43
63 42
64 42
64 42
65 41
66 41
67 40
67 40
68 40
69 39
70 39
70 39
71 38
72 37
72 37
73 36
73 36
74 35
75 35
75 35
76 34
76 34
76 34
76 34
76 34
76 34
76 34
75 34
74 35
73 35
72 36
71 36
70 36
69 37
68 37
68 37
67 38
67 39
67 39
66 40
66 40
66 41
66 41
65 42
65 42
64 43
64 43
64 44
64 45
64 46
64 46
64 47
63 48
63 49
63 49
62 50
62 51
61 52
61 52
61 53
61 54
60 55
60 56
60 57
60 57
60 58
59 59
59 60
59 61
59 61
59 62
58 63
58 64
58 64
58 65
57 66
57 67
57 67
57 68
56 69
56 70
56 70
55 71
55 72
55 72
55 73
55 73
54 74
54 75
54 75
54 75
54 75
54 75
54 75
54 74
55 73
55 72
56 71
56 70
57 69
57 68
58 67
58 66
59 65
59 64
60 63
60 62
61 61
61 60
62 59
62 58
63 57
63 56
64 55
64 54
65 53
65 52
66 51
66 50
67 49
67 48
67 48
68 47
69 46
69 46
69 46
69 45
69 45
69 45
69 46
69 46
69 46
68 47
68 47
68 48
68 49
68 49
68 50
68 50
67 51
67 52
67 52
67 53
67 54
67 54
67 55
67 56
67 56
67 57
67 58
67 58
67 59
67 60
67 60
67 61
67 62
67 62
67 63
67 64
67 64
67 65
67 65
67 66
67 67
67 67
68 68
68 68
68 69
68 70
68 70
69 71
69 71
70 72
70 72
71 73
71 73
72 73
72 73
73 74
73 74
74 74
74 74
75 75
76 75
76 75
77 75
77 75
78 74
79 74
79 74
80 74
81 74
81 74
82 73
83 73
83 73
84 72
85 72
85 72
86 71
86 71
87 70
88 70
88 70
89 69
89 69
90 68
91 68
91 68
92 67
92 67
93 66
93 65
93 65
94 64
94 64
95 63
95 63
96 62
96 61
96 61
96 60
96 60
97 59
97 58
97 58
98 57
98 56
98 56
98 55
98 55
98 54
98 53
98 53
99 52
99 51
99 51
99 50
99 49
99 49
99 48
99 47
99 47
100 46
100 45
100 45
100 44
100 43
100 43
100 42
99 41
99 40
99 40
99 39
99 38
99 37
99 36
