7 22
8 21
8 21
8 20
8 20
8 19
8 19
8 19
8 19
8 19
8 20
8 20
9 21
9 21
9 22
9 23
9 23
10 24
10 25
10 25
10 26
10 27
10 28
10 29
10 29
10 30
10 31
10 32
10 33
10 33
10 34
10 35
10 36
10 37
10 38
10 38
10 39
10 40
10 41
10 42
10 43
10 44
10 44
10 45
10 46
10 47
10 48
10 49
10 50
10 50
10 51
10 52
9 53
9 54
9 55
9 56
9 56
9 57
9 58
8 59
8 60
8 61
8 62
8 62
8 63
8 64
7 65
7 66
7 67
7 68
7 68
7 69
7 70
6 71
6 72
6 73
6 74
6 74
6 75
6 76
5 77
5 78
5 79
5 79
5 80
5 81
4 82
4 83
4 84
4 84
3 85
3 86
2 87
2 88
2 88
1 89
1 90
1 90
0 91
0 91
0 91
0 90
0 89
0 88
1 87
1 86
1 85
1 84
1 83
1 82
1 81
2 80
2 79
2 78
2 77
2 76
2 75
2 74
3 73
3 72
3 71
3 70
3 69
3 68
3 67
3 66
4 65
4 64
4 63
4 62
4 61
4 60
4 59
5 58
5 57
5 56
5 55
5 54
5 53
5 52
6 51
6 50
6 49
6 48
6 47
6 46
6 45
7 44
7 43
7 42
7 41
7 40
7 39
7 38
8 37
8 36
8 35
8 34
8 33
8 32
8 31
8 30
9 29
9 28
9 27
9 26
9 25
9 24
9 23
10 22
10 21
10 20
10 19
10 19
11 18
11 17
11 17
11 17
12 16
12 15
12 15
13 14
13 14
14 13
15 12
15 12
16 11
17 10
17 10
18 9
19 8
19 8
20 7
20 7
21 6
22 5
22 5
23 5
24 5
24 5
25 5
25 5
26 4
26 4
27 4
27 4
27 5
27 5
28 5
28 5
28 6
28 6
28 6
28 7
28 7
28 8
28 8
28 9
28 9
28 10
28 11
28 11
29 12
29 12
29 13
29 13
29 14
29 15
29 15
29 16
29 17
29 17
29 18
29 19
29 19
29 20
29 21
29 21
29 22
29 23
29 24
29 24
29 25
30 26
30 27
30 27
30 28
30 29
30 30
30 30
30 31
30 32
30 33
30 33
30 34
30 35
30 36
30 36
30 37
30 38
30 39
30 40
30 40
30 41
30 42
30 43
30 44
30 44
30 45
30 46
30 47
30 48
30 49
30 49
30 50
30 51
30 52
30 53
30 54
30 54
30 55
30 56
30 57
30 58
30 58
30 59
31 60
31 61
31 62
31 62
31 63
31 64
31 65
31 66
31 67
31 67
31 68
31 69
31 70
31 71
31 71
31 72
31 73
32 74
32 75
32 76
32 76
32 77
32 78
32 79
32 80
32 80
32 81
33 82
33 83
33 84
33 84
33 85
33 86
33 87
33 88
33 88
33 89
34 90
34 91
34 92
34 92
34 93
34 94
34 95
34 96
34 96
34 97
34 98
34 98
34 99
34 100
34 100
34 100
34 100
34 100
33 100
33 100
32 100
32 100
32 99
32 99
31 98
31 98
30 97
30 96
30 96
29 95
28 94
28 94
28 93
27 92
27 91
27 90
27 90
27 89
26 88
26 87
26 86
26 85
25 84
25 83
25 82
24 81
24 80
24 79
24 78
23 77
23 76
23 75
22 74
22 73
22 72
22 71
21 70
21 69
21 68
20 67
20 66
20 65
19 64
19 63
19 62
19 61
18 60
18 59
18 58
17 57
17 56
17 55
17 54
16 53
16 52
16 51
15 50
15 49
15 48
15 47
14 46
14 45
14 45
14 45
14 44
14 44
14 43
14 43
15 42
15 42
16 41
16 41
17 40
18 39
18 39
19 38
20 38
20 38
21 38
22 37
23 37
23 37
24 36
24 36
25 35
26 35
26 35
27 35
27 35
27 35
27 35
27 35
27 36
27 37
27 37
26 38
26 39
25 40
25 41
24 42
24 43
23 44
23 45
22 46
21 47
21 48
20 49
20 50
19 51
19 52
18 53
18 54
17 55
17 55
17 56
16 57
16 58
15 59
15 60
15 60
15 61
15 61
15 60
15 60
15 60
16 60
16 60
17 59
17 59
18 58
19 58
19 58
20 57
21 57
21 57
22 56
23 55
23 55
24 54
25 54
25 54
26 53
27 53
27 53
28 52
29 52
29 52
30 51
30 50
31 49
31 48
32 47
33 46
33 45
34 44
34 43
35 42
36 41
36 40
37 39
37 38
38 37
39 36
39 35
40 34
40 33
41 32
42 31
42 30
43 29
43 28
44 27
45 26
45 25
46 24
46 23
47 22
47 21
48 20
49 19
49 18
50 17
50 16
51 15
52 14
52 13
53 12
53 11
54 10
55 9
55 8
56 7
56 6
57 5
58 4
58 3
59 2
59 1
60 0
60 0
60 1
60 2
60 2
60 2
60 1
60 1
60 2
60 2
60 2
61 3
61 3
61 4
61 4
62 5
62 6
62 6
62 7
62 8
62 9
62 9
62 10
62 11
62 12
62 13
62 13
62 14
62 15
62 16
62 17
62 17
62 18
62 19
62 20
62 21
62 21
62 22
62 23
62 24
62 25
62 25
62 26
62 27
62 27
62 28
62 29
62 29
62 30
62 31
62 31
62 31
62 31
62 31
62 30
61 29
61 28
60 27
60 26
59 25
59 24
58 23
58 22
58 21
57 20
57 19
56 18
56 17
55 16
55 15
55 15
54 15
54 15
54 16
54 16
54 16
54 17
54 17
54 18
54 19
54 19
54 20
54 21
54 21
54 22
54 23
54 24
54 24
54 25
54 26
54 27
54 27
54 28
54 29
54 29
55 30
55 31
55 31
55 32
55 32
55 32
56 33
56 33
56 33
57 32
57 31
58 30
58 29
59 28
59 27
60 26
61 25
61 24
62 23
62 22
63 21
63 20
64 19
64 18
65 17
66 16
66 15
67 14
67 13
68 12
68 11
69 10
69 10
70 9
71 9
71 9
71 9
71 9
72 9
72 9
72 9
72 10
72 10
72 11
72 11
72 12
72 12
71 13
71 14
71 14
71 15
71 16
71 16
70 17
70 18
70 18
69 19
69 20
69 20
69 21
68 22
68 23
68 23
67 24
67 25
66 26
66 26
65 27
64 28
63 29
62 30
62 31
61 32
60 33
59 34
58 35
57 36
56 37
55 38
54 39
53 40
53 41
52 42
51 43
50 44
49 45
49 45
48 46
48 46
47 46
47 46
47 45
47 45
48 45
48 45
49 44
49 43
49 43
50 42
51 42
51 42
52 41
53 40
53 40
54 39
55 39
56 38
56 38
57 37
58 37
59 36
59 36
60 35
61 35
62 34
63 34
63 34
64 34
65 33
66 33
66 33
67 32
68 32
68 32
69 31
70 31
71 30
71 30
72 29
73 29
73 29
74 28
75 28
75 28
76 27
76 27
77 27
77 27
77 27
77 27
77 27
76 27
75 28
74 28
73 29
72 29
71 30
70 30
69 31
68 31
67 32
66 32
65 33
64 33
64 33
63 34
63 34
63 34
63 35
63 35
62 36
62 36
61 37
61 37
61 38
61 39
61 39
61 40
60 41
60 42
60 42
60 43
59 44
59 45
59 45
59 46
58 47
58 48
58 49
58 49
58 50
57 51
57 52
57 53
57 53
57 54
57 55
57 56
57 57
57 57
57 58
56 59
56 60
56 60
56 61
55 62
55 63
55 63
55 64
54 65
54 66
54 66
54 67
54 68
54 69
54 69
54 70
53 71
53 72
53 72
52 73
52 74
52 74
51 75
51 76
51 76
51 76
51 76
51 75
51 75
51 74
52 73
52 72
53 71
53 70
53 69
54 68
54 67
55 66
55 65
55 64
56 63
56 62
57 61
57 60
57 59
58 58
58 57
59 56
59 55
60 54
60 53
60 52
61 51
61 50
62 49
62 48
62 47
63 46
63 45
64 44
64 43
64 42
65 41
65 40
66 39
66 38
66 38
67 37
67 37
67 37
67 37
67 37
67 38
67 38
67 39
67 39
67 40
67 40
67 41
67 42
67 42
67 43
67 44
67 44
66 45
66 46
66 46
66 47
66 48
66 49
66 49
66 50
66 51
66 51
66 52
66 53
66 54
66 54
66 55
66 56
66 56
66 57
66 58
66 58
66 59
66 60
66 60
66 61
66 61
66 62
66 63
66 63
66 64
66 65
66 65
67 66
67 66
67 67
67 67
68 68
68 68
69 69
69 69
69 69
70 70
70 70
71 70
71 70
72 70
73 70
73 70
74 69
74 69
75 69
75 69
76 68
76 68
77 68
77 68
78 67
78 67
79 66
80 66
80 66
81 66
81 66
82 65
83 65
83 65
84 64
85 64
85 64
86 63
86 62
86 62
87 61
88 61
88 61
89 60
90 60
90 60
91 59
92 59
92 59
93 58
93 57
93 57
94 56
95 56
95 56
96 55
96 55
97 54
98 53
98 53
98 52
98 52
99 51
99 50
99 50
100 49
100 48
100 48
100 47
100 46
100 45
100 45
99 44
99 43
99 43
99 42
99 41
99 40
99 40
99 39
99 38
99 38
98 37
98 36
98 36
97 35
97 34
