4 21
4 21
4 21
4 21
4 21
4 21
4 21
5 22
5 23
5 23
5 24
6 25
6 26
6 26
6 27
6 28
7 29
7 30
7 31
7 32
7 32
7 33
7 34
7 35
8 36
8 37
8 38
8 39
8 39
8 40
8 41
8 42
8 43
8 44
8 45
8 46
8 47
8 48
8 48
8 49
8 50
8 51
8 52
8 53
8 54
8 55
8 56
8 56
8 57
8 58
8 59
7 60
7 61
7 62
7 63
7 64
7 64
7 65
7 66
7 67
7 68
7 69
7 70
7 71
7 71
7 72
6 73
6 74
6 75
5 76
5 77
5 77
5 78
5 79
4 80
4 81
4 82
4 82
4 83
4 84
3 85
3 86
3 87
3 87
2 88
2 89
1 90
1 91
1 91
1 92
1 93
1 94
1 94
1 95
0 96
0 97
0 97
0 98
0 98
0 97
0 96
0 95
0 94
0 93
1 92
1 91
1 90
1 89
1 88
1 87
1 86
1 85
1 84
1 83
1 82
2 81
2 80
2 79
2 78
2 77
2 76
2 75
2 74
2 73
2 72
2 71
3 70
3 69
3 68
3 67
3 66
3 65
3 64
3 63
3 62
3 61
4 60
4 59
4 58
4 57
4 56
4 55
4 54
4 53
4 52
4 51
4 50
5 49
5 48
5 47
5 46
5 45
5 44
5 43
5 42
5 41
5 40
5 39
6 38
6 37
6 36
6 35
6 34
6 33
6 33
6 34
6 35
6 35
6 34
6 34
6 34
7 33
8 32
8 32
9 31
10 30
10 30
11 29
11 28
12 27
12 27
13 26
14 25
15 24
15 24
16 23
17 23
18 22
18 22
19 22
20 21
21 21
21 21
22 21
23 21
23 21
24 20
25 19
25 19
26 18
26 18
27 18
27 18
28 19
28 19
28 19
28 20
28 20
28 21
28 21
29 22
29 23
29 23
29 24
29 25
29 25
29 26
29 27
29 28
29 28
29 29
29 30
29 31
29 32
29 32
29 33
29 34
29 35
29 36
29 36
29 37
30 38
30 39
30 40
30 40
30 41
30 42
30 43
30 44
30 45
30 46
30 46
30 47
30 48
30 49
30 50
30 51
30 52
30 52
30 53
30 54
31 55
31 56
31 57
31 58
31 58
31 59
31 60
31 61
31 62
31 63
31 64
31 64
31 65
31 66
32 67
32 68
32 69
32 69
32 70
32 71
32 72
32 73
32 74
32 75
32 75
32 76
32 77
32 78
32 79
32 79
32 80
32 81
32 82
32 83
32 83
32 84
32 85
32 86
32 87
32 87
32 88
32 89
32 90
32 91
32 92
32 92
32 93
32 94
32 94
32 95
32 96
32 97
32 97
32 98
32 98
31 99
31 99
31 100
31 100
31 100
30 100
30 100
29 100
28 100
28 100
27 100
27 100
26 99
25 98
25 98
24 98
23 97
22 97
22 97
21 96
20 95
20 95
19 94
18 94
17 93
17 93
16 92
15 91
15 91
14 90
13 89
13 89
13 88
13 87
13 86
13 85
13 84
13 83
13 82
13 81
12 80
12 79
12 78
12 77
12 76
12 75
12 74
12 73
12 72
12 71
12 70
12 69
12 68
12 67
12 66
12 65
12 64
12 63
11 62
11 61
11 60
11 59
11 58
11 57
11 56
11 55
11 54
11 53
11 53
11 54
11 54
11 53
11 53
11 52
11 52
12 51
12 51
13 50
14 49
14 49
15 48
16 48
17 47
17 47
18 46
19 46
20 45
20 45
21 44
22 44
23 43
24 43
24 43
25 42
26 42
26 42
27 42
28 42
28 42
29 41
29 41
29 41
30 41
30 41
29 42
29 43
28 44
27 45
26 46
26 47
25 48
24 49
23 50
23 51
22 52
21 53
20 54
20 55
19 56
18 57
17 58
17 59
16 60
15 61
14 62
14 63
13 64
13 64
13 65
13 66
13 67
13 68
13 69
13 70
13 70
13 70
12 71
12 71
13 72
13 72
14 71
15 71
15 71
16 70
17 70
17 70
18 69
19 69
20 68
20 68
21 67
22 67
23 66
24 66
24 66
25 65
26 65
27 64
27 64
28 63
29 63
29 63
30 62
31 62
31 62
31 62
32 62
32 62
32 62
32 62
32 62
33 61
33 60
34 59
34 58
35 57
36 56
36 55
37 54
37 53
38 52
38 51
39 50
40 49
40 48
41 47
41 46
42 45
43 44
43 43
44 42
44 41
45 40
46 39
46 38
47 37
47 36
48 35
49 34
49 33
50 32
50 31
51 30
51 29
52 28
53 27
53 26
54 25
54 24
55 23
56 22
56 21
57 20
57 19
58 18
59 17
59 16
60 15
60 14
61 13
62 12
62 11
63 10
63 9
64 8
64 7
65 6
66 5
66 4
67 3
67 2
68 1
68 1
68 1
68 1
69 0
69 0
69 0
70 1
70 1
70 2
70 2
70 3
70 4
70 4
70 5
71 6
71 7
71 7
71 8
71 9
71 10
71 11
71 11
71 12
71 13
71 14
71 15
71 15
71 16
71 17
71 18
71 19
71 19
71 20
70 21
70 22
70 22
70 23
70 24
70 25
70 25
70 26
70 27
70 28
70 28
70 29
70 30
70 31
70 31
70 32
70 33
70 34
70 34
70 35
70 36
70 36
70 37
70 37
70 38
70 38
70 38
69 37
68 36
67 35
67 34
66 33
65 32
64 31
63 30
62 29
61 28
61 27
60 26
59 25
58 24
58 24
58 25
58 25
58 25
58 25
58 26
58 27
58 27
59 28
59 28
59 29
59 30
59 31
59 31
60 32
60 33
60 33
60 34
60 35
60 35
60 36
60 36
60 37
60 37
61 38
61 38
61 39
61 39
62 39
62 39
63 38
63 37
64 36
65 35
66 34
66 33
67 32
68 31
69 30
69 29
70 28
71 27
72 26
72 25
73 24
74 23
75 22
75 21
76 20
77 19
78 18
78 17
79 16
79 16
80 16
81 16
82 15
83 15
84 15
85 15
85 15
86 14
86 14
86 15
86 15
86 16
86 17
86 17
85 18
85 19
85 19
84 20
84 21
84 21
84 22
83 23
83 24
83 24
82 25
81 26
81 26
81 27
80 28
80 29
80 29
79 30
79 31
79 31
78 32
78 33
78 33
77 34
77 35
77 35
76 36
76 37
76 37
75 38
74 39
73 40
72 41
71 42
70 43
69 44
68 45
67 46
66 47
65 48
64 49
63 50
62 51
61 52
60 53
59 54
58 55
57 56
56 57
55 58
54 59
53 60
52 61
51 62
50 63
50 63
49 64
49 65
49 65
49 66
49 66
49 66
50 65
50 65
51 64
52 64
52 64
53 63
54 63
55 62
55 62
56 61
57 60
58 60
59 59
59 59
60 58
61 57
62 57
63 56
64 55
64 55
65 54
66 54
67 53
68 52
69 52
70 51
70 51
71 51
72 51
73 50
74 50
75 50
75 50
76 49
77 48
78 48
79 47
80 46
80 46
81 45
82 44
82 43
83 42
83 42
84 41
84 40
84 40
85 40
85 40
85 40
85 40
85 40
84 41
84 41
83 42
82 42
81 43
80 43
79 44
78 44
77 45
76 45
75 46
74 46
73 47
73 47
73 48
72 49
72 50
72 50
72 51
72 51
72 52
71 53
71 54
71 54
71 55
70 56
70 57
70 57
70 58
69 59
69 60
69 61
69 61
69 62
69 63
68 64
68 65
68 66
68 66
68 67
67 68
67 69
67 70
66 71
66 72
66 72
66 73
65 74
65 75
65 76
65 76
64 77
64 78
63 79
63 80
63 80
63 81
62 82
62 83
62 83
62 84
61 85
61 86
61 87
61 87
61 88
60 89
60 90
60 90
60 91
60 92
60 93
60 93
59 94
59 95
59 95
59 96
59 96
59 97
59 97
60 97
60 97
60 97
60 96
60 96
60 95
61 94
61 93
62 92
62 91
62 90
63 89
63 88
64 87
64 86
64 85
65 84
65 83
66 82
66 81
66 80
67 79
67 78
68 77
68 76
68 75
69 74
69 73
70 72
70 71
70 70
71 69
71 68
72 67
72 66
72 65
73 64
73 63
74 62
74 61
74 60
75 59
75 58
76 57
76 56
76 56
76 57
76 58
76 59
76 60
76 60
76 59
76 59
76 60
76 61
76 62
76 62
76 63
75 64
75 65
75 65
75 66
75 67
74 68
74 69
74 70
74 70
74 71
74 72
74 73
74 74
74 75
74 75
74 76
74 77
74 78
74 78
74 79
74 80
74 81
74 81
74 82
74 83
74 84
74 84
74 85
75 86
75 87
75 87
75 88
75 89
75 89
76 90
76 91
76 91
77 92
77 92
78 93
78 93
79 94
80 94
80 94
81 94
82 94
82 94
83 93
84 93
84 93
85 92
86 92
86 92
87 91
88 91
88 91
89 90
90 90
90 90
91 89
91 89
92 88
93 88
93 88
94 87
94 87
94 86
94 86
95 86
95 86
96 85
96 85
96 84
96 84
97 83
97 82
97 82
98 81
98 81
98 80
98 79
98 79
99 78
99 77
99 77
99 76
99 75
99 75
99 74
100 73
100 72
100 72
100 71
100 70
100 69
100 69
100 68
100 67
100 66
100 65
100 65
100 64
99 63
99 62
99 61
99 61
99 60
98 59
98 58
98 57
