2 13
3 14
4 15
4 15
4 14
4 14
4 15
3 16
3 17
3 18
3 18
3 19
3 20
3 21
4 22
4 23
4 24
4 25
4 25
4 26
4 27
4 28
4 29
4 30
4 31
4 32
4 33
4 34
4 34
4 35
4 36
4 37
4 38
5 39
5 40
5 41
5 42
5 43
5 43
5 44
5 45
5 46
5 47
6 48
6 49
6 50
6 51
6 52
6 53
6 53
6 54
6 55
6 56
6 57
6 58
6 59
6 60
6 61
6 62
6 63
6 64
6 64
6 65
6 66
6 67
6 68
5 69
5 70
5 71
5 72
5 73
5 73
5 74
5 75
5 76
4 77
4 78
4 79
4 80
4 81
4 81
4 82
4 83
4 84
3 85
3 86
3 87
3 88
3 88
3 89
3 90
2 91
2 92
2 93
2 93
2 94
1 95
1 96
1 96
1 97
0 98
0 99
0 99
0 100
0 100
0 99
0 98
0 97
0 96
0 95
0 94
0 93
0 92
0 91
0 90
0 89
0 88
0 87
0 86
0 85
0 84
0 83
0 82
1 81
1 80
1 79
1 78
1 77
1 76
1 75
1 74
1 73
1 72
1 71
1 70
1 69
1 68
1 67
1 66
1 65
1 64
1 63
1 62
1 61
1 60
1 59
1 58
1 57
1 56
1 55
1 54
1 53
1 52
1 51
1 50
1 49
1 48
1 47
1 46
1 45
1 44
2 43
2 42
2 41
2 40
2 39
2 38
2 37
2 36
2 35
2 34
2 33
2 32
2 31
2 30
2 29
2 28
2 27
2 26
2 25
2 24
2 24
3 25
3 25
3 24
3 23
3 22
3 21
3 21
3 20
3 19
4 18
4 17
4 16
4 16
5 15
5 14
6 13
6 13
7 12
8 11
9 11
10 10
10 10
11 9
12 8
13 7
13 7
14 6
15 6
16 5
17 5
17 5
18 5
19 4
20 4
20 4
21 3
22 3
22 3
23 4
24 4
24 4
25 4
25 4
26 5
26 5
27 6
27 7
27 7
27 8
27 9
27 9
27 10
28 11
28 12
28 13
28 13
28 14
28 15
28 16
28 17
28 18
28 19
28 19
28 20
28 21
28 22
28 23
28 24
28 25
28 26
28 26
28 27
28 28
28 29
28 30
28 31
28 32
28 33
28 33
28 34
28 35
28 36
28 37
28 38
28 39
28 40
28 41
28 42
28 42
28 43
28 44
28 45
28 46
28 47
28 48
28 49
28 50
28 51
28 52
28 52
28 53
28 54
28 55
29 56
29 57
29 58
29 59
29 60
29 60
29 61
29 62
29 63
29 64
29 65
29 66
29 67
29 68
29 68
29 69
29 70
29 71
30 72
30 73
30 74
30 75
30 75
30 76
30 77
30 78
30 79
30 80
30 81
30 81
30 82
30 83
31 84
31 85
31 86
31 86
31 87
31 88
31 89
31 89
31 90
31 91
31 92
31 92
31 93
31 94
31 94
30 95
30 96
30 96
29 97
29 97
28 98
28 98
27 98
27 98
26 98
25 97
24 97
24 97
23 96
22 96
22 96
21 96
20 95
19 95
19 95
18 94
17 94
16 93
16 93
15 92
14 91
14 91
13 90
12 89
12 89
11 88
11 87
11 87
11 86
11 85
11 84
11 83
10 82
10 81
10 80
10 79
10 78
10 77
10 76
10 75
10 74
10 73
9 72
9 71
9 70
9 69
9 68
9 67
9 66
9 65
9 64
8 63
8 62
8 61
8 60
8 59
8 58
8 57
8 56
8 55
8 54
7 53
7 52
7 51
7 50
7 49
7 49
8 49
9 48
10 48
10 48
9 47
9 47
9 46
9 45
9 45
10 44
11 44
12 43
12 43
13 42
14 41
15 40
15 40
16 39
17 38
18 37
18 37
19 36
20 36
21 35
22 35
22 35
23 34
23 34
24 35
24 36
24 36
24 37
23 38
23 39
23 40
23 40
22 41
22 42
21 43
21 44
20 45
20 46
19 47
19 48
18 49
18 50
17 51
17 52
16 53
16 54
15 55
15 56
14 57
14 57
14 58
13 59
13 60
13 61
12 62
12 63
12 64
12 65
11 66
11 67
11 67
11 68
11 68
11 67
11 67
12 67
12 67
13 66
13 65
13 65
14 64
15 64
16 63
16 63
17 62
18 61
18 60
19 59
19 59
20 58
21 57
22 57
23 56
23 56
24 55
25 54
25 54
26 53
27 53
27 53
28 52
29 51
29 50
30 49
31 48
32 47
32 46
33 45
34 44
35 43
35 42
36 41
37 40
38 39
39 38
39 37
40 36
41 35
42 34
42 33
43 32
44 31
45 30
46 29
46 28
47 27
48 26
49 25
49 24
50 23
51 22
52 21
52 20
53 19
54 18
55 17
56 16
56 15
57 14
58 13
59 12
59 11
60 10
61 9
62 8
62 7
63 6
64 5
64 5
65 4
65 3
65 3
66 2
66 2
66 1
66 0
66 0
67 1
67 2
67 2
67 3
67 4
67 4
67 5
67 6
68 7
68 8
68 9
68 9
68 10
68 11
68 12
68 13
68 14
68 14
68 15
68 16
67 17
67 18
67 19
67 20
67 20
67 21
67 22
67 23
67 24
67 25
67 26
67 27
67 27
67 28
67 29
67 30
67 31
67 31
67 32
67 33
67 34
67 34
67 35
67 36
67 37
67 37
67 38
67 39
67 39
67 40
67 41
67 41
67 42
67 42
67 42
67 41
66 40
66 39
66 38
65 37
65 36
65 35
64 34
64 33
64 32
63 31
63 30
63 29
62 28
62 27
62 26
61 25
61 24
61 23
60 22
60 21
60 20
59 19
59 18
59 17
58 16
58 15
58 14
57 13
57 12
57 11
56 10
56 9
56 9
56 10
56 11
56 12
56 13
57 14
57 15
57 16
57 17
57 18
57 18
57 19
57 20
57 21
57 21
57 21
57 22
57 23
57 24
57 25
57 25
57 26
58 27
58 28
58 28
58 29
58 30
58 31
58 31
58 32
58 32
59 33
59 34
59 34
60 34
60 34
61 34
61 34
62 33
62 32
63 31
63 30
64 29
65 28
65 27
66 26
66 25
67 24
68 23
68 22
69 21
70 20
70 19
71 18
71 17
72 16
73 15
73 14
74 13
74 12
75 11
75 11
76 11
77 11
78 11
79 12
80 12
81 12
82 12
82 12
82 13
82 13
81 14
80 15
80 15
80 16
79 17
79 18
79 18
79 19
78 20
78 21
78 22
78 22
77 23
76 24
76 25
75 26
75 26
75 27
74 28
74 29
73 30
73 31
73 31
72 32
72 33
71 34
71 35
70 36
70 37
70 37
69 38
69 39
68 40
68 41
67 42
67 43
67 43
67 44
66 45
66 46
65 47
65 48
65 48
64 49
63 50
63 51
62 52
61 53
60 54
59 55
59 56
58 57
57 58
56 59
56 60
55 61
54 62
53 63
52 64
52 65
51 66
50 67
50 67
49 68
49 69
49 69
49 68
49 68
50 67
50 67
51 66
51 65
51 65
52 64
53 63
54 63
55 62
55 62
56 61
57 60
58 59
59 58
59 58
60 57
61 56
62 55
63 55
64 54
65 53
65 53
66 52
67 51
68 50
69 50
70 49
71 48
71 48
72 47
73 46
74 46
75 45
76 44
76 44
77 43
78 43
79 42
79 42
80 41
81 41
82 40
82 40
83 40
83 40
83 40
83 40
82 40
81 41
80 41
79 41
78 41
77 42
76 42
75 42
74 42
73 43
72 43
71 43
71 43
71 44
71 45
71 46
71 47
71 48
71 49
71 50
71 50
70 51
69 52
69 52
69 53
69 54
68 55
68 56
68 57
68 57
68 58
67 59
67 60
67 61
67 62
66 63
66 64
66 65
66 65
66 66
65 67
65 68
65 69
65 70
64 71
64 72
64 73
64 73
64 74
63 75
63 76
62 77
62 78
61 79
61 80
61 80
61 81
61 82
60 83
60 84
60 85
60 86
60 86
60 87
59 88
59 89
59 90
59 90
59 91
58 92
58 93
58 93
58 94
58 95
58 96
58 96
58 97
58 98
58 98
58 99
58 100
58 100
58 100
59 99
59 99
59 98
60 97
60 96
60 95
60 94
61 93
61 92
61 91
62 90
62 89
62 88
62 87
63 86
63 85
63 84
64 83
64 82
64 81
65 80
65 79
65 78
65 77
66 76
66 75
66 74
67 73
67 72
67 71
67 70
68 69
68 68
68 67
69 66
69 65
69 64
69 63
70 62
70 61
70 61
71 61
72 61
73 61
74 61
74 61
74 62
74 62
74 62
74 63
74 64
73 65
73 66
73 67
73 67
73 68
73 69
72 70
72 71
72 72
72 72
72 73
72 74
71 75
71 76
71 77
71 78
71 78
71 79
71 80
70 81
70 82
70 83
70 84
70 84
70 85
70 86
70 87
70 88
70 88
70 89
71 90
71 91
71 92
71 92
72 93
72 94
72 94
73 95
73 96
73 96
74 97
75 97
75 97
76 97
77 98
78 98
78 98
79 98
80 98
80 98
81 98
82 97
83 97
84 97
84 97
85 97
86 96
87 96
87 96
88 96
89 95
90 95
90 95
91 95
92 94
93 94
93 94
94 93
95 93
96 92
96 92
97 91
97 90
97 90
98 89
98 89
99 88
99 87
99 87
99 86
100 85
100 84
100 84
100 83
100 82
100 81
100 81
100 80
99 79
99 78
99 77
99 77
99 76
99 75
99 74
99 74
99 73
98 72
98 71
98 70
