7 18
6 17
6 16
6 16
6 15
6 14
6 14
5 14
5 14
5 14
5 14
6 15
6 15
6 16
6 16
6 17
7 18
7 19
7 19
7 20
8 21
8 22
8 23
8 23
8 24
8 25
8 26
8 27
8 28
8 28
8 29
8 30
8 31
8 32
8 33
8 33
8 34
8 35
9 36
9 37
9 38
9 38
9 39
9 40
9 41
9 42
9 43
9 44
9 44
9 45
9 46
9 47
9 48
9 49
9 50
9 51
9 51
9 52
9 53
9 54
9 55
9 56
9 57
9 58
9 58
9 59
9 60
9 61
8 62
8 63
8 64
8 65
8 65
8 66
8 67
8 68
8 69
8 70
8 71
8 72
8 72
8 73
8 74
7 75
7 76
7 77
7 78
7 78
7 79
6 80
6 81
5 82
5 83
5 83
5 84
5 85
4 86
4 87
4 88
4 88
3 89
3 90
2 91
2 91
1 92
1 92
0 93
0 93
0 92
0 91
0 90
1 89
1 88
1 87
1 86
1 85
1 84
1 83
2 82
2 81
2 80
2 79
2 78
2 77
2 76
3 75
3 74
3 73
3 72
3 71
3 70
3 69
4 68
4 67
4 66
4 65
4 64
4 63
4 62
5 61
5 60
5 59
5 58
5 57
5 56
6 55
6 54
6 53
6 52
6 51
6 50
6 49
7 48
7 47
7 46
7 45
7 44
7 43
7 42
8 41
8 40
8 39
8 38
8 37
8 36
8 35
9 34
9 33
9 32
9 31
9 30
9 29
9 28
10 27
10 26
10 25
10 24
10 23
10 22
10 21
11 20
11 19
11 18
11 17
11 17
11 17
12 17
12 17
12 16
12 16
12 15
12 15
13 14
14 13
14 13
15 12
15 11
15 11
16 10
17 9
17 9
18 8
19 8
19 8
20 7
20 6
20 6
21 6
22 6
22 6
23 6
23 6
24 6
25 6
25 6
26 7
26 7
26 8
26 8
27 9
27 9
28 10
28 11
28 11
28 12
28 13
28 13
28 14
29 15
29 16
29 17
29 17
29 18
29 19
29 20
29 21
29 22
29 22
29 23
29 24
29 25
29 26
29 27
29 28
29 28
29 29
29 30
29 31
29 32
29 33
29 34
29 34
29 35
29 36
29 37
29 38
29 39
29 40
29 40
29 41
29 42
29 43
29 44
29 45
29 46
29 46
29 47
29 48
29 49
29 50
29 51
29 52
29 53
29 53
29 54
29 55
29 56
29 57
29 58
29 59
29 59
29 60
29 61
30 62
30 63
30 64
30 65
30 65
30 66
30 67
30 68
30 69
30 70
30 71
30 72
30 72
30 73
30 74
30 75
30 76
30 77
30 78
30 78
30 79
30 80
30 81
30 82
30 83
30 84
30 85
30 85
30 86
30 87
31 88
31 89
31 90
31 90
31 91
31 92
31 93
31 94
31 94
31 95
31 96
31 97
31 97
31 98
31 99
31 99
31 100
31 100
31 100
30 100
30 100
30 100
29 99
29 99
28 98
28 97
28 97
27 96
27 95
27 95
26 94
26 93
26 93
26 92
25 91
25 90
25 90
25 89
24 88
24 87
24 87
24 86
23 85
23 84
23 83
23 82
22 81
22 80
22 79
21 78
21 77
21 76
21 75
20 74
20 73
20 72
19 71
19 70
19 69
18 68
18 67
18 66
18 65
17 64
17 63
17 62
16 61
16 60
16 59
16 58
15 57
15 56
15 55
14 54
14 53
14 52
14 51
13 50
13 49
13 49
13 49
13 49
14 49
14 49
15 49
15 49
16 48
16 48
17 47
17 47
18 46
18 46
19 45
19 44
19 44
20 43
20 43
21 42
22 42
22 42
22 41
22 41
23 41
23 41
23 42
22 43
22 44
22 45
22 46
21 47
21 48
21 49
20 50
20 51
20 52
20 53
19 54
19 55
19 56
18 57
18 58
18 59
18 60
17 61
17 62
17 62
17 63
17 64
17 65
17 66
17 67
17 68
17 68
16 69
16 69
16 68
16 68
16 68
17 68
17 68
17 68
18 67
18 67
19 66
19 65
19 65
20 64
20 63
21 62
21 62
21 61
22 60
22 59
22 59
23 58
24 58
25 57
25 57
26 56
27 55
27 55
28 54
28 53
28 53
29 52
30 51
30 51
31 50
31 49
32 48
33 47
34 46
34 45
35 44
36 43
37 42
37 41
38 40
39 39
40 38
40 37
41 36
42 35
42 34
43 33
44 32
45 31
45 30
46 29
47 28
48 27
48 26
49 25
50 24
51 23
51 22
52 21
53 20
54 19
54 18
55 17
56 16
56 15
57 14
58 13
59 12
59 11
60 10
61 9
62 8
62 7
63 6
64 5
65 4
65 3
66 2
66 2
66 1
66 1
66 1
66 1
67 1
67 1
67 1
68 1
68 1
68 1
69 2
69 2
69 3
69 3
69 4
69 5
69 6
69 6
69 7
69 8
69 9
69 10
69 10
69 11
69 12
69 13
69 14
69 15
69 15
69 16
69 17
69 18
69 19
69 19
69 20
69 21
68 22
68 23
68 24
68 24
68 25
68 26
68 27
68 28
68 29
68 29
68 30
68 31
68 32
68 33
68 34
68 34
68 35
67 36
67 37
67 38
67 38
67 39
67 40
67 41
67 41
67 42
67 43
67 44
67 44
67 45
67 46
67 46
67 47
67 48
67 48
67 48
67 47
67 47
66 46
66 46
66 45
66 44
66 44
66 43
65 42
65 41
65 40
65 39
64 38
64 37
64 36
63 35
63 34
63 33
63 32
62 31
62 30
62 30
61 29
61 28
61 28
60 28
60 28
60 28
60 28
60 28
61 29
61 29
61 30
61 30
62 31
62 31
63 32
63 33
63 33
64 34
64 34
64 35
64 35
65 34
66 34
67 33
68 32
69 32
70 31
71 31
72 30
72 30
73 29
74 28
74 27
75 26
75 26
76 25
76 24
76 24
77 23
77 22
77 22
77 22
76 22
76 22
76 23
76 23
75 24
75 25
75 25
74 26
74 27
74 27
73 28
73 29
72 30
72 30
72 31
71 32
71 33
71 34
71 34
70 35
70 36
69 37
69 37
69 38
68 39
68 40
68 40
68 41
67 42
67 43
67 43
66 44
66 45
65 46
65 47
65 47
64 48
63 49
62 50
61 51
60 52
59 53
58 53
57 54
56 55
55 56
54 57
53 58
53 58
53 58
53 58
53 58
53 58
54 57
54 57
55 57
55 57
56 56
56 56
57 56
58 56
58 56
59 55
60 54
60 54
61 54
62 53
63 53
63 53
64 52
65 51
65 51
66 50
67 50
68 49
68 49
69 48
70 48
71 47
71 47
72 46
73 45
73 45
74 44
75 43
75 43
76 42
77 42
77 42
78 42
78 42
78 42
78 42
77 42
77 42
76 43
75 44
74 44
73 45
73 45
72 46
71 46
71 46
70 47
70 47
70 48
70 48
69 49
69 49
69 50
69 51
69 51
68 52
68 53
68 53
68 54
67 55
67 56
67 56
67 57
66 58
66 59
66 60
66 60
66 61
66 62
65 63
65 64
65 65
65 65
65 66
65 67
64 68
64 69
64 70
64 70
64 71
63 72
63 73
63 74
63 74
63 75
63 76
62 77
62 78
62 79
62 79
62 80
61 81
61 82
61 83
61 83
61 84
60 85
60 86
60 86
60 87
59 88
59 89
59 89
59 90
59 91
59 91
59 92
59 92
59 92
59 91
59 91
59 90
60 89
60 88
60 87
61 86
61 85
62 84
62 83
62 82
63 81
63 80
63 79
64 78
64 77
65 76
65 75
65 74
66 73
66 72
66 71
67 70
67 69
67 68
68 67
68 66
69 65
69 64
69 63
70 62
70 61
70 61
71 60
72 59
73 58
73 58
73 57
73 56
73 56
74 56
74 56
74 56
74 56
74 57
74 57
74 58
74 58
74 59
74 60
74 60
74 61
73 62
73 63
73 64
73 64
73 65
73 66
73 67
73 68
73 68
73 69
72 70
72 71
72 72
72 72
72 73
72 74
72 75
72 76
72 76
72 77
71 78
71 79
71 80
71 80
71 81
71 82
71 83
71 84
71 84
71 85
72 86
72 87
72 87
72 88
72 89
72 90
72 90
73 91
73 92
73 92
74 93
74 93
75 94
76 94
76 94
77 95
77 95
78 95
79 95
79 95
80 95
81 95
81 95
82 95
83 94
84 94
84 94
85 93
86 93
86 93
87 92
88 92
89 91
89 91
90 90
91 90
92 89
92 89
93 88
94 87
94 87
95 86
96 85
96 85
96 84
97 83
97 82
97 82
98 81
98 80
98 80
98 79
99 78
99 77
99 77
99 76
99 75
99 75
99 74
100 73
100 72
100 71
100 71
100 70
99 69
99 68
99 67
99 67
99 66
99 65
99 64
99 63
99 62
99 62
99 61
99 60
99 59
99 58
99 57
