0 17
1 18
2 19
2 20
3 21
3 21
2 20
2 19
2 19
2 20
2 21
2 21
2 22
2 23
3 24
3 25
3 26
3 26
3 27
4 28
4 29
4 30
4 31
5 32
5 33
5 33
5 34
5 35
5 36
6 37
6 38
6 39
6 40
6 41
6 41
6 42
6 43
6 44
6 45
6 46
6 47
6 48
6 49
6 50
6 50
6 51
6 52
6 53
6 54
7 55
7 56
7 57
7 58
7 59
7 59
7 60
7 61
7 62
7 63
7 64
7 65
7 66
7 67
7 67
7 68
7 69
7 70
6 71
6 72
6 73
6 74
6 74
6 75
6 76
6 77
5 78
5 79
5 80
5 81
5 81
5 82
5 83
4 84
4 85
4 86
4 86
4 87
4 88
3 89
3 90
3 91
3 91
3 92
2 93
2 94
2 95
2 95
2 96
1 97
1 98
1 98
0 98
0 98
0 97
0 96
0 95
0 94
0 93
0 92
0 91
0 90
0 89
0 88
0 87
0 86
0 85
0 84
0 83
0 82
0 81
1 80
1 79
1 78
1 77
1 76
1 75
1 74
1 73
1 72
1 71
1 70
1 69
1 68
1 67
1 66
1 65
1 64
1 63
1 62
1 61
1 60
1 59
1 58
1 57
1 56
1 55
1 54
1 53
1 52
1 51
1 50
1 49
1 48
1 47
1 46
2 45
2 44
2 43
2 42
2 41
2 40
2 39
2 38
2 37
2 36
2 35
2 34
2 33
2 32
2 31
2 30
2 29
2 28
2 28
3 27
4 26
4 26
4 25
5 24
5 23
5 22
5 22
5 21
5 20
5 20
6 19
6 18
7 17
7 17
8 16
9 15
10 14
10 14
11 13
12 13
13 12
13 12
14 12
15 11
16 11
16 11
17 10
18 10
19 9
19 9
20 9
21 8
22 8
22 8
23 8
24 7
25 7
25 7
26 7
26 7
27 7
27 7
28 8
28 8
28 9
28 10
28 10
28 11
28 12
28 12
28 13
28 14
28 15
28 15
28 16
28 17
27 18
27 19
27 20
27 20
27 21
27 22
27 23
27 24
27 25
27 26
27 26
27 27
27 28
27 29
28 30
28 31
28 32
28 33
28 33
28 34
28 35
28 36
28 37
28 38
28 39
28 40
28 41
28 41
28 42
28 43
28 44
28 45
29 46
29 47
29 48
29 49
29 50
29 50
29 51
29 52
30 53
30 54
30 55
30 56
30 57
31 58
31 59
31 60
31 60
31 61
31 62
31 63
32 64
32 65
32 66
32 67
32 68
32 68
32 69
33 70
33 71
33 72
33 73
34 74
34 75
34 76
34 76
34 77
34 78
35 79
35 80
35 81
35 81
35 82
36 83
36 84
36 85
36 85
36 86
36 87
36 88
36 89
36 89
36 90
36 91
36 92
36 93
36 93
36 94
36 95
36 96
36 96
35 97
35 97
34 98
34 99
34 99
33 99
33 99
32 99
31 99
31 99
30 98
29 98
29 98
28 98
27 97
26 97
26 97
25 96
24 95
23 94
23 94
22 93
21 92
20 91
20 91
19 90
19 89
18 88
18 87
18 87
17 86
17 85
16 84
16 84
15 83
15 83
15 82
15 81
15 80
15 79
15 78
15 77
14 76
14 75
14 74
14 73
14 72
14 71
14 70
14 69
14 68
14 67
14 66
14 65
14 64
13 63
13 62
13 61
13 60
13 59
13 58
13 57
13 56
13 55
13 54
13 53
13 52
13 51
13 50
12 49
12 48
12 47
12 46
12 45
12 44
12 43
12 43
13 44
14 45
14 45
14 44
15 43
15 42
15 42
16 41
17 41
17 41
18 40
19 40
19 40
20 39
21 39
22 38
22 38
23 37
24 37
24 37
25 38
25 38
25 39
24 40
24 41
23 42
23 43
22 44
22 45
21 46
21 47
20 48
20 49
20 50
19 51
19 52
18 53
18 54
17 55
17 56
16 57
16 58
15 59
15 60
15 60
15 61
15 62
15 63
15 64
15 65
15 65
15 65
16 64
16 64
17 63
18 63
18 63
19 62
20 61
21 60
21 60
22 59
23 58
24 57
24 57
25 56
26 55
27 55
28 54
28 54
29 53
30 53
31 52
31 52
32 51
32 50
33 49
34 48
34 47
35 46
35 45
36 44
37 43
37 42
38 41
39 40
39 39
40 38
40 37
41 36
42 35
42 34
43 33
44 32
44 31
45 30
45 29
46 28
47 27
47 26
48 25
49 24
49 23
50 22
50 21
51 20
52 19
52 18
53 17
54 16
54 15
55 14
55 13
56 12
57 11
57 10
58 9
59 8
59 7
60 6
60 5
61 4
62 3
62 2
63 1
63 1
64 1
65 0
66 0
67 0
67 0
67 0
68 1
68 1
69 2
69 3
69 3
69 4
68 5
68 6
68 7
68 7
68 8
68 9
68 10
68 11
68 11
68 12
68 13
68 14
68 15
68 15
68 16
68 17
68 18
68 19
68 20
68 20
68 21
68 22
68 23
68 23
68 24
68 25
68 26
68 26
68 27
68 28
68 29
68 29
69 30
69 31
69 31
69 32
69 33
69 33
69 34
69 34
69 34
69 34
68 33
68 32
67 31
67 30
66 29
66 28
65 27
65 26
64 25
64 24
63 23
62 22
62 21
61 20
61 19
60 18
60 17
59 16
59 15
58 14
58 13
57 12
57 12
57 13
57 14
57 15
58 16
58 17
58 18
58 19
58 19
58 18
58 18
58 19
58 20
58 20
58 21
58 22
58 22
58 23
58 24
58 24
58 25
58 26
58 26
59 27
59 27
59 28
59 28
60 28
60 28
61 28
62 28
62 28
63 27
63 26
64 25
65 24
65 23
66 22
67 21
67 20
68 19
69 18
69 17
70 16
70 15
71 14
72 13
72 12
73 11
74 10
74 9
75 8
75 8
76 8
77 7
78 7
79 7
79 7
80 7
80 7
80 8
80 9
80 9
80 10
80 10
80 11
79 12
79 13
79 13
79 14
78 15
78 16
78 16
78 17
77 18
77 19
76 20
76 21
76 21
75 22
75 23
74 24
74 25
73 26
73 26
72 27
72 28
71 29
71 30
70 31
70 32
70 32
69 33
68 34
67 35
67 36
66 37
65 38
64 39
63 40
62 41
62 42
61 43
60 44
59 45
58 46
57 47
57 48
56 49
55 50
54 51
54 51
55 50
55 50
56 49
56 49
57 48
57 47
57 47
58 46
59 46
60 45
60 45
61 44
62 44
63 43
63 43
64 42
65 41
66 40
66 40
67 39
68 38
69 37
69 37
70 36
71 35
72 34
73 33
73 33
74 32
75 32
76 31
76 31
77 30
78 29
78 29
79 28
80 28
80 28
81 28
81 28
80 28
79 28
78 29
77 29
76 29
76 29
76 30
76 31
75 32
75 33
75 34
75 35
75 35
75 36
74 37
74 38
74 38
73 39
73 40
72 41
72 41
72 42
71 43
71 44
71 45
70 46
70 47
70 47
70 48
69 49
69 50
69 51
68 52
68 53
68 53
68 54
68 55
68 56
67 57
67 58
67 59
67 60
67 60
67 61
66 62
66 63
66 64
66 65
65 66
65 67
65 67
65 68
65 69
65 70
64 71
64 72
64 73
64 74
64 75
64 75
64 76
64 77
63 78
63 79
63 80
63 81
63 81
63 82
63 83
63 84
63 85
63 86
63 86
63 87
62 88
62 89
62 90
62 90
62 91
62 92
62 93
62 94
62 94
62 95
62 96
62 97
62 97
61 98
61 99
61 99
61 100
61 100
61 100
61 100
61 100
61 99
61 98
61 98
62 97
62 96
62 96
62 95
62 94
63 93
63 92
63 91
63 90
63 89
64 88
64 87
64 86
64 85
64 84
65 83
65 82
65 81
65 80
65 79
66 78
66 77
66 76
66 75
66 74
66 73
67 72
67 71
67 70
67 69
67 68
68 67
68 66
68 65
68 64
68 63
69 62
69 61
69 60
69 59
69 58
70 57
70 56
70 55
70 55
71 54
72 54
73 53
74 53
74 53
74 52
74 52
74 53
74 53
74 54
74 55
74 56
74 56
74 57
73 58
73 59
73 60
73 60
73 61
72 62
72 63
72 64
72 64
72 65
72 66
72 67
72 68
72 68
72 69
72 70
72 71
72 72
72 72
72 73
72 74
72 75
72 76
72 76
72 77
72 78
72 78
73 79
73 79
74 80
74 80
75 81
76 81
76 81
77 81
78 81
78 81
79 81
80 81
80 81
81 81
82 81
83 81
83 81
84 81
85 81
86 81
86 81
87 81
88 80
89 80
89 80
90 80
91 80
92 80
92 80
93 80
94 79
95 79
95 79
96 78
97 78
97 78
98 77
98 77
98 77
99 76
99 76
99 75
99 74
99 74
100 73
100 72
100 72
100 71
100 70
100 70
100 69
100 68
100 67
100 67
100 66
100 65
100 64
100 64
100 63
99 62
99 61
99 61
99 60
99 59
99 58
99 57
99 57
99 56
99 55
99 54
99 53
99 53
99 52
98 51
98 50
98 49
