5 24
5 23
5 23
5 22
5 22
5 21
5 20
5 20
5 19
5 19
5 19
5 19
6 20
6 21
6 21
6 22
7 23
7 24
7 24
7 25
7 26
8 27
8 28
8 29
8 29
8 30
9 31
9 32
9 33
9 34
10 35
10 36
10 36
10 37
10 38
10 39
10 40
10 41
10 42
10 43
10 44
10 45
10 45
10 46
10 47
10 48
10 49
10 50
10 51
10 52
10 53
10 53
10 54
10 55
10 56
10 57
9 58
9 59
9 60
9 61
9 62
9 62
9 63
9 64
9 65
8 66
8 67
8 68
8 69
8 70
8 70
8 71
7 72
7 73
7 74
7 75
6 76
6 77
6 77
6 78
5 79
5 80
5 81
5 82
4 83
4 84
4 84
4 85
3 86
3 87
3 88
2 89
2 90
2 90
2 91
1 92
1 93
1 94
1 94
1 95
0 96
0 97
0 97
0 98
0 99
0 100
0 100
0 100
0 99
0 98
0 97
0 96
0 95
0 94
0 93
0 92
0 91
0 90
0 89
1 88
1 87
1 86
1 85
1 84
1 83
1 82
1 81
1 80
1 79
1 78
1 77
1 76
1 75
1 74
1 73
1 72
1 71
1 70
1 69
1 68
1 67
1 66
2 65
2 64
2 63
2 62
2 61
2 60
2 59
2 58
2 57
2 56
2 55
2 54
2 53
2 52
2 51
2 50
2 49
2 48
2 47
2 46
2 45
2 44
2 43
3 42
3 41
3 40
3 39
3 38
3 37
3 36
3 35
3 34
3 33
3 32
3 31
3 31
4 30
4 30
3 29
3 28
3 28
4 27
4 27
5 28
6 28
6 28
6 27
7 26
7 25
8 24
8 23
9 22
9 21
9 21
10 20
11 19
11 18
12 17
13 16
13 16
14 15
15 15
16 14
17 14
17 14
18 13
19 12
20 12
21 11
21 11
22 11
23 10
24 10
25 10
25 10
26 9
27 8
27 8
28 8
29 8
29 8
30 8
31 8
31 8
31 9
31 9
32 10
32 11
32 11
32 12
31 13
31 14
31 14
31 15
31 16
31 17
31 17
31 18
31 19
31 20
31 21
31 22
31 22
31 23
31 24
31 25
31 26
31 27
31 28
31 29
31 29
31 30
31 31
31 32
31 33
31 34
31 35
31 36
31 36
31 37
31 38
31 39
31 40
31 41
31 42
31 43
31 44
31 45
31 46
31 46
31 47
31 48
31 49
32 50
32 51
32 52
32 53
32 54
32 54
32 55
32 56
32 57
33 58
33 59
33 60
33 61
33 62
33 62
33 63
33 64
34 65
34 66
34 67
34 68
34 69
35 70
35 71
35 72
35 72
35 73
35 74
36 75
36 76
36 77
36 78
36 78
36 79
36 80
37 81
37 82
37 83
37 83
37 84
37 85
37 86
37 87
37 88
37 88
37 89
37 90
37 91
37 91
37 92
37 93
37 94
37 94
37 95
37 95
36 96
36 97
36 97
35 98
35 98
34 98
33 98
33 98
32 98
31 98
31 98
30 98
29 97
28 97
28 97
27 96
26 96
26 96
25 96
24 95
23 95
23 95
22 94
21 94
21 94
20 93
19 93
19 93
18 92
17 91
17 91
16 90
16 90
16 89
16 88
16 87
15 86
15 85
15 84
15 83
15 82
15 81
15 80
15 79
14 78
14 77
14 76
14 75
14 74
14 73
14 72
13 71
13 70
13 69
13 68
13 67
13 66
13 65
13 64
12 63
12 62
12 61
12 60
12 59
12 58
12 57
12 56
11 55
11 54
11 53
11 52
11 52
12 52
13 52
14 52
14 52
15 51
15 50
15 50
16 49
16 49
17 48
18 47
19 46
19 46
20 45
21 44
22 43
22 43
23 42
24 42
25 41
25 41
26 41
26 41
27 42
27 42
27 43
27 44
27 44
26 45
26 46
25 47
25 48
24 49
24 50
23 51
23 52
22 53
22 54
21 55
21 56
20 57
20 58
19 59
19 60
18 61
18 62
17 63
17 63
17 64
17 65
16 66
16 67
16 68
16 69
16 69
17 69
17 69
18 69
18 69
19 68
19 67
19 67
20 66
21 66
22 65
22 65
23 64
23 63
24 62
24 62
25 61
26 60
27 59
27 59
28 58
28 58
29 57
29 57
30 57
30 57
31 56
31 55
32 54
33 53
33 52
34 51
35 50
35 49
36 48
37 47
37 46
38 45
39 44
40 43
40 42
41 41
42 40
42 39
43 38
44 37
44 36
45 35
46 34
46 33
47 32
48 31
48 30
49 29
50 28
50 27
51 26
52 25
52 24
53 23
54 22
54 21
55 20
56 19
56 18
57 17
58 16
59 15
59 14
60 13
61 12
61 11
62 10
63 9
63 8
64 7
65 6
65 5
66 4
66 4
67 3
67 3
67 2
67 2
67 1
67 0
67 0
67 1
67 1
67 2
68 3
68 4
68 4
68 5
69 6
69 7
69 7
69 8
69 9
69 10
69 11
69 11
69 12
70 13
70 14
70 14
70 15
70 16
70 17
70 18
70 18
70 19
70 20
70 21
70 21
70 22
70 23
70 24
70 24
70 25
70 26
70 27
70 27
70 28
70 29
70 29
70 30
70 30
70 31
70 31
69 30
69 29
68 28
68 27
67 26
67 25
66 24
65 23
65 22
64 21
64 20
63 19
63 18
62 17
61 16
61 15
60 14
60 13
59 12
59 11
58 10
58 10
58 11
59 12
59 13
59 13
59 14
59 15
59 15
60 16
60 17
60 17
60 18
60 19
61 20
61 21
61 22
61 23
61 23
61 24
61 25
61 25
62 24
62 24
63 25
63 26
63 26
63 27
63 27
64 28
64 28
65 29
65 29
66 28
66 27
67 26
68 25
69 24
69 23
70 22
71 21
71 20
72 19
73 18
74 17
74 16
75 15
76 14
76 13
77 12
78 11
79 10
79 9
80 8
80 8
81 8
82 9
83 9
83 9
83 10
83 10
83 11
83 12
83 12
82 13
82 14
82 14
81 15
80 16
80 16
80 17
79 18
79 19
79 20
79 20
78 21
78 22
77 23
77 24
77 24
77 25
76 26
76 27
75 28
75 29
75 29
74 30
73 31
73 32
72 33
71 34
70 35
69 36
68 37
68 38
67 39
66 40
65 41
64 42
63 43
63 44
62 45
61 46
60 47
59 48
58 49
58 50
57 51
56 52
55 53
54 54
53 55
53 56
52 57
51 58
51 58
52 59
52 59
52 59
53 58
53 58
54 57
54 56
55 55
55 55
56 54
57 54
58 53
59 53
60 52
60 52
61 51
62 50
63 50
64 49
65 48
65 48
66 47
67 47
68 46
69 45
70 45
71 44
71 44
72 43
73 42
74 41
75 40
76 39
76 39
77 38
78 37
79 37
80 36
80 36
81 36
82 35
83 35
83 35
84 34
84 34
85 33
85 33
85 33
85 33
85 33
84 33
83 34
82 34
81 35
80 35
79 35
78 36
77 36
76 37
75 37
75 37
75 38
75 39
75 40
75 41
75 41
74 42
74 43
74 43
74 44
73 45
73 46
73 46
73 47
73 48
72 49
72 50
72 51
72 52
72 52
72 53
71 54
71 55
70 56
70 57
70 57
70 58
69 59
69 60
69 61
68 62
68 63
68 63
68 64
68 65
68 66
67 67
67 68
67 69
67 70
67 70
67 71
67 72
66 73
66 74
66 75
66 75
66 76
65 77
65 78
65 79
65 79
65 80
64 81
64 82
64 83
64 83
64 84
64 85
64 86
64 86
64 87
64 88
64 88
64 89
64 90
64 90
64 90
64 90
65 89
65 89
65 88
66 87
66 86
66 85
66 84
67 83
67 82
67 81
68 80
68 79
68 78
68 77
69 76
69 75
69 74
70 73
70 72
70 71
71 70
71 69
71 68
71 67
72 66
72 65
72 64
73 63
73 62
73 61
73 60
74 59
74 58
74 58
75 57
76 56
76 55
77 54
78 53
78 53
78 53
78 54
78 55
78 55
78 56
77 57
77 58
77 59
77 59
77 60
77 61
76 62
76 63
76 64
76 64
76 65
76 66
75 67
75 68
75 69
75 70
75 70
75 71
75 72
75 73
75 74
75 75
75 75
75 76
75 77
75 78
75 79
75 79
75 80
75 81
75 82
75 82
76 83
76 84
76 84
77 85
78 85
78 85
79 86
80 86
80 86
81 86
82 86
82 86
83 86
84 86
85 86
86 86
86 86
87 86
88 85
89 85
89 85
90 84
91 84
92 83
92 83
93 82
94 82
95 81
95 81
96 80
97 79
97 79
98 78
98 77
98 77
99 76
99 75
99 75
99 74
99 73
99 73
99 72
100 71
100 70
100 70
100 69
100 68
100 67
100 67
100 66
99 65
99 64
99 63
99 63
99 62
99 61
99 60
99 59
99 58
99 58
99 57
99 56
99 55
99 54
