7 20
8 21
8 22
9 23
9 23
9 22
9 21
9 21
9 22
8 23
8 24
8 25
8 25
8 26
8 27
8 28
8 29
8 30
8 31
8 31
8 32
8 33
8 34
8 35
8 36
8 37
8 38
8 39
8 40
8 40
8 41
8 42
8 43
9 44
9 45
9 46
9 47
9 48
9 48
9 49
9 50
9 51
9 52
8 53
8 54
8 55
8 56
8 57
8 57
8 58
8 59
8 60
8 61
8 62
8 63
8 64
8 65
8 66
8 66
8 67
8 68
8 69
7 70
7 71
7 72
7 73
7 74
7 74
7 75
7 76
7 77
6 78
6 79
6 80
6 81
6 81
6 82
6 83
5 84
5 85
5 86
5 86
5 87
4 88
4 89
3 90
3 91
3 91
3 92
2 93
2 94
2 95
2 95
1 96
1 97
0 98
0 99
0 99
0 100
0 100
0 99
0 98
0 97
0 96
0 95
0 94
1 93
1 92
1 91
1 90
1 89
1 88
1 87
1 86
1 85
1 84
1 83
1 82
2 81
2 80
2 79
2 78
2 77
2 76
2 75
2 74
2 73
2 72
2 71
2 70
3 69
3 68
3 67
3 66
3 65
3 64
3 63
3 62
3 61
3 60
3 59
3 58
4 57
4 56
4 55
4 54
4 53
4 52
4 51
4 50
4 49
4 48
4 47
4 46
5 45
5 44
5 43
5 42
5 41
5 40
5 39
5 38
5 37
5 36
5 35
5 34
6 33
6 32
6 31
6 30
6 29
6 28
6 27
6 27
7 27
8 27
9 27
9 27
9 26
8 25
8 24
7 23
7 22
7 22
7 21
7 21
8 21
9 21
9 21
10 20
11 19
11 19
12 18
12 17
13 16
13 16
14 15
15 14
16 13
16 13
17 12
18 12
19 11
19 11
20 10
21 9
21 9
22 9
23 8
24 8
24 8
25 7
25 7
26 7
26 7
27 8
27 8
27 9
27 10
27 10
27 11
27 12
27 13
27 13
27 14
27 15
27 16
27 17
27 17
27 18
27 19
27 20
27 21
27 22
27 22
27 23
27 24
28 25
28 26
28 27
28 28
28 28
28 29
28 30
28 31
28 32
28 33
28 34
28 35
28 35
28 36
28 37
28 38
28 39
28 40
28 41
28 42
28 43
28 43
28 44
28 45
28 46
29 47
29 48
29 49
29 50
29 50
29 51
29 52
29 53
30 54
30 55
30 56
30 57
30 58
30 58
30 59
30 60
31 61
31 62
31 63
31 64
31 64
31 65
31 66
31 67
31 68
31 69
31 70
31 70
31 71
31 72
32 73
32 74
32 75
32 76
32 76
32 77
32 78
32 79
32 80
32 80
32 81
33 82
33 83
33 84
33 84
33 85
33 86
33 87
33 88
33 88
33 89
32 90
32 91
32 91
32 92
32 93
32 94
32 94
32 95
32 96
32 96
31 97
31 97
31 98
31 98
30 99
30 99
29 99
28 99
28 99
27 98
27 98
26 97
25 97
25 97
24 96
23 96
23 96
22 95
21 94
20 93
20 93
19 92
18 91
18 91
17 90
17 89
16 88
16 87
16 87
16 86
16 85
16 84
15 83
15 82
15 81
15 80
15 79
15 78
15 77
15 76
14 75
14 74
14 73
14 72
14 71
14 70
14 69
14 68
13 67
13 66
13 65
13 64
13 63
13 62
13 61
13 60
12 59
12 58
12 57
12 56
12 55
12 54
12 53
12 52
11 51
11 50
11 49
11 48
11 47
11 47
12 48
13 48
13 48
13 47
13 47
14 46
15 45
15 45
16 44
17 44
18 43
18 43
19 42
20 42
21 41
21 41
22 40
23 40
24 39
24 39
25 39
26 39
26 39
26 40
26 40
25 41
25 42
24 43
24 44
23 45
23 46
22 47
22 48
21 49
21 50
20 51
19 52
19 53
18 54
18 55
17 56
17 57
16 58
16 59
15 60
15 61
14 62
14 62
14 63
15 64
15 65
16 66
16 67
16 67
17 67
17 67
17 66
17 66
18 65
19 65
19 65
20 64
21 63
22 62
22 62
23 61
24 60
25 60
26 59
26 59
27 58
28 57
29 56
29 56
30 56
31 55
32 55
32 55
33 54
33 53
34 52
34 51
35 50
36 49
36 48
37 47
37 46
38 45
39 44
39 43
40 42
40 41
41 40
42 39
42 38
43 37
43 36
44 35
45 34
45 33
46 32
46 31
47 30
48 29
48 28
49 27
49 26
50 25
50 24
51 23
52 22
52 21
53 20
53 19
54 18
55 17
55 16
56 15
56 14
57 13
58 12
58 11
59 10
59 9
60 8
61 7
61 6
62 5
62 4
63 3
63 3
64 3
65 2
66 2
66 2
65 1
65 0
65 0
66 0
66 0
67 1
67 2
67 2
67 3
68 4
68 5
68 5
68 6
69 7
69 8
69 9
69 9
69 10
69 11
69 12
69 13
69 13
69 14
69 15
69 16
69 17
69 18
69 18
69 19
69 20
69 21
69 22
69 22
69 23
69 24
69 25
69 26
69 26
69 27
69 28
69 29
69 29
69 30
69 31
69 32
69 32
69 33
69 34
69 34
69 35
69 35
69 36
69 36
69 36
69 35
68 34
68 33
68 32
67 31
67 30
67 29
66 28
66 27
66 26
65 25
65 24
65 23
64 22
64 21
64 20
63 19
63 18
63 17
62 16
62 15
62 14
61 13
61 12
61 11
60 10
60 9
60 8
59 7
59 6
59 6
59 7
59 8
60 9
60 10
60 11
60 12
60 12
59 12
59 12
59 13
60 14
60 15
60 16
60 16
60 17
61 18
61 19
61 19
61 20
61 21
61 21
62 22
62 23
62 23
62 24
62 24
62 25
62 26
62 26
63 27
63 27
64 26
64 26
65 25
65 24
66 23
66 22
67 21
68 20
68 19
69 18
69 17
70 16
71 15
71 14
72 13
72 12
73 11
74 10
74 9
75 8
75 7
76 6
76 6
77 6
78 6
79 7
80 7
81 7
81 7
81 8
81 9
81 9
80 9
80 9
80 10
80 11
80 11
80 12
80 13
80 14
80 14
79 15
79 16
78 17
78 17
77 18
77 19
76 20
76 21
76 21
76 22
75 23
75 24
74 25
74 26
74 26
74 27
73 28
73 29
72 30
72 31
72 31
71 32
71 33
70 34
69 35
69 36
68 37
68 37
67 38
66 39
65 40
64 41
63 42
62 43
61 44
60 45
59 46
58 47
57 48
56 49
55 50
54 51
53 52
52 53
52 53
53 53
53 53
53 53
53 53
54 52
55 51
55 51
56 50
57 49
57 49
58 48
59 47
60 47
61 46
61 46
62 45
63 45
64 44
65 44
66 43
66 43
67 42
68 41
69 40
70 39
70 39
71 38
72 37
73 37
74 36
74 36
75 35
76 34
77 34
78 33
78 33
79 32
80 32
81 31
81 31
82 30
83 29
83 29
84 29
84 29
84 28
84 28
83 29
82 29
81 30
80 30
79 31
78 31
77 32
76 32
75 33
75 33
75 34
75 35
74 36
74 37
74 38
74 39
74 39
73 40
72 41
72 41
72 42
71 43
71 44
71 45
71 45
71 46
70 47
70 48
69 49
69 50
69 50
69 51
69 52
69 53
68 54
68 55
68 56
68 57
68 57
68 58
67 59
67 60
67 61
67 62
66 63
66 64
66 64
66 65
66 66
66 67
65 68
65 69
65 70
65 71
65 71
65 72
64 73
64 74
64 75
64 76
63 77
63 78
63 79
63 79
63 80
63 81
63 82
63 83
63 84
63 84
63 85
62 86
62 87
62 88
62 88
62 89
62 90
62 91
62 91
62 92
62 93
62 93
62 94
62 94
62 94
62 94
63 93
63 92
63 92
63 91
64 90
64 89
64 88
64 87
65 86
65 85
65 84
66 83
66 82
66 81
67 80
67 79
67 78
67 77
68 76
68 75
68 74
69 73
69 72
69 71
69 70
70 69
70 68
70 67
71 66
71 65
71 64
71 63
72 62
72 61
72 60
73 59
73 58
73 57
74 56
74 55
74 54
74 53
75 52
75 51
75 51
76 52
76 52
76 51
76 50
76 50
75 51
75 52
75 52
75 53
75 54
75 55
75 56
75 56
75 57
75 58
74 59
74 60
74 61
74 61
74 62
74 63
74 64
74 65
74 65
74 66
74 67
74 68
74 68
74 69
74 70
74 71
74 71
74 72
75 73
75 74
75 74
76 75
76 75
77 76
78 77
78 77
79 78
80 78
80 78
81 78
82 78
83 78
83 78
84 78
85 79
86 79
86 79
87 79
88 79
89 79
89 79
90 79
91 79
92 79
92 79
93 78
94 78
94 78
95 77
96 76
96 76
97 75
97 75
97 74
98 73
98 72
98 72
99 71
99 70
99 70
99 69
99 68
99 67
99 67
99 66
100 65
100 64
100 64
100 63
100 62
100 61
100 61
100 60
100 59
100 58
100 57
100 57
100 56
100 55
100 54
100 53
100 53
100 52
100 51
100 50
100 49
100 49
99 48
99 47
