0 29
0 30
0 31
0 31
0 30
0 30
0 30
0 30
1 30
1 30
2 29
3 29
3 29
4 29
5 28
6 28
6 28
7 27
8 26
9 25
9 25
10 24
11 24
12 23
13 23
13 23
14 22
15 21
16 21
17 20
18 19
18 19
19 18
20 18
21 17
22 17
23 16
23 16
24 15
25 15
26 14
27 14
28 13
28 13
29 12
30 12
31 11
32 11
32 11
33 10
34 9
34 9
35 9
36 9
36 9
36 9
36 9
36 10
36 10
35 10
34 10
33 10
32 10
31 10
30 10
29 10
28 10
27 11
26 11
25 11
24 11
23 11
22 11
21 11
20 11
19 11
19 11
18 11
17 11
16 11
16 11
15 10
15 10
15 10
15 11
15 11
15 11
15 12
16 13
16 14
16 14
16 15
16 16
16 17
16 17
16 18
17 19
17 20
17 20
18 21
18 22
18 22
18 23
18 24
18 24
19 25
19 25
19 25
19 25
19 25
20 24
20 23
20 23
20 22
21 21
21 20
21 19
21 19
22 18
22 17
23 16
23 16
23 15
23 14
24 13
24 12
24 11
24 11
25 10
25 9
26 8
26 7
27 6
27 6
27 5
28 4
28 3
28 2
28 2
29 1
29 1
29 0
29 0
29 1
29 1
30 2
30 2
30 3
30 4
30 4
30 5
30 6
30 7
30 7
30 8
29 9
29 10
29 11
29 11
29 12
28 13
28 14
28 15
28 15
28 16
27 17
27 18
27 19
27 19
27 20
27 21
27 22
27 22
27 23
27 23
27 24
27 24
27 24
27 24
27 25
27 25
27 26
27 26
26 27
26 28
25 29
25 30
24 31
23 32
23 33
22 34
22 35
21 36
20 37
20 38
19 39
19 40
18 41
18 42
17 43
16 44
16 45
15 46
15 47
14 48
14 48
14 49
14 50
14 50
14 50
13 50
13 50
13 49
13 49
14 49
14 49
15 48
16 48
16 48
17 47
17 46
18 45
18 45
19 44
19 43
20 42
20 42
21 41
22 40
22 40
23 39
24 38
24 38
25 38
25 38
26 38
26 38
27 39
27 39
28 40
28 41
28 41
28 42
29 43
29 44
29 44
29 45
29 46
29 47
29 48
29 49
29 49
29 50
29 51
29 52
29 53
29 54
29 55
29 55
29 56
29 57
28 58
28 59
28 60
28 60
28 61
28 62
27 63
27 64
27 65
27 66
27 66
27 67
27 68
26 69
26 70
26 71
26 72
26 72
25 73
25 74
24 75
24 76
24 76
24 77
23 78
23 79
23 79
22 80
22 80
22 80
22 79
22 79
22 78
21 77
21 76
21 76
21 75
21 74
21 73
21 72
21 72
21 71
21 70
21 69
22 68
22 67
22 66
22 65
22 65
22 64
22 63
22 62
22 61
22 60
22 59
22 58
22 58
22 57
22 56
22 55
23 54
23 53
23 52
23 51
23 51
23 50
23 49
23 48
23 47
23 46
23 45
23 45
23 44
23 43
24 42
24 41
24 40
24 40
24 39
25 38
25 37
25 37
25 36
25 35
25 35
25 35
25 35
25 36
25 37
25 37
25 38
25 39
25 40
25 40
25 41
25 42
24 43
24 44
24 45
24 45
24 46
24 47
23 48
23 49
23 50
23 50
23 51
23 52
22 53
22 54
22 55
22 55
22 56
21 57
21 58
21 59
20 60
20 61
20 61
20 62
19 63
19 64
18 65
18 66
18 66
18 67
17 68
17 69
17 70
17 70
16 71
16 72
15 73
15 73
14 74
14 74
13 75
12 75
12 75
11 75
11 75
10 74
10 74
9 74
9 74
8 73
8 72
8 72
7 71
7 71
6 70
6 70
6 69
6 69
6 69
6 69
6 69
7 69
7 69
8 69
8 69
9 68
10 67
10 67
11 66
12 65
12 65
13 64
14 64
15 63
15 63
16 62
17 61
17 60
18 59
18 59
19 58
20 57
21 56
21 56
22 55
23 54
24 54
25 53
25 53
26 52
27 51
28 51
29 50
29 50
30 50
31 50
31 50
32 50
33 51
34 51
34 51
35 52
35 53
36 54
36 54
37 55
37 56
37 56
38 57
38 58
39 59
39 59
40 60
40 61
40 61
41 62
41 62
41 63
41 63
42 63
42 63
42 63
42 62
42 61
42 60
42 59
42 58
42 57
42 56
42 55
42 54
42 53
42 52
42 51
42 50
43 49
43 48
43 47
43 46
43 45
43 44
43 43
43 42
43 41
43 40
43 39
43 38
43 37
43 36
43 35
43 35
43 36
43 37
43 37
42 37
42 37
42 38
42 38
43 38
43 38
43 39
43 39
44 39
44 39
45 39
46 39
46 39
47 39
47 39
48 38
49 38
49 38
50 37
51 37
52 36
52 36
53 35
53 34
54 33
54 33
55 32
56 31
57 30
57 30
58 29
58 28
59 27
59 26
59 26
60 25
60 24
61 23
61 22
61 22
62 21
62 20
63 19
63 18
63 18
63 17
64 16
64 15
64 15
64 14
65 13
65 12
65 11
65 11
65 10
65 9
65 8
65 8
65 7
65 6
65 5
65 4
65 4
65 3
65 3
65 2
65 2
64 2
64 2
63 3
62 4
62 4
62 5
61 6
61 7
61 7
61 8
61 9
60 10
60 11
60 12
60 12
60 13
59 14
59 15
59 16
58 17
58 18
58 18
58 19
57 20
57 21
57 22
56 23
56 24
56 24
56 25
56 26
56 27
55 28
55 29
55 30
55 31
55 32
55 32
55 33
54 34
54 35
54 36
54 37
53 38
53 39
53 40
53 40
53 41
52 42
52 43
51 44
51 45
51 46
50 47
50 48
50 48
50 49
50 50
50 51
50 52
49 53
49 54
49 55
49 56
49 57
49 57
49 58
48 59
48 60
48 61
47 62
47 63
47 63
47 64
46 65
46 66
45 67
45 68
45 68
45 69
44 70
44 71
44 72
44 72
44 73
44 73
43 73
43 73
43 73
43 73
43 72
44 71
44 70
44 70
44 69
44 68
44 67
44 66
44 66
44 65
45 64
45 63
45 62
45 62
45 61
46 60
46 59
46 58
46 58
47 57
47 56
48 55
48 55
48 54
49 53
49 52
49 52
49 51
50 50
50 49
50 49
51 48
51 47
51 47
52 46
52 46
53 45
53 44
53 44
53 43
53 43
54 42
54 41
55 40
55 40
55 40
55 40
55 40
55 39
55 39
55 39
55 39
55 39
55 39
55 39
55 39
55 40
55 40
55 41
55 41
55 42
55 43
55 44
55 44
55 45
55 46
55 47
55 48
55 48
55 49
55 50
55 51
55 52
55 52
55 53
55 54
55 55
55 56
55 56
55 57
55 58
55 59
55 60
55 61
55 61
55 62
55 63
55 64
55 65
55 65
55 66
55 67
55 68
55 69
55 70
55 70
55 71
55 72
55 73
55 73
55 74
55 74
55 75
55 75
55 75
55 75
55 75
54 74
54 73
54 73
54 72
54 71
54 71
54 70
54 69
54 68
54 67
54 67
54 66
54 65
54 64
54 63
54 63
54 62
54 61
54 60
54 59
54 58
54 58
54 57
54 56
54 55
54 54
54 53
54 52
54 52
54 51
54 50
54 49
54 48
54 48
54 47
54 46
54 45
54 45
55 44
55 43
55 43
56 42
56 41
56 41
56 40
56 40
57 39
57 39
58 39
58 39
59 38
59 38
60 39
60 39
60 39
61 40
61 41
61 41
62 42
62 43
62 43
62 44
62 45
62 46
62 46
62 47
63 48
63 49
63 50
63 50
63 51
63 52
63 53
63 54
63 54
63 55
63 56
64 57
64 58
64 59
64 59
64 60
64 61
64 62
64 63
64 64
64 65
64 66
64 66
64 67
64 68
64 69
65 70
65 71
65 72
65 73
65 74
65 74
65 75
65 76
65 77
65 78
65 79
65 80
65 80
65 81
65 82
66 83
66 84
66 85
66 86
66 86
66 87
66 88
66 89
66 90
66 91
66 91
66 92
67 93
67 94
67 94
67 95
67 96
67 97
67 97
67 98
67 99
67 99
67 99
67 99
67 99
67 99
66 98
66 98
66 97
66 96
66 96
66 95
65 94
65 93
65 93
65 92
64 91
64 90
63 89
63 88
63 88
63 87
63 86
62 85
62 84
62 83
62 83
62 82
61 81
61 80
61 79
61 78
60 77
60 76
60 76
60 75
60 74
59 73
59 72
59 71
59 70
59 70
59 69
59 68
58 67
58 66
58 65
58 64
58 64
57 63
57 62
56 61
56 61
56 60
56 59
56 59
55 58
55 58
55 57
55 57
56 56
56 56
57 55
57 54
57 54
58 53
58 53
59 53
60 53
60 53
60 54
60 54
60 55
60 55
60 56
60 57
60 58
60 58
60 59
59 60
59 61
59 61
59 62
58 63
58 64
58 64
58 65
57 66
57 67
57 67
56 68
56 69
56 69
56 70
56 70
56 71
56 71
57 71
57 71
58 71
59 71
59 71
60 70
61 70
61 70
62 69
63 68
63 68
64 67
65 67
65 67
66 66
66 66
66 65
66 64
66 63
67 62
67 61
67 60
67 59
67 58
67 57
67 56
67 55
68 54
68 53
68 52
68 51
68 50
68 49
68 48
68 47
69 46
69 45
69 44
69 43
69 42
69 41
69 40
69 39
70 38
70 37
70 36
70 35
70 35
70 34
70 34
70 34
70 33
70 33
70 33
70 33
70 33
71 34
71 34
72 35
72 36
72 36
72 37
72 38
72 39
72 40
72 40
72 41
73 42
73 43
73 43
73 44
73 45
73 46
73 47
73 48
73 48
73 49
73 50
73 51
73 52
73 53
73 54
73 54
73 55
72 56
72 57
72 58
72 58
72 59
72 60
71 61
71 62
71 63
71 63
71 64
71 65
71 66
71 67
71 67
71 68
70 69
70 70
70 70
69 71
69 71
69 71
68 70
68 70
68 69
68 68
68 68
68 67
69 66
69 65
69 64
69 64
69 63
69 62
69 61
69 60
69 59
69 59
69 58
69 57
69 56
69 55
70 54
70 53
70 52
70 51
70 50
70 49
70 48
70 47
70 46
70 45
71 44
71 43
71 42
71 41
71 40
71 40
71 39
71 38
71 37
71 36
71 35
71 34
71 33
71 33
72 32
72 31
72 31
72 30
72 30
72 29
72 28
72 28
73 27
73 27
74 26
74 25
74 25
75 24
75 24
76 23
76 23
77 22
77 22
78 21
78 21
79 21
79 21
80 21
80 21
81 21
81 21
81 22
81 22
82 23
82 23
82 24
82 24
82 25
82 26
82 27
82 27
82 28
82 29
82 30
82 30
82 31
82 32
82 33
82 34
82 34
82 35
82 36
82 37
82 38
82 39
82 39
82 40
82 41
81 42
81 43
81 44
81 44
81 45
81 46
81 47
81 48
81 49
81 49
81 50
81 51
81 52
81 53
81 54
81 55
81 55
81 56
81 57
81 58
81 59
81 60
81 61
81 61
81 62
81 63
81 64
81 65
81 66
81 67
81 67
81 68
81 69
81 70
81 71
81 72
81 73
81 74
81 74
81 75
81 76
81 77
81 78
81 79
81 79
81 80
81 81
82 82
82 83
82 84
82 84
82 85
82 86
82 87
82 87
82 88
82 89
82 90
82 90
82 91
82 92
82 92
82 93
82 93
82 93
82 93
81 92
81 92
81 91
81 91
81 90
80 89
80 88
80 88
79 87
79 86
78 85
78 84
78 84
78 83
78 82
77 81
77 80
77 79
77 78
77 78
77 77
77 76
76 75
76 74
76 73
76 72
76 72
76 71
75 70
75 69
75 68
74 67
74 66
74 66
74 65
74 64
73 63
73 62
73 61
73 60
73 60
73 59
72 58
72 57
72 56
72 56
72 55
71 54
71 53
71 53
71 52
71 51
71 51
71 50
71 50
71 49
71 49
72 49
72 49
73 48
73 48
74 49
75 49
75 49
76 50
76 50
76 51
76 51
76 52
76 53
76 53
75 54
75 55
75 55
74 56
74 57
73 58
73 58
73 59
72 60
72 61
72 61
72 62
71 63
71 64
71 64
71 64
71 64
72 63
72 63
73 62
73 61
73 61
74 60
74 59
75 58
75 58
76 57
76 56
77 55
77 55
78 54
78 53
79 52
79 52
80 51
80 50
80 50
81 49
81 48
81 48
82 47
82 46
82 46
82 45
82 44
82 44
82 43
82 42
82 41
82 41
81 40
81 39
81 39
81 38
81 37
81 36
81 36
81 35
81 34
81 33
81 33
81 32
81 32
81 31
81 30
81 30
81 29
81 29
82 28
82 28
83 27
83 27
84 26
84 26
85 26
85 26
86 26
87 26
87 26
88 27
88 28
88 28
88 29
88 30
88 30
89 31
89 32
89 32
89 33
90 34
90 35
90 36
90 36
90 37
90 38
90 39
90 40
90 40
90 41
90 42
90 43
90 44
90 45
90 45
90 46
90 47
89 48
89 49
89 50
89 50
89 51
89 52
89 53
88 54
88 55
88 56
88 57
88 57
88 58
87 59
87 60
87 61
87 62
86 63
86 64
86 64
86 65
86 66
86 67
85 68
85 69
85 70
85 71
85 71
85 72
84 73
84 74
83 75
83 76
83 76
83 77
82 78
82 79
82 80
82 80
82 81
81 82
81 83
81 83
81 84
81 84
81 84
81 83
81 82
81 82
81 81
81 80
81 79
81 78
81 78
81 77
81 76
82 75
82 74
82 73
82 73
82 72
82 71
83 70
83 69
83 68
83 67
83 67
83 66
83 65
83 64
84 63
84 62
84 61
84 60
84 60
84 59
85 58
85 57
85 56
85 55
86 54
86 53
86 53
86 52
86 51
86 50
87 49
87 48
87 47
87 46
87 45
87 45
87 44
87 43
87 42
87 41
87 40
87 39
87 39
87 38
87 37
87 36
87 35
87 34
87 33
87 33
87 32
87 31
87 30
87 29
87 29
87 28
87 27
87 26
87 26
87 25
87 24
87 23
87 23
88 22
88 21
88 21
89 20
89 19
89 19
90 18
90 17
90 17
91 16
91 15
91 15
92 14
92 14
93 13
93 13
94 12
94 12
95 11
96 11
96 11
97 10
97 10
98 10
98 10
99 10
99 10
99 11
99 11
99 12
99 12
100 13
100 14
100 14
100 15
99 16
99 17
99 17
99 18
99 19
99 20
99 20
99 21
99 22
99 23
99 24
99 24
99 25
99 26
98 27
98 28
98 29
98 29
98 30
98 31
98 32
98 33
98 34
98 34
98 35
98 36
98 37
98 38
98 39
98 40
98 40
98 41
98 42
97 43
97 44
97 45
97 46
97 46
97 47
97 48
97 49
97 50
97 51
97 52
97 53
97 53
97 54
97 55
97 56
97 57
97 58
97 59
97 60
97 60
97 61
97 62
97 63
97 64
97 65
97 66
97 67
97 68
97 68
97 69
97 70
97 71
97 72
97 73
97 74
97 74
97 75
97 76
98 77
98 78
98 79
98 79
98 80
98 81
98 82
98 83
98 84
98 85
98 86
98 86
98 87
98 88
98 89
98 90
98 91
98 91
98 92
98 93
98 94
98 94
98 95
98 96
98 97
98 98
98 98
98 99
98 100
98 100
98 100
98 100
98 100
98 100
98 99
97 98
97 97
97 97
97 96
97 95
97 94
97 94
97 93
97 92
96 91
96 90
96 89
96 89
96 88
96 87
95 86
95 85
95 84
95 83
95 83
95 82
95 81
95 80
94 79
94 78
94 77
94 76
94 76
94 75
94 74
94 73
93 72
93 71
93 70
93 69
93 68
93 68
93 67
93 66
93 65
92 64
92 63
92 62
92 61
92 60
92 60
92 59
92 58
91 57
91 56
91 55
91 54
91 54
91 53
90 52
90 51
90 50
90 50
89 49
89 48
88 47
88 46
88 46
87 45
87 44
87 44
87 43
87 42
87 41
87 41
87 40
87 39
87 39
88 38
88 38
89 37
90 37
90 37
91 37
92 37
92 37
93 38
93 38
94 39
94 39
95 40
95 41
95 41
95 42
94 43
94 44
94 44
94 45
93 46
93 47
93 48
93 48
93 49
93 50
92 51
92 52
92 53
92 53
91 54
91 55
90 56
90 57
90 57
89 58
89 59
88 60
88 60
88 61
88 62
88 62
88 62
88 62
89 61
90 61
90 61
91 60
91 60
92 59
93 59
93 59
94 58
95 58
95 58
96 58
96 58
97 58
98 58
98 58
99 57
