0 27
0 28
0 29
0 29
0 29
0 29
0 29
0 29
0 29
0 29
1 28
1 28
2 28
3 28
3 28
4 27
5 27
6 26
6 26
7 25
8 24
9 23
9 23
10 22
11 21
12 21
13 20
13 20
14 19
15 19
16 18
17 18
17 18
18 17
19 16
20 16
21 15
21 15
22 14
23 14
24 13
25 13
25 13
26 12
27 12
28 11
28 11
29 11
30 10
31 10
31 10
32 9
32 9
33 9
33 9
33 9
33 9
33 9
32 9
32 9
31 10
31 10
30 10
29 10
28 10
27 10
26 10
25 10
24 10
24 10
23 10
22 10
21 9
20 9
19 9
19 9
18 8
17 8
17 8
16 7
15 7
15 7
14 7
14 7
14 6
14 6
13 7
13 7
13 8
13 8
14 9
14 9
14 10
14 11
14 12
14 12
14 13
15 14
15 15
15 15
15 16
15 17
15 18
15 19
15 19
15 20
16 21
16 22
16 22
17 23
17 24
17 24
17 25
17 26
17 27
17 27
17 28
17 28
18 28
18 28
18 28
18 27
18 27
18 26
19 25
19 24
19 24
19 23
20 22
20 21
20 20
20 20
20 19
21 18
21 17
21 16
21 16
21 15
21 14
22 13
22 12
22 11
22 11
22 10
23 9
23 8
24 7
24 6
24 6
24 5
25 4
25 3
25 3
25 2
25 1
25 1
26 0
26 0
26 1
26 1
26 2
26 2
26 3
26 4
26 4
26 5
26 6
26 7
26 7
26 8
26 9
25 10
25 11
25 12
25 12
25 13
25 14
24 15
24 16
24 17
24 17
24 18
23 19
23 20
23 21
23 21
23 22
22 23
22 24
22 24
22 25
22 26
22 27
22 28
22 28
22 29
22 30
22 30
21 31
21 32
20 33
20 34
19 35
18 36
18 37
17 38
16 39
16 40
15 41
15 42
14 43
13 44
13 45
12 46
11 47
11 48
10 49
10 50
9 51
9 51
8 52
8 52
7 53
7 53
7 53
7 53
8 53
8 53
9 52
9 52
10 51
10 50
10 50
11 49
12 48
12 48
13 47
14 47
14 47
15 46
16 46
17 45
17 45
18 44
18 43
19 42
19 42
20 41
21 41
21 41
22 40
23 39
23 39
24 39
25 39
25 39
26 39
26 39
27 40
27 40
28 41
28 42
28 42
28 43
28 44
28 45
28 46
28 47
28 47
28 48
28 49
28 50
28 51
28 52
28 52
28 53
28 54
28 55
28 56
28 57
28 58
28 59
28 59
28 60
28 61
27 62
27 63
27 64
27 65
27 65
27 66
26 67
26 68
25 69
25 70
25 70
25 71
25 72
24 73
24 74
24 75
24 76
24 76
24 77
23 78
23 79
23 80
23 80
23 81
22 82
22 83
22 83
21 84
21 85
21 85
21 85
20 84
20 84
20 83
20 82
20 82
20 81
20 80
20 79
20 78
20 78
20 77
20 76
20 75
20 74
20 73
20 72
20 72
20 71
20 70
20 69
21 68
21 67
21 66
21 65
21 65
21 64
21 63
21 62
21 61
22 60
22 59
22 58
22 57
22 56
22 56
22 55
22 54
22 53
23 52
23 51
23 50
23 49
23 49
23 48
23 47
23 46
24 45
24 44
24 43
24 42
24 41
24 41
24 40
24 39
24 38
24 37
24 37
24 36
24 35
24 34
24 34
25 33
25 33
25 34
25 34
25 35
25 35
25 36
25 37
25 38
25 38
25 39
25 40
24 41
24 42
24 43
24 43
24 44
24 45
23 46
23 47
23 48
23 49
23 49
23 50
22 51
22 52
22 53
21 54
21 55
21 55
21 56
21 57
20 58
20 59
20 60
20 60
20 61
19 62
19 63
19 64
18 65
18 66
18 66
18 67
18 68
17 69
17 70
17 71
17 71
16 72
16 73
15 74
15 74
14 75
14 76
14 76
14 77
14 77
14 77
13 77
13 77
13 76
13 75
13 75
13 74
13 73
13 72
13 72
13 71
13 70
13 69
13 69
13 68
13 67
13 67
13 66
13 65
13 65
13 64
13 63
13 63
13 62
13 62
13 61
13 61
13 60
13 60
13 60
13 60
13 60
12 60
12 60
12 61
12 61
11 62
11 63
11 63
10 64
10 65
10 65
9 66
9 67
9 67
9 68
8 69
8 70
8 70
7 71
7 71
7 72
7 72
7 72
7 72
8 72
8 72
9 71
10 70
10 70
11 69
11 68
12 67
12 67
13 66
14 65
14 65
15 64
16 64
17 63
17 63
18 62
19 61
19 61
20 60
21 60
22 59
22 59
23 59
24 58
25 58
25 58
26 57
27 57
27 57
28 57
29 57
29 57
30 57
31 57
31 57
32 58
32 58
33 59
33 59
34 60
35 60
35 60
36 61
36 61
36 62
36 62
37 63
37 63
37 63
38 63
38 63
38 63
38 63
38 62
38 62
38 61
39 60
39 59
39 58
39 57
40 56
40 55
40 54
41 53
41 52
41 51
41 50
42 49
42 48
42 47
42 46
43 45
43 44
43 43
44 42
44 41
44 40
44 39
45 38
45 37
45 36
46 35
46 34
46 33
46 32
47 31
47 30
47 29
47 28
48 27
48 26
48 25
49 24
49 23
49 22
49 21
50 20
50 19
50 18
51 17
51 16
51 15
51 14
52 13
52 12
52 11
52 10
53 9
53 8
53 8
54 7
54 6
55 5
55 5
54 5
54 5
54 4
54 4
54 4
54 4
55 5
55 6
55 6
55 7
55 8
55 8
55 9
55 10
55 11
55 11
55 12
55 13
55 14
55 15
55 15
55 16
54 17
54 18
54 19
54 19
54 20
54 21
53 22
53 23
53 24
53 25
53 25
53 26
53 27
52 28
52 29
52 30
52 31
52 31
52 32
52 33
51 34
51 35
51 36
51 37
51 37
51 38
50 39
50 40
50 41
49 42
49 43
49 43
49 44
49 45
48 46
48 47
48 48
48 48
48 49
48 50
47 51
47 52
47 53
47 53
46 54
46 55
45 56
45 56
45 57
44 58
44 59
44 59
43 60
42 61
42 61
41 62
41 63
41 63
40 64
40 64
39 63
39 63
38 62
38 62
38 61
38 61
38 60
37 59
37 58
37 58
37 57
38 56
38 55
38 55
38 54
38 53
39 52
39 51
39 50
39 50
39 49
40 48
40 47
41 46
41 45
41 45
42 44
42 43
43 42
43 41
44 40
44 40
45 39
46 38
46 37
47 36
47 36
48 35
48 34
49 33
49 32
49 32
50 31
51 30
52 29
52 29
53 28
54 27
54 27
55 26
55 25
56 24
56 24
57 23
57 23
58 22
58 22
59 21
59 21
59 21
59 21
59 21
59 21
59 21
59 21
59 21
59 22
59 22
58 23
58 24
57 25
57 26
56 27
56 28
55 29
55 30
54 31
54 31
54 32
54 33
54 34
54 34
53 34
53 34
53 34
53 35
53 35
53 36
53 36
54 37
54 38
54 38
54 39
54 40
54 40
54 41
54 42
54 42
54 43
54 44
54 45
54 45
54 46
53 47
53 48
53 49
53 49
53 50
53 51
53 52
53 53
53 53
53 54
53 55
53 56
53 57
53 57
53 58
53 59
52 60
52 61
52 62
52 62
52 63
52 64
52 65
52 66
52 67
52 67
52 68
51 69
51 70
51 70
51 71
51 72
51 73
51 73
51 74
51 75
51 75
50 76
50 76
50 76
50 76
50 75
50 75
50 74
50 74
50 73
50 72
50 71
50 71
50 70
50 69
50 68
50 67
50 67
50 66
50 65
50 64
50 63
50 62
50 62
50 61
50 60
51 59
51 58
51 57
51 57
51 56
51 55
51 54
51 53
51 53
51 52
52 51
52 50
52 50
52 49
53 48
53 47
53 47
53 46
53 45
53 44
53 44
53 43
54 42
54 41
54 41
55 40
55 39
55 39
55 38
55 38
55 37
55 37
56 37
56 37
56 37
56 37
56 38
56 38
57 39
57 39
57 40
57 41
57 41
57 42
57 43
57 44
57 44
57 45
57 46
57 47
57 47
57 48
57 49
57 50
57 51
57 51
57 52
58 53
58 54
58 55
58 55
58 56
58 57
58 58
58 59
58 59
58 60
58 61
58 62
58 63
58 64
58 64
58 65
58 66
58 67
58 68
58 69
58 70
58 70
58 71
58 72
59 73
59 74
59 75
59 76
59 76
59 77
59 78
59 79
59 80
59 81
59 81
59 82
60 83
60 84
60 85
60 85
60 86
60 87
60 88
60 89
60 89
60 90
60 91
60 92
60 92
61 93
61 94
61 94
61 95
61 95
61 96
61 96
61 96
61 96
60 95
60 95
59 94
59 94
59 93
59 92
59 92
58 91
58 90
57 89
57 89
57 88
56 87
56 86
56 85
56 85
56 84
55 83
55 82
54 81
54 80
54 80
54 79
54 78
53 77
53 76
53 75
53 75
53 74
53 73
52 72
52 71
52 70
52 70
52 69
51 68
51 67
51 67
51 66
50 65
50 64
50 64
50 63
50 62
50 62
50 61
50 60
50 60
51 59
51 59
52 58
52 57
52 57
53 56
54 56
54 56
55 55
55 55
56 54
57 54
57 54
57 55
57 55
58 56
58 56
58 57
58 58
58 58
58 59
57 60
57 61
57 61
56 62
56 63
55 64
55 64
55 65
54 66
54 67
54 67
53 68
53 69
53 69
52 70
52 71
52 71
51 71
51 71
51 71
52 71
52 71
53 70
53 70
54 69
54 68
54 68
55 67
56 66
56 66
57 65
58 64
58 64
59 63
59 63
59 62
60 61
60 60
60 59
61 58
61 57
62 56
62 55
62 54
63 53
63 52
63 51
64 50
64 49
65 48
65 47
65 46
66 45
66 44
66 43
67 42
67 41
67 40
68 39
68 38
69 37
69 36
69 35
70 34
70 33
70 32
71 31
71 30
72 29
72 28
72 27
73 26
73 25
73 25
73 25
73 24
73 24
73 24
73 24
73 24
73 24
73 24
74 25
74 26
74 26
74 27
74 28
74 28
75 29
75 30
75 30
75 31
76 32
76 33
76 33
76 34
77 35
77 36
77 37
77 37
77 38
77 39
77 40
77 41
77 41
77 42
77 43
78 44
78 45
78 46
78 46
78 47
78 48
78 49
78 50
78 51
78 51
78 52
78 53
77 54
77 55
77 56
77 57
77 57
77 58
77 59
76 60
76 61
76 62
76 63
76 63
76 64
76 65
75 66
75 67
75 68
75 69
75 69
75 70
75 71
74 72
74 73
74 74
74 75
74 75
73 76
73 77
72 78
72 79
72 79
72 80
71 81
71 82
71 82
71 83
70 84
70 85
70 85
70 85
69 84
69 84
69 83
70 82
70 81
70 81
70 80
70 79
70 78
70 77
70 76
70 76
70 75
70 74
71 73
71 72
71 71
71 71
71 70
71 69
71 68
71 67
71 66
71 65
71 65
71 64
71 63
71 62
72 61
72 60
72 59
72 58
72 58
72 57
72 56
73 55
73 54
73 53
73 52
73 52
73 51
73 50
73 49
73 48
73 47
73 46
73 46
73 45
73 44
74 43
74 42
74 41
74 40
74 40
74 39
74 38
74 37
74 36
74 36
74 35
75 34
75 33
75 33
75 32
75 31
75 30
75 30
75 29
75 29
76 28
76 27
76 27
76 26
76 26
77 25
77 24
77 24
77 23
77 23
78 22
78 22
78 21
78 21
78 20
78 20
79 20
79 20
79 20
80 19
80 19
80 19
80 20
80 20
80 20
81 21
81 21
81 22
81 23
81 23
81 24
81 25
81 25
81 26
81 27
81 27
81 28
81 29
81 30
81 30
81 31
81 32
81 33
81 33
81 34
81 35
81 36
81 37
81 37
81 38
81 39
81 40
81 41
81 42
81 42
81 43
81 44
81 45
81 46
81 46
81 47
81 48
82 49
82 50
82 51
82 52
82 52
82 53
82 54
82 55
82 56
82 57
82 57
82 58
82 59
82 60
82 61
82 62
82 62
82 63
82 64
82 65
82 66
82 67
82 67
82 68
82 69
82 70
82 71
82 72
82 72
82 73
82 74
82 75
82 76
82 76
82 77
82 78
82 79
82 79
82 80
82 81
82 82
82 82
82 83
82 83
82 84
82 84
81 85
81 85
81 85
81 85
81 85
81 84
81 84
80 83
80 82
80 82
80 81
80 80
80 79
80 79
80 78
79 77
79 76
79 75
79 75
79 74
79 73
78 72
78 71
78 70
78 70
78 69
78 68
77 67
77 66
77 65
77 64
77 64
77 63
77 62
76 61
76 60
76 59
76 58
76 58
76 57
76 56
75 55
75 54
75 53
75 52
75 52
75 51
75 50
75 49
75 49
74 48
74 47
74 47
74 46
74 45
74 45
74 44
74 44
74 43
74 43
74 43
75 43
75 43
76 43
76 43
76 44
76 44
76 45
76 45
76 46
76 47
76 47
76 48
76 48
76 49
76 50
76 50
75 51
75 52
75 52
75 53
75 53
75 54
75 54
75 54
75 54
76 53
76 52
76 52
77 51
77 51
77 50
78 49
78 48
78 48
79 47
79 46
79 46
80 45
80 44
81 43
81 43
81 42
82 41
82 40
82 40
83 39
83 38
83 38
83 37
83 36
83 36
84 35
84 35
84 34
84 33
84 33
84 32
84 31
84 31
84 30
84 30
84 29
84 28
84 28
84 27
84 26
84 26
84 26
84 25
84 25
84 25
84 24
84 24
84 24
84 24
84 25
84 25
85 25
85 25
86 26
86 27
86 27
86 28
86 29
86 29
86 30
86 31
86 32
86 32
86 33
87 34
87 35
87 35
87 36
87 37
87 38
87 39
87 39
87 40
87 41
87 42
87 42
87 43
87 44
87 45
87 46
87 47
87 47
87 48
87 49
86 50
86 51
86 52
86 52
86 53
86 54
86 55
86 56
86 57
86 57
86 58
86 59
86 60
86 61
86 62
86 62
86 63
86 64
85 65
85 66
85 67
85 68
85 68
85 69
85 70
85 71
85 72
85 73
85 74
85 74
85 75
84 76
84 77
84 78
84 78
84 79
84 80
84 81
84 82
84 83
84 83
84 84
84 85
84 86
84 87
84 87
83 88
83 89
83 89
83 90
83 90
83 89
83 89
83 88
83 88
83 87
83 86
83 85
83 85
83 84
84 83
84 82
84 81
84 81
84 80
84 79
84 78
84 77
84 76
84 76
84 75
84 74
85 73
85 72
85 71
85 70
85 70
85 69
85 68
85 67
86 66
86 65
86 64
86 63
86 63
86 62
86 61
86 60
86 59
86 58
86 57
86 56
86 55
86 54
86 53
87 52
87 51
87 50
87 49
87 48
87 47
87 46
87 45
87 44
87 43
87 42
87 42
87 41
87 40
87 39
87 38
87 37
87 36
87 35
87 34
87 33
87 33
87 32
87 31
87 30
87 29
87 29
87 28
87 27
87 26
87 26
87 25
87 24
87 23
87 23
88 22
88 21
88 21
88 20
88 19
88 19
88 18
88 18
89 17
89 17
90 16
90 16
91 15
91 15
91 14
91 13
91 13
92 12
92 12
93 11
93 11
94 10
94 10
95 10
95 10
95 10
95 11
95 11
96 11
96 11
96 12
96 13
96 13
96 14
96 15
96 16
96 16
96 17
96 18
96 19
96 19
96 20
96 21
96 22
96 23
96 23
96 24
96 25
96 26
96 27
96 28
96 28
96 29
96 30
97 31
97 32
97 33
97 33
97 34
97 35
97 36
97 37
97 38
97 38
97 39
97 40
97 41
97 42
97 43
97 43
97 44
97 45
97 46
97 47
97 48
97 49
97 49
97 50
97 51
97 52
97 53
97 54
97 55
97 55
97 56
97 57
97 58
97 59
97 60
97 61
97 61
97 62
97 63
97 64
97 65
97 66
97 66
97 67
97 68
97 69
97 70
97 71
97 72
97 73
97 73
97 74
97 75
97 76
97 77
97 78
97 79
97 79
97 80
97 81
97 82
97 83
97 84
97 84
97 85
98 86
98 87
98 88
98 88
98 89
98 90
98 91
98 92
98 92
98 93
99 94
99 95
99 95
99 96
99 97
99 97
99 98
99 99
99 99
99 100
99 100
99 100
98 100
98 100
98 100
98 100
97 99
97 99
97 98
97 97
97 97
97 96
96 95
96 94
96 94
96 93
95 92
95 91
95 90
95 90
95 89
94 88
94 87
93 86
93 85
93 85
93 84
93 83
93 82
92 81
92 80
92 79
92 78
92 78
92 77
92 76
92 75
91 74
91 73
91 72
91 71
91 71
91 70
90 69
90 68
90 67
90 66
89 65
89 64
89 64
89 63
89 62
89 61
88 60
88 59
88 58
88 57
88 57
88 56
87 55
87 54
86 53
86 52
86 52
86 51
86 50
85 49
85 48
85 47
85 47
85 46
84 45
84 44
84 44
84 43
83 42
83 41
83 41
83 40
83 39
83 39
83 38
83 37
83 37
83 36
83 36
84 35
85 34
85 34
86 33
86 33
87 32
88 32
88 32
89 32
90 32
90 32
91 32
91 32
92 33
92 33
92 34
92 35
92 35
92 36
92 37
92 37
92 38
92 39
92 40
92 40
92 41
91 42
91 43
91 43
90 44
90 45
89 46
89 46
89 47
88 48
88 49
88 49
87 50
87 51
86 52
86 52
85 53
85 54
85 54
84 55
84 56
84 56
84 56
85 55
85 55
86 55
87 55
87 55
88 54
89 54
89 54
90 53
91 53
92 52
92 52
93 51
94 51
94 51
95 51
96 50
97 50
97 50
98 51
98 51
99 52
100 52
