0 28
0 29
0 30
0 31
0 31
0 30
0 30
0 30
0 30
1 29
1 29
2 29
3 28
4 28
4 28
5 27
6 27
7 26
7 26
8 25
9 24
10 23
10 23
11 22
12 21
13 21
14 20
15 19
15 19
16 18
17 17
18 17
19 16
19 16
20 15
21 15
22 14
23 14
24 13
24 13
25 12
26 12
27 11
27 11
28 10
29 10
30 9
30 9
31 9
32 9
32 9
33 9
33 9
33 9
33 9
32 10
32 10
31 10
31 10
30 10
29 11
28 11
28 11
27 12
26 12
26 12
25 12
24 13
23 13
23 13
22 13
21 13
20 13
20 13
19 13
18 13
17 13
17 13
16 12
15 12
15 12
14 11
14 11
13 11
13 11
13 11
13 11
13 12
13 12
14 13
14 14
14 14
14 15
15 16
15 17
15 17
15 18
16 19
16 20
16 20
17 21
17 22
17 22
18 23
18 24
18 24
18 25
18 25
19 25
19 25
19 26
19 26
19 25
19 25
19 24
19 24
20 23
20 22
20 22
20 21
21 20
21 19
22 18
22 17
22 17
22 16
22 15
23 14
23 13
23 12
23 12
23 11
24 10
24 9
25 8
25 7
25 7
26 6
26 5
27 4
27 4
28 3
28 2
28 2
29 1
29 0
29 0
29 1
29 1
29 2
29 2
29 3
29 3
29 4
29 5
29 6
29 6
29 7
28 8
28 9
28 10
28 10
27 11
27 12
26 13
26 14
26 14
26 15
26 16
25 17
25 18
25 19
25 19
25 20
24 21
24 22
24 23
24 23
24 24
23 25
23 26
23 26
23 27
23 28
23 28
23 29
22 30
22 31
21 32
21 33
20 34
20 35
19 36
19 37
18 38
18 39
17 40
17 41
16 42
16 43
16 44
15 45
15 46
14 47
14 48
13 49
13 50
12 51
12 52
11 53
11 54
10 55
10 56
10 56
9 56
9 56
9 56
9 56
9 56
9 56
9 56
8 56
8 56
9 55
9 55
10 54
10 54
11 53
11 53
12 52
12 51
13 50
13 50
14 49
14 48
15 47
15 47
16 46
17 45
18 44
18 44
19 43
20 42
20 42
21 42
22 41
23 41
23 41
24 40
25 39
25 39
26 39
27 39
27 39
28 40
29 40
29 40
30 41
30 42
30 42
31 43
31 44
31 44
31 45
32 46
32 47
32 47
32 48
32 49
32 50
32 51
32 52
32 52
32 53
32 54
31 55
31 56
31 57
31 58
31 58
31 59
31 60
30 61
30 62
30 63
30 64
30 64
30 65
29 66
29 67
29 68
28 69
28 70
28 70
28 71
27 72
27 73
27 74
27 74
26 75
26 76
25 77
25 78
25 78
24 79
24 80
24 80
24 81
24 81
23 81
23 81
23 80
23 79
23 79
23 78
23 77
23 76
23 76
23 75
23 74
24 73
24 72
24 71
24 71
24 70
24 69
24 68
24 67
24 66
24 65
24 64
24 64
24 63
24 62
24 61
25 60
25 59
25 58
25 57
25 56
25 56
25 55
25 54
25 53
26 52
26 51
26 50
26 49
26 49
26 48
26 47
26 46
26 45
26 44
26 43
26 42
26 42
26 41
26 40
27 39
27 38
27 37
27 37
27 36
27 35
27 34
27 34
27 33
27 33
27 33
27 33
27 34
27 35
27 35
27 36
26 37
26 38
26 39
26 39
26 40
26 41
25 42
25 43
25 44
25 45
25 45
25 46
24 47
24 48
24 49
23 50
23 51
23 51
23 52
22 53
22 54
22 55
21 56
21 57
21 57
21 58
20 59
20 60
19 61
19 62
19 62
19 63
18 64
18 65
18 66
18 66
17 67
17 68
16 69
16 69
16 70
15 71
15 72
15 72
14 73
14 73
13 74
13 74
13 74
13 73
13 73
13 72
13 71
13 71
13 70
13 69
13 69
13 68
13 67
13 66
13 66
14 65
14 64
14 64
14 63
14 62
14 62
15 61
15 61
15 60
15 60
15 60
15 60
14 60
14 60
13 60
13 60
12 61
12 62
12 62
11 63
11 63
10 64
10 65
10 65
9 66
9 66
8 67
8 67
8 67
8 67
9 67
9 67
10 66
11 66
11 66
12 65
12 64
13 63
13 63
14 62
15 61
16 60
17 59
17 59
18 58
19 57
19 56
20 55
21 54
21 54
22 53
23 53
24 52
25 52
25 52
26 52
27 51
28 51
28 51
29 51
30 51
31 51
31 51
32 52
33 52
33 52
34 53
34 54
34 54
35 55
35 56
36 57
36 57
37 58
37 58
38 59
38 60
38 60
39 60
39 60
40 60
40 60
41 59
41 59
42 58
42 58
43 57
43 56
43 56
44 56
44 56
45 55
45 55
45 54
45 53
46 52
46 51
46 50
46 49
46 48
46 47
47 46
47 45
47 44
47 43
47 42
47 41
48 40
48 39
48 38
48 37
48 36
49 35
49 34
49 33
49 32
49 31
49 30
50 29
50 28
50 27
50 26
50 25
51 24
51 23
51 22
51 21
51 20
51 19
52 18
52 17
52 16
52 15
52 14
52 13
53 12
53 11
53 10
53 10
54 9
55 8
55 8
54 7
54 7
54 7
55 8
55 8
55 9
55 9
55 10
55 11
55 12
55 12
55 13
55 14
55 15
55 15
55 16
55 17
55 18
55 19
55 19
55 20
55 21
55 22
55 23
55 24
55 24
55 25
55 26
54 27
54 28
54 29
54 30
54 30
54 31
54 32
53 33
53 34
53 35
53 36
53 36
53 37
52 38
52 39
52 40
52 41
51 42
51 43
51 43
51 44
50 45
50 46
50 47
50 48
49 49
49 50
49 50
48 51
48 52
47 53
47 54
46 55
46 56
46 56
45 57
45 58
44 59
44 60
43 61
43 62
43 62
42 63
41 64
41 65
40 66
40 66
39 67
38 67
37 68
37 68
36 69
35 69
35 69
34 68
34 68
34 67
34 66
34 66
34 65
34 64
34 63
34 62
34 62
34 61
35 60
35 59
36 58
36 57
36 57
36 56
37 55
37 54
37 53
38 52
38 51
38 51
39 50
39 49
40 48
40 47
41 46
41 45
41 45
42 44
42 43
43 42
44 41
44 40
45 39
45 39
46 38
46 37
47 36
48 35
48 34
49 33
49 33
50 32
51 31
52 30
52 29
53 28
54 27
54 27
55 26
56 25
57 24
58 23
59 22
59 22
60 21
61 20
62 19
63 18
63 18
64 17
65 16
66 15
66 15
67 14
68 14
69 13
69 13
70 12
71 12
71 12
71 12
72 11
72 11
72 11
72 11
72 11
71 11
71 11
71 12
71 12
70 13
70 13
69 14
68 15
68 16
67 17
66 18
65 19
65 20
64 21
63 22
62 23
62 24
61 25
61 25
61 26
60 27
60 28
60 28
60 29
60 29
59 30
59 30
59 31
59 31
59 32
59 32
59 33
59 34
59 35
59 35
59 36
59 37
59 38
59 38
59 39
59 40
59 41
59 42
59 42
59 43
59 44
59 45
59 46
59 46
59 47
59 48
58 49
58 50
58 51
58 51
58 52
58 53
58 54
58 55
58 56
58 56
58 57
58 58
57 59
57 60
57 61
57 61
57 62
57 63
57 64
57 65
57 65
56 66
56 67
56 67
56 68
56 69
56 70
56 70
56 71
56 71
56 71
56 71
56 70
56 69
56 69
56 68
56 67
56 67
56 66
56 65
56 64
56 64
56 63
56 62
56 61
56 60
56 60
56 59
57 58
57 57
57 56
57 56
57 55
57 54
57 53
57 52
57 51
57 51
57 50
58 49
58 48
58 47
58 47
58 46
59 45
59 44
59 43
59 43
59 42
60 41
60 40
60 40
60 39
60 38
60 38
60 37
61 36
61 35
61 35
62 34
62 33
62 33
63 32
63 32
63 31
63 31
64 30
64 30
64 31
64 31
64 31
65 32
65 32
65 33
65 34
65 34
66 35
66 36
66 36
66 37
66 38
66 39
66 39
66 40
67 41
67 42
67 43
67 43
67 44
67 45
67 46
67 47
67 47
67 48
68 49
68 50
68 51
68 51
68 52
68 53
68 54
68 55
68 56
68 56
68 57
68 58
69 59
69 60
69 61
69 62
69 62
69 63
69 64
69 65
69 66
69 67
69 68
69 69
69 69
69 70
69 71
70 72
70 73
70 74
70 75
70 75
70 76
70 77
70 78
70 79
70 80
70 81
70 81
70 82
70 83
71 84
71 85
71 86
71 86
71 87
72 88
72 89
72 90
72 90
72 91
72 92
72 93
72 94
72 94
72 95
72 96
72 97
72 97
72 98
72 99
72 99
72 100
72 100
72 100
71 100
71 100
70 100
70 100
69 99
69 98
69 98
68 97
67 96
67 96
67 95
66 94
66 93
65 92
65 91
65 91
65 90
65 89
64 88
64 87
64 86
64 85
64 85
64 84
63 83
63 82
63 81
62 80
62 79
62 79
62 78
61 77
61 76
61 75
60 74
60 73
60 73
60 72
60 71
59 70
59 69
59 68
59 68
59 67
58 66
58 65
58 64
58 64
58 63
58 62
58 61
58 61
58 60
58 59
58 59
59 58
59 57
59 57
60 56
60 55
60 55
61 54
61 54
62 53
63 53
63 53
64 52
65 52
65 52
66 52
66 52
66 53
66 53
66 54
66 54
66 55
66 56
66 56
66 57
65 58
65 59
65 59
64 60
64 61
63 62
63 62
62 63
62 64
62 64
61 65
60 66
60 66
59 67
59 68
59 68
59 69
59 69
58 69
58 69
59 69
59 69
60 68
60 68
61 67
62 66
62 66
63 65
64 64
65 63
65 63
66 62
67 61
68 60
68 60
69 59
70 59
70 59
71 59
71 59
72 59
72 59
72 58
73 57
73 56
73 55
74 54
74 53
74 52
75 51
75 50
75 49
76 48
76 47
77 46
77 45
77 44
78 43
78 42
78 41
79 40
79 39
79 38
80 37
80 36
80 35
81 34
81 33
81 33
82 33
82 33
82 33
81 33
81 33
82 33
82 33
82 34
82 34
83 35
83 36
83 36
83 37
84 38
84 39
84 39
84 40
84 41
84 42
84 42
84 43
84 44
84 45
84 46
84 46
84 47
84 48
84 49
84 50
84 50
84 51
84 52
84 53
84 54
84 54
84 55
83 56
83 57
83 58
83 58
83 59
83 60
83 61
83 61
82 62
82 63
82 63
81 64
81 65
81 65
81 65
81 65
80 64
80 64
80 63
80 62
80 62
80 61
80 60
80 59
80 59
80 58
80 57
80 56
80 55
80 55
80 54
81 53
81 52
81 51
81 51
81 50
81 49
81 48
81 47
81 46
81 46
81 45
81 44
82 43
82 42
82 41
82 41
82 40
82 39
83 38
83 37
83 36
83 36
83 35
84 34
84 33
84 33
84 32
84 31
84 30
84 30
85 29
85 28
85 28
85 27
85 26
85 26
86 25
86 25
87 24
87 23
87 23
87 23
87 22
87 22
88 23
88 23
88 23
88 24
88 25
88 25
88 26
88 27
88 27
88 28
88 29
88 29
88 30
88 31
88 32
88 33
88 33
88 34
88 35
88 36
88 36
88 37
88 38
88 39
88 40
88 40
88 41
88 42
88 43
88 44
88 45
88 45
88 46
88 47
88 48
88 49
88 50
88 50
88 51
88 52
88 53
88 54
88 55
88 56
88 56
88 57
88 58
88 59
88 60
88 61
88 62
88 62
88 63
88 64
88 65
88 66
88 67
88 67
88 68
88 69
88 70
88 71
88 72
88 72
88 73
88 74
89 75
89 76
89 77
89 77
89 78
89 79
89 80
89 80
89 81
89 82
89 83
89 83
90 84
90 85
90 85
90 86
90 87
90 88
90 88
89 89
89 89
89 90
89 90
89 91
89 91
88 91
88 91
88 90
88 89
88 89
87 88
87 88
87 87
86 86
86 85
86 84
86 84
86 83
86 82
86 81
86 80
86 79
86 79
86 78
86 77
85 76
85 75
85 74
85 74
85 73
85 72
84 71
84 70
84 69
84 68
84 68
84 67
84 66
83 65
83 64
83 63
83 63
83 62
82 61
82 60
82 59
82 59
82 58
82 57
82 56
82 56
81 55
81 55
81 54
81 53
81 53
82 53
82 53
82 52
82 52
83 52
83 52
83 51
83 51
84 52
84 52
84 53
84 53
84 54
84 54
84 55
84 55
83 56
83 57
83 57
83 58
83 58
83 59
83 60
83 60
83 60
83 60
83 60
83 59
83 59
83 58
84 57
84 56
84 56
84 55
85 54
85 53
85 53
85 52
85 51
86 50
86 49
86 48
86 48
86 47
87 46
87 45
87 44
87 44
88 43
88 42
89 41
89 40
89 40
89 39
89 38
89 37
89 36
89 35
89 35
89 34
90 33
90 32
90 32
91 31
91 30
91 30
91 29
91 28
91 28
92 28
92 28
92 28
92 28
93 29
93 30
93 30
93 31
93 32
93 32
93 33
93 34
93 34
93 35
94 36
94 37
94 37
94 38
94 39
94 40
94 41
94 41
94 42
94 43
94 44
94 44
94 45
94 46
94 47
94 48
94 48
94 49
94 50
93 51
93 52
93 53
93 53
93 54
93 55
93 56
93 57
93 58
93 58
93 59
93 60
92 61
92 62
92 63
92 64
92 64
92 65
92 66
92 67
92 68
92 69
92 69
92 70
92 71
91 72
91 73
91 74
91 74
91 75
90 76
90 77
90 78
90 78
90 79
90 80
90 80
89 81
89 82
89 82
89 82
89 82
89 81
89 80
89 80
89 79
89 78
89 77
89 77
89 76
89 75
89 74
89 73
89 72
89 72
89 71
89 70
90 69
90 68
90 67
90 67
90 66
90 65
91 64
91 63
91 62
91 61
91 61
91 60
91 59
91 58
91 57
91 56
91 55
91 54
91 54
91 53
91 52
92 51
92 50
92 49
92 48
92 48
92 47
92 46
92 45
92 44
92 43
92 43
92 42
92 41
93 40
93 39
93 38
93 38
93 37
93 36
93 35
93 35
93 34
94 33
94 32
94 31
94 31
94 30
94 29
94 28
94 28
94 27
95 26
95 25
95 25
96 24
96 23
96 23
96 22
96 22
96 21
96 21
96 20
96 20
96 20
97 20
97 20
97 21
97 21
97 21
98 22
98 23
98 23
98 24
98 24
98 25
98 26
98 26
98 27
98 28
98 28
98 29
99 30
99 31
99 31
99 32
99 33
99 34
99 34
99 35
99 36
99 37
99 38
99 38
99 39
99 40
99 41
99 42
99 42
99 43
98 44
98 45
98 46
98 46
98 47
98 48
98 49
98 50
98 51
98 51
98 52
98 53
98 54
98 55
98 56
98 56
98 57
98 58
98 59
98 60
98 61
98 61
98 62
98 63
98 64
98 65
98 66
98 66
98 67
98 68
98 69
98 70
98 71
98 71
98 72
98 73
98 74
98 75
98 76
98 77
98 77
98 78
98 79
98 80
98 81
98 81
98 82
98 83
98 84
98 85
98 85
98 86
99 87
99 88
99 88
99 89
99 90
99 91
99 91
99 92
99 93
99 93
99 94
99 94
99 95
99 95
99 94
99 94
99 94
99 93
99 93
98 92
98 91
98 91
98 90
98 89
98 88
98 88
98 87
97 86
97 85
97 84
97 84
97 83
97 82
96 81
96 80
96 79
96 79
96 78
95 77
95 76
95 75
95 74
94 73
94 72
94 72
94 71
94 70
93 69
93 68
93 67
93 66
93 66
93 65
93 64
92 63
92 62
92 61
92 60
92 60
91 59
91 58
90 57
90 56
90 56
90 55
89 54
89 53
89 53
88 52
88 51
88 51
88 50
88 49
88 49
88 48
88 47
88 47
88 46
89 45
89 44
89 44
90 43
91 43
91 43
92 42
93 42
93 42
94 42
94 42
95 42
95 42
96 42
97 42
97 42
97 43
97 43
97 43
97 44
97 44
97 45
96 46
96 47
96 47
96 48
95 49
95 50
95 51
95 51
94 52
94 53
93 54
93 54
92 55
92 56
91 57
91 57
90 58
90 59
90 59
90 59
91 58
91 58
92 57
93 57
93 57
94 56
95 56
96 55
96 55
97 54
98 53
98 53
99 53
100 53
