0 27
0 27
0 26
0 26
1 26
1 26
2 25
3 25
3 25
4 24
5 24
5 24
6 23
7 22
7 22
8 21
9 21
10 20
10 20
11 19
12 18
13 17
13 17
14 16
15 16
16 15
17 15
17 15
18 14
19 14
20 13
21 13
21 13
22 12
23 12
24 11
24 11
25 10
26 9
26 9
27 9
28 9
28 9
29 8
29 8
29 8
29 8
29 8
28 8
28 8
27 8
26 8
25 8
24 8
23 8
22 8
21 7
20 7
19 7
18 7
17 7
16 7
15 7
14 7
14 7
13 8
12 8
12 8
12 8
12 8
12 9
12 10
12 10
12 11
12 11
12 12
13 13
13 14
13 14
13 15
14 16
14 17
14 17
14 18
14 19
14 19
14 20
15 21
15 22
15 22
16 23
16 24
16 24
17 25
17 26
17 26
17 27
17 27
18 27
18 27
18 27
18 27
19 26
19 25
19 25
19 24
19 23
19 23
19 22
20 21
20 20
20 20
20 19
21 18
21 17
21 16
21 16
21 15
22 14
22 13
22 12
22 12
22 11
22 10
22 9
22 8
22 8
22 7
23 6
23 5
23 4
23 4
24 3
24 2
24 2
25 1
25 1
25 0
25 0
26 1
26 1
26 2
26 2
26 3
26 4
26 5
26 5
26 6
25 7
25 8
25 8
25 9
24 10
24 11
24 12
24 12
24 13
23 14
23 15
23 16
23 16
23 17
22 18
22 19
22 20
22 20
22 21
22 22
22 23
22 23
22 24
21 25
21 26
21 26
21 27
21 28
21 28
21 29
21 29
21 30
21 30
21 30
21 31
21 31
21 31
20 32
20 33
19 34
19 35
18 36
17 37
17 38
16 39
16 40
15 41
14 42
14 43
13 44
13 45
12 46
12 46
12 47
11 48
11 49
11 50
10 51
10 52
10 52
9 53
8 53
8 53
7 54
7 54
7 55
7 56
7 56
7 56
7 55
7 55
7 55
8 54
8 54
9 53
10 52
10 52
11 51
12 50
12 50
13 49
14 48
14 48
15 47
16 46
17 45
17 45
18 44
19 43
19 43
20 42
21 42
22 41
22 41
23 40
23 40
24 39
25 39
25 39
26 39
26 39
27 39
27 39
28 40
28 40
28 41
28 41
28 42
29 43
29 44
29 44
29 45
29 46
29 47
29 47
29 48
28 49
28 50
28 51
28 51
28 52
28 53
28 54
28 55
28 55
28 56
28 57
27 58
27 59
27 60
27 60
27 61
27 62
27 63
27 64
27 64
27 65
27 66
26 67
26 68
26 69
26 69
26 70
25 71
25 72
25 73
25 73
25 74
24 75
24 76
24 76
24 77
23 78
23 79
23 79
23 80
23 81
23 81
22 82
22 83
22 83
22 83
22 82
22 82
21 81
21 81
21 80
21 79
21 78
21 78
21 77
21 76
21 75
21 74
21 73
21 73
21 72
21 71
21 70
21 69
21 68
21 68
21 67
21 66
21 65
21 64
21 63
21 62
21 61
21 61
21 60
21 59
21 58
22 57
22 56
22 55
22 54
22 54
22 53
22 52
22 51
22 50
22 49
22 48
22 47
22 47
22 46
22 45
22 44
22 43
22 42
22 41
22 41
22 40
22 39
22 38
22 37
22 36
22 36
22 35
23 34
23 33
23 32
23 32
23 31
23 30
23 30
23 29
23 29
24 29
24 29
24 30
24 30
24 31
24 32
24 33
24 34
24 34
24 35
23 36
23 37
23 38
23 38
23 39
23 40
23 41
23 42
23 43
23 43
23 44
23 45
22 46
22 47
22 48
22 48
22 49
21 50
21 51
20 52
20 53
20 53
20 54
20 55
19 56
19 57
19 58
19 59
19 59
19 60
18 61
18 62
17 63
17 64
17 64
17 65
16 66
16 67
16 68
16 68
15 69
15 70
14 71
14 71
13 72
13 73
13 73
12 74
12 75
12 75
11 76
11 76
10 75
10 75
10 74
10 74
10 73
10 72
10 71
9 70
9 69
9 68
9 67
9 66
9 65
8 64
8 63
8 62
8 61
8 61
8 60
8 59
8 59
8 58
8 58
8 58
8 58
7 59
7 59
7 60
7 61
7 61
6 62
6 63
6 63
6 64
6 65
6 65
6 66
6 67
6 67
6 68
6 68
7 68
7 68
7 68
8 67
8 67
9 66
10 65
10 65
11 64
12 63
12 63
13 62
13 61
14 60
14 60
15 59
16 58
17 57
17 57
18 56
19 55
20 54
20 54
21 54
22 53
23 53
23 53
24 53
25 52
26 52
26 52
27 52
27 52
28 53
29 53
29 53
29 54
29 54
30 55
30 55
31 56
31 57
31 57
31 58
31 58
32 59
32 59
33 59
33 59
34 58
34 58
35 57
36 56
36 56
37 55
38 55
39 54
39 54
40 53
41 52
41 52
42 51
43 51
43 51
44 51
44 51
45 51
45 51
46 51
46 51
47 52
47 52
48 52
48 52
48 51
48 50
48 49
49 48
49 47
49 46
49 45
49 44
49 43
49 42
50 41
50 40
50 39
50 38
50 37
50 36
50 35
51 34
51 33
51 32
51 31
51 30
51 29
51 28
52 27
52 26
52 25
52 24
52 23
52 22
52 21
53 20
53 19
53 18
53 17
53 16
53 15
53 14
54 13
54 12
54 11
54 10
54 9
54 8
54 7
55 6
55 5
55 4
55 3
55 3
56 4
56 4
56 3
56 3
55 4
55 4
56 5
56 6
56 6
56 7
56 8
56 9
56 9
56 10
56 11
56 12
56 13
56 13
56 14
55 15
55 16
55 17
55 17
55 18
55 19
55 20
55 21
55 22
55 22
55 23
55 24
55 25
55 26
55 27
55 27
55 28
55 29
54 30
54 31
54 32
54 33
54 33
54 34
54 35
53 36
53 37
53 38
53 38
53 39
53 40
52 41
52 42
52 43
52 43
52 44
51 45
51 46
51 47
51 47
50 48
50 49
49 50
49 50
48 51
48 52
48 52
47 53
46 54
46 54
45 55
44 55
44 55
43 55
42 55
42 55
41 55
41 55
40 54
40 53
39 52
39 52
39 51
38 50
38 49
38 49
38 48
38 47
38 46
38 45
38 45
38 44
39 43
39 42
39 42
39 41
40 40
40 39
40 38
40 38
41 37
41 36
42 35
42 34
42 34
43 33
44 32
45 31
45 31
46 30
47 29
48 28
49 27
49 27
50 26
51 25
51 24
52 23
52 23
53 22
54 21
55 21
56 20
56 20
57 19
58 19
59 18
59 18
60 17
61 17
61 17
62 16
63 16
63 16
64 16
64 16
64 16
64 17
64 17
64 18
64 18
63 19
63 19
62 20
62 21
62 21
61 22
60 22
60 22
59 23
59 24
59 24
58 25
57 25
57 25
56 26
56 27
56 27
55 28
55 29
55 29
54 30
54 31
54 31
54 32
54 33
54 33
54 34
54 35
54 36
54 36
54 37
53 38
53 39
53 40
53 40
53 41
53 42
53 43
53 44
53 44
53 45
53 46
53 47
53 48
53 48
53 49
53 50
52 51
52 52
52 53
52 53
52 54
52 55
52 56
52 57
52 57
52 58
52 59
52 60
52 61
52 61
52 62
52 63
52 64
52 65
52 66
52 66
52 67
51 68
51 69
51 69
51 70
51 71
51 72
51 72
51 73
51 74
51 75
51 75
51 76
51 76
51 76
50 76
50 76
50 75
50 74
50 74
50 73
50 72
50 71
50 71
50 70
51 69
51 68
51 67
51 67
51 66
51 65
51 64
51 63
51 62
51 62
51 61
51 60
51 59
51 58
51 57
51 56
51 56
51 55
51 54
52 53
52 52
52 51
52 50
52 50
52 49
52 48
52 47
52 46
52 45
52 45
52 44
53 43
53 42
53 41
53 41
53 40
54 39
54 38
54 38
54 37
54 36
54 35
54 35
55 34
55 33
55 33
56 32
56 31
56 31
56 31
57 31
57 31
57 32
57 32
58 33
58 33
58 34
58 35
58 36
58 36
58 37
59 38
59 39
59 39
59 40
59 41
59 42
59 42
59 43
60 44
60 45
60 46
60 46
60 47
60 48
60 49
60 50
60 51
60 51
60 52
60 53
60 54
60 55
60 55
60 56
60 57
60 58
60 59
60 60
60 60
60 61
60 62
61 63
61 64
61 65
61 65
61 66
61 67
61 68
61 69
61 70
61 70
61 71
61 72
61 73
61 74
61 75
61 76
61 76
61 77
61 78
61 79
61 80
61 81
61 82
61 82
61 83
61 84
62 85
62 86
62 87
62 87
62 88
62 89
62 90
62 91
62 91
62 92
62 93
62 94
62 95
62 95
62 96
62 97
62 98
62 98
61 99
61 99
61 100
61 100
61 100
60 100
60 100
60 99
60 98
60 98
60 97
59 96
59 95
59 95
59 94
58 93
58 92
58 91
58 91
58 90
57 89
57 88
57 87
56 86
56 85
56 85
56 84
56 83
55 82
55 81
55 80
55 79
55 79
55 78
55 77
55 76
54 75
54 74
54 73
54 72
54 72
54 71
54 70
54 69
53 68
53 67
53 66
53 65
53 65
53 64
52 63
52 62
52 61
52 61
52 60
52 59
52 59
52 58
52 57
52 57
52 56
52 55
52 55
52 54
52 54
53 53
53 53
54 52
54 52
55 52
55 52
56 53
56 53
57 54
57 54
58 55
58 56
58 56
58 57
58 58
58 58
58 59
57 60
57 61
57 61
56 62
56 63
55 64
55 64
55 65
54 66
54 67
54 68
54 68
53 69
52 70
52 70
51 71
51 72
51 72
50 73
50 73
51 72
51 72
52 71
52 71
53 70
54 70
54 70
55 69
55 68
56 67
56 67
57 66
58 65
58 65
59 64
60 63
61 62
61 62
62 61
63 61
63 61
64 60
65 60
65 60
66 59
66 59
66 58
67 57
67 56
67 55
67 54
68 53
68 52
68 51
68 50
69 49
69 48
69 47
70 46
70 45
70 44
70 43
71 42
71 41
71 40
72 39
72 38
72 37
72 36
73 35
73 34
73 33
73 32
74 31
74 30
74 30
73 29
73 28
73 28
73 27
73 26
73 26
72 26
72 26
72 25
72 25
72 25
72 25
72 26
72 26
72 27
72 28
72 28
72 29
73 30
73 31
73 31
73 32
73 33
73 34
73 34
73 35
74 36
74 37
74 38
74 38
74 39
74 40
74 41
74 42
74 43
74 43
74 44
74 45
75 46
75 47
75 48
75 48
75 49
75 50
75 51
75 52
75 52
75 53
75 54
74 55
74 56
74 57
74 57
74 58
74 59
74 60
74 61
74 62
74 62
74 63
73 64
73 65
73 65
73 66
72 67
72 68
72 68
71 69
71 70
71 70
70 71
70 71
70 71
70 70
70 69
70 69
70 68
70 67
70 66
70 66
70 65
70 64
70 63
70 62
70 62
70 61
70 60
70 59
70 58
70 57
70 56
70 56
70 55
70 54
70 53
70 52
70 51
70 50
70 50
70 49
70 48
71 47
71 46
71 45
71 44
71 44
71 43
71 42
71 41
71 40
71 39
71 38
71 38
71 37
71 36
71 35
71 34
71 33
71 33
71 32
72 31
72 30
72 29
72 29
72 28
73 27
73 26
73 26
74 25
74 24
74 24
74 23
75 22
75 21
75 21
76 20
76 19
76 19
76 18
76 17
76 17
77 16
77 15
77 15
78 14
78 14
79 13
79 13
80 12
80 12
80 12
81 13
81 13
81 13
82 14
82 15
82 15
82 16
82 17
82 18
82 18
82 19
82 20
82 21
82 21
82 22
82 23
82 24
82 25
82 25
82 26
81 27
81 28
81 29
81 29
81 30
81 31
81 32
81 33
81 34
81 34
81 35
81 36
81 37
81 38
81 39
81 39
81 40
81 41
81 42
81 43
81 44
81 44
81 45
81 46
81 47
81 48
81 49
81 50
81 50
81 51
81 52
81 53
81 54
81 55
81 55
81 56
81 57
81 58
81 59
81 60
81 60
81 61
81 62
81 63
81 64
81 65
81 66
81 66
81 67
81 68
81 69
81 70
81 70
81 71
81 72
81 73
81 74
81 74
81 75
81 76
81 77
81 78
81 78
81 79
81 80
81 81
81 82
81 82
81 83
81 84
81 84
81 85
81 86
81 86
80 87
80 87
79 88
79 88
79 87
79 87
78 86
78 85
78 85
78 84
77 83
77 82
77 81
77 81
77 80
77 79
76 78
76 77
76 76
76 75
76 75
76 74
75 73
75 72
75 71
75 70
74 69
74 68
74 68
74 67
74 66
74 65
73 64
73 63
73 62
73 61
73 60
73 60
73 59
73 58
73 57
72 56
72 55
72 54
72 53
72 52
72 52
72 51
72 50
72 49
72 48
72 47
72 47
72 46
71 45
71 44
71 44
71 43
71 42
71 42
71 41
71 40
71 40
71 39
71 39
72 38
72 38
73 37
73 37
74 37
74 37
75 37
76 37
76 37
77 38
77 38
78 39
78 39
78 40
78 40
78 41
78 42
78 42
78 43
77 44
77 45
77 45
77 46
76 47
76 48
76 48
75 49
75 50
75 50
74 51
74 52
73 53
73 53
72 54
72 54
71 55
71 56
71 56
71 56
71 56
72 55
72 55
73 54
73 54
74 53
75 52
75 52
76 51
77 50
77 50
78 49
78 48
78 48
79 47
80 46
80 46
81 45
81 45
81 44
81 43
81 43
82 42
82 41
82 41
82 40
82 39
82 38
82 38
82 37
82 36
82 35
82 35
82 34
82 33
82 32
82 32
82 31
82 30
82 30
82 29
82 28
82 28
82 27
82 27
82 26
82 25
82 25
83 24
83 24
83 24
83 24
84 24
84 24
85 25
85 25
85 26
85 27
85 27
85 28
86 29
86 30
86 30
86 31
86 32
86 33
86 33
86 34
86 35
86 36
86 37
86 37
86 38
86 39
86 40
86 41
86 41
86 42
86 43
86 44
86 45
86 46
86 46
86 47
86 48
87 49
87 50
87 51
87 51
87 52
87 53
87 54
87 55
87 55
87 56
87 57
86 58
86 59
86 60
86 60
86 61
86 62
86 63
86 64
86 65
86 65
86 66
86 67
86 68
86 69
86 70
86 70
86 71
85 72
85 73
85 74
85 74
85 75
85 76
84 77
84 78
84 79
84 79
84 80
83 81
83 82
83 82
82 83
82 84
82 84
82 84
81 83
81 82
81 82
81 81
81 80
81 80
81 79
81 78
81 77
81 76
81 75
81 75
81 74
81 73
82 72
82 71
82 70
82 69
82 69
82 68
82 67
82 66
83 65
83 64
83 63
83 62
83 61
83 61
83 60
83 59
83 58
83 57
83 56
84 55
84 54
84 53
84 52
84 51
84 50
84 49
84 48
84 47
84 46
84 45
84 44
85 43
85 42
85 41
85 40
85 39
85 38
85 38
85 37
85 36
85 35
86 34
86 33
86 32
86 31
86 30
86 30
86 29
86 28
86 27
86 27
86 26
86 25
86 25
86 24
86 23
86 23
87 22
87 22
87 21
87 20
87 20
88 19
88 18
88 18
89 17
89 16
89 16
90 15
90 14
90 14
91 13
92 12
92 12
93 11
93 11
94 10
94 10
95 9
95 9
96 9
96 9
97 9
97 9
97 9
98 10
98 10
98 11
98 11
98 12
98 13
98 13
98 14
99 15
99 16
99 16
99 17
99 18
99 19
99 20
99 20
99 21
99 22
99 23
99 24
99 24
99 25
99 26
99 27
99 28
99 28
99 29
99 30
99 31
99 32
99 32
99 33
99 34
99 35
99 36
99 37
99 37
99 38
99 39
99 40
99 41
99 42
99 42
99 43
99 44
99 45
99 46
99 47
99 48
99 49
99 49
99 50
99 51
99 52
99 53
99 54
99 55
99 55
99 56
99 57
99 58
99 59
99 60
99 61
99 61
99 62
99 63
99 64
99 65
99 66
99 67
99 67
99 68
99 69
99 70
99 71
99 72
99 73
99 73
99 74
99 75
99 76
99 77
99 78
99 78
99 79
99 80
100 81
100 82
100 83
100 83
100 84
100 85
100 86
100 87
100 88
100 88
100 89
99 90
99 91
99 91
99 92
99 93
99 94
99 94
99 95
99 96
99 96
99 97
99 98
99 98
98 98
98 98
98 98
97 97
97 97
97 96
96 95
96 94
96 94
96 93
96 92
95 91
95 90
95 89
95 89
95 88
95 87
94 86
94 85
94 84
94 83
94 83
94 82
93 81
93 80
93 79
93 78
92 77
92 76
92 76
92 75
92 74
92 73
91 72
91 71
91 70
91 69
91 68
91 68
91 67
91 66
91 65
91 64
90 63
90 62
90 61
90 60
90 59
90 59
90 58
89 57
89 56
89 55
89 54
88 53
88 52
88 51
88 51
88 50
88 49
87 48
87 47
87 46
87 45
87 45
87 44
86 43
86 42
86 41
86 41
86 40
86 39
86 38
86 38
85 37
85 37
86 36
86 36
87 35
87 35
88 34
88 34
89 34
90 33
91 33
91 33
92 33
93 33
93 33
94 34
95 34
95 34
96 35
96 35
97 36
97 37
97 37
97 38
96 39
96 40
96 40
96 41
95 42
95 43
95 43
94 44
94 45
93 46
93 46
93 47
92 48
92 49
92 49
91 50
91 51
90 52
90 52
89 53
89 54
89 54
88 55
88 55
88 55
88 55
89 55
90 55
90 55
91 54
92 53
92 53
93 52
94 51
94 51
95 51
96 50
97 50
97 50
98 49
99 49
