0 27
0 27
0 28
0 28
0 28
0 28
0 28
0 28
1 28
1 28
2 28
2 28
3 27
3 27
4 26
5 26
5 26
6 26
7 25
8 25
8 25
9 24
10 23
10 23
11 22
12 21
13 21
14 20
14 20
15 19
16 18
17 18
18 17
18 17
19 16
20 16
21 15
22 15
22 15
23 14
24 14
25 13
26 13
26 13
27 12
28 12
29 11
29 11
30 10
31 10
31 10
32 10
32 10
33 10
33 10
33 10
32 11
32 11
31 11
31 11
30 12
29 12
29 12
28 13
27 13
27 13
26 13
25 14
24 14
24 14
23 14
22 14
21 14
21 14
20 14
19 14
18 14
18 14
17 14
16 14
16 14
15 14
14 13
13 13
13 13
12 12
12 12
11 11
11 11
11 12
11 12
11 12
11 13
11 13
12 14
12 15
12 15
12 16
13 17
13 18
13 18
14 19
14 20
14 20
14 21
14 22
14 23
14 23
15 24
15 25
15 25
15 26
15 27
15 27
16 27
16 27
16 27
17 26
17 26
17 25
17 25
17 24
18 23
18 22
18 22
19 21
19 20
20 19
20 18
20 18
20 17
21 16
21 15
22 14
22 13
22 13
22 12
23 11
23 10
24 9
24 8
24 8
24 7
25 6
25 5
25 4
25 4
26 3
27 2
27 2
27 1
27 1
27 0
27 0
27 1
27 1
28 2
28 3
28 3
28 4
27 5
27 6
27 6
27 7
26 8
26 9
26 10
26 10
26 11
25 12
25 13
25 14
25 14
25 15
24 16
24 17
24 18
24 18
24 19
24 20
24 20
24 21
24 22
24 22
24 23
24 23
24 24
24 24
23 25
23 26
22 27
22 28
21 29
20 30
20 31
19 32
18 33
18 34
17 35
17 36
16 37
15 38
15 39
14 40
14 41
13 42
13 42
13 43
12 44
12 45
12 45
11 45
10 45
10 45
9 46
9 46
9 46
9 46
10 46
10 46
10 46
11 45
11 45
12 44
13 44
13 44
14 43
15 42
15 42
16 41
17 40
17 40
18 39
19 38
19 38
20 37
20 36
21 35
21 35
22 34
23 34
23 34
24 34
24 34
25 35
25 35
26 36
26 37
26 37
26 38
26 39
26 40
26 40
26 41
26 42
26 43
26 44
26 44
26 45
26 46
26 47
26 48
26 49
26 49
26 50
26 51
25 52
25 53
25 54
25 54
25 55
25 56
24 57
24 58
24 59
24 59
24 60
24 61
23 62
23 63
23 64
23 64
23 65
22 66
22 67
22 68
22 68
22 69
21 70
21 71
21 71
20 72
20 73
20 73
20 73
19 73
19 73
19 72
19 71
19 71
19 70
19 69
19 69
19 68
19 67
19 66
19 65
19 64
19 64
19 63
19 62
20 61
20 60
20 59
20 58
20 58
20 57
20 56
20 55
21 54
21 53
21 52
21 51
21 51
21 50
21 49
21 48
22 47
22 46
22 45
22 44
22 44
22 43
22 42
23 41
23 40
23 39
23 39
23 38
23 37
23 36
23 35
23 35
23 34
23 34
23 33
23 33
23 34
23 34
23 35
23 35
23 36
22 37
22 38
22 38
22 39
21 40
21 41
21 42
21 42
21 43
21 44
20 45
20 46
20 47
20 47
20 48
19 49
19 50
19 51
18 52
18 53
18 53
18 54
17 55
17 56
16 57
16 58
16 58
15 59
15 60
14 61
14 62
14 62
13 63
13 64
13 64
13 65
13 65
12 66
12 66
12 65
12 65
12 65
11 64
11 64
11 63
11 62
11 62
10 61
10 61
10 61
9 60
9 60
8 60
8 60
7 60
7 60
7 60
6 60
6 60
6 60
6 60
6 60
6 60
6 60
6 60
7 59
7 59
8 58
8 58
9 57
9 57
10 56
11 56
11 56
12 55
13 55
13 55
14 54
14 54
15 54
16 54
16 54
17 54
18 54
18 54
19 53
19 53
20 53
21 53
21 53
22 52
23 52
23 52
24 51
24 51
25 51
26 51
26 51
27 51
27 51
28 52
28 52
29 53
29 54
29 54
29 55
29 56
29 56
30 57
30 58
30 58
31 59
31 59
32 59
33 59
33 59
34 58
35 58
35 58
36 57
37 56
37 56
38 55
38 54
39 53
39 53
40 52
40 52
41 51
41 51
41 50
41 49
41 48
41 47
41 46
41 45
41 44
41 43
41 42
41 41
41 40
41 39
41 38
41 37
41 36
41 35
41 34
41 33
41 32
41 31
41 30
41 30
41 31
41 31
41 31
41 32
41 32
41 32
41 32
41 32
41 32
41 32
41 32
41 32
41 33
41 33
42 33
42 33
42 33
43 33
43 33
44 32
44 32
45 31
46 31
46 31
47 30
47 29
48 28
48 28
49 27
49 26
50 25
50 25
51 24
52 24
53 23
53 23
54 22
54 21
55 20
55 20
55 19
56 18
56 17
56 17
57 16
57 15
57 15
58 14
58 13
58 13
57 12
57 12
57 11
57 10
57 10
56 10
56 10
56 9
56 9
55 10
55 10
54 11
54 11
53 12
53 13
53 13
53 14
52 15
52 16
52 16
52 17
51 18
51 19
51 20
51 20
51 21
50 22
50 23
50 24
50 24
50 25
50 26
49 27
49 28
49 29
49 29
49 30
48 31
48 32
47 33
47 34
47 34
47 35
47 36
46 37
46 38
46 39
46 40
46 40
46 41
45 42
45 43
45 44
44 45
44 46
44 46
44 47
44 48
43 49
43 50
43 51
43 52
43 52
43 53
42 54
42 55
41 56
41 57
41 57
41 58
40 59
40 60
40 60
40 61
40 61
40 61
40 60
40 60
40 59
40 58
40 58
40 57
41 56
41 55
41 55
41 54
42 53
42 52
42 52
42 51
43 50
43 49
43 49
43 48
44 47
44 46
44 46
45 45
45 44
45 44
46 43
47 42
47 42
47 41
47 40
47 40
48 39
48 38
48 38
48 37
48 37
49 36
49 36
49 36
49 35
49 35
49 35
49 35
49 35
49 36
49 36
49 37
49 37
49 38
49 39
49 40
49 40
49 41
49 42
49 43
49 43
49 44
49 45
49 46
49 47
49 47
49 48
49 49
49 50
49 51
49 52
49 52
49 53
49 54
48 55
48 56
48 57
48 57
48 58
48 59
48 60
48 61
48 62
48 62
48 63
47 64
47 65
47 65
47 66
47 67
47 68
47 68
47 69
47 70
47 70
47 71
47 71
47 71
47 71
47 71
47 70
47 70
47 69
47 68
47 68
47 67
47 66
47 65
47 65
47 64
47 63
47 62
47 62
47 61
47 60
47 59
47 59
47 58
47 57
47 56
47 55
47 55
47 54
48 53
48 52
48 51
48 51
48 50
48 49
48 48
48 48
48 47
48 46
48 45
48 45
49 44
49 43
49 43
49 42
49 41
49 41
49 40
49 39
49 39
50 38
50 37
50 37
50 36
50 36
50 36
51 35
51 35
51 35
51 35
51 35
52 35
52 35
52 36
52 36
53 37
53 37
54 38
54 38
54 39
54 40
54 40
54 41
54 41
54 42
55 43
55 44
55 44
55 45
55 46
55 47
55 47
55 48
55 49
55 50
55 50
55 51
55 52
55 53
55 54
55 54
55 55
55 56
55 57
55 58
55 59
55 59
55 60
55 61
55 62
55 63
55 63
55 64
55 65
55 66
55 67
55 67
55 68
55 69
56 70
56 71
56 72
56 72
56 73
56 74
56 75
56 76
56 76
56 77
56 78
56 79
56 80
56 80
56 81
57 82
57 83
57 83
57 84
57 85
57 86
57 86
57 87
58 88
58 89
58 89
58 90
58 91
58 91
59 92
59 92
59 93
59 94
59 94
59 94
59 95
59 95
59 95
59 96
59 96
59 96
59 96
59 96
58 95
58 95
57 94
57 94
56 93
56 92
56 92
55 91
55 90
54 89
54 88
54 88
54 87
53 86
53 85
53 85
53 84
52 83
52 82
52 81
51 80
51 79
51 79
51 78
51 77
50 76
50 75
50 74
50 74
50 73
49 72
49 71
49 70
49 70
49 69
49 68
48 67
48 66
48 65
48 65
48 64
47 63
47 62
47 62
47 61
47 60
47 59
47 59
47 58
47 57
47 57
47 56
48 55
48 54
48 54
49 53
50 53
50 53
51 52
51 51
51 51
52 52
52 52
52 53
52 53
52 54
52 55
52 55
52 56
52 57
52 57
52 58
52 59
52 60
52 60
52 61
52 62
52 62
51 63
51 64
51 64
50 65
50 66
50 66
50 67
50 68
50 68
49 69
49 69
49 70
49 70
49 70
49 69
49 69
50 69
50 69
51 68
52 67
52 67
53 67
53 67
54 67
54 67
54 67
55 68
55 68
55 68
54 68
54 68
54 68
54 68
54 68
55 68
55 68
55 67
56 66
56 65
56 64
57 63
57 62
57 61
58 60
58 59
58 58
59 57
59 56
59 55
60 54
60 53
60 52
61 51
61 50
61 49
61 48
62 47
62 46
62 45
63 44
63 43
63 42
64 41
64 40
64 39
65 38
65 37
65 36
66 35
66 34
66 33
67 32
67 31
67 31
67 31
67 31
67 30
67 30
67 30
67 30
68 31
68 31
68 32
68 32
68 33
69 34
69 35
69 35
69 36
69 37
69 37
69 38
69 39
69 40
69 40
69 41
69 42
69 43
69 44
69 44
69 45
69 46
69 47
69 48
69 48
69 49
69 50
69 51
69 51
69 52
69 53
68 54
68 55
68 56
68 56
68 57
67 58
67 59
67 59
67 60
66 61
66 62
66 63
66 63
66 64
66 64
65 65
65 65
65 65
65 64
65 64
65 63
66 62
66 61
66 61
66 60
66 59
66 58
66 58
66 57
66 56
67 55
67 54
67 53
67 53
67 52
67 51
68 50
68 49
68 48
68 48
68 47
68 46
69 45
69 44
69 43
69 43
69 42
69 41
70 40
70 39
70 38
70 38
70 37
71 36
71 35
71 34
71 34
71 33
71 32
71 31
71 31
72 30
72 29
72 29
72 28
72 27
72 27
72 26
72 26
73 25
73 25
73 24
73 24
74 23
74 23
74 23
74 23
74 23
74 23
75 23
75 23
75 23
75 24
75 24
75 25
75 25
75 26
75 26
75 27
75 27
75 28
75 29
75 30
75 30
75 31
75 32
75 32
75 33
75 34
75 35
75 36
75 36
75 37
75 38
75 39
75 39
75 40
75 41
75 42
75 43
75 44
75 44
75 45
75 46
75 47
75 48
75 48
75 49
75 50
75 51
75 52
75 53
75 53
75 54
75 55
75 56
75 57
75 57
75 58
75 59
76 60
76 61
76 62
76 62
76 63
76 64
76 65
76 65
76 66
76 67
76 68
76 68
76 69
76 70
76 70
76 71
76 72
76 72
76 72
76 72
76 71
76 71
75 70
75 69
75 69
74 68
74 67
74 67
74 66
73 65
73 64
73 64
73 63
72 62
72 61
72 61
72 60
71 59
71 58
71 57
71 57
71 56
70 55
70 54
70 53
70 53
70 52
69 51
69 50
69 50
69 49
69 48
69 48
68 47
68 46
68 46
68 45
68 45
68 44
68 44
69 44
69 44
70 43
70 43
70 44
70 44
71 45
71 45
71 46
71 46
71 47
71 48
71 48
71 49
71 50
71 50
70 51
70 52
70 52
70 53
70 54
70 54
70 54
70 54
70 54
70 54
70 53
70 53
71 52
71 51
71 51
72 50
73 49
73 49
74 48
74 47
75 46
75 46
76 45
76 44
77 43
77 43
77 42
78 41
78 40
78 40
78 39
79 38
79 37
79 37
80 36
80 35
80 35
80 34
80 33
80 33
80 32
80 31
80 31
80 30
80 30
80 29
80 29
80 28
80 27
80 27
79 26
79 26
79 26
79 25
79 25
80 24
80 24
80 24
80 24
81 25
81 25
81 25
82 26
82 27
82 27
82 28
82 29
82 29
83 30
83 31
83 31
83 32
83 33
83 34
83 34
83 35
83 36
83 37
83 38
83 38
83 39
83 40
83 41
83 42
83 43
83 43
83 44
83 45
82 46
82 47
82 48
82 48
82 49
82 50
81 51
81 52
81 53
81 53
81 54
81 55
81 56
81 57
81 58
81 58
81 59
80 60
80 61
80 62
80 62
80 63
79 64
79 65
79 65
79 66
78 67
78 68
78 68
77 69
77 70
77 70
77 69
77 69
77 68
77 68
77 67
77 66
77 65
77 65
77 64
78 63
78 62
78 61
78 61
78 60
79 59
79 58
79 57
79 57
79 56
79 55
80 54
80 53
80 52
80 51
80 50
80 49
81 48
81 47
81 46
81 45
81 44
82 43
82 42
82 41
82 40
82 39
82 38
83 37
83 36
83 35
83 34
83 33
83 32
84 31
84 30
84 29
84 29
83 28
83 27
83 27
83 26
83 25
83 25
82 24
82 24
82 24
82 23
82 23
82 22
82 22
83 21
83 21
84 20
84 20
85 19
85 19
86 18
86 18
87 17
87 17
88 16
89 16
89 16
90 15
90 15
91 15
91 15
92 14
92 14
92 14
93 15
93 15
93 15
93 16
93 16
94 17
94 17
94 18
94 19
94 19
94 20
94 21
94 22
94 22
94 23
93 24
93 25
93 25
93 26
93 27
93 28
93 29
93 29
93 30
93 31
93 32
93 33
93 33
93 34
93 35
93 36
93 37
93 38
93 38
93 39
93 40
93 41
93 42
93 43
93 43
93 44
93 45
93 46
93 47
93 48
93 49
93 49
93 50
93 51
93 52
93 53
93 54
93 55
93 55
93 56
93 57
93 58
93 59
93 60
93 61
93 62
93 62
93 63
93 64
93 65
93 66
93 67
93 68
93 68
93 69
93 70
94 71
94 72
94 73
94 74
94 74
94 75
94 76
94 77
94 78
94 79
94 80
94 81
94 81
94 82
94 83
95 84
95 85
95 86
95 86
95 87
95 88
95 89
95 90
95 90
95 91
95 92
95 93
95 94
95 94
95 95
95 96
95 97
95 97
95 98
95 99
95 99
95 100
95 100
95 100
95 100
94 99
94 99
94 98
93 97
93 96
93 96
93 95
92 94
92 93
92 92
92 92
92 91
91 90
91 89
90 88
90 87
90 87
90 86
90 85
89 84
89 83
89 82
89 81
89 81
89 80
88 79
88 78
88 77
88 76
87 75
87 74
87 74
87 73
86 72
86 71
86 70
86 69
85 68
85 67
85 67
85 66
84 65
84 64
84 63
84 62
83 61
83 60
83 60
83 59
82 58
82 57
82 56
81 55
81 54
81 54
81 53
80 52
80 51
80 50
80 50
80 49
80 48
80 47
80 46
80 45
80 45
80 44
80 43
80 42
80 42
80 41
81 40
81 39
81 38
81 38
82 37
82 36
83 35
83 35
84 34
85 33
85 33
86 32
87 32
87 32
88 32
88 32
88 33
88 33
88 34
88 35
88 35
88 36
88 37
88 38
88 39
88 39
87 40
87 41
86 42
86 43
86 43
86 44
85 45
85 46
85 47
85 47
84 48
84 49
83 50
83 51
83 51
82 52
82 53
82 53
82 54
82 55
82 55
83 55
83 55
84 55
85 55
85 55
86 55
87 55
87 55
88 55
89 54
90 54
90 54
91 53
92 53
93 52
94 52
94 52
95 51
96 51
96 51
97 50
98 50
98 50
99 50
100 50
