1 25
1 26
1 27
1 27
0 26
0 26
0 26
0 26
1 26
1 26
1 25
1 25
2 24
3 24
3 24
4 23
4 23
5 22
6 21
6 21
7 20
8 20
8 20
9 20
10 19
11 19
11 19
12 18
13 17
13 17
14 17
15 16
16 16
16 16
17 15
18 15
18 15
19 14
20 14
20 14
21 13
22 13
22 13
23 12
24 12
24 12
25 11
25 11
26 10
26 10
26 10
26 9
26 9
26 9
26 9
25 9
25 9
24 8
24 8
23 8
23 8
22 8
21 8
21 8
20 8
20 8
19 8
18 8
18 8
17 8
16 8
16 8
15 8
15 8
14 8
14 8
13 9
13 9
12 9
12 9
12 10
12 10
12 10
12 11
12 12
12 12
12 13
12 13
12 14
12 15
12 16
12 16
12 17
12 18
12 18
12 19
12 20
12 20
12 21
12 22
12 23
12 23
12 24
12 25
12 25
12 26
12 27
12 28
12 28
12 29
12 29
12 30
12 30
12 31
12 31
12 31
12 31
12 30
12 30
12 29
12 28
12 28
12 27
13 26
13 25
13 24
13 23
14 22
14 21
14 20
14 19
15 18
15 17
15 16
15 15
16 14
16 13
16 12
16 12
16 11
16 11
17 11
17 11
17 11
17 11
17 11
17 12
17 12
17 13
17 14
17 14
16 15
16 16
16 16
16 17
16 18
16 18
16 19
16 20
16 20
15 21
15 22
15 22
15 23
15 24
15 24
15 25
14 26
14 27
14 27
14 28
14 29
14 29
14 30
13 31
13 32
13 32
13 33
13 34
13 34
12 35
12 35
12 36
11 37
11 38
10 39
10 40
10 41
9 42
9 43
8 44
8 45
8 45
8 46
7 47
7 48
7 48
6 49
6 49
6 50
6 50
5 50
5 50
5 50
5 51
5 51
5 51
4 51
4 51
4 51
5 51
5 51
5 50
5 50
5 50
6 49
6 49
7 48
7 47
7 47
8 46
8 45
8 45
9 44
10 43
10 43
11 42
11 41
11 41
12 40
13 40
13 40
14 39
14 38
14 38
15 37
16 37
16 37
17 37
17 37
18 37
18 37
19 37
19 37
20 38
20 38
21 39
21 40
21 40
21 41
21 42
21 42
21 43
21 44
21 45
21 46
21 46
21 47
21 48
21 49
21 50
21 50
21 51
20 52
20 53
20 54
20 54
20 55
19 56
19 57
19 58
19 58
19 59
18 60
18 61
18 62
18 62
18 63
17 64
17 65
17 66
17 66
16 67
16 68
16 68
16 69
16 70
16 71
16 71
15 72
15 73
15 73
14 73
14 73
13 73
13 73
12 73
12 73
12 72
12 71
12 71
12 70
12 69
12 68
12 68
12 67
12 66
12 65
12 65
12 64
12 63
12 62
12 61
12 61
12 60
12 59
12 58
12 57
12 57
12 56
12 55
13 54
13 53
13 52
13 52
13 51
13 50
13 49
13 48
13 48
13 47
14 46
14 45
14 44
14 44
14 43
15 42
15 41
15 40
15 40
15 39
15 38
15 37
15 37
15 36
15 35
15 35
16 34
16 34
16 33
16 33
16 33
16 33
15 34
15 34
15 35
15 36
15 36
15 37
15 38
15 39
15 39
15 40
15 41
15 42
15 43
15 43
15 44
15 45
14 46
14 47
14 48
14 48
14 49
14 50
13 51
13 52
13 53
13 53
13 54
13 55
13 56
13 57
13 58
13 58
13 59
12 60
12 61
12 61
12 62
11 63
11 64
11 64
11 65
10 66
10 67
10 67
9 68
9 69
9 69
8 70
8 70
7 71
7 71
6 71
6 71
5 70
5 70
4 69
4 69
3 68
3 67
3 67
3 66
2 65
2 64
2 64
1 63
1 62
1 62
1 61
1 60
1 59
1 59
0 58
0 57
0 57
0 57
0 57
0 57
0 57
0 57
0 57
0 58
0 58
1 59
1 60
1 60
1 61
1 61
2 62
2 62
3 63
4 63
4 63
5 63
5 63
6 63
7 63
7 63
8 62
8 62
9 61
10 61
10 61
11 60
12 60
12 60
13 59
14 58
14 58
15 57
16 56
16 56
17 55
17 54
17 54
18 53
19 52
19 52
20 51
21 50
21 50
22 49
22 48
22 48
23 47
23 47
24 46
24 46
25 46
25 46
26 46
26 46
26 47
26 47
27 48
27 48
27 49
27 49
27 50
27 51
27 51
28 52
28 52
28 53
28 53
29 54
29 54
29 54
29 54
29 54
30 53
30 53
30 52
30 52
30 51
30 50
30 50
30 49
31 48
31 47
31 46
32 45
32 44
33 43
33 42
33 41
34 40
34 39
34 38
35 37
35 36
35 35
36 34
36 33
37 32
37 31
37 30
38 29
38 28
38 27
39 26
39 25
39 24
40 23
40 22
40 21
41 20
41 19
42 18
42 17
42 16
43 15
43 14
43 13
44 12
44 11
44 10
45 9
45 8
46 7
46 6
46 5
47 4
47 3
47 3
47 2
47 2
47 2
47 2
47 2
47 2
47 2
47 3
47 3
46 3
46 3
46 4
46 4
46 5
46 5
46 6
46 7
46 7
46 8
46 9
46 9
46 10
46 11
46 11
46 12
46 13
46 14
46 14
46 15
45 16
45 17
45 17
45 18
45 19
45 20
45 21
45 21
45 22
45 23
44 24
44 25
44 26
44 26
44 27
44 28
43 29
43 30
43 31
43 31
43 32
43 33
43 34
43 35
43 35
43 36
42 37
42 38
42 38
42 39
41 40
41 41
41 42
41 42
41 43
40 44
40 45
40 45
40 46
39 47
39 48
39 48
39 49
38 50
38 51
38 51
37 52
37 53
37 53
36 54
35 54
35 54
35 54
34 54
33 54
33 54
33 53
33 53
32 52
32 51
32 51
31 50
31 49
31 49
31 48
31 47
31 47
30 46
30 46
30 45
30 45
31 44
31 44
31 43
31 42
31 42
32 41
32 40
32 40
33 39
33 38
33 38
34 37
35 36
35 36
36 35
36 34
37 33
37 33
38 32
38 31
39 30
39 30
40 29
41 28
42 28
43 27
43 27
44 26
45 25
46 24
46 24
47 23
48 22
48 22
49 21
50 20
51 19
51 19
52 18
53 18
53 18
54 17
55 16
55 16
56 15
56 15
57 14
57 14
58 13
58 13
58 13
58 13
57 13
57 13
57 14
57 14
56 15
56 15
55 16
54 16
54 16
53 17
53 17
52 18
52 18
51 19
51 19
50 20
50 20
50 21
50 21
49 22
49 22
49 23
49 24
49 24
48 25
48 25
48 26
48 27
48 27
48 28
47 29
47 30
47 30
47 31
47 32
47 33
47 33
47 34
47 35
47 36
47 37
47 37
47 38
46 39
46 40
46 41
46 41
46 42
46 43
46 44
46 45
46 45
46 46
46 47
45 48
45 49
45 50
45 50
45 51
45 52
45 53
45 54
45 54
45 55
45 56
45 57
45 58
45 59
45 59
45 60
45 61
44 62
44 63
44 64
44 64
44 65
44 66
44 67
44 68
44 69
44 69
44 70
44 71
44 72
44 73
44 73
44 74
44 75
44 76
44 76
44 77
45 78
45 79
45 79
45 80
45 81
45 82
45 82
45 83
45 84
45 85
45 85
45 86
45 87
45 87
46 88
46 89
46 89
46 90
46 90
46 90
46 89
46 89
45 89
45 89
45 88
45 87
45 87
45 86
45 85
45 84
45 84
45 83
45 82
45 81
45 81
45 80
44 79
44 78
44 77
44 77
44 76
44 75
44 74
44 73
44 73
44 72
44 71
44 70
44 69
44 69
44 68
44 67
44 66
44 65
44 65
44 64
44 63
44 62
44 61
44 60
44 60
44 59
44 58
44 57
44 56
44 56
44 55
44 54
44 53
44 52
44 52
44 51
44 50
44 49
44 48
44 48
44 47
44 46
44 45
44 44
44 44
44 43
44 42
44 41
44 41
44 40
45 39
45 38
45 38
45 37
45 36
45 36
45 35
46 34
46 33
46 33
46 32
47 31
47 30
47 30
47 29
48 28
48 27
48 27
49 26
49 25
49 25
49 25
50 24
50 24
50 24
50 24
50 24
51 25
51 25
51 26
51 26
51 27
51 28
51 28
51 29
51 30
51 30
51 31
51 32
51 33
51 34
51 34
51 35
51 36
51 37
51 37
51 38
52 39
52 40
52 41
52 41
52 42
52 43
51 44
51 45
51 46
51 46
51 47
51 48
51 49
51 50
51 51
51 52
51 52
51 53
51 54
51 55
51 56
51 57
51 58
51 58
51 59
51 60
51 61
51 62
51 63
51 64
51 64
51 65
51 66
51 67
51 68
51 69
51 70
51 70
51 71
51 72
51 73
51 74
51 74
51 75
52 76
52 77
52 78
52 78
52 79
52 80
52 81
52 81
52 82
52 83
52 84
52 84
52 85
52 86
52 87
52 87
51 88
51 89
51 89
51 90
51 90
51 90
51 89
51 89
50 88
50 88
50 87
50 86
50 85
50 85
49 84
49 83
49 83
49 82
49 81
49 80
49 79
49 79
49 78
48 77
48 76
48 76
48 75
48 74
48 73
48 73
48 72
47 71
47 70
47 69
47 69
47 68
46 67
46 66
46 66
46 65
46 64
46 63
46 62
46 62
46 61
45 60
45 59
45 58
45 58
45 57
44 56
44 55
44 54
44 54
44 53
44 53
43 52
43 51
43 51
43 50
43 50
43 49
43 49
44 48
44 48
44 47
44 47
45 46
45 46
46 45
46 44
46 44
47 43
47 43
48 42
49 42
49 42
50 41
51 40
51 40
52 39
52 39
53 38
53 38
54 38
54 38
55 39
55 39
55 40
55 40
55 41
55 42
55 42
54 43
54 44
54 44
54 45
53 46
53 47
53 47
52 48
52 49
51 50
51 50
51 51
50 52
50 53
50 54
50 54
49 55
49 56
49 56
48 57
48 58
48 58
47 59
47 60
47 60
46 61
46 61
46 61
47 61
47 61
47 60
47 59
47 59
48 58
48 58
49 57
49 56
50 55
50 55
51 54
51 53
51 53
52 52
52 51
53 50
53 50
54 49
54 48
55 47
56 46
56 45
57 44
58 43
59 42
59 41
60 40
61 39
61 38
62 37
63 36
63 35
64 34
65 33
65 32
66 31
67 30
67 29
68 28
69 27
70 26
70 25
71 24
72 23
72 22
73 21
73 21
73 21
73 21
72 21
72 21
72 21
72 21
72 21
72 22
72 22
72 23
72 23
72 24
72 24
73 25
73 25
73 26
73 26
73 27
73 28
73 28
73 29
72 30
72 31
72 31
72 32
72 33
72 34
72 34
72 35
72 36
72 37
72 38
72 38
72 39
72 40
72 41
72 41
72 42
72 43
72 44
72 45
72 45
72 46
71 47
71 48
71 49
71 49
71 50
71 51
71 52
71 53
71 53
71 54
71 55
71 56
71 56
70 57
70 58
70 58
70 59
70 60
70 61
70 61
70 62
70 63
70 63
70 64
70 65
70 65
69 66
69 67
69 67
69 68
69 68
69 68
69 68
69 67
69 66
69 66
69 65
69 64
69 63
69 63
69 62
69 61
69 60
69 59
69 58
69 57
69 56
69 55
69 54
69 53
69 52
69 51
69 50
69 49
69 48
69 47
69 46
69 45
69 44
69 43
69 42
69 41
69 40
69 39
69 38
69 37
69 36
69 35
69 34
69 33
69 33
69 32
69 31
70 30
70 29
70 28
70 27
70 27
70 26
70 25
70 24
70 24
70 23
70 22
70 21
70 21
71 20
71 19
71 19
72 18
72 17
72 17
73 16
73 15
73 15
73 14
73 14
74 13
75 12
75 12
76 11
76 11
77 10
77 10
78 10
78 10
79 10
79 10
79 10
80 10
80 10
80 10
80 11
80 11
80 12
80 12
80 13
80 13
79 14
79 15
79 15
79 16
79 17
79 17
79 18
79 19
79 19
79 20
79 21
79 22
79 22
79 23
78 24
78 25
78 25
78 26
78 27
78 28
78 29
78 29
78 30
78 31
78 32
78 33
78 33
78 34
78 35
78 36
78 37
78 37
78 38
77 39
77 40
77 41
77 41
77 42
77 43
77 44
77 45
77 45
77 46
77 47
77 48
77 49
77 49
77 50
78 51
78 52
78 53
78 53
78 54
78 55
78 56
78 57
78 57
78 58
78 59
78 60
78 61
78 61
78 62
78 63
78 64
78 64
78 65
78 66
78 66
78 67
78 67
78 68
78 68
78 69
78 69
78 69
78 68
78 68
78 68
77 67
77 67
77 66
77 66
76 65
76 65
75 64
75 63
75 63
74 62
74 61
74 61
73 60
73 59
73 59
73 58
72 57
72 56
72 56
72 55
71 54
71 53
71 53
71 52
70 51
70 50
70 49
70 49
70 48
69 47
69 46
69 46
69 45
69 44
69 44
69 43
69 43
69 42
69 42
69 41
69 41
70 40
70 40
71 39
71 39
72 38
72 37
72 37
73 36
74 36
74 36
75 35
75 35
76 34
76 34
77 33
78 33
78 33
79 32
79 32
80 32
80 32
80 32
80 32
80 32
80 33
80 33
79 34
79 35
79 35
79 36
78 37
78 38
78 38
77 39
77 40
76 41
76 42
76 42
76 43
75 44
75 45
75 46
75 46
74 47
74 48
73 49
73 50
73 50
72 51
72 52
72 52
71 53
71 54
71 54
71 54
71 54
71 54
71 53
71 53
72 52
73 51
73 51
73 50
74 49
74 48
74 48
75 47
75 46
76 45
76 45
77 44
77 43
78 42
78 42
79 41
80 40
80 40
81 39
81 38
82 37
82 37
82 36
83 35
83 34
83 33
84 32
84 31
84 30
85 29
85 28
85 27
85 26
86 25
86 24
86 23
87 22
87 21
87 21
87 22
87 22
87 21
87 21
87 21
87 22
87 22
87 22
87 23
87 23
87 24
87 24
87 25
87 25
87 26
87 27
87 27
87 28
87 29
87 29
87 30
87 31
87 32
87 32
87 33
87 34
87 35
87 35
87 36
87 37
87 38
87 38
87 39
86 40
86 41
86 42
86 42
86 43
86 44
86 45
86 46
86 47
86 47
86 48
86 49
85 50
85 51
85 52
85 52
85 53
85 54
85 55
85 56
85 57
85 57
85 58
84 59
84 60
84 60
84 61
84 62
84 63
84 64
84 64
84 65
83 66
83 67
83 68
83 68
83 69
82 70
82 71
82 71
82 72
82 72
82 73
82 73
81 74
81 74
81 74
80 73
80 72
80 72
80 71
80 70
80 70
80 69
80 68
80 67
80 67
80 66
80 65
80 64
80 63
80 63
80 62
80 61
79 60
79 59
79 58
79 58
79 57
79 56
80 55
80 54
80 53
80 53
80 52
80 51
80 50
80 49
80 48
80 48
80 47
80 46
80 45
80 44
80 43
80 42
80 42
80 41
80 40
81 39
81 38
81 37
81 36
81 36
81 35
81 34
81 33
81 32
81 31
81 31
81 30
82 29
82 28
82 27
82 27
82 26
82 25
82 24
82 23
82 23
82 22
83 21
83 20
83 19
83 19
83 18
83 17
83 16
83 16
83 15
84 14
84 13
84 13
85 12
86 11
86 11
86 10
86 9
86 9
87 8
88 7
88 7
89 6
89 6
90 5
90 4
90 4
91 3
92 2
92 2
93 1
93 1
94 1
95 1
95 1
96 1
96 1
97 1
97 1
97 1
98 2
98 2
98 2
99 3
99 3
99 3
99 4
99 4
100 5
100 6
100 6
100 7
100 7
100 8
99 9
99 10
99 10
99 11
99 12
99 12
99 13
99 14
99 15
99 15
99 16
98 17
98 18
98 18
98 19
98 20
98 20
98 21
97 22
97 23
97 24
97 24
97 25
97 26
97 27
97 28
97 28
97 29
97 30
97 31
97 32
97 32
97 33
97 34
97 35
97 36
97 36
97 37
96 38
96 39
96 40
96 40
96 41
96 42
96 43
96 44
96 44
96 45
96 46
96 47
96 48
96 49
96 49
96 50
96 51
96 52
96 53
96 54
96 54
96 55
95 56
95 57
95 58
95 58
95 59
95 60
95 61
95 62
95 63
95 63
95 64
95 65
95 66
95 67
95 67
95 68
95 69
95 70
95 71
95 71
95 72
95 73
95 74
95 75
95 75
95 76
96 77
96 78
96 78
96 79
96 80
96 81
96 82
96 82
96 83
96 84
96 85
96 85
96 86
97 87
97 88
97 88
97 89
97 90
97 91
97 91
97 92
97 93
97 94
97 94
97 95
97 96
97 96
97 97
97 98
97 98
98 99
98 100
98 100
98 100
97 100
97 100
97 100
97 100
97 99
97 99
96 98
96 98
96 97
96 97
95 96
95 96
94 95
94 95
94 94
93 93
93 92
93 92
93 91
92 90
92 89
92 89
92 88
91 87
91 86
90 85
90 84
90 84
90 83
90 82
89 81
89 80
89 79
89 79
89 78
89 77
89 76
88 75
88 74
88 73
88 72
88 72
88 71
88 70
88 69
87 68
87 67
87 66
87 65
87 65
87 64
87 63
86 62
86 61
86 60
86 59
86 59
86 58
86 57
86 56
86 55
86 54
86 53
86 53
86 52
86 51
86 50
86 49
86 49
86 48
86 47
86 46
86 46
86 45
86 44
86 43
86 43
86 42
86 41
86 40
86 40
86 39
86 38
86 37
86 37
86 36
86 35
86 35
86 34
86 33
86 33
86 32
86 32
87 31
87 31
87 31
88 30
88 30
88 30
89 29
89 29
90 28
90 28
91 28
91 28
92 28
92 28
93 28
93 28
94 27
94 27
95 27
96 27
96 27
97 27
97 27
98 26
98 26
99 27
99 27
99 27
99 28
99 28
98 29
98 30
98 30
97 31
97 32
97 32
96 33
95 34
95 34
94 35
93 36
93 36
92 37
92 38
91 39
91 39
90 40
89 41
89 41
88 42
88 42
87 43
87 43
87 44
87 44
88 44
88 44
88 44
89 44
90 44
90 44
91 43
92 43
92 43
93 42
94 42
94 42
95 41
96 41
