0 22
0 21
0 21
0 21
1 21
1 21
2 20
2 20
3 20
4 20
4 20
5 19
6 19
7 18
7 18
8 17
9 17
10 16
10 16
11 15
12 15
13 14
13 14
14 13
15 13
16 12
17 12
17 12
18 11
19 11
20 10
20 10
21 9
22 9
23 8
24 8
24 8
25 8
26 8
26 8
27 7
28 7
28 7
29 7
30 7
30 7
30 7
30 7
30 7
29 7
28 7
27 6
26 6
25 6
24 6
23 6
22 6
21 5
20 5
19 5
19 5
18 5
17 5
16 5
16 5
15 5
14 5
14 5
13 6
13 6
13 7
13 7
13 8
13 8
13 9
13 10
13 10
13 11
13 12
13 13
13 13
13 14
13 15
13 16
13 16
14 17
14 18
14 18
14 19
14 20
14 21
14 21
15 22
15 23
15 23
15 24
15 25
15 25
15 26
15 27
15 27
16 27
16 27
17 27
17 27
17 26
17 26
17 25
18 24
18 23
18 23
18 22
19 21
19 20
19 19
19 19
19 18
20 17
20 16
20 16
20 15
21 14
21 13
22 12
22 11
22 11
22 10
23 9
23 8
23 7
23 7
23 6
24 5
24 4
24 4
24 3
24 2
24 1
24 1
25 0
25 0
25 0
25 1
25 1
25 2
25 2
25 3
25 4
25 4
25 5
25 6
25 7
25 7
25 8
24 9
24 10
24 10
24 11
24 12
24 13
24 13
24 14
23 15
23 16
23 17
23 17
23 18
23 19
23 20
23 20
23 21
22 22
22 23
22 23
22 24
21 25
21 26
21 26
21 27
21 28
21 29
21 29
20 30
20 31
19 32
18 33
17 34
17 35
16 36
15 37
14 38
14 39
13 40
12 41
11 42
11 43
10 44
9 45
8 46
8 47
7 48
7 48
6 49
6 50
6 50
6 49
6 49
6 49
6 49
7 48
7 48
8 47
9 46
9 46
10 45
11 44
11 44
12 43
13 42
13 42
14 41
15 41
15 41
16 40
17 40
17 40
18 40
19 40
20 40
20 40
21 40
21 40
22 41
23 41
23 41
24 42
24 42
24 43
24 43
25 44
25 45
25 45
26 46
26 47
26 47
26 48
26 49
26 50
26 50
26 51
26 52
26 53
26 53
26 54
26 55
26 56
26 56
26 57
26 58
26 59
26 60
26 60
26 61
26 62
26 63
26 64
26 64
26 65
26 66
26 67
26 68
26 68
26 69
25 70
25 71
25 72
25 72
25 73
25 74
25 75
25 75
25 76
25 77
25 77
24 78
24 79
24 79
24 80
24 81
24 81
24 81
24 82
24 82
23 82
23 82
22 81
22 81
22 80
22 80
21 79
21 78
21 78
20 77
20 76
20 76
20 75
20 74
20 73
20 73
20 72
20 71
20 70
20 69
20 69
20 68
20 67
20 66
20 65
20 64
20 64
20 63
20 62
20 61
20 60
20 59
20 59
20 58
20 57
20 56
20 55
20 55
20 54
20 53
20 52
20 51
20 51
20 50
19 49
19 48
19 47
19 47
19 46
19 45
19 44
19 44
19 43
19 42
19 41
19 41
18 40
18 40
18 40
18 39
18 39
18 40
18 40
18 41
18 41
18 42
18 43
18 43
18 44
17 45
17 46
17 46
17 47
17 48
17 49
17 50
17 50
17 51
17 52
16 53
16 54
16 55
16 55
16 56
16 57
16 58
16 59
16 59
16 60
16 61
15 62
15 63
15 64
15 64
15 65
15 66
15 67
15 68
15 68
15 69
14 70
14 71
14 71
14 72
14 73
14 74
14 74
14 75
14 76
14 76
14 77
14 77
14 78
14 78
13 78
13 78
13 78
12 78
12 78
11 78
11 78
10 77
9 77
9 77
8 77
8 77
7 76
6 76
6 76
5 76
5 76
4 76
4 76
3 75
3 75
2 75
2 75
2 75
2 74
2 74
3 73
3 73
4 72
4 71
5 70
5 70
6 69
7 68
7 68
8 67
8 66
9 65
9 65
10 64
11 64
12 63
12 63
13 62
14 61
15 60
15 60
16 59
17 59
18 58
18 58
19 57
20 57
21 56
21 56
22 56
23 55
24 55
24 55
25 55
26 54
27 54
27 54
28 54
29 54
30 54
30 54
31 55
32 55
32 55
33 55
34 55
34 55
35 56
35 56
36 57
36 57
37 57
37 57
37 58
37 58
37 59
37 59
37 58
37 57
37 56
37 55
38 54
38 53
38 52
38 51
38 50
38 49
38 48
38 47
39 46
39 45
39 44
39 43
39 42
39 41
39 40
39 39
39 38
40 37
40 36
40 35
40 34
40 33
40 33
40 34
40 34
39 34
39 34
39 33
39 33
39 33
39 33
39 32
39 32
40 31
40 31
41 30
42 29
42 29
43 28
44 28
45 27
45 27
46 26
47 25
48 24
48 24
49 23
50 23
51 22
51 22
52 21
53 20
54 19
54 19
55 18
56 18
56 18
57 17
58 17
59 16
59 16
60 15
60 14
60 14
61 13
61 12
61 12
61 11
60 10
60 9
60 8
59 7
59 6
59 5
58 4
58 3
58 3
57 2
57 2
56 2
56 2
56 3
56 3
56 4
56 4
56 5
56 5
55 6
55 7
55 7
55 8
55 9
55 10
55 10
55 11
55 12
55 13
55 14
55 14
55 15
54 16
54 17
54 17
54 18
54 19
53 20
53 21
53 22
53 22
53 23
53 24
52 25
52 26
52 27
52 27
52 28
52 29
51 30
51 31
51 32
51 33
51 33
51 34
51 35
50 36
50 37
50 38
50 38
50 39
50 40
49 41
49 42
49 43
49 43
49 44
49 45
48 46
48 47
48 48
48 48
48 49
48 50
47 51
47 52
47 53
47 53
46 54
46 55
45 56
45 57
45 57
45 58
44 59
44 60
44 60
43 61
43 62
43 62
43 63
43 64
43 64
42 65
41 65
41 65
40 65
40 65
39 65
39 65
38 64
38 64
37 63
37 62
37 62
37 61
37 60
37 60
37 59
37 58
37 57
37 57
37 56
37 55
37 55
37 54
38 53
38 52
38 52
38 51
39 50
39 49
39 49
39 48
40 47
40 46
40 46
41 45
41 44
42 43
42 43
43 42
43 41
44 40
44 40
45 39
45 38
46 37
46 37
47 36
48 35
48 34
49 33
49 33
50 32
51 31
51 31
52 30
53 29
53 29
54 28
55 28
55 28
56 29
56 29
57 30
57 30
57 31
57 31
57 32
57 33
57 34
57 34
57 35
57 36
57 37
57 37
57 38
57 39
57 40
57 41
57 41
57 42
57 43
57 44
57 45
57 45
57 46
57 47
56 48
56 49
56 50
56 50
56 51
56 52
56 53
56 54
56 55
56 55
56 56
56 57
55 58
55 59
55 60
55 61
55 61
55 62
55 63
55 64
55 65
55 66
55 66
55 67
55 68
54 69
54 70
54 71
54 71
54 72
54 73
54 74
54 75
54 76
54 77
54 77
54 78
54 79
53 80
53 81
53 82
53 82
53 83
53 84
53 85
53 86
53 87
53 87
53 88
53 89
53 90
53 90
53 91
53 92
53 92
53 93
53 93
53 94
53 94
53 94
53 94
52 93
52 93
52 92
52 91
52 90
52 90
52 89
51 88
51 87
51 87
51 86
51 85
51 84
51 83
51 82
51 82
51 81
51 80
51 79
51 78
51 77
51 76
51 75
51 75
51 74
51 73
51 72
51 71
51 70
51 69
51 68
51 68
51 67
51 66
52 65
52 64
52 63
52 62
52 62
52 61
52 60
52 59
52 58
52 57
52 57
52 56
52 55
52 54
52 53
52 52
52 52
52 51
52 50
52 49
52 48
52 47
52 47
52 46
52 45
52 44
52 44
53 43
53 42
53 42
53 41
53 40
53 40
53 39
53 39
54 38
54 38
54 37
54 37
55 36
55 36
55 36
56 36
56 36
57 37
57 37
57 38
57 38
58 39
58 39
59 40
59 41
59 41
60 42
60 43
60 43
60 44
60 45
60 45
60 46
61 47
61 48
61 48
61 49
62 50
62 51
62 52
62 52
62 53
63 54
63 55
63 55
63 56
63 57
63 58
63 59
63 60
63 60
63 61
64 62
64 63
64 64
64 64
64 65
64 66
64 67
64 68
64 68
64 69
64 70
65 71
65 72
65 73
65 73
65 74
65 75
65 76
65 77
65 77
65 78
66 79
66 80
66 80
66 81
66 82
66 83
66 84
66 84
66 85
67 86
67 87
67 87
67 88
67 89
67 90
67 90
67 91
67 92
67 93
67 93
68 94
68 95
68 95
68 96
68 97
68 97
68 98
68 98
68 98
68 98
68 98
68 98
67 97
67 97
67 96
67 95
67 95
66 94
66 93
66 93
66 92
65 91
65 90
65 90
65 89
64 88
64 87
64 87
64 86
63 85
63 84
63 84
63 83
62 82
62 81
62 80
62 79
61 78
61 77
61 76
61 75
60 74
60 73
60 73
60 72
59 71
59 70
59 69
59 68
58 67
58 66
58 66
57 65
57 65
56 64
56 64
56 63
56 63
56 63
56 62
56 62
57 62
57 62
58 61
58 60
58 60
59 59
60 59
60 59
61 58
61 58
62 57
62 57
63 57
63 57
64 58
64 59
64 59
63 60
63 61
63 61
63 62
63 63
63 64
63 64
62 65
62 66
62 66
62 67
61 68
61 69
61 69
61 70
60 71
60 72
60 72
59 73
59 74
59 74
58 75
58 76
58 76
58 76
58 76
58 76
59 75
59 75
60 74
60 73
60 73
61 72
61 71
62 70
62 69
62 69
62 68
63 67
63 66
63 65
63 64
64 63
64 62
64 61
64 60
65 59
65 58
65 57
65 56
66 55
66 54
66 53
66 52
67 51
67 50
67 49
67 48
68 47
68 46
68 45
68 44
69 43
69 42
69 41
69 40
70 39
70 38
70 37
70 36
71 35
71 34
71 33
71 32
72 31
72 30
72 29
72 28
73 27
73 26
73 25
73 25
73 24
73 24
73 24
73 25
73 25
72 26
72 27
72 27
72 28
72 29
72 30
72 30
72 31
72 32
72 33
72 34
72 35
72 35
72 36
72 37
72 38
72 39
72 40
72 40
72 41
72 42
72 43
72 44
72 45
72 45
72 46
72 47
72 48
72 49
72 50
72 51
72 51
72 52
72 53
72 54
72 55
72 56
72 57
72 57
72 58
72 59
72 60
72 61
72 62
72 63
72 63
72 64
72 65
72 66
72 66
72 67
71 68
71 69
71 69
71 70
71 71
71 72
71 72
71 73
71 73
71 74
71 74
71 74
71 73
71 72
71 72
71 71
71 70
71 69
71 68
71 67
71 66
71 65
71 64
71 63
71 62
71 61
71 60
71 59
71 58
71 57
71 56
71 55
71 54
71 53
71 52
71 51
71 50
72 49
72 48
72 47
72 46
72 45
72 44
72 43
72 42
72 41
72 40
72 39
72 38
72 37
72 36
72 35
72 34
72 33
72 32
72 31
72 30
72 29
72 28
72 27
72 26
72 26
72 25
72 24
73 23
73 22
73 21
73 21
73 20
74 19
74 18
74 18
74 17
74 16
74 16
75 15
75 15
76 14
76 14
76 14
77 14
77 14
77 15
77 15
78 16
78 16
78 17
78 17
78 18
78 18
79 19
79 20
79 20
79 21
80 22
80 23
80 23
80 24
80 25
80 26
80 26
80 27
80 28
80 29
80 30
80 31
80 31
80 32
80 33
81 34
81 35
81 36
81 36
81 37
81 38
81 39
81 40
81 41
81 41
81 42
81 43
81 44
81 45
81 46
81 46
81 47
81 48
81 49
81 50
81 50
81 51
81 52
82 53
82 54
82 55
82 55
82 56
82 57
83 58
83 59
83 60
83 60
83 61
83 62
83 63
83 64
83 64
83 65
84 66
84 67
84 68
84 68
84 69
84 70
84 71
84 72
84 72
84 73
84 74
84 75
84 75
84 76
84 77
84 78
84 78
84 79
84 80
84 80
84 81
84 81
84 81
83 81
83 81
82 80
82 80
82 79
82 78
82 77
82 77
82 76
81 75
81 74
81 74
81 73
80 72
80 71
80 70
80 70
80 69
79 68
79 67
78 66
78 65
78 65
78 64
77 63
77 62
77 61
77 61
77 60
77 59
76 58
76 57
76 56
76 56
75 55
75 54
74 53
74 53
74 52
73 51
73 50
73 50
72 49
72 48
72 48
72 47
72 47
72 46
72 46
72 45
72 45
73 44
73 43
73 43
74 42
74 42
75 41
76 40
76 40
77 39
77 39
78 39
79 39
79 39
80 39
80 39
81 40
81 40
81 41
80 42
80 43
80 43
80 44
80 45
80 46
80 47
80 47
79 48
79 49
78 50
78 51
78 51
77 52
77 53
76 54
76 55
76 55
75 56
75 57
74 58
74 59
74 59
74 60
73 61
73 62
73 62
72 63
72 63
71 63
71 63
71 63
71 62
72 61
72 60
72 60
73 59
73 58
74 57
74 56
74 56
74 55
75 54
75 53
75 52
75 52
76 51
76 50
77 49
77 48
78 47
78 46
78 46
79 45
79 44
80 43
80 42
81 41
81 40
81 40
82 39
82 38
83 37
83 36
84 35
84 35
84 34
85 33
85 32
86 31
86 30
86 30
86 29
87 28
87 27
87 26
87 26
87 25
88 24
88 23
88 23
88 22
89 21
89 20
89 20
89 19
89 19
89 18
89 18
89 18
89 18
88 19
88 19
88 20
88 21
88 22
88 22
88 23
88 24
88 25
88 26
88 26
88 27
88 28
87 29
87 30
87 31
87 31
87 32
87 33
87 34
87 35
87 36
87 37
87 37
87 38
87 39
86 40
86 41
86 42
86 43
86 43
86 44
86 45
86 46
86 47
86 48
86 49
86 50
86 50
86 51
86 52
85 53
85 54
85 55
85 56
85 56
85 57
85 58
85 59
85 60
85 61
85 62
85 62
85 63
85 64
84 65
84 66
84 67
84 67
84 68
84 69
84 70
84 70
84 71
84 72
84 73
84 73
84 74
84 75
84 75
84 75
84 75
84 74
84 73
84 73
84 72
84 71
84 70
84 70
84 69
84 68
84 67
84 66
84 66
84 65
84 64
84 63
84 62
84 61
84 60
84 60
84 59
84 58
84 57
84 56
84 55
84 54
84 54
84 53
84 52
84 51
84 50
84 49
84 48
84 47
84 46
84 46
84 45
84 44
84 43
84 42
84 41
84 40
84 40
84 39
84 38
84 37
83 36
83 35
83 34
83 33
83 33
83 32
83 31
83 30
83 29
83 28
83 27
83 27
83 26
83 25
83 24
83 23
83 23
83 22
83 21
83 20
83 19
83 18
83 18
83 17
83 16
83 16
84 15
84 14
84 14
85 13
85 12
85 12
86 11
86 11
87 10
87 9
87 9
88 8
88 8
89 8
89 8
90 7
90 7
90 7
91 7
91 7
91 7
91 8
91 8
92 8
92 8
92 9
92 9
92 10
92 10
93 11
93 11
93 12
93 12
94 13
94 13
94 14
94 15
94 15
95 16
95 17
95 17
96 18
96 19
96 19
96 20
96 21
96 21
96 22
97 23
97 24
97 24
97 25
97 26
97 27
97 28
97 28
97 29
97 30
97 31
97 32
97 33
97 33
97 34
97 35
98 36
98 37
98 38
98 38
98 39
98 40
98 41
98 42
98 43
98 43
98 44
98 45
98 46
98 47
98 48
98 49
98 49
98 50
98 51
98 52
98 53
98 54
98 54
98 55
98 56
99 57
99 58
99 59
99 59
99 60
99 61
99 62
99 63
99 63
99 64
99 65
99 66
99 67
99 67
99 68
99 69
99 70
99 71
99 71
99 72
99 73
99 74
99 75
99 75
99 76
99 77
99 78
99 79
99 79
99 80
99 81
99 82
99 83
99 84
99 84
99 85
99 86
99 87
99 88
99 89
99 89
99 90
99 91
99 92
99 92
99 93
99 94
99 94
99 95
99 96
99 97
99 97
99 98
99 99
99 99
99 100
99 100
99 100
100 100
100 100
99 100
99 100
99 100
99 99
99 99
99 98
99 97
99 97
98 96
98 95
98 95
97 94
97 93
97 93
97 92
97 91
97 90
97 90
96 89
95 88
95 88
95 87
94 86
94 85
94 84
94 84
94 83
94 82
93 81
93 80
93 79
93 79
93 78
92 77
92 76
91 75
91 74
91 74
91 73
91 72
90 71
90 70
90 69
90 69
90 68
89 67
89 66
89 65
88 64
88 63
88 63
88 62
87 61
87 60
86 59
86 58
86 58
86 57
85 56
85 55
85 54
85 54
85 53
84 52
84 51
84 51
84 50
83 49
83 48
83 48
83 47
83 47
82 47
82 47
82 46
82 46
83 46
83 46
83 45
83 45
83 45
84 45
84 45
84 44
84 44
85 44
85 44
86 43
86 43
87 42
87 42
88 41
88 41
89 40
90 39
90 39
91 39
91 39
92 39
92 39
92 40
92 40
92 41
92 41
92 42
91 43
91 44
91 45
91 45
91 46
90 47
90 48
90 49
90 49
90 50
89 51
89 52
89 53
89 53
89 54
88 55
88 56
88 57
88 57
88 58
87 59
87 60
87 60
87 61
86 62
86 63
86 63
85 64
85 64
85 65
85 65
85 65
86 64
86 64
87 63
88 62
88 62
89 61
90 60
90 59
91 58
91 58
92 57
93 56
93 55
94 54
94 54
95 53
96 52
97 51
