2 38
2 39
2 40
2 40
1 39
1 38
1 38
0 38
0 38
0 38
0 38
1 37
1 37
2 37
2 37
3 36
4 36
4 36
5 35
6 34
6 34
7 34
8 33
9 33
9 33
10 32
11 31
11 31
12 31
13 30
14 30
14 30
15 29
16 29
17 28
17 28
18 27
19 26
19 26
20 26
21 25
22 25
22 25
23 24
24 24
24 24
25 23
26 23
26 23
27 22
28 22
28 22
29 21
29 21
30 21
30 21
29 21
29 21
29 20
29 20
28 20
28 20
27 20
26 20
25 19
24 19
23 19
22 19
21 19
20 18
19 18
18 18
18 18
17 18
16 18
15 17
14 17
13 17
13 17
12 16
11 16
11 16
10 15
10 14
10 14
10 14
9 15
9 15
9 15
9 16
9 17
9 17
9 18
10 19
10 20
10 20
10 21
11 22
11 23
11 24
11 24
11 25
12 26
12 27
12 28
12 28
13 29
13 30
13 30
14 31
14 32
14 32
15 33
16 33
16 33
17 33
17 33
18 32
19 32
19 32
20 31
21 31
21 31
22 30
23 29
23 29
23 28
24 27
24 26
24 26
25 25
25 24
26 23
26 23
26 22
27 21
27 20
27 20
27 19
28 18
28 17
28 17
28 16
29 15
29 14
29 14
30 13
30 12
30 12
31 11
31 11
32 10
32 10
32 11
32 11
32 12
32 12
32 13
32 13
32 14
32 15
32 16
32 16
32 17
31 18
31 19
31 20
31 20
30 21
30 22
29 23
29 24
29 24
29 25
28 26
28 27
28 27
27 28
26 29
26 30
25 31
25 31
24 32
23 33
23 34
22 35
22 35
21 36
20 37
20 38
19 39
19 39
18 40
17 41
17 42
16 43
16 43
15 44
14 45
13 46
13 46
12 47
11 48
11 49
10 50
10 50
9 51
9 52
8 53
8 53
7 54
7 55
7 55
6 56
6 57
5 58
5 58
5 59
5 59
4 60
4 60
4 60
4 60
5 59
5 59
5 59
6 58
6 58
7 57
7 57
8 56
9 55
9 55
10 54
11 53
11 53
12 52
13 51
13 51
14 50
15 49
16 48
17 47
17 47
18 46
19 45
20 44
20 44
21 43
22 43
23 42
23 42
24 41
25 40
26 39
26 39
27 38
28 38
28 38
29 38
30 38
30 38
31 38
32 38
32 38
32 39
33 40
33 41
33 41
34 42
34 43
35 44
35 45
35 45
35 46
35 47
36 48
36 49
36 50
36 50
36 51
36 52
36 53
36 54
36 55
36 55
36 56
36 57
36 58
36 59
36 60
36 60
36 61
36 62
36 63
36 64
36 64
36 65
36 66
36 67
36 68
36 68
36 69
36 70
36 71
36 71
36 72
36 73
36 74
36 75
36 75
35 76
35 77
35 77
34 78
34 79
34 79
34 80
34 80
33 81
33 81
32 82
32 82
32 81
32 81
31 80
31 80
31 79
31 78
31 77
30 76
30 75
30 74
30 73
30 72
30 71
29 70
29 69
29 68
29 67
29 66
29 65
28 64
28 63
28 62
28 61
28 60
28 59
27 58
27 57
27 56
27 55
27 54
27 53
26 52
26 51
26 50
26 49
26 49
26 48
26 47
26 46
26 45
26 44
25 43
25 42
25 41
25 40
25 39
25 38
25 38
25 37
25 36
25 35
25 34
25 34
25 33
25 32
25 31
25 31
25 30
25 30
24 29
24 29
24 30
24 30
24 31
24 32
24 32
24 33
24 34
24 35
24 36
24 36
24 37
24 38
24 39
24 40
24 41
24 42
24 43
24 43
24 44
24 45
24 46
23 47
23 48
23 49
23 50
23 50
23 51
23 52
23 53
23 54
23 55
23 56
23 57
23 58
23 58
23 59
23 60
22 61
22 62
22 63
22 64
22 64
22 65
22 66
22 67
22 68
22 68
22 69
22 70
22 70
22 71
22 72
22 72
21 73
21 73
21 74
21 74
20 74
20 74
19 74
19 74
18 73
17 72
17 72
16 71
15 71
15 71
14 70
13 70
13 70
12 69
11 69
11 69
10 69
9 70
8 70
8 70
7 70
6 71
5 71
5 71
4 72
3 72
3 72
2 73
1 74
1 74
0 75
0 76
0 76
0 77
0 77
0 77
0 77
1 76
2 76
2 76
3 75
4 74
4 74
5 73
6 72
7 71
7 71
8 70
9 69
10 68
11 67
11 67
12 66
13 65
14 65
15 64
16 63
16 63
17 62
18 61
19 61
20 60
21 59
21 59
22 58
23 57
24 57
25 56
26 55
26 55
27 54
28 54
29 53
30 53
31 52
31 52
32 52
33 51
34 51
35 50
36 50
36 50
37 50
38 49
39 49
40 49
40 49
41 49
42 48
43 48
43 48
44 48
45 48
45 48
46 48
46 48
47 49
47 49
47 49
47 50
47 50
47 50
47 49
48 48
48 47
48 46
48 45
49 44
49 43
49 42
49 41
50 40
50 39
50 38
51 37
51 36
51 35
51 34
52 33
52 32
52 31
52 30
53 29
53 28
53 27
54 26
54 25
54 24
54 23
55 22
55 21
55 20
55 19
56 18
56 17
56 16
57 15
57 14
57 13
57 12
58 11
58 10
58 9
58 8
59 7
59 6
59 6
60 5
61 4
61 4
61 3
61 2
61 1
61 1
62 0
62 0
63 1
63 1
63 1
63 2
63 2
63 3
63 4
63 4
63 5
62 6
62 7
62 7
62 8
62 9
61 10
61 11
61 12
61 12
61 13
60 14
60 15
59 16
59 17
59 17
59 18
58 19
58 20
57 21
57 22
57 22
57 23
56 24
56 25
55 26
55 27
55 27
54 28
53 29
53 30
52 31
52 31
51 32
51 33
50 34
50 35
50 35
49 36
49 37
48 38
48 39
48 39
47 40
46 41
45 42
45 42
44 43
43 44
43 45
42 46
42 46
41 47
40 48
40 48
39 49
38 49
38 49
37 49
36 49
36 49
36 49
35 48
35 48
35 47
36 46
36 45
36 45
37 44
37 43
38 42
38 42
39 41
39 40
40 39
40 38
40 38
41 37
41 36
42 35
42 35
43 34
44 33
45 32
45 32
46 31
47 30
48 29
48 29
49 28
50 27
51 26
52 25
52 25
53 24
54 24
55 23
55 23
56 22
57 21
58 20
58 20
59 19
60 19
61 18
61 18
62 17
63 17
64 16
64 16
65 15
66 15
66 15
67 15
68 14
69 14
69 14
70 14
70 14
70 14
71 14
71 14
71 14
70 15
70 15
69 16
69 16
68 17
68 17
67 18
67 18
66 19
65 19
65 19
64 20
64 20
63 21
62 22
62 22
61 23
61 24
60 25
60 25
59 26
59 27
58 28
58 29
58 29
58 30
58 31
57 32
57 33
57 34
57 34
57 35
57 36
56 37
56 38
56 39
56 39
56 40
56 41
55 42
55 43
55 44
55 45
55 45
55 46
55 47
54 48
54 49
54 50
54 51
54 51
54 52
54 53
54 54
54 55
54 56
54 56
54 57
54 58
54 59
54 60
54 61
54 61
54 62
54 63
54 64
54 65
54 66
54 66
54 67
54 68
54 69
54 70
54 70
54 71
54 72
54 73
54 73
54 74
54 75
54 76
54 76
54 77
54 78
54 78
55 79
55 79
55 79
55 80
55 80
55 79
55 79
55 79
55 78
55 78
55 77
55 77
55 76
55 75
55 74
55 74
55 73
55 72
55 71
55 70
55 70
55 69
55 68
55 67
55 66
55 66
55 65
55 64
55 63
56 62
56 61
56 60
56 59
56 58
56 57
56 56
57 55
57 54
57 53
57 52
57 51
57 50
57 49
57 48
58 47
58 46
58 45
58 44
58 44
58 43
58 42
59 41
59 40
59 39
59 38
59 38
60 37
60 36
60 36
61 35
61 34
61 34
62 33
62 33
63 32
63 32
64 33
64 33
65 34
65 34
65 35
66 36
66 37
66 37
66 38
66 39
66 40
66 41
66 42
66 43
66 43
66 44
66 45
66 46
66 47
66 48
66 49
66 49
66 50
66 51
66 52
66 53
66 54
66 55
66 56
66 56
66 57
66 58
66 59
66 60
66 61
66 61
66 62
66 63
66 64
66 64
66 65
66 66
66 67
66 67
66 68
66 69
66 69
65 70
65 70
65 71
65 71
64 72
64 72
63 72
63 72
62 72
61 72
61 72
60 71
60 71
59 70
58 70
58 70
57 69
57 68
57 68
57 67
57 66
57 65
57 65
57 64
57 63
57 62
57 62
57 61
57 60
57 59
57 58
57 57
57 57
57 56
57 55
57 54
57 53
57 53
57 52
58 51
58 50
58 49
58 49
59 48
59 47
59 47
59 46
60 45
60 44
60 44
61 43
61 42
61 42
62 41
62 41
63 41
63 41
64 41
64 41
64 41
65 42
65 43
65 43
65 44
65 45
65 45
64 46
64 47
64 47
64 48
63 49
63 50
63 50
63 51
62 52
62 53
62 53
61 54
61 55
61 55
60 56
60 56
60 57
60 57
60 58
60 58
60 58
61 57
61 57
62 56
62 56
63 55
63 55
64 54
65 53
65 53
65 52
66 51
66 50
67 49
67 48
68 47
68 46
69 45
69 44
70 43
70 42
70 41
71 40
71 39
72 38
72 37
73 36
73 35
74 34
74 33
75 32
75 31
75 31
76 30
76 29
76 29
76 28
76 28
76 27
76 27
76 26
76 26
76 25
76 25
76 25
76 25
76 25
75 26
75 26
75 27
75 28
75 29
75 29
75 30
74 31
74 32
74 33
74 33
74 34
74 35
74 36
74 37
74 38
74 38
74 39
74 40
73 41
73 42
73 43
73 44
73 44
73 45
73 46
73 47
73 48
73 49
73 50
73 50
73 51
73 52
72 53
72 54
72 55
72 55
72 56
72 57
72 58
72 59
72 59
72 60
72 61
72 62
72 62
72 63
72 64
72 64
72 65
72 65
72 66
72 67
72 67
71 67
71 67
71 67
71 67
72 66
72 65
72 65
72 64
72 63
72 62
72 62
72 61
73 60
73 59
73 58
73 58
73 57
73 56
73 55
73 54
73 53
73 53
73 52
73 51
74 50
74 49
74 48
74 48
74 47
74 46
74 45
74 44
74 43
74 43
74 42
74 41
75 40
75 39
75 38
75 38
75 37
75 36
75 35
75 34
75 33
75 33
75 32
76 31
76 30
76 29
76 29
76 28
77 27
77 26
77 25
77 25
77 24
78 23
78 22
78 22
78 21
79 20
79 19
79 19
80 18
81 17
81 17
82 16
82 16
82 16
83 17
83 18
83 18
83 19
83 20
83 21
83 22
83 23
83 23
83 24
83 25
83 26
83 27
83 28
83 29
83 30
83 30
83 31
83 32
83 33
83 34
83 35
83 36
83 37
83 38
83 39
83 39
83 40
83 41
83 42
82 43
82 44
82 45
82 46
82 47
82 47
82 48
82 49
82 50
82 51
82 52
82 53
82 54
82 54
82 55
82 56
82 57
82 58
82 59
82 60
82 60
82 61
82 62
82 63
82 63
82 64
81 65
81 66
81 66
81 67
81 68
81 69
81 69
80 70
80 71
80 71
80 71
79 71
79 71
78 70
78 70
78 69
78 68
78 68
78 67
78 66
78 65
78 64
78 64
78 63
78 62
78 61
78 60
78 60
78 59
78 58
78 57
78 56
78 55
78 55
78 54
78 53
78 52
78 51
78 50
78 50
78 49
78 48
79 47
79 46
79 45
79 45
79 44
79 43
79 42
79 42
79 41
79 40
79 39
79 38
79 38
80 37
80 36
80 36
80 35
80 34
80 34
81 33
81 32
81 32
82 32
82 32
83 32
83 32
83 33
83 33
83 34
83 35
83 35
83 36
82 37
82 38
82 38
82 39
81 40
81 41
81 42
81 42
81 43
80 44
80 45
80 45
79 46
79 47
79 47
78 48
78 49
78 49
78 50
78 50
78 50
78 49
78 49
79 49
79 49
80 48
80 47
80 47
81 46
81 45
81 45
82 44
82 43
83 42
83 41
83 41
84 40
84 39
85 38
85 37
85 37
86 36
86 35
87 34
87 33
87 33
88 32
88 31
89 30
89 29
89 29
90 28
90 27
91 26
91 25
91 25
92 24
92 23
93 22
93 21
93 21
93 20
94 19
94 18
94 18
95 17
96 16
96 16
97 15
97 14
97 14
97 13
97 13
97 13
97 13
97 13
97 14
97 15
97 15
97 16
96 17
96 18
96 18
96 19
96 20
95 21
95 22
95 23
95 24
95 24
95 25
94 26
94 27
94 28
94 29
93 30
93 31
93 31
93 32
93 33
93 34
92 35
92 36
92 37
92 38
92 39
92 39
92 40
92 41
92 42
91 43
91 44
91 45
91 46
91 47
91 47
91 48
91 49
90 50
90 51
90 52
90 53
90 53
90 54
89 55
89 56
89 57
89 57
89 58
89 59
89 60
89 61
89 61
89 62
89 63
89 64
89 64
88 65
88 65
88 66
88 66
88 66
88 66
88 66
88 65
88 64
88 64
88 63
88 62
88 61
88 61
88 60
89 59
89 58
89 57
89 57
89 56
89 55
89 54
89 53
89 52
89 52
89 51
89 50
90 49
90 48
90 47
90 47
90 46
90 45
91 44
91 43
91 42
91 41
91 41
91 40
91 39
92 38
92 37
92 36
92 36
92 35
92 34
93 33
93 32
93 31
93 31
93 30
94 29
94 28
94 27
94 27
94 26
94 25
94 24
94 23
94 23
95 22
95 21
95 21
95 20
96 19
96 18
96 18
96 17
96 17
97 16
97 15
97 15
98 15
98 15
98 15
99 15
99 15
99 16
99 17
99 17
99 18
99 19
99 20
99 21
99 22
99 22
99 23
99 24
99 25
98 26
98 27
98 28
98 29
98 30
98 30
98 31
98 32
98 33
98 34
97 35
97 36
97 37
97 38
97 39
97 39
97 40
97 41
97 42
97 43
97 44
97 45
97 46
97 47
97 48
97 49
97 49
97 50
97 51
97 52
97 53
97 54
97 55
97 56
97 57
97 58
97 59
97 59
97 60
97 61
97 62
97 63
97 64
97 65
97 66
97 66
97 67
97 68
97 69
97 70
97 71
97 72
97 73
97 73
97 74
97 75
96 76
96 77
96 78
96 79
96 79
96 80
96 81
96 82
96 83
96 84
96 85
96 85
96 86
96 87
96 88
96 89
96 89
96 90
96 91
95 92
95 93
95 94
95 94
94 95
94 96
94 96
93 97
93 98
93 98
92 99
92 100
92 100
91 100
91 100
90 100
90 100
89 99
89 99
89 98
89 97
89 96
89 96
89 95
89 94
89 93
89 92
89 91
89 91
89 90
89 89
89 88
89 87
89 86
89 86
89 85
89 84
89 83
89 82
89 81
89 80
89 80
89 79
89 78
89 77
89 76
89 75
89 74
89 73
89 73
89 72
89 71
88 70
88 69
88 68
88 67
88 67
88 66
88 65
88 64
87 63
87 62
87 61
87 60
87 60
87 59
87 58
86 57
86 56
86 55
86 55
86 54
86 53
86 52
86 51
86 50
86 50
86 49
86 48
86 47
86 46
86 45
86 45
86 44
87 43
87 42
87 41
87 41
88 40
88 39
89 38
89 37
89 37
89 36
90 35
90 34
90 34
91 33
91 32
92 31
92 31
93 30
94 30
94 30
95 29
95 29
96 30
96 30
97 31
97 31
97 32
97 33
97 34
97 34
97 35
96 36
96 37
96 38
96 38
96 39
95 40
95 41
95 42
95 42
95 43
94 44
94 45
94 46
94 46
93 47
93 48
92 49
92 49
92 50
91 51
91 52
91 52
90 53
90 54
90 54
90 54
91 55
91 55
92 54
92 54
93 54
93 54
94 53
95 52
95 52
96 51
97 50
97 50
98 49
99 49
100 48
