8 65
8 64
8 64
8 64
8 64
8 64
8 64
8 64
8 64
8 63
8 63
8 63
8 62
8 62
8 61
8 61
7 61
7 61
7 60
7 60
7 60
7 60
7 60
7 60
7 60
7 60
7 60
7 60
7 60
7 60
7 60
7 60
7 60
7 60
7 60
7 60
7 60
7 60
7 60
7 60
7 60
7 60
7 60
7 60
7 60
7 60
7 60
7 60
7 60
7 60
7 60
7 60
7 60
7 60
7 60
7 60
7 60
7 60
7 60
7 60
7 60
7 60
7 59
7 59
7 59
7 58
7 58
7 57
7 57
6 56
6 56
6 55
6 55
6 54
6 54
5 53
5 53
5 53
4 54
4 54
4 55
4 56
4 56
4 57
3 58
3 59
3 59
3 60
3 61
2 62
2 63
2 64
2 64
2 65
2 66
1 67
1 68
1 69
1 69
1 70
1 71
0 72
0 73
0 74
0 74
0 75
0 76
0 77
0 78
0 79
0 79
0 80
0 81
0 82
0 83
0 84
0 84
0 85
0 86
0 87
0 88
0 89
0 90
0 90
0 91
0 92
0 93
0 94
0 94
0 95
0 96
0 97
0 97
0 98
0 99
0 99
1 100
1 100
2 100
2 100
3 99
3 98
3 98
3 97
4 96
4 95
4 95
4 94
4 93
5 92
5 91
5 90
5 90
5 89
5 88
6 87
6 86
6 85
6 84
6 84
6 83
6 82
6 81
7 80
7 79
7 78
7 77
7 77
7 76
7 75
7 74
7 73
8 72
8 71
8 70
8 69
8 68
8 68
8 67
8 66
8 65
8 64
9 63
9 62
9 61
9 60
9 59
9 59
9 58
9 57
10 56
10 55
10 54
10 53
11 52
11 51
11 50
11 50
11 49
11 48
11 47
11 46
12 45
12 44
12 43
12 42
12 41
12 40
12 40
12 39
12 38
12 37
12 36
13 35
13 34
13 33
13 32
13 31
13 30
13 30
13 29
13 28
13 27
14 26
14 25
14 24
14 23
14 22
14 22
14 21
14 20
14 19
15 18
15 17
15 16
15 15
15 15
15 14
15 13
16 12
16 11
16 10
16 9
16 9
16 8
16 7
16 6
16 6
16 5
16 4
16 3
16 3
16 2
16 1
16 1
16 0
16 0
16 0
15 1
15 1
15 2
15 3
15 3
14 4
14 5
14 5
14 6
13 7
13 8
13 8
13 9
13 10
13 11
13 12
13 12
13 13
13 14
12 15
12 16
12 17
12 17
12 18
12 19
11 20
11 21
11 22
11 23
11 23
11 24
11 25
10 26
10 27
10 28
10 29
10 29
10 30
10 31
10 32
9 33
9 34
9 35
9 36
9 36
9 37
9 38
9 39
9 40
9 41
9 42
9 43
9 44
9 44
9 45
9 46
9 47
8 48
8 49
8 50
8 51
8 51
8 52
8 53
8 54
8 55
8 56
8 57
8 58
8 59
8 59
8 60
8 61
8 62
8 63
8 64
8 65
8 66
8 67
8 67
8 68
8 69
8 70
8 71
8 72
8 73
8 74
8 74
8 75
8 76
9 77
9 78
9 79
9 80
9 80
9 81
9 82
9 83
9 84
9 85
9 85
9 86
9 87
10 88
10 89
10 90
10 90
10 91
11 92
11 93
11 94
11 94
12 95
12 96
12 96
13 97
14 98
14 98
15 98
15 98
16 98
17 98
17 98
18 97
19 96
19 96
19 95
20 94
20 93
20 93
21 92
21 91
22 90
22 89
22 89
22 88
23 87
23 86
23 85
23 85
23 84
23 83
24 82
24 81
24 80
24 79
24 79
24 78
24 77
25 76
25 75
25 74
25 73
25 73
25 72
25 71
26 70
26 69
26 68
26 67
26 67
26 66
26 65
27 64
27 63
27 62
27 61
27 61
27 60
27 59
27 58
27 57
27 56
27 56
27 55
27 54
27 53
27 53
27 52
27 51
27 50
27 50
27 49
27 48
27 48
26 47
26 47
26 47
25 47
25 47
25 48
25 49
25 49
24 50
24 51
24 51
23 52
23 53
23 53
23 54
23 55
23 56
23 57
23 57
23 58
22 59
22 60
22 60
22 61
22 62
21 63
21 64
21 65
21 65
21 66
21 67
21 68
21 69
21 70
21 70
21 71
21 72
21 73
21 74
21 74
21 75
21 76
21 77
21 78
21 78
21 79
21 80
21 81
21 82
21 83
21 83
21 84
22 85
22 86
22 86
22 87
23 88
23 89
23 89
24 90
24 91
24 91
25 92
25 92
26 93
26 93
27 93
27 93
28 93
29 93
29 93
30 92
30 92
31 91
31 90
31 90
32 89
33 88
33 88
33 87
33 86
34 85
34 84
34 83
34 82
34 81
35 80
35 79
35 78
35 77
35 76
36 75
36 74
36 73
36 72
36 71
37 70
37 69
37 68
37 67
37 66
38 65
38 64
38 63
38 62
38 61
39 60
39 59
39 58
39 57
39 56
40 55
40 54
40 53
40 52
40 51
41 50
41 49
41 48
41 47
41 46
41 45
42 44
42 43
42 42
42 41
42 40
43 39
43 38
43 37
43 36
43 35
44 34
44 33
44 32
44 31
44 30
45 29
45 28
45 27
45 26
45 25
46 24
46 23
46 22
46 21
46 20
47 19
47 18
47 17
47 16
47 15
48 14
48 13
48 12
48 11
48 10
49 9
49 8
49 7
49 7
49 7
48 6
48 6
48 6
48 7
48 7
48 8
48 8
48 9
48 10
48 10
48 11
47 12
47 13
47 14
47 14
47 15
47 16
47 17
47 18
47 19
47 19
47 20
47 21
46 22
46 23
46 24
46 25
46 25
46 26
46 27
46 28
46 29
46 30
46 31
46 32
46 33
46 33
46 34
46 35
46 36
45 37
45 38
45 39
45 40
45 41
45 41
45 42
45 43
45 44
44 45
44 46
44 47
44 48
44 49
44 49
44 50
44 51
44 52
44 53
43 54
43 55
43 56
43 57
43 58
43 58
43 59
43 60
43 61
42 62
42 63
42 64
42 65
42 65
42 66
42 67
42 68
41 69
41 70
41 71
41 72
41 72
41 73
41 74
41 75
41 76
41 76
41 77
41 78
41 79
41 79
41 80
41 81
41 82
41 82
40 83
40 84
40 84
40 84
40 84
40 83
40 83
40 82
40 81
40 80
40 80
40 79
40 78
40 77
40 77
40 76
40 75
41 74
41 73
41 72
41 72
41 71
41 70
41 69
41 68
41 68
41 67
41 66
41 65
41 64
41 63
41 63
41 62
42 61
42 60
42 60
42 59
43 58
43 57
43 57
43 56
43 55
43 54
43 54
44 53
44 53
45 52
45 52
46 52
46 52
47 52
47 52
48 53
48 53
48 54
48 54
49 55
49 56
49 56
50 57
50 58
50 58
50 59
50 60
50 61
50 61
50 62
50 63
50 64
50 65
50 65
50 66
50 67
50 68
50 69
50 69
50 70
49 71
49 72
49 73
49 73
49 74
48 75
48 76
48 76
47 77
47 78
46 79
46 80
46 80
46 81
45 82
45 83
45 84
45 84
44 85
44 86
43 87
43 87
42 88
42 89
42 89
41 90
40 91
40 91
39 92
39 92
38 93
38 93
37 92
37 92
37 91
37 90
37 90
37 89
37 88
37 87
37 87
37 86
38 85
38 84
38 83
39 82
39 81
39 80
40 79
40 78
40 77
41 76
41 75
41 74
42 73
42 72
42 71
43 70
43 69
43 68
44 67
44 66
44 65
45 64
45 63
45 62
46 61
46 60
46 59
47 58
47 57
47 56
48 55
48 54
48 53
49 52
49 51
49 50
50 49
50 48
51 47
51 46
51 45
52 44
52 43
52 42
53 41
53 40
53 39
54 38
54 37
54 36
55 35
55 34
55 33
56 32
56 31
56 30
57 29
57 28
57 27
58 26
58 25
58 24
59 23
59 22
59 21
60 20
60 19
60 18
61 17
61 16
61 15
62 14
62 13
62 12
63 11
63 10
63 9
64 8
64 7
64 7
65 7
66 7
66 7
66 8
66 8
66 9
66 9
65 10
65 11
65 11
65 12
65 13
65 14
65 15
65 15
65 16
65 17
64 18
64 19
64 20
64 20
64 21
64 22
63 23
63 24
63 25
63 25
63 26
63 27
63 28
63 29
63 30
63 31
63 31
63 32
63 33
63 34
62 35
62 36
62 37
62 38
62 38
62 39
62 40
61 41
61 42
61 43
61 43
61 44
61 45
61 46
60 47
60 48
60 49
60 50
60 50
60 51
60 52
60 53
59 54
59 55
59 56
59 57
59 57
59 58
59 59
58 60
58 61
58 62
58 63
58 63
58 64
58 65
58 66
57 67
57 68
57 69
57 70
57 70
57 71
57 72
56 73
56 74
56 75
56 75
56 76
56 77
56 78
56 79
56 80
56 80
56 81
55 82
55 83
55 84
55 84
55 85
54 86
54 87
54 87
54 88
54 88
54 89
54 89
54 89
54 88
54 88
54 87
54 86
54 86
54 85
54 84
54 83
54 82
54 82
54 81
54 80
55 79
55 78
55 77
55 77
55 76
55 75
56 74
56 73
56 72
56 71
56 71
56 70
56 69
56 68
56 67
56 66
56 66
56 65
57 64
57 63
57 62
58 61
58 60
58 60
58 59
59 58
59 57
59 56
59 56
59 55
60 54
60 53
60 52
60 52
60 51
61 50
61 49
61 49
62 48
63 47
63 47
64 46
64 46
64 46
65 47
65 47
66 48
66 48
67 49
67 50
67 50
67 51
67 52
67 52
67 53
67 54
67 55
67 55
67 56
67 57
67 58
67 58
67 59
66 60
66 61
66 62
66 62
66 63
66 64
66 65
66 66
66 66
66 67
65 68
65 69
65 70
65 70
65 71
64 72
64 73
64 73
63 74
63 75
62 76
62 76
62 77
61 78
61 79
61 80
61 80
61 81
60 82
60 83
60 83
59 84
59 85
58 86
58 86
58 87
57 88
57 89
57 89
56 90
56 90
56 91
56 91
55 91
55 91
55 90
55 90
56 89
56 89
56 88
56 87
56 87
56 86
57 85
57 84
57 84
57 83
58 82
58 81
58 81
59 80
59 79
60 78
60 77
60 77
61 76
61 75
62 74
62 74
62 73
63 72
63 71
63 71
64 70
64 69
65 68
65 68
65 67
66 66
66 65
66 65
67 64
67 63
68 62
68 62
69 61
69 60
69 60
69 59
70 58
70 57
70 57
71 56
71 56
72 55
72 55
73 54
73 54
74 54
74 54
74 54
74 55
74 55
74 55
74 56
74 56
74 56
74 57
74 57
74 58
74 58
74 59
74 59
74 60
74 61
74 61
73 62
73 63
73 63
73 64
73 65
73 65
73 66
73 67
73 68
73 68
73 69
73 70
73 71
73 72
73 72
73 73
72 74
72 75
72 76
72 76
72 77
72 78
72 79
72 80
72 81
72 81
72 82
72 83
72 84
72 85
72 85
72 86
71 87
71 88
71 89
71 89
71 90
71 91
71 92
71 92
71 93
71 94
71 95
71 95
71 96
71 96
71 97
71 97
71 97
71 96
71 95
71 95
71 94
71 93
71 92
71 91
71 90
71 89
72 88
72 87
72 86
72 85
72 84
72 83
72 82
72 81
72 80
72 79
72 78
72 77
72 76
73 75
73 74
73 73
73 72
73 71
73 70
73 69
73 68
73 67
73 66
73 65
73 64
73 63
74 62
74 61
74 60
74 59
74 58
74 57
74 56
74 55
74 54
74 53
74 52
74 51
74 50
75 49
75 48
75 47
75 46
75 45
75 44
75 43
75 43
75 42
76 41
76 40
76 39
76 39
76 38
76 38
76 38
77 38
77 38
77 39
77 39
77 39
77 40
77 40
77 41
77 41
78 42
78 42
78 43
78 43
78 44
78 45
78 46
79 47
79 48
79 49
79 50
79 51
79 52
79 53
79 54
80 55
80 56
80 57
80 58
80 59
80 60
80 61
80 62
81 63
81 64
81 65
81 66
81 67
81 68
81 69
81 70
82 71
82 72
82 73
82 74
82 75
82 75
82 76
82 76
82 76
82 77
82 77
83 77
83 77
83 77
84 78
84 78
84 78
85 77
85 77
86 77
87 77
87 77
88 76
88 75
88 75
89 74
89 73
89 73
90 72
91 71
91 71
92 70
92 69
92 69
92 68
93 67
93 66
93 66
93 65
94 64
94 63
94 63
94 62
95 61
95 60
95 60
95 59
95 58
95 57
95 57
95 56
95 55
95 54
95 54
95 53
95 52
95 52
94 51
94 50
94 50
94 49
94 49
93 49
92 49
92 49
91 50
91 50
90 51
90 51
89 52
89 53
89 53
89 54
88 55
88 56
88 56
88 57
87 58
87 59
87 59
87 60
86 61
86 62
86 63
86 63
86 64
85 65
85 66
85 67
85 67
85 68
84 69
84 70
84 71
84 71
84 72
84 73
84 74
84 75
84 75
84 76
84 77
84 78
84 79
84 79
84 80
85 81
85 82
85 83
85 83
85 84
86 85
86 86
86 86
87 87
87 88
88 89
88 89
89 90
90 90
90 90
91 91
92 91
92 91
93 92
94 92
94 92
95 92
96 91
97 91
97 91
98 91
99 91
100 91
