10 70
10 70
10 70
10 70
10 70
10 69
10 69
10 68
10 68
10 67
10 67
10 66
10 65
10 65
10 64
10 64
10 63
10 62
10 62
10 61
10 61
9 60
9 60
8 59
8 59
7 60
7 60
6 61
6 62
6 62
6 63
6 64
5 65
5 66
5 67
5 67
5 68
5 69
4 70
4 71
4 72
4 73
4 73
4 74
3 75
3 76
3 77
3 78
2 79
2 80
2 80
2 81
2 82
2 83
1 84
1 85
1 86
1 87
1 87
1 88
1 89
0 90
0 91
0 92
0 92
0 93
0 94
0 95
0 96
0 96
0 97
0 98
0 98
0 99
0 100
0 100
0 100
1 99
1 99
1 98
2 97
2 96
2 95
2 95
2 94
3 93
3 92
4 91
4 90
4 90
4 89
5 88
5 87
5 86
5 85
6 84
6 83
6 83
6 82
7 81
7 80
8 79
8 78
8 77
9 76
9 75
9 75
9 74
9 73
10 72
10 71
10 70
10 69
11 68
11 67
11 66
11 66
11 65
11 64
12 63
12 62
12 61
12 60
13 59
13 58
13 57
13 57
13 56
13 55
14 54
14 53
14 52
14 51
14 50
14 49
15 48
15 47
15 46
15 46
15 45
15 44
16 43
16 42
16 41
16 40
16 39
17 38
17 37
17 36
17 36
17 35
17 34
17 33
17 32
18 31
18 30
18 29
18 28
18 27
18 26
18 26
18 25
18 24
18 23
19 22
19 21
19 20
19 19
19 18
19 18
19 17
19 16
20 15
20 14
20 13
20 13
20 12
20 12
19 12
19 12
19 13
19 13
19 14
19 15
18 16
18 17
18 18
18 18
18 19
17 20
17 21
17 22
17 23
16 24
16 25
16 25
16 26
16 27
16 28
15 29
15 30
15 31
15 32
15 33
15 33
15 34
15 35
14 36
14 37
14 38
14 39
14 40
13 41
13 42
13 43
13 43
13 44
13 45
13 46
13 47
12 48
12 49
12 50
12 51
12 52
12 53
12 53
12 54
12 55
12 56
12 57
11 58
11 59
11 60
11 61
11 62
11 63
11 63
11 64
11 65
11 66
11 67
11 68
11 69
11 70
11 71
11 72
11 72
11 73
11 74
11 75
10 76
10 77
10 78
10 79
10 79
10 80
10 81
10 82
10 83
10 84
10 85
10 86
10 87
10 87
10 88
10 89
11 90
11 91
11 92
11 92
11 93
12 94
12 95
12 95
13 96
13 97
13 97
14 97
14 97
15 96
15 95
15 95
16 94
16 93
17 92
17 92
18 91
18 90
19 89
19 88
19 88
19 87
20 86
20 85
21 84
21 83
21 83
21 82
22 81
22 80
22 79
23 78
23 77
23 77
23 76
24 75
24 74
24 73
25 72
25 71
25 71
25 70
25 69
26 68
26 67
26 66
26 66
26 65
26 64
27 63
27 62
27 61
27 60
27 60
27 59
27 58
27 57
27 56
27 55
27 55
27 54
27 53
27 52
27 52
26 51
26 50
26 50
26 50
25 51
25 51
25 52
24 53
24 54
24 55
24 55
24 56
23 57
23 58
23 59
22 60
22 61
22 61
22 62
22 63
22 64
21 65
21 66
21 67
21 68
21 68
21 69
21 70
21 71
21 72
21 73
21 74
21 75
21 75
21 76
21 77
20 78
20 79
20 80
20 81
20 81
20 82
20 83
20 84
20 85
20 85
20 86
21 87
21 88
21 89
21 89
21 90
22 91
22 92
22 92
23 93
23 93
24 93
24 93
25 92
26 91
26 91
27 90
27 89
28 88
28 88
29 87
29 86
30 85
30 84
30 84
31 83
31 82
32 81
32 80
32 80
33 79
33 78
34 77
34 77
34 76
34 75
35 74
35 73
35 72
35 71
35 70
35 69
36 68
36 67
36 66
36 65
36 64
37 63
37 62
37 61
37 60
37 59
37 58
38 57
38 56
38 55
38 54
38 53
39 52
39 51
39 50
39 49
39 48
39 47
40 46
40 45
40 44
40 43
40 42
41 41
41 40
41 39
41 38
41 37
41 36
42 35
42 34
42 33
42 32
42 31
43 30
43 29
43 28
43 27
43 26
43 25
44 24
44 23
44 22
44 21
44 20
45 19
45 18
45 17
45 16
45 15
45 14
46 13
46 12
46 11
46 11
46 10
46 9
46 8
46 8
46 7
45 6
45 5
45 4
45 4
45 3
45 3
45 3
45 4
45 4
45 5
45 6
45 6
45 7
45 8
45 9
45 10
45 10
45 11
45 12
45 13
45 14
45 15
45 15
45 16
45 17
45 18
45 19
45 20
45 21
45 22
45 22
45 23
45 24
45 25
45 26
45 27
45 28
45 29
45 30
45 30
45 31
45 32
45 33
45 34
44 35
44 36
44 37
44 38
44 39
44 39
44 40
44 41
44 42
44 43
44 44
44 45
44 46
44 47
44 48
44 48
44 49
44 50
44 51
44 52
43 53
43 54
43 55
43 56
43 57
43 57
43 58
43 59
43 60
42 61
42 62
42 63
42 64
42 64
42 65
42 66
41 67
41 68
41 69
41 69
41 70
41 71
41 72
41 73
41 73
41 74
40 75
40 76
40 76
40 77
40 77
40 77
40 77
40 76
40 75
40 75
40 74
40 73
40 72
40 71
40 71
40 70
40 69
41 68
41 67
41 66
41 65
41 65
41 64
42 63
42 62
43 61
43 60
43 60
43 59
43 58
44 57
44 56
44 55
44 55
45 54
46 53
46 53
47 52
47 52
48 53
49 53
49 53
49 54
50 55
50 56
50 56
50 57
50 58
50 59
50 60
50 60
50 61
50 62
51 63
51 64
51 65
51 65
51 66
51 67
50 68
50 69
50 70
50 71
50 71
50 72
50 73
49 74
49 75
49 76
49 77
49 77
49 78
49 79
49 80
48 81
48 82
48 83
48 84
48 84
48 85
48 86
47 87
47 88
47 89
47 90
47 90
46 91
46 92
45 93
45 94
45 94
44 95
44 96
43 97
43 98
43 98
42 99
41 100
41 100
40 100
40 100
39 99
39 99
39 98
39 97
39 96
39 96
39 95
39 94
39 93
39 92
39 91
39 90
39 90
39 89
39 88
39 87
40 86
40 85
40 84
40 83
40 83
40 82
40 81
40 80
40 79
41 78
41 77
41 76
41 75
41 74
41 73
41 73
41 72
41 71
41 70
41 69
42 68
42 67
42 66
42 65
42 64
42 63
42 63
42 62
42 61
43 60
43 59
43 58
43 57
43 56
43 55
44 54
44 53
44 52
44 52
44 51
44 50
45 49
45 48
45 47
45 46
46 45
46 44
46 43
46 42
47 41
47 40
47 39
47 38
48 37
48 36
48 35
48 34
49 33
49 32
49 31
49 30
50 29
50 28
50 27
50 26
51 25
51 24
51 23
51 22
52 21
52 20
52 19
52 18
53 17
53 16
53 15
53 14
54 13
54 12
54 11
54 11
54 10
55 9
55 8
56 7
56 6
57 5
57 4
57 4
57 3
58 2
58 1
58 1
58 0
58 0
58 0
58 1
58 1
58 2
59 3
59 4
59 4
59 5
59 6
59 7
59 8
59 8
59 9
59 10
59 11
59 12
59 13
59 13
59 14
59 15
59 16
59 17
59 18
59 19
59 20
59 20
59 21
59 22
59 23
58 24
58 25
58 26
58 27
58 27
58 28
58 29
58 30
58 31
58 32
58 33
58 34
58 35
58 36
58 36
58 37
58 38
58 39
58 40
57 41
57 42
57 43
57 44
57 45
57 45
57 46
57 47
57 48
57 49
56 50
56 51
56 52
56 53
56 54
56 55
56 55
56 56
56 57
56 58
56 59
55 60
55 61
55 62
55 63
55 64
55 64
55 65
55 66
55 67
54 68
54 69
54 70
54 71
54 71
54 72
54 73
54 74
53 75
53 76
53 77
53 78
53 79
53 79
53 80
52 81
52 82
52 83
52 84
51 85
51 86
51 86
51 87
51 88
50 89
50 90
50 91
50 91
50 92
50 92
49 92
49 92
49 92
49 91
49 90
50 89
50 88
50 87
50 87
50 86
50 85
50 84
51 83
51 82
51 81
51 80
51 80
51 79
52 78
52 77
52 76
52 75
53 74
53 73
53 72
53 72
53 71
54 70
54 69
54 68
54 67
55 66
55 65
55 64
55 64
56 63
56 62
57 61
57 60
58 59
58 59
59 58
59 57
60 56
60 55
60 55
61 54
62 53
62 53
63 52
64 52
64 52
65 53
66 53
66 53
67 54
67 55
67 55
67 56
67 57
67 58
67 58
67 59
67 60
67 61
67 62
67 62
67 63
67 64
67 65
67 66
67 66
67 67
67 68
66 69
66 70
66 71
66 72
66 72
66 73
65 74
65 75
65 76
64 77
64 78
64 78
64 79
63 80
63 81
62 82
62 83
62 83
62 84
61 85
61 86
60 87
60 88
60 88
59 89
59 90
58 91
58 91
57 92
56 93
56 93
55 93
55 93
54 92
54 91
54 91
53 90
53 89
53 89
53 88
53 87
53 86
53 85
53 84
53 84
53 83
53 82
54 81
54 80
54 79
54 78
54 78
54 77
54 76
54 75
55 74
55 73
55 72
55 71
55 71
55 70
56 69
56 68
57 67
57 66
57 66
57 65
58 64
58 63
59 62
59 61
59 61
60 60
61 59
62 58
62 57
63 56
64 55
64 55
65 54
66 53
67 53
68 52
68 52
69 52
69 52
70 52
70 52
71 52
71 52
72 53
72 54
72 54
72 55
72 56
72 56
72 57
72 58
72 58
72 59
72 60
72 61
72 62
72 62
72 63
72 64
72 65
72 66
72 66
72 67
72 68
72 69
72 69
72 70
72 71
71 72
71 73
71 74
71 74
71 75
71 76
71 77
71 78
71 79
71 79
71 80
70 81
70 82
70 83
70 83
70 84
70 85
70 85
70 86
70 87
70 87
70 88
70 88
70 88
70 88
70 87
70 86
70 85
70 85
70 84
70 83
70 82
70 82
70 81
70 80
70 79
70 78
70 77
70 77
70 76
70 75
71 74
71 73
71 72
71 72
71 71
71 70
71 69
71 68
71 67
71 66
71 66
71 65
71 64
71 63
71 62
71 61
71 60
72 59
72 58
72 57
72 56
72 55
72 54
72 53
72 52
72 52
72 51
72 50
72 49
72 48
73 47
73 46
73 45
73 44
73 43
73 43
73 42
73 41
73 40
73 40
73 39
73 39
73 38
73 38
73 38
73 38
73 38
73 39
73 39
73 40
73 40
74 41
74 41
74 42
74 43
74 43
74 44
74 44
75 45
75 45
75 45
75 46
75 47
75 48
75 49
75 50
75 51
75 52
75 53
75 54
75 55
75 55
75 56
75 57
75 58
75 58
75 59
75 60
75 60
75 61
75 61
75 62
75 62
76 63
76 63
76 64
76 64
77 65
77 65
78 65
78 65
79 65
80 65
80 65
81 64
81 64
82 63
83 63
83 63
84 62
84 62
85 61
86 61
86 61
87 60
87 59
87 59
88 58
89 58
89 58
90 57
90 56
90 56
90 55
90 55
90 54
90 53
90 53
90 52
90 52
90 51
90 50
90 50
89 49
89 48
89 48
88 48
88 48
87 48
86 48
86 48
85 49
85 50
85 50
84 51
83 52
83 53
82 54
82 54
82 55
82 56
81 57
81 58
81 59
81 59
81 60
80 61
80 62
79 63
79 64
79 64
79 65
78 66
78 67
77 68
77 69
77 69
77 70
77 71
77 72
77 73
77 74
77 75
77 75
77 76
77 77
77 78
77 79
77 80
77 80
77 81
78 82
78 83
78 83
78 84
79 85
79 86
79 86
80 87
81 87
81 87
82 86
83 86
84 85
84 85
85 84
86 83
87 82
88 81
88 81
89 80
90 79
90 78
91 77
92 76
92 76
93 75
93 74
94 73
94 72
95 71
95 71
96 70
97 69
97 68
98 67
98 67
99 66
100 66
