7 86
7 86
7 85
7 85
7 84
7 84
7 83
7 82
7 82
7 81
7 80
7 80
7 79
7 78
7 78
7 77
7 76
7 75
7 75
6 74
6 73
6 73
6 72
6 71
6 71
6 70
5 69
5 68
5 68
5 67
5 66
5 66
4 66
4 66
3 67
3 67
2 68
2 69
2 69
2 70
1 71
1 72
1 73
1 73
1 74
0 75
0 76
0 77
0 77
0 78
0 79
0 80
0 81
0 82
0 83
0 84
0 84
0 85
0 86
0 87
0 88
0 89
0 89
0 90
0 91
0 92
0 93
0 94
0 94
0 95
0 96
0 97
0 97
0 98
0 99
0 99
0 100
0 100
1 100
1 100
2 99
2 98
2 98
2 97
3 96
3 95
3 94
3 94
3 93
3 92
4 91
4 90
4 89
4 89
4 88
5 87
5 86
5 85
6 84
6 83
6 83
6 82
6 81
6 80
7 79
7 78
7 77
7 76
7 76
7 75
7 74
8 73
8 72
8 71
8 70
9 69
9 68
9 67
9 67
9 66
9 65
9 64
9 63
10 62
10 61
10 60
10 59
10 58
10 57
10 57
10 56
10 55
10 54
10 53
11 52
11 51
11 50
11 49
11 48
11 47
11 47
11 46
11 45
11 44
11 43
12 42
12 41
12 40
12 39
12 38
12 37
12 37
12 36
12 35
12 34
12 33
13 32
13 31
13 30
13 29
13 28
13 27
13 27
13 26
13 25
13 24
14 23
14 22
14 21
14 20
14 20
14 19
14 18
14 17
14 16
14 16
14 16
14 17
14 17
14 18
14 19
14 19
14 20
14 21
13 22
13 23
13 24
13 25
13 25
13 26
13 27
13 28
12 29
12 30
12 31
12 32
12 33
12 33
12 34
12 35
12 36
12 37
12 38
12 39
12 40
12 41
12 42
12 43
12 43
12 44
12 45
12 46
12 47
12 48
11 49
11 50
11 51
11 52
11 53
11 54
11 54
11 55
11 56
11 57
11 58
11 59
10 60
10 61
10 62
10 63
10 64
10 65
10 65
10 66
10 67
10 68
10 69
10 70
10 71
10 72
10 73
10 74
10 75
10 75
10 76
10 77
10 78
10 79
10 80
10 81
10 82
10 83
10 84
10 84
10 85
10 86
11 87
11 88
11 89
11 90
11 90
11 91
11 92
11 93
11 94
11 94
11 95
12 96
12 97
12 97
13 97
13 97
14 97
15 97
15 97
16 96
16 95
16 95
16 94
17 93
17 92
17 92
18 91
18 90
19 89
19 88
19 88
19 87
20 86
20 85
21 84
21 83
21 83
21 82
21 81
21 80
22 79
22 78
22 77
22 76
22 76
22 75
23 74
23 73
23 72
23 71
24 70
24 69
24 69
24 68
24 67
24 66
25 65
25 64
25 63
25 62
25 62
25 61
25 60
25 59
25 58
25 57
25 56
25 55
25 55
25 54
25 53
25 52
25 51
25 51
25 50
25 49
25 48
25 48
25 47
25 47
24 48
24 49
24 49
24 50
23 51
23 52
23 52
23 53
23 54
22 55
22 56
22 57
22 58
22 58
22 59
22 60
22 61
21 62
21 63
21 64
21 65
21 66
21 66
21 67
20 68
20 69
20 70
20 71
19 72
19 73
19 74
19 74
19 75
19 76
19 77
19 78
19 79
19 80
19 81
19 82
19 82
19 83
19 84
19 85
19 86
19 87
19 87
19 88
19 89
19 90
19 90
20 91
20 92
20 92
21 93
21 93
22 93
23 93
23 93
24 92
24 91
25 90
25 90
26 89
26 88
27 87
27 86
27 86
27 85
28 84
28 83
29 82
29 81
29 81
30 80
31 79
31 78
32 77
32 77
32 76
32 75
33 74
33 73
33 72
33 72
33 71
33 70
33 69
34 68
34 67
34 66
34 65
34 64
34 63
34 62
35 61
35 60
35 59
35 58
35 57
35 56
35 55
35 54
36 53
36 52
36 51
36 50
36 49
36 48
36 47
37 46
37 45
37 44
37 43
37 42
37 41
37 40
38 39
38 38
38 37
38 36
38 35
38 34
38 33
38 32
39 31
39 30
39 29
39 28
39 27
39 26
39 25
40 24
40 23
40 22
40 21
40 20
40 19
40 18
41 17
41 16
41 15
41 14
41 13
41 12
41 11
41 10
42 9
42 8
42 7
42 6
42 6
42 5
42 5
42 4
42 3
42 3
42 2
42 2
42 3
42 3
42 3
42 4
42 5
42 6
42 7
42 7
42 8
42 9
42 10
42 11
42 11
42 12
42 13
42 14
42 15
42 16
42 17
42 18
42 19
42 19
42 20
42 21
42 22
42 23
42 24
42 25
42 26
42 26
42 27
42 28
42 29
42 30
42 31
42 32
42 33
42 33
42 34
42 35
42 36
42 37
42 38
42 39
42 40
42 41
42 41
42 42
42 43
42 44
42 45
42 46
42 47
42 48
42 49
42 49
42 50
42 51
42 52
42 53
42 54
42 55
42 56
42 56
42 57
42 58
42 59
42 60
42 61
42 61
42 62
41 63
41 64
41 65
41 65
41 66
41 67
41 68
41 69
41 69
40 70
40 71
40 71
40 72
40 72
40 72
40 71
40 71
40 70
40 69
40 69
40 68
41 67
41 66
41 65
41 65
41 64
41 63
41 62
41 61
41 60
41 59
41 59
41 58
42 57
42 56
42 55
42 55
42 54
43 53
43 52
43 52
44 51
44 51
45 51
46 51
46 51
47 52
47 52
47 53
47 54
47 54
47 55
48 56
48 57
48 57
48 58
48 59
48 60
48 61
48 61
48 62
48 63
48 64
48 65
48 65
48 66
48 67
48 68
48 69
48 70
48 70
48 71
48 72
47 73
47 74
47 75
47 75
47 76
47 77
46 78
46 79
46 80
46 80
46 81
46 82
45 83
45 84
45 85
45 85
44 86
44 87
43 88
43 88
42 89
42 90
42 90
41 90
41 90
41 90
41 89
41 88
41 87
41 86
41 86
41 85
41 84
41 83
41 82
41 82
41 81
41 80
41 79
41 78
41 77
41 76
41 75
41 75
41 74
41 73
41 72
42 71
42 70
42 69
42 68
42 68
42 67
42 66
42 65
43 64
43 63
43 62
43 61
43 60
43 59
44 58
44 57
44 56
44 55
44 54
44 53
44 52
45 51
45 50
45 49
45 48
45 47
45 46
45 45
46 44
46 43
46 42
46 41
46 40
46 39
47 38
47 37
47 36
47 35
47 34
47 33
47 32
48 31
48 30
48 29
48 28
48 27
48 26
48 25
49 24
49 23
49 22
49 21
49 20
49 19
50 18
50 17
50 16
50 15
50 15
50 14
51 13
51 12
52 11
52 10
52 9
53 8
53 7
54 6
54 5
54 5
54 4
55 3
55 2
55 2
56 1
56 0
56 0
56 1
56 1
57 2
57 2
57 3
57 4
57 5
57 6
57 6
57 7
57 8
57 9
57 10
57 11
57 12
57 12
57 13
57 14
57 15
58 16
58 17
58 18
58 19
58 19
58 20
58 21
58 22
57 23
57 24
57 25
57 26
57 27
57 27
57 28
57 29
57 30
57 31
57 32
57 33
57 34
57 35
57 35
57 36
57 37
57 38
57 39
57 40
57 41
57 42
57 43
57 43
57 44
57 45
57 46
57 47
56 48
56 49
56 50
56 51
56 52
56 52
56 53
56 54
56 55
55 56
55 57
55 58
55 59
55 60
55 60
55 61
55 62
55 63
55 64
55 65
55 66
55 67
55 67
55 68
55 69
54 70
54 71
54 72
54 73
54 73
54 74
54 75
54 76
54 77
54 77
54 78
53 79
53 80
53 80
53 81
53 81
53 81
53 80
53 80
53 79
53 79
53 78
53 77
53 76
53 75
53 75
53 74
54 73
54 72
54 71
54 71
54 70
54 69
54 68
55 67
55 66
55 65
55 64
55 64
55 63
55 62
56 61
56 60
56 59
56 58
56 58
57 57
57 56
58 55
58 54
58 54
58 53
59 52
59 51
59 51
60 50
60 50
61 51
62 51
62 51
63 52
63 52
64 53
64 54
64 54
64 55
65 56
65 57
65 57
65 58
66 59
66 60
66 61
66 61
66 62
66 63
66 64
66 65
66 65
66 66
66 67
66 68
66 69
66 69
66 70
66 71
65 72
65 73
65 74
65 74
65 75
64 76
64 77
64 78
64 78
64 79
63 80
63 81
63 82
63 82
62 83
62 84
61 85
61 86
61 86
61 87
60 88
60 89
60 89
59 90
59 90
58 90
58 90
57 89
57 89
57 88
57 87
57 87
57 86
58 85
58 84
58 83
58 83
58 82
58 81
59 80
59 79
59 78
59 77
59 77
59 76
59 75
60 74
60 73
60 72
60 71
60 71
60 70
61 69
61 68
61 67
61 66
62 65
62 64
62 64
62 63
63 62
63 61
64 60
64 59
65 58
65 57
65 56
66 55
66 54
67 53
67 52
67 52
68 51
68 50
69 49
69 49
70 48
70 48
70 48
70 49
70 49
71 50
71 50
71 51
71 52
71 53
71 53
71 54
71 55
71 56
71 57
71 57
71 58
71 59
71 60
71 61
71 62
71 62
71 63
71 64
70 65
70 66
70 67
70 68
70 68
70 69
70 70
70 71
70 72
70 73
70 73
70 74
70 75
70 76
70 77
70 77
70 78
70 79
70 79
70 80
70 80
70 80
70 79
70 78
70 78
70 77
71 76
71 75
71 75
71 74
71 73
71 72
71 71
71 70
71 69
71 68
71 67
71 66
71 65
71 64
71 63
71 62
71 61
71 60
71 59
72 58
72 57
72 56
72 55
72 54
72 53
72 52
72 51
72 50
72 49
72 48
72 47
72 46
72 45
72 44
72 43
72 42
72 42
72 41
72 40
72 39
72 38
72 37
72 36
72 35
72 34
72 33
72 32
72 31
72 31
72 30
72 29
72 28
72 27
72 27
72 26
72 25
72 24
72 24
72 24
72 24
72 24
73 24
73 24
74 25
74 25
74 26
74 26
75 27
75 28
75 28
75 29
75 29
76 30
76 31
76 31
76 32
76 33
76 34
76 35
76 36
76 37
76 38
76 39
76 40
75 41
75 42
75 43
75 44
75 45
75 46
75 47
75 48
75 49
75 50
75 51
75 51
75 52
75 53
76 54
76 55
76 56
76 56
77 57
77 57
77 58
77 58
77 59
77 59
78 60
78 61
78 61
79 62
80 62
80 62
81 63
81 63
82 63
82 63
83 63
83 63
84 62
84 62
85 61
86 61
86 61
87 60
87 60
88 59
88 59
89 58
90 57
90 57
91 56
91 55
91 55
91 54
91 53
91 53
91 52
91 51
91 50
91 50
91 49
92 48
92 47
92 47
92 46
91 45
91 44
91 44
91 43
91 42
91 41
91 41
90 40
90 39
90 39
89 38
89 37
89 37
88 37
88 37
87 38
87 39
87 39
87 40
86 41
86 42
86 42
86 43
85 44
85 45
85 46
85 46
85 47
84 48
84 49
83 50
83 51
83 51
83 52
83 53
83 54
83 55
83 56
83 57
83 57
83 58
83 59
82 60
82 61
82 62
82 63
82 63
82 64
82 65
81 66
81 67
81 68
81 68
81 69
81 70
81 71
81 72
81 73
81 74
81 74
81 75
81 76
81 77
81 78
81 78
82 79
82 80
82 80
82 81
83 82
83 83
83 83
84 83
85 83
85 83
86 82
87 81
87 81
88 80
89 79
89 79
90 78
91 77
92 76
92 76
93 75
93 74
94 73
94 73
95 72
95 71
96 70
96 70
97 69
97 68
98 67
98 67
99 66
99 65
100 64
