7 79
7 79
7 79
7 78
7 78
7 77
7 77
7 76
7 75
7 75
7 74
7 74
7 73
7 72
7 72
6 71
6 70
6 70
6 69
6 68
6 67
6 67
6 66
6 65
6 65
5 64
5 63
5 63
4 62
4 62
4 62
3 63
3 63
3 64
2 65
2 66
2 66
2 67
2 68
1 69
1 70
1 71
1 72
1 72
1 73
1 74
0 75
0 76
0 77
0 78
0 78
0 79
0 80
0 81
0 82
0 83
0 84
0 85
0 85
0 86
0 87
0 88
0 89
0 90
0 90
0 91
0 92
0 93
0 94
0 95
0 95
0 96
0 97
0 98
0 98
0 99
0 100
0 100
1 100
1 100
2 99
2 99
2 98
3 97
3 96
3 96
3 95
3 94
4 93
4 92
4 91
4 91
4 90
4 89
5 88
5 87
5 86
5 86
5 85
6 84
6 83
6 82
6 81
7 80
7 79
7 79
7 78
7 77
7 76
7 75
8 74
8 73
8 72
8 71
8 70
8 70
8 69
8 68
8 67
8 66
9 65
9 64
9 63
9 62
9 61
9 61
9 60
9 59
10 58
10 57
10 56
10 55
10 54
11 53
11 52
11 51
11 51
11 50
11 49
11 48
11 47
12 46
12 45
12 44
12 43
12 42
12 41
12 41
12 40
12 39
12 38
12 37
13 36
13 35
13 34
13 33
13 32
13 31
13 31
13 30
13 29
13 28
13 27
14 26
14 25
14 24
14 23
14 22
14 22
14 21
14 20
14 19
14 18
14 17
14 16
14 15
14 14
14 14
14 13
14 12
14 12
14 12
14 12
14 13
14 14
14 15
14 16
14 16
14 17
14 18
13 19
13 20
13 21
13 22
13 22
13 23
13 24
13 25
13 26
13 27
13 28
13 29
13 30
13 30
13 31
13 32
13 33
13 34
12 35
12 36
12 37
12 38
12 39
12 40
12 40
12 41
12 42
12 43
12 44
11 45
11 46
11 47
11 48
11 49
11 50
11 50
11 51
11 52
11 53
11 54
11 55
11 56
11 57
11 58
11 59
11 60
11 61
11 61
11 62
11 63
11 64
11 65
10 66
10 67
10 68
10 69
10 70
10 71
10 71
10 72
10 73
10 74
10 75
10 76
10 77
10 78
10 79
10 79
10 80
10 81
10 82
10 83
10 84
10 85
10 86
10 86
10 87
11 88
11 89
11 90
11 90
11 91
12 92
12 93
12 93
12 94
12 95
12 95
13 95
13 95
14 94
15 94
15 94
15 93
16 92
16 91
16 91
16 90
17 89
17 88
17 88
17 87
18 86
18 85
19 84
19 83
19 83
19 82
20 81
20 80
20 79
21 78
21 77
21 77
21 76
21 75
21 74
22 73
22 72
22 71
22 70
22 70
22 69
22 68
23 67
23 66
23 65
23 64
23 64
23 63
23 62
24 61
24 60
24 59
24 58
24 58
24 57
24 56
25 55
25 54
25 53
25 53
25 52
25 51
25 50
25 50
25 49
25 49
25 48
25 48
24 47
24 47
24 48
24 49
24 49
23 50
23 51
22 52
22 52
22 53
22 54
21 55
21 56
21 57
21 57
21 58
21 59
20 60
20 61
20 62
20 63
20 63
20 64
19 65
19 66
19 67
19 68
18 69
18 70
18 70
18 71
18 72
18 73
18 74
18 75
18 76
18 76
18 77
18 78
17 79
17 80
17 81
17 81
17 82
17 83
18 84
18 85
18 86
18 86
18 87
18 88
18 88
19 89
19 90
19 90
20 91
20 91
21 91
22 91
22 91
23 90
24 90
24 90
25 89
25 88
26 87
26 87
27 86
27 85
28 84
28 83
28 83
29 82
30 81
30 81
30 80
31 79
31 78
31 78
32 77
32 76
32 76
33 75
33 74
33 74
33 73
33 72
33 71
34 70
34 69
34 68
34 67
34 66
34 65
34 64
35 63
35 62
35 61
35 60
35 59
35 58
35 57
36 56
36 55
36 54
36 53
36 52
36 51
36 50
37 49
37 48
37 47
37 46
37 45
37 44
37 43
38 42
38 41
38 40
38 39
38 38
38 37
38 36
38 35
39 34
39 33
39 32
39 31
39 30
39 29
39 28
40 27
40 26
40 25
40 24
40 23
40 22
40 21
41 20
41 19
41 18
41 17
41 16
41 15
41 14
42 13
42 12
42 11
42 10
42 10
42 9
42 8
42 7
42 7
42 6
42 6
41 5
41 5
41 5
41 5
41 6
41 6
41 7
41 8
41 9
41 10
41 10
41 11
41 12
41 13
41 14
41 15
41 16
41 16
41 17
41 18
41 19
41 20
41 21
41 22
41 23
41 24
41 25
41 25
41 26
41 27
41 28
41 29
41 30
41 31
41 32
41 33
41 34
41 34
41 35
41 36
41 37
41 38
41 39
41 40
41 41
41 42
41 42
41 43
41 44
41 45
40 46
40 47
40 48
40 49
40 50
40 50
40 51
40 52
40 53
40 54
40 55
40 56
40 57
40 57
40 58
40 59
40 60
40 61
40 62
40 63
40 64
40 64
40 65
40 66
39 67
39 68
39 69
39 69
39 70
39 71
39 72
39 72
39 73
38 74
38 75
38 75
38 76
38 76
38 76
38 75
38 75
38 74
38 73
38 73
38 72
39 71
39 70
39 70
39 69
39 68
40 67
40 66
40 65
40 65
40 64
40 63
40 62
40 61
40 60
40 60
41 59
41 58
42 57
42 57
43 56
43 55
43 55
44 54
44 54
45 54
46 54
46 54
47 55
47 56
47 56
48 57
48 58
48 58
48 59
48 60
48 61
48 62
48 62
48 63
49 64
49 65
49 66
49 66
49 67
48 68
48 69
48 69
48 70
48 71
48 72
48 73
48 73
48 74
48 75
47 76
47 77
47 78
47 78
47 79
46 80
46 81
46 82
46 82
45 83
45 84
44 85
44 85
43 86
43 86
42 87
41 87
41 87
41 86
41 86
40 85
40 84
40 84
40 83
40 82
40 81
40 80
40 80
40 79
40 78
40 77
40 76
40 75
40 74
40 73
40 73
40 72
40 71
41 70
41 69
41 68
41 67
41 66
42 65
42 64
42 63
42 62
42 61
43 60
43 59
43 58
43 57
44 56
44 55
44 54
44 53
44 52
45 51
45 50
45 49
45 48
45 47
46 46
46 45
46 44
46 43
46 42
47 41
47 40
47 39
47 38
47 37
48 36
48 35
48 34
48 33
48 32
49 31
49 30
49 29
49 28
49 27
50 26
50 25
50 24
50 23
51 22
51 21
51 20
51 19
51 18
52 17
52 16
52 15
52 14
52 13
53 12
53 11
53 10
53 9
53 8
54 7
54 6
54 5
54 5
55 4
55 3
56 2
56 2
56 1
56 0
56 0
56 0
56 1
56 2
56 2
57 3
57 4
57 4
57 5
57 6
57 7
57 8
57 8
57 9
57 10
57 11
57 12
57 13
57 13
57 14
57 15
56 16
56 17
56 18
56 19
56 19
56 20
56 21
56 22
56 23
56 24
56 25
56 26
56 26
56 27
56 28
56 29
56 30
56 31
56 32
56 33
56 34
56 34
56 35
56 36
56 37
56 38
56 39
56 40
56 41
56 42
56 42
56 43
56 44
56 45
55 46
55 47
55 48
55 49
55 49
55 50
55 51
55 52
55 53
55 54
55 55
55 55
55 56
55 57
55 58
55 59
55 60
55 61
55 61
55 62
55 63
54 64
54 65
54 66
54 66
54 67
54 68
54 69
54 70
54 70
54 71
53 72
53 73
53 73
53 74
53 74
53 74
53 74
53 73
53 72
53 72
53 71
53 70
53 70
53 69
54 68
54 67
54 66
54 66
54 65
54 64
54 63
54 62
54 61
54 61
54 60
54 59
55 58
55 57
55 56
55 56
55 55
56 54
56 53
56 52
56 52
57 51
57 50
57 50
58 49
58 49
59 48
59 48
60 49
60 49
61 50
61 51
61 51
61 52
62 53
62 54
62 54
62 55
63 56
63 57
63 57
63 58
63 59
63 60
63 61
63 62
63 62
63 63
62 64
62 65
62 66
62 66
62 67
62 68
62 69
62 70
62 71
62 71
62 72
62 73
61 74
61 75
61 76
61 76
61 77
60 78
60 79
60 80
60 80
60 81
59 82
59 83
59 83
58 84
58 85
57 86
57 86
56 87
56 87
55 87
55 87
55 87
55 86
55 85
55 85
55 84
55 83
55 82
55 81
55 81
55 80
55 79
55 78
55 77
55 76
55 76
55 75
55 74
56 73
56 72
56 71
56 71
56 70
56 69
57 68
57 67
57 66
57 65
57 65
57 64
58 63
58 62
59 61
59 60
59 59
60 58
60 57
61 56
61 55
62 54
62 53
62 52
63 51
63 50
64 49
64 48
64 48
65 47
66 46
67 45
67 45
67 44
67 44
68 45
68 45
69 46
69 46
69 47
69 48
69 48
69 49
69 50
69 51
69 51
69 52
69 53
69 54
69 55
69 55
69 56
69 57
69 58
69 59
69 60
69 60
69 61
69 62
69 63
69 64
69 64
69 65
69 66
69 67
69 68
69 68
69 69
69 70
69 71
69 71
69 72
69 73
69 73
69 74
69 74
69 74
69 74
70 73
70 73
70 72
70 71
70 70
70 70
70 69
70 68
70 67
70 66
70 65
70 64
70 63
70 62
70 61
70 60
70 59
70 58
70 57
70 56
70 55
70 54
70 53
70 52
70 51
69 50
69 49
69 48
69 47
69 46
69 45
69 44
69 43
69 42
69 41
69 40
69 39
69 38
69 37
69 36
69 35
69 34
69 33
69 32
69 31
69 30
69 30
69 29
69 28
69 27
69 26
69 25
69 24
69 23
69 23
69 22
69 21
69 21
69 20
69 19
69 19
69 19
70 20
70 20
71 20
71 20
71 21
71 21
72 22
72 22
73 23
73 23
73 24
74 25
74 26
74 26
74 27
74 28
74 29
74 30
74 31
74 32
74 33
74 34
74 35
74 36
75 37
75 38
75 39
75 40
75 41
75 42
75 43
75 44
75 45
75 46
75 47
75 48
75 48
75 49
75 50
76 51
76 52
76 53
76 53
76 54
76 54
77 55
77 55
78 56
78 56
79 57
79 57
80 57
81 57
81 57
82 57
82 57
83 56
83 56
84 55
85 55
85 55
86 54
86 54
87 53
87 52
87 52
88 51
88 50
88 50
89 49
89 48
89 48
89 47
90 46
90 45
90 45
90 44
90 43
90 43
90 42
89 41
89 40
89 40
89 39
89 38
89 38
88 37
88 36
88 36
87 36
87 36
86 37
85 38
85 38
85 39
84 40
84 41
84 41
83 42
83 43
82 44
82 45
82 45
82 46
82 47
81 48
81 49
81 50
81 51
81 51
81 52
81 53
80 54
80 55
80 56
80 56
80 57
80 58
79 59
79 60
79 61
79 62
79 62
79 63
79 64
79 65
79 66
79 67
79 68
79 68
79 69
79 70
79 71
79 72
79 73
79 73
79 74
79 75
79 76
79 77
79 77
79 78
80 79
80 80
80 80
81 81
81 82
82 83
82 83
83 82
84 82
84 82
85 81
86 80
86 80
87 79
88 78
88 77
89 76
89 76
90 75
91 74
91 73
92 72
92 72
93 71
94 70
94 69
95 68
95 68
96 67
97 66
97 66
97 65
98 64
98 63
98 63
99 62
99 61
100 60
100 59
