8 74
8 74
8 73
8 73
9 73
9 73
9 72
9 72
9 71
9 71
9 70
9 70
9 69
9 69
9 68
9 68
9 67
9 66
9 66
9 65
9 64
9 63
9 63
9 62
9 61
9 60
9 60
9 59
8 58
8 57
8 56
8 56
8 55
8 54
8 53
8 53
8 52
8 51
8 50
8 50
8 49
8 48
8 47
8 47
7 46
7 46
7 46
6 47
6 47
5 48
5 49
5 49
5 50
4 51
4 52
4 53
4 53
4 54
4 55
3 56
3 57
3 58
3 58
3 59
3 60
3 61
2 62
2 63
2 64
2 65
2 65
2 66
2 67
2 68
2 69
2 70
2 71
2 72
2 73
2 73
2 74
2 75
2 76
1 77
1 78
1 79
1 80
1 81
1 81
1 82
1 83
1 84
0 85
0 86
0 87
0 88
0 88
0 89
0 90
0 91
0 92
0 93
0 93
0 94
0 95
0 96
0 97
0 97
0 98
0 99
0 99
0 100
0 100
1 100
1 100
1 99
1 98
1 98
1 97
2 96
2 95
2 95
2 94
2 93
3 92
3 91
3 90
3 90
3 89
4 88
4 87
4 86
4 85
5 84
5 83
5 83
5 82
6 81
6 80
6 79
6 78
7 77
7 76
7 75
7 75
7 74
7 73
8 72
8 71
8 70
8 69
9 68
9 67
9 66
9 66
9 65
9 64
9 63
9 62
10 61
10 60
10 59
10 58
10 57
10 56
10 56
10 55
10 54
11 53
11 52
11 51
11 50
11 49
11 48
12 47
12 46
12 45
12 45
12 44
12 43
13 42
13 41
13 40
13 39
13 38
13 37
14 36
14 35
14 34
14 34
14 33
14 32
14 31
14 30
15 29
15 28
15 27
15 26
15 25
15 24
15 24
15 23
15 22
16 21
16 20
16 19
16 18
16 17
17 16
17 15
17 14
17 14
17 13
17 12
17 11
18 10
18 9
18 8
18 7
18 6
18 6
18 5
19 4
19 3
19 2
19 2
19 1
19 0
19 0
19 1
19 1
18 2
18 3
18 3
18 4
18 5
18 6
18 6
18 7
18 8
17 9
17 10
17 11
17 12
17 12
17 13
17 14
17 15
16 16
16 17
16 18
16 19
16 19
16 20
16 21
15 22
15 23
15 24
15 25
14 26
14 27
14 28
14 28
14 29
14 30
14 31
14 32
13 33
13 34
13 35
13 36
13 37
13 38
13 38
13 39
13 40
13 41
13 42
12 43
12 44
12 45
12 46
12 47
12 48
12 48
12 49
12 50
12 51
12 52
11 53
11 54
11 55
11 56
11 57
11 58
11 58
11 59
11 60
11 61
11 62
10 63
10 64
10 65
10 66
10 67
10 67
10 68
10 69
10 70
10 71
10 72
10 73
10 74
10 75
10 76
10 76
10 77
10 78
10 79
9 80
9 81
9 82
9 83
9 83
9 84
9 85
10 86
10 87
10 88
10 89
10 89
10 90
11 91
11 92
11 93
11 93
12 94
12 95
12 95
13 96
13 96
14 95
14 95
15 94
16 93
16 93
17 92
17 91
18 90
18 90
18 89
19 88
19 87
19 87
19 86
20 85
20 84
21 83
21 82
21 82
21 81
22 80
22 79
22 78
23 77
23 76
23 76
23 75
23 74
24 73
24 72
24 71
24 70
24 70
24 69
24 68
25 67
25 66
25 65
25 64
25 64
25 63
25 62
26 61
26 60
26 59
26 58
26 58
26 57
27 56
27 55
27 54
27 54
26 53
26 52
26 52
26 51
26 51
25 51
25 51
24 52
24 53
24 53
24 54
23 55
23 56
23 57
23 57
23 58
22 59
22 60
21 61
21 62
21 62
21 63
21 64
20 65
20 66
20 67
20 68
20 68
20 69
20 70
20 71
19 72
19 73
19 74
19 75
19 75
19 76
19 77
19 78
19 79
19 79
19 80
19 81
19 82
19 83
19 83
19 84
19 85
19 86
19 86
20 87
20 88
20 88
21 88
21 88
22 88
22 88
23 87
24 87
24 87
24 86
25 85
25 84
25 84
26 83
26 82
27 81
27 81
28 80
28 79
29 78
29 77
29 77
30 76
30 75
31 74
31 73
31 73
31 72
32 71
32 70
33 69
33 68
33 68
33 67
34 66
34 65
35 64
35 63
35 63
35 62
35 61
36 60
36 59
36 58
36 57
36 57
36 56
36 55
36 54
37 53
37 52
37 51
37 50
37 49
37 48
37 47
38 46
38 45
38 44
38 43
38 42
38 41
38 40
39 39
39 38
39 37
39 36
39 35
39 34
39 33
40 32
40 31
40 30
40 29
40 28
40 27
40 26
41 25
41 24
41 23
41 22
41 21
41 20
41 19
42 18
42 17
42 16
42 15
42 14
42 13
42 12
43 11
43 10
43 9
43 8
43 8
43 8
43 8
43 8
43 8
43 8
43 8
44 9
44 10
44 10
44 11
44 11
44 12
43 13
43 14
43 15
43 15
43 16
43 17
43 18
43 19
43 19
43 20
43 21
43 22
43 23
43 24
43 24
43 25
43 26
43 27
43 28
43 29
43 30
43 31
43 31
43 32
43 33
43 34
42 35
42 36
42 37
42 38
42 38
42 39
42 40
42 41
42 42
42 43
42 44
42 45
42 45
42 46
42 47
42 48
42 49
42 50
42 51
42 52
42 53
42 54
42 55
42 55
42 56
42 57
42 58
41 59
41 60
41 61
41 62
41 63
41 63
41 64
41 65
41 66
41 67
41 68
41 69
41 70
41 70
41 71
41 72
41 73
40 74
40 75
40 76
40 77
40 77
40 78
40 79
40 80
40 81
40 81
40 82
40 83
40 84
40 84
39 85
39 85
39 85
39 85
39 84
39 84
39 83
40 82
40 81
40 81
40 80
40 79
40 78
40 77
40 77
40 76
41 75
41 74
41 73
41 73
41 72
42 71
42 70
42 69
42 69
42 68
43 67
43 66
43 65
43 65
44 64
44 63
44 63
45 62
45 62
46 61
46 61
47 62
47 62
48 63
48 63
48 64
49 65
49 66
49 66
49 67
49 68
49 69
49 69
49 70
49 71
49 72
49 72
49 73
48 74
48 75
48 76
48 76
48 77
47 78
47 79
47 80
47 80
47 81
46 82
46 83
46 83
46 84
45 85
45 86
45 86
44 87
44 88
44 88
43 88
43 88
42 87
42 87
42 86
42 85
42 85
42 84
41 83
41 82
41 81
41 81
41 80
41 79
42 78
42 77
42 76
42 76
42 75
42 74
42 73
43 72
43 71
43 70
43 69
43 68
43 67
44 66
44 65
44 64
44 63
44 62
44 61
45 60
45 59
45 58
45 57
45 56
45 55
45 54
46 53
46 52
46 51
46 50
46 49
46 48
47 47
47 46
47 45
47 44
47 43
47 42
47 41
48 40
48 39
48 38
48 37
48 36
48 35
49 34
49 33
49 32
49 31
49 30
49 29
50 28
50 27
50 26
50 25
50 25
50 24
51 23
51 22
51 21
52 20
52 19
53 18
53 17
53 16
54 15
54 14
54 13
55 12
55 11
55 11
55 10
55 9
56 8
56 7
56 6
56 5
56 5
57 4
57 3
57 3
58 2
58 2
59 2
59 2
59 3
60 4
60 5
60 5
60 6
60 7
60 8
60 9
60 9
60 10
60 11
60 12
60 13
60 14
60 14
60 15
60 16
60 17
60 18
60 19
60 20
60 20
60 21
60 22
60 23
60 24
60 25
60 26
60 27
60 27
60 28
60 29
60 30
60 31
60 32
60 33
60 34
60 35
60 36
60 36
60 37
60 38
60 39
59 40
59 41
59 42
59 43
59 44
59 44
59 45
59 46
59 47
59 48
58 49
58 50
58 51
58 52
58 53
58 54
58 54
58 55
58 56
58 57
58 58
57 59
57 60
57 61
57 62
57 63
57 63
57 64
57 65
57 66
57 67
57 68
57 69
57 70
57 70
57 71
57 72
56 73
56 74
56 75
56 76
56 76
56 77
56 78
55 79
55 80
55 81
55 82
55 82
55 83
55 84
55 84
55 85
55 85
55 85
55 84
55 84
55 83
55 82
55 81
55 81
55 80
55 79
55 78
55 77
55 77
55 76
55 75
56 74
56 73
56 72
56 71
56 71
56 70
56 69
57 68
57 67
57 66
57 65
57 65
57 64
57 63
58 62
58 61
58 60
58 59
58 59
58 58
59 57
59 56
59 55
59 55
60 54
60 53
60 53
61 52
61 52
62 53
62 53
63 54
63 54
64 55
64 56
64 56
64 57
64 58
64 59
64 60
64 60
64 61
64 62
65 63
65 64
65 65
65 65
65 66
65 67
64 68
64 69
64 70
64 70
64 71
64 72
64 73
64 74
64 75
64 75
64 76
64 77
63 78
63 79
63 80
63 81
63 81
63 82
62 83
62 84
61 85
61 86
61 86
61 87
60 88
60 89
60 90
60 90
60 91
59 92
59 93
59 93
58 94
57 95
57 95
57 96
57 96
56 95
56 95
55 94
55 94
55 93
56 92
56 91
56 90
56 90
56 89
56 88
56 87
56 86
56 85
56 85
56 84
56 83
56 82
57 81
57 80
57 79
57 78
57 78
57 77
57 76
58 75
58 74
58 73
58 73
59 72
59 71
60 70
60 69
61 68
62 67
62 66
63 65
63 64
64 63
64 62
65 61
65 61
66 60
67 60
68 59
68 59
69 59
69 59
69 59
70 59
70 59
70 60
70 60
71 60
71 60
71 61
71 62
71 62
71 63
71 63
71 64
71 65
71 66
71 66
71 67
70 68
70 69
70 69
70 70
70 71
70 72
70 73
70 74
70 74
70 75
69 76
69 77
69 78
69 78
69 79
69 80
69 81
69 82
69 83
69 83
69 84
68 85
68 86
68 86
68 87
68 88
68 89
68 89
68 90
68 91
68 91
68 91
68 91
68 90
68 89
68 89
68 88
69 87
69 86
69 86
69 85
70 84
70 83
70 82
70 82
70 81
70 80
70 79
70 78
70 78
70 77
70 76
70 75
70 74
70 73
70 72
71 71
71 70
71 69
71 68
71 67
71 66
71 65
71 64
71 63
71 62
71 61
71 60
72 59
72 58
72 57
72 56
72 55
72 54
72 53
72 53
72 52
72 51
72 50
72 49
72 48
72 47
72 47
72 47
72 48
72 48
72 49
72 49
73 50
73 51
73 51
73 52
73 53
73 54
73 55
73 55
73 56
74 57
74 58
74 58
74 59
74 60
74 61
74 62
74 62
75 63
75 64
75 64
76 65
77 66
77 66
78 67
78 67
79 67
79 67
80 67
81 67
81 67
82 66
83 66
83 66
84 65
85 65
85 65
86 64
87 63
87 63
88 62
89 61
89 61
90 60
91 59
91 59
91 58
91 57
91 56
91 56
92 55
92 54
92 54
92 53
92 53
91 52
91 51
91 51
90 51
90 51
89 52
88 52
88 52
87 53
86 54
86 54
85 55
85 56
84 57
84 58
84 58
84 59
83 60
83 61
82 62
82 63
82 63
82 64
81 65
81 66
80 67
80 68
80 68
80 69
80 70
79 71
79 72
79 73
79 74
79 74
79 75
79 76
79 77
79 78
79 79
79 79
79 80
79 81
79 82
79 83
79 84
79 84
79 85
80 86
80 87
80 87
81 88
81 89
81 89
82 90
83 91
83 91
84 91
85 91
85 91
86 91
87 90
88 90
88 90
89 89
90 88
91 87
91 87
92 86
93 85
94 85
95 84
95 84
96 83
96 82
97 81
97 81
98 80
99 80
100 79
