10 72
11 73
11 74
11 74
11 73
11 73
11 72
11 72
11 71
11 71
11 70
11 70
11 69
11 69
11 68
11 68
11 67
11 67
10 66
10 65
10 65
10 64
10 64
9 63
9 63
8 63
8 63
7 64
7 64
7 65
6 66
6 67
6 67
6 68
6 69
5 70
5 71
5 72
5 72
5 73
4 74
4 75
4 76
3 77
3 78
3 78
3 79
3 80
3 81
2 82
2 83
2 84
2 85
2 85
2 86
2 87
2 88
1 89
1 90
1 91
1 92
1 92
1 93
0 94
0 95
0 96
0 96
0 97
0 98
0 99
0 99
0 100
0 100
0 100
1 100
1 100
2 99
2 98
2 98
3 97
3 96
4 95
4 94
4 94
4 93
5 92
5 91
6 90
6 89
6 89
6 88
7 87
7 86
7 85
7 84
8 83
8 82
8 82
8 81
9 80
9 79
10 78
10 77
10 76
11 75
11 74
11 74
11 73
12 72
12 71
12 70
13 69
13 68
13 67
14 66
14 65
14 65
14 64
14 63
15 62
15 61
15 60
15 59
15 58
16 57
16 56
16 55
16 55
16 54
16 53
17 52
17 51
17 50
17 49
17 48
18 47
18 46
18 45
18 45
18 44
18 43
19 42
19 41
19 40
19 39
19 38
19 37
20 36
20 35
20 34
20 34
20 33
20 32
21 31
21 30
21 29
21 28
22 27
22 26
22 25
22 25
22 24
22 23
22 22
22 21
22 20
22 19
22 19
22 18
22 17
22 16
22 15
22 15
22 14
22 14
22 15
22 15
22 16
21 17
21 18
21 18
21 19
21 20
20 21
20 22
20 23
20 23
20 24
19 25
19 26
19 27
19 28
18 29
18 30
18 30
18 31
18 32
18 33
17 34
17 35
17 36
17 37
17 38
17 38
17 39
17 40
16 41
16 42
16 43
16 44
15 45
15 46
15 47
15 47
15 48
15 49
15 50
15 51
14 52
14 53
14 54
14 55
14 56
14 57
14 57
14 58
14 59
14 60
14 61
14 62
13 63
13 64
13 65
13 66
13 67
13 68
13 68
13 69
13 70
13 71
13 72
12 73
12 74
12 75
12 76
12 77
12 77
12 78
12 79
12 80
12 81
12 82
12 83
12 84
12 85
12 85
12 86
12 87
12 88
12 89
12 90
12 91
12 92
12 93
12 93
12 94
13 95
13 96
13 97
13 97
13 98
13 99
13 99
14 100
14 100
15 100
15 100
16 99
17 99
17 99
18 98
19 97
19 97
20 96
20 95
21 94
21 93
21 93
22 92
22 91
23 90
23 89
24 88
24 88
24 87
25 86
25 85
25 84
26 83
26 82
26 82
26 81
27 80
27 79
27 78
28 77
28 76
28 76
28 75
29 74
29 73
29 72
30 71
30 70
30 70
30 69
30 68
31 67
31 66
31 65
31 65
31 64
32 63
32 62
32 61
32 61
32 60
32 59
32 58
32 58
31 57
31 57
30 56
30 56
29 57
29 58
29 58
29 59
28 60
28 61
28 62
28 62
28 63
27 64
27 65
27 66
26 67
26 68
26 68
26 69
25 70
25 71
25 72
25 73
24 74
24 75
24 75
24 76
24 77
23 78
23 79
23 80
23 81
23 81
23 82
23 83
22 84
22 85
22 86
22 87
22 87
22 88
22 89
22 90
22 91
22 91
23 92
23 93
23 93
23 94
23 95
23 95
24 95
24 95
25 95
26 95
26 95
27 94
27 93
27 93
28 92
29 91
29 91
30 90
31 89
31 89
32 88
32 87
32 87
33 86
34 86
34 86
34 85
34 84
34 83
35 82
35 81
35 80
35 79
35 78
35 77
35 76
36 75
36 74
36 73
36 72
36 71
36 70
36 69
37 68
37 67
37 66
37 65
37 64
37 63
37 62
37 61
38 60
38 59
38 58
38 57
38 56
38 55
38 54
39 53
39 52
39 51
39 50
39 49
39 48
39 47
40 46
40 45
40 44
40 43
40 42
40 41
40 40
41 39
41 38
41 37
41 36
41 35
41 34
41 33
42 32
42 31
42 30
42 29
42 28
42 27
42 26
43 25
43 24
43 23
43 22
43 21
43 20
43 19
43 18
44 17
44 16
44 15
44 14
44 13
44 12
44 11
45 10
45 9
45 8
45 7
45 6
45 5
45 4
46 3
46 2
46 1
46 0
46 0
46 1
47 2
47 3
47 3
46 3
46 3
46 3
46 4
46 5
46 5
46 6
47 7
47 8
47 8
47 9
47 10
47 11
47 12
47 12
47 13
47 14
47 15
47 16
47 17
47 17
47 18
47 19
47 20
47 21
47 22
47 23
47 24
47 24
47 25
47 26
47 27
47 28
47 29
47 30
47 31
47 31
47 32
47 33
47 34
46 35
46 36
46 37
46 38
46 39
46 39
46 40
46 41
46 42
46 43
45 44
45 45
45 46
45 47
45 48
45 48
45 49
45 50
45 51
45 52
44 53
44 54
44 55
44 56
44 57
44 57
44 58
44 59
44 60
44 61
43 62
43 63
43 64
43 65
43 66
43 66
43 67
43 68
43 69
42 70
42 71
42 72
42 73
42 73
42 74
42 75
42 76
42 77
42 78
42 78
42 79
41 80
41 81
41 82
41 82
40 83
40 84
40 84
40 85
40 85
40 85
40 84
40 84
41 83
41 82
41 82
41 81
41 80
41 79
41 78
41 78
41 77
42 76
42 75
42 74
42 74
43 73
43 72
44 71
44 70
44 70
45 69
45 68
46 67
46 67
47 66
47 66
48 66
48 66
49 67
49 67
49 68
49 69
49 69
49 70
50 71
50 72
50 72
50 73
49 74
49 75
49 76
49 76
49 77
49 78
49 79
49 79
49 80
48 81
48 82
48 83
48 83
47 84
47 85
46 86
46 86
46 87
45 88
45 89
45 89
44 90
43 91
43 91
42 92
41 92
41 92
40 92
40 92
39 92
39 92
39 91
39 90
39 90
39 89
39 88
39 87
39 87
39 86
39 85
39 84
39 83
39 82
39 82
39 81
39 80
40 79
40 78
40 77
40 77
40 76
40 75
41 74
41 73
41 72
41 71
42 70
42 69
42 68
42 67
43 66
43 65
43 64
43 63
44 62
44 61
44 60
44 59
44 58
45 57
45 56
45 55
45 54
46 53
46 52
46 51
46 50
47 49
47 48
47 47
47 46
48 45
48 44
48 43
48 42
48 41
49 40
49 39
49 38
49 37
50 36
50 35
50 34
50 33
51 32
51 31
51 30
51 29
52 28
52 27
52 26
52 25
52 24
53 23
53 22
53 21
53 20
54 19
54 18
54 17
54 16
55 15
55 14
55 13
55 12
56 11
56 10
56 9
56 9
57 8
57 8
57 7
57 7
57 7
57 8
57 8
57 9
58 10
58 11
58 11
58 12
58 13
58 14
58 15
58 15
58 16
58 17
58 18
58 19
58 20
58 20
58 21
58 22
58 23
58 24
58 25
58 26
58 27
58 27
58 28
58 29
58 30
57 31
57 32
57 33
57 34
57 35
57 35
57 36
57 37
57 38
57 39
57 40
57 41
57 42
57 43
57 43
57 44
57 45
57 46
57 47
56 48
56 49
56 50
56 51
56 52
56 52
56 53
56 54
56 55
56 56
55 57
55 58
55 59
55 60
55 61
55 62
55 62
55 63
55 64
55 65
54 66
54 67
54 68
54 69
54 69
54 70
54 71
53 72
53 73
53 74
53 75
53 75
53 76
53 77
53 78
53 79
53 80
53 80
53 81
52 82
52 83
52 84
52 84
51 85
51 86
51 86
51 87
51 87
51 87
51 86
51 85
51 85
52 84
52 83
52 83
52 82
52 81
53 80
53 79
53 78
53 78
53 77
53 76
54 75
54 74
54 73
54 73
54 72
55 71
55 70
55 69
56 68
56 67
56 67
57 66
57 65
58 64
58 63
58 63
59 62
59 61
60 60
60 60
61 59
62 59
62 59
63 59
63 59
64 60
64 61
64 61
65 62
65 63
65 63
65 64
65 65
65 66
65 67
65 67
65 68
64 69
64 70
64 71
64 71
64 72
64 73
64 74
64 75
64 75
63 76
63 77
62 78
62 79
62 79
62 80
61 81
61 82
61 83
61 83
60 84
60 85
59 86
59 87
59 87
58 88
58 89
57 90
57 90
56 91
55 91
54 92
54 92
53 93
52 93
52 93
51 92
51 92
50 91
50 91
50 90
49 89
49 88
49 88
49 87
49 86
49 85
49 84
49 83
49 83
49 82
49 81
49 80
49 79
49 79
50 78
51 77
52 76
53 76
54 75
55 74
56 73
57 72
58 71
59 70
60 69
61 69
62 68
63 67
64 66
65 65
66 64
67 63
68 62
69 62
70 61
71 60
72 59
72 59
72 59
72 58
72 58
72 58
72 58
72 59
72 59
72 60
72 61
72 62
72 62
72 63
71 64
71 65
71 66
71 66
71 67
71 68
71 69
71 70
71 70
71 71
70 72
70 73
70 74
70 74
70 75
70 76
70 77
70 77
70 78
70 79
70 80
70 81
70 81
70 82
70 83
70 84
70 84
70 85
70 85
70 86
70 86
70 86
71 85
71 85
72 84
72 84
72 83
72 82
72 81
72 81
72 80
72 79
72 78
72 77
72 76
72 75
72 74
72 73
72 72
72 71
72 70
72 69
72 68
72 67
72 66
72 65
73 64
73 63
73 62
73 61
73 60
73 59
73 58
73 57
73 56
73 55
73 54
73 53
73 52
73 51
73 50
73 49
73 48
73 47
73 47
73 46
73 45
73 44
73 43
73 43
72 42
72 41
72 41
71 40
71 40
71 40
72 41
72 41
73 42
73 42
74 43
74 43
74 44
74 45
74 46
74 46
74 47
75 48
75 49
75 49
75 50
75 51
75 52
75 52
75 53
75 54
75 55
75 55
75 56
75 57
75 58
75 59
75 59
75 60
76 61
76 62
76 63
76 63
76 64
76 65
76 66
76 66
77 67
77 68
77 68
77 69
77 70
77 70
78 71
78 71
79 72
79 72
80 72
81 72
81 72
82 71
82 71
83 70
84 70
84 70
85 69
85 68
85 68
86 67
87 67
87 67
88 66
88 65
88 65
89 64
89 63
89 63
90 62
90 61
90 61
90 60
90 59
90 59
89 58
89 58
88 57
88 57
87 57
87 57
86 58
85 59
85 59
84 60
84 61
83 62
83 63
83 63
82 64
82 65
81 66
81 67
81 67
81 68
80 69
80 70
79 71
79 72
79 72
79 73
78 74
78 75
78 76
78 76
78 77
78 78
78 79
78 80
78 80
79 81
79 82
79 82
80 83
80 84
80 84
81 84
82 85
83 85
83 85
84 85
85 86
86 86
86 86
87 86
88 85
89 85
89 85
90 84
91 84
92 83
92 83
93 83
94 82
95 82
95 82
96 81
97 81
97 81
98 81
99 80
100 80
