11 73
11 73
11 73
11 72
11 72
11 72
11 72
11 71
11 71
11 71
11 71
11 70
11 70
11 70
11 69
11 69
11 68
11 68
11 67
11 67
11 66
11 66
10 65
10 64
10 64
9 63
9 63
9 63
8 63
8 63
7 64
7 64
6 65
6 66
5 67
5 68
5 68
5 69
4 70
4 71
4 72
4 72
4 73
4 74
3 75
3 76
3 77
3 78
3 78
3 79
3 80
2 81
2 82
2 83
2 84
2 84
2 85
2 86
1 87
1 88
1 89
1 90
1 90
1 91
0 92
0 93
0 94
0 94
0 95
0 96
0 97
0 98
0 98
0 99
0 100
0 100
0 100
0 100
1 99
1 99
1 98
2 97
2 96
2 96
3 95
3 94
4 93
4 92
4 92
4 91
5 90
5 89
5 88
5 87
6 86
6 85
6 85
6 84
7 83
7 82
8 81
8 80
9 79
9 78
9 78
9 77
10 76
10 75
10 74
10 73
11 72
11 71
11 70
11 70
11 69
11 68
12 67
12 66
12 65
12 64
13 63
13 62
13 61
13 61
13 60
14 59
14 58
14 57
14 56
15 55
15 54
15 53
15 52
16 51
16 50
16 50
16 49
16 48
17 47
17 46
17 45
17 44
17 43
17 42
18 41
18 40
18 39
18 39
18 38
18 37
19 36
19 35
19 34
19 33
19 32
20 31
20 30
20 29
20 29
20 28
21 27
21 26
21 25
21 24
22 23
22 22
22 21
22 21
22 20
22 19
22 18
22 17
22 16
22 15
22 15
23 14
23 13
23 13
22 12
22 12
22 13
22 13
22 14
21 15
21 16
21 17
21 17
21 18
21 19
20 20
20 21
20 22
20 23
20 23
20 24
20 25
20 26
19 27
19 28
19 29
19 30
19 30
19 31
18 32
18 33
18 34
18 35
17 36
17 37
17 38
17 38
17 39
17 40
17 41
17 42
16 43
16 44
16 45
16 46
16 47
16 47
16 48
16 49
16 50
16 51
16 52
15 53
15 54
15 55
15 56
15 57
15 58
15 58
15 59
15 60
15 61
15 62
14 63
14 64
14 65
14 66
14 67
14 68
14 68
14 69
14 70
14 71
14 72
13 73
13 74
13 75
13 76
13 77
13 77
13 78
13 79
13 80
13 81
13 82
13 83
13 84
13 85
13 85
13 86
13 87
13 88
13 89
13 90
13 91
13 92
13 92
13 93
14 94
14 95
14 95
14 96
14 97
14 97
15 97
15 97
16 96
16 96
17 95
18 94
18 94
18 93
19 92
19 91
19 91
19 90
20 89
20 88
21 87
21 86
21 86
22 85
22 84
23 83
23 82
24 81
24 80
24 80
24 79
24 78
25 77
25 76
25 75
25 74
25 74
25 73
26 72
26 71
26 70
27 69
27 68
27 68
27 67
28 66
28 65
28 64
29 63
29 62
29 62
29 61
29 60
29 59
29 58
29 58
29 57
29 56
29 55
29 55
29 54
29 53
29 53
29 52
29 52
28 53
28 53
27 54
27 55
27 55
27 56
26 57
26 58
25 59
25 60
25 60
25 61
25 62
24 63
24 64
24 65
24 66
24 66
24 67
23 68
23 69
23 70
23 71
22 72
22 73
22 73
22 74
22 75
22 76
21 77
21 78
21 79
21 80
21 80
21 81
21 82
21 83
21 84
21 84
21 85
21 86
21 87
21 87
22 88
22 89
22 89
23 89
23 89
24 89
25 89
25 89
26 88
27 88
27 88
28 87
28 87
29 86
30 85
30 85
31 84
31 83
31 83
32 83
32 83
33 82
33 82
34 81
34 81
34 80
34 79
35 78
35 77
35 76
35 75
35 74
36 73
36 72
36 71
36 70
36 69
36 68
37 67
37 66
37 65
37 64
37 63
38 62
38 61
38 60
38 59
38 58
39 57
39 56
39 55
39 54
39 53
40 52
40 51
40 50
40 49
40 48
40 47
41 46
41 45
41 44
41 43
41 42
42 41
42 40
42 39
42 38
42 37
43 36
43 35
43 34
43 33
43 32
44 31
44 30
44 29
44 28
44 27
44 26
45 25
45 24
45 23
45 22
45 21
46 20
46 19
46 18
46 18
46 17
46 16
46 15
46 15
46 14
46 13
46 13
46 12
46 12
46 12
46 12
46 12
46 12
46 12
46 13
46 14
46 14
46 15
46 16
46 17
46 17
46 18
46 19
46 20
46 21
46 21
46 22
46 23
46 24
46 25
46 26
46 27
46 27
46 28
46 29
45 30
45 31
45 32
45 33
45 33
45 34
45 35
45 36
45 37
45 38
45 39
45 40
45 40
45 41
45 42
45 43
44 44
44 45
44 46
44 47
44 48
44 48
44 49
44 50
44 51
44 52
43 53
43 54
43 55
43 56
43 57
43 57
43 58
43 59
43 60
42 61
42 62
42 63
42 64
42 65
42 65
42 66
42 67
41 68
41 69
41 70
41 71
41 71
41 72
41 73
40 74
40 75
40 76
40 76
40 77
39 78
39 79
39 80
39 80
39 81
39 81
39 82
39 82
39 81
39 81
40 80
40 79
40 79
40 78
40 77
40 76
40 75
40 75
40 74
41 73
41 72
41 71
42 70
42 69
42 69
42 68
42 67
43 66
43 65
43 64
43 64
44 63
44 62
45 61
45 60
45 60
46 59
46 58
46 58
47 58
47 58
48 59
48 59
49 60
49 61
49 61
49 62
49 63
49 64
49 64
49 65
49 66
49 67
49 67
49 68
49 69
48 70
48 71
48 72
48 72
48 73
47 74
47 75
47 76
47 76
47 77
47 78
46 79
46 80
46 81
46 81
46 82
45 83
45 84
44 85
44 86
44 86
44 87
43 88
43 89
43 89
42 90
41 91
41 91
40 92
40 92
39 91
39 91
39 90
39 89
39 89
39 88
39 87
39 86
39 85
39 84
39 84
39 83
39 82
39 81
39 80
39 79
39 79
39 78
39 77
39 76
40 75
40 74
40 73
40 72
40 72
40 71
41 70
41 69
41 68
42 67
42 66
42 66
42 65
42 64
42 63
43 62
43 61
43 60
43 59
43 59
43 58
44 57
44 56
44 55
44 54
45 53
45 52
45 52
45 51
45 50
46 49
46 48
46 47
46 46
47 45
47 44
47 43
47 42
47 41
48 40
48 39
48 38
48 37
48 36
49 35
49 34
49 33
49 32
50 31
50 30
50 29
50 29
50 28
51 27
51 26
51 25
52 24
52 23
52 22
53 21
53 20
53 19
54 18
54 17
54 17
54 16
54 15
55 14
55 13
55 12
55 12
55 11
56 10
56 9
56 8
57 7
57 6
57 6
57 5
58 4
58 3
58 3
59 2
59 2
60 1
60 1
61 0
61 0
62 1
62 1
62 2
62 3
62 3
62 4
62 5
62 6
62 6
62 7
62 8
62 9
62 10
62 10
62 11
62 12
62 13
62 14
62 15
62 16
62 16
62 17
62 18
62 19
61 20
61 21
61 22
61 23
61 23
61 24
61 25
61 26
60 27
60 28
60 29
60 30
60 30
60 31
60 32
60 33
60 34
60 35
60 36
60 37
60 38
60 38
60 39
60 40
60 41
59 42
59 43
59 44
59 45
59 46
59 46
59 47
59 48
59 49
58 50
58 51
58 52
58 53
58 54
58 54
58 55
58 56
58 57
57 58
57 59
57 60
57 61
57 61
57 62
57 63
56 64
56 65
56 66
56 67
56 67
56 68
55 69
55 70
55 71
55 71
55 72
55 73
54 74
54 75
54 76
54 76
53 77
53 78
53 78
53 79
53 79
53 79
53 78
53 78
53 77
53 76
53 75
53 74
53 74
53 73
54 72
54 71
54 70
54 70
54 69
55 68
55 67
56 66
56 65
56 65
56 64
56 63
57 62
57 61
57 60
57 60
58 59
58 58
59 57
59 57
60 56
60 55
61 54
61 54
62 53
62 53
63 53
64 53
64 53
65 54
65 54
65 55
65 56
65 56
65 57
66 58
66 59
66 59
66 60
66 61
66 62
66 62
66 63
66 64
65 65
65 66
65 67
65 67
65 68
65 69
64 70
64 71
64 72
64 73
64 73
64 74
63 75
63 76
63 77
62 78
62 79
62 79
62 80
62 81
61 82
61 83
61 84
61 84
60 85
60 86
59 87
59 88
59 88
58 89
58 90
58 90
57 90
56 90
56 90
55 89
55 89
55 88
55 88
55 87
54 86
54 85
54 85
54 84
54 83
54 82
54 81
54 81
54 80
54 79
54 78
54 77
54 76
54 76
54 75
55 74
55 73
55 72
55 72
56 71
57 70
58 69
59 68
60 68
61 67
62 66
63 65
64 64
65 63
66 62
67 61
68 60
69 60
70 59
71 58
72 57
73 56
73 56
73 57
73 57
72 56
72 56
72 56
72 57
72 57
72 57
72 57
72 57
72 58
72 59
72 59
72 60
72 61
72 61
71 62
71 63
71 63
71 64
71 65
71 66
71 67
71 67
71 68
71 69
71 70
71 70
71 71
70 72
70 73
70 73
70 74
70 75
70 76
70 76
70 77
70 78
70 79
70 79
70 80
70 81
70 81
70 82
70 83
70 83
70 84
70 84
71 85
71 85
71 85
72 84
72 84
72 83
72 83
73 82
73 81
73 81
74 80
74 79
74 79
74 78
75 77
75 76
75 76
75 75
75 74
75 73
75 72
75 71
75 70
75 69
75 68
74 67
74 66
74 65
74 64
74 63
74 62
74 61
74 60
74 59
74 58
74 57
74 56
74 55
74 54
74 53
74 52
74 51
74 50
73 49
73 48
73 47
73 46
73 45
73 44
73 43
73 42
73 41
73 40
73 40
73 39
73 38
73 37
73 37
72 36
72 36
72 36
72 36
73 37
73 37
73 38
73 39
73 39
74 40
74 41
74 41
74 42
74 42
75 43
75 44
75 44
75 45
75 46
75 46
75 47
75 48
75 49
75 49
75 50
76 51
76 52
76 53
76 53
76 54
76 55
76 56
76 57
76 57
76 58
76 59
76 60
76 60
76 61
77 62
77 63
77 63
77 64
77 65
77 65
78 66
78 67
78 67
79 68
79 68
80 69
80 69
81 69
81 69
82 69
83 69
83 69
84 68
85 68
85 68
86 67
86 67
87 66
88 65
88 65
89 64
89 64
90 63
90 62
90 62
90 61
90 61
90 60
90 60
90 59
90 58
90 58
89 57
89 57
88 56
88 56
87 57
86 57
86 57
85 58
85 59
84 60
84 60
83 61
83 62
82 63
82 63
81 64
81 65
80 66
80 66
80 67
79 68
79 69
78 70
78 71
78 71
78 72
78 73
78 74
78 75
78 75
78 76
78 77
78 78
78 79
78 79
78 80
79 81
79 82
79 83
79 83
79 84
80 85
80 86
80 86
81 87
82 88
82 88
83 88
84 88
85 88
85 88
86 88
87 87
88 87
88 87
89 86
90 85
91 84
91 84
92 83
93 83
94 82
95 82
95 82
96 82
97 81
98 81
98 81
99 80
99 80
100 81
