6 67
7 68
7 68
7 67
7 67
7 66
7 66
7 65
7 65
7 64
7 63
7 63
7 62
7 62
7 61
7 60
7 59
7 59
6 58
6 57
6 57
6 56
6 55
6 55
6 54
6 54
5 53
5 53
5 53
4 54
4 54
4 55
4 55
4 56
3 57
3 58
3 58
3 59
2 60
2 61
2 62
2 62
2 63
1 64
1 65
1 66
1 66
1 67
1 68
1 69
1 70
1 71
1 71
1 72
1 73
0 74
0 75
0 76
0 76
0 77
0 78
0 79
0 80
0 81
0 82
0 82
0 83
0 84
0 85
0 86
0 87
0 88
0 88
0 89
0 90
0 91
0 92
0 92
0 93
0 94
0 95
0 96
0 96
1 97
1 98
1 98
2 98
2 98
2 97
2 97
2 96
3 95
3 94
3 94
3 93
4 92
4 91
5 90
5 89
5 89
5 88
5 87
6 86
6 85
6 84
6 83
6 83
6 82
6 81
6 80
7 79
7 78
7 77
7 76
7 76
7 75
7 74
7 73
7 72
8 71
8 70
8 69
8 68
8 67
8 67
8 66
8 65
8 64
8 63
9 62
9 61
9 60
9 59
9 58
9 57
9 57
9 56
9 55
9 54
9 53
10 52
10 51
10 50
10 49
10 48
10 48
10 47
10 46
10 45
10 44
11 43
11 42
11 41
11 40
11 39
11 39
11 38
11 37
11 36
11 35
12 34
12 33
12 32
12 31
12 30
12 29
12 29
12 28
12 27
12 26
12 25
13 24
13 23
13 22
13 21
13 20
13 20
13 19
13 18
13 17
14 16
14 15
14 14
14 13
14 13
14 12
14 11
15 10
15 9
15 8
15 7
15 7
15 6
16 5
16 4
16 3
16 3
16 2
16 1
16 1
16 0
16 0
16 0
15 1
15 1
15 2
15 2
14 3
14 4
14 4
14 5
13 6
13 7
13 7
13 8
13 9
13 10
13 11
13 11
13 12
12 13
12 14
12 15
12 15
12 16
12 17
11 18
11 19
11 20
11 20
11 21
11 22
10 23
10 24
10 25
10 26
10 26
10 27
10 28
10 29
10 30
10 31
10 32
10 33
10 33
10 34
10 35
10 36
9 37
9 38
9 39
9 40
9 41
9 41
9 42
9 43
9 44
9 45
8 46
8 47
8 48
8 49
8 50
8 50
8 51
8 52
8 53
8 54
8 55
8 56
8 56
8 57
8 58
8 59
7 60
7 61
7 62
7 63
7 64
7 64
7 65
7 66
7 67
7 68
7 69
7 70
7 71
7 71
7 72
7 73
8 74
8 75
8 76
8 77
8 77
8 78
8 79
9 80
9 81
9 82
9 82
9 83
10 84
10 85
10 86
10 86
10 87
11 88
11 89
11 90
11 90
12 91
13 92
13 92
13 93
14 94
14 95
14 95
15 95
16 95
16 95
17 95
18 95
18 95
19 94
19 93
19 93
20 92
20 91
21 90
21 90
21 89
22 88
22 87
22 87
23 86
23 85
24 84
24 83
24 83
24 82
24 81
25 80
25 79
25 78
25 78
25 77
25 76
25 75
25 74
25 73
25 72
25 72
25 71
25 70
26 69
26 68
26 67
26 66
26 66
26 65
26 64
26 63
26 62
26 61
26 61
26 60
26 59
26 58
26 57
26 57
25 56
25 55
25 55
24 54
24 54
24 54
23 55
23 55
22 56
22 57
22 57
22 58
21 59
21 60
21 60
21 61
20 62
20 63
20 63
20 64
20 65
20 66
20 67
20 68
20 68
20 69
20 70
20 71
20 72
20 73
20 73
20 74
20 75
20 76
20 77
20 78
20 79
20 79
20 80
20 81
20 82
20 83
20 84
20 85
20 85
20 86
20 87
21 88
21 89
21 90
21 90
21 91
21 92
21 93
21 94
21 94
21 95
22 96
22 97
22 97
23 98
23 98
24 97
25 97
25 97
26 96
26 95
26 95
26 94
27 93
27 92
27 91
27 90
28 89
28 88
28 87
28 86
29 85
29 84
29 83
29 82
30 81
30 80
30 79
30 78
31 77
31 76
31 75
31 74
32 73
32 72
32 71
32 70
33 69
33 68
33 67
33 66
34 65
34 64
34 63
34 62
35 61
35 60
35 59
35 58
36 57
36 56
36 55
36 54
37 53
37 52
37 51
37 50
38 49
38 48
38 47
38 46
39 45
39 44
39 43
39 42
40 41
40 40
40 39
40 38
41 37
41 36
41 35
41 34
42 33
42 32
42 31
42 30
43 29
43 28
43 27
43 27
43 26
43 25
43 24
43 23
43 22
43 21
43 20
43 19
43 18
43 17
43 17
43 16
43 16
43 15
43 15
44 14
44 13
44 13
44 13
44 13
44 13
44 13
43 14
43 14
43 15
43 15
43 16
43 17
43 17
43 18
42 19
42 20
42 21
42 21
42 22
42 23
42 24
42 25
42 26
42 27
42 27
42 28
42 29
41 30
41 31
41 32
41 33
41 33
41 34
41 35
41 36
41 37
41 38
41 39
41 40
41 41
41 41
41 42
41 43
41 44
40 45
40 46
40 47
40 48
40 49
40 49
40 50
40 51
40 52
40 53
40 54
40 55
40 56
40 57
40 57
40 58
40 59
40 60
40 61
39 62
39 63
39 64
39 65
39 66
39 66
39 67
39 68
39 69
39 70
39 71
39 72
39 72
39 73
39 74
38 75
38 76
38 77
38 78
38 78
38 79
38 80
38 81
38 82
38 82
38 83
38 84
38 85
38 85
37 86
37 86
37 86
37 86
37 85
37 85
37 84
37 83
37 82
37 82
37 81
38 80
38 79
38 78
38 78
38 77
38 76
38 75
38 74
38 73
38 73
38 72
38 71
39 70
39 69
39 68
39 68
39 67
40 66
40 65
40 64
40 64
40 63
41 62
41 61
41 60
41 60
42 59
42 58
42 58
43 57
43 57
44 57
44 57
45 57
45 57
46 58
46 58
46 59
46 60
46 60
47 61
47 62
47 62
47 63
47 64
47 65
47 65
47 66
47 67
47 68
47 69
47 69
47 70
47 71
47 72
47 73
47 73
47 74
46 75
46 76
46 77
46 77
46 78
45 79
45 80
45 81
45 81
44 82
44 83
43 84
43 85
43 85
43 86
42 87
42 88
42 88
41 89
41 90
40 91
40 91
39 92
38 93
38 93
37 94
37 94
36 94
36 94
35 93
35 93
35 92
35 91
35 90
35 89
35 89
35 88
36 87
36 86
36 85
36 84
37 83
37 82
37 81
38 80
38 79
38 78
38 77
39 76
39 75
39 74
40 73
40 72
40 71
40 70
41 69
41 68
41 67
42 66
42 65
42 64
42 63
43 62
43 61
43 60
44 59
44 58
44 57
44 56
45 55
45 54
45 53
46 52
46 51
46 50
47 49
47 48
47 47
47 46
48 45
48 44
48 43
49 42
49 41
49 40
49 39
50 38
50 37
50 36
51 35
51 34
51 33
51 32
52 31
52 30
52 29
53 28
53 27
53 26
53 25
54 24
54 23
54 22
55 21
55 20
55 19
55 18
56 17
56 16
56 16
57 15
57 14
58 13
58 12
58 12
59 11
59 11
59 11
59 11
59 11
59 12
59 12
59 13
59 14
59 14
59 15
59 16
59 16
59 17
59 18
59 19
59 20
59 20
59 21
59 22
58 23
58 24
58 25
58 25
58 26
58 27
58 28
58 29
58 30
58 31
58 32
58 32
58 33
58 34
58 35
57 36
57 37
57 38
57 39
57 40
57 40
57 41
57 42
57 43
56 44
56 45
56 46
56 47
56 48
56 48
56 49
56 50
56 51
55 52
55 53
55 54
55 55
55 56
55 56
55 57
55 58
55 59
55 60
55 61
55 62
55 63
55 64
55 64
55 65
55 66
55 67
54 68
54 69
54 70
54 71
54 72
54 72
54 73
54 74
53 75
53 76
53 77
53 78
53 78
53 79
53 80
53 81
53 82
53 83
53 83
53 84
52 85
52 86
52 87
52 87
52 88
52 89
52 90
52 90
52 91
52 91
52 92
52 92
52 92
52 91
52 90
52 90
52 89
52 88
52 88
52 87
52 86
52 85
52 84
52 84
52 83
52 82
52 81
52 80
52 79
52 79
52 78
52 77
52 76
52 75
52 74
52 73
52 72
52 72
52 71
52 70
53 69
53 68
53 67
53 67
53 66
54 65
54 64
54 64
54 63
54 62
54 61
54 61
54 60
55 59
55 58
55 58
56 57
56 57
57 56
57 55
57 55
58 55
58 55
59 55
59 55
60 56
60 56
61 57
61 58
61 58
61 59
62 60
62 61
62 61
62 62
63 63
63 64
63 64
63 65
63 66
63 67
63 67
63 68
63 69
63 70
63 70
63 71
63 72
63 73
63 74
63 74
63 75
63 76
62 77
62 78
62 79
62 79
61 80
61 81
60 82
60 83
60 83
60 84
59 85
59 86
59 86
58 87
58 88
57 89
57 89
56 90
56 91
55 92
55 92
54 93
54 93
53 93
52 93
52 93
51 92
51 92
50 91
50 91
50 90
50 90
50 89
50 88
50 88
50 87
51 86
51 85
51 85
52 84
52 83
53 82
54 81
55 80
55 79
56 78
57 77
57 76
58 75
59 74
60 73
60 72
61 71
62 70
63 69
63 68
64 67
65 66
65 65
66 64
67 63
68 62
68 61
69 60
70 59
70 58
71 57
72 56
73 55
73 54
74 53
74 53
74 53
75 54
75 54
75 55
75 55
75 56
75 57
75 57
75 58
74 59
74 60
74 60
74 61
74 62
74 63
74 63
74 64
74 65
74 66
74 67
74 67
74 68
74 69
73 70
73 71
73 72
73 72
73 73
73 74
73 75
73 76
73 77
73 77
73 78
73 79
72 80
72 81
72 82
72 83
72 83
72 84
72 85
72 86
72 87
72 87
72 88
72 89
72 90
72 90
73 91
73 92
73 92
73 92
74 92
74 92
74 91
74 91
75 90
75 89
75 89
75 88
75 87
75 86
75 85
75 84
75 83
75 82
75 81
75 80
75 79
75 78
75 77
75 76
75 75
75 74
75 73
75 72
75 71
75 70
75 69
75 68
76 67
76 66
76 65
76 64
76 63
76 62
76 61
76 60
76 59
76 58
76 57
76 56
76 55
76 54
76 53
76 52
76 51
76 50
76 49
76 48
76 47
76 46
76 46
76 45
76 44
76 43
76 42
76 41
76 40
76 40
76 39
76 38
76 38
76 37
76 36
76 36
76 36
76 35
76 35
76 36
76 36
77 36
77 36
77 37
77 38
77 38
78 39
78 39
78 40
78 41
79 42
79 43
79 44
79 45
79 46
79 47
80 48
80 49
80 50
80 51
80 52
80 53
81 54
81 55
81 56
81 57
81 58
81 59
82 60
82 61
82 62
82 63
82 64
82 65
83 66
83 67
83 68
83 68
83 69
83 70
84 71
84 72
84 73
84 74
84 74
84 75
83 76
83 77
83 77
83 78
83 79
83 79
83 80
83 80
83 81
83 81
83 82
83 83
83 83
83 83
84 84
84 84
84 85
84 85
85 85
85 85
86 84
86 84
87 83
87 83
88 82
88 82
89 81
89 81
90 80
90 79
90 79
91 78
91 77
91 77
92 76
92 75
92 75
93 74
93 74
93 73
93 72
93 71
93 71
93 70
94 69
94 68
94 68
94 67
94 66
94 65
94 65
93 64
93 63
93 63
93 62
93 61
93 61
92 60
92 60
91 60
90 60
90 60
89 60
89 60
88 61
88 62
88 62
87 63
86 64
86 64
86 65
85 66
85 67
85 67
85 68
84 69
84 70
84 71
84 71
84 72
83 73
83 74
83 75
83 75
83 76
83 77
83 78
83 79
83 80
83 80
83 81
83 82
83 83
83 84
83 85
83 86
83 86
83 87
83 88
84 89
84 90
84 91
84 91
84 92
85 93
85 94
85 95
85 95
86 96
86 97
87 98
87 98
88 99
89 99
90 100
90 100
91 100
92 100
93 100
93 100
94 100
95 100
96 100
96 100
97 100
98 99
99 99
100 99
