7 62
7 61
7 60
7 60
7 59
7 59
7 58
7 58
7 57
7 57
6 56
6 55
6 55
6 54
6 54
5 53
5 53
5 53
4 54
4 54
3 55
3 56
3 56
3 57
2 58
2 59
2 60
2 60
2 61
1 62
1 63
1 64
1 64
1 65
1 66
0 67
0 68
0 69
0 69
0 70
0 71
0 72
0 73
0 74
0 75
0 75
0 76
0 77
0 78
0 79
0 80
0 80
0 81
0 82
0 83
0 84
0 85
0 85
0 86
0 87
0 88
0 89
0 89
0 90
0 91
0 91
1 92
1 92
2 91
2 91
3 90
3 90
3 89
4 88
4 87
4 86
4 86
4 85
5 84
5 83
6 82
6 81
6 81
6 80
6 79
6 78
7 77
7 76
7 75
7 74
7 74
7 73
7 72
7 71
8 70
8 69
8 68
8 67
8 66
8 66
8 65
8 64
8 63
9 62
9 61
9 60
9 59
9 58
9 58
9 57
9 56
9 55
9 54
10 53
10 52
10 51
10 50
10 49
10 49
10 48
10 47
10 46
10 45
11 44
11 43
11 42
11 41
11 40
11 40
11 39
11 38
11 37
12 36
12 35
12 34
12 33
12 32
12 32
12 31
12 30
12 29
12 28
12 27
12 26
12 25
12 25
12 24
12 23
13 22
13 21
13 20
13 19
13 19
13 18
13 17
13 17
13 16
13 16
13 16
13 17
13 18
13 18
13 19
12 20
12 21
12 21
12 22
12 23
11 24
11 25
11 26
11 27
11 27
11 28
11 29
11 30
10 31
10 32
10 33
10 34
10 34
10 35
10 36
10 37
10 38
9 39
9 40
9 41
9 42
9 43
9 43
9 44
9 45
9 46
9 47
8 48
8 49
8 50
8 51
8 52
8 53
8 53
8 54
8 55
8 56
8 57
7 58
7 59
7 60
7 61
7 62
7 63
7 63
7 64
7 65
7 66
7 67
7 68
7 69
7 70
7 71
7 72
7 73
7 74
7 74
7 75
7 76
7 77
7 78
6 79
6 80
6 81
6 82
6 83
6 83
6 84
6 85
7 86
7 87
7 88
7 89
7 89
7 90
7 91
7 92
7 93
7 94
7 94
7 95
8 96
8 97
8 97
9 98
10 99
10 99
11 100
11 100
12 100
12 100
13 99
14 98
14 98
15 97
15 96
16 95
16 94
16 94
17 93
17 92
18 91
18 90
18 90
18 89
19 88
19 87
19 86
19 85
20 84
20 83
20 83
20 82
21 81
21 80
21 79
21 78
22 77
22 76
22 76
22 75
22 74
22 73
23 72
23 71
23 70
23 69
23 68
23 68
23 67
24 66
24 65
24 64
25 63
25 62
25 62
25 61
26 60
26 59
26 58
26 58
26 57
26 56
26 55
26 55
26 54
26 54
26 54
25 55
25 55
24 56
24 56
24 57
23 58
23 59
23 59
22 60
22 61
22 61
21 62
21 63
21 63
21 64
21 65
21 66
21 66
21 67
21 68
21 69
21 70
21 71
21 71
21 72
21 73
21 74
21 75
21 76
21 77
21 77
21 78
21 79
21 80
21 81
21 82
21 83
21 83
21 84
21 85
21 86
21 87
21 88
21 88
21 89
22 90
22 91
22 91
22 92
23 93
23 94
23 94
24 95
24 95
25 95
26 95
26 95
27 94
27 93
27 93
28 92
28 91
29 90
29 90
30 89
30 88
31 87
31 86
31 86
31 85
31 84
31 83
32 82
32 81
32 80
32 79
32 78
32 77
33 76
33 75
33 74
33 73
33 72
33 71
33 70
34 69
34 68
34 67
34 66
34 65
34 64
35 63
35 62
35 61
35 60
35 59
35 58
36 57
36 56
36 55
36 54
36 53
36 52
36 51
37 50
37 49
37 48
37 47
37 46
37 45
38 44
38 43
38 42
38 41
38 40
38 39
38 38
39 37
39 36
39 35
39 34
39 33
39 32
40 31
40 30
40 29
40 28
40 27
40 26
41 25
41 24
41 23
41 22
41 21
41 20
41 19
42 18
42 17
42 16
42 15
42 14
42 13
43 12
43 11
43 10
43 9
43 9
43 9
43 9
42 10
42 11
42 11
42 12
42 13
42 14
42 14
42 15
42 16
42 17
42 18
42 18
42 19
42 20
42 21
42 22
42 23
42 24
42 24
42 25
42 26
42 27
41 28
41 29
41 30
41 31
41 31
41 32
41 33
41 34
41 35
41 36
41 37
41 38
41 39
41 39
41 40
41 41
41 42
40 43
40 44
40 45
40 46
40 47
40 47
40 48
40 49
40 50
40 51
39 52
39 53
39 54
39 55
39 56
39 56
39 57
39 58
39 59
38 60
38 61
38 62
38 63
38 63
38 64
38 65
38 66
38 67
38 68
38 68
38 69
38 70
37 71
37 72
37 73
37 73
37 74
37 75
37 76
37 76
37 77
37 78
37 78
36 79
36 79
36 79
37 78
37 78
37 77
37 76
37 76
37 75
37 74
37 73
37 73
37 72
38 71
38 70
38 69
38 69
38 68
39 67
39 66
39 65
39 65
39 64
40 63
40 62
40 62
41 61
41 60
41 60
41 59
42 58
42 57
42 57
43 56
44 55
44 55
45 54
45 54
46 54
46 54
47 55
47 55
47 56
47 56
47 57
48 58
48 59
48 59
48 60
48 61
48 62
48 62
48 63
48 64
48 65
48 66
48 67
48 67
48 68
48 69
47 70
47 71
47 72
47 72
47 73
47 74
47 75
47 76
47 77
47 77
47 78
46 79
46 80
46 81
46 81
45 82
45 83
44 84
44 85
44 85
44 86
43 87
43 88
43 88
42 89
42 90
42 90
41 91
41 91
40 91
40 91
39 90
39 89
39 89
39 88
39 87
39 87
39 86
39 85
39 84
39 83
39 83
39 82
39 81
39 80
39 79
39 79
39 78
40 77
40 76
40 75
40 74
41 73
41 72
41 71
42 70
42 69
42 68
43 67
43 66
43 65
43 64
44 63
44 62
44 61
45 60
45 59
45 58
45 57
46 56
46 55
46 54
47 53
47 52
47 51
47 50
48 49
48 48
48 47
49 46
49 45
49 44
50 43
50 42
50 41
50 40
51 39
51 38
51 37
52 36
52 35
52 34
52 33
53 32
53 31
53 30
54 29
54 28
54 27
54 26
55 25
55 24
55 23
56 22
56 21
56 20
57 19
57 18
57 17
57 16
58 15
58 14
58 13
59 12
59 11
59 10
59 9
60 8
60 7
60 7
60 6
60 5
61 4
61 3
61 2
61 2
61 1
61 0
61 0
62 0
62 0
62 1
62 2
62 2
62 3
62 3
62 4
61 5
61 6
61 6
61 7
61 8
61 9
61 10
61 11
61 12
61 12
61 13
61 14
61 15
60 16
60 17
60 18
60 19
60 19
60 20
60 21
60 22
60 23
60 24
60 25
60 26
60 27
60 27
60 28
60 29
60 30
60 31
59 32
59 33
59 34
59 35
59 36
59 36
59 37
59 38
59 39
59 40
58 41
58 42
58 43
58 44
58 45
58 45
58 46
58 47
58 48
58 49
57 50
57 51
57 52
57 53
57 54
57 54
57 55
57 56
57 57
56 58
56 59
56 60
56 61
56 62
56 62
56 63
56 64
56 65
56 66
56 67
56 68
56 69
56 69
56 70
56 71
55 72
55 73
55 74
55 75
55 75
55 76
55 77
55 78
55 79
55 80
55 80
55 81
54 82
54 83
54 84
54 84
54 85
54 86
54 86
54 87
54 87
54 87
54 86
54 86
54 85
54 84
54 83
54 82
54 82
54 81
54 80
54 79
54 78
54 78
54 77
54 76
55 75
55 74
55 73
55 72
55 72
55 71
55 70
56 69
56 68
56 67
56 67
56 66
56 65
57 64
57 63
57 62
57 61
57 61
57 60
58 59
58 58
58 57
58 57
58 56
59 55
59 54
59 53
59 53
60 52
60 51
60 51
61 50
61 49
61 49
62 48
62 48
63 48
63 48
64 48
64 48
64 48
65 49
65 50
65 50
65 51
65 52
65 53
65 53
65 54
65 55
65 56
65 57
65 57
65 58
65 59
65 60
65 61
65 62
65 62
65 63
64 64
64 65
64 66
64 66
64 67
64 68
64 69
64 70
64 71
64 71
64 72
63 73
63 74
63 75
63 75
63 76
62 77
62 78
62 79
62 79
62 80
61 81
61 82
61 82
61 83
60 84
60 85
60 85
59 86
59 86
59 87
59 87
59 87
59 86
59 86
59 85
59 84
59 83
60 82
60 81
60 80
60 79
60 78
60 78
60 77
61 76
61 75
61 74
61 73
62 72
62 71
62 71
62 70
63 69
63 68
63 67
63 67
63 66
64 65
64 64
64 63
64 63
64 62
65 61
65 60
65 60
65 59
66 58
66 57
66 57
66 56
67 55
67 54
67 54
67 53
68 52
68 51
68 51
69 50
70 49
70 49
71 48
71 48
72 47
72 47
73 47
73 47
73 48
73 48
74 49
74 50
74 50
74 51
74 52
74 52
74 53
74 54
74 55
74 56
74 56
74 57
74 58
74 59
74 60
74 60
74 61
73 62
73 63
73 64
73 64
73 65
73 66
73 67
73 68
73 69
73 69
73 70
73 71
73 72
73 73
73 73
73 74
72 75
72 76
72 77
72 77
72 78
72 79
72 80
72 80
72 81
72 82
72 82
72 82
72 82
73 81
73 81
73 80
73 79
73 78
73 77
73 76
73 75
73 74
73 73
73 72
73 71
73 70
73 69
73 68
73 67
73 66
73 65
73 64
73 63
73 62
73 61
73 60
73 59
73 58
73 57
73 56
73 55
73 54
73 53
73 52
73 51
73 50
73 49
73 48
73 47
73 46
73 45
73 44
73 43
73 42
73 41
73 40
73 39
73 38
73 37
73 36
73 35
73 34
73 34
73 33
73 32
73 31
73 31
73 30
73 29
73 29
73 28
73 28
73 28
73 29
73 29
74 29
74 29
74 30
74 30
74 31
74 31
75 32
75 33
75 33
75 34
75 34
75 35
75 35
75 36
75 37
76 38
76 39
76 40
76 41
76 42
76 43
77 44
77 45
77 46
77 47
77 48
77 49
78 50
78 51
78 52
78 52
78 51
78 51
77 51
77 51
77 51
77 52
77 52
77 53
77 53
76 54
76 54
76 55
76 56
76 56
77 57
77 57
77 58
77 58
77 59
77 60
77 60
78 61
78 62
78 62
79 63
79 63
80 64
80 64
81 64
81 64
82 64
82 64
83 63
84 62
84 62
85 61
86 60
86 60
86 59
87 58
87 57
87 56
87 56
88 55
88 54
89 53
89 52
89 52
90 51
90 50
91 49
91 48
91 48
91 47
92 46
92 45
92 44
92 44
92 43
93 42
93 41
93 40
93 40
93 39
94 38
94 37
94 37
94 36
94 35
94 35
93 34
93 33
93 33
92 33
92 33
91 33
91 33
90 33
90 33
89 34
89 35
89 35
88 36
87 36
87 36
87 37
87 38
87 39
87 39
87 40
86 41
86 42
86 43
86 43
86 44
85 45
85 46
85 47
85 47
85 48
85 49
84 50
84 51
84 52
84 52
84 53
84 54
84 55
84 56
84 56
84 57
84 58
83 59
83 60
83 61
83 61
83 62
84 63
84 64
84 65
84 65
84 66
85 67
85 68
85 68
85 69
86 70
86 71
86 72
86 72
86 73
87 74
87 75
87 75
88 76
88 77
89 78
89 79
89 79
90 80
90 81
91 82
91 82
92 83
93 83
94 84
94 84
95 85
96 85
96 85
97 85
98 86
99 86
100 86
