6 77
6 77
6 77
6 77
6 77
6 78
6 78
7 77
7 77
7 76
7 76
7 75
7 74
7 74
7 73
7 73
7 72
7 71
7 71
7 70
7 69
7 69
7 68
7 67
7 67
7 66
7 65
7 64
7 64
7 63
7 62
7 61
7 61
7 60
7 59
7 59
6 58
6 57
6 57
6 57
5 58
5 59
5 59
5 60
4 61
4 62
4 62
4 63
4 64
3 65
3 66
3 67
3 68
3 68
3 69
3 70
3 71
2 72
2 73
2 74
2 75
2 75
2 76
2 77
2 78
1 79
1 80
1 81
1 82
1 82
1 83
1 84
1 85
0 86
0 87
0 88
0 89
0 89
0 90
0 91
0 92
0 93
0 94
0 94
0 95
0 96
0 97
0 97
0 98
0 99
0 100
0 100
0 100
0 100
1 100
1 100
1 99
2 98
2 97
2 96
2 96
2 95
3 94
3 93
3 92
3 91
4 90
4 89
4 89
4 88
5 87
5 86
5 85
5 84
6 83
6 82
6 82
6 81
6 80
7 79
7 78
7 77
7 76
7 75
8 74
8 73
8 72
8 72
8 71
8 70
9 69
9 68
9 67
9 66
9 65
9 64
10 63
10 62
10 61
10 61
10 60
10 59
11 58
11 57
11 56
11 55
11 54
11 53
12 52
12 51
12 50
12 50
12 49
12 48
12 47
13 46
13 45
13 44
13 43
13 42
13 41
14 40
14 39
14 38
14 37
14 37
14 36
14 35
15 34
15 33
15 32
15 31
15 30
15 29
16 28
16 27
16 26
16 25
16 25
16 24
16 23
16 22
16 21
17 20
17 19
17 18
17 17
17 16
17 15
17 15
17 14
17 13
17 12
18 11
18 10
18 9
18 8
18 8
18 7
19 6
19 5
19 5
19 6
19 6
18 7
18 7
18 8
18 9
18 10
18 11
18 12
18 12
18 13
18 14
18 15
17 16
17 17
17 18
17 19
17 19
17 20
17 21
16 22
16 23
16 24
16 25
15 26
15 27
15 28
15 28
15 29
15 30
15 31
15 32
14 33
14 34
14 35
14 36
14 37
14 37
14 38
14 39
14 40
14 41
14 42
13 43
13 44
13 45
13 46
13 47
13 48
13 48
13 49
13 50
13 51
13 52
13 53
12 54
12 55
12 56
12 57
12 58
12 59
12 59
12 60
12 61
12 62
12 63
12 64
12 65
12 66
12 67
12 68
12 68
12 69
12 70
12 71
12 72
12 73
12 74
12 75
12 76
12 76
12 77
12 78
12 79
12 80
12 81
12 82
12 82
12 83
12 84
12 85
12 86
12 86
12 87
12 88
12 88
13 89
13 90
13 90
13 90
14 89
15 89
15 89
15 88
16 87
16 86
16 86
17 85
17 84
18 83
18 82
18 82
18 81
19 80
19 79
19 78
20 77
20 76
20 76
20 75
21 74
21 73
21 72
22 71
22 70
22 70
22 69
23 68
23 67
24 66
24 65
24 65
24 64
25 63
25 62
25 61
26 60
26 59
26 59
26 58
27 57
27 56
28 55
28 54
28 54
28 53
29 52
29 51
29 50
29 50
29 49
29 48
29 48
29 47
29 47
29 47
28 47
28 47
27 48
27 49
27 49
27 50
26 51
26 52
26 53
26 53
26 54
25 55
25 56
24 57
24 58
24 58
24 59
24 60
24 61
23 62
23 63
23 64
23 65
23 65
23 66
23 67
22 68
22 69
22 70
22 71
22 71
22 72
22 73
22 74
22 75
22 75
22 76
22 77
22 78
22 79
22 79
23 80
23 81
23 81
23 82
23 83
23 83
24 84
24 84
25 85
25 85
26 84
26 84
27 84
28 84
28 84
29 83
29 82
29 82
30 81
30 81
31 80
31 79
31 79
32 78
32 78
32 77
32 77
33 76
33 76
33 76
33 75
33 75
33 75
33 75
34 74
34 74
34 74
34 74
34 74
34 74
34 73
34 73
34 72
34 71
34 70
34 69
35 68
35 67
35 66
35 65
35 64
35 63
35 62
35 61
36 60
36 59
36 58
36 57
36 56
36 55
36 54
36 53
37 52
37 51
37 50
37 49
37 48
37 47
37 46
37 45
38 44
38 43
38 42
38 41
38 40
38 39
38 38
38 37
39 36
39 35
39 34
39 33
39 32
39 31
39 30
39 29
40 28
40 27
40 26
40 25
40 24
40 23
40 22
40 21
41 20
41 19
41 18
41 17
41 16
41 15
41 14
41 13
42 12
42 11
42 10
42 9
42 8
42 8
42 7
43 6
43 5
43 4
43 4
42 3
42 2
42 2
42 1
42 0
42 0
42 1
42 1
42 2
42 2
42 3
43 4
43 5
43 5
43 6
43 7
43 8
43 9
43 9
43 10
43 11
43 12
43 13
43 14
43 15
43 16
43 16
43 17
43 18
43 19
42 20
42 21
42 22
42 23
42 24
42 24
42 25
42 26
42 27
42 28
42 29
42 30
42 31
42 32
42 33
42 34
42 34
42 35
42 36
42 37
42 38
42 39
42 40
42 41
42 42
42 42
42 43
42 44
42 45
41 46
41 47
41 48
41 49
41 50
41 50
41 51
41 52
41 53
40 54
40 55
40 56
40 57
40 58
40 58
40 59
40 60
40 61
40 62
40 63
40 63
40 64
39 65
39 66
39 67
39 67
39 68
39 69
39 69
38 70
38 70
38 71
38 71
38 71
38 70
38 69
38 69
39 68
39 67
39 67
39 66
39 65
40 64
40 63
40 62
40 62
40 61
40 60
41 59
41 58
41 57
41 57
41 56
42 55
42 54
42 53
42 53
43 52
43 51
43 51
44 51
44 51
45 52
45 52
45 53
45 54
45 54
46 55
46 56
46 56
46 57
46 58
46 59
46 60
46 60
46 61
46 62
46 63
46 64
46 64
46 65
46 66
45 67
45 68
45 69
45 69
45 70
45 71
44 72
44 73
44 74
44 74
44 75
43 76
43 77
43 78
42 79
42 80
42 80
42 81
41 82
41 83
41 84
40 85
40 86
40 86
39 87
39 88
38 89
38 90
38 90
37 91
37 91
36 92
36 92
36 91
36 91
36 90
36 89
36 88
36 87
36 87
36 86
36 85
37 84
37 83
37 82
37 81
37 81
37 80
37 79
37 78
37 77
38 76
38 75
38 74
38 73
38 72
38 72
38 71
38 70
39 69
39 68
39 67
39 66
39 65
40 64
40 63
40 62
40 62
40 61
40 60
41 59
41 58
41 57
41 56
42 55
42 54
42 53
42 52
43 51
43 50
43 49
43 48
43 47
44 46
44 45
44 44
44 43
45 42
45 41
45 40
45 39
46 38
46 37
46 36
46 35
47 34
47 33
47 32
47 31
47 30
48 29
48 28
48 27
48 26
49 25
49 24
49 23
49 22
50 21
50 20
50 19
50 18
50 17
51 16
51 15
51 14
51 13
52 12
52 11
52 10
52 9
53 8
53 7
53 6
53 6
54 5
54 4
55 3
55 3
55 3
55 3
55 4
55 4
55 5
55 6
55 6
55 7
55 8
55 9
55 10
55 10
55 11
55 12
55 13
55 14
55 15
55 15
55 16
55 17
55 18
55 19
55 20
55 20
55 21
55 22
55 23
55 24
55 25
55 26
55 27
55 27
55 28
55 29
55 30
55 31
55 32
55 33
55 34
55 34
55 35
55 36
55 37
54 38
54 39
54 40
54 41
54 42
54 42
54 43
54 44
54 45
54 46
54 47
54 48
54 49
54 49
54 50
54 51
54 52
54 53
53 54
53 55
53 56
53 57
53 58
53 58
53 59
53 60
53 61
52 62
52 63
52 64
52 65
52 66
52 66
52 67
52 68
52 69
52 70
52 71
52 72
52 72
52 73
52 74
51 75
51 76
51 77
51 77
51 78
51 79
51 80
51 80
50 81
50 82
50 82
50 82
50 81
50 81
50 80
50 79
50 79
50 78
51 77
51 76
51 76
51 75
51 74
52 73
52 72
52 71
52 71
52 70
52 69
53 68
53 67
53 66
53 65
53 65
53 64
53 63
54 62
54 61
54 60
54 59
54 59
55 58
55 57
56 56
56 56
57 55
57 55
58 55
58 55
59 56
59 57
59 57
59 58
60 59
60 60
60 60
60 61
60 62
60 63
60 64
60 64
60 65
61 66
61 67
61 68
61 68
61 69
61 70
60 71
60 72
60 73
60 73
60 74
60 75
60 76
60 77
60 77
60 78
59 79
59 80
58 81
58 82
58 82
58 83
57 84
57 85
57 86
57 86
56 87
56 88
56 88
55 89
54 89
54 89
53 89
53 89
52 88
52 88
52 87
52 86
52 86
52 85
52 84
52 83
52 82
52 82
52 81
52 80
52 79
52 78
52 77
52 76
52 76
52 75
52 74
53 73
53 72
53 71
53 70
53 70
53 69
54 68
54 67
54 66
55 65
55 64
55 64
56 63
56 62
57 61
57 61
58 60
58 59
58 59
59 58
60 58
60 58
61 57
62 56
62 56
63 55
63 55
64 55
64 55
65 55
65 55
66 56
66 56
67 57
67 58
67 58
67 59
67 60
67 61
67 61
67 62
68 63
68 64
68 65
68 65
68 66
68 67
68 68
68 69
68 70
68 70
68 71
68 72
68 73
68 74
68 75
68 75
68 76
68 77
67 78
67 79
67 80
67 80
67 81
67 82
67 83
67 84
67 85
67 86
67 86
67 87
67 88
67 89
67 89
67 90
67 91
67 91
68 92
68 92
68 92
68 91
68 91
68 90
68 90
68 89
68 88
68 87
68 86
68 86
68 85
68 84
68 83
68 82
68 82
68 81
68 80
68 79
68 78
68 77
68 76
68 75
68 74
68 73
68 72
68 71
68 70
68 69
68 68
68 67
68 66
68 65
68 64
68 63
68 62
68 61
68 60
68 59
68 58
68 57
68 56
68 55
68 54
68 53
68 52
68 51
68 50
68 49
68 48
68 47
68 46
68 46
68 45
68 44
68 43
68 42
68 41
68 40
68 40
68 39
68 39
68 38
68 37
68 37
67 37
67 37
67 37
68 38
68 38
68 39
68 40
68 40
69 41
69 42
69 42
70 43
70 44
70 44
71 45
71 45
71 46
71 47
71 48
71 49
71 50
71 51
71 52
71 53
71 54
71 55
71 56
71 57
71 57
71 58
71 59
71 60
71 61
71 62
71 63
71 63
71 64
71 64
72 65
72 65
72 66
72 67
72 67
73 68
73 69
73 69
74 70
75 70
75 70
76 71
77 71
77 71
78 71
78 71
79 71
80 71
80 71
81 70
82 70
82 70
83 69
83 69
84 68
84 67
85 66
85 66
86 65
86 64
86 64
87 63
87 62
87 62
88 61
88 60
88 60
89 59
89 58
89 58
89 57
89 56
89 56
89 55
88 54
88 53
88 53
87 52
87 52
86 52
86 52
85 53
84 53
84 53
83 54
83 55
82 56
82 57
82 57
82 58
81 59
81 60
80 61
80 62
80 62
80 63
79 64
79 65
79 66
79 67
78 68
78 69
78 69
78 70
78 71
77 72
77 73
77 74
77 75
77 75
77 76
77 77
77 78
77 79
77 80
77 80
77 81
77 82
77 83
77 84
77 85
77 85
78 86
78 87
78 87
79 88
80 88
80 88
81 87
82 86
83 85
83 85
84 84
84 83
85 82
86 81
86 80
87 79
87 79
88 78
89 77
90 76
90 75
91 74
92 73
92 73
93 72
94 71
94 70
95 69
96 68
96 68
97 67
98 66
99 66
100 65
