8 70
8 71
8 71
8 70
8 70
8 69
8 69
8 68
8 68
8 67
8 66
8 66
8 65
8 65
8 64
8 64
8 63
8 62
8 62
7 61
7 61
7 60
7 59
7 59
7 58
7 58
6 57
6 57
6 57
5 58
5 58
5 59
4 60
4 61
4 61
4 62
3 63
3 64
3 64
3 65
3 66
2 67
2 68
2 69
2 70
2 70
2 71
2 72
2 73
1 74
1 75
1 76
1 77
1 77
1 78
1 79
1 80
0 81
0 82
0 83
0 84
0 84
0 85
0 86
0 87
0 88
0 89
0 90
0 90
0 91
0 92
0 93
0 94
0 94
0 95
0 96
0 97
0 97
0 98
0 99
0 100
0 100
0 100
1 99
1 99
1 98
2 97
2 96
2 96
2 95
2 94
3 93
3 92
3 91
3 91
3 90
3 89
4 88
4 87
4 86
4 86
4 85
5 84
5 83
5 82
6 81
6 80
6 80
6 79
6 78
6 77
7 76
7 75
7 74
7 73
7 72
7 72
7 71
7 70
8 69
8 68
8 67
8 66
9 65
9 64
9 63
9 63
9 62
9 61
9 60
9 59
10 58
10 57
10 56
10 55
10 54
10 53
10 53
10 52
10 51
11 50
11 49
11 48
11 47
11 46
12 45
12 44
12 43
12 43
12 42
12 41
12 40
12 39
12 38
13 37
13 36
13 35
13 34
13 33
13 32
13 32
13 31
13 30
13 29
14 28
14 27
14 26
14 25
14 24
14 24
14 23
14 22
14 21
15 20
15 19
15 18
15 17
15 17
15 16
16 15
16 14
16 13
16 13
16 12
16 12
16 12
16 12
16 13
15 14
15 15
15 16
15 16
15 17
15 18
14 19
14 20
14 21
14 21
14 22
14 23
14 24
13 25
13 26
13 27
13 28
13 28
13 29
13 30
13 31
13 32
12 33
12 34
12 35
12 36
12 37
12 37
12 38
12 39
12 40
12 41
11 42
11 43
11 44
11 45
11 46
11 46
11 47
11 48
11 49
11 50
10 51
10 52
10 53
10 54
10 55
10 56
10 56
10 57
10 58
10 59
9 60
9 61
9 62
9 63
9 64
9 64
9 65
9 66
9 67
9 68
9 69
9 70
9 71
9 72
9 72
9 73
9 74
9 75
8 76
8 77
8 78
8 79
8 79
8 80
8 81
8 82
8 83
8 84
8 85
8 85
8 86
9 87
9 88
9 89
9 89
10 90
10 91
10 91
10 92
11 93
11 94
11 94
12 94
12 94
13 93
14 93
14 93
15 92
15 91
16 90
16 90
17 89
17 88
18 87
18 87
19 86
19 85
20 84
20 83
20 83
20 82
21 81
21 80
22 79
22 78
22 78
22 77
23 76
23 75
24 74
24 73
24 73
24 72
24 71
25 70
25 69
25 68
25 67
25 67
25 66
25 65
25 64
26 63
26 62
26 61
26 60
26 60
26 59
26 58
27 57
27 56
27 55
27 55
27 54
27 53
27 52
27 52
26 51
26 50
26 50
26 49
26 49
25 50
25 51
25 51
24 52
23 53
23 53
23 54
23 55
22 56
22 57
22 58
22 58
22 59
21 60
21 61
21 62
20 63
20 64
20 64
20 65
20 66
20 67
19 68
19 69
19 70
19 71
19 72
19 72
19 73
19 74
19 75
19 76
19 77
19 78
19 78
19 79
19 80
19 81
19 82
19 83
19 83
19 84
19 85
19 86
19 87
19 87
20 88
20 89
20 89
21 90
21 90
22 91
22 91
23 90
24 90
24 90
25 89
26 88
26 88
27 87
27 86
28 85
28 85
28 84
29 83
29 82
30 81
30 80
30 80
30 79
31 78
31 77
32 76
32 75
32 75
32 74
32 73
33 72
33 71
33 70
33 69
33 68
33 67
34 66
34 65
34 64
34 63
34 62
35 61
35 60
35 59
35 58
35 57
35 56
36 55
36 54
36 53
36 52
36 51
36 50
37 49
37 48
37 47
37 46
37 45
38 44
38 43
38 42
38 41
38 40
38 39
39 38
39 37
39 36
39 35
39 34
40 33
40 32
40 31
40 30
40 29
40 28
41 27
41 26
41 25
41 24
41 23
41 22
42 21
42 20
42 19
42 18
42 17
43 16
43 15
43 14
43 13
43 12
43 11
44 10
44 9
44 8
44 8
44 8
44 7
44 6
44 6
43 5
43 5
43 6
43 6
43 7
43 7
43 8
43 9
43 10
43 10
43 11
43 12
43 13
43 14
43 15
43 15
43 16
43 17
43 18
43 19
43 20
43 21
43 21
43 22
43 23
43 24
42 25
42 26
42 27
42 28
42 28
42 29
42 30
42 31
42 32
42 33
42 34
42 35
42 35
42 36
42 37
42 38
42 39
41 40
41 41
41 42
41 43
41 44
41 44
41 45
41 46
41 47
41 48
41 49
41 50
41 51
41 52
41 53
41 54
41 54
41 55
41 56
41 57
40 58
40 59
40 60
40 61
40 61
40 62
40 63
39 64
39 65
39 66
39 67
39 67
39 68
39 69
38 70
38 71
38 72
38 72
38 73
38 74
38 75
38 76
38 77
38 77
38 78
37 79
37 80
37 80
37 81
37 82
37 82
36 82
36 82
36 82
36 81
36 80
36 80
36 79
37 78
37 77
37 77
37 76
37 75
38 74
38 73
38 72
38 72
38 71
38 70
39 69
39 68
39 67
39 66
39 66
39 65
40 64
40 63
40 63
41 62
41 61
42 60
42 60
43 60
43 60
44 61
45 61
45 61
46 62
46 63
46 63
46 64
46 65
46 66
46 66
46 67
47 68
47 69
47 70
47 70
47 71
47 72
47 73
47 74
47 74
47 75
47 76
46 77
46 78
46 79
46 79
46 80
46 81
45 82
45 83
45 84
45 84
45 85
45 86
44 87
44 88
44 89
44 89
44 90
43 91
43 92
42 93
42 94
42 94
41 95
41 96
40 97
40 97
39 98
39 99
39 99
38 99
38 99
37 98
37 97
37 97
37 96
37 95
37 94
37 93
37 93
37 92
37 91
37 90
37 89
37 88
37 87
37 87
37 86
37 85
37 84
38 83
38 82
38 81
38 80
38 79
38 79
38 78
38 77
38 76
38 75
39 74
39 73
39 72
39 71
39 70
39 70
39 69
39 68
40 67
40 66
40 65
40 64
40 63
40 62
41 61
41 60
41 59
41 58
41 57
42 56
42 55
42 54
42 53
42 52
42 51
43 50
43 49
43 48
43 47
43 46
44 45
44 44
44 43
44 42
44 41
44 40
45 39
45 38
45 37
45 36
45 35
45 34
46 33
46 32
46 31
46 30
46 29
47 28
47 27
47 26
47 25
47 24
47 23
48 22
48 21
48 20
48 20
48 19
49 18
49 17
49 16
50 15
50 14
50 13
51 12
51 11
51 10
52 9
52 8
52 8
52 7
53 6
53 5
53 4
53 4
53 3
54 2
54 1
54 1
55 0
55 0
56 1
56 2
56 2
56 3
56 4
56 4
56 5
56 6
57 7
57 8
57 9
57 9
57 10
57 11
57 12
57 13
57 14
57 15
57 16
57 16
57 17
57 18
57 19
56 20
56 21
56 22
56 23
56 23
56 24
56 25
56 26
56 27
56 28
56 29
56 30
56 30
56 31
56 32
56 33
56 34
56 35
56 36
56 37
56 38
56 39
56 39
56 40
56 41
56 42
56 43
55 44
55 45
55 46
55 47
55 48
55 48
55 49
55 50
55 51
55 52
55 53
55 54
55 55
55 56
55 57
55 58
55 58
55 59
55 60
54 61
54 62
54 63
54 64
53 65
53 66
53 67
53 67
53 68
53 69
53 70
52 71
52 72
52 73
52 74
52 75
52 75
52 76
52 77
52 78
52 79
51 80
51 81
51 82
51 83
51 84
51 84
51 85
51 86
50 87
50 88
50 89
50 89
50 90
49 91
49 92
49 92
48 93
48 94
48 94
48 94
48 94
48 93
48 92
48 91
48 91
48 90
49 89
49 88
49 87
49 87
49 86
49 85
50 84
50 83
50 82
50 81
50 81
50 80
50 79
50 78
51 77
51 76
51 75
51 74
51 73
51 73
51 72
52 71
52 70
52 69
53 68
53 67
53 67
53 66
54 65
54 64
55 63
55 62
55 62
56 61
56 60
57 59
57 59
58 58
59 58
59 58
60 59
61 59
61 59
61 60
62 61
62 62
62 62
62 63
62 64
62 65
62 66
62 66
62 67
62 68
63 69
63 70
63 71
63 71
63 72
63 73
62 74
62 75
62 76
62 76
62 77
62 78
62 79
62 80
62 81
62 82
62 82
62 83
62 84
61 85
61 86
61 87
61 87
61 88
61 89
60 90
60 91
60 92
60 92
60 93
59 94
59 95
58 96
58 97
58 97
57 98
56 99
56 99
55 100
55 100
54 100
54 100
53 99
53 98
53 98
53 97
53 96
53 95
53 95
53 94
53 93
53 92
53 91
53 90
53 90
53 89
53 88
54 87
54 86
54 85
54 84
54 84
54 83
55 82
55 81
55 80
55 79
56 78
56 77
56 77
56 76
57 75
57 74
58 73
58 72
58 72
58 71
59 70
59 69
60 68
60 67
60 67
61 66
61 65
62 64
62 63
62 63
63 62
64 61
64 61
65 60
66 59
66 59
67 58
68 58
68 58
69 58
69 58
70 58
70 58
70 59
70 60
70 60
70 61
70 62
70 62
70 63
70 64
70 65
70 65
70 66
70 67
70 68
70 69
70 69
70 70
70 71
70 72
70 73
70 74
70 74
70 75
70 76
69 77
69 78
69 79
69 79
69 80
69 81
69 82
69 83
69 83
69 84
68 85
68 86
68 86
68 87
68 88
68 88
69 89
69 90
69 90
69 90
69 90
70 89
70 88
70 88
70 87
70 86
70 86
70 85
71 84
71 83
71 83
71 82
71 81
71 80
71 79
71 78
71 77
71 76
71 75
71 74
71 73
71 72
71 71
71 70
71 69
71 68
71 67
71 66
71 65
71 64
71 63
71 62
71 61
71 60
71 59
71 58
71 57
71 56
71 55
71 54
71 53
71 52
71 51
71 50
71 49
71 48
71 47
71 46
71 45
71 44
71 43
71 43
70 42
70 41
70 41
69 41
69 41
69 40
69 39
69 39
69 39
70 39
70 39
70 40
70 40
71 41
71 41
72 42
72 42
73 43
73 44
73 44
73 45
73 46
73 47
73 48
73 49
73 50
73 51
73 52
73 53
73 54
73 55
73 56
73 57
73 58
73 59
73 59
73 60
73 61
73 62
73 63
73 64
73 65
73 65
74 66
74 67
74 67
74 68
74 69
74 69
74 70
74 71
74 71
75 72
75 73
75 73
76 74
76 74
77 74
78 74
78 74
79 75
79 75
80 75
81 75
81 75
82 74
83 74
83 74
84 73
85 73
85 73
86 72
87 72
87 72
88 71
88 70
88 70
89 69
90 68
90 68
91 67
91 66
91 66
91 65
92 64
92 63
92 63
92 62
92 61
92 61
91 60
91 59
91 59
90 58
90 57
90 57
89 56
88 56
88 56
87 57
86 57
86 57
85 58
85 59
84 60
84 60
83 61
83 62
82 63
82 64
82 64
82 65
81 66
81 67
81 68
80 69
80 70
80 70
80 71
79 72
79 73
79 74
79 75
78 76
78 77
78 77
78 78
78 79
78 80
77 81
77 82
77 83
77 84
77 84
77 85
77 86
77 87
77 88
77 89
77 89
77 90
78 91
78 92
78 92
78 93
79 94
79 95
79 95
80 96
81 96
81 96
82 96
83 96
83 96
84 96
85 95
86 95
86 95
87 94
88 93
89 92
89 92
90 91
91 90
92 89
93 88
93 88
94 87
95 86
96 85
96 85
97 84
98 83
99 82
100 81
