6 60
5 59
5 58
5 58
5 57
5 57
5 56
5 56
4 55
4 55
4 55
4 54
4 54
3 54
3 54
3 55
3 55
3 56
3 56
3 57
2 58
2 59
2 59
2 60
2 61
2 62
2 62
2 63
1 64
1 65
1 66
1 66
1 67
1 68
1 69
1 70
1 70
1 71
1 72
0 73
0 74
0 75
0 76
0 76
0 77
0 78
0 79
0 80
0 81
0 82
0 82
0 83
0 84
0 85
0 86
0 87
0 87
0 88
0 89
0 90
0 91
0 92
0 92
0 93
0 94
0 95
0 96
0 96
0 97
0 98
0 98
0 99
0 99
1 99
1 99
2 98
2 97
2 97
2 96
3 95
3 94
3 93
3 93
3 92
4 91
4 90
4 89
4 89
4 88
4 87
4 86
5 85
5 84
5 83
5 82
5 82
5 81
5 80
6 79
6 78
6 77
6 76
6 76
6 75
6 74
6 73
7 72
7 71
7 70
7 69
7 68
7 68
7 67
7 66
7 65
8 64
8 63
8 62
8 61
8 60
8 60
8 59
8 58
8 57
9 56
9 55
9 54
9 53
9 52
9 52
9 51
9 50
9 49
10 48
10 47
10 46
10 45
10 44
10 44
10 43
10 42
10 41
10 40
10 39
10 38
10 37
10 36
10 36
10 35
10 34
10 33
11 32
11 31
11 30
11 29
11 28
11 28
11 27
11 26
11 25
11 24
11 23
11 22
11 21
11 20
11 20
11 19
11 18
11 17
11 16
11 15
11 14
11 13
11 13
11 12
11 11
12 10
12 9
12 8
12 7
12 7
12 6
12 5
12 4
12 4
12 3
12 2
12 2
12 1
12 1
12 0
12 0
12 1
12 1
12 2
12 2
11 3
11 4
11 4
11 5
11 6
11 7
11 7
11 8
11 9
10 10
10 11
10 12
10 12
10 13
10 14
10 15
10 16
10 17
10 17
10 18
10 19
10 20
9 21
9 22
9 23
9 24
9 24
9 25
9 26
9 27
9 28
9 29
9 30
9 30
9 31
9 32
9 33
8 34
8 35
8 36
8 37
8 37
8 38
8 39
8 40
8 41
8 42
8 43
8 44
8 45
8 45
8 46
8 47
8 48
8 49
8 50
8 51
8 52
8 53
8 54
8 55
8 55
8 56
8 57
8 58
8 59
8 60
8 61
8 62
8 63
8 64
8 64
8 65
8 66
8 67
8 68
8 69
8 70
8 71
8 72
8 73
8 73
8 74
8 75
8 76
8 77
8 78
8 79
8 80
8 81
8 82
8 82
8 83
8 84
9 85
9 86
9 87
9 88
9 88
9 89
9 90
9 91
9 92
9 93
9 94
9 94
9 95
10 96
10 97
10 97
11 98
11 99
11 99
12 100
12 100
12 99
13 98
13 97
13 96
13 95
14 94
14 93
14 92
14 91
15 90
15 89
15 88
15 87
16 86
16 85
16 84
16 83
17 82
17 81
17 80
17 79
18 78
18 77
18 76
18 75
19 74
19 73
19 73
18 74
18 75
18 75
18 75
17 74
17 74
17 74
17 75
17 75
17 75
17 76
17 77
17 77
17 78
17 78
17 79
17 80
17 80
18 81
18 81
19 82
19 82
19 82
20 81
20 81
21 80
21 80
21 79
22 78
22 77
22 77
22 76
23 75
23 74
23 74
23 73
23 72
23 71
23 71
23 70
24 69
24 68
24 67
24 67
24 66
24 65
24 64
24 63
24 63
24 62
24 61
24 60
24 60
24 59
24 58
24 58
23 57
23 57
23 57
22 57
22 57
21 58
21 58
20 59
20 59
20 60
19 61
19 62
19 62
19 63
18 64
18 65
18 65
18 66
17 67
17 68
17 69
17 69
17 70
17 71
17 72
17 73
17 73
17 74
17 75
16 76
16 77
16 78
16 78
16 79
16 80
16 81
16 82
16 82
16 83
16 84
16 85
16 86
16 86
16 87
17 88
17 89
17 90
17 90
17 91
18 92
18 93
18 93
19 94
19 94
20 95
20 95
21 95
22 95
22 95
23 94
23 94
24 93
25 92
25 92
26 91
26 90
27 89
27 89
27 88
27 87
28 86
28 85
28 84
28 83
28 82
29 81
29 80
29 79
29 78
30 77
30 76
30 75
30 74
30 73
31 72
31 71
31 70
31 69
31 68
32 67
32 66
32 65
32 64
33 63
33 62
33 61
33 60
33 59
34 58
34 57
34 56
34 55
34 54
35 53
35 52
35 51
35 50
35 49
36 48
36 47
36 46
36 45
37 44
37 43
37 42
37 41
37 40
38 39
38 38
38 37
38 36
38 35
39 34
39 33
39 32
39 31
40 30
40 29
40 28
40 27
40 26
41 25
41 24
41 23
41 23
41 22
42 21
42 20
42 19
42 19
41 18
41 18
41 18
40 19
40 19
40 19
40 20
40 21
40 21
39 22
39 23
39 23
39 24
39 25
39 26
39 27
39 27
39 28
39 29
39 30
39 30
39 31
39 32
39 33
39 34
39 35
39 36
39 36
39 37
39 38
39 39
38 40
38 41
38 42
38 43
38 43
38 44
38 45
38 46
38 47
38 48
38 49
38 50
38 51
38 51
38 52
38 53
38 54
38 55
38 56
38 57
38 58
38 58
38 59
38 60
38 61
37 62
37 63
37 64
37 65
37 65
37 66
37 67
37 68
37 69
37 70
37 71
37 72
37 72
37 73
37 74
36 75
36 76
36 77
36 77
36 78
36 79
36 80
36 81
36 82
36 82
36 83
36 84
36 85
36 86
36 86
36 87
35 88
35 89
35 89
35 90
35 91
35 91
35 91
35 90
35 90
35 89
35 88
35 88
35 87
35 86
36 85
36 84
36 83
36 83
36 82
36 81
36 80
36 79
36 78
36 78
36 77
36 76
37 75
37 74
37 73
37 73
37 72
37 71
37 70
37 69
37 68
37 68
37 67
38 66
38 65
38 64
38 64
38 63
39 62
39 61
39 61
40 60
40 59
40 59
41 58
41 57
41 57
42 56
42 56
43 55
43 55
44 55
44 55
45 56
45 57
45 57
46 58
46 59
46 59
46 60
46 61
46 62
46 62
46 63
46 64
46 65
46 65
46 66
46 67
46 68
46 69
46 69
46 70
46 71
46 72
46 73
46 73
46 74
46 75
45 76
45 77
45 78
45 78
44 79
44 80
43 81
43 82
43 82
43 83
42 84
42 85
42 86
42 86
41 87
41 88
40 89
40 90
40 90
40 91
39 92
39 93
39 93
38 94
37 95
37 95
36 96
36 96
35 95
35 95
34 94
34 94
34 93
34 92
34 92
34 91
34 90
34 89
34 89
34 88
35 87
35 86
35 85
35 84
36 83
36 82
36 81
37 80
37 79
37 78
38 77
38 76
38 75
38 74
39 73
39 72
39 71
40 70
40 69
40 68
40 67
41 66
41 65
41 64
42 63
42 62
42 61
43 60
43 59
43 58
43 57
44 56
44 55
44 54
45 53
45 52
45 51
45 50
46 49
46 48
46 47
47 46
47 45
47 44
48 43
48 42
48 41
48 40
49 39
49 38
49 37
50 36
50 35
50 34
50 33
51 32
51 31
51 30
52 29
52 28
52 27
53 26
53 25
53 24
53 23
54 22
54 21
54 21
55 20
55 20
55 21
55 21
55 21
55 22
55 22
55 23
55 23
55 24
55 24
55 25
55 26
55 27
55 27
55 28
55 29
55 30
55 30
55 31
54 32
54 33
54 34
54 34
54 35
54 36
54 37
54 38
54 39
54 40
54 40
54 41
54 42
54 43
54 44
54 45
54 46
54 46
54 47
54 48
54 49
53 50
53 51
53 52
53 53
53 53
53 54
53 55
53 56
52 57
52 58
52 59
52 60
52 60
52 61
52 62
52 63
52 64
52 65
52 66
52 66
52 67
52 68
51 69
51 70
51 71
51 72
51 72
51 73
51 74
51 75
51 76
51 77
51 78
51 78
51 79
51 80
50 81
50 82
50 83
50 84
50 84
50 85
50 86
50 87
50 88
50 88
50 89
50 90
50 91
50 92
50 92
49 93
49 93
49 94
49 94
49 94
49 93
49 92
49 92
50 91
50 90
50 90
50 89
50 88
50 87
50 86
50 86
50 85
50 84
50 83
50 82
50 81
50 80
50 80
50 79
50 78
51 77
51 76
51 75
51 74
51 74
51 73
51 72
52 71
52 70
52 69
52 69
52 68
53 67
53 66
53 65
53 65
53 64
54 63
54 62
54 61
54 61
55 60
55 59
55 59
56 58
56 57
56 57
57 56
57 56
58 55
58 55
59 55
59 55
60 56
60 56
61 57
61 57
61 58
61 59
61 59
61 60
61 61
61 61
61 62
61 63
61 64
61 64
61 65
61 66
61 67
61 67
61 68
61 69
61 70
61 71
61 71
61 72
60 73
60 74
60 74
60 75
59 76
59 77
59 77
59 78
59 79
59 80
59 81
59 81
59 82
58 83
58 84
58 84
57 85
57 86
56 87
56 87
55 88
55 89
55 89
55 90
54 91
54 92
54 92
53 93
53 93
52 93
52 93
52 93
52 93
52 92
52 92
52 91
52 91
52 90
52 89
52 89
53 88
53 87
53 87
54 86
54 85
54 85
54 84
54 83
54 83
55 82
55 81
56 80
57 79
57 78
58 77
59 76
60 75
60 74
61 73
62 72
62 71
63 70
64 69
64 68
65 67
66 66
67 65
67 64
68 63
69 62
69 61
70 60
70 60
70 61
70 62
70 62
70 63
70 63
70 64
70 64
69 65
69 65
69 66
69 67
69 67
69 68
69 69
69 69
69 70
69 71
69 72
69 72
69 73
68 74
68 75
68 75
68 76
68 77
68 78
68 78
68 79
67 80
67 81
67 82
67 82
67 83
67 84
67 85
67 86
67 86
67 87
67 88
67 89
67 90
67 90
67 91
66 92
66 93
66 94
66 94
66 95
66 96
66 97
66 97
66 98
66 99
66 99
66 100
66 100
66 100
66 100
66 100
67 99
67 98
67 98
67 97
67 96
67 95
67 95
67 94
67 93
67 92
67 91
67 90
67 90
67 89
67 88
68 87
68 86
68 85
68 84
68 84
68 83
68 82
68 81
68 80
68 79
68 78
68 77
68 77
68 76
68 75
68 74
68 73
68 72
68 71
68 70
69 69
69 68
69 67
69 66
69 65
69 64
69 63
69 62
69 62
69 61
69 60
69 59
69 58
69 57
69 56
69 55
69 54
69 53
69 52
69 51
69 51
69 50
70 49
70 48
70 48
70 47
70 47
70 46
70 46
70 45
70 45
71 45
71 45
71 45
71 46
71 46
72 47
72 47
72 48
72 49
72 49
73 50
73 50
73 51
73 52
73 52
74 53
74 53
74 54
74 55
74 56
74 57
74 58
74 59
74 60
74 61
74 62
74 63
74 64
74 65
75 66
75 67
75 68
75 69
75 70
75 71
75 72
75 73
75 74
75 75
75 76
75 77
75 78
75 78
75 79
75 80
75 80
75 80
76 81
76 81
76 81
76 82
76 82
76 83
76 83
76 83
77 84
77 84
77 84
78 84
78 84
79 83
79 83
80 82
80 82
81 81
81 81
81 80
81 79
81 79
82 78
82 78
82 77
83 76
83 75
83 75
84 74
84 73
84 73
84 72
85 71
85 70
85 70
85 69
85 68
85 67
85 67
86 66
86 66
85 65
85 64
85 64
85 64
85 63
85 63
84 62
84 62
83 63
83 63
82 63
82 63
82 64
82 65
82 65
81 66
81 67
81 67
81 68
80 69
80 70
80 70
80 71
79 72
79 73
79 73
79 74
79 75
79 76
79 76
79 77
78 78
78 79
78 79
78 80
78 81
78 82
78 83
78 83
78 84
78 85
78 86
78 87
78 87
78 88
79 89
79 90
79 91
79 91
79 92
80 93
80 94
80 94
81 95
81 96
81 96
82 97
83 98
83 98
84 98
85 98
85 98
86 98
87 98
87 98
88 98
89 98
90 98
90 98
91 97
92 97
93 96
93 96
94 95
95 95
96 94
97 94
97 94
98 93
99 93
100 92
