8 55
8 55
8 54
8 54
8 54
8 53
8 52
8 52
8 51
8 51
8 50
8 50
7 49
7 48
7 48
7 47
7 47
6 46
6 46
5 46
5 46
4 47
4 47
3 48
3 49
3 49
3 50
2 51
2 52
2 52
2 53
2 54
2 55
2 56
2 56
2 57
1 58
1 59
1 60
1 60
1 61
1 62
1 63
1 64
1 65
1 66
1 66
1 67
0 68
0 69
0 70
0 70
0 71
0 72
0 73
0 74
0 75
0 76
0 76
0 77
0 78
0 79
0 80
0 81
0 81
0 82
0 83
0 84
0 85
0 86
0 86
0 87
0 88
0 89
0 90
0 90
0 91
0 92
0 92
1 93
1 93
1 93
2 92
2 92
2 91
3 90
3 89
3 88
3 88
3 87
4 86
4 85
4 84
4 84
4 83
4 82
4 81
4 80
4 79
4 78
4 78
4 77
4 76
4 75
5 74
5 73
5 72
5 71
5 70
5 70
5 69
5 68
6 67
6 66
6 65
6 64
6 64
6 63
6 62
6 61
7 60
7 59
7 58
7 57
7 56
7 56
7 55
7 54
7 53
7 52
7 51
7 50
7 49
7 48
7 48
7 47
7 46
7 45
7 44
8 43
8 42
8 41
8 40
8 39
8 38
8 38
8 37
8 36
8 35
9 34
9 33
9 32
9 31
9 30
9 30
9 29
9 28
9 27
10 26
10 25
10 24
10 23
10 22
10 22
10 21
10 20
10 19
11 18
11 17
11 16
11 15
11 14
11 14
11 13
11 12
11 11
11 10
11 9
11 8
11 8
11 7
11 6
12 5
12 4
12 3
12 3
12 2
12 1
12 1
12 0
12 0
12 1
12 1
11 2
11 3
11 3
11 4
11 5
11 6
11 7
11 7
11 8
11 9
10 10
10 11
10 12
10 13
10 13
10 14
10 15
10 16
10 17
10 18
10 19
10 20
10 20
10 21
10 22
10 23
9 24
9 25
9 26
9 27
9 28
9 28
9 29
9 30
9 31
9 32
8 33
8 34
8 35
8 36
8 37
8 38
8 38
8 39
8 40
8 41
8 42
8 43
7 44
7 45
7 46
7 47
7 48
7 49
7 49
7 50
7 51
7 52
7 53
7 54
7 55
7 56
7 57
7 58
7 59
7 60
7 60
7 61
7 62
7 63
7 64
6 65
6 66
6 67
6 68
6 69
6 69
6 70
6 71
6 72
6 73
6 74
6 75
6 76
6 77
6 78
6 78
6 79
6 80
6 81
6 82
6 83
6 84
6 85
6 86
6 86
6 87
6 88
6 89
6 90
6 91
6 92
6 92
6 93
7 94
7 95
7 96
7 96
7 97
8 98
8 99
8 99
9 100
10 100
10 100
11 100
11 100
12 99
13 99
13 99
14 98
15 97
15 97
16 96
16 95
17 94
17 93
17 93
17 92
17 91
18 90
18 89
18 88
18 87
18 87
18 86
19 85
19 84
19 83
19 82
20 81
20 80
20 80
20 79
21 78
21 77
21 76
21 75
22 74
22 73
22 73
22 72
22 71
22 70
23 69
23 68
23 67
23 66
23 65
23 65
23 64
23 63
23 62
24 61
24 60
24 59
24 58
24 58
24 57
24 56
24 55
25 54
25 53
25 52
25 51
25 51
25 50
25 49
25 48
25 47
25 46
25 45
25 45
25 44
25 43
25 42
25 41
25 41
25 40
25 39
25 39
24 38
24 38
24 38
23 39
23 39
22 40
22 41
22 41
22 42
21 43
21 44
21 44
21 45
20 46
20 47
20 48
20 48
20 49
20 50
20 51
20 52
20 52
20 53
20 54
19 55
19 56
19 57
19 58
19 58
19 59
19 60
19 61
19 62
19 63
19 64
19 65
19 65
19 66
19 67
18 68
18 69
18 70
18 71
18 71
18 72
18 73
18 74
18 75
18 76
18 77
18 78
18 78
18 79
18 80
19 81
19 82
19 83
19 84
19 84
19 85
19 86
19 87
19 88
19 89
19 89
19 90
20 91
20 92
20 92
21 93
21 94
21 94
22 94
23 94
23 94
24 93
25 92
25 92
26 91
26 90
27 89
27 88
27 88
28 87
28 86
29 85
29 84
29 84
29 83
30 82
30 81
31 80
31 79
31 79
31 78
31 77
31 76
32 75
32 74
32 73
32 72
32 71
32 70
32 69
32 68
33 67
33 66
33 65
33 64
33 63
33 62
33 61
34 60
34 59
34 58
34 57
34 56
34 55
34 54
34 53
35 52
35 51
35 50
35 49
35 48
35 47
35 46
36 45
36 44
36 43
36 42
36 41
36 40
36 39
36 38
37 37
37 36
37 35
37 34
37 33
37 32
37 31
38 30
38 29
38 28
38 27
38 26
38 25
38 24
38 23
39 22
39 21
39 20
39 19
39 18
39 17
39 16
40 15
40 14
40 13
40 12
40 11
40 10
40 9
40 8
41 7
41 6
41 5
41 4
41 4
41 4
41 5
41 6
41 6
41 7
41 8
41 9
41 10
41 10
41 11
41 12
41 13
41 14
41 15
41 16
41 16
41 17
41 18
41 19
40 20
40 21
40 22
40 23
40 23
40 24
40 25
40 26
40 27
40 28
40 29
40 30
40 31
40 32
40 32
40 33
40 34
40 35
39 36
39 37
39 38
39 39
39 40
39 40
39 41
39 42
39 43
39 44
39 45
39 46
39 47
39 48
39 49
39 49
39 50
39 51
39 52
38 53
38 54
38 55
38 56
38 57
38 57
38 58
38 59
38 60
38 61
38 62
38 63
38 64
38 65
38 65
38 66
38 67
37 68
37 69
37 70
37 70
37 71
37 72
37 73
37 74
37 75
37 75
37 76
37 77
37 78
37 79
37 79
37 80
37 81
37 81
37 81
37 81
37 80
37 80
37 79
37 78
37 77
37 76
37 76
37 75
37 74
38 73
38 72
38 71
38 71
38 70
38 69
39 68
39 67
39 66
39 66
39 65
39 64
40 63
40 62
40 61
40 61
40 60
40 59
41 58
41 57
41 56
41 56
41 55
42 54
42 53
42 52
42 52
43 51
43 50
43 50
44 49
44 48
44 48
45 48
45 48
46 48
46 48
47 49
47 49
47 50
47 51
47 52
47 52
47 53
48 54
48 55
48 55
48 56
48 57
48 58
48 59
48 60
48 60
48 61
48 62
48 63
48 64
48 65
48 65
48 66
48 67
47 68
47 69
47 70
47 70
47 71
47 72
46 73
46 74
46 75
46 75
46 76
46 77
45 78
45 79
45 80
45 80
45 81
44 82
44 83
44 83
44 84
43 85
43 86
43 86
42 87
41 88
41 88
40 88
40 88
39 88
39 88
38 87
38 87
37 86
37 85
37 85
37 84
37 83
37 82
37 82
37 81
37 80
37 79
37 78
37 77
37 77
37 76
37 75
37 74
37 73
37 72
37 72
37 71
38 70
38 69
38 68
38 67
39 66
39 65
39 64
39 63
40 62
40 61
40 60
40 59
41 58
41 57
41 56
42 55
42 54
42 53
42 52
43 51
43 50
43 49
43 48
44 47
44 46
44 45
44 44
45 43
45 42
45 41
46 40
46 39
46 38
46 37
47 36
47 35
47 34
47 33
48 32
48 31
48 30
48 29
49 28
49 27
49 26
50 25
50 24
50 23
50 22
51 21
51 20
51 19
51 18
52 17
52 16
52 15
52 14
53 13
53 12
53 12
53 12
53 11
53 11
53 10
53 10
54 10
54 10
54 10
55 9
55 9
56 9
56 9
56 10
56 10
56 11
57 12
57 13
57 13
57 14
57 15
57 16
57 17
57 17
57 18
57 19
57 20
57 21
57 22
57 22
57 23
57 24
57 25
57 26
57 27
57 28
57 29
57 29
57 30
57 31
57 32
57 33
57 34
57 35
57 36
57 36
57 37
57 38
57 39
56 40
56 41
56 42
56 43
56 43
56 44
56 45
56 46
56 47
56 48
56 49
56 50
56 51
56 51
56 52
56 53
56 54
55 55
55 56
55 57
55 58
55 58
55 59
55 60
55 61
55 62
55 63
55 64
55 65
55 65
55 66
55 67
54 68
54 69
54 70
54 71
54 71
54 72
54 73
54 74
54 75
54 76
54 77
54 77
54 78
54 79
54 80
54 81
54 82
54 83
54 83
54 84
54 85
54 86
54 87
54 87
54 88
54 89
54 90
54 90
54 91
54 91
54 91
54 90
54 90
54 89
54 88
54 87
54 87
54 86
54 85
54 84
54 83
54 83
54 82
54 81
54 80
54 79
54 78
54 77
54 77
54 76
54 75
55 74
55 73
55 72
55 72
55 71
55 70
56 69
56 68
56 67
56 66
56 66
56 65
56 64
56 63
56 62
56 61
56 61
56 60
56 59
57 58
57 57
57 56
57 56
57 55
58 54
58 53
58 52
58 52
58 51
59 50
59 49
59 49
60 48
60 47
60 47
61 46
61 45
61 45
62 45
62 45
62 46
62 47
62 47
62 48
62 49
62 50
62 50
62 51
63 52
63 53
63 53
63 54
63 55
62 56
62 57
62 58
62 58
62 59
62 60
62 61
62 62
62 63
62 63
62 64
62 65
62 66
62 67
62 68
62 68
62 69
61 70
61 71
61 72
61 72
61 73
61 74
60 75
60 76
60 77
60 77
60 78
59 79
59 80
59 81
59 81
59 82
58 83
58 84
58 84
57 85
57 86
57 86
56 87
56 87
56 88
56 88
56 88
56 87
56 87
56 86
56 86
57 85
57 84
57 84
57 83
57 82
57 82
57 81
58 80
58 79
58 79
58 78
59 77
59 76
59 75
59 75
60 74
60 73
61 72
61 71
61 71
61 70
62 69
62 68
62 68
63 67
63 66
63 66
63 65
63 64
63 64
63 63
64 62
64 61
64 61
65 60
65 59
65 59
66 58
66 57
66 57
66 56
66 55
66 54
66 54
67 53
67 52
67 52
68 51
68 50
69 49
69 49
69 48
70 47
70 46
70 46
71 45
71 44
71 44
72 43
72 43
73 42
73 42
74 43
74 43
74 44
74 45
74 46
74 46
74 47
74 48
74 49
74 50
74 50
74 51
74 52
74 53
74 54
74 54
74 55
74 56
73 57
73 58
73 59
73 60
73 60
73 61
73 62
73 63
73 64
73 65
73 65
73 66
73 67
73 68
73 69
73 70
73 70
73 71
72 72
72 73
72 74
72 74
72 75
72 76
72 77
72 78
72 78
72 79
72 80
72 81
72 81
72 82
72 83
72 83
72 84
72 84
73 84
73 84
73 83
73 83
73 82
73 81
73 80
73 79
73 78
73 77
73 76
73 75
73 74
73 73
73 72
73 71
73 70
73 69
73 68
73 67
73 66
73 65
73 64
73 63
73 62
73 61
73 60
73 59
73 58
73 57
73 56
73 55
73 54
73 53
73 52
73 51
73 50
73 49
73 48
73 47
73 46
73 45
73 44
73 43
73 42
73 41
73 40
73 39
73 38
73 37
73 36
73 35
73 34
73 33
73 32
73 31
73 31
73 30
73 29
73 28
73 28
73 27
73 27
73 26
73 26
73 26
73 27
73 27
73 28
73 28
74 29
74 29
74 30
74 30
74 31
74 31
74 32
74 32
75 33
75 33
75 34
75 35
75 35
75 36
75 37
75 38
76 39
76 40
76 41
76 42
76 43
76 44
76 45
76 46
77 47
77 48
77 49
77 50
77 51
77 52
77 53
77 54
78 55
78 56
78 57
78 58
78 58
78 59
78 60
78 60
77 59
77 59
77 60
77 60
77 60
77 60
78 59
78 59
78 58
78 58
79 57
79 57
79 56
80 55
80 54
80 54
80 53
81 52
81 51
81 51
81 50
82 49
82 48
82 47
82 47
82 46
83 45
83 44
83 44
83 43
84 42
84 41
84 40
84 40
84 39
85 38
85 37
85 36
85 36
85 35
85 34
85 34
85 33
85 32
85 32
85 31
85 31
85 31
84 32
84 32
83 33
83 33
83 34
82 35
82 36
82 36
82 37
81 38
81 39
81 39
81 40
80 41
80 42
80 43
80 43
80 44
80 45
80 46
80 47
80 48
80 48
80 49
80 50
79 51
79 52
79 53
79 53
79 54
79 55
79 56
79 57
79 58
79 59
79 59
79 60
79 61
79 62
79 63
79 64
79 65
79 65
79 66
79 67
79 68
79 69
79 70
79 70
79 71
79 72
79 73
79 74
79 75
79 75
79 76
80 77
80 78
80 79
80 79
81 80
81 81
81 81
82 82
83 83
83 83
84 82
85 82
85 82
86 81
87 80
87 80
88 79
89 78
90 77
90 77
91 76
92 75
92 74
93 73
93 73
94 72
94 71
95 70
95 69
96 68
96 68
97 67
98 66
99 66
100 65
