6 17
5 16
4 16
3 15
2 15
2 15
1 14
0 13
0 13
0 13
0 13
0 13
0 12
0 12
1 12
2 12
3 12
3 12
4 12
5 12
6 11
7 11
8 11
8 11
9 11
10 11
11 10
12 10
13 10
13 10
14 10
15 10
16 11
17 11
18 11
18 11
19 11
20 12
21 12
21 12
22 13
23 14
24 14
25 15
25 15
25 16
25 17
26 18
26 19
26 20
26 20
26 21
26 22
27 23
27 24
27 25
27 25
27 26
27 27
27 28
27 29
27 30
27 31
27 31
26 32
26 33
25 34
25 35
25 35
24 36
23 37
23 38
22 39
22 39
21 40
20 41
20 42
19 43
19 43
18 44
17 44
16 45
15 45
15 45
14 46
13 46
13 46
12 46
12 46
11 45
11 45
11 44
11 43
11 43
12 42
12 42
13 41
14 40
14 40
15 40
16 40
16 40
17 41
18 42
18 42
19 43
19 44
20 45
20 45
20 46
20 47
21 48
21 49
21 50
21 50
21 51
21 52
21 53
21 54
21 54
21 55
21 56
22 57
22 58
22 59
22 59
22 60
22 61
22 62
22 62
22 63
22 64
22 64
22 64
23 64
23 64
23 64
24 63
24 62
25 61
25 61
26 60
27 59
28 58
29 57
29 57
30 56
31 55
32 54
32 53
33 52
34 51
35 50
35 50
35 49
36 48
36 47
37 46
37 45
37 44
38 43
38 42
39 41
39 40
39 39
40 38
40 37
41 36
41 35
41 34
42 33
42 32
43 31
43 30
43 29
44 28
44 27
45 26
45 25
45 24
46 23
46 22
47 21
47 20
47 19
48 18
48 17
49 16
49 15
49 14
50 13
50 12
51 11
51 10
51 10
52 10
53 10
54 9
55 9
56 9
57 9
57 9
57 10
56 11
56 12
56 12
56 13
55 14
55 15
55 15
55 16
54 17
54 18
54 19
54 19
54 20
54 21
54 22
54 22
54 23
54 24
54 25
54 25
54 26
54 27
54 28
54 28
54 29
55 30
55 31
55 31
55 32
55 33
55 33
56 34
56 35
56 35
56 34
56 33
56 32
56 31
56 30
56 29
56 28
56 27
56 26
56 25
56 24
56 23
56 22
56 22
57 21
57 20
58 19
58 18
59 17
59 16
59 16
60 15
61 14
61 14
62 13
63 12
64 12
65 11
65 11
66 10
67 10
68 9
69 9
69 9
70 9
71 8
72 8
73 7
74 7
74 7
75 7
76 6
77 6
78 5
79 5
79 5
80 5
81 4
82 4
83 3
84 3
84 3
85 3
86 2
87 2
88 1
89 1
89 1
90 1
91 0
92 0
93 0
93 0
94 0
95 0
95 0
96 1
96 1
96 2
96 2
95 3
95 4
95 4
94 5
93 6
92 7
92 7
91 8
90 9
90 10
89 11
89 11
88 12
87 12
86 13
85 13
84 14
84 14
84 14
83 15
82 16
81 16
80 17
79 18
78 19
77 20
76 21
75 21
74 22
73 23
73 23
72 24
71 24
70 25
70 25
69 26
68 26
68 26
67 27
67 27
67 27
68 26
68 26
69 25
70 25
70 25
71 24
72 24
73 23
74 23
74 23
75 22
76 21
77 20
77 20
78 19
79 19
80 18
81 18
81 18
82 17
83 17
83 17
84 17
84 17
83 18
83 19
83 19
82 20
82 21
81 22
81 23
81 23
80 24
80 25
79 26
79 27
78 28
78 29
78 29
77 30
77 31
76 32
76 33
75 34
75 34
74 35
74 36
73 37
73 38
72 39
72 40
72 40
71 41
71 42
70 43
70 43
69 44
69 45
69 45
69 45
69 45
69 45
69 44
69 44
70 43
71 42
71 42
72 41
73 40
73 39
74 38
74 38
75 37
75 36
76 35
76 34
77 33
77 33
78 32
79 31
80 30
80 30
81 29
82 28
82 28
83 28
83 28
84 28
85 28
85 28
86 28
86 28
87 29
87 29
88 30
88 31
88 31
88 32
88 33
88 33
87 34
87 35
87 35
86 36
85 36
84 37
84 37
83 38
83 39
82 40
82 40
81 40
80 41
79 41
79 41
78 42
77 42
77 42
76 43
76 43
76 43
76 42
76 42
77 42
77 42
78 41
79 41
79 41
80 40
81 40
81 40
82 41
83 41
83 41
84 41
84 41
83 42
83 43
83 43
82 44
82 45
82 45
81 46
80 47
80 47
79 48
78 49
77 50
77 50
76 51
75 52
74 52
73 53
73 53
72 54
71 55
70 55
69 56
68 57
68 57
67 58
66 58
65 59
64 59
64 59
63 60
62 61
62 61
62 61
63 61
63 61
64 61
65 61
66 61
67 61
67 61
68 61
69 60
70 60
71 60
72 59
73 59
73 59
74 58
75 58
76 57
77 57
78 56
79 56
79 56
80 55
81 55
82 54
83 53
84 52
85 52
86 51
86 51
87 50
88 50
89 49
90 49
91 48
92 48
93 47
93 47
94 46
95 45
96 45
97 44
97 44
98 43
98 42
99 41
99 41
99 40
100 39
100 38
100 37
100 37
99 36
99 35
98 34
98 34
97 33
96 32
95 31
95 30
94 29
93 28
92 27
91 26
90 25
89 24
89 23
88 22
87 21
86 20
85 19
84 18
83 17
83 16
82 15
81 14
80 13
80 13
80 12
80 11
80 10
80 9
80 8
80 8
80 8
80 8
80 7
80 7
80 7
80 8
80 8
80 8
80 9
80 9
79 10
79 11
79 11
79 12
79 13
79 13
79 14
79 15
80 16
80 17
80 18
80 18
80 19
80 20
80 21
80 22
80 23
80 24
80 25
80 25
80 26
80 27
80 28
79 29
79 30
79 31
79 32
79 33
79 33
79 34
79 35
79 36
79 37
79 38
79 39
79 40
79 41
79 42
79 43
79 44
79 44
79 45
79 46
79 47
79 48
79 49
78 50
78 51
78 52
78 53
78 54
78 55
78 56
78 56
78 57
78 58
78 59
78 60
78 61
78 62
78 63
78 64
78 65
78 66
78 67
78 68
78 68
78 69
78 70
78 71
78 72
79 73
79 74
79 75
79 76
79 77
79 77
79 78
79 79
79 80
79 81
80 82
80 83
80 84
80 85
80 86
80 86
80 87
80 88
81 89
81 90
81 91
81 91
81 92
82 93
82 94
82 95
82 95
82 96
82 97
82 98
82 98
82 99
82 100
82 100
82 100
82 100
82 100
82 100
82 100
