7 24
8 24
8 24
8 23
8 23
8 23
8 23
8 23
8 24
8 24
7 24
7 24
7 24
6 25
6 25
5 25
5 25
4 26
4 26
3 26
3 26
2 26
2 26
1 27
1 27
1 27
0 27
0 27
0 26
0 26
0 26
0 25
0 25
0 24
0 24
1 23
2 22
2 22
3 21
4 21
4 21
5 20
6 19
6 19
7 18
8 17
8 17
9 16
10 16
11 15
11 15
12 14
13 13
13 13
14 12
15 12
15 12
16 12
17 12
17 12
18 12
19 12
19 12
20 13
20 14
20 14
21 15
21 16
21 16
21 17
22 18
22 19
22 19
22 20
22 21
22 22
22 22
22 23
22 24
22 25
22 25
22 26
21 27
21 28
21 29
21 29
21 30
20 31
20 32
20 32
20 33
19 34
19 35
19 35
18 36
18 37
17 38
17 39
17 39
16 40
16 41
16 41
15 42
15 43
15 43
14 44
14 44
13 44
13 44
13 44
12 44
12 44
12 43
12 43
13 42
13 42
14 41
14 40
14 40
15 39
15 39
16 39
16 39
17 39
17 39
17 39
18 40
18 40
18 41
18 42
18 42
19 43
19 43
19 44
18 45
18 46
18 46
18 47
17 48
17 49
17 49
17 50
17 51
17 52
17 52
16 53
16 54
15 55
15 55
15 56
14 57
14 58
14 58
14 59
14 59
13 60
13 60
13 60
14 60
14 60
15 60
15 60
16 60
17 60
18 60
18 60
19 60
20 59
21 59
22 59
22 59
23 59
24 59
25 59
25 59
26 59
27 58
28 58
28 58
29 58
30 58
30 58
31 58
31 58
32 57
32 56
33 55
33 54
34 53
34 52
35 51
35 50
36 49
36 48
37 47
37 46
38 45
38 44
39 43
39 42
40 41
40 40
41 39
41 38
42 37
42 36
43 35
44 34
44 33
45 32
45 31
46 30
46 29
47 28
47 27
48 26
48 25
49 24
49 23
50 22
50 21
51 20
51 19
52 18
52 17
53 16
53 15
54 14
54 13
55 12
55 12
56 13
56 13
56 12
56 12
56 13
56 13
56 14
56 15
56 16
56 16
56 17
56 18
56 19
56 20
56 20
56 21
56 22
56 23
56 24
56 24
56 25
56 26
56 27
56 27
55 28
55 29
55 29
55 30
55 30
55 30
56 30
56 30
57 30
57 30
58 29
58 28
59 27
59 26
60 25
60 24
61 23
61 22
62 21
62 20
63 19
63 18
64 17
64 16
65 15
65 14
66 13
66 12
67 11
67 11
68 11
69 10
70 10
70 10
71 9
71 9
72 8
72 8
73 7
73 6
73 6
74 5
75 5
75 5
76 4
77 4
78 3
78 3
79 2
80 2
80 2
81 2
82 1
83 1
83 1
84 1
85 0
86 0
86 0
87 0
88 0
88 0
89 1
90 1
90 1
91 2
91 2
92 3
92 4
92 4
93 5
93 5
93 6
93 7
93 7
93 8
93 8
92 9
91 10
91 10
90 11
89 12
89 12
88 13
88 14
87 15
87 15
86 16
85 17
84 18
84 18
83 19
82 19
81 20
81 20
80 21
79 21
78 22
78 22
77 23
76 24
75 25
74 25
73 26
72 27
71 28
71 28
70 28
70 28
69 28
69 28
69 28
69 28
69 28
70 28
70 28
70 27
70 27
71 26
72 26
72 26
73 25
74 24
74 24
75 23
76 23
76 23
77 22
78 22
78 22
79 21
79 21
80 21
80 21
81 21
81 21
81 21
82 21
82 21
81 22
81 22
80 23
80 23
79 24
79 25
79 25
78 26
78 27
78 27
77 28
76 29
76 29
76 30
75 31
75 32
75 32
74 33
74 34
74 34
73 35
73 36
72 37
72 37
71 38
71 39
71 39
71 40
71 40
71 41
71 41
70 41
70 41
70 41
71 41
71 41
71 41
72 40
72 39
72 39
73 38
73 37
73 37
74 36
74 35
74 35
74 34
75 33
75 32
75 32
76 31
76 31
77 30
77 30
78 30
78 30
79 30
79 30
80 30
80 30
81 31
81 31
82 32
82 32
82 33
82 33
82 34
82 35
82 35
82 36
82 37
82 38
82 38
81 39
80 40
80 40
79 41
78 42
78 42
77 43
76 43
76 43
75 44
74 44
74 44
73 44
72 45
71 45
71 45
70 45
70 45
69 44
68 44
68 44
68 44
68 43
68 42
68 42
69 41
70 41
70 41
71 40
72 39
72 39
73 39
74 38
75 38
75 38
76 37
77 37
78 36
78 36
79 36
80 36
80 36
81 37
81 37
82 38
82 38
82 39
82 39
81 40
81 41
81 41
80 42
79 43
79 43
78 44
78 45
77 46
77 46
76 47
76 48
75 49
75 49
74 50
73 50
72 51
72 51
71 52
71 53
70 54
70 54
70 55
70 56
70 56
70 57
70 58
70 58
71 59
71 59
72 59
72 59
73 59
74 58
75 58
75 58
76 58
77 57
78 57
79 57
79 57
80 56
81 55
82 55
83 54
83 54
84 54
85 53
86 53
87 52
88 52
88 52
89 51
90 50
91 50
92 49
92 49
93 48
94 48
95 47
95 47
96 46
97 46
98 45
98 45
99 44
99 43
99 43
100 42
100 42
99 41
99 41
98 40
98 40
97 39
96 38
96 38
95 37
95 36
94 35
94 35
93 34
92 33
91 32
91 32
90 31
89 30
88 30
87 29
87 29
86 28
85 27
84 26
83 25
83 25
82 24
82 23
81 22
81 22
80 21
80 20
79 19
79 19
78 18
77 18
77 18
76 17
76 17
76 16
76 16
76 16
76 16
76 16
76 17
76 18
76 18
77 19
77 20
77 20
77 21
77 22
77 23
77 23
77 24
77 25
78 26
78 27
78 28
78 29
78 29
78 30
78 31
78 32
78 33
78 34
78 35
78 36
78 36
78 37
78 38
78 39
78 40
78 41
78 42
78 43
78 43
78 44
78 45
78 46
78 47
79 48
79 49
79 50
79 51
79 52
79 52
79 53
79 54
79 55
79 56
80 57
80 58
80 59
80 60
80 61
80 62
80 62
80 63
80 64
80 65
80 66
80 67
80 68
80 69
80 70
80 71
80 72
80 72
80 73
80 74
80 75
80 76
80 77
80 78
80 79
80 80
80 80
80 81
80 82
80 83
80 84
80 85
80 86
80 87
80 88
80 88
80 89
80 90
80 91
80 92
80 93
80 94
80 94
80 95
80 96
80 97
80 97
80 98
79 99
79 100
79 100
79 100
79 100
