8 16
7 17
6 18
5 19
5 19
4 19
4 19
3 19
2 19
2 19
1 18
0 17
0 17
0 17
0 17
1 16
2 16
3 15
3 15
4 14
5 14
6 13
7 13
7 13
8 12
9 11
10 11
11 10
12 9
12 9
13 9
14 8
15 8
15 8
16 7
17 7
17 7
18 7
18 7
19 8
19 8
20 9
20 10
21 11
21 12
21 12
21 13
21 14
21 15
21 16
21 17
21 17
21 18
21 19
21 20
21 21
21 22
21 23
21 23
21 24
21 25
20 26
20 27
20 28
20 28
20 29
20 30
20 31
20 32
20 32
20 33
19 34
19 35
19 35
18 36
18 37
18 37
17 38
17 39
17 39
16 39
16 39
15 38
14 38
14 38
13 38
13 38
12 37
12 36
12 36
12 35
12 34
12 34
13 33
13 32
13 32
14 33
14 33
15 34
16 34
16 34
17 35
17 36
18 37
18 37
18 38
18 39
19 40
19 41
19 42
19 42
19 43
19 44
19 45
19 46
19 46
19 47
19 48
19 49
19 50
19 51
19 51
19 52
20 53
20 54
20 54
21 55
21 56
21 56
21 56
22 56
22 56
22 55
22 55
23 54
24 54
25 53
25 53
26 52
27 51
28 50
29 49
30 48
30 48
31 47
31 46
32 45
32 44
33 43
33 42
34 41
34 40
35 39
36 38
36 37
37 36
37 35
38 34
38 33
39 32
39 31
40 30
41 29
41 28
42 27
42 26
43 25
43 24
44 23
45 22
45 21
46 20
46 19
47 18
47 17
48 16
48 15
49 14
50 13
50 12
51 11
51 10
52 9
52 8
53 7
53 6
54 5
54 5
55 5
56 5
57 4
58 4
59 4
59 4
59 5
59 5
59 6
59 7
58 8
58 9
58 10
58 10
58 11
57 12
57 13
57 14
57 14
57 15
56 16
56 17
56 17
56 18
55 19
55 20
55 20
55 21
55 22
55 23
55 23
55 24
55 25
55 25
56 26
56 27
56 27
56 28
56 28
57 29
57 29
57 28
57 27
58 26
58 25
58 24
58 23
58 23
58 22
58 21
58 20
58 20
59 19
59 18
60 17
60 17
61 16
62 15
63 14
63 14
64 13
65 12
66 11
67 11
68 10
69 9
69 9
70 8
71 8
72 7
73 7
74 6
75 6
76 5
76 5
77 5
78 4
79 4
80 3
81 3
82 2
83 2
83 2
84 2
85 2
86 2
87 1
88 1
89 1
90 1
90 1
91 1
92 0
93 0
94 0
94 0
95 0
96 1
97 1
98 1
98 1
99 1
99 1
100 2
100 2
99 3
99 4
99 4
98 5
98 5
97 6
96 6
95 7
95 7
94 8
93 8
92 9
91 9
91 9
90 9
89 10
88 10
87 11
86 11
85 12
84 12
83 13
82 13
82 13
81 14
80 15
79 16
78 16
77 17
76 18
75 19
75 19
74 20
74 21
73 22
73 22
72 23
71 24
71 24
71 25
71 26
71 26
71 27
71 27
72 27
72 27
72 27
72 27
73 27
73 27
73 27
73 26
73 26
73 26
73 26
73 26
73 26
73 27
73 27
73 27
73 27
73 27
73 27
73 27
73 27
73 27
73 27
73 27
72 28
72 29
72 29
72 30
72 31
72 31
72 32
72 33
72 33
71 34
71 34
71 35
71 35
71 35
71 35
71 35
71 35
71 35
71 35
71 34
71 34
72 33
72 32
73 31
73 31
74 30
75 29
75 28
76 27
76 27
77 26
78 25
78 24
79 23
80 22
80 22
81 21
82 20
83 19
83 19
84 18
85 18
86 17
86 17
87 16
87 16
88 16
89 16
89 16
90 16
90 16
91 17
91 17
91 18
91 19
91 19
92 20
92 20
92 21
92 22
92 22
92 23
91 24
91 25
91 25
90 26
90 27
90 27
89 28
88 29
88 29
87 29
86 30
85 30
85 30
84 30
83 31
82 31
82 31
81 31
80 31
80 31
79 31
78 31
78 31
77 31
77 31
77 31
78 30
78 30
79 29
79 29
80 29
81 28
82 28
82 28
83 28
84 28
84 28
85 28
85 28
86 28
86 28
87 29
87 29
86 30
86 31
86 31
85 32
85 33
84 34
84 35
84 35
83 36
82 37
81 37
80 38
80 38
79 39
78 40
77 40
76 41
75 42
75 42
74 43
73 44
72 45
71 46
70 47
70 47
69 48
68 48
67 49
67 49
66 49
66 49
67 49
67 49
68 49
68 49
69 49
70 49
71 49
72 49
72 49
73 49
74 48
75 48
76 48
77 47
78 47
78 47
79 47
80 46
81 46
82 45
83 45
83 45
84 44
85 44
86 43
87 43
88 42
88 42
89 41
90 40
91 40
92 39
92 39
93 38
93 37
94 36
94 35
94 35
94 34
95 33
95 32
95 32
94 31
94 30
93 29
92 28
91 27
91 26
90 25
89 24
89 23
88 22
87 21
87 20
86 19
85 18
84 17
84 16
83 15
83 15
82 15
81 14
80 14
80 14
80 14
80 14
80 14
80 14
80 13
80 13
81 13
81 13
81 12
81 12
81 12
81 12
81 12
80 12
80 12
80 12
80 12
80 12
80 12
80 13
81 14
81 15
81 15
81 16
81 17
81 18
81 19
81 20
81 20
81 21
81 22
81 23
81 24
81 25
81 26
81 27
81 28
81 28
81 29
81 30
81 31
81 32
80 33
80 34
80 35
80 36
80 37
80 38
80 38
80 39
80 40
80 41
80 42
80 43
79 44
79 45
79 46
79 47
79 48
79 49
79 50
79 50
79 51
79 52
79 53
79 54
79 55
79 56
80 57
80 58
80 59
80 60
80 61
80 62
80 63
80 63
80 64
80 65
80 66
80 67
80 68
81 69
81 70
81 71
81 72
81 73
81 74
81 75
81 75
81 76
81 77
82 78
82 79
82 80
82 81
82 82
82 83
83 84
83 85
83 86
83 86
83 87
84 88
84 89
84 90
85 91
85 92
85 92
85 93
85 94
85 95
85 96
85 96
85 97
85 98
85 98
85 99
85 100
85 100
85 100
85 100
85 100
84 100
84 100
