0 8
0 8
0 8
0 7
0 6
0 6
0 5
0 5
1 4
1 4
2 3
2 3
3 2
4 2
4 2
5 2
6 2
6 2
7 1
8 1
8 1
9 2
10 2
10 2
11 3
11 3
12 4
13 4
13 4
13 5
14 6
14 7
14 7
14 8
15 9
15 10
15 10
15 11
16 12
16 13
16 13
16 14
16 15
16 16
16 17
16 17
16 18
16 19
16 20
16 21
16 21
16 22
16 23
16 24
16 24
16 25
15 26
15 27
15 27
15 28
14 29
14 30
14 31
14 31
14 32
13 33
13 34
13 34
13 35
12 36
12 37
12 37
11 38
11 39
11 39
10 40
10 40
9 40
9 40
8 41
8 41
7 40
7 40
6 40
6 40
5 39
5 39
5 38
5 38
4 38
4 38
4 37
4 37
5 37
5 37
6 36
6 36
7 35
7 35
8 34
9 34
9 34
10 34
11 33
12 33
12 33
13 33
14 34
15 34
15 34
16 34
17 34
17 34
18 35
19 36
19 36
20 37
21 38
21 38
22 39
22 40
22 40
22 41
23 42
23 43
23 43
23 44
23 45
23 46
23 47
23 47
23 48
22 49
22 50
22 50
22 51
21 52
21 53
21 54
21 54
21 55
20 56
20 57
20 58
20 58
19 59
19 60
18 61
18 62
18 62
18 63
17 64
17 65
17 66
17 66
17 67
16 68
16 69
16 69
15 70
15 71
15 71
15 72
15 72
16 72
16 72
16 72
17 71
18 70
18 70
19 69
20 68
21 67
21 67
22 66
22 65
23 64
23 63
24 62
24 62
25 61
26 60
26 59
27 58
27 58
28 57
29 56
30 55
31 54
32 53
32 53
33 52
33 51
34 50
35 49
35 48
36 47
37 46
37 45
38 44
38 43
39 42
40 41
40 40
41 39
42 38
42 37
43 36
44 35
44 34
45 33
46 32
46 31
47 30
48 29
48 28
49 27
49 26
50 25
51 24
51 23
52 22
53 21
53 20
54 19
55 18
55 17
56 16
57 15
57 14
58 13
58 12
59 11
60 10
60 9
61 8
62 7
62 6
63 5
63 5
62 4
62 3
62 3
61 3
61 3
61 3
61 4
61 4
60 4
60 4
59 5
59 6
59 6
59 7
59 8
59 8
59 9
58 10
58 11
58 11
58 12
58 13
58 14
58 15
58 15
58 16
58 17
58 18
58 19
58 20
58 20
58 21
57 22
57 23
57 24
57 24
57 25
57 26
57 27
57 27
57 28
57 29
57 30
57 30
57 31
57 32
57 32
57 33
57 33
57 33
57 33
58 32
58 32
58 31
58 30
58 30
58 29
59 28
59 27
59 27
59 26
60 25
60 24
60 23
60 23
61 22
61 21
62 20
62 19
62 19
63 18
63 17
64 16
64 15
64 15
65 14
65 13
66 12
66 12
67 11
68 10
69 9
69 9
70 8
71 8
72 7
72 7
73 6
74 6
75 5
75 5
76 4
77 4
78 3
78 3
79 3
80 2
81 2
81 2
82 2
83 1
84 1
84 1
85 0
86 0
86 0
87 0
87 0
88 1
88 1
88 2
88 2
88 3
88 3
87 4
87 5
87 5
86 6
85 7
85 7
84 8
83 9
82 10
82 10
81 11
80 12
79 13
78 14
78 14
77 15
76 16
75 16
74 17
73 18
73 18
72 19
71 20
70 21
69 22
69 22
68 23
67 24
66 25
65 26
65 26
64 27
63 27
62 28
61 28
61 28
60 29
59 30
59 30
58 31
58 32
58 32
57 32
57 32
58 32
58 32
58 32
59 31
60 30
60 30
61 29
62 29
62 29
63 28
64 27
65 26
65 26
66 25
67 24
67 24
68 23
69 23
70 22
70 22
71 21
72 20
72 20
73 19
74 19
74 19
75 18
76 18
76 18
77 18
77 18
78 18
78 18
78 19
78 19
78 20
78 21
78 21
77 22
77 23
76 24
76 24
76 25
75 26
75 27
75 27
74 28
73 29
73 30
72 31
72 31
72 32
71 33
71 34
70 35
70 36
70 36
69 37
69 38
68 39
68 40
68 40
67 41
66 42
66 42
65 43
65 44
65 44
65 45
65 46
65 46
65 46
65 46
65 45
65 45
66 44
66 43
66 43
67 42
67 41
68 40
68 39
68 39
69 38
69 37
70 36
70 35
70 35
71 34
71 33
72 32
72 32
73 31
74 30
74 30
75 29
76 29
77 28
77 28
78 27
79 27
79 27
80 27
81 26
82 26
82 26
83 26
83 26
84 26
84 26
85 27
85 27
86 28
86 28
85 29
85 30
85 30
85 31
85 32
85 32
84 33
84 34
83 35
83 35
82 36
81 37
81 37
80 38
79 38
78 39
78 39
77 40
77 41
76 42
76 42
75 42
74 43
73 43
73 43
72 44
72 44
71 44
71 44
71 44
70 43
70 43
70 42
70 42
70 42
71 41
71 41
72 40
73 39
73 39
74 38
75 38
75 38
76 37
76 37
77 36
78 36
78 36
79 36
80 36
80 36
81 35
81 35
82 35
82 35
83 35
83 35
83 36
83 36
82 37
82 38
82 38
81 39
81 40
81 40
80 41
79 42
78 43
78 43
77 44
76 45
75 46
75 46
74 47
73 48
73 49
72 50
72 50
71 51
70 52
69 52
68 53
68 53
67 54
66 55
66 56
65 57
65 57
64 58
63 59
62 60
62 60
61 61
61 62
61 62
60 63
60 63
61 63
61 63
62 62
63 62
63 62
64 62
65 61
66 61
66 61
67 60
68 60
69 59
69 59
70 58
71 57
72 57
73 56
73 56
74 56
75 55
76 55
77 54
78 54
78 54
79 53
80 52
81 52
82 51
82 51
83 50
84 50
85 49
85 49
86 48
87 47
88 47
89 46
89 46
90 45
91 44
92 43
92 43
93 42
94 42
95 41
95 41
96 40
96 39
97 38
97 38
98 37
98 36
99 35
99 35
99 34
99 33
99 33
99 32
100 31
100 30
100 30
99 29
99 28
99 28
98 27
98 26
98 26
97 25
96 24
96 24
95 23
94 22
94 22
93 21
92 20
92 20
91 19
90 18
89 17
89 17
88 16
88 15
88 15
87 14
86 13
86 13
85 12
84 11
84 11
83 10
83 10
82 9
82 9
81 9
81 9
80 9
80 9
80 9
80 9
80 9
79 10
79 10
79 11
79 12
79 12
79 13
79 14
79 14
79 15
79 16
79 17
79 17
79 18
79 19
79 20
79 20
79 21
79 22
79 23
79 23
79 24
80 25
80 26
80 27
80 27
80 28
80 29
80 30
80 31
80 31
80 32
80 33
81 34
81 35
81 36
81 37
81 37
81 38
81 39
81 40
81 41
81 42
81 42
81 43
81 44
81 45
81 46
81 47
81 47
81 48
81 49
82 50
82 51
82 52
82 53
82 53
82 54
82 55
82 56
82 57
82 58
82 59
82 59
82 60
82 61
83 62
83 63
83 64
83 64
83 65
83 66
83 67
83 68
83 69
83 70
83 70
83 71
83 72
84 73
84 74
84 75
84 76
84 76
84 77
84 78
84 79
84 80
84 81
84 81
84 82
84 83
85 84
85 85
85 86
85 86
85 87
85 88
85 89
85 90
85 90
85 91
85 92
85 93
85 93
85 94
85 95
85 96
85 96
85 97
86 98
86 99
86 99
86 100
86 100
86 100
86 100
