2 8
1 8
1 8
0 8
0 8
0 8
1 7
1 7
2 6
2 6
3 5
4 5
4 5
5 4
6 4
7 3
7 3
8 3
9 2
10 2
11 2
11 2
12 2
13 1
14 1
15 1
15 1
16 1
17 0
18 0
19 0
19 0
20 0
21 1
22 1
23 1
23 1
24 2
25 2
26 3
26 3
27 4
28 5
29 6
29 6
30 7
31 8
32 9
32 9
33 10
33 11
34 12
34 13
34 13
34 14
35 15
35 16
35 17
35 17
35 18
36 19
36 20
36 21
36 21
36 22
36 23
36 24
36 25
36 26
36 26
36 27
36 28
35 29
35 30
35 31
35 32
35 32
35 33
35 34
34 35
34 36
34 37
34 37
33 38
33 39
32 40
32 41
32 41
32 42
31 43
31 44
31 45
31 45
30 46
30 47
29 48
29 49
29 49
28 50
27 51
27 51
26 52
25 53
25 53
24 54
23 55
23 55
22 55
21 55
21 55
20 54
20 54
19 53
18 52
18 52
18 51
18 50
18 50
18 49
18 49
18 48
18 47
18 47
19 46
19 46
20 45
20 45
21 44
22 44
22 44
23 43
24 43
24 43
25 43
26 43
26 43
27 43
28 43
29 43
29 43
30 43
30 43
31 44
32 44
32 44
33 45
33 45
34 46
34 47
34 47
35 48
35 49
35 49
35 50
34 51
34 52
34 52
34 53
33 54
33 55
33 56
33 56
33 57
32 58
32 59
32 60
32 60
31 61
31 62
30 63
30 64
30 64
29 65
29 66
28 67
28 68
28 68
27 69
27 70
26 71
26 72
26 72
26 73
25 74
25 75
25 75
24 76
24 77
24 77
24 78
24 78
24 78
25 78
25 78
26 77
27 76
27 76
28 75
29 74
30 73
30 73
31 72
32 71
33 70
33 70
34 69
35 68
35 67
36 66
37 65
37 65
38 64
39 63
40 63
41 62
42 61
42 61
43 60
43 59
44 58
44 57
45 56
45 56
46 55
46 54
47 53
47 52
48 51
48 50
49 49
49 48
50 47
50 46
51 45
51 44
52 43
52 42
53 41
53 40
54 39
54 38
55 37
55 36
56 35
56 34
57 33
57 32
58 31
58 30
59 29
59 28
60 27
60 26
61 25
61 24
62 23
62 22
63 21
63 20
64 19
64 18
65 17
65 16
66 15
66 14
67 13
67 12
68 11
68 11
69 10
70 9
70 9
69 8
69 8
69 8
69 8
69 8
69 9
69 9
69 10
69 11
69 11
69 12
69 13
69 14
69 14
69 15
69 16
69 17
69 18
69 18
69 19
69 20
68 21
68 22
68 23
68 23
68 24
68 25
68 26
68 27
68 28
68 28
68 29
68 30
68 31
68 32
68 32
68 33
67 34
67 35
67 35
67 36
67 37
67 37
67 38
67 38
68 38
68 38
68 38
68 37
68 37
68 36
68 36
68 35
68 34
68 33
68 33
68 32
69 31
69 30
69 30
69 29
69 28
70 27
70 26
70 25
70 25
70 24
71 23
71 22
71 21
71 21
71 20
72 19
72 18
73 17
73 16
73 16
74 15
74 14
75 13
75 13
76 12
77 11
78 10
78 10
79 9
80 8
80 8
81 7
82 7
83 6
83 6
84 6
85 6
85 6
86 5
87 5
87 5
88 5
89 5
89 5
90 6
90 6
91 6
91 6
92 7
92 8
92 8
92 9
92 9
91 10
91 11
91 11
91 12
91 13
91 13
90 14
89 15
89 15
88 16
87 17
86 18
86 18
85 19
84 20
83 21
83 21
82 22
81 23
80 23
79 24
79 24
78 25
77 26
76 27
75 28
75 28
74 29
73 29
72 30
72 30
71 31
70 32
70 32
69 33
69 33
68 33
68 33
69 33
69 33
69 32
69 32
70 31
70 31
71 30
72 29
72 29
73 28
74 27
74 27
75 26
76 25
76 25
77 24
78 24
79 23
79 23
80 22
81 22
81 22
82 21
82 21
83 21
84 21
84 21
84 21
84 22
84 22
84 23
84 23
84 24
83 25
83 26
83 26
82 27
82 28
82 28
81 29
81 30
80 31
80 32
80 32
79 33
79 34
78 35
78 35
78 36
77 37
77 38
77 38
76 39
76 40
75 41
75 42
75 42
74 43
74 43
74 44
74 45
74 45
74 45
74 45
74 45
75 45
75 45
75 44
75 43
75 43
76 42
77 41
77 41
77 40
78 39
78 38
78 37
78 37
79 36
79 35
80 34
80 34
81 33
81 32
81 32
82 31
83 30
83 30
84 29
85 29
85 29
86 29
86 29
87 29
87 29
88 29
88 29
88 30
88 30
89 31
89 31
89 32
89 33
89 33
88 34
88 35
88 35
87 36
87 37
87 37
86 38
86 39
86 39
85 40
84 41
84 41
83 42
82 43
82 43
81 44
80 45
80 45
79 45
78 46
77 46
77 46
76 46
76 46
75 46
75 46
75 45
75 45
75 44
75 44
76 43
76 43
76 42
76 42
77 41
77 41
78 40
79 39
79 39
80 38
81 38
81 38
82 38
83 38
83 38
84 37
84 37
85 37
85 37
86 37
86 37
87 38
87 38
87 39
87 39
87 40
87 41
87 41
86 42
86 43
85 44
85 44
84 45
83 46
83 46
82 47
82 48
81 49
81 49
80 50
79 51
78 52
78 52
77 53
77 54
76 55
76 55
75 56
74 57
74 58
73 59
73 59
72 60
71 60
70 61
70 61
69 62
69 63
69 63
69 63
70 63
70 63
71 63
71 63
72 62
73 61
73 61
74 61
75 60
76 60
76 60
77 59
78 59
79 58
79 58
80 57
81 56
82 55
82 55
83 54
84 54
85 53
85 53
86 52
87 52
88 51
88 51
89 50
90 50
91 49
91 49
92 48
93 48
94 47
94 47
95 46
96 45
96 45
97 44
97 44
98 43
99 42
99 42
100 41
100 40
100 40
100 39
100 38
100 38
99 37
99 37
98 36
98 35
98 35
97 34
97 33
97 33
96 32
96 32
95 31
94 30
94 30
93 29
92 28
92 28
92 27
91 26
91 25
91 25
90 24
90 23
90 23
89 22
89 21
88 20
88 20
87 19
87 18
87 18
86 17
85 16
85 16
84 15
84 15
84 15
83 14
83 14
82 14
82 14
82 14
82 14
82 14
81 15
81 16
81 16
81 17
81 17
81 18
81 19
81 20
81 20
82 21
82 22
82 22
82 23
82 24
82 25
82 26
82 26
82 27
82 28
82 29
82 29
82 30
83 31
83 32
83 33
83 33
83 34
83 35
83 36
83 37
83 37
83 38
83 39
83 40
83 41
83 42
83 42
83 43
83 44
84 45
84 46
84 47
84 47
84 48
84 49
84 50
84 51
84 51
84 52
84 53
84 54
84 55
84 56
84 57
84 57
84 58
84 59
85 60
85 61
85 62
85 62
85 63
85 64
85 65
85 66
85 67
85 67
85 68
85 69
85 70
85 71
85 72
85 72
85 73
85 74
85 75
85 76
85 77
85 77
85 78
85 79
85 80
85 81
85 81
85 82
85 83
84 84
84 85
84 86
84 86
84 87
84 88
84 89
84 90
84 90
84 91
84 92
84 93
84 94
84 94
84 95
83 96
83 97
83 97
83 98
83 99
83 99
83 100
83 100
