17 14
16 15
15 15
14 16
13 17
12 18
11 18
10 19
10 19
9 19
8 19
7 19
6 19
5 19
4 19
3 19
3 19
2 18
1 18
0 17
0 17
0 18
0 18
0 18
0 18
0 18
1 17
2 17
2 17
3 16
4 16
5 15
6 15
6 15
7 15
8 14
9 14
10 13
11 13
11 13
12 12
13 11
14 11
15 10
15 10
16 10
17 9
18 9
19 9
19 9
20 8
21 8
21 8
22 8
23 8
23 8
24 9
25 9
25 9
26 10
26 11
26 11
26 12
27 13
27 14
27 15
27 15
27 16
27 17
28 18
28 19
28 20
28 20
28 21
28 22
27 23
27 24
27 25
27 26
27 26
27 27
26 28
26 29
26 30
26 30
25 31
25 32
24 33
24 34
24 34
23 35
23 36
22 37
22 37
21 38
21 38
20 38
19 38
19 38
18 38
18 38
17 37
16 37
16 37
16 36
16 36
17 35
17 34
17 34
18 33
18 33
19 34
19 34
20 35
21 36
21 36
22 37
22 38
23 39
23 40
23 40
23 41
23 42
23 43
23 44
23 45
23 45
23 46
23 47
24 48
24 49
24 50
24 51
24 51
24 52
24 53
24 54
24 55
24 55
24 56
24 57
24 57
25 58
25 58
25 59
25 59
25 59
25 58
25 58
26 57
27 57
28 56
28 56
29 55
30 54
31 53
31 53
32 52
33 51
34 50
35 49
36 48
36 48
37 47
37 46
38 45
38 44
39 43
39 42
40 41
40 40
41 39
41 38
42 37
42 36
43 35
43 34
44 33
44 32
45 31
45 30
46 29
46 28
47 27
47 26
48 25
48 24
49 23
49 22
50 21
50 20
51 19
51 18
52 17
52 16
53 15
53 14
54 13
54 12
55 11
55 10
56 9
56 8
57 7
57 7
58 6
59 5
60 4
61 3
62 2
62 2
62 3
62 3
62 3
62 4
61 5
61 6
61 6
61 7
60 8
60 9
60 10
60 10
60 11
59 12
59 13
59 14
59 14
59 15
59 16
59 16
59 17
59 18
59 19
59 19
59 20
60 21
60 22
60 23
60 23
60 24
60 25
60 26
60 26
61 25
61 24
62 23
62 22
63 21
63 20
63 20
63 19
64 18
64 17
64 16
64 16
64 15
64 15
65 14
66 14
67 13
67 13
68 12
69 11
70 11
71 10
72 9
72 9
73 8
74 8
75 7
75 7
76 6
77 6
78 5
79 5
80 4
80 4
81 4
82 4
83 3
84 3
85 3
85 3
86 3
87 2
88 2
89 2
90 1
91 1
91 1
92 1
93 0
94 0
95 0
95 0
96 0
97 0
98 0
98 0
99 1
99 1
99 1
99 2
99 3
99 3
98 4
97 5
97 5
96 6
95 7
94 8
94 8
93 9
92 9
91 10
90 10
89 11
89 11
88 12
87 12
86 13
85 14
84 14
83 15
82 16
81 16
80 17
79 18
78 18
77 19
77 19
76 20
75 21
74 22
73 23
72 24
72 24
71 25
70 25
70 25
70 25
70 25
71 25
72 25
72 25
73 24
74 24
74 24
75 23
76 23
77 22
78 22
78 22
79 21
80 21
81 20
81 20
82 20
83 19
84 19
84 19
85 19
86 19
86 19
86 20
86 20
86 21
86 22
86 22
85 23
85 24
84 25
84 25
83 26
83 27
82 28
82 29
82 29
81 30
80 31
79 32
79 32
78 33
78 34
77 35
77 35
76 36
76 37
76 37
75 38
74 39
74 39
73 40
73 40
73 40
74 39
74 39
74 38
74 38
75 37
76 36
77 35
77 35
78 34
79 33
80 33
81 32
81 32
82 31
83 31
84 30
85 30
85 30
86 29
87 29
88 28
88 28
89 28
90 28
91 28
91 28
92 29
92 29
93 30
93 30
93 31
93 32
93 32
93 33
93 34
93 34
92 35
91 35
90 36
90 36
89 37
88 37
87 38
87 38
86 39
85 39
84 40
83 40
83 40
82 41
81 41
81 41
80 41
79 41
79 41
79 41
79 41
80 40
81 39
81 39
82 39
83 39
83 39
84 39
85 39
86 39
86 39
87 39
88 39
88 39
89 40
90 40
90 40
90 41
90 41
89 42
88 43
88 43
87 44
86 45
86 46
85 47
85 47
84 48
83 49
82 49
81 50
81 50
80 51
79 51
78 52
77 53
76 53
75 54
75 54
74 55
73 55
72 56
71 57
70 57
69 58
69 58
68 59
67 59
66 60
65 60
64 61
63 61
63 61
62 62
61 63
61 63
61 64
61 64
62 64
62 64
63 64
64 64
65 63
66 63
67 63
67 63
68 63
69 63
70 62
71 62
72 62
73 62
73 62
74 62
75 61
76 61
77 60
78 60
79 59
80 59
80 59
81 58
82 58
83 57
84 57
85 56
86 56
87 55
87 55
88 55
89 54
90 54
91 53
92 53
92 53
93 52
94 52
95 51
96 51
97 50
97 50
98 49
99 48
99 48
99 47
99 46
99 46
98 45
98 44
98 44
97 43
96 42
95 41
95 41
94 40
93 39
92 38
92 38
92 37
91 36
91 35
91 34
90 33
90 32
90 31
90 30
89 29
89 28
89 27
88 26
88 25
88 24
87 23
87 22
87 21
86 20
86 19
86 18
85 17
85 16
85 15
85 14
84 13
84 12
84 11
83 10
83 9
83 9
82 9
81 8
80 8
80 8
80 8
80 8
80 8
80 8
80 8
80 8
80 8
80 8
80 9
80 10
80 11
80 11
80 12
80 13
80 14
80 15
80 15
80 16
80 17
79 18
79 19
79 20
79 21
79 21
79 22
79 23
79 24
79 25
79 26
79 27
79 28
79 29
79 30
79 30
79 31
79 32
79 33
79 34
79 35
78 36
78 37
78 38
78 39
78 40
78 41
78 41
78 42
78 43
78 44
78 45
78 46
78 47
78 48
78 49
78 50
78 51
78 52
78 52
78 53
78 54
78 55
78 56
78 57
79 58
79 59
79 60
79 61
79 62
79 63
79 63
79 64
79 65
79 66
79 67
80 68
80 69
80 70
80 71
80 72
80 73
80 73
80 74
81 75
81 76
81 77
81 78
82 79
82 80
82 80
82 81
83 82
83 83
83 84
84 85
84 86
84 86
84 87
84 88
85 89
85 90
85 91
85 91
85 92
86 93
86 94
86 94
86 95
86 96
86 96
86 97
86 98
86 98
85 99
85 99
85 99
85 100
85 100
85 100
85 100
85 100
85 100
85 100
85 100
85 100
85 100
