2 22
1 23
1 24
1 24
0 24
0 24
0 24
0 24
0 23
0 23
1 22
1 22
2 21
2 20
3 19
3 19
4 18
5 17
6 16
6 16
7 15
8 14
9 13
10 12
10 12
11 11
12 10
13 9
13 9
14 9
15 8
16 8
16 8
17 8
18 8
18 8
19 8
19 8
19 9
20 10
20 11
20 11
20 12
20 13
20 14
20 14
20 15
21 16
21 17
21 18
21 18
21 19
21 20
21 21
21 22
21 23
21 24
21 24
21 25
21 26
21 27
21 28
21 29
21 30
21 31
21 31
21 32
21 33
21 34
21 35
21 36
21 37
21 38
21 39
21 40
21 40
21 41
21 42
21 43
21 44
21 45
21 46
21 47
21 48
21 48
21 49
21 50
21 51
21 52
21 53
21 54
21 55
21 56
21 57
21 57
21 58
21 59
21 60
21 61
21 62
21 63
21 64
21 65
21 65
21 66
21 67
20 68
20 69
20 70
20 71
20 71
20 72
20 73
20 74
20 75
20 76
20 76
20 77
19 78
19 79
19 80
19 80
18 81
18 82
18 82
18 83
18 83
18 83
18 82
18 81
18 81
17 80
17 79
16 78
15 77
14 76
14 75
13 74
12 73
12 72
11 71
10 70
10 69
9 68
8 67
7 66
7 65
6 64
6 64
7 63
8 63
9 62
10 62
11 61
11 61
11 60
12 59
12 58
12 57
12 57
13 56
13 55
14 54
14 53
14 53
15 52
16 51
16 51
17 51
18 50
19 50
19 50
20 50
21 51
22 51
22 51
23 52
24 53
24 53
25 54
25 55
26 56
26 56
27 57
27 58
28 59
28 59
28 60
28 61
28 62
28 63
28 63
28 64
28 65
28 66
28 67
28 67
28 68
28 69
27 70
27 71
27 72
27 72
27 73
26 74
26 75
26 76
25 77
25 78
25 78
25 79
24 80
24 81
24 82
24 83
23 84
23 85
23 85
23 86
22 87
22 88
22 89
22 90
21 91
21 92
21 92
21 93
21 94
20 95
20 96
20 97
20 97
20 98
20 99
20 99
20 100
20 100
21 100
22 100
22 100
23 99
24 99
24 99
25 98
26 98
27 97
28 97
28 97
29 96
30 95
31 95
32 94
32 94
33 93
34 93
35 92
36 92
37 91
37 91
38 90
39 90
40 89
41 89
42 88
42 88
43 87
44 87
45 86
46 86
46 86
47 85
48 85
48 85
48 84
49 83
49 82
50 81
50 80
50 79
51 78
51 77
52 76
52 75
52 74
53 73
53 72
53 71
54 70
54 69
55 68
55 67
55 66
56 65
56 64
57 63
57 62
57 61
58 60
58 59
59 58
59 57
59 56
60 55
60 54
60 53
61 52
61 51
62 50
62 49
62 48
63 47
63 46
64 45
64 44
64 43
65 42
65 41
66 40
66 39
66 38
67 37
67 36
67 35
68 34
68 33
69 32
69 31
69 30
70 29
70 28
71 27
71 26
71 26
72 25
72 25
72 24
72 24
72 24
72 25
72 26
72 26
72 27
72 28
73 29
73 30
73 31
73 31
73 32
73 33
73 34
73 35
73 36
73 37
73 37
73 38
73 39
73 40
73 41
73 42
73 43
73 44
73 45
73 45
73 46
73 47
73 48
73 49
72 50
72 51
72 52
72 53
72 54
72 54
72 55
72 56
72 57
72 58
72 59
72 60
72 61
72 62
72 63
72 64
72 64
72 65
71 66
71 67
71 68
71 69
70 70
70 71
70 71
70 72
70 73
69 74
69 75
69 76
69 77
69 77
69 78
69 79
68 80
68 81
68 82
68 82
68 83
68 84
68 85
68 85
68 86
68 86
68 85
68 84
68 83
68 82
68 81
68 80
68 79
69 78
69 77
69 76
69 75
69 74
69 73
69 72
69 71
69 70
69 69
69 68
69 67
69 66
69 65
69 64
70 63
70 62
70 61
70 60
70 59
70 58
70 57
70 56
70 55
70 54
70 53
70 52
70 51
70 50
70 49
71 48
71 47
71 46
71 45
71 44
71 43
71 42
71 41
71 40
71 39
71 38
71 37
71 36
71 35
71 34
72 33
72 32
72 31
72 30
72 29
72 28
72 27
72 26
72 26
72 25
73 24
73 23
73 22
74 21
74 20
74 19
75 18
75 17
75 17
75 16
75 15
76 14
76 13
76 12
76 11
76 11
77 10
77 9
78 8
78 7
78 7
79 6
79 5
80 4
80 4
81 3
81 2
82 1
82 1
83 1
84 1
85 1
85 1
86 1
87 1
88 1
89 1
89 1
90 2
91 2
92 3
92 3
93 4
94 5
94 6
95 7
95 7
96 8
96 9
97 10
97 11
97 11
97 12
98 13
98 14
98 15
99 16
99 17
99 17
99 18
99 19
99 20
100 21
100 22
100 23
100 24
100 24
100 25
100 26
100 27
100 28
100 29
100 30
100 31
100 32
100 33
100 33
100 34
100 35
100 36
100 37
99 38
99 39
99 40
99 41
99 42
99 43
99 43
99 44
99 45
99 46
99 47
99 48
98 49
98 50
98 51
98 52
98 53
98 54
98 55
98 55
98 56
98 57
98 58
98 59
98 60
97 61
97 62
97 63
97 64
97 65
97 66
97 66
97 67
97 68
97 69
97 70
97 71
97 72
97 73
97 74
97 75
97 75
97 76
97 77
97 78
97 79
97 80
97 81
97 82
97 82
97 83
97 84
97 85
97 86
97 87
97 88
97 89
97 89
97 90
97 91
97 92
97 93
97 94
97 94
97 95
97 96
97 97
97 98
97 98
96 99
96 100
96 100
96 100
95 99
94 99
94 99
93 98
92 97
92 97
91 96
91 95
90 94
90 93
89 92
89 92
88 91
87 90
86 89
85 88
85 87
84 86
83 85
82 84
81 83
80 82
79 81
78 80
78 79
77 78
76 77
75 76
75 76
74 75
73 75
72 74
71 74
70 73
69 73
68 72
67 72
66 71
66 71
65 71
64 70
63 70
62 69
61 69
61 69
60 69
59 68
58 68
58 68
57 68
56 67
55 67
54 67
54 67
53 66
52 65
52 65
52 64
52 63
52 62
52 62
53 61
53 60
54 59
54 59
55 58
56 57
57 56
58 55
59 54
59 54
60 53
61 53
62 52
63 51
64 51
65 50
66 50
67 49
67 49
68 48
69 48
70 47
71 47
72 46
73 46
74 45
75 45
76 44
77 44
77 44
78 44
79 43
80 43
81 43
82 42
83 42
84 42
85 42
86 41
87 41
87 41
88 41
89 41
90 40
91 40
92 40
93 40
94 39
95 39
96 39
96 39
95 38
94 37
94 36
93 35
92 34
91 33
90 32
89 31
89 30
88 29
87 28
86 27
85 26
85 25
84 24
83 23
83 23
83 24
83 25
82 26
82 27
82 28
82 28
81 28
81 28
81 27
81 27
81 28
82 29
82 30
