1 24
0 25
0 26
0 26
0 25
0 24
0 23
0 22
0 21
0 21
0 20
0 19
1 18
1 17
1 16
1 16
2 15
3 14
3 14
4 13
5 13
6 12
6 12
7 11
8 11
9 10
9 10
10 10
11 9
12 9
12 9
13 9
14 9
14 9
15 10
15 11
15 11
15 12
16 13
16 14
16 14
16 15
16 16
17 17
17 18
17 19
17 20
17 20
17 21
17 22
17 23
17 24
17 25
17 26
17 27
17 28
17 28
17 29
17 30
17 31
17 32
17 33
17 34
17 35
17 36
17 37
17 38
17 38
17 39
17 40
17 41
17 42
17 43
17 44
17 45
17 46
17 47
17 48
17 49
17 49
17 50
17 51
17 52
17 53
17 54
17 55
17 56
17 57
17 58
17 59
17 59
17 60
17 61
17 62
18 63
18 64
18 65
18 66
18 67
18 67
18 68
18 69
18 70
18 71
18 72
18 72
18 73
18 74
18 75
18 76
18 76
19 77
19 78
19 78
18 77
17 76
17 75
16 74
15 73
14 72
14 71
13 70
12 69
11 68
11 67
10 66
9 65
8 64
8 63
7 62
7 62
8 62
9 62
9 62
9 61
10 60
10 59
10 59
10 58
11 57
11 56
12 55
12 54
12 54
13 54
14 53
15 53
15 53
16 53
17 52
18 52
18 52
19 52
20 53
21 53
21 53
22 54
23 55
23 55
23 56
24 57
24 58
24 59
24 59
24 60
24 61
24 62
24 63
24 63
24 64
24 65
24 66
23 67
23 68
23 69
23 70
23 71
23 71
23 72
22 73
22 74
22 75
22 76
21 77
21 78
21 79
21 79
21 80
20 81
20 82
20 83
19 84
19 85
19 86
18 87
18 88
18 88
18 89
17 90
17 91
17 92
17 93
16 94
16 95
16 95
16 96
15 97
15 98
15 99
15 99
15 100
15 100
16 100
16 100
17 100
18 100
19 100
19 100
20 100
21 99
22 99
22 99
23 98
24 98
25 97
26 96
27 96
28 95
28 95
29 94
30 93
31 92
32 91
33 90
34 89
34 89
34 88
35 87
35 86
36 85
36 84
36 83
37 82
37 81
38 80
38 79
39 78
39 77
39 76
40 75
40 74
41 73
41 72
41 71
42 70
42 69
43 68
43 67
44 66
44 65
44 64
45 63
45 62
46 61
46 60
46 59
47 58
47 57
48 56
48 55
49 54
49 53
49 52
50 51
50 50
51 49
51 48
51 47
52 46
52 45
53 44
53 43
54 42
54 41
54 40
55 39
55 38
56 37
56 36
56 35
57 34
57 33
58 32
58 31
59 30
59 29
59 28
60 27
60 26
61 25
61 24
61 24
62 25
63 26
64 26
65 27
66 28
66 28
67 28
67 28
66 29
66 29
66 30
66 31
66 32
65 33
65 34
65 35
65 36
65 37
65 37
65 38
65 39
65 40
65 41
65 42
65 43
65 44
65 45
65 46
65 47
65 48
65 49
65 49
65 50
65 51
65 52
65 53
65 54
65 55
65 56
66 57
66 58
66 59
66 60
66 61
66 62
66 63
66 64
66 64
66 65
66 66
66 67
66 68
66 69
66 70
66 71
66 72
66 73
66 74
66 74
66 75
66 76
66 77
66 78
66 79
66 80
66 81
66 82
66 82
66 83
66 84
66 85
66 86
66 86
65 87
65 88
65 88
64 88
63 88
63 88
63 87
63 86
63 85
63 84
63 83
63 82
63 81
62 80
62 79
62 78
62 77
62 76
62 75
62 74
62 73
62 72
62 71
62 70
62 69
62 68
62 67
61 66
61 65
61 64
61 63
61 62
61 61
61 60
61 59
61 58
61 57
61 56
61 55
61 54
61 53
60 52
60 51
60 50
60 49
60 48
60 47
60 46
60 45
60 45
60 44
61 43
61 42
62 41
62 40
63 39
63 38
64 37
64 36
64 35
65 34
65 33
66 32
66 31
67 30
67 29
68 28
68 27
68 27
68 26
69 25
69 24
69 23
70 22
70 21
70 20
70 19
71 18
71 17
71 17
71 16
72 15
72 14
72 13
72 12
73 11
73 10
73 9
73 8
74 7
74 6
74 6
75 5
76 4
76 3
77 2
78 1
78 1
79 0
80 0
80 0
81 1
81 2
82 3
82 3
82 4
83 5
83 6
83 7
84 8
84 9
84 9
84 10
84 11
84 12
84 13
84 14
85 15
85 16
85 17
85 18
85 19
85 20
85 20
85 21
85 22
85 23
85 24
85 25
85 26
85 27
85 28
85 29
85 30
85 31
85 32
85 33
85 34
85 35
85 35
85 36
85 37
85 38
85 39
85 40
85 41
85 42
85 43
85 44
85 45
85 46
85 47
85 48
85 49
85 50
85 51
85 52
85 52
85 53
85 54
85 55
85 56
85 57
85 58
86 59
86 60
86 61
86 62
86 63
86 64
86 65
86 66
86 66
86 67
86 68
86 69
86 70
86 71
86 72
86 73
86 74
86 75
86 76
86 77
86 78
86 78
86 79
86 80
86 81
87 82
87 83
87 84
87 85
87 86
87 86
87 87
87 88
87 89
87 90
87 91
87 91
87 92
86 93
86 94
86 94
85 95
85 96
85 96
84 95
83 94
82 94
81 93
80 92
79 91
78 91
77 90
76 89
75 88
74 88
73 87
72 86
71 85
70 85
69 84
68 83
67 82
66 82
65 81
64 80
63 79
62 79
61 78
60 77
59 76
58 76
57 75
56 74
55 73
54 73
53 72
52 71
51 70
50 70
49 69
49 69
49 70
49 71
49 71
49 70
50 69
50 68
50 68
51 67
52 66
53 65
54 64
55 63
55 63
56 62
57 62
58 61
59 61
60 60
61 60
62 59
62 59
63 59
64 59
65 58
66 58
67 58
68 58
69 57
70 57
71 57
71 57
72 57
73 57
74 57
75 57
76 56
77 56
78 56
79 56
80 56
80 56
81 56
82 56
83 55
84 55
85 55
86 55
87 54
88 54
89 54
89 54
90 54
91 53
92 53
93 53
94 52
95 52
95 52
96 52
97 52
98 52
99 52
99 52
98 51
98 50
97 49
97 48
96 47
96 46
95 45
95 44
94 43
94 42
93 41
93 40
92 39
92 38
91 37
90 36
90 35
89 34
89 33
88 32
88 31
87 30
87 29
86 28
86 27
85 26
85 25
84 24
84 23
83 22
83 22
82 23
82 24
81 25
81 26
80 27
80 27
80 28
79 29
79 30
79 31
79 31
78 32
78 33
77 34
77 34
77 35
77 36
77 37
76 38
76 39
76 40
76 41
