0 14
0 13
0 12
0 12
0 11
0 11
0 10
0 10
0 9
0 8
0 8
1 7
1 6
1 6
2 5
3 4
3 4
4 3
5 3
5 3
6 2
7 2
7 2
8 1
9 1
9 1
10 0
11 0
11 0
12 1
13 1
13 1
14 2
15 3
15 3
15 4
16 5
16 6
16 6
16 7
17 8
17 9
18 10
18 11
18 11
18 12
18 13
19 14
19 15
19 16
19 17
19 17
19 18
19 19
19 20
19 21
19 22
19 23
19 24
19 24
19 25
19 26
19 27
19 28
20 29
20 30
20 31
20 32
20 33
20 33
20 34
20 35
20 36
20 37
21 38
21 39
21 40
21 41
21 42
21 42
21 43
21 44
21 45
21 46
21 47
21 48
21 49
21 50
21 50
21 51
21 52
21 53
22 54
22 55
22 56
22 57
22 58
22 58
22 59
22 60
22 61
22 62
22 63
22 64
22 64
22 65
22 66
22 67
22 68
22 69
22 69
22 70
23 71
23 72
23 73
23 73
23 74
23 75
23 75
22 74
21 73
21 72
20 71
19 70
18 69
17 68
16 67
16 66
15 65
14 64
13 63
12 62
11 61
11 60
10 59
9 58
9 58
8 58
7 58
7 58
8 57
8 57
9 56
9 56
10 55
10 55
11 54
12 54
12 54
13 53
14 53
14 53
15 53
16 53
17 53
17 53
18 52
19 52
19 52
20 52
21 52
21 52
22 53
23 53
23 53
24 54
25 54
25 54
26 55
27 56
27 56
27 57
28 58
28 59
28 59
28 60
28 61
28 62
28 62
28 63
28 64
28 65
28 66
28 66
28 67
28 68
28 69
28 70
28 70
28 71
28 72
27 73
27 74
27 75
27 75
26 76
26 77
25 78
25 79
25 79
25 80
24 81
24 82
23 83
23 84
23 84
23 85
22 86
22 87
21 88
21 89
21 89
20 90
20 91
19 92
19 93
19 93
18 94
18 95
17 96
17 96
17 97
16 98
16 99
16 99
15 100
15 100
14 100
14 100
15 100
15 100
16 100
16 100
17 99
17 98
17 98
18 97
19 97
20 96
20 96
21 95
22 94
23 93
23 93
24 92
25 91
26 90
27 89
27 89
28 88
29 87
30 87
31 86
31 86
32 85
33 84
34 83
35 82
35 82
36 81
37 80
38 80
39 79
39 79
40 78
40 77
41 76
41 76
41 75
42 74
42 73
43 72
43 71
44 70
44 69
44 68
45 67
45 66
46 65
46 64
47 63
47 62
47 61
48 60
48 59
49 58
49 57
50 56
50 55
50 54
51 53
51 52
52 51
52 50
53 49
53 48
53 47
54 46
54 45
55 44
55 43
56 42
56 41
56 40
57 39
57 38
58 37
58 36
59 35
59 34
59 33
60 32
60 31
61 30
61 29
62 28
62 27
62 26
63 25
63 24
64 23
64 22
65 21
65 20
65 20
64 20
64 20
64 20
64 21
64 22
64 23
64 23
64 24
64 25
64 26
64 26
64 27
64 28
63 29
63 30
63 31
63 31
63 32
63 33
63 34
63 35
63 36
63 37
63 38
63 38
63 39
63 40
63 41
63 42
62 43
62 44
62 45
62 46
62 47
62 47
62 48
62 49
62 50
62 51
62 52
62 53
62 54
62 55
62 55
62 56
62 57
62 58
62 59
62 60
62 61
62 62
62 63
62 64
62 64
62 65
62 66
62 67
62 68
62 69
62 70
62 71
62 72
62 73
62 74
62 74
62 75
62 76
63 77
63 78
63 79
63 80
63 80
63 81
63 82
63 83
63 84
63 85
63 85
63 86
63 87
63 88
63 89
63 90
63 90
63 91
64 92
64 93
64 93
64 94
64 94
64 94
64 93
64 92
64 91
64 90
64 89
64 88
64 87
64 86
64 85
63 84
63 83
63 82
63 81
63 80
63 79
63 78
63 77
63 76
63 75
63 74
63 73
63 72
63 71
63 70
63 69
63 68
63 67
63 66
63 65
62 64
62 63
62 62
62 61
62 60
62 59
62 58
62 57
62 56
62 55
62 54
62 53
62 52
62 51
62 50
62 49
62 48
62 47
62 46
61 45
61 44
61 43
61 42
61 41
61 40
61 39
61 38
61 37
61 36
61 35
61 34
61 33
61 32
61 31
61 30
61 29
61 28
61 27
61 26
60 25
60 24
60 23
60 22
60 21
60 20
60 19
60 18
60 17
60 16
60 16
60 15
61 14
61 13
62 12
62 11
62 11
63 10
64 9
64 9
65 8
66 7
66 7
67 6
67 6
68 6
69 6
69 6
70 6
71 6
72 6
72 6
73 7
73 7
74 8
75 9
75 9
76 10
76 11
77 12
77 13
77 13
77 14
77 15
78 16
78 17
78 18
78 18
78 19
79 20
79 21
79 22
80 23
80 24
80 24
80 25
80 26
80 27
80 28
81 29
81 30
81 31
81 32
81 33
81 33
81 34
81 35
81 36
81 37
81 38
82 39
82 40
82 41
82 42
82 43
82 44
82 44
82 45
82 46
82 47
82 48
83 49
83 50
83 51
83 52
83 53
83 54
83 54
83 55
83 56
83 57
83 58
84 59
84 60
84 61
84 62
84 63
84 64
84 64
84 65
84 66
84 67
84 68
84 69
84 70
84 71
84 72
84 73
84 74
84 74
84 75
84 76
84 77
84 78
84 79
84 80
84 81
84 81
84 82
84 83
84 84
84 85
84 86
84 87
84 87
84 88
84 89
84 90
84 91
84 92
84 92
84 93
83 94
83 95
83 95
82 96
82 96
81 95
80 94
79 94
78 93
77 92
76 91
75 91
74 90
73 89
72 88
71 88
70 87
69 86
68 85
67 85
66 84
65 83
64 82
63 82
62 81
61 80
60 79
59 79
58 78
57 77
56 76
55 76
54 75
53 74
52 73
51 73
50 72
49 71
48 70
47 70
46 69
46 69
45 69
44 68
43 68
42 68
42 68
41 68
41 68
41 68
42 67
42 66
42 66
43 65
44 65
44 65
45 64
46 64
47 63
47 63
48 63
49 63
50 62
51 62
52 62
52 62
53 62
54 61
55 61
56 61
57 60
58 60
58 60
59 60
60 59
61 59
62 59
63 58
64 58
64 58
65 58
66 57
67 57
68 57
69 57
70 56
71 56
71 56
72 56
73 56
74 55
75 55
76 55
77 55
77 55
78 55
79 54
80 54
81 53
82 53
83 52
84 52
84 52
85 52
86 51
87 51
88 50
89 50
89 50
90 50
91 49
92 49
93 48
94 48
94 48
95 48
96 47
97 47
97 47
98 46
99 46
100 45
100 45
99 45
98 44
97 44
96 44
95 43
94 43
93 42
92 42
91 42
90 41
89 41
88 41
87 40
86 40
85 39
84 39
83 39
82 38
81 38
80 38
79 37
78 37
77 37
76 36
75 36
74 35
73 35
72 35
71 34
70 34
70 34
69 35
68 36
67 37
67 37
66 37
66 37
66 37
66 38
67 39
67 40
67 40
67 41
68 42
68 43
68 44
68 44
68 45
69 46
69 47
70 48
70 49
