0 25
0 26
0 26
0 25
0 25
0 24
0 24
1 23
1 23
2 22
2 22
3 21
4 21
4 21
5 20
6 20
6 20
7 19
8 19
8 19
9 18
10 17
10 17
11 16
12 16
12 16
13 16
14 16
14 16
15 16
16 16
16 16
17 16
17 16
18 17
18 18
18 18
19 19
19 19
19 20
20 21
20 22
20 22
20 23
20 24
21 25
21 26
21 27
21 27
21 28
21 29
21 30
21 31
21 32
21 32
21 33
21 34
21 35
21 36
21 37
21 38
21 39
21 39
21 40
21 41
21 42
21 43
21 44
21 45
21 46
21 46
21 47
21 48
21 49
21 50
21 51
21 52
21 53
21 53
21 54
21 55
21 56
21 57
21 58
21 59
21 59
21 60
21 61
21 62
21 63
21 64
21 65
21 65
21 66
21 67
21 68
21 68
21 69
21 70
21 71
21 71
21 72
21 73
21 74
21 74
21 75
21 75
21 75
20 74
19 73
18 72
17 71
16 70
15 69
14 68
13 67
12 66
11 65
10 64
9 63
8 62
8 62
7 62
6 61
5 61
5 61
5 60
5 60
5 59
5 59
6 58
6 57
6 57
7 56
7 56
8 55
9 54
9 54
10 54
11 53
12 53
12 53
13 52
14 52
15 51
15 51
16 50
17 50
18 49
18 49
19 49
20 49
21 49
21 49
22 49
23 48
24 48
24 48
25 48
26 48
27 48
27 48
28 49
29 49
29 49
30 50
31 50
31 50
32 51
32 52
32 52
32 53
33 54
33 55
33 55
33 56
33 57
33 58
33 58
33 59
32 60
32 61
32 62
32 62
32 63
32 64
31 65
31 66
31 67
31 67
30 68
29 69
29 70
28 71
28 71
27 72
27 73
26 74
26 75
25 76
25 77
25 77
24 78
24 79
23 80
23 81
22 82
22 83
22 83
21 84
21 85
20 86
20 87
19 88
19 88
18 89
17 90
17 91
16 92
16 92
15 93
15 94
14 95
14 95
13 96
13 97
13 97
13 97
13 97
14 96
14 96
15 95
16 94
16 94
17 93
18 92
18 91
19 90
19 90
20 89
21 88
22 87
23 86
23 86
24 85
25 84
26 84
27 83
27 83
28 82
29 81
30 81
31 80
32 79
32 79
33 78
34 77
35 77
36 76
36 76
37 75
38 74
39 73
39 73
40 72
41 72
42 71
43 71
43 71
44 70
45 69
46 68
46 68
46 67
47 66
47 65
48 64
48 63
49 62
49 61
50 60
50 59
51 58
51 57
52 56
52 55
52 54
53 53
53 52
54 51
54 50
55 49
55 48
56 47
56 46
57 45
57 44
58 43
58 42
58 41
59 40
59 39
60 38
60 37
61 36
61 35
62 34
62 33
63 32
63 31
63 30
64 29
64 28
65 27
65 26
66 25
66 24
67 23
67 22
68 21
68 20
69 19
69 18
69 18
68 19
68 20
68 20
68 21
68 21
68 22
67 23
67 24
67 24
67 25
67 26
67 27
67 28
67 28
67 29
67 30
66 31
66 32
66 33
66 33
66 34
66 35
66 36
66 37
66 38
66 39
66 40
66 40
66 41
66 42
66 43
65 44
65 45
65 46
65 47
65 48
65 48
65 49
65 50
65 51
65 52
65 53
65 54
65 55
65 56
65 56
65 57
65 58
65 59
64 60
64 61
64 62
64 63
64 63
64 64
64 65
64 66
64 67
64 68
64 69
64 70
64 70
64 71
64 72
64 73
64 74
64 75
64 75
64 76
64 77
64 78
64 79
64 80
64 80
64 81
64 82
64 83
64 84
64 85
64 85
64 86
65 87
65 88
65 88
65 89
65 89
65 90
65 90
65 89
65 89
65 88
65 87
65 87
65 86
65 85
65 84
65 83
65 82
65 81
65 80
65 79
65 78
65 77
65 76
65 75
65 74
65 73
65 72
65 71
65 70
65 69
65 68
65 67
65 66
65 65
65 64
65 63
65 62
65 61
65 60
65 59
65 58
65 57
65 56
65 55
65 54
65 53
65 52
65 51
65 50
64 49
64 48
64 47
64 46
64 45
64 44
64 43
64 42
64 41
64 40
64 39
64 38
64 37
64 36
64 35
64 34
64 33
64 32
64 31
64 30
64 29
64 28
64 27
64 26
64 25
64 24
64 23
64 22
64 21
64 20
64 19
64 18
64 17
64 16
64 15
64 14
64 13
64 12
64 11
64 11
65 10
65 9
66 8
66 7
67 6
67 5
67 5
67 4
68 3
68 2
68 2
69 1
69 1
70 0
71 0
71 0
72 1
73 1
73 1
74 2
74 2
75 3
76 4
76 4
76 5
77 6
77 7
77 8
77 8
78 9
78 10
79 11
79 12
79 12
79 13
79 14
80 15
80 16
80 17
80 18
80 18
80 19
80 20
80 21
81 22
81 23
81 24
81 25
81 25
81 26
81 27
81 28
81 29
82 30
82 31
82 32
82 33
82 34
82 34
82 35
82 36
82 37
82 38
83 39
83 40
83 41
83 42
83 43
83 44
83 44
83 45
83 46
83 47
83 48
84 49
84 50
84 51
84 52
84 53
84 53
84 54
84 55
84 56
84 57
84 58
84 59
84 60
84 61
84 61
84 62
84 63
84 64
84 65
84 66
84 67
84 68
84 69
84 70
84 70
84 71
84 72
84 73
84 74
84 75
84 76
84 77
84 77
84 78
84 79
84 80
84 81
84 82
84 83
84 84
84 84
84 85
84 86
84 87
84 88
84 89
84 90
84 91
84 91
84 92
83 93
83 94
83 94
83 95
82 96
82 97
82 97
81 98
81 99
81 99
80 100
80 100
79 100
78 100
78 100
77 100
76 99
75 99
75 99
74 98
73 97
72 96
71 95
70 94
69 93
68 92
67 91
66 90
65 89
64 88
63 87
62 86
61 85
60 84
59 84
58 83
57 82
56 81
55 80
54 79
53 78
52 77
51 76
50 75
49 74
48 73
47 72
46 71
45 70
45 70
44 70
43 69
42 69
41 69
41 69
40 69
40 69
40 68
40 68
40 67
40 67
41 66
42 66
42 66
43 65
44 64
45 63
45 63
46 62
47 62
48 61
49 61
49 61
50 61
51 60
52 60
53 59
54 59
54 59
55 59
56 58
57 58
58 58
59 57
60 57
60 57
61 57
62 56
63 56
64 56
65 55
66 55
66 55
67 55
68 54
69 54
70 54
71 53
72 53
72 53
73 53
74 52
75 52
76 51
77 51
78 50
79 50
79 50
80 50
81 49
82 49
83 48
84 48
84 48
85 48
86 47
87 47
88 46
89 46
89 46
90 46
91 45
92 45
93 44
94 44
94 44
95 44
96 43
97 43
97 43
98 43
99 42
100 42
100 42
99 42
98 42
97 41
96 41
95 41
94 41
93 41
92 41
91 40
90 40
89 40
88 40
87 40
86 40
85 39
84 39
83 39
82 39
81 39
80 39
79 38
78 38
77 38
77 38
76 38
75 37
74 37
74 37
73 36
73 36
72 36
72 36
72 37
72 37
72 38
73 39
73 40
73 40
73 41
73 42
73 43
73 44
73 45
73 45
73 46
73 47
74 48
74 49
74 50
