0 20
0 19
0 19
0 19
0 18
0 18
0 18
1 17
1 16
1 16
2 15
2 15
3 14
3 13
3 13
4 12
4 12
5 11
5 11
6 10
6 10
7 10
7 10
8 11
8 11
9 12
9 12
9 13
9 14
9 15
9 15
10 16
10 17
10 17
10 18
11 19
11 20
11 20
11 21
11 22
11 23
11 24
11 24
11 25
11 26
12 27
12 28
12 29
12 29
12 30
12 31
12 32
12 33
12 34
12 34
12 35
12 36
13 37
13 38
13 39
13 40
13 40
13 41
13 42
13 43
14 44
14 45
14 46
14 47
14 47
14 48
14 49
14 50
14 51
14 52
14 52
14 53
14 54
15 55
15 56
15 57
15 57
15 58
15 59
15 60
15 61
15 62
15 62
15 63
15 64
15 65
15 66
15 66
15 67
15 68
15 69
15 70
15 70
15 71
15 72
15 73
15 74
15 74
15 75
15 76
15 76
15 77
15 78
15 79
15 79
15 80
15 80
15 80
15 80
14 79
14 79
13 78
13 77
12 76
12 75
11 74
11 73
10 72
9 71
9 70
8 69
8 68
7 67
7 66
6 65
5 64
5 63
4 62
4 61
3 60
3 59
2 58
2 58
1 57
0 56
0 56
0 55
0 55
0 54
0 54
1 53
1 53
2 52
3 52
3 52
4 51
4 51
5 51
6 51
6 51
7 51
8 50
9 50
9 50
10 51
11 51
11 51
12 52
13 52
13 52
14 53
15 54
15 54
15 55
16 56
16 57
16 57
16 58
17 59
17 60
17 61
17 61
17 62
17 63
17 64
17 65
17 65
17 66
17 67
17 68
17 69
17 70
17 70
17 71
17 72
16 73
16 74
16 75
16 76
16 76
16 77
16 78
15 79
15 80
15 81
15 81
15 82
14 83
14 84
13 85
13 86
13 86
13 87
13 88
12 89
12 90
12 91
12 91
12 92
11 93
11 94
11 95
11 95
11 96
11 97
11 98
11 98
11 99
11 100
11 100
12 100
12 100
13 100
13 100
14 100
14 100
15 99
16 98
16 98
17 97
18 96
18 96
19 95
19 94
20 93
20 93
21 92
22 91
22 91
23 90
24 89
25 88
25 88
25 87
26 86
26 85
26 85
27 84
28 83
28 83
29 82
30 81
30 81
31 80
31 79
31 79
32 78
32 77
33 76
33 75
34 74
34 73
35 72
36 71
36 70
37 69
37 68
38 67
38 66
39 65
40 64
40 63
41 62
41 61
42 60
42 59
43 58
44 57
44 56
45 55
45 54
46 53
46 52
47 51
48 50
48 49
49 48
49 47
50 46
50 45
51 44
51 43
52 42
53 41
53 40
54 39
54 38
55 37
55 36
56 35
57 34
57 33
58 32
58 31
59 30
59 29
60 28
61 27
61 26
62 25
62 24
63 23
63 22
64 21
65 20
65 19
66 18
66 17
67 16
67 15
68 14
68 14
68 14
68 13
68 13
68 13
68 14
68 14
68 15
68 16
68 16
68 17
68 18
68 18
68 19
68 20
68 21
68 22
68 22
68 23
68 24
68 25
68 25
68 26
68 27
68 28
68 29
68 30
68 31
68 31
68 32
68 33
68 34
68 35
68 36
68 36
68 37
68 38
67 39
67 40
67 41
67 42
67 42
67 43
67 44
67 45
67 46
67 47
67 48
67 48
67 49
67 50
67 51
67 52
67 53
67 54
67 54
67 55
67 56
67 57
67 58
67 59
67 59
67 60
67 61
67 62
67 63
67 64
67 64
67 65
66 66
66 67
66 68
66 68
66 69
66 70
66 71
66 72
66 72
66 73
66 74
66 74
66 75
66 75
66 75
65 74
65 74
64 73
64 73
64 72
63 71
63 70
63 70
63 69
62 68
62 67
62 67
62 66
61 65
61 64
61 63
61 63
61 62
61 61
60 60
60 59
60 58
60 58
60 57
60 56
59 55
59 54
59 53
59 52
59 52
59 51
59 50
59 49
59 48
59 47
59 47
59 46
59 45
60 44
60 43
60 42
60 42
60 41
60 40
60 39
60 38
60 37
60 37
60 36
61 35
61 34
62 33
62 32
62 32
62 31
62 30
63 29
63 28
63 27
63 27
63 26
64 25
64 24
65 23
65 22
65 22
66 21
66 20
67 19
67 18
68 17
68 17
68 16
69 15
69 14
70 13
70 12
70 12
71 11
71 10
72 9
72 8
73 7
73 7
74 6
75 5
76 4
76 4
77 3
78 2
78 2
79 1
80 0
80 0
81 1
81 1
82 2
82 2
82 3
83 4
83 5
83 5
83 6
84 7
84 8
84 8
84 9
84 10
85 11
85 12
85 13
85 13
85 14
85 15
86 16
86 17
86 18
86 18
86 19
86 20
86 21
86 22
86 23
86 24
86 24
86 25
86 26
86 27
87 28
87 29
87 30
87 31
87 31
87 32
87 33
87 34
87 35
87 36
87 37
87 38
87 38
87 39
87 40
87 41
87 42
87 43
87 44
87 45
87 45
87 46
87 47
87 48
88 49
88 50
88 51
88 52
88 53
88 53
88 54
88 55
88 56
89 57
89 58
89 59
89 60
89 61
89 61
89 62
89 63
89 64
89 65
89 66
89 67
89 68
89 69
89 69
89 70
89 71
89 72
90 73
90 74
90 75
90 76
90 76
90 77
90 78
90 79
91 80
91 81
91 82
91 83
91 83
91 84
91 85
91 86
91 87
91 87
91 88
91 89
91 90
91 91
91 91
91 92
91 93
91 94
91 95
91 95
91 96
91 97
91 97
91 97
91 97
90 97
90 97
89 96
89 96
88 95
88 95
87 94
86 93
86 93
85 92
84 92
83 91
82 90
81 89
80 89
79 88
78 87
77 87
76 86
75 85
74 84
73 84
72 83
71 82
70 82
69 81
68 80
67 80
66 79
65 78
64 77
63 77
62 76
61 75
60 75
59 74
58 73
57 72
56 72
55 71
55 71
54 72
53 73
52 73
51 74
50 75
50 75
49 75
49 75
48 74
48 74
48 73
48 73
49 72
50 72
50 72
51 71
52 71
52 71
53 70
54 70
55 69
55 69
56 69
57 68
58 68
59 68
59 68
60 67
61 66
62 66
63 65
64 64
64 64
65 63
66 62
67 62
68 61
69 60
69 60
70 59
71 58
72 57
73 56
74 55
74 55
75 54
76 54
77 53
78 52
79 52
80 51
80 51
81 50
82 50
83 49
84 49
85 48
85 48
86 47
87 47
88 46
89 46
90 45
90 45
91 44
92 44
93 43
94 43
94 43
95 42
96 42
97 41
97 41
98 40
99 40
99 40
100 40
100 40
99 39
98 39
97 38
96 37
95 37
94 36
93 35
92 35
91 34
90 34
89 33
88 32
87 32
86 31
85 30
84 30
83 29
83 29
84 28
84 28
84 28
83 29
83 29
82 30
82 30
82 31
81 32
81 33
81 33
81 34
80 35
80 36
80 37
80 37
80 38
79 39
79 40
79 41
79 41
78 42
78 43
77 44
77 44
77 45
77 46
77 47
77 47
76 48
76 49
