0 30
1 30
1 30
1 29
1 28
2 27
2 26
2 25
2 24
2 24
3 23
3 22
4 21
4 20
5 19
5 19
6 18
7 17
8 16
9 15
9 15
10 14
11 13
12 13
13 12
13 12
14 11
15 10
16 9
16 9
17 10
18 11
18 11
18 12
19 13
19 14
19 14
19 15
19 16
19 17
19 18
19 19
19 19
19 20
19 21
19 22
19 23
19 24
19 25
19 26
19 27
19 27
19 28
19 29
19 30
19 31
19 32
19 33
19 34
19 35
19 36
19 37
19 38
19 38
19 39
19 40
19 41
19 42
19 43
19 44
19 45
19 46
19 47
19 48
19 48
19 49
19 50
19 51
19 52
20 53
20 54
20 55
20 56
20 57
20 57
20 58
20 59
20 60
21 61
21 62
21 63
21 64
21 65
21 65
21 66
21 67
22 68
22 69
22 70
22 70
22 71
22 72
22 72
22 73
22 73
21 72
20 71
19 71
18 70
17 69
16 68
15 68
14 67
13 66
12 65
11 64
10 64
9 63
8 62
7 61
6 61
5 60
4 59
4 59
5 59
6 59
7 59
8 59
8 59
8 58
9 57
9 56
9 55
10 54
10 53
10 53
11 52
11 51
12 50
12 49
13 48
13 48
14 47
15 46
16 46
17 45
17 45
18 44
19 44
20 43
21 43
21 43
22 43
23 44
24 44
24 44
25 45
26 45
27 46
28 46
28 46
29 47
29 48
30 49
30 49
30 50
30 51
31 52
31 53
31 54
31 54
31 55
31 56
31 57
31 58
31 59
31 60
31 60
31 61
31 62
31 63
30 64
30 65
30 66
30 67
30 68
30 68
30 69
29 70
29 71
28 72
28 73
28 74
27 75
27 76
27 76
26 77
26 78
25 79
25 80
24 81
24 82
23 83
23 83
22 84
22 85
21 86
21 87
20 88
20 89
19 90
19 90
18 91
17 92
17 93
16 94
15 95
15 95
14 96
14 97
13 98
13 98
12 99
12 100
12 100
12 100
13 100
14 100
14 100
15 100
16 99
17 99
18 99
18 99
19 98
20 98
21 97
22 97
23 96
24 96
25 95
25 95
26 94
27 94
28 93
29 92
30 91
31 91
32 90
32 90
33 89
34 89
35 88
36 87
37 86
38 86
39 85
39 85
40 84
41 84
42 83
43 82
44 82
45 81
45 81
45 80
46 79
46 78
46 77
46 76
47 75
47 74
47 73
47 72
48 71
48 70
48 69
48 68
49 67
49 66
49 65
49 64
50 63
50 62
50 61
50 60
51 59
51 58
51 57
51 56
52 55
52 54
52 53
52 52
53 51
53 50
53 49
53 48
54 47
54 46
54 45
54 44
55 43
55 42
55 41
55 40
56 39
56 38
56 37
56 36
57 35
57 34
57 33
57 32
58 31
58 30
58 29
58 28
59 27
59 26
59 25
59 25
60 25
61 25
62 25
63 25
63 25
62 24
62 24
63 25
63 25
63 26
63 27
63 28
63 29
63 30
63 31
63 32
63 33
63 33
63 34
63 35
63 36
63 37
63 38
64 39
64 40
64 41
64 42
64 43
64 44
64 45
64 45
64 46
64 47
64 48
65 49
65 50
65 51
65 52
65 53
65 54
65 55
66 56
66 57
66 58
66 59
66 59
66 60
66 61
66 62
66 63
66 64
66 65
66 66
66 67
66 68
66 69
66 70
66 70
66 71
66 72
66 73
66 74
67 75
67 76
67 77
67 78
67 79
67 79
67 80
67 81
67 82
67 83
67 84
67 85
67 85
66 86
66 87
66 87
65 88
65 88
65 87
65 86
64 85
64 84
64 83
64 82
64 81
64 80
63 79
63 78
63 77
63 76
63 75
63 74
62 73
62 72
62 71
62 70
62 69
62 68
61 67
61 66
61 65
61 64
61 63
60 62
60 61
60 60
60 59
60 58
60 57
59 56
59 55
59 54
59 53
59 52
59 51
58 50
58 49
58 48
58 47
58 46
58 45
57 44
57 43
57 42
57 42
58 41
58 40
59 39
59 38
60 37
60 36
61 35
61 34
62 33
62 32
63 31
63 30
64 29
64 28
64 28
64 27
65 26
65 25
65 24
66 23
66 22
66 21
67 20
67 19
67 19
67 18
68 17
68 16
69 15
69 14
69 13
70 12
70 11
71 10
71 9
71 9
72 8
73 7
74 6
75 5
76 4
76 4
77 3
78 2
79 1
79 1
80 1
81 0
82 0
82 0
83 1
83 2
84 3
84 3
84 4
84 5
85 6
85 7
85 8
85 8
85 9
85 10
85 11
85 12
86 13
86 14
86 15
86 16
86 17
86 18
86 18
86 19
86 20
86 21
86 22
86 23
86 24
86 25
86 26
86 27
86 28
86 29
86 30
86 31
86 32
86 33
86 33
86 34
86 35
86 36
86 37
86 38
86 39
86 40
86 41
85 42
85 43
85 44
85 45
85 46
85 47
85 48
85 49
85 50
85 50
85 51
85 52
85 53
85 54
85 55
85 56
85 57
85 58
85 59
85 60
85 61
85 62
85 63
85 64
85 65
85 65
85 66
85 67
85 68
85 69
85 70
85 71
85 72
85 73
85 74
85 75
85 76
85 77
85 77
85 78
85 79
85 80
85 81
85 82
85 83
85 84
85 85
85 85
85 86
85 87
85 88
85 89
85 89
85 90
85 91
85 91
84 92
83 93
83 93
82 93
81 93
81 93
80 92
79 92
78 91
77 90
76 89
75 89
74 88
73 87
72 87
71 86
70 85
69 84
68 84
67 83
66 82
65 82
64 81
63 80
62 79
61 79
60 78
59 77
58 77
57 76
56 75
55 75
54 74
53 73
52 72
51 72
50 71
49 70
48 70
47 69
46 68
45 67
44 67
43 66
43 66
43 67
43 68
43 69
44 70
44 71
44 72
44 73
44 73
44 72
45 71
45 70
45 69
45 69
46 68
46 67
47 66
47 65
48 64
48 63
49 62
49 61
49 61
50 60
51 60
52 59
53 59
54 58
55 58
56 57
57 57
57 57
58 57
59 57
60 56
61 56
62 56
63 56
64 56
65 55
66 55
67 55
67 55
68 55
69 55
70 54
71 54
72 54
73 54
74 54
75 53
76 53
77 53
77 53
78 53
79 53
80 52
81 52
82 52
83 52
84 52
85 51
86 51
87 51
87 51
88 51
89 51
90 51
91 50
92 50
93 50
94 50
94 50
95 50
96 49
97 49
98 49
98 49
99 49
100 49
100 49
99 48
98 47
97 46
96 45
95 44
94 43
93 42
92 41
91 40
90 39
89 38
88 38
87 37
86 36
85 35
84 34
83 33
82 32
81 31
80 30
79 29
78 28
78 28
78 29
78 30
78 31
77 32
77 33
77 34
77 35
77 36
77 37
77 38
76 39
76 40
76 41
76 42
76 42
75 42
74 42
74 42
74 43
73 44
73 45
73 45
73 46
73 47
72 48
72 49
72 50
72 51
