3 14
2 15
1 16
1 16
1 16
0 16
0 16
0 17
0 17
0 17
0 17
0 17
0 17
1 16
1 16
2 15
3 15
3 15
4 14
5 13
6 12
6 12
7 11
8 11
9 10
9 10
10 9
11 8
12 8
13 7
13 7
14 6
15 6
16 5
16 5
17 5
18 4
19 4
19 4
20 3
21 3
22 2
23 2
23 2
24 2
25 2
26 2
26 2
27 1
28 1
28 1
29 1
29 1
30 2
30 2
31 2
31 2
32 3
32 4
32 4
33 5
33 6
33 6
33 7
33 8
33 8
33 9
33 10
33 11
33 11
33 12
32 13
32 14
32 15
32 15
32 16
32 17
32 18
32 19
32 20
32 20
32 21
32 22
32 23
32 24
32 25
32 25
32 26
32 27
32 28
31 29
31 30
31 31
31 32
31 32
31 33
31 34
31 35
31 36
31 37
31 38
31 39
31 40
31 40
31 41
31 42
31 43
31 44
31 45
31 46
31 47
31 47
31 48
31 49
31 50
31 51
31 52
31 53
31 54
31 55
31 55
31 56
31 57
31 58
31 59
31 60
31 61
31 62
31 63
31 63
31 64
31 65
31 66
31 67
31 68
31 69
31 69
31 70
31 71
30 72
30 73
30 74
30 75
30 75
30 76
30 77
30 78
30 79
30 80
30 80
30 81
30 82
30 83
30 84
30 85
30 85
30 86
30 87
30 88
30 88
30 89
30 89
29 90
29 91
29 91
29 91
29 91
29 91
29 90
29 90
28 89
28 88
28 88
28 87
28 86
28 85
28 85
28 84
27 83
27 82
26 81
26 80
25 79
25 78
24 77
24 76
23 75
23 74
22 73
22 72
21 71
21 70
20 69
20 68
19 67
19 66
18 65
18 64
17 63
17 62
16 61
16 60
15 59
15 58
14 57
14 56
13 55
13 54
12 53
12 52
11 51
11 50
11 50
10 50
9 50
9 50
9 50
8 49
8 49
8 49
8 49
9 49
9 49
10 48
10 48
11 47
11 47
12 47
13 46
14 46
14 46
15 45
16 45
17 44
17 44
18 44
19 43
20 43
20 43
21 42
22 42
23 41
24 41
24 41
25 41
26 40
27 40
27 40
28 40
29 40
30 40
31 40
31 40
32 40
33 40
33 40
34 40
35 40
35 40
36 41
36 41
37 42
37 42
38 43
38 44
38 44
38 45
38 45
38 46
38 47
38 48
38 48
38 49
37 50
37 51
37 51
37 52
36 53
36 54
36 55
36 55
36 56
35 57
35 58
35 58
35 59
35 60
34 61
34 62
34 63
34 63
34 64
33 65
33 66
33 67
33 67
33 68
32 69
32 70
31 71
31 72
31 72
31 73
31 74
30 75
30 76
30 77
30 77
30 78
29 79
29 80
28 81
28 82
28 82
28 83
28 84
27 85
27 86
27 87
27 87
27 88
26 89
26 90
26 91
26 91
25 92
25 93
24 94
24 95
24 95
24 96
24 97
24 97
23 98
23 99
23 99
23 100
23 100
24 100
24 100
25 100
25 100
26 99
27 99
27 99
28 98
29 97
29 97
30 96
30 95
31 94
31 94
32 93
33 92
34 91
34 91
35 90
36 90
37 89
37 89
38 88
39 87
40 86
40 86
41 85
42 85
43 84
43 84
44 83
45 82
45 82
46 81
47 81
47 81
48 80
48 80
49 80
49 80
49 80
49 80
49 80
49 80
48 80
48 80
48 79
49 78
49 77
49 76
50 75
50 74
50 73
51 72
51 71
51 70
52 69
52 68
52 67
53 66
53 65
53 64
54 63
54 62
54 61
55 60
55 59
55 58
56 57
56 56
56 55
57 54
57 53
58 52
58 51
58 50
59 49
59 48
59 47
60 46
60 45
60 44
61 43
61 42
61 41
62 40
62 39
62 38
63 37
63 36
63 35
64 34
64 33
64 32
65 31
65 30
65 29
66 28
66 27
66 27
66 26
67 25
67 24
67 23
67 23
66 22
66 21
66 21
66 21
66 21
66 22
66 22
67 23
67 23
67 24
67 25
67 26
67 27
67 27
67 28
67 29
68 30
68 31
68 32
68 32
68 33
68 34
68 35
68 36
68 37
68 38
68 39
68 39
68 40
68 41
68 42
69 43
69 44
69 45
69 46
69 46
69 47
69 48
69 49
69 50
69 51
69 52
69 52
69 53
69 54
69 55
70 56
70 57
70 58
70 59
70 59
70 60
70 61
70 62
70 63
70 63
70 64
70 65
70 66
70 67
70 67
70 68
70 69
70 69
70 70
70 70
70 70
70 69
70 69
69 68
69 67
69 67
69 66
69 65
69 65
69 64
69 63
69 62
69 61
69 61
69 60
69 59
69 58
69 57
68 56
68 55
68 54
68 53
68 52
68 51
68 50
68 49
68 48
68 47
67 46
67 45
67 44
67 43
67 42
67 41
67 40
67 39
67 38
67 37
66 36
66 35
66 34
66 33
66 32
66 31
66 30
66 29
66 28
66 27
65 26
65 25
65 24
65 23
65 22
65 22
65 21
65 20
65 19
65 18
65 17
65 17
65 16
65 15
65 14
65 14
65 13
65 12
65 12
66 11
66 10
66 10
67 9
68 8
68 8
69 7
69 6
70 5
70 5
71 4
72 4
72 4
73 3
74 3
75 2
75 2
76 1
77 1
77 1
78 1
79 1
80 1
80 1
81 0
82 0
82 0
83 1
84 1
84 1
85 2
86 3
86 3
87 4
88 4
88 4
88 5
89 6
89 7
89 7
90 8
90 9
91 10
91 11
91 11
91 12
91 13
91 14
91 15
91 16
91 16
91 17
92 18
92 19
92 20
92 20
92 21
92 22
92 23
92 24
92 25
92 26
92 26
92 27
92 28
92 29
92 30
92 31
92 32
92 33
92 33
92 34
92 35
92 36
92 37
92 38
92 39
92 40
92 41
92 41
92 42
92 43
92 44
92 45
92 46
92 47
92 48
92 49
92 49
92 50
92 51
92 52
92 53
91 54
91 55
91 56
91 57
91 58
91 58
91 59
91 60
91 61
91 62
91 63
91 64
91 65
91 66
91 67
91 67
91 68
91 69
91 70
90 71
90 72
90 73
90 74
90 74
90 75
90 76
90 77
89 78
89 79
89 80
89 81
89 81
89 82
89 83
89 84
89 85
89 86
89 86
89 87
88 88
88 89
88 90
88 90
87 91
87 92
87 92
87 93
87 94
87 94
86 95
86 95
85 95
85 95
84 94
84 94
83 93
83 92
83 92
82 91
81 90
81 90
80 89
79 88
79 88
78 87
78 86
77 85
77 84
77 84
76 83
75 82
74 81
74 81
74 80
73 79
73 78
72 77
72 76
72 76
71 75
70 74
69 73
68 73
67 72
66 71
65 70
64 69
63 68
62 67
61 67
60 66
59 65
58 64
57 63
56 62
55 62
54 61
53 60
52 59
52 59
52 60
52 60
52 59
52 59
53 58
53 58
54 57
55 57
55 57
56 56
57 55
57 55
58 54
59 54
60 53
61 53
61 53
62 52
63 52
64 51
65 51
65 51
66 51
67 50
68 50
69 49
70 49
70 49
71 49
72 48
73 48
74 47
75 47
75 47
76 47
77 46
78 46
79 45
80 45
80 45
81 45
82 44
83 44
84 43
85 43
85 43
86 43
87 42
88 42
89 42
89 42
90 42
91 41
92 41
92 41
93 41
94 40
95 40
95 40
96 40
97 39
98 39
98 39
99 38
100 38
100 38
99 37
98 37
97 36
96 35
95 34
94 34
93 33
92 32
91 31
90 31
89 30
88 29
87 28
86 28
85 27
85 27
85 26
85 26
85 25
85 25
85 24
85 24
85 24
85 24
84 25
83 25
83 25
82 26
82 27
82 27
81 28
80 29
80 29
79 30
79 31
78 32
78 32
77 33
77 34
76 35
