3 13
3 12
3 12
2 11
2 11
2 11
1 11
1 11
1 10
1 10
1 10
0 10
0 10
0 10
0 10
1 9
1 9
2 9
2 9
3 8
4 8
4 8
5 7
6 7
6 7
7 6
8 5
8 5
9 5
10 4
11 4
11 4
12 4
13 4
13 4
14 4
15 4
15 4
16 4
17 4
17 4
18 4
19 4
19 4
20 5
20 5
21 6
21 6
22 7
22 8
22 8
22 9
22 10
22 10
22 11
22 12
22 13
22 13
22 14
22 15
22 16
22 17
22 17
22 18
21 19
21 20
21 21
21 21
21 22
21 23
21 24
21 25
21 26
21 27
21 27
21 28
21 29
21 30
21 31
21 32
21 33
21 33
21 34
21 35
20 36
20 37
20 38
20 39
20 39
20 40
20 41
20 42
20 43
20 44
20 45
20 46
20 46
20 47
20 48
20 49
20 50
20 51
20 52
20 53
20 54
20 54
20 55
20 56
20 57
20 58
20 59
20 60
20 61
20 61
20 62
20 63
20 64
20 65
20 66
20 67
20 67
20 68
20 69
21 70
21 71
21 72
21 72
21 73
21 74
21 75
21 76
21 76
21 77
21 78
21 79
21 79
21 80
21 81
21 81
21 82
21 82
21 83
21 83
21 83
21 82
21 82
21 81
21 81
21 80
21 79
21 79
20 78
19 77
18 76
17 75
16 74
15 74
14 73
13 72
12 71
11 70
10 69
9 68
8 67
7 66
6 65
5 65
4 64
3 63
2 62
1 61
0 60
0 60
0 60
0 59
0 59
0 59
0 59
1 58
2 58
2 58
3 57
3 57
4 56
5 55
5 55
6 55
7 54
8 54
8 54
9 53
10 52
10 52
11 52
12 51
13 51
13 51
14 51
15 50
16 50
16 50
17 50
18 50
18 50
19 51
20 51
20 51
21 52
22 52
22 52
23 53
23 53
24 54
24 55
24 55
25 56
25 56
26 57
26 58
26 58
26 59
26 60
26 61
26 61
26 62
25 63
25 64
25 64
25 65
24 66
24 67
24 67
24 68
23 69
23 70
23 71
23 71
23 72
22 73
22 74
22 75
22 75
22 76
21 77
21 78
20 79
20 80
20 80
19 81
19 82
18 83
18 84
18 84
18 85
17 86
17 87
16 88
16 89
16 89
15 90
15 91
14 92
14 93
14 93
14 94
13 95
13 96
13 96
12 97
12 98
12 98
12 99
12 100
12 100
12 100
13 100
13 100
14 100
14 100
15 100
16 100
16 100
17 99
18 98
18 98
19 97
20 97
21 96
21 96
22 95
23 94
23 94
24 93
25 92
26 92
27 91
27 91
28 90
29 90
30 89
30 89
31 88
32 87
33 87
34 86
34 86
35 85
36 84
36 84
37 83
38 83
39 82
39 82
40 81
41 81
41 81
42 80
43 79
43 79
44 79
44 79
45 78
45 78
46 78
46 78
46 78
46 78
46 78
46 78
46 77
47 76
47 75
48 74
48 73
48 72
49 71
49 70
49 69
50 68
50 67
51 66
51 65
51 64
52 63
52 62
52 61
53 60
53 59
54 58
54 57
54 56
55 55
55 54
55 53
56 52
56 51
57 50
57 49
57 48
58 47
58 46
58 45
59 44
59 43
60 42
60 41
60 40
61 39
61 38
61 37
62 36
62 35
63 34
63 33
63 32
64 31
64 30
64 29
65 28
65 27
66 26
66 25
66 24
67 23
67 22
67 22
67 21
67 21
67 22
67 22
67 23
67 24
67 24
67 25
67 26
67 27
67 27
67 28
68 29
68 30
68 31
68 31
68 32
68 33
68 34
68 35
68 36
68 36
68 37
68 38
68 39
69 40
69 41
69 42
69 43
69 43
69 44
69 45
69 46
69 47
69 48
69 49
69 50
69 50
69 51
69 52
69 53
70 54
70 55
70 56
70 57
70 58
70 58
70 59
70 60
70 61
70 62
70 63
70 64
70 64
70 65
70 66
70 67
70 68
70 69
70 69
70 70
70 71
70 72
70 73
70 73
69 74
69 75
69 75
69 76
69 76
69 76
69 75
69 75
69 74
69 73
69 72
69 71
69 70
69 69
69 68
69 67
68 66
68 65
68 64
68 63
68 62
68 61
68 60
68 59
68 58
68 57
68 56
68 55
68 54
68 53
68 52
68 51
68 50
67 49
67 48
67 47
67 46
67 45
67 44
67 43
67 42
67 41
67 40
67 39
67 38
67 37
67 36
67 35
67 34
67 33
67 32
66 31
66 30
66 29
66 28
66 27
66 26
66 25
66 24
66 23
66 23
66 22
66 21
67 20
67 19
67 18
67 17
67 17
67 16
67 15
67 14
67 13
67 13
67 12
67 11
67 11
67 10
68 9
68 8
68 8
69 7
69 6
69 6
70 5
70 4
70 4
71 3
71 3
72 2
73 2
73 2
74 2
75 1
76 1
76 1
77 0
78 0
78 0
79 0
80 0
80 0
81 1
82 1
82 1
83 2
83 2
83 3
84 4
84 5
84 5
84 6
85 7
85 8
85 9
85 9
85 10
86 11
86 12
86 12
86 13
86 14
87 15
87 16
87 17
87 18
87 18
87 19
87 20
88 21
88 22
88 23
88 24
88 24
88 25
88 26
88 27
88 28
88 29
88 30
88 31
88 32
88 32
88 33
88 34
88 35
89 36
89 37
89 38
89 39
89 40
89 40
89 41
89 42
89 43
89 44
89 45
89 46
89 47
89 48
89 49
89 49
89 50
89 51
89 52
89 53
89 54
89 55
89 56
89 57
89 58
89 58
89 59
89 60
89 61
89 62
89 63
89 64
89 65
89 66
89 66
89 67
89 68
89 69
89 70
89 71
89 72
89 72
89 73
89 74
89 75
88 76
88 77
88 78
88 79
88 79
88 80
88 81
87 82
87 83
87 84
87 84
87 85
87 86
87 87
87 88
87 88
87 89
86 90
86 91
86 91
86 92
86 93
86 94
86 94
86 95
86 95
86 95
85 95
85 95
85 94
85 93
85 93
84 92
84 91
84 91
84 90
83 89
83 88
83 88
83 87
82 86
82 85
82 85
81 84
81 83
80 82
80 81
80 81
80 80
79 79
79 78
78 77
78 76
78 76
77 75
77 74
76 73
76 72
76 72
75 71
74 71
73 70
72 70
71 69
70 69
69 68
68 68
67 67
66 67
65 66
64 66
63 65
62 65
61 64
60 64
59 63
58 63
57 62
56 62
55 61
54 61
53 60
52 60
51 59
51 59
51 59
50 59
50 59
50 59
50 59
51 58
51 58
52 58
52 58
53 57
54 56
54 56
55 56
56 55
57 55
57 55
58 54
59 54
60 53
61 53
61 53
62 53
63 52
64 52
65 51
66 51
66 51
67 50
68 50
69 49
70 49
70 49
71 49
72 48
73 48
74 48
75 47
76 47
76 47
77 47
78 47
79 46
80 46
81 46
82 46
82 46
83 46
84 46
85 45
86 45
87 45
87 45
88 45
89 44
90 44
91 44
91 44
92 44
93 43
94 43
94 43
95 43
96 43
97 43
97 43
98 42
99 42
99 42
99 42
100 42
100 42
99 42
99 42
98 41
97 40
96 40
95 39
94 38
93 37
92 36
91 35
90 35
89 34
88 33
87 32
86 31
85 31
84 30
83 29
83 29
83 28
83 27
83 26
83 26
82 25
82 25
82 24
82 24
82 24
82 24
81 25
81 25
80 26
80 26
79 27
79 28
78 29
78 29
78 30
77 31
77 32
77 32
76 33
76 34
75 35
75 36
