2 16
2 15
2 14
2 14
1 15
1 15
0 15
0 15
0 15
0 15
0 15
0 15
0 15
1 14
1 14
2 13
3 12
3 12
4 11
5 11
5 11
6 10
7 10
7 10
8 9
9 9
9 9
10 8
10 8
11 8
12 8
12 8
13 8
14 8
14 8
15 9
15 9
16 10
17 10
17 10
17 11
18 12
18 13
18 13
18 14
18 15
18 16
18 16
18 17
19 18
19 19
19 19
19 20
19 21
20 22
20 23
20 24
20 24
20 25
20 26
20 27
20 28
20 29
20 30
20 30
20 31
20 32
20 33
20 34
20 35
20 36
20 36
20 37
20 38
20 39
20 40
20 41
20 42
20 43
20 43
20 44
20 45
20 46
20 47
20 48
20 49
20 50
20 51
20 51
20 52
20 53
20 54
20 55
20 56
20 57
20 58
20 58
20 59
20 60
20 61
20 62
20 62
20 63
19 64
19 65
19 65
19 66
19 67
19 68
19 68
19 69
19 69
19 69
18 68
18 67
17 66
16 65
16 64
15 63
14 62
14 61
13 60
13 59
12 58
11 57
11 56
10 55
10 55
9 56
8 56
8 56
7 55
7 55
7 55
7 55
7 55
8 54
8 54
9 53
9 53
10 52
11 52
11 52
12 51
13 51
13 51
14 50
15 50
15 50
16 49
17 49
18 48
18 48
19 48
20 47
21 47
21 47
22 47
23 47
23 47
24 47
25 47
25 47
26 48
27 48
27 48
28 49
28 49
29 50
29 51
29 51
29 52
29 53
29 54
29 54
29 55
28 56
28 57
28 57
28 58
27 59
27 60
27 61
27 61
27 62
26 63
26 64
25 65
25 66
25 66
25 67
24 68
24 69
23 70
23 71
23 71
22 72
22 73
21 74
21 75
20 76
20 77
20 77
20 78
19 79
19 80
19 81
18 82
18 83
18 83
18 84
17 85
17 86
16 87
16 88
16 88
16 89
15 90
15 91
15 91
15 92
14 93
14 94
14 94
14 95
14 95
14 96
14 96
15 96
15 96
16 95
16 95
17 94
18 94
18 94
19 93
20 92
20 92
21 91
22 91
23 90
23 90
24 89
24 88
25 87
25 87
26 86
27 85
28 84
28 84
29 83
29 82
30 81
30 81
31 80
31 79
32 78
32 77
33 76
33 75
34 74
35 73
35 72
36 71
36 70
37 69
37 68
38 67
39 66
39 65
40 64
40 63
41 62
41 61
42 60
43 59
43 58
44 57
44 56
45 55
45 54
46 53
47 52
47 51
48 50
48 49
49 48
50 47
50 46
51 45
51 44
52 43
52 42
53 41
54 40
54 39
55 38
55 37
56 36
56 35
57 34
58 33
58 32
59 31
59 30
60 29
60 28
61 27
62 26
62 25
63 24
63 23
64 22
64 21
65 20
65 20
65 20
65 20
64 21
64 22
64 22
64 23
64 24
64 24
64 25
64 26
64 26
64 27
64 28
64 29
64 29
64 30
64 31
64 32
64 32
64 33
64 34
64 35
64 36
64 37
64 37
64 38
64 39
64 40
64 41
64 42
64 42
64 43
64 44
64 45
63 46
63 47
63 48
63 49
63 49
63 50
63 51
63 52
63 53
63 54
63 55
63 56
63 57
63 57
63 58
63 59
63 60
62 61
62 62
62 63
62 64
62 65
62 65
62 66
62 67
62 68
61 69
61 70
61 71
61 72
61 72
61 73
61 74
61 75
61 76
61 77
61 78
61 78
61 79
61 80
60 81
60 82
60 83
60 84
60 84
60 85
60 86
59 87
59 88
59 89
59 90
59 90
59 91
59 92
59 93
59 94
59 94
59 95
58 96
58 97
58 97
58 98
57 99
57 100
57 100
56 100
56 100
55 100
55 100
54 99
54 98
54 98
54 97
53 96
53 95
53 94
53 94
53 93
53 92
53 91
53 90
54 89
54 88
54 87
54 86
54 85
54 84
54 83
54 82
54 81
54 80
55 79
55 78
55 77
55 76
55 75
55 74
55 73
55 72
55 71
55 70
56 69
56 68
56 67
56 66
56 65
56 64
56 63
56 62
56 61
57 60
57 59
57 58
57 57
57 56
57 55
57 54
57 53
57 52
57 51
58 50
58 49
58 48
58 47
58 46
58 45
58 44
58 43
58 42
58 41
59 40
59 39
59 38
59 37
59 36
59 36
59 35
60 34
60 33
61 32
61 31
61 30
62 29
62 28
63 27
63 26
63 26
63 25
63 24
64 23
64 22
64 21
64 21
64 20
64 19
64 18
64 18
65 17
65 17
66 16
67 15
67 15
67 14
68 13
68 12
68 12
69 11
69 10
70 9
70 9
71 8
72 7
73 6
73 6
74 5
74 4
75 3
75 3
76 2
77 1
77 1
78 0
79 0
79 0
80 0
80 0
81 1
82 1
82 1
83 1
83 1
84 2
85 2
85 2
86 3
86 3
87 3
87 3
88 4
88 4
89 5
89 5
90 6
90 7
90 7
90 8
90 9
90 10
90 10
90 11
90 12
90 13
90 13
90 14
90 15
90 16
90 17
90 17
90 18
90 19
90 20
90 21
90 22
90 22
90 23
90 24
90 25
90 26
90 27
90 27
90 28
90 29
90 30
90 31
90 32
90 32
90 33
90 34
89 35
89 36
89 37
89 38
89 38
89 39
89 40
89 41
89 42
89 43
89 44
89 45
89 45
89 46
89 47
89 48
89 49
89 50
89 51
89 52
89 53
89 53
89 54
89 55
89 56
89 57
89 58
89 59
89 60
89 61
89 61
89 62
89 63
89 64
89 65
89 66
89 67
89 68
89 68
89 69
89 70
89 71
89 72
89 73
89 74
89 74
89 75
89 76
88 77
88 78
88 79
88 79
88 80
88 81
88 82
88 83
88 84
88 84
88 85
88 86
88 87
88 87
88 88
88 89
88 90
88 90
87 91
87 91
87 91
86 90
86 89
86 89
85 88
84 87
84 87
83 86
83 85
83 85
82 84
81 83
80 82
80 82
79 81
79 80
78 79
78 79
77 78
76 77
76 77
75 76
75 75
74 74
74 74
73 73
72 73
71 72
70 71
69 71
68 70
67 69
66 69
65 68
64 67
63 66
62 66
61 65
60 64
59 64
58 63
57 62
56 62
55 61
54 60
53 60
52 59
52 59
51 59
50 58
49 58
49 58
48 57
48 57
47 56
47 56
47 56
47 56
47 55
47 55
48 55
48 55
49 54
49 54
50 54
51 54
51 54
52 53
53 53
53 53
54 53
55 52
56 52
56 52
57 52
58 51
59 51
60 51
60 51
61 50
62 50
63 49
64 49
64 49
65 49
66 49
67 49
68 49
69 49
69 49
70 49
71 49
72 48
73 48
74 48
74 48
75 48
76 48
77 47
78 47
79 47
79 47
80 46
81 46
82 45
83 45
83 45
84 45
85 44
86 44
87 44
87 44
88 44
89 43
90 43
91 43
91 43
92 43
93 42
94 42
95 42
95 42
96 41
97 41
97 41
98 40
98 40
99 40
99 40
100 40
100 40
99 40
99 40
98 40
97 39
96 39
95 38
94 38
93 37
92 37
91 36
90 36
89 35
88 35
87 34
86 34
85 33
84 33
83 32
82 32
81 31
80 31
79 30
78 30
78 30
78 30
78 30
77 30
77 30
77 30
77 31
77 31
76 32
76 32
76 33
76 34
76 34
76 35
75 36
75 37
75 38
75 38
74 39
74 40
73 41
73 42
73 42
73 43
73 44
72 45
72 46
72 47
