6 33
6 32
6 31
5 30
5 29
5 28
5 27
5 27
5 26
4 25
4 24
4 23
4 23
3 22
3 21
2 20
2 19
2 19
2 18
2 17
1 16
1 15
1 14
1 13
1 13
1 12
0 11
0 10
0 9
0 9
0 8
0 7
0 6
0 5
0 4
0 4
0 3
0 2
0 2
0 2
0 2
0 3
0 3
0 4
0 4
0 5
0 6
0 7
1 8
1 9
1 10
1 11
1 11
1 12
1 13
1 14
1 15
1 16
2 17
2 18
2 19
2 20
2 21
2 22
2 23
2 23
2 24
2 25
2 26
2 27
2 28
2 29
2 30
2 31
2 32
2 33
2 34
2 35
2 36
2 37
2 38
2 39
2 39
2 40
2 41
2 42
2 43
2 44
2 45
2 46
2 47
3 48
3 49
3 50
3 51
3 52
3 53
3 54
3 55
3 56
3 56
3 57
3 58
3 59
3 60
3 61
3 62
3 63
3 64
3 65
3 66
3 67
3 68
3 69
3 70
3 71
3 71
3 72
3 73
3 74
3 75
3 76
3 77
4 78
4 79
4 80
4 81
4 82
4 83
4 84
4 85
4 85
4 86
4 87
4 88
4 89
5 90
5 91
5 92
5 93
5 94
5 94
5 95
6 96
6 97
6 98
6 98
7 99
7 100
7 100
7 100
7 100
7 99
7 99
7 98
7 97
7 96
6 95
6 94
6 93
6 92
6 91
6 91
6 90
6 89
6 88
6 87
6 86
6 85
6 84
6 83
6 82
6 81
5 80
5 79
5 78
5 77
5 76
5 75
5 74
5 73
5 72
5 71
5 70
5 69
5 68
5 67
5 66
5 65
5 64
5 63
5 62
5 61
5 60
4 59
4 58
4 57
4 56
4 55
4 54
4 53
4 52
4 51
4 50
4 49
4 48
4 47
4 46
4 45
4 44
4 43
4 42
4 41
4 40
4 39
3 38
3 37
3 36
3 35
3 34
3 33
3 32
3 31
3 30
3 29
3 28
3 28
3 27
3 26
3 25
4 24
4 23
4 22
4 21
4 20
4 19
4 18
4 17
5 16
5 15
5 14
5 13
5 12
5 11
5 10
5 9
6 8
6 7
6 6
6 5
6 5
6 4
7 3
7 2
7 2
8 1
8 0
8 0
9 1
10 1
10 1
11 2
11 3
11 3
11 4
12 5
12 6
12 6
12 7
12 8
13 9
13 10
13 11
13 12
13 12
13 13
13 14
13 15
13 16
13 17
13 18
13 19
13 20
13 21
13 21
13 22
13 23
13 24
13 25
13 26
12 27
12 28
12 29
12 30
12 31
12 32
12 32
12 33
12 34
12 35
11 36
11 37
11 38
11 39
11 39
11 40
11 41
11 42
10 43
10 44
10 45
10 46
10 46
10 47
9 48
9 49
8 50
8 51
8 51
8 52
7 53
7 54
7 55
7 55
6 56
6 57
6 57
5 57
5 57
4 57
4 57
3 56
3 55
3 55
4 54
4 53
4 53
4 53
5 54
5 54
6 55
7 56
7 56
7 57
8 58
8 59
8 60
9 61
9 62
9 62
9 63
10 64
10 65
11 66
11 67
11 68
12 69
12 70
12 70
12 71
13 72
13 73
13 74
14 75
14 76
14 77
15 78
15 79
15 79
16 80
16 81
17 82
17 83
18 84
18 85
19 86
19 86
20 87
21 88
22 89
23 90
23 90
24 90
25 91
26 91
26 91
27 91
28 91
28 91
29 90
30 90
30 90
31 89
32 88
32 87
33 86
33 86
33 85
33 84
34 83
34 82
34 81
34 81
34 80
34 79
34 78
34 77
34 76
34 75
34 74
34 73
34 72
34 71
34 70
34 69
34 68
34 67
34 66
34 65
34 64
34 63
34 62
34 61
34 60
34 59
34 58
34 57
34 56
34 55
34 54
34 53
34 52
34 51
34 50
34 49
34 48
34 47
34 46
34 45
34 45
34 44
35 43
35 42
35 41
35 41
34 41
34 41
34 41
34 42
34 42
34 43
35 44
35 45
35 46
35 46
35 47
35 48
36 49
36 50
36 51
36 51
36 52
36 53
36 54
36 55
35 56
35 57
35 58
35 59
35 60
35 61
35 61
35 62
35 63
35 64
35 65
35 66
35 67
35 68
35 69
35 69
35 68
35 67
35 67
34 67
34 67
34 68
34 68
34 69
34 69
34 70
34 71
34 72
34 72
34 73
34 74
34 75
34 75
34 76
35 77
35 78
35 78
35 79
35 79
36 80
37 80
37 80
38 79
38 78
39 77
39 76
40 75
40 74
41 73
41 72
42 71
42 70
43 69
44 68
44 67
45 66
45 65
46 64
46 63
47 62
47 61
48 60
48 59
49 58
49 58
50 57
50 56
51 55
51 54
52 53
52 52
53 51
53 51
53 50
53 50
53 50
53 50
52 51
52 51
52 52
51 53
51 54
51 55
51 55
51 56
51 57
50 58
50 59
50 60
50 61
50 61
50 62
50 63
49 64
49 65
49 66
49 66
49 67
48 68
48 69
48 69
48 70
49 71
49 72
49 72
50 73
50 74
50 74
51 75
52 75
52 75
53 75
54 75
55 75
55 75
56 74
57 74
58 73
59 73
60 72
60 72
61 71
62 70
63 70
64 69
64 69
65 68
65 67
66 66
66 65
67 64
67 64
68 63
69 62
69 61
70 60
71 59
71 59
72 58
73 57
73 56
74 55
74 55
75 54
75 53
76 52
76 51
76 51
76 50
76 49
77 48
77 47
77 46
77 46
77 45
77 44
77 44
76 44
76 44
75 45
75 45
74 46
74 47
74 47
74 48
73 49
73 50
73 51
73 51
73 52
72 53
72 54
72 55
72 55
72 56
72 57
72 58
72 59
72 59
72 60
72 61
72 62
72 62
73 63
73 64
73 64
74 64
75 65
76 65
76 65
77 65
78 64
79 64
80 64
80 64
81 63
82 63
83 62
84 62
84 62
85 62
86 61
87 61
88 60
89 60
89 60
90 59
91 59
92 58
93 58
93 58
94 57
95 57
96 56
96 56
97 55
98 55
98 55
99 55
99 55
100 55
100 55
100 55
99 55
99 55
99 55
99 55
99 55
99 55
99 55
99 55
99 55
99 55
