5 8
5 7
5 6
5 5
5 4
5 4
4 3
4 2
4 2
4 1
4 0
4 0
4 0
4 0
4 1
4 2
4 3
4 3
4 4
4 5
4 6
4 7
4 7
4 8
4 9
4 10
4 11
4 12
4 13
4 14
4 15
4 15
4 16
4 17
4 18
4 19
4 20
4 21
4 22
4 23
4 24
4 25
4 25
4 26
4 27
4 28
4 29
4 30
4 31
4 32
4 33
4 34
4 35
4 36
4 37
4 37
4 38
4 39
4 40
4 41
4 42
4 43
4 44
4 45
4 46
4 47
4 48
4 49
4 49
4 50
4 51
4 52
4 53
4 54
4 55
4 56
4 57
4 58
4 59
4 60
4 61
4 62
4 62
4 63
4 64
4 65
4 66
4 67
4 68
4 69
4 70
4 71
4 72
4 73
4 74
4 74
4 75
4 76
4 77
4 78
5 79
5 80
5 81
5 82
5 83
5 83
5 84
5 85
5 86
5 87
5 88
5 89
5 90
5 90
5 91
5 92
5 93
5 94
5 94
5 95
5 96
5 96
5 97
5 97
5 96
5 96
5 95
5 94
5 94
5 93
5 92
5 91
5 90
5 89
5 89
5 88
5 87
5 86
6 85
6 84
6 83
6 82
6 82
6 81
6 80
6 79
6 78
5 77
5 76
5 75
5 74
5 73
5 72
5 72
5 71
5 70
5 69
5 68
5 67
5 66
5 65
5 64
5 63
5 63
5 62
5 61
5 60
5 59
5 58
4 57
4 56
4 55
4 54
4 53
4 52
4 52
4 51
4 50
4 49
4 48
4 47
3 46
3 45
3 44
3 43
3 42
3 41
3 41
3 40
3 39
3 38
3 37
3 36
2 35
2 34
2 33
2 32
2 31
2 30
2 30
2 29
2 28
2 27
1 26
1 25
1 24
1 23
1 23
1 22
1 21
0 20
0 19
0 18
0 17
0 17
0 16
0 15
0 14
0 13
0 13
0 12
0 11
0 10
0 10
0 9
0 8
0 8
1 7
1 6
1 6
2 5
3 5
3 5
4 4
5 4
5 4
6 4
7 4
7 4
8 5
9 5
9 5
10 6
11 7
11 7
12 8
12 9
13 10
13 11
13 11
14 12
14 13
15 14
15 14
15 15
16 16
16 17
16 18
16 18
16 19
16 20
17 21
17 22
17 23
17 23
17 24
18 25
18 26
18 27
18 27
18 28
18 29
18 30
18 31
18 31
18 32
18 33
18 34
18 35
18 36
18 36
18 37
18 38
17 39
17 40
17 41
17 41
16 42
16 43
15 44
15 45
15 45
15 46
14 47
14 48
14 49
14 49
13 50
12 51
12 52
11 53
11 53
11 54
10 55
10 56
9 57
9 58
9 58
8 59
8 60
7 61
7 62
7 62
6 63
5 64
5 64
4 65
4 65
3 66
3 66
3 66
3 65
3 65
3 64
3 64
3 63
3 63
4 62
4 62
4 62
4 61
4 61
5 61
5 61
5 60
5 60
5 60
5 60
5 60
5 60
5 60
5 61
5 62
6 63
6 64
6 65
6 66
6 67
6 68
7 69
7 70
7 71
7 71
7 70
6 69
6 68
6 68
6 67
6 67
6 66
6 66
6 65
6 65
7 64
7 64
7 63
7 63
8 63
9 63
9 63
10 64
10 65
10 65
11 66
12 67
13 68
13 68
13 69
14 70
14 71
15 72
15 73
15 73
16 74
16 75
17 76
17 77
18 78
18 79
18 79
18 80
19 81
19 82
19 83
20 84
20 85
20 85
20 86
21 87
21 88
22 89
22 90
22 90
23 91
23 92
24 93
24 94
24 94
24 95
25 96
25 97
25 97
26 98
26 99
26 99
27 100
27 100
27 100
27 100
27 100
27 100
26 99
26 98
26 98
26 97
26 96
26 95
26 94
26 93
26 92
26 91
26 90
26 89
27 88
27 87
27 86
27 85
27 84
27 83
27 82
27 81
27 80
27 79
27 78
27 77
27 76
27 75
27 74
27 73
27 72
27 71
28 70
28 69
28 68
28 67
28 66
28 65
28 64
28 63
28 62
28 61
28 60
28 59
28 58
28 57
28 56
28 55
28 54
28 53
29 52
29 51
29 50
29 49
29 48
29 47
29 46
29 45
29 44
29 43
29 43
30 42
30 41
30 41
30 40
30 39
30 38
30 38
30 37
30 36
30 35
30 35
30 34
31 33
31 32
31 32
32 31
32 30
32 30
33 29
33 28
33 28
34 28
34 28
34 28
35 29
35 29
35 30
35 31
34 32
34 33
34 34
34 35
34 36
34 37
33 38
33 39
33 40
33 41
33 42
33 43
32 44
32 45
32 46
32 46
32 46
32 46
32 46
33 47
33 48
33 48
33 49
33 50
33 50
33 51
33 52
33 53
33 53
33 54
33 55
34 56
34 57
34 58
34 59
34 59
34 60
34 61
34 62
34 63
34 64
34 65
34 66
34 66
34 67
34 68
34 69
34 70
34 71
34 72
34 73
34 73
34 74
34 75
34 76
34 77
34 78
34 79
34 80
34 80
34 81
34 82
35 83
35 84
35 85
35 85
35 86
35 87
35 88
35 89
35 90
35 90
35 91
35 92
35 92
36 93
36 94
36 94
36 94
37 94
37 94
37 93
38 92
38 91
38 90
39 89
39 88
39 87
40 86
40 85
40 84
41 83
41 82
41 81
42 80
42 79
42 78
43 77
43 76
43 75
43 74
44 73
44 72
44 71
45 70
45 69
45 68
46 67
46 66
46 65
47 64
47 63
47 62
48 61
48 60
48 59
49 58
49 57
49 57
50 56
51 55
52 54
52 54
53 53
53 52
53 52
53 51
53 50
53 50
54 49
54 48
54 48
54 47
54 46
54 46
55 45
55 44
55 44
54 43
54 42
54 42
54 41
54 41
54 40
54 40
53 41
52 41
52 41
51 41
51 41
50 42
49 43
49 43
49 44
48 45
48 46
48 46
47 47
47 48
46 49
46 50
46 50
46 51
46 52
45 53
45 54
45 55
45 55
45 56
45 57
44 58
44 59
44 60
44 61
44 61
44 62
44 63
43 64
43 65
43 66
43 66
43 67
43 68
43 69
43 70
43 71
43 72
43 72
43 73
43 74
44 75
44 76
44 77
44 77
44 78
45 79
45 80
45 81
45 81
45 82
46 83
46 84
46 85
46 85
47 86
47 86
48 87
49 87
49 87
50 87
51 86
52 86
52 86
53 85
53 84
54 83
54 83
55 82
56 81
57 80
57 80
58 79
58 78
59 77
59 76
59 76
60 75
61 74
61 73
62 72
62 72
63 71
63 70
64 69
64 68
64 68
65 67
65 66
66 65
66 64
66 64
66 63
67 62
67 61
67 61
67 60
67 59
67 58
67 58
67 57
67 57
67 56
67 55
67 55
66 55
66 55
65 55
65 55
64 55
63 55
63 55
62 56
61 56
61 56
60 57
60 57
59 58
59 58
58 59
58 60
58 60
58 61
58 62
58 62
58 63
57 64
57 65
57 65
57 66
57 67
57 67
57 68
58 69
58 70
58 70
58 71
58 72
58 73
58 73
59 74
59 75
60 76
60 77
60 77
60 78
61 79
61 80
61 80
62 81
63 82
63 82
64 83
65 83
66 84
66 84
67 84
68 83
69 83
69 83
70 82
71 82
72 81
72 81
73 80
74 79
75 78
76 77
76 77
77 76
78 75
79 74
80 73
80 73
81 72
82 71
83 70
84 69
84 69
85 68
85 67
86 66
86 65
87 64
87 64
88 63
89 62
89 61
90 60
91 59
91 59
91 58
92 57
92 56
93 55
93 54
93 54
94 53
95 52
96 51
96 51
97 50
97 49
98 48
98 48
99 47
99 47
99 46
99 46
100 45
100 45
100 45
100 45
99 45
99 45
99 44
99 44
99 44
98 44
98 44
98 44
98 45
98 45
97 45
97 45
97 45
97 45
97 45
97 45
97 45
97 45
