4 10
3 9
3 8
3 8
2 7
2 6
1 5
1 4
0 3
0 2
0 2
0 1
0 0
0 0
0 1
0 1
0 2
0 2
0 3
0 4
0 5
0 6
0 7
0 7
0 8
0 9
0 10
0 11
1 12
1 13
1 14
1 15
1 16
1 16
1 17
1 18
1 19
1 20
1 21
1 22
1 23
1 24
1 25
1 26
1 27
1 28
1 29
1 30
1 31
1 31
1 32
1 33
1 34
1 35
1 36
1 37
1 38
2 39
2 40
2 41
2 42
2 43
2 44
2 45
2 46
2 46
2 47
2 48
2 49
2 50
2 51
2 52
1 53
1 54
1 55
1 56
1 57
1 58
1 59
1 60
1 60
1 61
1 62
1 63
1 64
1 65
1 66
2 67
2 68
2 69
2 70
2 71
2 72
2 73
2 73
2 74
2 75
2 76
2 77
3 78
3 79
3 80
3 81
3 82
3 83
3 83
3 84
3 85
4 86
4 87
4 88
4 89
4 89
4 90
5 91
5 92
5 92
6 93
6 94
6 94
6 94
6 94
6 93
7 92
7 91
7 91
7 90
7 89
7 88
7 87
7 86
7 86
7 85
7 84
7 83
7 82
7 81
7 80
7 79
7 78
7 77
7 77
7 76
7 75
7 74
7 73
7 72
7 71
7 70
7 69
7 68
7 67
7 66
7 65
7 64
7 63
7 62
7 61
7 60
7 59
7 58
6 57
6 56
6 55
6 54
6 53
6 52
6 51
6 50
6 49
6 48
6 47
6 46
6 45
6 44
6 43
6 42
6 41
6 40
6 39
6 38
6 38
6 37
6 36
6 35
6 34
6 33
6 32
6 31
6 30
6 29
7 28
7 27
7 26
7 25
7 24
7 23
7 22
7 21
7 20
7 19
7 19
7 18
7 17
7 16
7 15
7 15
8 14
8 14
8 14
9 14
9 14
10 15
10 16
11 17
11 17
12 18
12 19
13 20
13 21
13 21
13 22
14 23
14 24
14 25
14 26
15 27
15 28
15 28
15 29
15 30
16 31
16 32
16 33
16 34
16 34
16 35
16 36
17 37
17 38
17 39
17 39
17 40
17 41
16 42
16 43
16 44
16 44
16 45
16 46
15 47
15 48
15 49
15 49
15 50
14 51
14 52
14 53
14 53
13 54
13 55
12 56
12 57
12 57
11 58
10 59
10 59
9 60
8 60
8 60
7 60
6 61
5 61
5 61
4 60
4 60
3 59
2 59
2 59
2 59
2 59
3 60
3 61
4 62
4 63
4 63
5 64
5 65
6 66
6 67
6 67
6 68
7 69
7 70
8 71
8 72
9 73
9 74
9 74
10 75
10 76
11 77
11 78
12 79
12 80
12 80
13 81
14 82
14 83
15 84
16 85
16 85
17 86
18 87
18 88
19 89
20 90
20 90
21 91
22 92
23 93
23 93
24 94
24 95
25 96
25 96
26 97
27 98
27 98
28 99
29 99
29 99
30 100
30 100
31 100
31 100
32 99
32 99
32 98
32 97
32 96
32 95
32 94
32 93
32 92
32 91
31 90
31 89
31 88
31 87
31 86
31 85
31 84
31 83
31 82
31 81
31 80
31 79
31 78
31 77
31 76
31 75
30 74
30 73
30 72
30 71
30 70
30 69
30 68
30 67
30 66
30 65
30 64
30 63
30 62
30 61
30 60
30 59
29 58
29 57
29 56
29 55
29 54
29 53
29 52
29 51
29 50
29 50
29 51
30 52
30 53
30 54
30 55
31 56
31 57
31 57
31 57
32 56
32 55
32 55
33 56
33 56
34 57
34 58
34 58
35 59
35 60
35 60
35 61
36 62
36 63
36 63
36 64
35 65
35 66
35 66
35 67
35 68
35 69
35 70
34 71
34 72
34 73
34 74
34 75
34 76
34 76
34 77
33 78
33 79
33 79
33 80
33 81
33 82
33 82
33 83
33 84
33 85
33 85
33 86
33 86
34 87
34 88
34 88
35 89
35 90
35 90
36 91
36 92
36 92
36 91
37 90
37 89
38 88
38 87
38 86
39 85
39 84
39 83
40 82
40 81
41 80
41 79
41 78
42 77
42 76
42 75
43 74
43 73
44 72
44 71
44 70
45 69
45 68
45 67
46 66
46 65
47 64
47 63
47 62
48 61
48 60
48 60
49 61
49 61
48 60
48 59
48 59
48 59
48 59
48 60
48 61
48 61
48 62
48 63
48 64
48 65
48 66
48 66
48 67
48 68
48 69
47 70
47 71
47 72
47 73
47 73
47 74
47 75
47 76
47 77
47 78
47 78
47 79
47 80
47 81
47 82
47 82
48 83
49 83
49 83
50 84
51 84
51 84
52 84
53 83
54 83
54 83
55 82
56 82
57 81
58 81
58 81
59 80
60 79
61 78
62 77
63 76
63 76
64 75
65 74
65 73
66 72
67 71
67 71
68 70
68 69
69 68
69 67
70 66
70 66
71 65
72 64
72 63
73 62
73 62
73 61
74 60
74 59
74 59
73 58
73 57
73 57
72 56
72 55
72 55
71 55
70 55
69 55
69 55
68 56
67 57
67 57
66 58
65 59
64 59
63 60
63 60
62 61
61 62
61 63
60 64
60 64
60 65
59 66
59 67
59 68
59 68
59 69
59 70
59 71
59 71
59 72
59 73
59 74
59 74
60 75
61 76
61 77
62 78
62 78
63 79
64 79
65 80
65 80
66 80
67 80
68 80
69 80
70 80
70 80
71 80
72 80
73 79
74 79
75 79
76 79
76 79
77 79
78 79
79 79
80 78
81 78
82 78
83 78
83 78
84 78
85 78
86 77
87 77
88 77
89 77
89 77
90 76
91 76
92 75
93 75
93 75
94 75
95 74
96 74
97 74
97 74
98 73
99 73
99 73
100 73
100 73
99 73
99 73
99 73
99 73
98 73
98 73
97 72
