1 0
1 1
1 2
1 2
1 3
2 4
2 5
2 5
2 6
2 7
2 8
2 9
2 10
2 11
2 11
2 12
2 13
2 14
2 15
2 16
2 17
2 18
2 19
2 19
2 20
2 21
2 22
2 23
2 24
2 25
2 26
2 27
2 28
2 28
2 29
2 30
2 31
2 32
2 33
1 34
1 35
1 36
1 37
1 38
1 39
1 40
1 40
1 41
1 42
1 43
1 44
1 45
1 46
1 47
1 48
1 49
1 50
1 51
1 51
1 52
1 53
1 54
1 55
1 56
0 57
0 58
0 59
0 60
0 61
0 62
0 63
0 63
0 64
0 65
0 66
0 67
0 68
0 69
0 70
0 71
0 72
0 73
0 73
0 74
0 75
0 76
0 77
0 78
0 79
0 80
0 81
0 81
0 82
0 83
0 84
0 85
0 86
0 87
0 88
0 89
0 89
0 90
0 91
0 92
0 93
0 94
0 94
0 95
0 96
0 97
0 97
1 98
1 99
1 99
1 99
1 98
1 97
1 96
1 95
1 94
1 93
1 92
1 91
1 90
1 89
1 88
1 87
1 86
1 85
1 84
2 83
2 82
2 81
2 80
2 79
2 78
2 77
2 76
2 75
2 74
2 73
2 72
2 71
2 70
2 69
2 68
2 67
2 67
2 66
2 65
2 64
2 63
2 62
1 61
1 60
1 59
1 58
1 57
1 56
1 55
1 55
1 54
1 53
0 52
0 51
0 50
0 50
0 49
0 48
0 47
0 46
0 46
0 45
0 44
0 43
0 43
0 42
1 41
1 40
1 40
2 39
2 38
3 37
3 37
3 36
4 35
4 34
4 34
5 33
6 32
6 31
7 30
7 30
8 29
8 28
9 27
9 27
10 26
11 26
12 25
12 25
13 24
14 24
15 23
15 23
16 23
17 23
18 23
18 23
19 24
20 24
20 24
21 25
22 26
22 26
23 27
23 28
24 29
24 29
24 30
24 31
24 32
24 33
24 34
24 34
24 35
24 36
24 37
24 38
24 39
24 39
24 40
24 41
24 42
24 43
24 44
24 44
24 45
24 46
23 47
23 48
23 49
23 49
23 50
23 51
22 52
22 53
22 54
22 54
21 55
21 56
20 57
20 58
20 58
19 59
19 60
18 61
18 62
18 62
17 63
16 63
16 63
15 64
15 64
14 63
13 63
13 63
12 63
11 63
11 63
10 63
10 63
9 63
9 63
9 64
9 64
9 65
9 65
9 66
9 67
9 67
9 68
9 69
9 69
10 70
10 71
11 72
11 72
11 73
12 74
12 75
12 75
13 76
13 77
14 78
14 79
14 79
14 80
15 81
15 82
16 83
16 84
16 84
17 85
17 86
18 87
18 87
19 88
20 89
21 90
21 90
22 91
23 92
23 92
24 93
25 93
25 93
26 94
27 94
27 94
28 95
28 95
29 95
29 95
29 94
29 94
30 93
30 92
31 91
31 90
32 89
32 88
33 87
33 86
34 85
35 84
35 83
36 82
36 81
37 80
37 79
38 78
38 77
39 76
39 76
40 77
40 78
40 78
40 78
40 77
40 77
40 78
40 78
40 79
40 80
40 81
40 81
40 82
40 83
40 84
40 84
40 85
39 86
39 87
39 87
39 88
39 89
39 90
39 90
39 91
39 92
39 93
39 93
39 94
39 95
39 96
39 96
39 97
39 98
39 98
39 99
39 100
39 100
40 100
40 100
40 99
40 98
40 97
40 96
40 95
40 94
40 93
40 92
40 91
40 90
40 89
40 88
40 87
40 86
40 85
40 84
40 83
40 82
40 81
40 80
40 79
40 78
40 77
39 76
39 75
39 74
39 73
39 72
39 71
39 70
39 69
39 68
39 67
39 66
39 65
39 64
39 63
39 62
39 61
39 60
39 59
39 58
39 57
39 56
39 55
39 54
39 53
39 52
39 52
39 51
39 50
39 49
39 48
39 47
39 46
39 45
39 44
39 44
39 43
39 42
39 41
39 41
39 41
39 42
39 42
39 42
39 43
39 44
39 44
40 45
40 46
40 46
40 47
40 48
40 48
40 49
41 50
41 51
41 51
42 52
43 53
44 53
45 54
46 55
47 56
48 56
49 57
50 58
51 59
52 60
53 60
54 61
55 62
56 63
57 63
58 64
59 65
59 65
59 64
59 63
59 62
59 61
59 61
58 60
58 60
58 60
57 61
57 62
57 62
57 63
57 64
57 64
57 65
56 66
56 67
56 67
56 68
56 69
55 70
55 71
55 72
55 72
55 73
55 74
55 75
55 76
55 77
55 77
55 78
55 79
55 80
55 81
55 82
55 82
55 83
55 84
55 85
55 86
55 86
55 87
56 88
56 89
56 89
57 90
57 91
57 91
58 92
58 93
58 93
59 93
60 93
60 93
61 93
62 93
62 93
63 92
64 92
65 91
65 91
66 90
67 90
68 89
68 89
69 88
69 87
70 86
70 86
71 85
72 84
72 83
73 82
73 82
73 81
74 80
74 79
75 78
75 77
75 77
75 76
76 75
76 74
76 74
76 73
77 72
77 71
77 71
77 70
77 69
77 69
76 68
76 68
75 68
74 68
74 68
73 68
73 68
72 69
72 70
72 70
71 71
71 71
70 72
70 73
70 73
70 74
70 75
70 75
70 76
70 77
70 78
70 78
70 79
71 80
71 81
71 82
71 82
71 83
71 84
71 85
71 86
71 86
72 87
72 88
73 89
73 90
73 90
73 91
74 92
74 93
74 93
75 93
76 94
77 94
77 94
78 94
79 95
80 95
81 95
81 95
82 95
83 95
84 94
85 94
86 94
86 94
87 93
88 93
89 92
90 92
91 91
92 91
92 91
93 90
94 90
95 89
96 89
97 88
98 88
99 87
100 87
