2 8
2 7
1 6
1 5
1 4
1 4
1 3
0 2
0 1
0 0
0 0
0 0
0 0
0 0
0 1
0 2
0 3
0 4
0 5
0 6
0 7
0 7
0 8
0 9
0 10
0 11
0 12
0 13
0 14
0 15
0 16
0 16
0 17
0 18
0 19
0 20
0 21
0 22
1 23
1 24
1 25
1 26
1 27
1 28
1 29
1 29
1 30
1 31
1 32
1 33
1 34
1 35
2 36
2 37
2 38
2 39
2 40
2 41
2 42
2 42
2 43
2 44
2 45
2 46
2 47
2 48
2 49
2 50
2 51
2 52
2 53
2 54
2 55
2 56
2 56
2 57
2 58
2 59
2 60
2 61
2 62
2 63
2 64
2 65
2 66
2 67
2 68
2 69
2 70
2 71
2 71
2 72
2 73
2 74
2 75
2 76
2 77
2 78
2 79
2 80
2 81
2 82
2 83
2 83
2 84
2 85
2 86
2 87
2 88
2 89
2 90
2 91
2 91
2 92
2 93
3 94
3 95
3 96
3 97
3 97
3 98
3 99
3 100
3 100
4 100
4 100
4 100
4 100
4 99
4 98
4 97
4 96
4 95
4 95
4 94
4 93
4 92
4 91
4 90
4 89
4 88
4 88
4 87
4 86
4 85
4 84
4 83
4 82
4 81
4 80
4 79
4 78
4 77
4 76
4 75
4 75
4 74
4 73
4 72
4 71
4 70
4 69
4 68
4 67
4 66
4 65
4 64
4 63
4 62
4 61
4 60
4 60
4 59
4 58
4 57
4 56
4 55
4 54
4 53
4 52
4 51
4 50
4 49
4 48
4 47
4 46
4 45
4 44
4 44
4 43
4 42
4 41
4 40
4 39
4 38
4 37
4 36
4 35
4 34
4 33
4 32
4 31
4 30
4 30
4 29
4 28
4 27
4 26
4 25
4 24
4 23
4 22
4 21
4 20
4 20
4 19
4 18
4 17
4 16
4 15
4 15
4 14
4 13
4 13
5 12
5 12
5 11
5 11
6 12
7 13
7 13
8 14
9 15
9 16
10 17
10 17
10 18
11 19
11 20
11 21
11 22
12 23
12 24
12 24
12 25
13 26
13 27
13 28
13 29
14 30
14 31
14 31
14 32
14 33
15 34
15 35
15 36
15 37
15 37
15 38
15 39
15 40
15 41
15 42
15 43
15 44
15 44
15 45
15 46
14 47
14 48
14 49
14 50
14 50
14 51
14 52
13 53
13 54
13 55
13 55
13 56
12 57
12 58
12 59
12 59
11 60
10 61
10 61
9 62
9 63
9 63
8 63
7 63
7 63
6 62
6 62
5 61
5 61
4 60
4 60
4 60
4 60
4 60
5 61
5 62
6 63
6 63
7 64
7 65
8 66
8 67
8 67
9 68
9 69
10 70
10 71
11 72
11 72
11 73
12 74
12 75
13 76
13 77
13 77
14 78
14 79
15 80
15 81
16 82
16 83
16 83
16 84
17 85
17 86
18 87
18 88
18 88
19 89
19 90
20 91
20 91
21 92
21 93
22 94
22 94
23 95
24 96
24 96
24 97
24 97
25 97
25 97
26 97
26 97
26 96
26 95
26 94
26 93
26 92
26 91
26 90
26 89
26 88
26 87
26 86
26 85
26 84
26 83
26 82
26 81
26 80
26 79
26 78
26 77
26 76
26 75
26 74
26 73
26 72
26 71
26 70
26 69
26 68
26 67
26 66
26 65
26 64
26 63
26 62
26 61
26 60
26 59
26 58
26 57
26 56
26 55
26 54
26 53
26 52
26 51
26 50
26 49
26 49
27 50
27 51
27 51
27 52
27 52
28 51
28 51
28 52
28 52
29 53
29 54
29 54
30 55
30 56
30 56
30 57
30 58
30 59
30 60
31 61
31 62
31 63
31 64
31 65
31 65
31 66
31 67
31 68
32 69
32 70
32 71
32 72
32 73
32 73
31 74
30 75
30 75
30 76
30 77
30 77
30 78
30 78
30 79
30 80
30 80
31 81
31 82
31 82
32 83
32 84
32 84
32 83
33 82
33 81
34 80
34 79
35 78
35 77
36 76
36 75
37 74
37 73
38 72
38 71
39 70
39 69
39 68
40 67
40 66
41 65
41 64
42 63
42 62
43 61
43 60
44 59
44 58
45 57
45 56
45 56
46 57
46 57
45 58
44 58
44 58
44 59
44 60
44 60
44 61
44 62
44 63
44 64
44 64
44 65
44 66
43 67
43 68
43 69
43 69
43 70
43 71
43 72
43 73
43 73
43 74
43 75
43 76
43 76
43 77
43 78
43 78
44 79
45 79
45 79
46 79
47 79
48 79
48 79
49 78
50 78
51 77
52 77
52 77
53 76
54 76
55 75
56 75
57 74
57 74
58 73
59 72
60 71
61 70
61 70
62 69
63 68
64 68
65 67
65 67
66 66
67 65
68 64
68 64
69 63
70 62
71 61
71 61
72 60
72 59
72 59
72 58
72 57
72 57
72 56
72 55
72 55
71 54
70 54
70 54
69 55
68 56
68 56
67 57
66 58
66 58
65 59
64 60
63 61
63 61
62 62
62 63
61 64
61 65
61 65
61 66
60 67
60 68
60 68
60 69
59 70
59 71
59 71
59 72
59 73
59 73
60 74
60 75
60 75
61 75
62 75
63 75
63 75
64 75
65 75
66 74
67 74
68 74
68 74
69 74
70 73
71 73
72 73
73 72
74 72
74 72
75 72
76 71
77 71
78 70
79 70
80 69
81 69
81 69
82 68
83 68
84 67
85 67
86 66
87 66
88 65
88 65
89 65
90 65
91 64
92 64
93 64
94 64
94 64
95 64
96 63
97 63
98 63
98 63
99 62
100 62
100 62
100 62
100 62
100 62
100 62
99 63
99 63
98 62
97 62
