1 9
1 8
0 7
0 6
0 6
0 5
0 4
0 3
0 2
0 1
0 1
0 0
0 0
0 1
0 2
0 2
0 3
0 4
0 4
0 5
0 6
0 7
1 8
1 9
1 10
1 11
1 11
1 12
1 13
1 14
1 15
1 16
1 17
1 18
1 19
1 20
1 21
1 21
1 22
1 23
1 24
1 25
1 26
1 27
2 28
2 29
2 30
2 31
2 32
2 33
2 34
2 35
2 35
2 36
2 37
2 38
2 39
2 40
2 41
2 42
2 43
2 44
2 45
2 46
2 47
2 48
2 49
2 50
2 51
2 52
2 52
2 53
2 54
2 55
2 56
2 57
2 58
2 59
2 60
2 61
2 62
2 63
2 64
2 65
2 66
2 67
2 68
2 69
2 69
2 70
2 71
2 72
2 73
2 74
2 75
3 76
3 77
3 78
3 79
3 80
3 81
3 82
3 83
3 83
3 84
3 85
3 86
3 87
3 88
3 89
3 90
3 91
3 92
3 92
3 93
3 94
3 95
4 96
4 97
4 98
4 99
4 99
4 100
4 100
4 100
4 100
3 99
3 98
3 98
3 97
3 96
3 95
3 94
3 93
3 92
3 91
3 91
3 90
3 89
3 88
3 87
3 86
2 85
2 84
2 83
2 82
2 81
2 80
2 79
2 79
2 78
2 77
2 76
2 75
2 74
2 73
2 72
2 71
2 70
2 69
2 68
2 67
2 66
2 65
2 64
2 64
2 63
2 62
2 61
2 60
2 59
2 58
2 57
2 56
2 55
2 54
2 53
2 52
2 51
2 50
2 49
2 48
2 48
2 47
2 46
2 45
2 44
2 43
2 42
2 41
2 40
2 39
2 38
2 37
2 36
2 35
2 34
2 33
2 32
2 31
2 30
2 30
2 29
2 28
3 27
3 26
3 25
3 24
3 23
3 22
4 21
4 20
4 19
4 18
4 18
4 17
4 16
4 15
5 14
5 13
5 12
5 11
5 11
6 10
6 9
7 8
7 8
8 7
8 6
8 6
9 7
9 7
10 8
11 8
11 8
12 9
12 10
13 11
13 12
13 12
13 13
14 14
14 15
14 16
14 17
15 18
15 19
15 19
15 20
15 21
15 22
15 23
16 24
16 25
16 26
16 27
16 28
16 28
16 29
16 30
16 31
17 32
17 33
17 34
17 35
17 35
17 36
17 37
17 38
17 39
17 40
17 41
17 42
17 42
17 43
17 44
16 45
16 46
16 47
16 48
16 48
16 49
15 50
15 51
15 52
15 52
14 53
14 54
13 55
13 55
12 56
11 56
11 56
10 56
9 56
9 56
8 55
7 55
7 55
6 54
6 53
5 52
5 52
4 51
4 50
4 50
4 50
5 51
5 51
5 52
6 53
6 54
6 54
6 55
7 56
7 57
8 58
8 59
8 59
8 60
9 61
9 62
10 63
10 64
11 65
11 66
11 66
11 67
12 68
12 69
13 70
13 71
14 72
14 73
14 73
14 74
15 75
15 76
15 77
15 78
16 79
16 80
16 80
17 81
18 82
19 83
20 84
20 84
21 85
21 86
22 87
22 87
23 87
24 88
25 88
25 88
26 89
27 89
27 89
28 89
28 89
29 89
30 89
30 89
30 88
30 87
30 86
30 85
30 84
30 83
30 82
30 81
30 80
31 79
31 78
31 77
31 76
31 75
31 74
31 73
31 72
31 71
31 70
31 69
31 68
31 67
31 66
31 65
31 64
31 63
31 62
31 61
31 60
32 59
32 58
32 57
32 56
32 55
32 54
32 53
32 52
32 51
32 50
32 49
32 48
32 47
32 46
32 45
32 44
32 43
32 42
32 41
32 40
33 39
33 38
33 37
33 36
33 35
33 34
33 33
33 32
33 31
33 30
33 30
33 31
34 32
34 33
34 34
35 35
35 36
35 36
35 37
35 38
35 38
36 39
36 39
36 40
36 41
36 41
37 42
37 43
37 43
37 44
37 45
37 46
36 47
36 48
36 49
36 50
36 51
36 52
36 53
36 54
35 55
35 56
35 57
35 58
35 58
35 59
35 60
35 61
35 62
35 63
35 64
35 64
34 65
34 66
34 66
34 67
34 68
34 68
34 69
34 70
34 71
34 71
34 72
34 73
34 74
34 75
34 75
34 76
35 77
35 78
35 78
35 79
35 80
35 81
35 82
35 82
36 83
36 84
36 84
36 85
36 86
36 86
36 85
37 84
37 83
38 82
38 81
39 80
39 79
39 78
40 77
40 76
41 75
41 74
42 73
42 72
42 71
43 70
43 69
44 68
44 67
45 66
45 65
45 64
46 63
46 62
47 61
47 60
48 59
48 58
48 57
49 56
49 55
50 54
50 53
51 52
51 51
51 51
51 51
51 51
51 51
50 52
50 52
50 53
50 54
50 55
50 56
50 56
50 57
50 58
49 59
49 60
49 61
49 62
49 62
49 63
48 64
48 65
48 66
47 67
47 68
47 68
47 69
47 70
47 71
47 72
47 73
47 74
47 74
47 75
47 76
47 77
47 77
48 78
48 78
49 78
50 79
51 79
51 79
52 79
53 78
54 78
54 78
55 77
56 77
57 76
58 76
58 76
59 75
60 74
61 73
62 72
62 72
63 71
64 70
65 70
66 69
66 69
67 68
67 67
68 66
68 66
69 65
70 64
70 64
71 63
71 62
71 62
71 61
71 60
71 60
71 59
71 58
71 57
71 57
71 56
71 55
71 55
70 55
70 55
70 55
69 55
69 55
69 56
68 57
68 58
68 58
68 59
67 60
67 61
67 61
67 62
66 63
66 64
66 64
66 65
66 66
66 67
66 68
66 68
67 69
67 70
67 70
68 71
68 72
68 72
69 72
70 73
71 73
72 73
72 73
73 73
74 73
75 72
76 72
77 72
77 72
78 72
79 71
80 71
81 71
82 70
83 70
83 70
84 69
85 68
86 68
87 67
88 66
88 66
89 66
90 65
91 65
92 65
93 64
94 64
94 64
95 64
96 63
97 63
97 63
98 62
99 62
99 62
100 62
100 62
99 62
99 62
99 63
99 63
99 63
99 63
99 63
99 63
99 63
99 63
99 63
99 63
