5 13
6 13
7 13
7 13
7 12
7 11
7 11
7 10
7 9
7 9
8 10
8 10
9 10
9 10
10 11
10 11
11 12
11 12
12 13
12 13
13 14
13 14
12 15
12 16
11 17
11 18
10 19
10 20
9 21
8 22
8 23
7 24
7 25
6 26
5 27
5 28
4 29
4 30
3 31
3 32
2 33
2 33
1 34
1 35
0 36
0 37
0 37
0 37
0 36
0 36
0 36
1 35
1 35
2 34
3 34
3 34
4 34
5 33
6 33
6 33
7 32
8 32
8 32
9 32
10 32
11 32
11 32
12 32
13 33
14 33
14 33
15 34
15 35
16 36
16 36
16 37
17 38
17 39
17 39
17 40
17 41
17 42
17 43
17 44
17 44
17 45
17 46
17 47
17 48
17 48
17 49
17 50
17 51
17 52
17 53
17 53
17 54
16 55
16 56
16 57
16 57
15 58
15 59
14 60
14 60
13 61
13 62
12 63
12 63
11 64
11 65
10 66
10 66
9 67
8 68
8 68
7 69
6 70
6 70
5 70
4 70
4 70
3 69
2 69
2 69
1 68
1 68
1 67
1 66
1 66
1 65
1 64
1 63
1 63
1 62
2 61
2 60
2 59
2 59
3 58
4 57
4 57
5 56
6 55
6 55
7 55
8 54
9 54
10 54
10 54
11 54
12 54
13 54
13 54
14 54
15 55
16 55
17 55
17 55
18 55
19 56
20 56
21 56
21 56
22 56
23 57
24 57
24 57
25 57
26 58
27 58
27 58
28 58
29 58
29 58
30 59
30 59
31 59
31 59
31 59
32 58
32 58
32 57
32 56
32 56
32 55
32 54
33 53
33 52
33 51
33 50
33 49
34 48
34 47
34 46
34 45
34 44
34 43
35 42
35 41
35 40
35 40
35 39
35 38
35 37
35 36
35 35
35 34
36 33
36 32
36 31
36 30
36 29
36 28
36 27
36 27
36 26
36 25
36 24
36 24
36 23
36 23
36 22
36 22
36 23
36 23
37 24
37 25
37 25
37 26
37 27
37 28
37 28
37 29
37 30
37 31
37 32
37 32
37 33
37 34
37 35
37 36
37 37
37 37
37 38
37 39
36 40
36 41
36 42
36 42
36 43
36 44
36 45
36 46
36 46
36 47
36 47
37 47
37 47
37 47
38 46
38 45
38 45
38 44
39 43
39 42
39 42
39 41
40 40
40 39
40 38
41 37
41 36
41 35
41 34
42 33
42 32
42 32
42 31
42 30
42 29
43 28
43 27
43 26
43 25
43 24
43 23
43 22
43 21
44 20
44 19
44 18
44 17
44 17
44 16
45 15
45 14
45 13
45 13
45 12
45 11
45 10
45 10
46 9
46 9
46 9
46 10
46 10
46 11
46 12
46 12
46 13
46 14
46 15
46 16
46 17
46 18
46 18
46 19
46 20
46 21
46 22
46 23
46 24
46 25
46 26
46 26
46 27
46 28
46 29
46 30
46 31
45 32
45 33
45 34
45 35
45 36
45 37
45 37
45 38
45 39
45 40
45 41
45 42
44 43
44 44
44 45
44 46
44 47
44 48
44 49
44 49
44 50
44 51
44 52
44 53
44 54
44 55
44 56
44 57
44 58
44 59
44 60
44 61
44 61
44 62
44 63
44 64
44 65
44 66
44 67
44 68
44 69
44 70
44 71
44 71
44 72
44 73
44 74
44 75
44 76
44 77
44 78
44 79
44 79
44 80
44 81
44 82
44 83
44 84
44 84
44 85
44 86
45 87
45 88
45 89
45 89
45 90
45 91
45 91
45 92
45 93
45 93
45 93
45 92
46 91
46 90
46 89
47 88
47 87
47 86
48 85
48 84
48 83
49 82
49 81
49 80
50 79
50 78
50 77
51 76
51 75
51 74
52 73
52 72
52 71
53 70
53 69
53 68
54 67
54 66
54 65
55 64
55 63
55 62
56 61
56 60
56 59
57 58
57 57
57 56
58 55
58 54
58 53
59 52
59 51
59 50
60 49
60 48
60 47
60 46
61 45
61 44
61 43
62 42
62 41
62 40
63 39
63 38
63 37
64 36
64 35
64 34
65 33
65 32
65 31
66 30
66 29
66 28
67 27
67 26
67 25
68 24
68 23
68 22
69 21
69 20
69 19
70 18
70 17
70 16
71 15
71 14
71 13
72 12
72 11
72 10
73 9
73 8
73 7
74 6
74 5
74 4
75 3
75 2
75 2
76 2
77 2
77 2
76 1
76 0
76 0
76 0
76 1
76 1
76 2
75 3
75 4
75 4
74 5
74 6
73 7
73 8
73 8
72 9
72 10
71 11
71 12
71 12
71 13
70 14
70 15
69 16
69 17
69 17
68 18
68 19
67 20
67 21
66 22
66 22
65 23
65 24
64 25
64 26
64 26
64 27
63 28
63 29
63 29
63 30
63 30
63 31
63 31
63 32
63 32
63 32
64 31
64 31
65 30
65 29
65 29
65 28
66 27
66 26
66 26
66 25
67 24
67 23
67 23
68 22
69 22
69 22
69 22
70 23
70 23
70 24
70 25
70 25
70 26
70 27
70 28
70 28
70 29
70 30
70 31
70 31
70 32
70 33
70 34
70 34
71 35
71 36
71 36
71 37
71 38
71 38
72 38
72 38
73 38
73 38
74 37
74 37
75 36
75 35
76 34
76 33
77 32
77 31
78 30
78 29
79 28
79 27
80 26
80 25
81 24
81 23
82 22
82 21
83 20
83 20
84 19
84 18
85 17
85 16
86 15
86 14
87 13
87 12
87 12
88 11
88 11
89 11
89 11
89 12
89 13
89 13
89 14
88 15
88 16
88 16
88 17
88 18
88 19
88 20
88 20
88 21
87 22
87 23
87 24
87 24
86 25
86 26
85 27
85 27
84 28
84 28
83 29
83 29
82 29
82 29
82 28
82 27
82 26
81 25
81 24
81 23
81 22
81 21
81 20
81 19
81 18
80 17
80 16
80 15
80 14
80 14
81 13
82 13
82 13
82 13
82 14
82 14
83 15
83 16
83 16
83 17
84 18
84 19
84 20
84 20
84 21
85 22
85 23
85 23
86 24
87 25
87 25
88 26
89 26
89 26
90 27
91 27
91 27
92 28
93 28
93 28
94 28
95 28
95 28
96 28
97 28
97 28
98 27
98 27
99 27
99 27
100 27
100 27
99 28
98 29
97 30
96 31
95 31
94 32
93 33
92 34
91 35
90 36
89 37
88 38
87 39
86 40
85 40
84 41
83 42
82 43
81 44
80 45
79 46
78 47
77 48
76 48
75 49
74 50
73 51
72 52
72 52
71 53
70 54
69 55
69 56
68 57
67 58
67 58
66 59
65 59
65 59
65 59
65 59
66 59
67 59
67 59
68 59
69 58
70 58
71 58
71 58
72 57
73 57
74 56
75 56
75 56
76 55
77 55
78 54
79 54
79 54
80 54
81 53
82 53
83 53
83 53
84 53
85 52
86 52
86 52
87 52
88 51
89 51
89 51
90 50
90 50
89 49
88 48
87 47
86 46
86 45
85 44
84 43
83 42
82 41
82 41
81 40
80 40
80 40
79 40
79 40
78 41
78 42
78 42
78 43
77 44
77 45
77 46
77 46
77 47
77 48
77 49
77 50
77 51
77 52
77 52
77 53
77 54
77 55
77 56
77 57
77 58
77 59
77 59
77 60
77 61
77 62
78 63
78 64
78 65
78 66
78 66
78 67
78 68
78 69
78 70
78 71
78 72
78 73
78 74
78 74
78 75
78 76
78 77
78 78
78 79
78 80
78 81
78 81
78 82
78 83
78 84
79 85
79 86
79 87
79 88
79 88
79 89
79 90
80 91
80 92
80 93
80 93
80 94
80 95
80 96
80 97
80 97
80 98
80 99
80 99
80 100
