4 8
4 8
4 7
4 7
5 6
5 6
5 6
6 7
6 7
7 7
8 7
8 7
9 8
9 9
9 9
10 10
10 10
11 11
11 11
12 12
12 13
12 13
13 14
13 14
14 15
14 15
14 16
14 16
13 17
13 17
12 18
12 19
12 19
11 20
11 20
10 21
9 22
9 22
8 23
7 24
6 25
6 25
5 26
4 27
4 27
3 28
2 29
2 29
1 30
1 30
0 31
0 31
0 31
0 31
0 31
1 31
1 31
2 30
2 30
3 29
4 29
4 29
5 29
6 29
7 29
7 29
8 29
9 29
9 29
10 29
11 29
11 29
12 30
13 30
13 30
14 31
15 32
15 32
15 33
16 34
16 35
16 35
16 36
16 37
16 37
16 38
17 39
17 40
17 41
17 41
17 42
16 43
16 44
16 44
16 45
15 46
15 47
15 47
15 48
14 49
14 50
14 50
13 51
13 52
12 53
12 54
12 54
11 55
11 56
10 57
10 57
9 58
9 59
8 60
8 60
7 61
6 61
5 62
5 62
4 63
4 63
3 62
2 62
2 62
1 61
1 61
0 60
0 59
0 59
0 58
0 58
0 57
0 56
0 56
1 55
1 55
2 54
2 53
2 53
3 52
4 52
4 52
5 52
6 52
6 52
7 52
8 53
9 53
9 53
10 54
11 54
12 55
12 55
13 56
14 56
15 57
15 57
16 58
17 59
17 59
18 59
19 60
20 60
20 60
21 61
22 62
22 62
23 63
24 63
24 63
25 64
26 64
26 64
27 64
28 64
28 64
29 63
29 63
30 62
30 62
30 61
30 60
30 59
30 58
30 57
30 56
30 55
30 54
30 53
30 52
30 51
30 50
30 49
30 48
30 47
30 46
30 45
30 44
30 43
30 42
30 41
30 40
30 39
30 38
30 37
30 36
30 35
30 34
30 34
30 33
31 32
31 31
31 31
31 30
31 29
31 29
31 29
32 28
32 28
32 29
32 29
33 30
33 30
33 31
33 32
33 32
33 33
34 34
34 35
34 35
34 36
35 37
35 38
35 38
35 39
35 40
35 41
35 41
36 42
36 43
36 43
36 44
36 44
37 44
37 44
37 44
38 43
38 42
38 42
38 41
38 40
38 39
39 38
39 37
39 36
39 35
39 34
39 33
40 32
40 31
40 30
40 29
40 28
40 27
40 26
41 25
41 24
41 23
41 22
41 21
41 20
42 19
42 18
42 17
42 16
42 15
42 14
42 13
43 12
43 11
43 10
43 9
43 8
43 7
44 6
44 5
44 4
44 3
44 3
45 2
45 1
46 0
46 0
46 0
46 1
46 1
46 2
46 2
46 3
46 4
46 5
46 5
46 6
46 7
46 8
46 8
46 9
47 10
47 11
47 12
47 12
47 13
47 14
47 15
47 16
47 17
47 17
47 18
47 19
47 20
47 21
47 22
47 22
47 23
47 24
47 25
47 26
47 27
47 28
47 29
47 30
47 30
47 31
47 32
47 33
47 34
47 35
47 36
47 37
47 38
47 38
47 39
47 40
47 41
48 42
48 43
48 44
48 45
48 46
48 46
48 47
48 48
48 49
48 50
48 51
48 52
48 53
48 54
48 54
48 55
48 56
48 57
48 58
48 59
48 60
48 61
48 62
48 62
48 63
48 64
49 65
49 66
49 67
49 68
49 68
49 69
49 70
49 71
49 72
49 73
49 73
49 74
49 75
50 76
50 77
50 78
50 78
50 79
51 80
51 81
51 81
51 82
51 83
51 84
51 84
51 84
51 84
51 83
52 82
52 81
52 80
53 79
53 78
53 77
53 76
54 75
54 74
54 73
55 72
55 71
55 70
56 69
56 68
56 67
56 66
57 65
57 64
57 63
58 62
58 61
58 60
59 59
59 58
59 57
60 56
60 55
60 54
60 53
61 52
61 51
61 50
62 49
62 48
62 47
63 46
63 45
63 44
63 43
64 42
64 41
64 40
65 39
65 38
65 37
66 36
66 35
66 34
66 33
67 32
67 31
67 30
68 29
68 28
68 27
69 26
69 25
69 24
70 23
70 22
70 21
70 20
71 19
71 18
71 17
72 16
72 15
72 14
73 13
73 12
73 11
73 10
74 9
74 8
74 7
75 6
75 5
75 5
74 4
74 3
74 3
74 2
74 2
74 2
74 1
74 1
74 1
74 1
74 2
74 2
73 3
73 3
72 4
71 5
71 5
71 6
70 7
70 8
70 8
69 9
69 10
68 11
68 12
68 12
67 13
67 14
66 15
66 15
65 16
64 17
63 18
63 18
62 19
62 20
62 20
61 21
61 22
61 22
60 23
60 23
60 23
60 23
60 22
60 22
61 21
61 21
61 20
62 19
62 18
62 18
63 17
63 16
63 16
64 15
65 15
65 15
66 15
66 15
67 16
68 16
68 16
69 17
69 17
70 18
70 19
70 19
70 20
70 21
70 21
71 22
71 23
71 23
71 24
71 25
71 26
71 26
71 27
71 28
71 28
72 29
72 30
72 30
72 31
72 31
72 32
72 32
73 32
73 32
73 31
74 30
74 29
75 28
75 27
76 26
76 25
77 24
77 23
77 22
78 21
78 20
79 19
79 18
80 17
80 16
80 16
81 15
81 14
82 13
82 12
83 11
83 10
84 9
84 8
84 8
85 7
86 6
86 6
87 5
87 5
88 5
88 5
88 5
88 5
88 5
87 6
87 6
86 7
86 7
85 8
84 9
84 9
83 10
83 10
82 11
81 11
81 11
80 12
80 12
79 12
79 12
78 12
78 12
78 11
78 11
78 10
78 10
78 9
78 9
78 9
78 9
79 10
79 10
79 11
79 12
79 12
80 13
80 14
80 14
81 15
81 16
81 16
82 17
83 18
83 18
84 19
85 19
85 19
86 20
87 20
87 20
88 21
89 21
89 21
90 21
91 21
92 21
92 21
93 21
94 21
94 21
95 20
96 20
96 20
97 20
97 20
98 20
98 20
99 20
99 20
99 20
98 21
97 22
96 23
95 24
94 24
93 25
92 26
91 27
90 28
89 29
88 30
87 31
86 31
85 32
84 33
83 34
82 35
81 36
80 37
79 38
78 38
77 39
76 40
75 41
74 42
74 42
73 43
72 44
71 45
71 45
71 46
71 46
70 47
70 47
71 48
71 48
71 48
72 48
73 48
73 48
74 47
75 47
75 47
76 47
77 46
78 46
78 46
79 46
80 45
81 45
81 45
82 44
83 44
84 43
84 43
85 43
86 42
87 42
88 42
88 42
89 41
90 41
91 40
91 40
92 40
93 39
94 39
94 39
95 38
96 37
96 37
97 36
98 36
98 36
99 35
99 35
99 35
99 34
99 34
99 34
98 33
97 33
96 32
95 31
94 30
93 30
92 29
91 28
90 28
89 27
89 27
89 27
88 27
88 27
88 28
88 28
89 29
89 29
89 30
89 31
89 32
89 32
89 33
89 34
89 35
89 36
89 36
89 37
89 38
89 39
89 40
89 41
89 41
89 42
89 43
89 44
89 45
89 46
89 47
89 48
89 48
89 49
89 50
89 51
89 52
89 53
89 54
89 55
89 56
89 56
89 57
89 58
89 59
89 60
89 61
89 62
89 63
89 64
89 65
89 65
89 66
89 67
89 68
89 69
89 70
89 71
89 72
89 72
89 73
89 74
89 75
89 76
89 77
89 78
89 79
89 79
89 80
89 81
89 82
90 83
90 84
90 85
90 86
90 86
90 87
90 88
90 89
90 90
90 91
90 91
90 92
90 93
90 94
90 95
90 95
90 96
90 97
90 98
90 99
90 99
90 100
