0 8
0 7
1 6
1 5
1 5
1 4
1 4
1 3
1 3
1 3
2 3
2 3
3 4
3 4
4 5
4 5
5 6
5 6
6 7
6 8
6 8
7 9
7 10
7 10
8 11
8 12
8 12
8 13
8 13
9 14
9 15
9 15
9 16
9 16
9 17
9 18
9 18
8 19
8 20
8 20
8 21
8 21
7 22
6 22
6 22
5 23
5 23
4 23
4 23
3 24
3 24
2 24
2 24
2 24
2 24
2 24
2 24
3 24
3 24
4 24
4 24
5 23
5 23
6 23
7 23
7 23
8 24
8 24
9 25
10 25
10 25
10 26
11 27
11 28
11 28
11 29
11 30
11 30
11 31
12 32
12 33
12 33
11 34
11 35
11 35
11 36
11 37
11 38
11 39
11 39
11 40
10 41
10 42
10 42
9 43
9 44
8 45
8 45
7 46
7 47
7 47
6 48
5 48
5 48
4 48
4 48
3 48
2 48
2 48
1 47
1 46
1 46
0 45
0 44
0 44
0 43
0 43
0 42
0 42
1 42
1 42
2 41
2 41
3 42
3 42
4 43
5 43
5 43
6 43
7 44
8 44
8 44
9 45
10 46
10 46
11 47
12 47
13 48
13 48
14 49
15 49
15 49
16 49
17 50
18 50
18 50
19 50
20 50
20 50
21 50
22 50
23 50
23 50
24 50
24 50
25 49
26 49
26 49
27 48
27 47
27 47
27 46
27 45
27 44
27 43
27 42
27 41
27 40
27 39
27 38
27 37
27 36
27 35
28 34
28 33
28 32
28 31
28 30
28 29
28 28
28 27
28 26
28 25
28 24
28 23
28 22
28 22
29 21
29 20
29 20
29 20
29 20
29 20
29 21
29 21
30 22
30 22
30 23
30 24
30 24
30 25
30 26
30 27
30 27
30 28
30 29
30 30
30 31
30 31
30 32
30 33
30 34
30 34
30 35
30 36
30 36
30 37
30 38
30 38
30 39
30 39
30 39
31 39
31 39
31 38
31 37
31 37
31 36
31 35
31 34
32 33
32 32
32 31
32 30
32 29
32 28
32 27
33 26
33 25
33 24
33 23
33 22
33 21
34 20
34 19
34 18
34 17
34 16
34 15
34 14
35 13
35 12
35 11
35 10
35 10
35 9
36 8
36 7
36 6
37 5
37 4
37 4
37 3
37 2
37 2
38 1
38 1
38 1
39 0
39 0
39 1
39 1
39 2
39 2
39 3
39 3
39 4
39 5
39 5
39 6
39 7
39 7
39 8
39 9
39 10
39 10
39 11
40 12
40 13
40 14
40 14
40 15
40 16
40 17
40 18
40 19
40 19
40 20
40 21
40 22
40 23
40 24
40 24
40 25
40 26
40 27
40 28
40 29
40 30
40 31
40 31
40 32
40 33
40 34
41 35
41 36
41 37
41 38
41 38
41 39
41 40
41 41
41 42
41 43
41 44
41 45
41 46
41 46
41 47
41 48
41 49
42 50
42 51
42 52
42 53
42 54
42 54
42 55
42 56
42 57
43 58
43 59
43 60
43 61
43 61
43 62
43 63
43 64
43 65
43 66
43 67
43 68
43 68
43 69
43 70
44 71
44 72
44 73
44 73
44 74
45 75
45 76
45 76
45 77
46 78
46 79
46 80
46 80
46 79
47 78
47 77
47 76
48 75
48 74
48 73
49 72
49 71
49 70
50 69
50 68
50 67
51 66
51 65
51 64
52 63
52 62
52 61
53 60
53 59
54 58
54 57
54 56
55 55
55 54
55 53
56 52
56 51
56 50
57 49
57 48
57 47
58 46
58 45
58 44
59 43
59 42
59 41
60 40
60 39
60 38
61 37
61 36
61 35
62 34
62 33
62 32
63 31
63 30
63 29
64 28
64 27
64 26
65 25
65 24
65 23
66 22
66 21
67 20
67 19
67 18
68 17
68 16
68 15
69 14
69 13
69 12
70 11
70 10
70 9
71 8
71 7
71 6
72 5
72 4
72 3
73 2
73 1
73 1
73 1
72 1
72 1
71 1
71 1
71 2
71 2
70 3
70 3
69 4
69 5
68 6
68 6
67 7
67 8
66 9
66 9
65 10
65 11
64 12
64 12
63 13
63 14
63 14
62 15
62 16
62 16
61 17
61 18
61 18
60 19
60 19
61 19
61 19
61 19
62 18
62 18
62 17
62 16
62 16
63 15
63 14
63 14
64 13
65 13
65 13
66 12
66 12
67 12
67 12
67 12
68 13
68 14
68 14
68 15
68 16
68 16
68 17
69 18
69 19
69 19
69 20
69 21
69 22
69 22
69 23
69 24
69 25
69 25
69 26
69 27
69 27
69 28
69 29
69 29
69 29
70 29
70 29
71 28
71 27
72 26
73 25
73 24
74 23
74 22
75 21
76 20
76 19
77 18
78 17
78 16
79 15
79 14
80 13
81 12
81 11
82 10
82 10
83 9
84 8
84 7
85 6
85 6
86 5
86 5
87 5
87 5
87 5
87 5
86 5
86 5
85 6
85 6
84 7
84 7
83 8
82 8
82 8
81 9
80 10
80 10
79 11
78 11
78 11
77 11
77 11
76 11
76 11
75 11
75 11
75 10
75 10
75 9
75 8
75 8
75 7
75 7
76 6
76 6
76 7
76 7
76 8
76 8
77 9
77 9
77 10
77 11
77 11
77 12
78 13
78 14
78 14
79 15
79 16
79 16
80 17
81 18
81 18
82 19
83 20
83 20
84 21
85 21
85 21
86 21
87 21
88 21
88 21
89 21
90 21
91 21
91 21
92 21
93 21
93 21
94 21
95 20
96 20
96 20
97 19
97 19
98 19
99 19
99 19
100 18
100 18
99 19
99 19
99 19
98 20
97 20
96 21
95 22
94 22
93 23
92 23
91 24
90 25
89 25
88 26
87 27
86 27
85 28
84 28
83 29
82 30
81 30
80 31
79 32
78 32
77 33
76 33
75 34
74 35
73 35
72 36
71 37
70 37
69 38
68 38
67 39
67 39
66 40
65 41
64 41
63 42
62 43
62 43
61 44
60 44
60 44
59 45
59 46
59 46
59 46
59 47
59 47
60 47
60 47
61 47
61 47
62 46
63 46
63 46
64 46
65 46
66 46
66 46
67 46
68 45
69 45
69 45
70 44
71 44
72 43
73 43
73 43
74 43
75 42
76 42
77 42
77 42
78 42
79 41
80 41
81 41
81 41
82 40
83 40
84 39
85 39
85 39
86 39
87 38
88 38
88 38
89 38
90 37
91 37
91 37
92 36
93 36
93 36
94 35
95 35
95 35
96 34
97 34
97 34
98 33
98 33
99 33
99 33
99 32
99 32
98 32
98 32
97 32
96 32
95 32
94 32
93 32
92 31
91 31
90 31
89 31
88 31
87 31
87 31
87 30
87 29
87 29
87 28
87 28
87 28
87 28
87 28
87 29
87 29
87 30
87 30
87 31
87 32
87 32
87 33
87 34
87 34
87 35
87 36
87 37
87 38
87 38
87 39
86 40
86 41
86 42
86 42
86 43
86 44
86 45
86 46
86 47
86 48
86 48
86 49
86 50
86 51
86 52
86 53
86 54
86 54
86 55
86 56
86 57
86 58
86 59
86 60
86 61
86 61
86 62
86 63
86 64
86 65
86 66
86 67
86 67
86 68
86 69
86 70
86 71
86 72
86 73
86 74
86 74
86 75
86 76
86 77
86 78
86 79
86 80
86 81
86 81
86 82
86 83
87 84
87 85
87 86
87 87
87 87
87 88
87 89
87 90
87 91
87 92
87 92
87 93
88 94
88 95
88 96
88 96
88 97
89 98
89 99
89 100
