3 10
3 11
3 11
3 11
3 11
4 11
4 11
5 10
6 10
6 10
7 10
7 10
8 11
8 11
9 11
9 11
9 12
9 12
9 13
8 14
8 15
7 16
7 17
6 18
6 19
5 20
5 21
4 22
4 23
3 24
3 25
2 26
2 27
2 27
1 28
1 29
0 30
0 30
0 30
0 30
0 29
0 29
1 29
2 29
2 29
3 28
4 27
4 27
5 27
6 27
6 27
7 28
8 28
8 28
9 29
9 30
9 30
10 31
10 32
11 33
11 33
11 34
11 35
11 36
11 37
11 37
11 38
11 39
11 40
11 41
11 41
11 42
11 43
11 44
11 45
11 45
11 46
10 47
10 48
10 48
9 49
9 50
9 50
8 51
7 52
7 52
6 53
6 54
6 54
5 55
4 56
4 56
3 57
3 57
2 56
1 56
1 56
0 55
0 55
0 54
0 53
0 52
0 52
0 51
0 50
0 49
0 49
0 48
1 47
1 46
1 46
2 45
2 44
2 44
3 43
4 42
4 42
5 41
6 41
7 40
7 40
8 40
9 40
10 40
10 40
11 40
12 39
13 39
13 39
14 39
15 39
16 39
16 39
17 39
18 39
18 39
19 39
20 39
20 39
21 39
21 39
22 39
22 39
22 39
23 38
23 38
24 37
24 37
24 36
24 35
25 34
25 33
25 32
25 31
25 30
26 29
26 28
26 27
26 26
26 25
27 24
27 23
27 22
27 22
27 21
27 20
28 19
28 18
28 17
28 16
29 15
29 14
29 13
29 13
29 12
29 12
29 12
29 13
29 13
29 14
29 14
29 15
29 16
29 17
29 17
29 18
29 19
29 19
29 20
29 21
29 22
29 23
29 23
29 24
29 25
29 25
29 26
29 27
29 27
29 28
29 29
29 29
29 29
29 29
30 28
30 28
30 27
31 26
31 25
31 25
31 24
32 23
32 22
33 21
33 20
33 20
33 19
33 18
33 17
34 16
34 15
34 14
34 13
34 13
34 12
35 11
35 10
35 9
35 8
36 7
36 6
36 6
36 5
36 4
36 3
36 2
36 2
36 1
36 1
36 0
36 0
36 1
36 2
36 2
36 3
37 4
37 5
37 5
37 6
37 7
37 8
37 9
37 10
37 11
37 12
37 12
37 13
37 14
37 15
37 16
37 17
37 18
37 19
37 20
37 21
37 22
37 23
37 23
37 24
37 25
37 26
37 27
37 28
37 29
37 30
37 31
37 32
37 33
37 34
37 35
37 36
37 36
37 37
37 38
37 39
37 40
37 41
37 42
37 43
37 44
37 45
37 46
37 47
37 48
37 49
37 50
37 50
37 51
37 52
37 53
37 54
37 55
37 56
37 57
37 58
37 59
37 60
37 61
37 61
37 62
37 63
37 64
37 65
37 66
37 67
37 68
37 69
37 70
37 70
37 71
37 72
37 73
37 74
37 75
37 76
37 76
37 77
37 78
37 79
37 80
37 81
37 81
37 80
38 79
38 78
38 77
39 76
39 75
40 74
40 73
40 72
41 71
41 70
41 69
42 68
42 67
43 66
43 65
43 64
44 63
44 62
44 61
45 60
45 59
46 58
46 57
46 56
47 55
47 54
47 53
48 52
48 51
49 50
49 49
49 48
50 47
50 46
50 45
51 44
51 43
52 42
52 41
52 40
53 39
53 38
53 37
54 36
54 35
54 34
55 33
55 32
56 31
56 30
56 29
57 28
57 27
57 26
58 25
58 24
59 23
59 22
59 21
60 20
60 19
60 18
61 17
61 16
62 15
62 14
62 13
63 12
63 11
63 10
64 9
64 8
65 7
65 6
65 5
66 4
66 3
66 3
67 2
67 1
67 1
67 1
67 1
67 2
66 3
66 4
66 4
66 5
65 6
65 7
65 7
65 8
65 9
64 10
64 11
64 12
64 12
63 13
63 14
62 15
62 16
62 16
62 17
61 18
61 19
61 19
61 20
60 21
60 22
60 22
59 23
59 23
59 23
59 22
59 21
60 20
60 19
60 18
60 17
60 16
60 15
61 14
61 13
61 12
61 12
62 12
63 12
63 12
64 12
64 12
64 13
64 14
64 15
64 15
64 16
64 17
64 18
64 19
64 19
64 20
64 21
65 22
65 23
65 24
65 24
65 25
65 26
65 27
65 27
65 28
66 29
66 30
66 30
66 31
66 31
67 32
67 32
68 32
68 32
68 31
69 30
69 29
70 28
70 27
71 26
71 25
71 24
72 23
72 22
73 21
73 20
74 19
74 18
75 17
75 16
75 15
76 14
76 13
77 12
77 11
78 10
78 9
78 9
79 8
80 7
80 6
81 5
82 4
82 4
82 3
82 3
82 4
82 4
82 5
82 6
82 7
82 7
82 8
81 9
81 10
80 11
80 12
80 12
80 13
79 14
79 15
79 16
79 16
78 17
78 18
77 19
77 20
77 20
77 21
76 22
76 23
76 24
76 24
75 25
74 25
74 25
73 26
73 26
73 25
72 24
72 23
72 22
72 21
71 20
71 19
71 18
71 17
70 16
70 15
70 14
70 14
71 13
71 12
72 11
72 10
72 10
73 9
73 9
73 9
74 10
75 10
75 10
76 10
77 11
78 11
78 11
79 12
80 13
80 13
81 14
82 14
83 15
84 15
84 15
85 15
86 16
87 16
87 16
88 16
89 17
90 17
90 17
91 17
92 17
93 17
94 17
94 17
95 16
96 16
96 16
97 16
98 16
98 16
99 16
99 16
100 15
100 15
99 16
98 16
97 17
96 18
95 19
94 19
93 20
92 21
91 21
90 22
89 23
88 24
87 24
86 25
85 26
84 26
83 27
82 28
81 29
80 29
79 30
78 31
77 31
76 32
75 33
74 33
73 34
72 35
71 36
70 36
69 37
68 38
67 38
66 39
65 40
64 41
63 41
62 42
62 42
61 43
60 44
60 45
59 46
58 47
58 47
58 47
59 46
60 46
60 46
61 46
62 45
63 45
64 45
64 45
65 45
66 44
67 44
68 43
69 43
69 43
70 42
71 42
72 41
73 41
74 40
75 40
75 40
76 40
77 39
78 39
79 38
80 38
80 38
81 38
82 37
83 37
84 36
85 36
85 36
86 36
87 35
88 35
88 35
87 34
86 33
86 32
85 31
84 30
83 29
83 28
82 27
81 26
80 25
80 24
79 23
79 23
78 24
78 25
77 26
77 27
76 28
76 28
76 29
76 30
75 31
75 32
75 33
75 33
75 34
75 35
75 36
74 37
74 38
74 39
74 40
74 40
74 41
74 42
74 43
74 44
74 45
74 46
74 47
74 48
74 49
74 50
74 51
74 51
74 52
74 53
74 54
74 55
74 56
74 57
74 58
74 59
74 60
74 61
74 61
74 62
74 63
74 64
74 65
74 66
75 67
75 68
75 69
75 70
75 71
75 72
75 72
75 73
75 74
75 75
76 76
76 77
76 78
76 79
76 80
76 80
76 81
76 82
76 83
76 84
76 85
76 86
76 87
76 88
76 88
76 89
76 90
76 91
76 92
76 93
76 94
76 94
76 95
76 96
76 97
76 97
76 98
76 99
76 99
76 100
76 100
76 100
