4 16
5 16
5 16
5 16
5 15
5 15
6 15
6 15
7 16
7 16
8 17
8 17
9 18
9 19
9 19
10 20
10 21
10 21
11 22
11 23
11 23
12 24
12 25
12 25
12 26
12 27
12 27
13 28
13 29
13 29
13 30
13 30
13 31
13 31
13 32
13 33
13 33
12 34
12 35
12 35
11 36
11 36
10 37
9 38
9 38
8 39
8 39
7 40
6 40
5 41
5 41
4 42
4 43
3 44
3 44
2 45
2 46
2 46
1 47
1 47
0 47
0 47
0 47
0 47
1 46
1 46
2 45
2 45
3 44
3 43
3 43
4 42
5 41
5 41
6 40
7 40
7 40
8 39
9 39
9 39
10 39
11 39
11 39
12 39
13 39
13 39
14 40
14 40
15 41
16 42
16 42
16 43
16 44
16 45
16 45
16 46
17 47
17 48
17 49
17 49
17 50
17 51
17 52
17 53
17 53
17 54
16 55
16 56
16 57
16 57
16 58
15 59
15 60
15 61
15 61
15 62
14 63
14 64
14 65
14 65
14 66
13 67
13 68
13 68
12 69
12 70
11 71
11 71
10 72
10 73
9 74
9 74
8 75
7 75
7 75
6 76
5 77
5 77
4 76
3 76
3 76
2 75
2 74
2 74
1 73
1 72
0 71
0 71
0 70
0 69
0 68
0 68
0 67
0 66
0 65
0 65
0 64
0 63
0 63
1 62
1 61
1 61
2 60
2 59
2 59
3 58
4 58
4 58
5 58
6 58
7 58
7 58
8 58
9 59
10 59
10 59
11 59
12 60
13 60
13 60
14 61
15 61
16 62
17 62
17 62
18 63
19 63
20 64
20 64
21 65
22 65
23 66
23 66
24 66
25 67
26 67
26 67
27 67
28 67
29 67
29 67
30 67
31 67
32 67
32 67
33 67
34 67
34 67
35 66
36 66
36 66
37 65
38 64
38 64
39 63
39 62
39 62
39 61
40 60
40 59
40 58
40 58
40 57
40 56
40 55
40 54
40 54
40 53
40 52
40 51
40 50
40 50
40 49
40 48
40 47
40 46
40 45
40 45
40 44
40 43
40 42
40 41
40 41
40 40
40 39
40 38
40 38
39 37
39 36
39 36
39 35
39 35
38 34
38 34
38 33
38 33
38 33
38 33
38 34
38 35
38 36
38 36
38 37
38 38
38 39
38 39
38 40
38 41
38 42
38 42
38 43
38 44
39 45
39 46
39 47
39 47
39 48
40 49
40 50
40 51
40 51
40 52
40 53
40 54
40 55
40 55
41 56
41 57
41 57
41 58
41 59
41 59
41 59
42 59
42 59
42 58
42 57
42 57
42 56
43 55
43 54
43 53
43 53
43 52
43 51
43 50
43 49
43 48
44 47
44 46
44 45
44 44
44 43
44 42
44 41
44 40
44 39
44 38
44 37
44 36
45 35
45 34
45 33
45 32
45 31
45 30
45 29
45 28
45 27
45 26
45 25
45 24
46 23
46 22
46 21
46 20
46 19
46 18
46 17
46 16
46 15
46 14
46 13
46 12
47 11
47 10
47 9
47 8
47 7
47 6
47 6
47 5
47 4
48 3
48 2
48 1
48 1
48 1
48 0
48 0
48 0
48 1
48 1
48 2
48 2
49 3
49 4
49 4
49 5
49 6
49 7
49 8
49 8
49 9
49 10
49 11
49 12
49 12
49 13
49 14
49 15
49 16
49 16
49 17
49 18
49 19
49 20
49 21
49 22
49 22
49 23
49 24
49 25
49 26
49 27
49 28
49 29
49 29
49 30
49 31
49 32
49 33
50 34
50 35
50 36
50 37
50 38
50 38
50 39
50 40
50 41
50 42
50 43
50 44
50 45
50 46
50 47
50 47
50 48
50 49
50 50
50 51
50 52
50 53
50 54
50 55
50 56
50 56
50 57
50 58
50 59
50 60
50 61
50 62
50 63
50 64
50 65
50 65
50 66
50 67
50 68
50 69
50 70
50 71
50 72
50 73
50 73
50 74
50 75
50 76
50 77
50 78
50 79
50 79
50 80
50 81
50 82
50 83
50 84
50 84
50 85
50 86
50 87
50 88
50 88
50 89
50 90
50 91
50 91
51 92
51 92
51 92
51 91
51 90
51 90
51 89
51 88
52 87
52 86
52 85
52 84
53 83
53 82
53 81
53 80
54 79
54 78
54 77
54 76
55 75
55 74
55 73
55 72
56 71
56 70
56 69
56 68
57 67
57 66
57 65
57 64
58 63
58 62
58 61
58 60
58 59
59 58
59 57
59 56
59 55
60 54
60 53
60 52
60 51
61 50
61 49
61 48
61 47
62 46
62 45
62 44
62 43
63 42
63 41
63 40
63 39
64 38
64 37
64 36
64 35
65 34
65 33
65 32
65 31
65 30
66 29
66 28
66 27
66 26
67 25
67 24
67 23
67 22
68 21
68 20
68 19
68 18
69 17
69 16
69 15
69 14
70 13
70 12
70 11
70 10
71 9
71 8
71 7
71 6
72 5
72 4
72 3
72 3
72 2
72 2
72 2
72 2
71 3
71 4
71 4
71 5
70 6
70 7
70 7
69 8
69 9
69 9
68 10
68 11
67 12
67 12
66 13
66 14
65 15
65 15
65 16
64 17
64 18
64 18
63 19
63 20
63 20
62 21
62 22
62 22
62 22
62 22
62 22
62 21
62 21
63 20
63 19
63 19
63 18
64 17
64 16
64 16
65 15
65 15
65 14
65 14
66 14
66 14
67 15
67 15
67 16
67 17
67 17
67 18
68 19
68 20
68 20
68 21
68 22
68 23
68 23
68 24
69 25
69 26
69 27
69 27
69 28
69 29
69 30
69 30
69 31
69 32
69 33
69 33
70 34
70 35
70 35
70 36
70 36
71 37
71 37
72 37
72 37
72 36
73 35
73 34
74 33
74 32
75 31
75 30
76 29
76 28
76 27
77 26
77 25
78 24
78 23
79 22
79 21
79 20
80 19
80 18
81 17
81 16
82 15
82 14
83 13
83 12
83 12
83 11
84 10
84 9
85 8
85 7
85 7
86 6
86 5
86 5
87 4
87 4
87 4
87 4
87 4
87 5
87 5
86 6
86 7
86 7
85 8
85 9
85 9
85 10
84 11
84 12
84 12
83 13
83 14
83 14
83 15
82 16
82 17
82 17
81 18
80 19
80 19
79 20
79 21
79 21
78 22
78 22
77 23
77 23
76 22
76 22
75 21
75 21
75 20
75 19
75 19
74 18
74 17
74 17
74 16
74 15
74 14
74 14
74 13
74 12
74 12
74 11
74 11
75 10
75 10
75 10
76 10
76 10
77 11
77 11
78 12
78 13
78 13
79 14
79 15
79 15
80 16
80 17
81 18
81 18
82 19
82 20
83 21
83 21
84 22
85 23
85 23
86 23
87 24
88 24
88 24
89 24
90 24
90 24
91 24
92 24
93 24
93 24
94 24
95 24
95 24
96 23
97 23
97 23
98 22
98 22
99 21
100 21
100 21
99 22
98 23
97 24
96 24
95 25
94 26
93 27
92 28
91 29
90 29
89 30
88 31
87 32
86 33
85 34
84 34
83 35
82 36
81 37
80 38
79 39
78 39
77 40
76 41
75 42
74 43
73 44
72 44
71 45
70 46
69 47
68 48
67 49
66 49
65 50
64 51
64 51
64 52
63 53
63 54
63 54
63 53
63 53
63 53
64 53
64 53
65 52
65 52
66 52
67 52
67 52
68 52
69 51
70 51
70 51
71 50
72 50
73 49
74 49
74 49
75 48
76 48
77 47
78 47
78 47
79 46
80 46
81 45
82 45
82 45
83 44
84 44
85 43
85 43
86 42
87 42
88 41
89 41
89 41
90 40
91 40
92 39
92 39
93 38
94 38
94 38
95 37
96 36
96 36
97 35
98 34
98 34
99 33
99 33
99 33
99 32
99 32
98 32
97 32
96 32
95 31
94 31
93 31
92 31
91 31
90 31
89 30
88 30
87 30
86 30
86 30
85 30
85 30
85 30
85 30
85 31
85 31
85 32
85 33
85 33
85 34
85 35
85 36
85 36
85 37
85 38
85 39
85 40
85 40
85 41
85 42
85 43
85 44
85 45
85 45
85 46
85 47
85 48
85 49
86 50
86 51
86 52
86 53
86 54
86 54
86 55
86 56
86 57
86 58
86 59
86 60
86 61
86 62
86 62
86 63
86 64
86 65
86 66
86 67
86 68
86 69
86 70
86 71
86 71
86 72
86 73
86 74
86 75
86 76
86 77
86 78
86 79
86 79
86 80
86 81
86 82
86 83
86 84
86 85
86 86
86 86
86 87
86 88
86 89
86 90
86 91
86 92
86 92
86 93
86 94
86 95
86 96
86 97
86 97
86 98
86 99
86 100
