3 15
4 14
4 14
4 13
4 13
4 13
5 13
5 13
6 14
6 14
6 14
7 15
7 15
8 16
8 16
9 17
9 18
9 18
10 19
10 20
10 20
10 21
10 22
10 22
10 23
10 24
10 24
9 25
9 26
9 26
9 27
8 28
8 29
8 29
7 30
7 31
7 31
7 32
6 33
6 34
6 34
5 35
4 36
4 36
3 37
3 38
3 38
2 39
2 39
1 40
1 40
0 40
0 40
0 40
0 40
0 40
0 40
0 39
0 39
1 38
1 38
2 37
3 37
3 37
4 36
4 36
5 35
6 35
6 35
7 35
7 35
8 35
9 35
9 35
10 35
11 35
11 35
12 36
13 36
13 36
14 37
14 37
15 38
15 39
15 39
16 40
16 40
16 41
16 42
16 42
16 43
16 44
16 44
16 45
16 46
16 46
15 47
15 48
15 48
15 49
14 50
14 51
14 51
13 52
13 53
13 53
12 54
11 55
11 55
10 56
9 57
9 57
8 58
8 58
7 59
6 59
6 59
5 59
4 59
4 59
3 58
3 58
2 57
2 57
1 56
1 56
1 55
1 55
1 54
1 54
1 53
1 53
2 53
2 53
3 52
3 52
4 52
4 52
5 51
6 51
6 51
7 51
8 51
8 51
9 51
10 51
11 51
11 51
12 51
13 51
13 51
14 51
15 51
16 51
16 51
17 51
18 51
18 51
19 51
20 51
21 51
21 51
22 51
23 51
23 51
24 50
25 50
25 50
26 50
27 50
27 50
28 49
29 49
29 49
30 48
30 48
31 47
32 46
32 46
33 45
33 45
34 44
34 43
34 43
34 42
34 41
34 40
34 39
34 38
34 37
34 36
34 35
34 34
34 33
34 32
34 31
34 31
34 30
34 29
34 29
33 29
33 29
33 28
33 28
33 28
33 29
33 29
33 30
33 30
33 31
33 31
34 32
34 33
34 33
34 34
34 35
34 36
34 36
34 37
35 38
35 39
35 39
35 40
35 41
35 41
36 42
36 42
36 43
36 43
37 44
37 44
37 43
37 42
38 41
38 40
38 39
38 38
38 37
38 36
39 35
39 34
39 33
39 32
39 31
40 30
40 29
40 28
40 27
40 26
40 25
41 24
41 23
41 22
41 21
41 20
41 19
42 18
42 17
42 16
42 15
42 14
43 13
43 12
43 11
43 10
43 9
43 8
44 7
44 6
44 5
44 5
44 4
45 3
45 2
45 2
45 1
45 1
45 0
45 0
45 0
45 1
45 1
45 2
45 2
45 3
45 3
45 4
45 5
45 5
45 6
45 7
45 7
45 8
45 9
45 10
45 10
45 11
46 12
46 13
46 13
46 14
46 15
46 16
46 17
46 17
46 18
46 19
46 20
46 21
46 22
46 22
46 23
46 24
47 25
47 26
47 27
47 28
47 28
47 29
47 30
47 31
47 32
47 33
47 34
47 34
47 35
47 36
47 37
48 38
48 39
48 40
48 41
48 41
48 42
48 43
48 44
48 45
48 46
48 47
48 48
48 48
48 49
48 50
48 51
49 52
49 53
49 54
49 55
49 55
49 56
49 57
50 58
50 59
50 60
50 61
50 61
50 62
50 63
51 64
51 65
51 66
51 66
51 67
52 68
52 69
52 70
52 70
52 71
53 72
53 73
53 73
53 74
53 75
53 76
53 76
54 77
54 78
54 78
54 79
54 79
55 79
55 79
55 78
55 78
55 77
55 76
55 75
55 75
55 74
55 73
56 72
56 71
56 70
56 69
57 68
57 67
57 66
57 65
57 64
58 63
58 62
58 61
58 60
58 59
59 58
59 57
59 56
59 55
60 54
60 53
60 52
60 51
60 50
61 49
61 48
61 47
61 46
61 45
62 44
62 43
62 42
62 41
63 40
63 39
63 38
63 37
63 36
64 35
64 34
64 33
64 32
64 31
65 30
65 29
65 28
65 27
66 26
66 25
66 24
66 23
66 22
67 21
67 20
67 19
67 18
67 17
68 16
68 15
68 14
68 13
69 12
69 11
69 10
69 10
69 9
69 9
69 8
69 8
69 8
69 8
69 8
69 9
69 9
68 10
68 10
67 11
67 12
67 12
66 13
66 14
66 14
66 15
65 16
65 17
65 17
65 18
64 19
64 20
64 20
63 21
62 22
62 22
61 23
61 24
61 24
61 25
61 26
61 26
60 26
60 26
60 26
60 26
61 25
61 25
62 24
62 24
62 23
62 22
62 22
63 21
63 20
63 20
64 19
64 19
65 18
65 18
65 18
66 19
66 19
66 19
67 20
67 21
67 21
67 22
67 23
67 23
68 24
68 25
68 25
68 26
68 27
68 27
68 28
68 29
68 30
68 30
68 31
68 31
69 32
69 33
69 33
69 33
69 33
70 32
70 31
71 30
71 29
72 28
72 27
73 26
73 25
74 24
74 23
75 22
75 21
76 20
76 19
77 18
77 17
78 16
78 15
79 14
79 13
80 12
80 11
81 10
81 10
82 9
82 8
83 7
83 7
84 7
84 7
84 7
84 7
84 7
83 8
83 9
83 9
83 10
83 10
82 11
82 12
81 13
81 13
80 14
80 15
80 15
79 16
78 16
78 16
77 17
77 18
77 18
76 19
75 19
75 19
74 20
74 20
73 20
72 20
72 20
71 20
71 20
70 19
70 19
70 18
70 18
69 18
69 18
69 17
69 17
69 17
70 17
70 17
71 17
71 17
72 17
72 17
73 18
74 18
74 18
75 18
76 18
76 18
77 19
78 20
78 20
79 20
80 21
81 21
81 21
82 21
83 21
84 21
84 21
85 21
86 21
87 21
87 21
88 21
89 21
89 21
90 21
91 20
92 20
92 20
93 19
94 19
94 19
95 19
96 19
96 19
97 18
97 18
98 18
98 18
97 19
96 20
95 21
94 22
93 22
92 23
91 24
90 25
89 26
88 27
87 28
86 29
85 29
84 30
83 31
82 32
81 33
80 34
79 35
78 36
77 36
76 37
75 38
74 39
74 39
73 40
72 41
72 42
71 43
70 44
70 44
69 45
68 46
68 46
67 47
67 48
67 48
67 49
67 49
66 50
66 50
67 51
67 51
68 52
68 52
69 52
69 52
70 52
71 51
72 51
72 51
73 51
74 50
75 50
75 50
76 49
77 48
78 48
79 47
79 47
80 46
81 46
82 45
82 45
83 45
84 44
85 44
86 44
86 44
87 43
88 43
89 42
90 42
90 42
91 41
92 40
92 40
93 40
94 39
95 39
95 39
96 38
97 37
97 37
98 36
99 36
99 36
99 35
99 34
99 34
100 33
100 33
99 33
99 33
98 33
97 33
96 32
95 32
94 32
93 32
92 32
91 31
90 31
89 31
89 31
88 31
87 31
86 31
86 31
85 32
85 32
84 32
84 32
84 32
84 33
84 33
83 34
83 34
83 35
83 35
83 36
83 37
83 38
83 38
83 39
84 40
84 41
84 42
84 42
84 43
84 44
84 45
84 46
84 47
84 47
84 48
84 49
84 50
84 51
84 52
84 53
84 54
84 54
84 55
84 56
84 57
84 58
84 59
84 60
84 61
84 61
84 62
84 63
84 64
84 65
84 66
84 67
84 68
84 69
84 69
84 70
84 71
84 72
84 73
84 74
84 75
84 76
84 77
84 77
84 78
84 79
84 80
84 81
84 82
84 83
84 84
84 84
84 85
84 86
84 87
84 88
84 89
84 90
84 90
84 91
85 92
85 93
85 94
85 94
85 95
85 96
85 97
85 97
85 98
86 99
86 100
