1 24
1 23
1 23
1 22
1 22
0 21
0 21
0 21
1 22
1 22
2 22
3 22
3 22
4 22
4 22
5 23
5 23
6 23
6 23
6 24
6 24
7 25
7 25
7 26
7 26
7 27
6 28
6 29
5 30
5 31
5 32
4 33
4 34
3 35
3 36
3 36
2 37
1 38
0 39
0 39
0 39
0 39
0 38
0 38
0 38
1 37
1 37
2 36
2 36
3 36
4 36
4 36
5 37
6 37
6 37
7 38
7 39
7 39
8 40
8 41
8 41
8 42
9 43
9 44
9 45
9 45
9 46
9 47
9 48
9 49
9 49
9 50
9 51
9 52
9 52
9 53
8 54
8 55
8 55
7 56
7 57
6 58
6 58
5 59
5 60
5 60
4 61
4 62
4 62
3 63
3 63
2 63
2 63
1 62
1 62
0 61
0 61
0 60
0 59
0 58
0 58
0 57
0 56
0 55
0 54
0 54
0 53
1 52
1 51
1 51
2 50
2 49
3 48
3 48
4 47
5 46
5 46
6 46
7 45
8 45
8 45
9 45
10 44
11 44
11 44
12 44
13 44
14 44
14 44
15 44
16 45
17 45
18 45
18 45
19 46
20 46
20 46
21 46
22 46
22 46
23 47
23 47
23 47
23 47
23 47
24 47
24 47
24 46
24 45
24 45
24 44
25 43
25 42
25 41
25 41
25 40
25 39
25 38
25 37
25 36
25 36
25 35
25 34
26 33
26 32
26 31
26 31
26 30
27 29
27 28
27 28
27 27
27 26
27 26
27 25
27 25
28 25
28 25
28 26
28 26
28 27
28 28
28 28
28 29
28 30
28 31
28 31
28 32
28 33
28 34
28 35
28 35
28 36
28 37
28 38
28 38
29 39
29 40
29 40
29 41
29 41
29 41
29 40
29 40
30 39
30 38
30 38
31 37
31 36
32 35
32 35
32 34
32 33
33 32
33 31
33 30
33 30
33 29
33 28
33 27
34 26
34 25
34 24
34 23
34 23
34 22
35 21
35 20
36 19
36 18
36 18
36 17
36 16
36 15
36 14
36 14
37 13
37 12
37 12
37 12
37 13
37 14
37 14
37 15
37 16
37 16
37 17
37 18
37 19
37 20
37 21
37 22
37 22
37 23
37 24
37 25
37 26
37 27
38 28
38 29
38 30
38 31
38 32
38 33
38 33
38 34
38 35
38 36
38 37
38 38
38 39
38 40
38 41
38 42
38 43
38 44
38 45
38 46
38 46
38 47
38 48
38 49
38 50
38 51
38 52
38 53
38 54
38 55
38 56
38 57
38 58
38 59
38 60
38 61
38 61
38 62
38 63
38 64
38 65
38 66
38 67
38 68
38 69
38 70
38 71
38 72
38 73
38 73
38 74
38 75
38 76
38 77
39 78
39 79
39 80
39 81
39 82
39 83
39 83
39 84
39 85
39 86
39 87
39 88
39 89
39 90
39 90
39 91
39 92
39 93
39 94
39 95
39 95
39 96
39 97
39 98
39 99
39 100
39 100
39 99
40 98
40 97
40 96
41 95
41 94
41 93
42 92
42 91
42 90
43 89
43 88
43 87
44 86
44 85
44 84
45 83
45 82
45 81
46 80
46 79
46 78
47 77
47 76
47 75
48 74
48 73
48 72
49 71
49 70
49 69
50 68
50 67
50 66
51 65
51 64
51 63
52 62
52 61
52 60
53 59
53 58
53 57
54 56
54 55
54 54
55 53
55 52
56 51
56 50
56 49
57 48
57 47
57 46
58 45
58 44
58 43
59 42
59 41
59 40
60 39
60 38
60 37
61 36
61 35
61 34
62 33
62 32
62 31
63 30
63 29
63 28
64 27
64 26
64 25
65 24
65 23
65 22
66 21
66 20
66 19
67 18
67 17
67 16
68 15
68 14
68 13
69 12
69 11
69 10
70 9
70 8
70 7
71 6
71 5
71 4
72 3
72 2
72 2
73 1
73 1
72 0
72 0
71 1
71 1
70 2
70 3
69 4
69 5
69 5
69 6
68 7
68 8
67 9
67 10
67 10
67 11
66 12
66 13
66 14
66 15
65 16
65 17
65 17
65 18
64 19
64 20
64 21
63 22
63 23
63 23
63 24
62 25
62 26
61 27
61 28
61 28
61 29
60 30
60 31
60 32
60 32
59 33
59 33
59 33
59 33
59 32
60 31
60 30
60 29
61 28
61 27
62 26
62 25
62 24
63 23
63 22
63 22
64 21
64 20
65 19
65 19
66 18
67 18
67 18
67 19
67 19
67 20
68 21
68 22
68 22
68 23
68 24
68 25
68 26
68 26
68 27
68 28
68 29
68 30
68 30
68 31
68 32
68 33
68 34
68 35
68 35
68 36
68 37
68 38
68 38
68 39
68 40
68 40
69 40
69 40
70 40
70 40
70 39
71 38
71 37
72 36
72 35
73 34
73 33
73 32
74 31
74 30
75 29
75 28
76 27
76 26
76 25
77 24
77 23
78 22
78 21
79 20
79 19
79 19
80 18
80 17
81 16
82 15
82 14
83 13
83 12
84 11
84 11
85 10
85 9
85 9
84 9
84 9
84 10
84 11
84 11
84 12
84 13
84 14
84 15
84 15
84 16
84 17
83 18
83 19
83 20
83 20
83 21
82 22
82 23
81 24
81 25
81 25
81 26
80 27
80 28
80 29
80 29
80 30
79 31
79 32
79 33
79 33
78 34
78 34
77 34
77 34
77 34
77 33
77 33
76 32
76 31
76 31
76 30
76 29
76 28
76 27
76 26
76 25
76 24
76 24
76 23
76 22
76 21
76 20
76 19
76 18
76 17
76 17
77 16
77 15
77 15
77 14
77 14
78 15
78 15
79 16
79 16
79 17
80 18
80 19
80 19
81 20
81 21
81 21
82 22
83 23
83 23
84 24
85 24
86 25
86 25
87 25
88 26
89 26
89 26
90 26
91 26
91 26
92 26
93 26
94 26
94 26
95 26
96 26
97 26
97 26
98 25
98 25
99 25
99 25
99 24
99 24
98 25
97 26
96 26
95 27
94 28
93 29
92 29
91 30
90 31
89 32
88 33
87 33
86 34
85 35
84 36
83 37
82 37
81 38
80 39
79 40
78 40
77 41
76 42
75 43
74 44
73 44
72 45
71 46
70 47
69 47
68 48
67 49
67 49
66 50
65 51
65 52
64 53
64 53
63 53
62 53
62 53
63 53
63 53
64 52
65 52
65 52
66 52
67 51
68 51
69 51
69 51
70 51
71 50
72 50
73 50
73 50
74 49
75 49
76 48
77 48
77 48
78 48
79 47
80 47
80 47
81 47
82 46
83 46
84 46
84 46
85 45
86 45
86 45
87 44
88 44
88 44
89 43
89 43
88 42
87 41
86 40
85 39
84 38
84 37
83 36
82 35
81 34
80 33
80 33
79 32
78 32
78 32
77 33
76 34
76 34
76 35
76 36
76 37
76 37
76 38
76 39
76 40
75 41
75 42
75 43
75 44
75 45
75 45
75 46
75 47
75 48
75 49
75 50
75 51
75 52
75 53
75 54
75 55
75 55
75 56
75 57
75 58
75 59
75 60
75 61
75 62
75 63
75 64
75 65
75 65
75 66
75 67
75 68
75 69
75 70
75 71
75 72
75 73
75 74
75 75
75 75
75 76
75 77
75 78
75 79
76 80
76 81
76 82
76 83
76 84
76 84
76 85
76 86
76 87
77 88
77 89
77 90
77 91
