4 20
4 19
4 19
4 19
4 19
5 19
5 19
5 19
6 19
6 19
7 20
7 20
8 20
8 20
8 21
8 21
9 22
9 22
10 23
10 23
11 23
11 23
11 24
11 24
11 25
11 25
10 26
10 27
9 28
9 29
8 30
8 31
7 32
6 33
6 34
5 35
5 36
4 37
3 38
3 39
2 40
2 41
1 42
1 43
0 44
0 44
0 44
0 43
0 42
0 42
0 42
0 41
0 41
1 40
1 40
2 39
2 39
3 38
3 38
4 38
5 38
5 38
6 37
7 37
7 37
8 38
9 38
9 38
10 38
11 38
11 38
12 39
12 39
13 40
13 41
13 41
14 42
15 43
15 43
15 44
15 45
15 46
15 46
16 47
16 48
16 48
16 49
16 50
16 51
16 51
16 52
15 53
15 54
15 55
15 55
15 56
14 57
14 58
14 59
14 59
14 60
13 61
13 62
13 62
12 63
12 64
11 65
11 65
11 66
10 67
10 68
10 68
10 69
9 70
9 71
9 71
8 72
8 72
7 72
7 72
6 72
6 72
6 71
6 71
6 70
5 69
5 68
5 68
6 67
6 66
6 66
6 65
6 64
6 64
7 63
8 62
8 62
9 61
9 60
9 60
10 59
11 58
11 58
12 57
12 56
13 55
13 55
14 54
15 54
16 53
16 53
17 52
18 51
18 51
19 50
20 50
21 49
21 49
22 48
23 48
23 48
24 48
25 48
26 48
26 48
27 47
27 47
28 47
29 47
29 47
30 46
30 46
31 45
31 45
31 44
31 44
31 43
32 42
32 41
32 41
32 40
32 39
32 38
32 38
32 37
32 36
32 35
32 34
32 34
32 33
32 32
32 31
32 31
32 30
32 29
32 28
32 27
32 27
32 26
33 25
33 24
33 24
33 23
33 22
33 22
33 21
33 20
33 20
32 19
32 19
32 19
32 20
32 20
33 21
33 21
33 22
33 23
33 23
33 24
33 25
33 26
33 26
33 27
34 28
34 29
34 30
34 30
34 31
34 32
34 33
34 34
34 34
34 35
34 36
34 37
34 37
34 38
35 39
35 40
35 41
35 41
35 42
35 43
35 44
35 44
35 45
35 46
35 47
35 47
36 48
36 48
36 48
36 48
36 47
36 47
36 46
37 45
37 44
37 44
37 43
37 42
38 41
38 40
38 39
38 39
38 38
38 37
39 36
39 35
39 34
39 33
39 33
39 32
39 31
39 30
40 29
40 28
40 27
40 26
40 26
40 25
41 24
41 23
41 22
42 21
42 20
42 20
42 19
42 18
43 17
43 16
43 15
43 14
43 14
43 13
44 12
44 11
45 10
45 9
45 9
45 8
45 7
45 6
45 5
45 5
46 4
46 3
46 3
46 2
46 2
46 2
46 2
47 3
47 3
47 4
47 5
47 5
48 6
48 7
48 7
48 8
48 9
48 10
48 11
48 11
48 12
49 13
49 14
49 15
49 15
49 16
49 17
49 18
49 19
49 20
49 21
49 21
49 22
49 23
49 24
50 25
50 26
50 27
50 28
50 28
50 29
50 30
50 31
50 32
50 33
50 34
50 35
50 36
50 36
50 37
50 38
50 39
50 40
50 41
50 42
50 43
50 44
50 45
50 46
50 47
50 47
50 48
50 49
50 50
50 51
50 52
50 53
50 54
50 55
50 56
50 56
50 57
50 58
50 59
50 60
50 61
50 62
50 63
50 64
50 65
50 66
50 66
50 67
50 68
50 69
50 70
50 71
50 72
50 73
50 74
50 74
50 75
50 76
50 77
50 78
50 79
50 80
50 81
50 81
50 82
50 83
51 84
51 85
51 86
51 87
51 87
51 88
51 89
52 90
52 91
52 92
52 92
52 93
53 94
53 95
53 96
53 96
53 95
54 94
54 93
54 92
55 91
55 90
55 89
56 88
56 87
56 86
57 85
57 84
57 83
58 82
58 81
58 80
58 79
59 78
59 77
59 76
60 75
60 74
60 73
61 72
61 71
61 70
62 69
62 68
62 67
63 66
63 65
63 64
64 63
64 62
64 61
65 60
65 59
65 58
66 57
66 56
66 55
67 54
67 53
67 52
68 51
68 50
68 49
68 48
69 47
69 46
69 45
70 44
70 43
70 42
71 41
71 40
71 39
72 38
72 37
72 36
73 35
73 34
73 33
74 32
74 31
74 30
75 29
75 28
75 27
76 26
76 25
76 24
77 23
77 22
77 21
78 20
78 19
78 18
78 17
79 16
79 15
79 14
80 13
80 12
80 11
81 10
81 9
81 8
82 7
82 6
82 5
83 4
83 3
83 3
83 2
83 1
83 1
83 0
83 0
82 1
82 1
82 2
82 2
81 3
81 4
81 4
81 5
80 6
80 7
80 8
80 8
80 9
79 10
79 11
79 12
79 12
78 13
78 14
77 15
77 16
77 16
76 17
76 18
75 19
75 19
74 20
74 21
73 22
73 22
73 23
72 24
72 25
72 26
72 26
71 27
70 28
70 28
69 29
69 30
69 30
69 30
69 29
69 29
70 29
70 29
70 28
71 27
71 26
71 26
72 25
72 24
73 23
73 23
73 22
74 21
74 20
74 20
75 19
75 18
75 18
76 18
76 18
77 18
77 18
77 19
77 20
77 21
77 21
77 22
77 23
77 24
77 24
77 25
77 26
77 27
77 28
77 29
77 29
77 30
77 31
77 32
77 33
77 34
77 34
77 35
77 36
77 37
77 38
77 39
77 39
77 40
76 41
76 42
76 43
76 43
76 44
76 45
76 46
76 47
76 47
76 48
76 49
76 50
76 50
76 51
76 52
76 52
76 53
76 53
76 52
77 51
77 50
78 49
78 48
78 47
79 46
79 45
79 44
80 43
80 42
81 41
81 40
81 39
82 38
82 37
82 36
83 35
83 34
84 33
84 32
84 31
85 30
85 29
85 28
86 27
86 26
87 25
87 24
87 23
88 22
88 21
88 20
89 19
89 18
90 17
90 16
90 15
91 14
91 13
91 12
92 11
92 10
93 9
93 8
93 7
94 6
94 5
94 5
95 4
96 3
97 2
97 2
97 1
97 1
97 2
97 2
97 3
97 3
97 4
97 5
97 5
97 6
96 7
96 8
96 8
96 9
95 10
95 11
95 12
95 12
95 13
94 14
94 15
94 16
94 16
93 17
93 18
92 19
92 19
92 20
91 21
91 22
91 23
91 23
90 24
90 25
89 26
89 27
89 27
88 28
88 29
87 30
87 31
87 31
86 32
86 33
85 34
85 34
84 35
83 36
83 36
82 37
81 37
81 37
81 36
81 35
81 34
81 33
81 32
81 31
81 30
81 29
81 28
81 27
81 26
81 25
81 24
81 24
81 23
81 22
82 21
82 20
82 19
82 19
83 19
83 19
84 19
84 19
85 19
85 19
86 20
86 21
86 21
87 22
88 22
88 22
89 23
89 24
89 24
90 25
90 26
91 27
91 27
92 28
92 29
93 30
93 30
94 31
94 32
94 32
95 33
95 34
96 35
96 35
97 36
97 37
97 37
98 38
98 39
98 39
99 40
100 40
100 40
99 41
98 42
98 43
97 44
96 45
95 46
94 47
93 48
93 49
92 50
91 51
90 52
89 53
89 54
88 55
87 56
86 57
85 58
84 59
84 60
83 61
82 62
82 62
81 63
81 64
80 65
80 66
79 67
79 67
79 68
79 68
79 68
79 68
80 68
80 68
81 67
81 67
82 66
83 65
83 65
84 64
85 64
86 63
86 63
87 62
87 61
88 60
88 60
89 59
90 59
91 58
91 58
92 57
92 56
93 55
93 55
94 54
95 53
95 53
96 52
97 52
98 51
98 51
99 50
99 49
99 49
98 48
98 47
97 46
97 45
96 44
95 43
95 42
94 41
93 40
93 39
92 38
92 37
91 36
91 36
91 36
91 36
90 37
90 37
91 38
91 39
91 39
91 40
91 41
91 42
91 43
91 43
91 44
91 45
91 46
91 47
91 47
91 48
91 49
91 50
91 51
91 52
91 53
91 53
91 54
91 55
91 56
91 57
91 58
91 59
91 59
91 60
91 61
91 62
91 63
91 64
91 65
91 66
91 67
91 67
91 68
91 69
91 70
91 71
91 72
91 73
91 74
91 75
91 75
91 76
91 77
91 78
91 79
91 80
91 81
91 82
91 83
91 83
91 84
91 85
91 86
91 87
91 88
91 89
91 90
91 91
91 92
91 92
91 93
91 94
91 95
92 96
92 97
92 98
92 99
92 100
