6 16
6 17
6 17
5 16
5 15
5 15
5 15
5 16
5 16
6 17
6 17
6 18
6 18
7 19
7 19
8 20
8 21
8 21
9 22
9 22
9 22
10 23
10 23
10 24
10 24
11 25
11 25
10 26
9 27
8 28
7 29
6 30
5 31
5 32
4 33
3 34
2 35
1 36
0 37
0 37
0 38
0 38
0 37
0 37
0 37
0 36
0 36
1 35
1 35
2 35
2 35
3 34
4 34
4 34
5 33
5 33
6 32
7 32
7 32
8 32
8 32
9 33
10 33
10 33
11 34
12 34
12 34
13 35
13 35
14 36
14 37
14 37
14 38
14 39
14 39
14 40
14 41
14 42
14 42
14 43
14 44
14 45
14 46
14 46
14 47
13 48
13 49
13 49
13 50
12 51
12 52
12 52
12 53
11 54
11 55
11 56
11 56
10 57
10 58
10 58
9 59
8 60
8 60
8 60
7 60
7 60
7 59
7 59
7 58
7 57
7 57
7 56
7 55
7 55
7 54
7 53
7 53
8 52
8 51
8 51
9 50
10 50
10 50
11 49
11 48
11 48
12 47
13 46
13 46
14 45
15 45
15 45
16 44
17 43
17 43
18 42
19 41
19 41
20 40
21 39
21 39
22 38
23 38
23 38
24 38
24 38
25 37
25 37
25 36
25 35
25 34
26 33
26 32
26 31
26 30
26 29
26 28
27 27
27 26
27 25
27 24
27 24
27 23
27 23
27 23
27 23
28 23
28 23
28 23
28 24
28 24
29 25
29 26
29 26
29 27
29 28
29 28
29 29
30 30
30 31
30 32
30 32
30 33
30 34
30 35
30 35
30 36
30 37
30 38
30 38
30 39
30 40
30 41
30 41
30 42
30 43
30 43
30 44
30 44
31 45
31 45
31 45
31 44
31 44
31 43
31 43
31 42
32 41
32 40
32 39
32 39
32 38
33 37
33 36
33 35
33 35
34 34
34 33
35 32
35 31
35 31
35 30
35 29
36 28
36 27
36 26
36 26
37 25
37 24
38 23
38 22
38 22
39 21
39 20
40 19
40 18
40 18
40 17
41 16
41 15
41 14
41 14
41 13
42 12
42 11
42 10
42 10
43 9
43 8
44 7
44 7
44 6
45 5
45 4
45 4
46 3
46 2
46 2
46 1
46 1
47 0
47 0
47 0
47 1
47 1
47 2
47 2
47 3
47 4
47 5
47 5
47 6
47 7
47 8
47 8
47 9
47 10
47 11
47 12
47 12
47 13
47 14
47 15
47 16
47 17
47 17
47 18
47 19
46 20
46 21
46 22
46 22
46 23
46 24
46 25
46 26
46 27
46 28
46 28
46 29
46 30
46 31
46 32
46 33
46 34
46 35
46 36
46 36
46 37
46 38
46 39
46 40
45 41
45 42
45 43
45 44
45 45
45 45
45 46
45 47
45 48
45 49
45 50
45 51
45 52
45 52
45 53
45 54
45 55
45 56
45 57
45 58
45 59
45 59
45 60
45 61
45 62
45 63
45 64
45 65
45 66
45 66
45 67
45 68
45 69
45 70
45 71
45 72
45 72
45 73
45 74
45 75
45 76
45 76
45 77
45 78
45 79
45 80
45 80
45 79
46 78
46 77
47 76
47 75
47 74
48 73
48 72
49 71
49 70
49 69
50 68
50 67
51 66
51 65
51 64
52 63
52 62
53 61
53 60
54 59
54 58
54 57
55 56
55 55
56 54
56 53
56 52
57 51
57 50
58 49
58 48
58 47
59 46
59 45
60 44
60 43
60 42
61 41
61 40
62 39
62 38
62 37
63 36
63 35
64 34
64 33
64 32
65 31
65 30
66 29
66 28
66 27
67 26
67 25
68 24
68 23
69 22
69 21
69 20
70 19
70 18
71 17
71 16
71 15
72 14
72 13
73 12
73 11
73 10
74 9
74 8
75 7
75 6
75 6
76 5
77 4
77 4
77 4
76 4
76 4
76 5
76 5
76 6
75 7
75 8
75 8
75 9
74 10
74 11
74 11
73 12
73 13
72 14
72 15
72 15
72 16
71 17
71 18
71 19
71 19
70 20
70 21
69 22
69 22
68 23
68 24
67 25
67 25
66 26
66 27
66 27
65 28
65 29
65 29
65 29
65 29
66 28
66 27
66 27
66 26
67 25
67 24
67 24
68 23
68 22
68 22
69 21
69 20
70 19
70 19
71 18
71 17
71 17
72 17
72 17
73 18
73 18
73 19
73 19
73 20
73 21
73 22
73 22
73 23
73 24
73 25
73 25
73 26
73 27
73 28
73 28
73 29
72 30
72 31
72 31
72 32
72 33
72 34
72 34
72 35
72 36
72 37
72 37
72 38
71 39
71 40
71 40
71 41
71 42
71 42
72 41
72 40
73 39
73 38
74 37
74 36
75 35
76 34
76 33
77 32
77 31
78 30
78 29
79 28
79 27
80 26
81 25
81 24
82 23
82 22
83 21
83 20
84 19
85 18
85 17
86 16
86 15
87 14
87 13
88 12
88 11
89 10
89 10
90 9
91 8
91 8
91 7
91 7
91 8
91 8
91 8
91 9
91 9
90 10
90 10
90 11
90 12
90 12
89 13
89 14
89 14
88 15
88 16
87 17
87 17
87 18
86 19
86 20
86 21
86 21
85 22
84 23
84 23
83 24
83 25
82 26
82 26
81 27
81 28
80 29
80 29
79 30
78 31
77 32
77 32
76 33
76 34
76 34
76 33
76 32
76 31
76 30
76 29
76 28
76 27
76 26
76 25
76 24
76 23
76 22
76 21
76 20
76 19
76 19
77 18
78 17
78 17
79 17
79 17
79 18
79 18
80 19
80 20
80 20
81 21
81 21
82 22
83 23
83 23
83 24
84 25
84 26
84 26
85 27
85 28
85 28
86 29
86 30
87 31
87 31
88 32
89 33
89 33
90 34
91 35
91 35
92 36
92 36
93 37
94 37
94 37
95 38
96 38
96 38
97 38
98 38
98 38
99 38
99 38
100 38
100 38
99 39
98 40
97 40
96 41
95 42
94 43
93 43
92 44
91 45
90 46
89 46
88 47
87 48
86 49
85 49
84 50
84 50
83 51
82 52
81 53
80 54
79 55
78 56
78 56
77 57
76 58
76 58
75 59
75 59
75 60
75 60
75 60
75 60
76 59
76 59
77 58
77 58
78 57
79 57
79 57
80 56
81 55
81 55
82 54
83 53
83 53
84 52
85 51
85 51
86 50
87 50
88 49
88 49
89 48
90 48
90 48
91 47
92 46
92 46
93 45
93 45
94 44
94 43
94 43
93 42
92 41
91 41
90 40
89 39
88 38
87 38
86 37
85 36
85 36
85 35
85 35
85 35
85 36
85 36
85 37
85 38
85 38
85 39
85 40
85 41
85 41
85 42
85 43
85 44
85 45
85 45
85 46
85 47
85 48
85 49
85 49
85 50
85 51
85 52
85 53
85 54
85 55
85 55
85 56
85 57
85 58
85 59
85 60
85 61
85 61
85 62
85 63
85 64
85 65
85 66
85 67
85 68
85 68
85 69
85 70
85 71
85 72
85 73
85 74
85 75
85 75
85 76
85 77
85 78
85 79
85 80
85 81
85 81
85 82
85 83
85 84
85 85
85 86
85 87
85 88
85 88
85 89
85 90
85 91
85 92
85 93
85 94
85 94
85 95
85 96
85 97
85 98
85 99
85 100
