0 7
1 7
2 8
3 8
4 8
4 8
4 7
5 6
5 5
5 5
5 4
5 3
5 3
5 2
5 1
5 1
6 2
6 2
7 3
8 3
8 3
9 4
9 5
9 5
10 6
10 6
10 7
9 8
9 9
9 10
8 11
8 12
7 13
7 14
7 15
6 16
6 17
6 18
5 19
5 20
5 21
4 22
4 23
3 24
3 25
3 26
2 27
2 28
2 28
1 29
1 30
1 30
1 30
2 29
2 28
2 28
3 27
3 27
4 26
5 26
5 26
6 26
7 26
8 26
8 26
9 26
10 26
11 26
11 26
12 27
12 28
13 29
13 29
13 30
14 31
14 32
14 32
14 33
14 34
15 35
15 36
15 37
15 38
15 38
15 39
15 40
15 41
15 42
15 43
15 44
15 44
15 45
15 46
15 47
15 48
15 49
15 50
15 51
15 51
15 52
15 53
15 54
15 55
15 56
15 56
15 57
14 58
14 59
14 60
14 60
13 61
12 62
12 62
11 63
10 64
10 64
9 65
8 66
8 66
7 67
6 67
6 67
5 67
4 67
4 67
3 66
2 66
2 66
2 65
1 64
1 63
1 63
1 62
0 61
0 60
0 60
0 59
0 58
0 57
0 57
0 56
0 55
0 55
1 54
1 53
2 52
2 52
3 52
4 51
5 51
5 51
6 51
7 50
8 50
9 50
9 50
10 50
11 51
12 51
13 51
13 51
14 51
15 52
16 52
17 52
17 52
18 52
19 52
20 53
21 53
22 53
22 53
23 53
24 54
25 54
26 54
26 54
27 54
28 54
29 54
29 54
30 54
31 54
31 54
32 53
33 53
33 53
33 52
33 52
34 51
34 51
34 50
34 49
34 48
34 47
34 46
34 45
34 44
34 43
35 42
35 41
35 40
35 39
35 38
35 37
35 36
35 35
35 34
35 33
35 33
35 32
35 31
35 30
35 29
35 28
35 27
35 26
35 25
35 24
35 24
35 23
35 22
35 22
34 22
34 22
34 22
35 23
35 23
35 24
35 25
35 26
35 26
35 27
35 28
35 29
35 29
35 30
35 31
35 32
35 33
35 33
36 34
36 35
36 35
36 36
36 37
36 37
36 37
37 37
37 37
37 36
37 36
37 35
38 34
38 33
38 33
38 32
39 31
39 30
39 29
39 29
39 29
39 28
39 27
40 26
40 25
40 24
40 23
40 22
41 21
41 20
41 19
41 18
41 17
41 16
42 15
42 14
42 13
42 13
42 12
43 11
43 10
43 9
43 9
43 9
43 9
44 10
44 11
44 11
44 12
44 13
44 14
44 15
44 15
44 16
44 17
44 18
45 19
45 20
45 21
45 22
45 22
45 23
45 24
45 25
45 26
45 27
45 28
45 29
45 30
45 31
45 32
45 32
45 33
45 34
45 35
45 36
45 37
45 38
45 39
45 40
45 41
45 42
45 43
45 44
45 44
45 45
45 46
45 47
45 48
45 49
45 50
45 51
45 52
45 53
45 54
45 55
45 55
45 56
45 57
45 58
45 59
45 60
45 61
45 62
45 63
45 64
45 65
45 66
45 66
45 67
45 68
45 69
45 70
45 71
45 72
45 73
45 73
45 74
45 75
46 76
46 77
46 78
46 79
46 79
46 80
46 81
46 82
46 83
46 84
46 84
46 85
46 86
46 87
46 87
46 88
46 88
46 88
46 87
47 86
47 85
47 84
48 83
48 82
48 81
49 80
49 79
49 78
49 77
50 76
50 75
50 74
51 73
51 72
51 71
52 70
52 69
52 68
53 67
53 66
53 65
54 64
54 63
54 62
54 61
55 60
55 59
55 58
56 57
56 56
56 55
57 54
57 53
57 52
58 51
58 50
58 49
59 48
59 47
59 46
59 45
60 44
60 43
60 42
61 41
61 40
61 39
62 38
62 37
62 36
63 35
63 34
63 33
64 32
64 31
64 30
64 29
65 28
65 27
65 26
66 25
66 24
66 23
67 22
67 21
67 20
68 19
68 18
68 17
69 16
69 15
69 14
69 13
70 12
70 11
70 10
71 9
71 8
71 7
72 6
72 5
72 5
73 4
74 4
75 3
75 3
74 2
74 1
74 1
74 0
74 0
73 1
72 2
72 2
72 3
71 4
71 5
71 6
71 6
70 7
70 8
69 9
69 10
69 10
69 11
68 12
68 13
68 14
67 15
67 16
67 16
66 17
66 18
65 19
65 20
65 20
64 21
63 22
63 23
62 24
62 24
62 25
61 26
61 27
61 27
60 28
60 29
60 29
60 29
61 28
61 27
62 26
62 25
63 24
63 23
64 22
64 21
65 20
65 19
65 19
66 19
67 19
68 19
68 19
68 19
68 20
68 21
68 22
68 22
68 23
68 24
67 25
67 26
67 27
67 27
67 28
67 29
67 30
67 31
67 32
67 33
67 33
67 34
67 35
67 36
67 37
67 37
67 38
67 39
67 40
67 40
67 41
67 41
68 42
68 42
68 42
68 41
69 40
69 39
70 38
70 37
71 36
71 35
72 34
72 33
73 32
73 31
73 30
74 29
74 28
75 27
75 26
76 25
76 24
77 23
77 22
78 21
78 20
78 19
79 18
79 17
80 16
80 15
81 14
81 13
82 12
82 11
83 10
83 9
83 9
84 9
85 8
86 8
87 7
88 7
88 7
88 6
88 6
88 6
87 7
87 8
87 8
87 9
87 10
86 11
86 12
86 13
86 13
85 14
85 15
84 16
84 17
84 17
84 18
83 19
83 20
82 21
82 22
82 22
81 23
81 24
81 24
80 25
79 26
79 26
78 27
78 27
78 26
78 25
78 24
79 23
79 22
79 21
79 20
79 19
79 18
79 17
80 16
80 15
80 14
80 13
80 12
80 11
80 10
80 9
81 8
81 7
81 6
81 5
81 5
81 6
82 7
82 8
82 8
82 9
82 10
82 10
82 11
82 12
82 12
82 13
82 14
83 15
83 16
83 17
83 17
83 18
83 19
83 20
83 21
83 21
84 22
84 23
85 24
85 24
86 25
87 26
87 26
88 27
89 27
89 27
90 27
91 27
92 27
92 27
93 27
94 27
94 27
95 27
96 26
97 26
97 26
98 26
98 26
99 26
100 26
100 26
99 27
98 28
97 28
96 29
95 30
94 31
93 32
92 33
91 33
90 34
89 35
88 36
87 37
86 37
85 38
84 39
83 40
82 41
81 41
80 42
79 43
78 44
77 45
76 46
75 46
74 47
73 48
73 48
72 49
71 50
71 51
70 52
69 53
68 54
68 55
67 56
66 57
66 57
65 56
64 56
64 56
63 56
62 56
62 56
62 56
63 57
64 57
64 57
65 57
66 57
67 57
67 57
68 57
69 56
70 56
70 56
71 56
72 55
73 55
74 54
75 54
75 54
76 53
77 53
78 52
79 52
79 52
80 52
81 51
82 51
82 51
83 51
84 50
85 50
85 50
86 49
87 49
87 49
87 48
87 48
86 47
85 46
84 45
83 44
82 43
81 42
81 42
80 41
79 40
78 39
78 39
77 39
77 39
76 39
76 39
76 40
75 41
75 42
75 42
75 43
75 44
75 45
75 46
75 47
75 47
75 48
75 49
75 50
75 51
75 52
75 53
75 53
75 54
75 55
75 56
75 57
75 58
75 59
75 60
75 60
75 61
75 62
75 63
75 64
75 65
75 66
75 67
75 68
75 68
75 69
75 70
75 71
75 72
75 73
75 74
75 75
75 76
75 77
75 77
75 78
75 79
75 80
75 81
75 82
75 83
75 84
75 85
75 85
75 86
75 87
76 88
76 89
76 90
76 91
76 91
76 92
76 93
76 94
76 95
76 96
76 97
76 97
76 98
76 99
76 100
