4 15
5 16
6 16
6 16
5 15
5 14
5 14
6 13
6 13
6 12
6 12
7 12
8 12
8 12
9 13
9 14
9 14
10 15
11 16
11 16
12 17
12 17
12 18
11 19
11 20
10 21
10 22
9 23
9 24
9 25
8 26
8 27
7 28
7 29
6 30
6 31
5 32
5 33
5 34
4 35
4 36
3 37
3 38
2 39
2 40
2 40
1 41
0 42
0 42
0 41
0 41
0 40
0 40
1 39
1 39
2 38
3 38
4 37
4 37
5 36
6 36
7 35
7 35
8 35
9 35
10 35
11 35
11 35
12 35
13 35
13 35
14 36
15 37
15 37
16 38
16 39
17 40
17 40
17 41
18 42
18 43
18 44
18 44
18 45
18 46
19 47
19 48
19 49
19 49
19 50
19 51
19 52
19 53
19 53
19 54
19 55
18 56
18 57
18 58
18 58
17 59
17 60
16 61
16 61
16 62
15 63
15 64
15 64
14 65
13 66
12 67
12 67
11 68
11 69
10 70
10 70
9 70
8 71
7 71
7 71
6 71
5 72
4 72
4 72
3 71
3 70
3 70
2 69
2 68
1 67
1 67
1 66
1 65
1 64
1 63
1 63
1 62
1 61
1 60
1 59
1 59
1 58
2 57
2 56
2 56
3 55
4 55
5 54
5 54
6 53
7 53
8 52
8 52
9 52
10 52
11 52
11 52
12 52
13 52
14 52
15 52
15 52
16 52
17 53
18 53
19 53
19 53
20 53
21 54
22 54
23 54
23 54
24 55
25 56
25 56
26 56
27 57
28 57
28 57
29 57
29 57
30 58
30 58
31 57
31 57
31 56
31 56
32 55
32 54
32 54
32 53
33 52
33 51
33 50
33 50
33 49
33 48
33 47
33 46
33 45
33 45
33 44
33 43
33 42
33 41
33 40
33 39
33 38
33 38
33 37
33 36
33 35
34 34
34 33
34 32
34 31
34 31
34 30
34 29
34 28
34 27
34 27
34 26
34 25
34 25
34 25
34 25
35 26
35 26
35 27
35 28
35 28
35 29
36 30
36 31
36 32
36 32
36 33
36 34
36 35
36 35
36 36
36 37
36 38
36 39
36 39
37 40
37 41
37 41
37 41
37 41
38 41
38 41
39 40
39 39
39 39
39 38
40 37
40 36
40 35
40 35
40 34
41 33
41 32
42 31
42 30
42 30
42 29
42 28
42 27
43 26
43 25
43 24
43 23
43 23
43 22
43 21
43 20
44 19
44 18
44 17
44 16
44 16
44 15
44 14
44 13
45 12
45 11
45 10
45 9
45 9
45 8
45 7
46 6
46 5
46 4
46 4
46 3
46 2
46 1
46 1
46 0
46 0
46 1
46 1
47 2
47 2
47 3
47 4
47 5
47 6
47 6
47 7
47 8
46 9
46 10
46 11
46 12
46 12
46 13
46 14
46 15
46 16
46 17
46 18
46 19
46 20
46 21
46 22
46 23
46 24
46 24
46 25
46 26
46 27
45 28
45 29
45 30
45 31
45 32
45 33
45 34
44 35
44 36
44 37
44 38
44 38
44 39
44 40
44 41
44 42
44 43
44 44
44 45
43 46
43 47
43 48
43 49
43 50
43 51
43 52
43 53
43 54
43 54
43 55
43 56
43 57
43 58
43 59
43 60
43 61
43 62
43 63
43 64
43 65
43 66
43 66
43 67
43 68
43 69
43 70
44 71
44 72
44 73
44 74
44 75
44 75
44 76
44 77
44 78
44 79
44 80
44 81
44 82
44 83
44 83
44 84
44 85
44 86
44 87
44 88
44 89
44 89
44 90
44 91
45 92
45 93
45 94
45 94
45 95
45 96
45 97
45 98
45 99
45 99
45 100
45 100
46 100
46 100
46 99
47 98
47 97
47 96
47 95
48 94
48 93
48 92
49 91
49 90
49 89
50 88
50 87
50 86
50 85
51 84
51 83
51 82
52 81
52 80
52 79
52 78
53 77
53 76
53 75
54 74
54 73
54 72
54 71
55 70
55 69
55 68
56 67
56 66
56 65
57 64
57 63
57 62
57 61
58 60
58 59
58 58
59 57
59 56
59 55
59 54
60 53
60 52
60 51
61 50
61 49
61 48
62 47
62 46
62 45
62 44
63 43
63 42
63 41
64 40
64 39
64 38
64 37
65 36
65 35
65 34
66 33
66 32
66 31
67 30
67 29
67 28
67 27
68 26
68 25
68 24
69 23
69 22
69 21
69 20
70 19
70 18
70 17
71 16
71 15
71 14
71 13
72 12
72 11
72 10
73 9
73 8
73 7
74 6
74 5
74 4
74 3
75 2
75 1
75 1
74 2
74 3
74 3
73 2
73 2
73 1
73 1
72 2
72 3
71 4
71 4
71 5
70 6
70 7
70 8
69 9
69 10
69 10
69 11
68 12
68 13
68 14
68 15
67 16
67 17
67 18
67 18
67 19
66 20
66 21
66 22
65 23
65 24
65 25
64 26
64 27
64 27
64 28
63 29
63 30
63 31
62 32
62 33
62 33
62 34
61 35
61 36
61 37
61 37
60 38
60 39
60 39
59 40
59 40
59 40
60 40
60 40
60 39
61 38
61 37
62 36
62 35
62 34
63 33
63 32
63 32
63 31
64 30
64 29
64 28
64 27
65 26
65 25
65 25
66 25
67 25
67 25
67 25
67 26
67 27
67 27
67 28
68 29
68 30
68 31
68 31
68 32
68 33
68 34
68 35
68 35
68 36
68 37
67 38
67 39
67 40
67 40
67 41
67 42
67 43
67 43
67 44
67 45
67 45
67 46
67 46
68 46
68 46
69 46
69 46
69 45
70 44
70 43
71 42
71 41
72 40
72 39
73 38
73 37
74 36
74 35
74 34
75 33
75 32
76 31
76 30
77 29
77 28
78 27
78 26
79 25
79 24
79 23
80 22
80 21
81 20
81 19
82 18
82 17
83 16
83 15
84 14
84 13
84 13
85 12
86 11
87 10
88 9
89 8
89 8
89 7
89 7
88 7
88 7
88 8
88 9
88 10
88 10
88 11
87 12
87 13
87 14
87 14
87 15
86 16
86 17
85 18
85 19
85 19
85 20
84 21
84 22
83 23
83 24
83 24
83 25
82 26
82 27
81 28
81 29
81 29
80 30
80 31
79 32
79 32
78 33
77 33
77 33
77 34
77 34
76 34
76 34
76 33
76 32
76 31
76 30
76 29
76 28
76 27
76 26
76 25
76 24
76 23
76 22
76 21
76 20
76 19
76 18
76 17
76 16
76 16
77 15
77 14
78 13
78 12
78 12
78 12
78 12
79 13
79 14
79 14
79 15
79 16
79 17
79 18
79 18
79 19
79 20
80 21
80 22
80 23
80 23
80 24
80 25
80 26
80 27
80 27
80 28
81 29
81 30
81 31
81 31
82 32
83 33
83 33
84 34
85 35
85 35
86 36
87 36
87 36
88 37
89 37
89 37
90 36
91 36
91 36
92 36
93 35
94 35
94 35
95 35
96 34
97 34
97 34
98 33
98 32
98 32
99 31
99 31
99 31
99 31
98 32
97 33
96 34
95 35
94 36
93 37
92 38
91 39
90 40
89 41
88 42
87 43
86 44
85 45
84 45
83 46
82 47
81 48
80 49
79 50
78 51
77 52
76 53
75 54
74 55
73 56
72 57
71 58
70 59
70 59
69 60
69 61
68 62
67 63
66 64
66 65
65 66
65 66
64 66
63 66
63 66
63 67
63 67
64 67
64 67
65 67
66 67
66 67
67 67
68 67
69 67
69 67
70 66
71 66
72 65
72 65
73 65
74 64
75 64
76 64
76 64
77 63
78 63
79 62
80 62
80 62
81 62
82 61
83 61
83 61
84 61
85 60
86 60
86 60
87 59
88 58
88 58
89 57
90 57
90 57
90 57
90 56
90 56
89 56
89 56
88 55
87 55
87 55
86 54
85 53
85 53
84 52
83 52
83 52
82 51
81 50
81 50
80 49
80 48
80 48
79 48
79 48
79 48
79 49
79 50
79 50
79 51
78 52
78 53
78 54
78 54
78 55
78 56
78 57
78 58
78 59
78 60
78 60
78 61
78 62
78 63
78 64
78 65
78 66
78 67
78 67
78 68
78 69
78 70
78 71
78 72
78 73
78 74
78 75
78 75
78 76
78 77
78 78
78 79
78 80
78 81
78 82
78 82
78 83
78 84
79 85
79 86
79 87
79 88
79 88
79 89
79 90
79 91
79 92
79 93
79 93
79 94
80 95
80 96
80 97
80 97
80 98
