9 23
9 22
9 22
9 21
9 21
9 21
9 21
10 21
10 21
11 21
11 21
12 21
12 21
12 22
12 22
13 22
13 22
12 23
12 24
12 24
11 25
11 26
10 27
10 28
9 29
8 30
8 31
7 32
7 33
6 34
6 34
5 35
5 36
4 37
4 38
4 38
3 38
3 38
3 38
3 38
4 37
4 37
5 37
5 37
6 37
6 37
7 37
8 37
8 37
9 38
9 39
9 39
10 40
10 41
10 41
11 42
11 43
11 43
11 44
11 45
11 46
11 46
11 47
11 48
11 49
11 50
11 50
11 51
10 52
10 53
10 53
9 54
9 55
9 55
9 56
8 57
8 58
8 58
7 59
7 60
7 60
6 61
5 62
5 62
4 63
4 63
3 64
2 64
2 64
1 63
1 63
0 62
0 62
0 61
0 60
0 59
0 59
0 58
0 57
0 56
0 56
0 55
0 54
0 53
0 53
1 52
1 51
1 51
2 50
3 50
3 50
4 49
5 48
5 48
6 48
7 48
7 48
8 48
9 47
10 47
10 47
11 47
12 47
12 47
13 47
14 47
15 47
15 47
16 48
17 48
17 48
18 48
19 48
19 48
20 47
21 47
21 47
22 47
22 47
23 46
23 46
24 45
24 44
24 44
25 43
25 42
25 42
25 41
25 40
25 39
25 39
25 38
25 37
25 36
25 36
25 35
25 34
25 33
25 33
25 32
25 32
25 32
24 32
24 32
24 33
24 34
24 34
24 35
24 36
24 36
24 37
24 38
24 38
24 39
24 40
24 40
24 41
24 41
24 42
24 42
25 42
25 42
25 41
25 41
26 40
26 39
26 39
26 38
27 37
27 36
27 36
27 35
27 34
28 33
28 32
28 31
28 31
28 30
28 29
29 28
29 27
29 26
29 26
29 25
29 24
29 23
30 22
30 21
30 20
30 19
30 19
30 18
30 17
31 16
31 15
31 14
31 14
31 13
31 12
32 11
32 10
32 9
32 9
32 8
32 8
32 8
32 8
32 9
32 10
32 10
32 11
32 12
32 13
32 14
32 15
32 15
32 16
32 17
32 18
32 19
32 20
32 21
32 22
32 22
32 23
32 24
32 25
32 26
33 27
33 28
33 29
33 30
33 31
33 32
33 32
33 33
33 34
33 35
33 36
33 37
33 38
33 39
33 40
33 41
33 42
33 43
33 44
33 44
33 45
33 46
33 47
33 48
33 49
33 50
33 51
33 52
33 53
33 54
33 55
33 56
33 56
33 57
33 58
33 59
33 60
33 61
33 62
33 63
33 64
33 65
33 66
33 66
33 67
33 68
33 69
33 70
33 71
33 72
33 73
33 74
33 74
33 75
33 76
33 77
33 78
33 79
33 80
33 81
33 81
33 82
33 83
33 84
33 85
33 86
33 86
33 87
33 88
33 89
33 90
33 90
33 91
33 92
33 92
33 91
34 90
34 89
35 88
35 87
35 86
36 85
36 84
37 83
37 82
37 81
38 80
38 79
39 78
39 77
39 76
40 75
40 74
41 73
41 72
41 71
42 70
42 69
42 68
43 67
43 66
44 65
44 64
44 63
45 62
45 61
46 60
46 59
46 58
47 57
47 56
48 55
48 54
48 53
49 52
49 51
50 50
50 49
50 48
51 47
51 46
52 45
52 44
52 43
53 42
53 41
54 40
54 39
54 38
55 37
55 36
56 35
56 34
56 33
57 32
57 31
58 30
58 29
58 28
59 27
59 26
59 25
60 24
60 23
61 22
61 21
61 20
62 19
62 18
63 17
63 16
63 15
64 14
64 13
65 12
65 11
65 10
66 9
66 8
67 7
67 6
67 6
68 5
68 4
68 4
69 3
69 2
69 2
69 1
69 0
69 0
69 0
69 1
69 2
69 2
69 3
69 4
69 4
69 5
68 6
68 7
68 8
68 8
68 9
68 10
67 11
67 12
67 13
67 13
67 14
66 15
66 16
65 17
65 18
65 18
65 19
65 20
64 21
64 22
64 23
64 23
63 24
63 25
62 26
62 27
62 27
61 28
61 29
60 30
60 30
60 31
60 31
59 32
59 32
59 33
59 33
59 33
59 32
59 32
59 31
60 30
60 29
61 28
61 27
62 26
62 25
62 25
63 24
63 23
64 22
64 22
64 22
65 23
65 24
65 24
65 25
65 26
65 27
65 27
65 28
65 29
65 30
65 31
65 31
65 32
66 33
66 34
66 34
66 35
66 36
66 37
66 38
66 38
66 39
66 40
66 41
66 41
66 42
66 43
66 43
67 43
67 43
67 44
67 44
68 44
68 44
69 43
70 42
70 42
71 41
71 40
72 39
72 38
73 37
73 36
74 35
74 34
75 33
75 32
76 31
76 31
76 30
77 29
77 28
77 27
78 26
78 25
79 24
79 23
79 22
80 21
80 20
80 20
81 19
81 18
82 17
82 16
82 16
82 15
83 14
83 13
83 13
83 13
84 14
84 14
83 15
83 16
83 16
83 17
83 18
83 19
83 19
82 20
82 21
81 22
81 23
81 23
81 24
80 25
80 26
80 27
80 27
79 28
79 29
78 30
78 30
77 31
77 32
77 32
76 33
76 34
76 34
75 34
75 34
74 34
74 34
73 33
73 33
73 32
73 31
73 31
73 30
73 29
73 28
73 28
73 27
72 26
72 25
72 25
72 24
72 23
72 22
72 22
72 21
72 20
72 20
73 19
73 19
74 19
74 19
75 20
75 20
76 21
77 22
77 22
78 23
78 24
79 25
79 25
80 26
81 26
82 27
82 27
83 28
84 28
85 29
85 29
86 30
87 30
87 30
88 30
89 30
90 30
90 30
91 30
92 30
93 30
93 30
94 30
95 30
96 30
96 30
97 29
98 29
98 29
99 29
99 29
100 29
100 29
100 28
100 28
99 28
99 28
98 29
97 29
96 30
95 30
94 31
93 31
92 32
91 33
90 33
89 34
88 34
87 35
86 36
85 36
84 37
83 37
82 38
81 38
80 39
79 40
78 40
77 41
76 41
75 42
74 43
73 43
72 44
71 44
70 45
69 45
68 46
68 46
67 47
66 48
65 49
64 50
63 51
62 52
62 52
61 53
60 53
60 53
59 53
58 53
58 53
59 53
59 53
60 53
60 53
61 53
62 53
63 53
64 53
64 53
65 53
66 52
67 52
67 52
68 52
69 51
70 51
71 51
71 51
72 50
73 50
74 49
75 49
75 49
76 49
77 48
78 48
78 48
79 47
80 47
81 46
82 46
82 46
83 45
84 44
84 44
85 44
86 43
87 43
87 43
88 42
88 42
89 41
89 41
89 40
89 40
88 39
87 39
86 38
85 37
84 36
83 36
82 35
82 35
81 34
80 33
79 32
79 32
78 32
78 32
77 33
77 34
77 34
77 35
76 36
76 37
76 38
76 38
76 39
76 40
76 41
76 42
76 43
76 44
76 45
76 46
76 46
76 47
76 48
76 49
76 50
76 51
76 52
76 53
76 54
76 55
76 56
76 56
76 57
76 58
76 59
76 60
76 61
76 62
76 63
76 64
76 65
76 66
76 67
76 67
76 68
76 69
76 70
76 71
76 72
77 73
77 74
77 75
77 76
77 77
77 78
77 78
77 79
77 80
77 81
77 82
78 83
78 84
78 85
78 86
78 87
78 87
78 88
78 89
78 90
79 91
79 92
79 93
79 94
79 95
79 95
79 96
79 97
80 98
80 99
80 100
