9 13
10 13
10 13
10 12
10 12
9 12
9 12
10 12
10 12
10 12
11 13
11 13
11 14
11 14
12 15
12 16
12 16
12 17
11 18
11 19
10 20
10 21
10 22
9 23
9 24
8 25
8 26
8 26
7 27
7 28
6 29
6 30
6 30
5 31
4 31
4 31
4 32
4 32
3 32
3 32
3 32
4 32
4 32
5 31
5 30
5 30
6 30
7 30
7 30
8 30
9 30
9 30
10 31
11 31
11 31
12 32
13 33
13 33
13 34
14 35
14 36
14 36
14 37
15 38
15 39
15 39
15 40
15 41
15 42
15 43
15 44
15 44
15 45
14 46
14 47
14 48
14 48
14 49
13 50
13 51
13 51
13 52
12 53
12 54
12 54
11 55
11 56
10 57
10 57
9 58
8 59
8 59
7 60
7 61
6 62
6 62
5 63
4 63
4 63
3 63
2 63
2 63
1 63
1 63
0 62
0 61
0 61
0 60
0 59
0 59
0 58
0 57
0 56
0 56
0 55
1 54
1 53
1 53
2 52
2 51
2 51
3 50
3 49
4 48
4 48
5 48
6 47
7 47
7 47
8 47
9 46
10 46
10 46
11 46
12 45
13 45
13 45
14 45
15 45
16 45
16 45
17 45
18 45
19 45
19 45
20 45
21 45
21 45
22 44
23 44
23 44
24 44
25 44
25 44
26 44
26 44
27 43
27 42
27 42
27 41
27 40
27 40
27 39
28 38
28 37
28 37
28 36
28 35
28 34
28 34
28 33
28 32
28 31
28 31
28 30
28 29
28 28
28 28
28 27
28 26
28 26
28 26
28 27
28 27
28 28
28 28
28 29
28 30
28 31
28 31
28 32
28 33
28 34
28 35
28 35
28 36
28 37
28 37
28 38
28 39
28 40
28 40
28 41
28 42
28 42
28 42
28 42
28 41
28 41
28 40
29 39
29 38
29 38
29 37
30 36
30 35
30 34
30 34
30 33
30 32
31 31
31 30
31 29
31 29
31 28
31 27
31 26
31 25
31 24
31 23
31 23
31 22
31 21
31 20
32 19
32 18
32 17
32 16
32 16
32 15
32 14
33 13
33 12
33 11
33 10
33 10
33 9
34 8
34 7
34 7
34 6
34 5
34 5
34 6
34 6
34 6
34 7
34 8
34 9
34 10
34 10
34 11
34 12
34 13
34 14
34 15
34 15
34 16
34 17
34 18
34 19
35 20
35 21
35 22
35 23
35 24
35 25
35 25
35 26
35 27
35 28
35 29
35 30
35 31
35 32
35 33
35 34
35 35
35 36
35 37
35 37
35 38
35 39
35 40
35 41
35 42
35 43
36 44
36 45
36 46
36 47
36 48
36 49
36 50
36 51
36 51
36 52
36 53
36 54
36 55
36 56
36 57
36 58
36 59
36 60
36 61
36 62
36 63
36 64
36 64
36 65
36 66
36 67
36 68
36 69
37 70
37 71
37 72
37 73
37 74
37 75
37 75
37 76
37 77
37 78
37 79
37 80
37 81
37 82
37 83
37 83
37 84
37 85
37 86
37 87
37 88
37 89
37 89
37 90
37 91
37 92
37 93
37 94
37 95
37 95
37 96
37 97
37 98
37 99
37 99
36 100
36 100
36 99
37 98
37 97
37 96
38 95
38 94
38 93
38 92
39 91
39 90
39 89
40 88
40 87
40 86
41 85
41 84
41 83
41 82
42 81
42 80
42 79
43 78
43 77
43 76
44 75
44 74
44 73
44 72
45 71
45 70
45 69
46 68
46 67
46 66
47 65
47 64
47 63
47 62
48 61
48 60
48 59
49 58
49 57
49 56
50 55
50 54
50 53
50 52
51 51
51 50
51 49
52 48
52 47
52 46
53 45
53 44
53 43
53 42
54 41
54 40
54 39
55 38
55 37
55 36
56 35
56 34
56 33
56 32
57 31
57 30
57 29
58 28
58 27
58 26
59 25
59 24
59 23
59 22
60 21
60 20
60 19
61 18
61 17
61 16
62 15
62 14
62 13
62 12
63 11
63 10
63 9
64 8
64 7
64 6
65 5
65 4
65 3
65 2
66 1
66 0
66 0
67 1
67 1
66 2
66 2
66 3
65 4
65 5
65 5
65 6
64 7
64 8
64 8
64 9
63 10
63 11
62 12
62 13
62 13
61 14
61 15
60 16
60 17
60 17
60 18
59 19
59 20
59 21
58 22
58 23
58 23
58 24
57 25
57 26
57 26
56 27
55 28
55 28
55 29
55 29
55 29
55 29
55 28
56 27
56 26
56 25
57 24
57 23
57 23
57 22
58 21
58 20
58 19
58 19
59 19
59 19
60 19
60 19
60 20
60 21
60 21
60 22
61 23
61 24
61 25
61 25
61 26
61 27
61 28
61 29
61 30
61 30
61 31
61 32
61 33
61 34
61 34
61 35
62 36
62 37
62 37
62 38
62 39
62 39
63 40
63 41
63 41
63 41
64 41
64 41
64 40
65 39
65 38
66 37
66 36
66 35
67 34
67 33
68 32
68 31
68 30
69 29
69 28
70 27
70 26
71 25
71 24
71 23
72 22
72 21
73 20
73 19
73 18
74 17
74 16
75 15
75 14
75 13
76 12
76 11
77 10
77 9
77 9
78 8
78 7
79 6
79 5
80 4
80 3
80 3
80 3
80 4
80 4
80 5
80 6
80 6
80 7
79 8
79 9
79 10
79 10
79 11
78 12
78 13
78 14
78 14
78 15
77 16
77 17
77 17
76 18
76 19
75 20
75 21
75 21
74 22
74 23
73 24
73 24
73 25
72 26
72 27
72 27
71 28
71 28
70 28
70 28
69 28
69 28
68 27
68 26
68 26
68 25
68 24
68 23
68 22
69 21
69 20
69 19
69 18
69 17
69 16
69 15
69 14
69 13
69 12
70 11
70 10
70 9
70 8
70 7
70 7
71 7
72 7
72 7
73 8
73 8
74 9
74 9
75 10
75 11
76 12
76 12
77 13
77 14
78 15
78 15
79 16
80 16
81 17
81 17
82 18
83 18
84 19
84 19
85 19
86 20
87 20
87 20
88 20
89 20
90 20
90 20
91 20
92 20
93 20
93 20
94 20
95 20
96 20
96 20
97 20
98 20
98 20
99 19
99 19
100 19
100 19
99 19
99 19
98 20
97 20
96 21
95 22
94 22
93 23
92 24
91 24
90 25
89 26
88 27
87 27
86 28
85 29
84 29
83 30
82 31
81 31
80 32
79 33
78 33
77 34
76 35
75 35
74 36
73 37
72 37
71 38
70 39
69 40
68 40
67 41
66 42
65 42
64 43
63 44
62 44
61 45
61 45
60 46
59 47
58 48
57 48
56 49
55 50
54 51
54 51
53 51
52 51
52 51
51 51
51 51
52 50
53 50
53 50
54 50
55 49
56 49
56 49
57 49
58 48
59 48
60 48
60 48
61 47
62 47
63 46
64 46
64 46
65 46
66 46
67 45
68 45
69 45
69 45
70 44
71 44
72 43
73 43
73 43
74 43
75 42
76 42
77 42
77 42
78 41
79 41
80 40
80 40
81 39
82 39
82 39
83 39
84 39
84 39
83 38
82 37
81 36
80 35
79 34
79 33
78 32
77 31
76 30
75 29
74 28
74 28
74 29
74 30
73 31
73 32
73 33
73 34
73 34
72 35
72 36
71 37
71 37
71 38
71 39
71 40
71 41
70 42
70 43
70 44
70 45
70 46
70 46
70 47
70 48
70 49
70 50
70 51
70 52
70 53
70 54
70 55
70 56
70 57
70 57
70 58
70 59
70 60
70 61
70 62
70 63
70 64
70 65
70 66
70 67
70 68
70 68
70 69
70 70
70 71
70 72
71 73
71 74
71 75
71 76
71 77
71 78
71 78
71 79
71 80
71 81
71 82
72 83
72 84
72 85
72 86
72 87
72 87
72 88
72 89
72 90
73 91
73 92
73 93
73 94
73 94
73 95
73 96
73 97
73 98
73 99
