6 10
6 9
6 9
6 9
6 9
6 9
7 10
7 10
7 11
7 11
8 12
8 12
8 13
8 13
9 14
9 14
10 15
10 15
11 16
11 16
11 16
12 17
12 17
11 18
10 19
9 20
8 21
7 22
6 23
5 24
4 25
3 26
2 27
1 28
0 29
0 29
0 30
0 31
0 31
0 30
0 29
0 29
0 29
0 29
1 29
1 29
2 28
3 28
3 28
4 27
5 27
5 27
6 26
7 26
7 26
8 26
9 26
9 26
10 26
10 26
11 27
12 27
12 27
13 28
13 28
14 29
14 30
14 30
14 31
14 32
14 32
14 33
14 34
14 34
14 35
14 36
14 37
14 37
14 38
13 39
13 40
13 41
13 41
13 42
12 43
12 44
12 44
12 45
11 46
11 47
11 47
10 48
9 49
9 49
8 50
8 51
8 51
7 52
7 52
6 52
6 52
5 51
5 51
5 50
5 50
5 49
5 48
5 48
6 47
6 47
7 46
7 45
7 45
8 44
8 44
9 44
9 44
10 43
11 43
11 43
12 43
13 43
13 43
14 42
15 42
15 42
16 42
17 42
17 42
18 43
19 43
19 43
20 43
21 43
21 43
22 43
23 43
23 43
24 44
24 44
25 44
25 44
26 44
27 44
27 44
28 43
28 43
28 42
28 41
28 41
28 40
29 39
29 38
29 38
30 37
30 36
30 36
30 35
30 34
30 33
30 32
30 32
30 31
30 30
30 29
30 29
30 28
30 27
30 26
30 25
30 25
30 24
30 23
30 22
30 22
30 21
30 20
30 19
30 19
30 18
30 17
30 17
30 16
30 16
30 16
30 17
30 17
30 18
30 18
30 19
30 20
30 20
30 21
30 22
30 22
30 23
30 24
30 25
30 26
30 26
30 27
30 28
30 29
30 29
30 30
30 31
30 32
30 33
30 33
30 34
30 35
30 36
30 37
30 37
30 38
30 39
30 40
30 40
30 41
30 42
30 42
30 43
30 43
31 44
31 44
31 44
32 43
32 42
32 42
32 41
32 40
32 39
32 39
33 38
33 37
34 36
34 35
34 35
34 34
35 33
35 32
35 31
36 30
36 29
36 29
36 28
37 27
37 26
37 25
38 24
38 23
38 23
38 22
39 21
39 20
39 19
39 18
40 17
40 16
40 16
40 15
41 14
41 13
42 12
42 11
42 11
42 10
43 9
43 8
44 7
44 6
44 6
44 5
45 4
45 3
45 3
45 2
45 2
45 2
45 2
45 3
45 4
45 4
45 5
45 6
45 7
45 7
45 8
45 9
45 10
45 11
45 11
45 12
45 13
45 14
45 15
45 15
45 16
45 17
45 18
45 19
45 20
45 20
45 21
45 22
45 23
45 24
45 25
45 26
45 26
45 27
45 28
45 29
45 30
45 31
45 32
45 33
45 34
45 34
45 35
45 36
45 37
45 38
45 39
45 40
45 41
45 42
45 43
45 43
45 44
45 45
45 46
45 47
45 48
45 49
45 50
45 51
45 51
45 52
45 53
45 54
44 55
44 56
44 57
44 58
44 59
44 59
44 60
44 61
44 62
44 63
44 64
44 65
44 66
44 67
44 68
44 68
44 69
44 70
44 71
44 72
44 73
44 74
44 74
44 75
44 76
44 77
44 78
44 79
44 80
44 81
44 81
44 82
44 83
44 84
44 85
44 86
44 86
44 85
45 84
45 83
46 82
46 81
46 80
47 79
47 78
47 77
48 76
48 75
49 74
49 73
49 72
50 71
50 70
50 69
51 68
51 67
52 66
52 65
52 64
53 63
53 62
54 61
54 60
54 59
55 58
55 57
55 56
56 55
56 54
57 53
57 52
57 51
58 50
58 49
58 48
59 47
59 46
60 45
60 44
60 43
61 42
61 41
62 40
62 39
62 38
63 37
63 36
63 35
64 34
64 33
65 32
65 31
65 30
66 29
66 28
66 27
67 26
67 25
68 24
68 23
68 22
69 21
69 20
70 19
70 18
70 17
71 16
71 15
71 14
72 13
72 12
73 11
73 10
73 9
74 8
74 7
74 6
75 5
75 4
76 3
76 2
76 2
77 1
78 1
78 1
77 0
77 0
77 1
77 1
76 2
76 3
76 3
76 4
75 5
75 6
75 6
75 7
74 8
74 9
74 9
73 10
73 11
72 12
72 12
72 13
71 14
71 15
71 15
70 16
70 17
69 18
69 18
68 19
68 20
67 21
67 21
66 22
65 23
65 23
64 24
64 25
64 25
63 26
63 26
63 27
63 27
64 26
65 25
65 24
66 23
67 22
68 21
68 20
69 19
70 18
70 18
71 18
71 18
71 19
71 19
71 20
71 21
71 21
71 22
71 23
71 23
71 24
71 25
71 26
71 26
71 27
70 28
70 29
70 30
70 30
70 31
69 32
69 33
69 33
69 34
69 35
69 36
69 36
69 37
68 38
68 39
68 39
68 40
68 41
68 41
69 40
69 39
70 38
71 37
71 36
72 35
73 34
73 33
74 32
75 31
76 30
76 29
77 28
78 27
78 26
79 25
80 24
80 23
81 22
82 21
82 20
83 19
84 18
84 17
85 16
86 15
87 14
87 13
88 12
89 11
89 10
90 9
91 8
91 7
92 6
92 6
93 6
93 6
93 6
93 6
93 7
93 7
92 8
92 9
92 9
91 10
91 10
91 11
91 12
91 12
90 13
89 14
89 14
89 15
88 16
88 17
88 17
88 18
87 19
87 20
87 20
86 21
85 22
85 22
84 23
83 24
83 24
82 25
81 26
81 26
80 27
80 28
80 28
79 29
78 29
78 29
78 28
78 27
78 26
78 25
78 24
78 23
78 22
78 21
78 20
78 19
78 18
78 17
78 16
78 15
78 14
78 13
78 13
79 13
80 13
80 13
80 13
81 14
81 14
82 15
82 16
82 16
83 17
83 18
83 18
84 19
84 20
84 20
85 21
85 22
85 22
86 23
86 24
86 24
87 25
87 26
87 26
88 27
88 28
88 28
89 29
89 29
90 30
91 31
91 31
92 31
92 31
93 31
94 31
94 31
95 30
96 30
96 30
97 29
98 28
98 28
99 27
100 27
100 27
99 28
98 29
97 29
96 30
95 31
94 32
93 33
92 33
91 34
90 35
89 36
88 37
87 38
86 38
85 39
84 40
83 41
82 42
81 42
80 43
79 44
78 45
77 46
76 46
75 47
74 48
74 48
74 49
73 50
73 51
73 52
72 53
72 54
72 54
71 54
71 54
71 54
71 54
72 53
73 53
73 53
74 52
75 52
75 52
76 51
77 51
78 50
78 50
79 49
80 49
80 49
81 48
82 48
83 47
83 47
84 46
85 46
86 45
86 45
87 45
88 44
89 44
89 44
90 43
91 42
91 42
92 41
93 41
94 40
94 40
95 39
95 39
96 38
96 38
95 37
94 37
93 36
92 35
91 35
90 34
89 33
88 33
87 32
87 32
86 33
85 34
85 34
84 35
84 35
84 35
84 36
83 37
83 38
83 38
83 39
83 40
83 41
83 41
83 42
83 43
83 44
83 45
83 46
83 46
83 47
83 48
83 49
83 50
83 50
83 51
83 52
83 53
83 54
83 55
83 56
83 57
83 57
83 58
83 59
83 60
82 61
82 62
82 63
82 64
82 64
82 65
82 66
82 67
82 68
82 69
82 70
82 71
82 71
82 72
82 73
82 74
81 75
81 76
81 77
81 78
81 79
81 79
81 80
81 81
81 82
81 83
81 84
81 85
81 86
81 86
81 87
81 88
81 89
81 90
81 91
81 92
81 93
81 94
81 94
81 95
81 96
81 97
81 98
81 99
81 100
