2 9
3 8
4 7
4 7
4 6
4 6
4 6
4 6
5 6
5 6
5 6
6 7
6 7
7 8
7 8
8 9
8 9
9 10
9 10
9 11
10 12
10 13
10 13
10 14
10 14
10 15
10 16
10 16
10 17
10 18
10 19
10 19
9 20
9 21
9 21
9 22
9 23
9 23
8 24
8 25
8 25
7 26
6 27
6 27
5 28
5 29
5 29
4 30
4 30
3 31
3 31
2 31
2 31
2 31
1 31
1 31
1 31
2 30
2 30
2 29
2 29
3 28
3 28
4 27
5 26
5 26
6 26
7 26
7 26
8 26
8 26
9 27
9 27
10 28
11 29
11 29
11 30
11 31
11 32
11 32
11 33
12 34
12 35
12 35
12 36
12 37
12 38
12 38
12 39
11 40
11 41
11 42
11 42
11 43
10 44
10 45
10 46
10 46
10 47
9 48
9 49
9 49
9 50
8 51
8 52
8 52
7 53
7 54
7 54
6 55
5 55
5 55
4 56
4 56
3 55
3 55
2 54
1 54
1 54
1 53
0 52
0 51
0 51
0 50
0 49
0 49
0 48
0 47
0 47
0 46
0 46
1 46
1 46
2 46
3 46
3 46
4 47
5 48
5 48
6 49
7 50
7 50
8 51
9 52
9 52
10 53
11 54
12 55
12 55
13 56
13 57
14 58
14 58
15 59
16 60
16 60
17 61
18 62
18 62
19 63
19 63
20 63
20 63
21 62
21 61
21 61
21 60
21 59
21 58
21 57
21 56
22 55
22 54
22 53
22 52
22 51
22 50
22 49
22 48
22 47
22 46
23 45
23 44
23 43
23 42
23 41
23 40
23 39
23 38
23 37
23 36
23 35
24 34
24 33
24 32
24 31
24 30
24 29
24 29
24 28
25 27
25 26
25 26
26 25
26 25
26 24
26 24
27 24
27 24
27 24
27 25
27 25
28 26
28 27
28 27
28 28
28 29
28 30
28 30
28 31
29 32
29 33
29 33
29 34
29 35
29 36
29 36
29 37
29 38
29 39
29 39
29 40
29 40
29 41
29 41
29 41
29 40
29 40
29 39
29 38
29 38
29 37
29 36
30 35
30 34
30 33
30 32
30 31
30 30
31 29
31 28
31 27
31 26
31 25
31 24
32 23
32 22
32 21
32 20
32 19
32 18
33 17
33 16
33 15
33 14
33 13
33 12
34 11
34 10
34 9
34 8
34 7
34 6
35 5
35 4
35 3
35 3
36 2
36 1
36 1
36 0
36 0
36 1
36 1
36 2
36 2
37 3
37 4
37 4
37 5
37 6
37 7
37 8
37 8
37 9
37 10
37 11
37 11
37 12
37 13
37 14
37 15
37 16
37 17
37 17
37 18
37 19
38 20
38 21
38 22
38 23
38 23
38 24
38 25
38 26
38 27
38 28
38 29
38 30
38 31
38 32
38 32
38 33
38 34
38 35
38 36
38 37
38 38
38 39
38 40
38 41
38 41
38 42
38 43
38 44
38 45
39 46
39 47
39 48
39 49
39 50
39 50
39 51
39 52
39 53
39 54
39 55
39 56
39 57
39 57
39 58
39 59
39 60
39 61
39 62
39 63
39 63
39 64
39 65
40 66
40 67
40 68
40 68
40 69
40 70
40 71
40 71
40 72
40 73
40 74
40 74
40 75
40 75
40 74
41 73
41 72
42 71
42 70
42 69
43 68
43 67
44 66
44 65
45 64
45 63
45 62
46 61
46 60
47 59
47 58
47 57
48 56
48 55
49 54
49 53
50 52
50 51
50 50
51 49
51 48
52 47
52 46
52 45
53 44
53 43
54 42
54 41
55 40
55 39
55 38
56 37
56 36
57 35
57 34
57 33
58 32
58 31
59 30
59 29
59 28
60 27
60 26
61 25
61 24
62 23
62 22
62 21
63 20
63 19
64 18
64 17
64 16
65 15
65 14
66 13
66 12
67 11
67 10
67 9
68 8
68 7
69 6
69 5
69 5
69 4
69 3
69 3
68 2
68 2
68 2
68 2
68 3
68 3
67 4
67 5
67 5
67 6
66 7
66 8
66 8
66 9
65 10
65 11
65 11
64 12
64 13
63 14
63 14
63 15
62 16
62 17
62 17
61 18
61 19
60 20
60 20
59 21
59 22
59 22
59 23
59 23
59 23
59 22
59 22
59 21
59 20
59 20
59 19
60 18
60 17
60 17
61 16
61 15
61 15
62 14
63 13
63 13
64 12
64 12
65 13
65 13
65 13
66 14
66 15
66 15
66 16
67 17
67 18
67 18
67 19
67 20
67 21
67 21
67 22
67 23
67 24
67 24
68 25
68 26
68 26
68 27
68 28
68 29
68 29
68 30
68 30
68 31
68 31
69 32
69 32
70 31
70 30
71 29
71 28
72 27
72 26
73 25
73 24
74 23
74 22
75 21
75 20
76 19
76 18
77 17
77 16
78 15
78 14
79 13
79 12
80 11
80 10
81 9
81 9
82 8
83 7
84 6
84 6
85 5
85 5
85 5
85 5
85 5
85 6
85 6
84 7
83 8
83 8
82 9
82 9
81 10
80 10
80 10
79 11
79 11
78 12
77 13
77 13
76 13
75 13
75 13
74 13
74 13
74 13
74 12
74 12
74 11
74 11
74 10
74 9
74 9
75 9
75 9
75 9
76 10
76 10
77 11
77 11
77 12
78 13
78 14
78 14
79 15
79 16
79 16
79 17
80 18
80 19
80 20
80 20
81 21
82 22
82 22
83 23
84 23
84 23
85 23
86 24
87 24
87 24
88 24
89 23
90 23
90 23
91 23
92 23
92 23
93 23
94 22
95 22
95 22
96 21
97 21
97 21
98 21
98 21
99 20
99 20
100 20
100 20
99 21
98 21
97 22
96 23
95 23
94 24
93 25
92 26
91 26
90 27
89 28
88 28
87 29
86 30
85 30
84 31
83 32
82 32
81 33
80 34
79 34
78 35
77 36
76 37
75 37
74 38
73 39
72 39
71 40
71 40
70 41
69 42
68 43
68 44
67 45
66 46
66 46
65 47
65 48
65 48
64 49
64 49
64 50
64 50
64 51
64 51
65 52
66 52
66 52
67 51
67 51
68 51
69 51
70 51
70 51
71 51
72 50
73 50
74 50
74 50
75 49
76 49
77 48
78 48
78 48
79 48
80 47
81 47
81 47
82 46
83 46
84 45
84 45
85 44
86 44
87 43
88 43
88 43
89 43
90 42
91 42
91 42
92 41
93 41
94 40
94 40
95 39
96 38
96 38
97 37
97 37
98 37
98 37
98 37
97 37
96 37
95 37
94 36
93 36
92 36
91 36
90 36
89 36
88 36
87 35
86 35
85 35
84 35
84 35
84 34
84 34
83 34
83 34
83 34
83 34
83 35
83 35
83 36
83 36
83 37
83 38
83 38
83 39
83 40
83 40
83 41
83 42
83 43
83 43
83 44
83 45
83 46
83 47
83 47
83 48
83 49
83 50
83 51
83 52
83 53
83 53
83 54
83 55
83 56
83 57
83 58
83 59
83 59
83 60
83 61
83 62
83 63
83 64
83 65
83 66
83 67
83 67
83 68
83 69
83 70
83 71
83 72
83 73
83 74
83 75
83 75
83 76
83 77
83 78
82 79
82 80
82 81
82 82
82 83
82 83
82 84
82 85
82 86
83 87
83 88
83 89
83 90
83 90
83 91
83 92
83 93
83 94
83 95
83 96
83 96
83 97
83 98
83 99
83 100
