1 9
2 9
3 8
4 8
5 8
5 8
6 7
6 6
6 6
6 5
6 5
7 5
7 5
8 6
8 6
8 7
7 8
7 9
7 10
7 11
6 12
6 13
6 14
5 15
5 16
5 17
5 18
4 19
4 20
4 21
4 22
3 23
3 24
3 25
2 26
2 27
2 28
2 29
1 30
1 31
1 31
0 31
0 31
0 30
0 30
0 29
0 29
1 28
2 28
2 28
3 28
4 28
4 28
5 29
6 29
6 29
7 29
8 30
9 30
9 30
10 31
10 32
11 33
11 34
11 34
11 35
11 36
12 37
12 38
12 39
12 39
12 40
12 41
13 42
13 43
13 44
13 44
13 45
13 46
13 47
13 48
13 49
13 49
13 50
12 51
12 52
12 53
12 53
12 54
11 55
11 56
11 56
10 57
10 58
10 58
9 59
8 60
8 60
7 61
6 61
6 61
5 62
4 62
4 62
3 61
3 61
2 60
1 60
1 60
0 59
0 58
0 58
0 57
0 56
0 55
0 55
0 54
0 53
0 52
0 51
0 51
0 50
1 49
1 48
1 48
2 47
3 46
3 46
4 45
5 45
6 44
6 44
7 44
8 44
9 44
9 44
10 44
11 45
12 45
13 45
13 45
14 45
15 46
16 46
16 46
17 46
18 47
19 47
20 47
20 47
21 48
22 48
22 48
23 49
24 49
24 49
25 49
26 49
26 49
27 49
27 49
27 48
27 48
27 47
27 47
27 46
27 45
27 45
27 44
27 43
27 42
28 41
28 40
28 39
28 38
28 37
28 37
28 36
28 35
28 34
28 33
28 32
28 31
28 30
28 29
28 28
28 27
28 27
28 26
28 25
28 25
28 25
27 26
27 26
28 27
28 27
28 28
28 29
28 30
28 30
28 31
28 32
28 33
28 33
28 34
29 35
29 36
29 37
29 37
29 38
29 39
29 40
29 40
30 41
30 41
30 41
30 41
30 40
30 40
30 39
30 38
30 37
31 36
31 35
31 34
31 33
31 32
31 31
31 30
32 29
32 28
32 27
32 26
32 25
32 24
33 23
33 22
33 21
33 20
33 19
33 18
33 17
34 16
34 15
34 14
34 13
34 13
35 12
35 11
36 10
36 9
37 8
37 7
37 7
37 7
37 7
37 8
37 9
37 10
37 10
37 11
37 12
38 13
38 14
38 15
38 15
38 16
38 17
38 18
38 19
38 20
38 21
38 22
38 23
38 24
38 25
38 25
38 26
38 27
38 28
38 29
38 30
39 31
39 32
39 33
39 34
39 35
39 36
39 36
39 37
39 38
39 39
39 40
39 41
39 42
39 43
39 44
39 45
39 46
39 47
39 48
39 49
39 49
39 50
39 51
39 52
39 53
39 54
39 55
39 56
39 57
39 58
39 59
39 60
39 61
39 61
39 62
39 63
39 64
39 65
39 66
39 67
39 68
39 69
39 70
39 70
39 71
39 72
39 73
40 74
40 75
40 76
40 77
40 77
40 78
40 79
40 80
40 81
40 82
40 83
40 84
40 84
40 85
40 86
40 87
40 88
40 88
40 89
41 90
41 91
41 91
42 92
42 92
42 91
43 90
43 89
43 88
44 87
44 86
44 85
45 84
45 83
45 82
46 81
46 80
47 79
47 78
47 77
48 76
48 75
48 74
49 73
49 72
49 71
50 70
50 69
50 68
51 67
51 66
51 65
52 64
52 63
52 62
53 61
53 60
53 59
54 58
54 57
55 56
55 55
55 54
56 53
56 52
56 51
57 50
57 49
57 48
58 47
58 46
58 45
59 44
59 43
59 42
60 41
60 40
60 39
61 38
61 37
62 36
62 35
62 34
63 33
63 32
63 31
64 30
64 29
64 28
65 27
65 26
65 25
66 24
66 23
66 22
67 21
67 20
67 19
68 18
68 17
68 16
69 15
69 14
70 13
70 12
70 11
71 10
71 9
71 8
72 7
72 6
72 5
73 4
73 3
73 3
74 3
75 2
76 2
76 2
75 1
75 0
75 0
75 1
75 1
74 2
73 3
73 3
73 4
73 5
72 6
72 7
72 8
72 8
72 9
71 10
71 11
70 12
70 13
70 13
70 14
69 15
69 16
69 17
68 18
68 19
68 19
67 20
67 21
66 22
66 23
66 23
65 24
65 25
64 26
64 27
64 27
63 28
63 29
62 30
62 30
62 31
62 31
62 32
62 32
63 32
63 32
64 31
64 30
65 29
65 28
65 28
66 27
66 26
67 25
67 24
68 23
68 22
68 22
69 21
69 21
70 21
70 21
70 22
70 23
70 23
70 24
71 25
71 26
71 27
71 27
71 28
71 29
71 30
71 31
71 31
71 32
71 33
71 34
71 35
71 36
71 37
71 37
71 38
72 39
72 40
72 40
72 41
72 42
72 42
73 42
73 42
73 41
74 40
74 39
75 38
75 37
76 36
76 35
77 34
77 33
78 32
78 31
79 30
79 29
80 28
80 27
81 26
81 25
82 24
82 23
83 22
83 21
84 20
84 19
85 18
85 17
86 16
86 15
87 14
87 13
88 12
88 11
89 10
89 9
90 8
90 7
91 6
91 5
92 4
92 3
92 3
93 2
94 2
94 2
94 1
94 1
93 2
93 3
93 3
92 4
92 5
91 6
91 7
91 7
91 8
91 9
90 10
90 11
90 12
90 13
90 13
90 14
89 15
89 16
88 17
88 18
88 18
88 19
87 20
87 21
86 22
86 23
86 23
85 24
85 25
84 26
84 26
83 27
82 28
82 28
81 29
81 29
80 30
80 30
80 29
80 28
80 27
80 26
80 25
80 24
80 23
80 22
80 21
80 20
80 19
81 18
81 17
81 16
81 15
81 14
81 13
81 12
81 11
81 10
81 9
81 8
81 7
81 6
81 6
82 5
83 5
83 5
84 5
84 5
84 6
84 7
84 7
84 8
85 9
85 10
85 10
85 11
86 12
86 13
86 14
86 14
86 15
87 16
87 17
88 18
88 19
88 19
89 20
89 21
90 22
90 23
90 23
91 24
92 25
92 25
93 26
94 26
94 26
95 26
96 26
96 26
97 26
98 26
98 26
99 26
100 26
100 26
99 27
98 28
97 28
96 29
95 30
94 31
93 32
92 33
91 33
90 34
89 35
88 36
87 37
86 37
85 38
84 39
83 40
82 41
81 41
80 42
79 43
78 44
77 45
76 46
75 46
74 47
73 48
73 48
72 49
72 50
71 51
70 52
70 53
69 54
69 54
68 54
67 54
67 54
67 54
68 54
68 54
69 54
70 54
70 54
71 54
72 53
73 53
74 53
74 53
75 52
76 52
77 51
78 51
78 51
79 51
80 51
81 50
82 50
83 50
83 50
84 49
85 49
86 48
87 48
87 48
88 48
89 47
90 47
90 47
91 47
92 46
93 46
93 46
94 45
95 45
95 45
94 44
93 43
92 42
91 41
90 40
89 39
88 38
88 38
87 37
86 36
85 36
84 35
84 35
83 35
83 35
82 35
82 35
82 36
81 37
81 38
81 39
81 39
81 40
81 41
81 42
80 43
80 44
80 45
80 46
80 46
80 47
80 48
80 49
80 50
80 51
80 52
80 53
80 54
80 55
80 55
80 56
80 57
80 58
80 59
80 60
80 61
80 62
80 63
80 64
80 65
80 66
80 66
80 67
80 68
80 69
80 70
80 71
80 72
80 73
80 74
80 75
80 76
80 76
80 77
80 78
80 79
80 80
81 81
81 82
81 83
81 84
81 85
81 85
81 86
81 87
81 88
81 89
81 90
81 91
81 92
81 93
81 94
81 94
81 95
81 96
81 97
81 98
81 99
81 100
