0 7
1 6
1 6
1 7
1 7
0 8
0 8
0 9
0 10
0 11
0 12
0 13
0 14
0 14
0 15
0 16
0 17
0 18
0 19
0 20
0 20
0 21
0 22
0 23
0 24
0 25
0 26
0 26
0 27
0 28
1 29
1 30
1 31
1 32
1 32
1 33
1 34
1 35
1 36
1 36
1 37
1 38
1 39
1 40
1 41
1 41
1 42
1 43
1 44
1 44
1 45
1 46
1 46
1 45
1 44
1 43
1 42
1 41
0 40
0 39
0 38
0 37
0 36
0 35
0 34
0 34
1 33
2 32
2 31
3 30
3 30
3 29
3 28
3 28
3 27
3 27
4 26
5 25
5 25
6 25
7 25
7 25
8 24
9 24
9 24
10 23
11 23
11 23
12 22
12 22
13 21
14 21
14 21
15 20
15 20
16 19
16 19
16 18
16 17
16 16
16 15
16 14
16 13
16 12
16 11
16 10
16 9
16 8
16 7
16 6
16 5
16 5
16 4
16 3
16 2
16 1
16 0
16 0
16 1
16 1
16 2
16 3
16 3
16 4
16 5
16 6
16 7
16 8
16 8
16 9
16 10
16 11
16 12
16 13
16 14
16 15
16 16
16 16
16 17
16 18
16 19
16 20
16 21
16 22
16 23
16 24
16 25
16 25
16 26
16 27
16 28
16 29
16 30
16 31
16 32
16 33
16 34
16 35
16 35
16 36
16 37
16 38
16 39
16 40
16 41
16 42
16 43
16 44
16 44
16 45
16 46
16 47
17 48
17 49
17 50
17 51
17 52
17 52
17 53
17 54
17 55
17 56
17 57
17 58
17 58
17 59
17 60
17 61
17 62
17 63
17 63
17 64
18 65
18 66
18 66
19 65
19 64
20 63
20 62
21 61
21 60
22 59
22 58
23 57
23 56
24 55
24 54
25 53
25 52
26 51
26 50
27 49
27 48
28 47
28 46
29 45
29 44
30 43
30 42
31 41
31 40
32 39
32 38
33 37
33 36
34 35
34 34
35 33
35 32
35 32
35 31
35 30
35 29
36 28
36 27
36 26
36 25
36 25
35 24
35 23
35 23
34 22
33 22
33 22
32 22
32 22
31 22
31 22
30 23
30 24
30 24
30 25
29 26
29 27
29 27
29 28
28 29
28 30
28 31
28 31
28 32
27 33
27 34
27 35
27 35
27 36
27 37
27 38
27 39
27 39
27 40
27 41
27 41
28 42
28 43
28 43
29 44
29 44
30 44
30 44
31 43
31 43
32 42
32 41
33 40
33 40
34 39
34 38
35 37
35 36
35 36
35 35
36 34
36 33
36 33
36 32
37 31
37 30
37 29
37 29
38 28
38 28
39 28
39 28
39 29
39 29
40 30
40 31
40 31
40 32
40 33
40 34
40 34
40 35
41 36
41 37
41 38
41 38
41 39
42 40
42 41
42 41
43 42
43 43
43 43
44 44
44 45
44 45
45 46
45 46
45 45
45 44
46 43
46 42
46 41
46 40
46 39
46 38
47 37
47 36
47 35
47 34
47 33
47 32
48 31
48 30
48 29
48 28
48 27
48 26
49 25
49 24
49 23
49 22
49 22
48 21
48 20
48 20
48 19
48 19
47 19
46 19
46 19
47 19
47 19
48 18
48 18
49 17
50 17
50 17
51 16
52 16
52 16
53 16
53 16
54 16
54 16
55 17
55 18
55 18
55 19
55 20
55 21
55 22
55 22
55 23
55 24
55 25
55 26
55 27
55 27
55 28
55 29
55 30
55 31
55 32
55 33
55 34
55 34
55 35
55 36
55 37
54 38
54 39
54 40
54 41
54 41
54 42
54 43
54 44
53 45
53 46
53 47
53 48
53 48
53 49
53 50
53 51
53 52
53 53
53 54
53 54
53 55
53 56
52 57
52 58
52 59
52 60
52 60
52 61
51 62
51 63
51 64
51 64
51 65
51 66
51 67
51 67
50 68
50 69
50 69
50 68
50 67
50 66
50 65
50 64
50 63
50 62
50 61
51 60
51 59
51 58
51 57
51 56
51 55
51 54
51 53
51 52
51 51
51 50
51 49
51 48
51 47
51 46
51 45
52 44
52 43
52 42
52 41
52 40
52 39
52 38
52 37
52 36
52 36
52 35
53 34
53 33
53 32
54 31
54 30
54 29
55 28
55 27
55 27
56 26
56 26
57 25
57 25
58 26
58 26
59 26
59 26
60 27
60 27
61 28
61 28
62 29
62 30
62 30
62 31
62 32
62 32
62 33
61 34
61 35
61 35
60 36
60 37
60 37
59 38
59 39
58 40
58 41
58 41
57 42
56 43
56 43
55 44
54 45
54 45
53 46
53 47
53 47
53 46
54 45
54 44
55 43
55 42
55 41
56 40
56 39
56 38
57 37
57 36
58 35
58 34
58 33
59 32
59 31
59 30
60 29
60 28
61 27
61 26
61 25
62 24
62 23
62 23
63 22
64 22
65 21
66 21
67 20
67 20
67 19
67 19
66 18
66 18
67 17
67 16
67 16
68 15
69 15
69 15
70 14
71 13
71 13
72 14
73 14
73 14
74 15
74 15
74 16
74 17
74 18
74 19
74 19
74 20
74 21
73 22
73 23
73 24
73 25
73 25
73 26
72 27
72 28
72 29
72 30
71 31
71 32
71 32
71 33
71 34
71 35
70 36
70 37
70 38
70 39
70 40
70 40
70 41
69 42
69 43
69 44
69 45
68 46
68 47
68 48
68 48
68 49
68 50
68 51
67 52
67 53
67 54
67 55
67 55
67 56
67 57
66 58
66 59
66 60
66 61
66 61
66 62
66 63
65 64
65 65
65 66
65 67
65 67
65 68
64 69
64 70
64 70
64 71
64 72
64 72
64 73
64 73
64 72
64 71
64 70
65 69
65 68
65 67
65 66
65 65
65 64
66 63
66 62
66 61
66 60
66 59
66 58
66 57
67 56
67 55
67 54
67 53
67 52
67 51
67 50
68 49
68 48
68 47
68 46
68 45
68 44
69 43
69 42
69 41
69 40
69 40
69 39
70 38
70 37
70 36
71 35
71 34
71 33
71 32
72 31
72 30
72 30
72 29
73 28
73 27
73 27
74 26
74 26
75 26
75 26
76 27
77 27
77 27
78 28
78 28
79 29
79 30
79 30
79 31
79 32
79 32
79 33
79 34
79 34
79 35
78 36
78 37
78 37
78 38
77 39
77 40
77 40
76 41
76 42
75 43
75 44
75 44
74 45
74 46
74 46
73 47
72 48
72 48
72 49
72 49
71 49
71 49
71 48
72 47
72 46
72 45
72 44
73 43
73 42
73 41
74 40
74 39
74 38
75 37
75 36
75 35
75 34
76 33
76 32
76 31
77 30
77 29
77 28
78 27
78 26
78 25
78 24
79 23
79 22
79 22
80 22
81 22
82 21
83 21
84 21
84 21
85 22
85 22
85 23
84 24
84 25
84 25
84 26
85 27
85 28
85 28
85 29
86 30
86 31
86 31
87 32
87 32
88 33
88 33
89 33
89 33
90 33
90 33
91 32
92 31
92 31
92 30
93 29
93 28
94 27
94 26
94 25
95 24
95 23
95 22
96 21
96 20
97 19
97 18
97 17
98 16
98 15
98 15
98 14
99 13
99 12
99 12
99 13
99 13
99 14
98 15
98 16
98 16
98 17
97 18
97 19
97 20
97 21
96 22
96 23
96 23
96 24
95 25
95 26
95 27
95 28
94 29
94 30
94 31
94 31
94 32
93 33
93 34
93 35
92 36
92 37
92 38
92 39
91 40
91 41
91 41
91 42
90 43
90 44
90 45
90 46
89 47
89 48
89 49
89 50
88 51
88 52
88 52
88 53
87 54
87 55
87 56
87 57
86 58
86 59
86 60
86 61
85 62
85 63
85 64
85 64
85 65
85 66
84 67
84 68
84 69
84 70
84 71
83 72
83 73
83 74
83 74
83 75
82 76
82 77
82 78
82 79
81 80
81 81
81 82
81 82
81 83
80 84
80 85
80 86
80 87
79 88
79 89
79 89
79 90
78 91
78 92
78 93
77 94
77 95
77 95
77 96
76 97
76 98
76 98
75 99
75 100
