2 7
3 6
3 6
3 6
3 7
3 7
2 7
2 7
2 8
2 9
2 9
2 10
2 11
2 12
2 12
2 13
2 14
2 15
2 16
2 16
2 17
1 18
1 19
1 20
1 20
1 21
1 22
1 23
1 24
1 25
1 25
1 26
1 27
1 28
1 29
1 30
1 30
1 31
1 32
1 33
1 34
1 35
1 35
1 36
1 37
0 38
0 39
0 40
0 40
0 41
0 42
0 43
0 44
0 45
0 45
0 46
0 47
0 48
0 49
0 49
0 50
0 51
0 51
0 52
0 53
0 54
0 54
0 53
0 52
0 51
0 50
0 49
0 48
0 47
0 46
0 45
0 44
0 43
0 42
0 42
0 41
1 40
1 39
1 38
1 38
1 37
1 37
1 37
1 37
2 37
2 37
2 36
2 36
3 36
4 36
4 36
5 35
5 35
6 34
7 34
7 34
8 33
9 33
9 33
10 32
10 32
11 32
11 32
12 31
12 31
13 31
13 31
14 31
14 31
14 30
14 29
14 28
15 27
15 26
15 25
15 24
15 23
15 22
15 21
16 20
16 19
16 18
16 17
16 16
16 15
17 14
17 13
17 12
17 11
17 10
17 9
17 8
18 7
18 6
18 5
18 4
18 4
18 3
19 2
19 1
19 1
19 0
19 0
19 1
19 1
19 2
19 2
19 3
19 4
19 4
19 5
18 6
18 7
18 7
18 8
18 9
18 10
18 11
18 11
18 12
18 13
18 14
18 15
18 16
18 16
18 17
18 18
18 19
17 20
17 21
17 22
17 23
17 23
17 24
17 25
17 26
16 27
16 28
16 29
16 30
16 31
16 31
16 32
16 33
16 34
16 35
16 36
16 37
16 38
16 38
16 39
16 40
16 41
15 42
15 43
15 44
15 45
15 45
15 46
15 47
15 48
15 49
15 50
15 51
15 52
15 52
15 53
15 54
15 55
15 56
15 57
15 57
15 58
15 59
15 60
15 61
15 61
15 62
15 63
15 63
15 64
15 65
15 65
15 66
15 66
16 65
16 64
17 63
18 62
18 61
19 60
20 59
20 58
21 57
22 56
22 55
23 54
24 53
25 52
25 51
26 50
27 49
27 48
28 47
29 46
29 45
30 44
31 43
31 42
32 41
32 41
32 40
32 39
32 39
31 38
31 38
30 37
30 37
30 36
30 35
30 35
29 35
29 35
28 35
28 35
27 36
27 36
26 37
26 38
26 38
26 39
25 40
25 41
25 42
25 42
25 43
24 44
24 45
24 46
24 46
24 47
23 48
23 49
23 50
23 50
23 51
23 52
23 53
23 53
23 54
23 55
23 55
24 56
24 56
24 56
25 55
25 55
25 54
26 53
26 52
26 52
27 51
27 50
28 49
28 49
28 48
29 47
29 46
29 45
29 45
29 44
30 43
30 42
30 41
30 41
31 40
31 39
31 39
31 38
31 38
32 38
32 38
32 39
32 39
32 40
32 41
32 41
32 42
33 43
33 44
33 44
33 45
33 46
33 46
33 47
34 48
34 49
34 49
34 50
34 51
34 51
35 52
35 52
36 53
36 54
36 54
37 55
37 55
38 54
38 54
38 53
38 52
39 51
39 50
39 49
39 48
40 47
40 46
40 45
40 44
41 43
41 42
41 41
41 40
42 39
42 38
42 37
42 36
43 35
43 34
43 33
43 33
42 34
42 34
42 34
42 33
42 33
42 32
42 32
42 31
42 31
43 30
43 30
43 29
43 29
44 29
44 29
45 29
45 29
46 30
46 30
46 31
46 32
46 32
47 33
47 34
47 34
47 35
47 36
47 37
47 38
47 38
47 39
47 40
47 41
47 42
47 42
47 43
46 44
46 45
46 46
46 46
46 47
46 48
46 49
46 50
46 51
46 51
46 52
46 53
45 54
45 55
45 56
45 56
45 57
45 58
45 59
45 60
45 61
45 62
45 62
45 63
45 64
45 65
45 66
45 66
45 67
45 68
44 69
44 70
44 71
44 71
44 72
44 73
44 74
44 75
44 75
44 76
44 77
44 78
44 78
44 79
44 80
44 80
44 81
44 81
44 81
44 80
44 79
44 78
44 77
44 76
44 75
44 74
44 73
44 72
44 71
44 70
44 69
44 68
44 67
44 66
44 65
44 64
44 63
44 62
44 61
44 60
44 59
44 58
44 57
44 56
44 55
44 54
44 53
44 52
44 51
44 50
44 49
44 48
44 47
44 46
44 45
44 44
44 44
44 43
44 42
45 41
45 40
45 39
45 38
45 38
45 37
45 36
45 35
45 35
46 34
46 33
46 33
47 32
47 31
47 31
48 30
49 29
49 29
50 29
51 29
51 29
52 28
52 28
53 29
54 29
54 29
55 30
55 30
55 31
55 32
55 32
56 33
56 34
56 34
56 35
55 36
55 37
55 37
55 38
54 39
54 40
54 40
54 41
53 42
53 43
53 43
52 44
52 45
52 45
51 46
51 47
51 47
50 48
50 48
49 49
49 49
49 48
50 47
50 46
51 45
51 44
52 43
52 42
53 41
53 40
53 39
54 38
54 37
55 36
55 35
56 34
56 33
57 32
57 31
57 31
58 31
58 31
58 30
58 30
58 30
58 29
58 29
59 28
59 28
60 27
60 26
60 26
61 25
61 25
62 24
62 24
63 23
63 23
64 23
65 23
65 23
66 24
66 24
66 25
66 25
66 26
67 27
67 28
67 28
67 29
67 30
67 31
67 31
67 32
67 33
67 34
67 35
67 35
67 36
67 37
67 38
67 39
67 40
67 40
67 41
67 42
66 43
66 44
66 45
66 46
66 46
66 47
66 48
65 49
65 50
65 51
65 52
65 52
65 53
65 54
64 55
64 56
64 57
64 57
64 58
64 59
64 60
64 61
64 62
64 62
64 63
63 64
63 65
63 66
63 66
63 67
63 68
63 69
63 70
63 70
63 71
63 72
63 73
63 73
63 74
63 75
63 75
63 75
63 75
63 74
63 74
63 73
63 72
63 71
63 70
63 69
63 68
63 67
63 66
63 65
63 64
63 63
63 62
63 61
63 60
63 59
64 58
64 57
64 56
64 55
64 54
64 53
64 52
64 51
64 50
64 49
64 48
64 47
64 46
64 45
64 44
64 43
64 42
64 42
64 41
64 40
64 39
65 38
65 37
65 36
65 35
65 35
66 34
66 33
66 33
66 32
66 31
66 31
67 30
67 29
68 28
68 28
69 27
69 27
70 26
70 26
71 26
71 26
72 27
72 28
72 28
72 29
72 30
72 30
72 31
72 32
72 33
72 33
72 34
72 35
72 36
72 37
72 37
72 38
71 39
71 40
71 41
71 41
71 42
70 43
70 44
70 44
70 45
69 46
69 47
69 47
69 48
68 49
68 50
68 50
67 51
66 52
66 52
65 53
65 54
65 54
65 53
66 52
66 51
66 50
67 49
67 48
67 47
68 46
68 45
68 44
69 43
69 42
70 41
70 40
70 39
71 38
71 37
71 36
72 35
72 34
72 33
73 32
73 31
73 31
74 31
75 32
76 32
77 32
77 32
76 31
76 31
77 30
77 30
78 30
78 30
79 30
79 30
80 29
80 28
80 28
81 27
81 27
82 26
83 26
83 26
84 26
84 26
85 27
85 28
85 28
85 29
86 30
86 31
86 31
86 32
86 33
86 34
86 34
86 35
86 36
86 37
86 37
86 38
86 39
86 40
86 41
86 41
86 42
86 43
86 43
86 44
86 45
86 45
87 46
87 46
88 46
88 46
89 46
89 46
90 45
90 45
91 44
91 43
92 42
92 42
92 41
93 40
93 39
93 39
94 38
94 37
95 36
95 35
95 35
96 34
96 33
97 32
97 32
97 31
98 30
98 29
98 29
98 28
99 27
99 26
99 26
100 25
100 25
100 25
100 25
99 25
99 25
99 26
99 27
99 27
99 28
99 29
99 29
99 30
98 31
98 32
98 32
98 33
97 34
97 35
97 36
97 36
97 37
97 38
97 39
97 40
97 41
97 41
97 42
96 43
96 44
95 45
95 46
95 46
95 47
95 48
95 49
94 50
94 51
94 52
94 53
94 53
94 54
93 55
93 56
92 57
92 58
91 59
91 60
91 60
91 61
90 62
90 63
90 64
90 65
89 66
89 67
89 67
89 68
88 69
88 70
88 71
88 72
87 73
87 74
87 74
87 75
86 76
86 77
86 78
86 79
85 80
85 81
85 81
85 82
85 83
85 84
84 85
84 86
84 87
84 88
84 88
84 89
83 90
83 91
83 92
82 93
82 94
82 94
82 95
81 96
81 97
81 98
80 99
80 100
