0 9
0 10
0 11
0 11
0 12
0 13
0 14
0 14
0 15
0 16
0 17
0 17
0 18
0 19
0 20
0 21
0 22
0 23
0 24
0 25
0 25
0 26
0 27
0 28
0 29
0 30
0 31
0 32
0 32
0 33
0 34
0 35
1 36
1 37
1 38
1 39
1 39
1 40
1 41
1 42
1 43
1 44
1 45
1 45
1 46
1 47
1 48
1 49
1 50
1 50
1 51
1 52
1 53
1 54
1 55
1 55
1 56
2 57
2 58
2 59
2 59
2 60
2 60
2 59
2 58
2 57
2 56
2 55
2 54
2 53
2 52
2 51
2 50
2 49
1 48
1 47
1 46
1 45
1 44
1 43
1 42
1 41
1 40
1 39
1 38
1 37
1 36
1 36
2 35
2 34
3 33
3 33
3 33
4 32
4 32
5 32
6 32
6 32
7 32
8 31
9 31
9 31
10 31
11 30
12 30
12 30
13 30
14 29
15 29
15 29
16 28
17 28
17 28
18 27
19 27
19 27
20 26
21 26
21 26
22 25
22 24
22 24
23 23
23 22
23 22
23 21
23 20
24 19
24 18
24 17
24 16
24 15
24 14
25 13
25 12
25 11
25 10
25 10
25 9
25 8
25 7
25 6
25 5
25 4
25 3
25 2
25 2
25 1
25 1
25 1
25 2
25 2
25 3
25 4
24 5
24 6
24 7
24 7
24 8
24 9
24 10
24 11
24 12
24 13
24 14
24 15
24 15
24 16
24 17
24 18
24 19
24 20
24 21
24 22
24 23
24 24
24 25
24 25
24 26
24 27
24 28
24 29
24 30
23 31
23 32
23 33
23 34
23 35
23 36
23 37
23 37
23 38
23 39
23 40
23 41
23 42
23 43
23 44
23 45
23 46
23 46
23 47
23 48
23 49
23 50
24 51
24 52
24 53
24 54
24 55
24 55
24 56
24 57
24 58
24 59
24 60
24 61
24 62
24 62
24 63
24 64
24 65
24 66
24 67
24 67
24 68
25 69
25 70
25 70
25 71
26 72
26 73
26 73
27 74
27 74
28 73
28 72
29 71
29 70
30 69
30 68
31 67
31 66
32 65
32 64
33 63
34 62
34 61
35 60
35 59
36 58
36 57
37 56
37 55
38 54
38 53
39 52
39 51
40 50
40 50
40 49
40 48
41 47
41 46
41 45
41 44
41 43
42 42
42 41
42 40
42 40
42 39
41 38
41 37
41 37
41 36
40 35
40 34
40 34
39 33
39 33
38 32
38 32
37 33
37 33
36 34
35 34
35 34
35 35
34 36
34 37
34 37
34 38
33 39
33 40
33 41
33 41
33 42
33 43
32 44
32 45
32 46
32 46
32 47
32 48
32 49
32 49
32 50
32 51
32 52
32 52
33 53
33 54
33 54
34 55
34 55
35 55
35 55
36 54
37 54
37 54
38 53
39 52
39 52
39 51
40 50
40 49
40 49
41 48
41 47
42 46
42 45
42 45
43 44
43 43
43 43
43 43
44 43
44 43
44 44
44 44
45 45
45 46
45 46
45 47
45 48
45 48
46 49
46 50
46 50
47 51
47 51
48 52
48 52
49 52
49 52
49 51
49 50
49 49
49 48
49 47
49 46
49 45
49 44
49 43
49 42
49 42
49 41
49 40
49 39
49 38
49 37
49 36
49 36
49 35
49 34
49 34
50 33
50 32
50 32
51 31
51 31
52 31
52 31
53 31
54 31
54 31
55 32
55 33
55 33
55 34
56 35
56 36
56 37
56 37
56 38
56 39
57 40
57 41
57 42
57 43
57 43
57 44
57 45
57 46
57 47
57 48
57 49
57 49
57 50
57 51
57 52
57 53
57 54
57 55
57 56
57 56
57 57
57 58
56 59
56 60
56 61
56 62
56 62
56 63
56 64
55 65
55 66
55 67
55 68
55 68
55 69
55 70
55 71
55 72
55 72
55 73
55 74
55 75
55 75
55 76
55 77
55 77
55 77
55 76
55 75
55 74
55 73
55 72
55 71
55 70
55 69
55 68
55 67
55 66
55 65
55 64
55 63
55 62
55 61
55 60
55 59
55 58
55 57
55 56
55 55
55 54
55 53
55 52
55 51
55 50
55 49
55 48
55 47
55 47
55 46
56 45
56 44
56 43
57 42
57 41
57 41
58 41
58 41
59 40
59 40
60 40
61 40
61 40
62 41
62 41
63 42
63 42
64 43
64 43
64 44
64 45
64 46
64 46
64 47
64 48
64 48
64 49
63 50
63 51
63 51
62 52
62 52
61 53
61 54
61 54
60 55
60 55
59 55
59 55
59 56
59 56
59 55
59 54
60 53
60 52
60 51
60 50
60 49
61 48
61 47
61 46
61 45
61 44
62 43
62 42
62 41
62 40
62 39
63 38
63 37
63 36
63 36
64 35
65 34
66 34
67 33
68 32
68 32
69 31
69 31
70 30
70 30
71 30
71 30
72 31
72 31
73 32
73 33
73 33
73 34
74 35
74 36
74 37
74 37
74 38
74 39
73 40
73 41
73 42
73 42
73 43
73 44
73 45
73 46
73 47
73 48
73 48
73 49
73 50
73 51
72 52
72 53
72 54
72 55
72 56
72 56
72 57
72 58
72 59
71 60
71 61
71 62
71 63
71 63
71 64
71 65
70 66
70 67
70 68
70 69
70 69
70 70
70 71
70 72
70 73
70 74
70 75
70 75
70 76
70 77
69 78
69 79
69 80
69 80
69 81
69 82
69 82
69 83
69 83
69 84
69 84
70 83
70 83
70 82
70 82
70 81
70 80
70 79
70 78
70 77
70 76
71 75
71 74
71 73
71 72
71 71
71 70
71 69
71 68
71 67
71 66
71 65
71 64
71 63
71 62
72 61
72 60
72 59
72 58
72 57
72 56
72 55
72 54
72 54
72 53
72 52
73 51
73 50
73 49
73 48
74 47
74 46
74 45
74 45
74 44
75 43
75 42
75 42
76 41
76 41
77 41
77 41
78 42
78 42
79 43
80 43
80 43
81 44
81 44
81 45
81 46
81 46
81 47
81 48
81 49
81 49
81 50
81 51
81 52
81 52
81 53
81 54
81 54
80 55
80 56
80 56
79 57
79 57
78 58
78 58
78 58
78 57
78 56
79 55
79 54
79 53
79 52
79 51
80 50
80 49
80 48
80 47
80 46
80 45
81 44
81 43
81 42
81 41
81 40
82 39
82 38
82 37
82 37
83 37
84 37
85 37
85 37
86 38
86 38
87 39
87 40
87 40
88 41
88 41
89 42
89 43
89 43
90 44
91 44
91 44
92 44
92 44
93 44
93 44
94 43
95 43
95 43
96 42
96 41
96 41
97 40
97 39
97 39
98 38
98 37
98 37
99 36
99 35
99 35
100 34
100 34
100 34
100 35
99 36
99 37
99 37
99 38
98 39
98 40
97 41
97 42
97 42
97 43
96 44
96 45
96 46
95 47
95 48
95 48
95 49
95 50
94 51
94 52
94 53
94 54
93 55
93 56
93 57
93 57
93 58
93 59
92 60
92 61
92 62
92 63
91 64
91 65
91 66
91 66
91 67
91 68
91 69
91 70
90 71
90 72
90 73
90 74
90 75
90 75
90 76
90 77
90 78
89 79
89 80
89 81
89 82
89 83
89 83
89 84
88 85
88 86
88 87
88 88
87 89
87 90
87 90
87 91
87 92
86 93
86 94
86 95
86 95
86 96
85 97
85 98
85 99
85 99
84 100
