2 0
2 1
3 2
3 3
3 3
2 4
2 5
2 5
1 6
1 7
1 7
1 8
1 9
1 10
0 11
0 12
0 13
0 14
0 14
0 15
0 16
0 17
0 18
0 19
0 20
0 21
0 22
0 22
0 23
0 24
0 25
0 26
0 27
0 28
0 29
0 30
0 31
0 31
0 32
0 33
0 34
0 35
0 36
0 37
0 38
0 39
0 39
0 40
0 41
0 42
0 43
0 44
0 45
0 45
0 46
0 47
0 48
0 49
0 49
0 50
0 51
0 51
0 50
0 49
0 48
0 47
0 46
0 45
0 44
0 43
0 42
0 41
0 40
0 39
0 38
0 38
1 37
1 36
2 35
2 34
3 33
3 33
3 32
3 32
3 31
3 31
4 31
4 31
5 30
6 30
6 30
7 30
7 30
8 29
9 29
9 29
10 28
11 28
11 28
12 27
13 27
13 27
14 26
14 26
15 25
15 25
15 24
16 23
16 22
16 21
16 20
17 19
17 18
17 17
17 17
17 16
17 15
17 14
17 13
17 12
18 11
18 10
18 9
18 8
18 7
18 6
18 6
18 5
18 4
18 4
18 3
18 3
18 3
18 4
18 5
18 6
18 7
18 7
18 8
18 9
18 10
18 11
18 12
18 13
18 13
18 14
18 15
18 16
19 17
19 18
19 19
19 20
19 21
19 21
19 22
19 23
19 24
19 25
19 26
19 27
19 28
19 29
19 30
19 30
19 31
19 32
19 33
19 34
19 35
19 36
19 37
19 38
19 39
19 40
19 40
19 41
19 42
19 43
19 44
19 45
19 46
19 47
19 48
19 48
19 49
19 50
19 51
19 52
19 53
19 54
19 55
19 55
19 56
19 57
19 58
19 59
19 59
19 60
19 61
19 62
19 62
20 61
20 60
21 59
22 58
22 57
23 56
24 55
24 54
25 53
26 52
27 51
27 50
28 49
29 48
29 47
30 46
31 45
31 44
32 43
33 42
33 41
34 40
34 40
34 39
34 38
35 37
35 36
35 35
35 34
35 34
35 33
35 32
35 32
34 32
33 32
33 32
32 32
32 32
31 32
31 32
30 33
30 34
30 34
29 35
28 36
28 36
28 37
27 38
27 39
27 39
27 40
26 41
26 42
26 42
26 43
26 44
26 45
26 45
26 46
26 46
26 47
26 47
27 47
27 47
28 47
28 47
29 46
30 46
30 46
31 45
31 44
31 44
32 43
32 42
33 41
33 41
34 40
34 39
34 39
35 38
35 38
35 37
35 37
36 38
36 38
37 39
37 39
37 40
37 41
37 41
38 42
38 43
38 43
39 44
39 44
40 45
40 46
40 46
40 45
41 44
41 43
41 42
42 41
42 40
42 39
42 38
43 37
43 36
43 35
44 34
44 33
44 33
44 32
44 32
44 32
43 31
43 31
44 31
44 31
45 30
46 30
46 30
47 30
48 30
48 30
49 30
49 30
50 30
51 30
51 30
52 31
52 32
52 32
52 33
52 34
52 35
52 36
52 36
52 37
52 38
52 39
52 40
52 41
52 41
52 42
52 43
51 44
51 45
51 46
51 47
51 47
51 48
51 49
51 50
51 51
51 52
51 52
51 53
50 54
50 55
50 56
49 57
49 58
49 58
49 59
49 60
48 61
48 62
48 63
48 64
48 64
48 65
47 66
47 67
47 68
47 68
47 69
46 70
46 71
46 71
46 72
46 73
46 73
46 74
46 74
46 73
46 72
46 71
46 70
47 69
47 68
47 67
47 66
47 65
47 64
47 63
47 62
47 61
47 60
48 59
48 58
48 57
48 56
48 55
48 54
48 53
48 52
48 51
48 50
49 49
49 48
49 47
49 46
49 45
49 45
50 44
50 43
51 42
51 41
52 40
52 39
53 38
53 37
53 37
54 36
54 36
54 35
54 35
55 35
55 35
56 35
57 35
57 35
58 36
58 36
59 37
59 37
60 38
60 39
60 39
60 40
60 41
60 41
60 42
60 43
60 43
59 44
59 45
59 45
58 46
58 47
58 47
58 48
58 48
57 49
56 50
56 50
56 51
56 51
55 51
55 51
54 51
54 51
54 50
55 49
55 48
55 47
56 46
56 45
56 44
57 43
57 42
57 41
58 40
58 39
58 38
59 37
59 36
59 36
60 35
61 34
62 33
63 32
63 32
64 31
64 31
65 30
65 30
66 29
66 28
66 28
67 28
68 27
69 27
69 27
70 27
71 27
71 27
72 26
73 26
73 26
74 26
74 26
75 27
75 28
75 28
75 29
75 30
75 31
75 31
75 32
74 33
74 34
74 35
74 35
74 36
74 37
74 38
73 39
73 40
73 41
73 42
73 42
73 43
73 44
73 45
72 46
72 47
72 48
72 49
72 49
72 50
71 51
71 52
71 53
71 54
70 55
70 56
70 57
70 57
70 58
70 59
70 60
69 61
69 62
69 63
69 64
69 65
69 65
69 66
69 67
68 68
68 69
68 70
68 71
68 71
68 72
68 73
67 74
67 75
67 76
67 76
67 77
66 78
66 79
66 80
66 80
66 81
66 81
66 82
66 82
66 81
66 80
66 79
66 78
67 77
67 76
67 75
67 74
67 73
67 72
67 71
67 70
68 69
68 68
68 67
68 66
68 65
68 64
68 63
68 62
69 61
69 60
69 59
69 58
69 57
69 57
69 56
69 55
70 54
70 53
70 52
70 51
70 50
70 49
71 48
71 47
71 46
71 45
71 45
71 44
71 43
72 42
72 41
72 40
72 40
72 39
73 38
73 37
73 37
74 36
74 36
75 35
75 35
76 36
77 36
77 36
78 36
78 36
79 37
79 38
79 38
80 39
80 40
80 40
80 41
80 42
80 42
80 43
80 44
80 44
79 45
79 46
79 46
78 47
78 48
78 48
77 49
77 50
77 50
76 51
76 52
76 52
75 53
75 53
75 54
75 54
75 53
76 52
76 51
76 50
76 49
77 48
77 47
77 46
78 45
78 44
78 43
78 42
79 41
79 40
79 39
80 38
80 37
80 36
80 35
81 34
81 33
81 32
82 31
82 30
82 29
82 28
83 27
83 26
83 26
84 27
85 27
86 28
86 28
86 29
86 29
86 30
87 31
87 32
87 32
87 33
88 34
88 35
88 35
88 36
88 37
88 38
88 38
89 39
89 40
89 40
90 41
90 41
91 42
91 42
92 42
92 42
93 41
93 40
93 40
94 39
94 38
95 37
95 36
96 35
96 34
97 33
97 32
98 31
98 30
99 29
99 29
100 29
100 29
99 30
99 31
99 31
99 32
98 33
98 34
97 35
97 36
97 36
97 37
96 38
96 39
96 40
96 41
95 42
95 43
95 43
95 44
94 45
94 46
93 47
93 48
93 49
92 50
92 51
92 51
92 52
92 53
91 54
91 55
91 56
91 57
91 58
90 59
90 60
90 61
90 61
90 62
90 63
89 64
89 65
89 66
89 67
88 68
88 69
88 70
88 70
88 71
88 72
87 73
87 74
87 75
87 76
86 77
86 78
86 79
86 79
86 80
85 81
85 82
85 83
85 84
84 85
84 86
84 86
84 87
83 88
83 89
83 90
82 91
82 92
82 92
82 93
82 94
81 95
81 96
81 97
81 97
80 98
80 99
79 100
