1 1
1 2
1 2
1 1
1 1
1 2
1 3
1 3
1 4
1 5
1 6
1 6
1 7
1 8
1 9
1 10
1 11
1 11
1 12
1 13
1 14
1 15
1 16
1 17
1 17
1 18
1 19
1 20
1 21
1 22
1 23
1 23
1 24
1 25
1 26
1 27
1 28
1 28
1 29
1 30
1 31
1 32
1 33
1 34
1 34
1 35
1 36
1 37
1 38
1 39
1 40
1 40
1 41
1 42
0 43
0 44
0 45
0 45
0 46
0 47
0 48
0 49
0 50
0 50
0 51
0 52
0 53
0 53
0 54
0 54
0 54
0 53
0 52
0 51
0 50
0 49
0 48
0 47
0 46
0 45
1 44
1 43
1 42
1 41
1 40
1 39
1 38
1 37
1 36
1 35
1 34
1 34
1 33
1 32
1 31
1 31
1 31
1 31
2 31
2 31
2 31
3 31
3 31
4 30
4 30
5 29
5 29
6 28
7 28
7 28
8 27
8 27
9 27
9 27
10 27
11 27
11 27
12 27
12 27
12 27
13 27
13 27
13 26
13 25
14 24
14 23
14 22
14 21
14 20
15 19
15 18
15 17
15 16
15 15
16 14
16 13
16 12
16 11
16 10
17 9
17 8
17 7
17 7
17 6
17 5
18 4
18 3
18 2
18 2
18 1
18 1
18 0
18 0
18 1
18 1
18 2
18 2
18 3
18 4
18 5
18 5
18 6
18 7
18 8
18 9
18 10
18 11
18 11
18 12
18 13
17 14
17 15
17 16
17 17
17 17
17 18
17 19
17 20
17 21
17 22
17 23
17 24
17 24
17 25
17 26
16 27
16 28
16 29
16 30
16 30
16 31
16 32
16 33
16 34
16 35
16 36
16 36
16 37
16 38
16 39
16 40
16 41
16 41
16 42
15 43
15 44
15 45
15 45
15 46
15 47
15 48
15 48
15 49
15 50
15 50
16 51
16 51
17 50
18 50
19 49
20 49
21 48
22 48
23 47
24 47
25 46
26 46
27 45
28 45
29 44
30 44
31 43
32 43
33 42
34 42
35 41
36 41
36 41
36 40
36 39
36 38
36 37
36 37
36 36
36 36
36 35
36 34
36 34
35 33
35 33
35 32
35 32
34 31
34 31
33 30
33 30
33 29
33 29
32 28
32 28
31 28
31 28
31 29
31 29
31 30
30 31
30 32
30 32
30 33
29 34
29 35
29 36
29 36
29 37
29 38
28 39
28 40
28 41
28 41
28 42
27 43
27 44
27 45
27 45
27 46
27 47
27 48
27 48
27 49
27 50
27 51
27 51
27 52
27 52
28 53
28 53
28 53
29 52
29 52
30 51
30 50
30 50
30 49
31 48
31 47
31 47
31 46
32 45
32 44
32 44
32 43
33 42
33 41
33 41
34 40
34 39
34 39
34 38
34 38
34 37
34 37
34 36
34 36
35 36
35 36
35 36
35 37
35 37
35 38
35 38
36 39
36 40
36 40
36 41
36 42
36 43
36 43
36 44
37 45
37 46
37 47
37 47
37 48
38 49
38 50
38 50
38 51
38 52
38 52
39 53
39 54
39 54
40 55
40 56
40 56
41 57
41 57
41 57
41 56
42 55
42 54
42 53
42 52
43 51
43 50
43 49
44 48
44 47
44 46
44 45
45 44
45 43
45 42
45 41
46 40
46 39
46 38
47 37
47 36
47 35
47 34
48 33
48 32
48 32
48 33
48 34
48 34
47 33
47 32
47 32
47 32
47 31
47 31
48 30
48 30
48 29
48 29
49 28
49 28
50 27
50 27
50 27
51 28
51 28
51 29
51 29
51 30
51 31
51 32
51 32
51 33
51 34
51 35
51 36
51 36
51 37
51 38
51 39
51 40
51 41
51 41
51 42
51 43
51 44
51 45
51 46
51 46
51 47
51 48
50 49
50 50
50 51
50 52
50 52
50 53
50 54
50 55
50 56
50 57
50 57
50 58
50 59
49 60
49 61
49 62
49 62
49 63
49 64
49 65
49 66
49 67
49 68
49 68
49 69
49 70
49 71
49 72
49 72
49 73
49 74
49 75
49 76
49 76
49 77
49 78
49 79
49 79
49 80
49 81
49 82
49 82
49 83
49 83
49 84
49 84
49 83
49 82
49 81
49 80
49 79
49 78
49 77
49 76
49 75
49 74
49 73
49 72
49 71
49 70
49 69
49 68
49 67
49 66
49 65
49 64
49 63
49 62
49 61
49 60
49 59
49 58
49 57
49 56
49 55
49 54
49 53
49 52
49 51
49 51
49 50
49 49
50 48
50 47
50 46
50 45
51 44
51 43
51 42
51 42
51 41
51 40
51 39
51 39
52 38
52 37
52 37
53 36
53 35
53 35
54 34
54 34
55 34
55 34
56 35
56 35
57 36
57 36
58 37
58 38
58 38
58 39
58 40
58 41
58 41
58 42
58 43
58 44
58 44
58 45
57 46
57 47
57 48
57 48
57 49
56 50
56 51
56 51
56 52
55 53
55 54
55 54
54 55
54 56
54 56
53 57
53 58
53 58
52 58
52 58
52 57
53 56
53 55
54 54
54 53
54 52
55 51
55 50
56 49
56 48
56 47
57 46
57 45
58 44
58 43
58 42
59 41
59 40
60 39
60 38
60 37
61 36
61 35
62 34
62 33
62 33
63 32
63 32
63 31
63 31
63 30
63 30
64 29
64 28
64 28
64 27
64 27
65 26
65 25
65 25
66 24
66 23
66 23
67 23
67 23
68 23
68 23
69 24
69 25
69 25
69 26
69 27
69 27
69 28
69 29
69 29
69 30
70 31
70 32
70 33
70 33
70 34
70 35
70 36
70 37
70 37
70 38
70 39
70 40
70 41
70 42
70 42
70 43
70 44
70 45
70 46
70 47
70 47
70 48
70 49
69 50
69 51
69 52
69 53
69 53
69 54
69 55
69 56
68 57
68 58
68 59
68 60
68 60
68 61
68 62
68 63
67 64
67 65
67 66
67 67
67 67
67 68
67 69
67 70
67 71
67 72
67 73
67 73
67 74
67 75
67 76
66 77
66 78
66 79
66 80
66 80
66 81
66 82
66 83
66 84
66 84
66 85
66 86
66 87
66 87
66 88
66 89
66 89
66 90
66 90
66 89
66 88
66 87
66 86
66 85
66 84
66 83
67 82
67 81
67 80
67 79
67 78
67 77
67 76
67 75
67 74
67 73
67 72
67 71
67 70
67 69
67 68
67 67
68 66
68 65
68 64
68 63
68 62
68 61
68 60
68 59
68 58
68 57
68 56
68 55
68 54
68 53
68 52
68 51
69 50
69 49
69 48
69 47
69 46
69 45
69 44
69 43
69 42
69 42
69 41
70 40
70 39
70 38
70 38
70 37
70 36
70 36
70 35
70 34
70 34
71 33
71 33
72 32
72 32
73 31
74 31
74 31
75 31
75 31
76 32
76 32
76 33
76 33
76 34
77 35
77 36
77 36
77 37
77 38
77 39
77 39
77 40
76 41
76 42
76 43
76 43
76 44
75 45
75 46
75 46
75 47
74 48
74 49
74 49
74 50
73 51
73 52
73 52
72 53
72 54
72 54
71 55
70 56
70 56
70 56
70 55
71 54
71 53
72 52
72 51
73 50
73 49
73 48
74 47
74 46
75 45
75 44
76 43
76 42
77 41
77 40
77 39
78 38
78 37
79 36
79 35
80 34
80 33
80 33
81 33
82 32
83 32
83 32
83 31
83 31
84 30
84 29
84 29
85 29
85 29
85 30
85 30
86 31
86 31
86 32
86 33
86 33
86 34
86 35
86 36
86 37
86 37
86 38
86 39
86 40
86 41
86 41
86 42
86 43
86 44
86 45
86 45
86 46
86 47
86 48
86 48
86 49
86 50
86 51
86 51
87 52
87 53
87 53
87 54
87 54
88 54
88 54
89 53
89 53
90 52
90 51
90 51
90 50
91 49
91 48
91 48
92 47
92 46
93 45
93 44
93 44
93 43
94 42
94 41
95 40
95 39
95 39
95 38
96 37
96 36
97 35
97 34
97 34
97 33
98 32
98 31
98 31
99 30
99 29
99 29
100 28
100 28
100 28
100 28
100 28
99 29
99 29
99 30
99 31
99 32
99 32
99 33
98 34
98 35
98 36
98 36
98 37
98 38
98 39
98 40
98 40
98 41
98 42
97 43
97 44
97 45
97 45
97 46
97 47
97 48
96 49
96 50
96 51
96 52
96 52
96 53
95 54
95 55
95 56
94 57
94 58
94 58
94 59
94 60
94 61
93 62
93 63
93 64
93 65
93 65
93 66
92 67
92 68
92 69
92 70
91 71
91 72
91 72
91 73
91 74
90 75
90 76
90 77
90 78
90 78
90 79
89 80
89 81
88 82
88 83
88 83
88 84
88 85
87 86
87 87
87 88
87 88
87 89
86 90
86 91
85 92
85 93
85 93
85 94
84 95
84 96
84 97
84 97
83 98
83 99
82 100
