0 9
1 8
1 8
1 9
1 9
1 10
1 11
1 12
1 13
1 13
1 14
1 15
1 16
1 17
1 18
1 19
1 19
1 20
1 21
1 22
1 23
1 24
1 25
1 26
1 26
1 27
1 28
2 29
2 30
2 31
2 31
2 32
2 33
1 34
1 35
1 36
1 36
1 37
1 38
1 39
1 40
1 41
1 41
1 42
1 43
1 44
1 44
1 45
1 46
1 46
1 45
1 44
1 43
1 42
1 41
0 40
0 39
0 38
0 37
0 36
0 35
0 35
1 34
1 33
2 32
2 32
3 31
3 31
4 30
4 29
4 29
5 28
6 28
6 28
7 28
8 27
9 27
10 27
10 27
11 26
12 26
12 26
13 26
14 25
15 25
15 25
16 24
17 23
17 23
18 22
19 22
19 22
20 21
20 21
20 20
20 19
20 18
20 17
20 16
20 15
20 14
20 13
20 12
20 11
20 10
20 9
20 9
20 8
20 7
20 6
19 5
19 4
19 3
19 2
19 1
19 1
19 0
19 0
19 0
19 1
19 2
19 3
19 3
19 4
19 5
19 6
19 7
19 8
19 8
19 9
19 10
19 11
19 12
19 13
19 14
19 15
19 15
19 16
19 17
19 18
19 19
19 20
19 21
19 22
19 23
19 24
19 24
19 25
19 26
19 27
19 28
19 29
19 30
19 31
19 32
19 33
19 34
19 34
19 35
19 36
19 37
19 38
19 39
19 40
19 41
19 42
19 43
19 44
19 45
19 45
19 46
19 47
19 48
19 49
19 50
19 51
19 52
19 52
19 53
19 54
19 55
19 56
19 57
19 58
19 58
19 59
20 60
20 61
20 62
20 62
21 63
21 63
22 62
23 61
23 60
24 59
25 58
26 57
27 56
27 55
28 54
29 53
30 52
30 51
31 50
32 49
33 48
34 47
34 46
35 45
36 44
36 44
36 43
37 42
37 41
38 40
38 39
39 38
39 37
40 36
40 35
40 35
39 34
39 33
39 33
38 32
38 32
38 31
38 31
37 32
37 32
36 32
36 32
35 33
34 34
34 34
34 35
33 36
33 37
33 37
33 38
32 39
32 40
32 41
32 41
32 42
32 43
32 44
32 44
32 45
32 46
32 46
33 47
33 47
33 47
34 46
35 46
35 46
36 45
36 45
37 44
38 43
38 43
39 42
39 41
39 41
40 40
40 40
41 40
41 40
42 40
42 40
43 41
43 41
43 42
43 43
43 43
44 44
44 44
45 45
45 46
45 46
46 47
46 47
47 47
47 47
47 46
47 45
47 44
48 43
48 42
48 41
48 40
48 39
48 38
48 37
49 36
49 35
49 34
49 33
49 33
49 32
50 31
50 30
50 29
50 29
50 28
50 28
50 28
51 28
51 28
52 27
52 27
53 27
54 27
54 27
55 28
56 28
56 28
56 29
56 30
56 30
56 31
56 32
56 33
56 34
56 35
56 35
56 36
56 37
56 38
56 39
56 40
56 41
56 41
56 42
56 43
56 44
55 45
55 46
55 47
55 48
55 48
55 49
55 50
55 51
54 52
54 53
54 54
54 55
54 55
54 56
54 57
53 58
53 59
53 60
53 61
53 61
53 62
53 63
52 64
52 65
52 66
52 66
52 67
52 68
52 68
52 69
52 70
52 70
52 70
52 69
52 68
52 67
52 66
52 65
52 64
53 63
53 62
53 61
53 60
53 59
53 58
53 57
53 56
53 55
53 54
53 53
53 52
54 51
54 50
54 49
54 48
54 47
54 46
54 45
54 45
54 44
55 43
55 42
55 41
55 40
56 39
56 38
56 37
56 37
57 36
58 35
58 35
59 35
59 35
60 35
60 35
61 36
62 36
62 36
63 37
63 37
64 38
64 39
64 39
64 40
64 41
64 41
63 42
63 42
62 43
62 44
62 44
61 45
61 45
60 46
60 47
60 47
59 48
59 48
58 49
58 49
58 49
58 48
58 47
59 46
59 45
59 44
59 43
60 42
60 41
60 40
60 39
61 38
61 37
61 36
61 36
62 35
63 34
63 33
64 32
65 31
65 31
66 30
67 30
67 30
68 29
68 29
69 29
69 29
70 29
70 29
71 30
72 30
72 30
73 30
73 30
73 31
73 32
73 32
74 33
74 34
74 34
74 35
74 36
74 37
74 38
74 38
74 39
74 40
74 41
73 42
73 43
73 44
73 45
73 45
73 46
73 47
73 48
72 49
72 50
72 51
72 52
72 53
72 53
72 54
71 55
71 56
71 57
71 58
70 59
70 60
70 61
70 61
70 62
70 63
70 64
69 65
69 66
69 67
69 68
69 68
69 69
69 70
68 71
68 72
68 73
68 73
68 74
68 75
68 76
68 77
68 77
68 78
68 78
68 79
68 79
68 78
68 77
68 76
68 75
69 74
69 73
69 72
69 71
69 70
69 69
69 68
69 67
70 66
70 65
70 64
70 63
70 62
70 61
70 60
70 59
71 58
71 57
71 56
71 55
71 54
71 54
71 53
72 52
72 51
72 50
73 49
73 48
73 47
73 46
74 45
74 44
74 44
74 43
75 42
75 41
75 41
76 40
76 40
77 39
77 39
78 40
78 40
79 41
79 41
80 42
80 43
80 43
80 44
80 45
80 46
80 46
80 47
80 48
80 48
80 49
79 50
79 51
79 51
79 52
79 52
78 53
78 54
78 54
77 55
77 55
76 55
76 55
76 55
76 54
76 53
76 52
77 51
77 50
77 49
77 48
77 47
77 46
78 45
78 44
78 43
78 42
78 41
78 40
78 39
79 38
79 37
79 36
79 35
79 35
80 34
81 33
82 33
83 32
83 32
84 32
84 32
85 33
85 33
86 34
86 35
86 35
87 36
87 37
88 38
88 38
89 39
89 40
89 40
90 41
90 41
91 42
92 42
92 42
93 42
93 42
94 42
95 42
95 42
96 41
96 41
97 40
97 39
97 39
98 38
98 37
98 37
98 36
99 35
99 34
99 34
99 33
99 32
99 32
100 31
100 31
99 32
99 32
99 33
98 34
98 35
98 35
98 36
97 37
97 38
97 39
96 40
96 41
96 41
96 42
96 43
95 44
95 45
95 46
95 47
94 48
94 49
94 50
94 50
94 51
93 52
93 53
93 54
93 55
92 56
92 57
92 58
92 59
91 60
91 61
91 61
91 62
90 63
90 64
90 65
89 66
89 67
89 68
89 69
88 70
88 71
88 71
88 72
88 73
87 74
87 75
87 76
87 77
87 78
86 79
86 80
86 81
86 81
86 82
86 83
85 84
85 85
85 86
85 87
84 88
84 89
84 90
84 90
84 91
84 92
83 93
83 94
83 95
83 96
83 96
83 97
82 98
82 99
82 100
