0 6
0 5
0 4
0 4
0 3
0 3
0 3
0 4
0 5
0 5
0 6
0 7
0 8
0 8
0 9
0 10
0 11
0 12
0 13
0 13
0 14
0 15
1 16
1 17
1 18
1 19
1 19
1 20
1 21
1 22
1 23
1 24
1 25
1 26
1 26
1 27
1 28
1 29
1 30
1 31
1 32
1 33
1 34
1 34
1 35
1 36
0 37
0 38
0 39
0 40
0 40
0 41
0 42
0 43
0 44
0 45
0 46
0 46
0 47
1 48
1 49
1 50
1 50
1 51
1 52
1 52
1 53
1 53
1 52
1 51
1 50
1 49
1 48
1 47
1 46
0 45
0 44
0 43
0 42
0 41
0 40
0 39
0 38
0 37
0 37
0 36
1 35
1 34
1 33
1 33
1 32
1 31
1 31
1 30
1 29
1 28
1 28
2 28
2 28
3 27
4 27
4 27
5 26
5 26
6 26
6 26
7 25
7 25
8 24
9 24
9 24
10 23
10 23
10 22
10 21
11 20
11 19
11 18
11 17
11 16
12 15
12 14
12 13
12 12
12 11
12 10
13 9
13 8
13 7
13 6
13 5
14 4
14 3
14 2
14 2
15 1
15 0
15 0
15 1
15 1
15 2
15 3
15 4
15 4
15 5
15 6
15 7
15 8
15 9
15 9
15 10
15 11
15 12
15 13
16 14
16 15
16 16
16 17
16 18
16 19
16 19
16 20
16 21
16 22
16 23
16 24
16 25
16 26
16 27
16 28
16 29
16 30
16 31
16 31
16 32
16 33
16 34
16 35
16 36
16 37
16 38
16 39
16 40
16 41
16 42
16 43
16 44
16 44
16 45
16 46
16 47
16 48
16 49
16 50
16 51
16 52
16 53
16 54
16 55
16 56
16 56
16 57
16 58
16 59
16 60
16 61
16 62
16 63
16 64
16 64
16 65
16 66
16 67
16 68
16 69
16 70
16 70
16 71
16 72
16 73
16 74
16 74
17 75
17 76
17 76
18 77
18 77
18 76
19 75
19 74
20 73
20 72
20 71
21 70
21 69
22 68
22 67
22 66
23 65
23 64
24 63
24 62
24 61
25 60
25 59
26 58
26 57
26 56
27 55
27 54
28 53
28 52
28 51
29 50
29 49
30 48
30 47
30 46
31 45
31 44
32 43
32 42
32 42
33 41
33 40
34 39
34 38
35 37
35 36
36 35
36 34
36 34
36 33
35 32
35 31
35 30
35 30
35 29
35 28
35 28
35 27
35 27
35 26
35 26
34 26
34 26
33 27
33 27
32 28
32 28
32 29
31 30
31 31
31 31
31 32
31 33
30 34
30 35
30 36
30 36
30 37
30 38
29 39
29 40
29 41
29 42
29 42
29 43
29 44
29 45
29 46
29 47
29 48
29 48
29 49
29 50
29 51
29 52
29 53
29 53
29 54
29 55
29 55
30 56
30 57
30 57
31 57
31 57
32 56
33 56
33 56
34 55
34 54
35 53
35 53
36 52
36 51
37 50
37 49
37 49
38 48
38 47
39 46
39 45
39 45
39 44
40 43
40 42
40 41
40 41
40 40
40 39
40 38
40 38
41 37
41 37
41 37
41 38
41 39
41 39
41 40
42 41
42 42
42 42
42 43
42 44
42 45
42 46
42 46
42 47
42 48
42 49
42 50
42 50
42 51
42 52
42 53
42 53
43 54
43 55
43 55
43 56
43 56
43 55
43 54
43 53
44 52
44 51
44 50
44 49
44 48
44 47
44 46
45 45
45 44
45 43
45 42
45 41
45 40
46 39
46 38
46 37
46 36
46 35
46 34
46 33
47 32
47 31
47 30
47 29
47 29
48 28
48 27
48 27
48 26
48 26
48 25
48 25
49 24
50 24
50 24
51 23
52 23
52 23
53 22
54 22
54 22
55 22
56 22
56 22
57 23
57 23
57 24
58 25
58 26
58 27
58 27
58 28
58 29
58 30
58 31
58 32
58 32
58 33
58 34
58 35
58 36
58 37
58 38
58 39
58 39
58 40
58 41
58 42
58 43
58 44
58 45
58 46
58 47
58 48
58 49
58 49
58 50
58 51
58 52
58 53
57 54
57 55
57 56
57 57
57 58
57 59
57 59
57 60
57 61
57 62
57 63
56 64
56 65
56 66
56 67
56 68
56 69
56 69
56 70
56 71
56 72
56 73
56 74
56 75
56 76
56 77
56 78
56 78
56 79
56 80
56 81
55 82
55 83
55 84
55 85
55 85
55 86
55 87
55 88
55 89
55 89
54 90
54 91
54 91
54 92
54 92
54 91
54 90
54 89
54 88
54 87
54 86
54 85
54 84
54 83
54 82
54 81
55 80
55 79
55 78
55 77
55 76
55 75
55 74
55 73
55 72
55 71
55 70
55 69
55 68
55 67
55 66
55 65
55 64
55 63
55 62
55 61
55 60
55 59
55 58
55 57
56 56
56 55
56 54
56 53
56 52
56 51
56 50
56 49
56 48
56 47
56 46
56 45
56 45
56 44
56 43
57 42
57 41
57 40
57 39
57 38
57 37
58 36
58 35
58 34
58 34
58 33
58 32
58 31
58 31
59 30
59 30
60 30
60 30
61 31
61 31
62 32
62 32
63 33
63 33
64 34
64 35
64 35
64 36
64 37
64 38
64 39
64 39
64 40
63 41
63 42
63 42
63 43
63 44
63 45
63 45
62 46
62 47
62 47
62 48
61 49
61 50
61 50
60 51
60 51
59 52
59 52
59 53
59 53
59 52
59 51
60 50
60 49
60 48
60 47
60 46
61 45
61 44
61 43
61 42
61 41
62 40
62 39
62 38
62 37
62 36
62 35
63 34
63 33
63 32
63 31
63 30
64 29
64 28
64 27
64 27
65 26
66 25
66 24
67 23
67 23
68 22
68 22
69 21
69 21
70 20
70 19
70 19
71 18
72 18
72 18
73 18
73 18
74 18
74 18
75 19
75 20
75 20
75 21
76 22
76 23
76 23
76 24
76 25
76 26
76 27
76 27
76 28
76 29
76 30
75 31
75 32
75 33
75 34
75 34
75 35
75 36
75 37
74 38
74 39
74 40
74 41
74 42
74 42
74 43
74 44
74 45
74 46
74 47
73 48
73 49
73 50
73 51
73 52
73 53
73 53
73 54
73 55
72 56
72 57
72 58
72 59
71 60
71 61
71 62
71 62
71 63
71 64
71 65
70 66
70 67
70 68
70 69
70 70
70 70
70 71
70 72
70 73
69 74
69 75
69 76
69 77
69 78
69 78
69 79
68 80
68 81
68 82
68 82
68 83
68 83
68 82
68 81
68 80
68 79
68 78
69 77
69 76
69 75
69 74
69 73
69 72
69 71
69 70
69 69
69 68
69 67
69 66
70 65
70 64
70 63
70 62
70 61
70 60
70 59
70 58
70 57
70 56
70 55
70 54
71 53
71 52
71 51
71 50
71 49
71 48
71 47
71 47
71 46
72 45
72 44
72 43
72 42
73 41
73 40
73 39
73 38
74 37
74 36
74 35
74 35
74 34
75 33
75 32
75 32
76 31
76 31
77 30
77 30
78 30
78 30
79 31
79 32
79 32
79 33
79 34
79 35
79 35
79 36
79 37
79 38
79 38
79 39
79 40
79 41
79 41
79 42
78 43
78 44
78 44
78 45
78 46
78 47
78 47
77 48
77 49
77 49
76 50
76 51
76 51
75 52
75 52
74 52
74 52
74 51
74 50
75 49
75 48
75 47
75 46
76 45
76 44
76 43
76 42
77 41
77 40
77 39
77 38
78 37
78 36
78 35
78 34
78 33
79 32
79 31
79 30
79 29
80 28
80 27
80 26
80 25
81 24
81 23
81 22
81 21
82 20
82 19
82 18
82 18
83 19
84 19
85 20
85 20
86 21
86 22
86 22
86 23
86 24
86 24
86 25
87 26
87 27
87 28
87 28
87 29
88 30
88 31
88 31
89 32
90 33
90 33
91 34
91 34
91 35
91 35
92 35
92 35
92 34
93 33
93 32
94 31
94 30
94 29
95 28
95 27
96 26
96 25
97 24
97 23
97 22
98 21
98 20
99 19
99 18
99 18
100 17
100 16
100 16
100 17
99 18
99 19
99 19
99 20
98 21
98 22
97 23
97 24
97 24
97 25
97 26
96 27
96 28
96 29
96 30
95 31
95 32
95 33
95 33
95 34
95 35
94 36
94 37
94 38
94 39
94 40
94 41
93 42
93 43
93 44
93 44
93 45
93 46
93 47
93 48
93 49
92 50
92 51
92 52
92 53
92 54
92 55
92 56
92 56
92 57
92 58
91 59
91 60
91 61
91 62
91 63
91 64
90 65
90 66
90 67
90 68
90 68
90 69
90 70
89 71
89 72
89 73
89 74
89 75
89 76
88 77
88 78
88 79
88 79
88 80
88 81
87 82
87 83
87 84
87 85
87 86
86 87
86 88
86 89
86 89
86 90
85 91
85 92
85 93
85 94
84 95
84 96
84 96
84 97
83 98
83 99
83 100
