2 19
2 18
2 18
2 17
2 17
2 17
2 17
2 17
2 18
2 18
2 19
2 20
2 20
2 21
2 22
2 23
2 23
2 24
2 25
2 26
2 27
2 28
2 28
2 29
2 30
2 31
2 32
2 33
2 33
2 34
2 35
2 36
2 37
2 38
2 39
2 39
2 40
2 41
2 42
2 43
2 44
2 44
2 45
2 46
2 47
2 48
2 49
2 49
2 50
2 51
2 52
2 53
2 53
2 54
2 55
2 56
2 56
2 57
2 58
2 58
2 59
2 59
2 59
2 59
2 58
2 57
2 56
2 55
2 54
2 53
2 52
1 51
1 50
1 49
1 48
1 47
1 46
1 45
1 44
1 43
1 43
0 42
0 41
0 41
0 40
0 40
0 40
0 40
0 39
0 39
1 39
1 39
2 38
2 38
3 38
4 38
4 38
5 37
6 37
6 37
7 36
8 36
8 36
9 35
10 35
10 35
11 35
12 34
13 34
13 34
14 33
14 33
15 33
16 33
16 33
17 33
17 33
18 33
18 33
18 33
18 33
18 32
18 32
18 31
18 30
18 29
18 28
17 27
17 26
17 25
17 24
17 23
17 22
17 21
17 20
17 19
16 18
16 17
16 16
16 15
16 14
16 13
16 12
16 11
16 10
16 9
15 8
15 7
15 6
15 5
15 4
15 4
16 3
16 2
16 2
16 1
16 1
16 0
16 0
16 1
16 1
17 2
17 2
17 3
17 4
17 4
17 5
17 6
17 7
17 8
17 8
17 9
17 10
17 11
17 12
17 13
17 13
17 14
17 15
17 16
17 17
17 18
17 19
17 20
17 20
17 21
17 22
17 23
17 24
17 25
17 26
17 27
17 27
17 28
17 29
17 30
17 31
17 32
17 33
17 34
17 35
17 36
17 36
17 37
17 38
17 39
17 40
17 41
17 42
17 43
17 44
17 45
17 46
17 46
17 47
17 48
17 49
17 50
17 51
17 52
17 53
17 54
17 55
17 56
17 56
17 57
17 58
17 59
17 60
17 61
17 62
17 63
17 64
17 65
17 65
17 66
17 67
17 68
18 69
18 70
18 71
18 72
18 72
18 73
18 74
18 75
18 76
18 77
18 77
18 78
18 79
18 80
18 80
19 81
19 82
19 82
19 83
19 83
19 83
19 83
19 82
19 82
19 81
19 80
19 80
19 79
19 78
19 78
20 77
20 76
21 75
21 74
22 73
22 72
23 71
23 70
24 69
24 68
25 67
25 66
26 65
26 64
27 63
27 62
28 61
28 60
29 59
29 58
30 57
30 56
31 55
31 54
32 53
32 52
33 51
33 50
34 49
34 48
35 47
35 47
36 47
36 47
36 46
36 46
36 45
36 45
36 44
36 44
36 43
36 43
36 42
36 42
36 41
36 40
36 40
36 39
36 39
35 39
35 39
34 38
34 38
34 38
33 38
33 38
32 38
31 38
31 38
30 39
30 39
30 40
30 40
29 41
29 42
29 42
29 43
28 44
28 45
28 45
28 46
28 47
28 48
28 48
28 49
27 50
27 51
27 52
27 52
27 53
28 54
28 55
28 55
28 56
28 57
28 57
29 58
29 59
29 59
30 60
30 60
31 60
31 60
32 59
32 59
33 58
34 58
34 58
34 57
35 56
35 55
35 55
36 54
37 53
37 53
37 52
38 51
38 50
38 50
38 49
39 48
39 47
39 47
40 46
40 45
40 45
40 44
40 43
40 43
40 43
40 43
40 43
39 44
39 44
39 45
39 46
39 46
39 47
39 48
39 48
39 49
39 50
39 50
39 51
39 52
39 52
40 53
40 53
41 54
41 54
42 55
42 55
43 56
43 56
44 56
44 56
45 56
45 56
46 56
46 56
46 56
46 56
46 56
46 55
46 54
46 53
46 52
45 51
45 50
45 49
45 48
45 47
45 46
45 45
45 44
45 43
44 42
44 41
44 40
44 39
44 38
44 38
44 38
44 37
44 36
44 36
45 35
45 35
46 34
47 34
47 34
48 33
49 32
49 32
50 31
50 31
51 31
51 31
52 31
52 31
53 31
53 31
53 32
53 33
53 33
54 34
54 34
54 35
54 36
54 37
54 37
54 38
54 39
54 40
54 40
54 41
54 42
54 43
54 43
54 44
54 45
54 46
54 46
54 47
54 48
53 49
53 50
53 51
53 51
53 52
53 53
53 54
53 55
53 56
53 56
53 57
53 58
52 59
52 60
52 61
52 61
52 62
52 63
51 64
51 65
51 66
51 66
51 67
51 68
50 69
50 70
50 71
50 72
50 72
50 73
50 74
49 75
49 76
49 77
49 77
49 78
49 79
49 80
49 81
49 81
49 82
48 83
48 84
48 85
48 85
47 86
47 87
47 87
47 88
47 89
47 90
47 90
47 91
47 91
47 91
47 91
47 90
47 90
47 89
48 88
48 87
48 87
48 86
48 85
48 84
48 83
48 82
49 81
49 80
49 79
49 78
49 77
49 76
49 75
49 74
49 73
49 72
49 71
50 70
50 69
50 68
50 67
50 66
50 65
50 64
50 63
50 62
50 61
50 60
51 59
51 58
51 57
51 56
51 55
51 54
51 53
51 52
51 51
51 50
51 49
52 48
52 47
52 46
52 45
52 44
52 43
52 43
52 43
52 42
52 42
52 41
52 41
53 40
53 39
53 39
53 38
53 38
54 37
54 37
55 37
55 37
56 36
56 36
57 36
57 36
57 37
57 37
58 37
58 37
59 38
59 38
59 39
59 40
59 40
60 41
60 41
60 42
60 43
60 43
60 44
60 45
60 45
60 46
60 47
60 47
59 48
59 48
59 49
59 50
59 50
58 51
58 52
58 52
58 53
58 54
58 54
57 55
57 56
57 56
56 57
56 57
55 58
55 59
55 59
54 60
54 60
53 60
53 60
53 60
53 61
53 61
53 61
53 61
54 60
54 59
55 58
55 57
56 56
56 55
57 54
57 53
58 52
58 51
59 50
59 49
60 48
60 47
61 46
61 45
62 44
62 43
63 42
63 41
64 40
64 40
65 40
65 40
66 39
66 39
66 39
67 38
67 38
68 37
68 37
69 36
69 36
70 36
71 36
71 36
71 35
71 35
72 35
72 35
72 36
72 36
73 37
73 37
73 38
73 39
73 39
73 40
73 41
73 41
73 42
73 43
73 43
73 44
73 45
73 46
73 46
73 47
72 48
72 49
72 49
72 50
71 51
71 52
71 53
71 53
71 54
71 55
71 56
71 57
71 58
71 58
71 59
71 60
70 61
70 62
70 63
70 63
70 64
70 65
69 66
69 67
69 68
69 68
69 69
68 70
68 71
68 72
67 73
67 74
67 74
67 75
67 76
66 77
66 78
66 79
66 79
66 80
66 81
65 82
65 83
65 84
65 84
64 85
64 86
63 87
63 88
63 88
63 89
62 90
62 91
62 91
61 92
61 93
61 93
61 94
61 94
61 94
61 93
61 93
62 92
62 92
62 91
62 90
63 89
63 88
63 87
63 86
63 85
64 84
64 83
64 82
64 81
64 80
64 79
65 78
65 77
65 76
65 75
65 74
66 73
66 72
66 71
66 70
66 69
67 68
67 67
67 66
67 65
67 64
67 63
68 62
68 61
68 60
68 59
68 58
69 57
69 56
69 55
69 54
69 53
70 52
70 51
70 50
70 49
70 48
70 47
71 46
71 45
71 44
71 44
70 45
70 45
69 44
69 43
69 43
69 43
70 42
70 42
70 41
70 41
71 40
71 40
72 40
72 40
73 39
74 39
74 39
75 39
75 39
76 39
76 39
77 40
78 40
78 40
79 40
79 40
80 41
80 42
80 42
80 43
80 43
81 44
81 44
81 45
81 46
81 46
81 47
81 48
81 49
81 49
80 50
80 51
80 51
80 52
79 53
79 54
79 54
78 55
78 56
78 56
77 57
77 58
77 58
76 59
75 60
75 60
74 61
74 61
73 62
73 62
72 62
72 62
72 62
72 62
72 61
72 61
72 61
73 60
73 59
74 58
74 57
75 56
75 55
76 54
76 53
77 52
77 51
78 50
78 49
79 48
79 47
80 46
80 45
81 44
81 43
81 43
81 43
81 43
81 43
81 43
81 42
81 42
81 42
81 42
82 41
82 41
82 41
83 40
83 40
84 39
84 39
84 39
85 39
85 39
86 39
86 39
87 40
87 40
87 41
87 42
87 42
88 43
88 44
88 44
88 45
89 46
89 47
89 47
89 48
89 49
89 50
89 51
89 51
89 52
89 53
89 54
89 54
89 55
90 56
90 57
90 57
90 58
90 59
90 60
90 60
90 61
90 62
90 62
90 63
90 64
90 64
90 65
90 66
90 66
90 66
90 66
90 65
90 65
90 64
90 64
90 63
91 62
91 61
91 60
92 59
92 58
92 57
93 56
93 55
93 54
94 53
94 52
94 51
95 50
95 49
95 48
96 47
96 46
96 45
97 44
97 43
97 43
98 42
98 42
99 41
99 41
99 40
99 40
100 40
100 40
100 40
100 40
99 40
99 40
98 41
98 42
98 42
98 43
97 44
97 45
97 45
97 46
96 47
96 48
96 48
95 49
95 50
94 51
94 52
94 52
94 53
93 54
93 55
92 56
92 57
92 57
92 58
91 59
91 60
91 61
90 62
90 63
90 63
90 64
89 65
89 66
89 67
88 68
88 69
88 69
88 70
87 71
87 72
86 73
86 74
86 74
85 75
85 76
84 77
84 78
83 79
83 80
83 80
83 81
82 82
82 83
81 84
81 85
81 85
81 86
80 87
80 88
79 89
79 90
79 90
78 91
78 92
77 93
77 94
76 95
76 95
75 96
75 97
75 97
74 98
74 99
74 99
73 100
73 100
72 100
72 100
72 100
72 100
73 99
73 99
73 98
73 97
73 97
74 96
