3 19
2 18
2 17
2 17
2 16
2 15
2 15
2 14
2 14
2 13
2 13
1 13
1 13
1 13
1 13
1 13
1 14
1 15
1 15
1 16
1 17
1 17
1 18
1 19
1 20
1 21
1 22
1 22
1 23
1 24
1 25
1 26
1 27
1 28
1 28
1 29
1 30
1 31
1 32
1 33
1 34
1 34
1 35
1 36
2 37
2 38
2 39
2 40
2 40
2 41
2 42
2 43
2 44
2 45
2 46
2 47
2 47
2 48
2 49
2 50
2 51
2 52
2 52
2 53
2 54
2 55
2 56
2 56
2 57
2 58
2 58
3 59
3 60
3 60
3 60
3 59
3 58
3 57
3 56
3 55
3 54
3 53
3 52
3 51
3 51
3 50
3 49
2 48
2 47
2 46
2 45
2 45
1 44
1 44
0 43
0 42
0 42
0 41
0 41
0 41
0 40
0 40
0 40
1 39
1 39
2 38
2 38
3 37
4 37
4 37
5 36
6 36
6 36
7 35
8 35
8 35
9 34
10 34
11 33
11 33
12 33
13 33
13 33
14 32
14 32
15 32
15 32
16 32
16 32
16 32
16 32
16 31
16 30
16 29
16 28
16 27
16 26
16 25
16 24
16 23
16 22
16 21
16 20
16 19
16 18
16 17
16 16
16 15
16 14
16 13
16 12
16 11
16 10
16 9
16 9
16 8
17 7
17 6
17 5
17 5
17 4
17 3
17 2
17 2
16 1
16 1
16 0
16 0
16 0
16 1
16 1
16 2
16 2
16 3
16 4
16 5
16 5
16 6
16 7
15 8
15 9
15 10
15 10
15 11
15 12
15 13
15 14
15 15
15 16
15 16
15 17
15 18
15 19
15 20
15 21
15 22
15 23
15 23
15 24
15 25
15 26
15 27
15 28
15 29
15 30
15 31
15 31
15 32
15 33
15 34
15 35
16 36
16 37
16 38
16 39
16 40
16 41
16 41
16 42
16 43
16 44
16 45
16 46
16 47
16 48
16 49
16 50
16 50
16 51
16 52
16 53
16 54
17 55
17 56
17 57
17 58
17 59
17 59
17 60
17 61
17 62
18 63
18 64
18 65
18 66
18 66
18 67
18 68
18 69
18 70
18 71
18 72
18 73
18 73
18 74
18 75
18 76
18 77
18 78
18 78
18 79
18 80
18 81
18 82
18 82
18 83
18 84
18 85
18 85
18 86
18 87
18 87
19 87
19 87
19 87
19 87
19 87
18 86
18 86
18 85
19 84
19 83
20 82
20 81
20 80
21 79
21 78
22 77
22 76
23 75
23 74
23 73
24 72
24 71
25 70
25 69
25 68
26 67
26 66
27 65
27 64
27 63
28 62
28 61
29 60
29 59
29 58
30 57
30 56
31 55
31 54
32 53
32 52
32 51
33 50
33 49
34 48
34 47
34 47
34 46
34 45
34 45
34 45
34 44
34 43
34 43
34 42
34 41
34 40
34 40
33 39
33 38
33 38
33 37
33 36
33 36
32 35
32 35
31 34
31 34
30 34
30 34
29 34
29 34
28 35
28 35
27 36
27 36
27 37
26 38
26 39
26 39
26 40
26 41
26 41
26 42
25 43
25 44
25 45
25 45
25 46
25 47
25 48
25 48
25 49
25 50
25 50
25 51
25 52
25 53
25 53
26 54
26 54
27 55
27 55
28 55
28 55
29 54
29 54
30 53
30 53
31 52
31 51
31 51
31 50
31 49
31 49
32 48
32 47
32 47
33 46
33 45
33 45
33 44
33 44
33 44
33 44
33 44
33 45
33 45
33 46
33 46
33 47
33 47
33 48
33 48
34 49
34 49
35 50
35 50
36 51
36 51
37 51
37 51
38 51
38 51
39 50
39 50
40 50
40 50
40 49
40 49
41 49
41 49
41 49
41 49
41 49
41 48
41 47
41 46
41 45
41 44
41 43
41 42
41 41
41 40
41 39
41 38
41 37
41 37
40 36
40 36
40 35
40 35
41 34
41 34
42 33
42 32
42 32
43 31
43 31
44 30
44 30
45 29
45 28
45 28
45 27
45 27
46 27
46 27
47 27
47 27
47 27
48 28
48 28
48 29
48 29
48 30
48 30
48 31
48 32
48 32
48 33
48 34
48 34
48 35
48 36
48 37
48 37
48 38
48 39
48 40
48 41
48 41
48 42
48 43
48 44
48 45
48 46
48 46
48 47
48 48
48 49
48 50
48 51
48 51
48 52
48 53
48 54
48 55
48 56
48 57
48 57
48 58
48 59
48 60
48 61
48 62
48 62
48 63
48 64
47 65
47 66
47 67
47 68
47 68
47 69
47 70
47 71
47 72
47 73
47 73
47 74
47 75
46 76
46 77
46 78
46 78
46 79
46 80
46 81
46 81
45 82
45 83
45 83
45 84
45 84
45 84
45 84
45 83
45 83
45 82
45 81
45 81
45 80
45 79
45 78
45 77
45 76
45 75
45 74
45 73
45 72
45 71
45 70
45 69
45 68
45 67
45 66
45 65
45 64
45 63
45 62
46 61
46 60
46 59
46 58
46 57
46 56
46 55
46 54
46 53
46 52
46 51
46 50
46 49
46 48
46 47
46 46
46 45
46 44
46 43
46 42
46 41
46 41
47 40
47 39
47 39
46 38
46 38
46 37
46 37
46 36
46 36
47 35
47 35
48 35
48 35
49 34
49 34
50 34
50 34
51 34
51 34
52 34
52 34
53 35
53 35
54 36
54 36
55 37
55 38
55 38
55 39
55 40
55 40
55 41
55 42
55 43
55 43
55 44
55 45
55 45
54 46
54 47
54 47
53 48
53 48
52 49
52 50
52 50
51 51
51 51
50 52
50 52
49 52
49 52
48 52
48 52
48 52
47 51
47 50
47 50
48 49
49 49
50 48
51 47
52 47
53 46
54 45
55 45
56 44
57 44
58 43
59 42
60 42
61 41
61 41
60 41
60 41
60 40
60 40
60 40
60 39
60 39
60 38
60 38
61 37
61 36
61 36
61 35
61 35
62 34
62 33
62 33
63 32
63 32
64 32
64 32
65 31
65 31
66 31
66 31
67 31
67 31
68 32
68 32
69 33
69 33
69 34
69 35
69 36
69 36
70 37
70 38
70 38
70 39
70 40
70 41
70 42
70 42
70 43
70 44
70 45
70 46
70 46
70 47
69 48
69 49
69 50
69 50
69 51
69 52
69 53
69 54
69 54
69 55
69 56
69 57
69 58
69 59
69 59
69 60
69 61
68 62
68 63
68 64
68 64
68 65
67 66
67 67
67 68
67 68
67 69
67 70
67 71
67 71
67 72
66 73
66 74
66 74
66 75
66 75
66 76
66 76
66 76
66 75
66 75
66 74
66 74
66 73
67 72
67 71
67 71
67 70
67 69
67 68
67 67
67 66
67 65
67 64
68 63
68 62
68 61
68 60
68 59
68 58
68 57
68 56
68 55
68 54
68 53
68 52
68 51
68 50
68 49
68 48
69 47
69 46
69 45
69 44
69 43
69 42
69 41
69 40
69 39
69 39
69 38
69 37
69 37
68 36
68 36
68 35
68 35
69 34
69 33
69 33
70 32
70 32
70 31
70 31
71 31
71 31
72 30
72 30
73 30
73 30
74 30
74 30
75 30
75 30
76 31
76 32
76 32
76 33
76 33
76 34
77 35
77 36
77 36
77 37
77 38
77 38
76 39
76 40
76 40
76 41
76 42
76 43
76 43
75 44
75 45
75 45
75 46
75 47
75 47
74 48
74 48
74 49
74 49
73 50
73 50
72 50
72 50
72 50
72 50
72 50
72 49
72 49
71 49
71 49
72 48
73 47
74 46
75 45
76 44
77 43
78 42
79 41
80 40
80 40
80 40
80 39
80 38
80 37
80 37
80 36
80 35
80 35
81 34
81 34
82 33
82 32
82 32
83 31
83 31
84 30
84 30
85 30
85 30
86 30
86 30
86 30
87 31
87 31
88 32
88 33
88 33
88 34
89 35
89 36
89 36
89 37
89 38
89 38
89 39
90 40
90 41
90 41
90 42
91 43
91 44
91 44
91 45
91 46
91 46
91 47
91 48
91 48
91 49
91 49
92 50
92 50
92 51
92 51
92 51
92 50
92 50
92 49
92 49
92 48
93 47
93 46
94 45
94 44
94 43
95 42
95 41
95 40
96 39
96 38
97 37
97 36
97 35
98 34
98 33
98 33
99 32
99 32
99 32
99 31
99 31
100 31
100 31
100 31
100 31
99 32
99 32
99 33
99 33
99 34
98 35
98 36
98 36
97 37
97 38
96 39
96 40
96 40
96 41
95 42
95 43
95 44
95 44
95 45
95 46
94 47
94 48
94 49
94 49
94 50
93 51
93 52
92 53
92 54
92 54
92 55
92 56
91 57
91 58
91 59
91 60
91 60
91 61
90 62
90 63
90 64
90 65
89 66
89 67
89 67
89 68
88 69
88 70
87 71
87 72
86 73
86 74
86 74
85 75
85 76
84 77
84 78
83 79
83 80
83 80
83 81
83 82
82 83
82 84
82 85
82 85
82 86
81 87
81 88
80 89
80 90
80 90
80 91
79 92
79 93
79 94
79 94
79 95
78 96
78 97
78 97
78 98
78 99
78 99
78 100
78 100
78 100
78 100
78 100
78 99
78 99
78 98
78 98
79 97
79 97
79 96
79 95
