0 5
0 4
1 3
1 2
1 2
1 1
1 0
1 0
1 0
1 1
1 2
1 2
1 3
0 4
0 5
0 5
0 6
0 7
0 8
0 9
0 10
0 10
0 11
0 12
0 13
0 14
0 15
0 16
0 16
0 17
0 18
0 19
0 20
0 21
0 22
0 23
0 23
0 24
0 25
0 26
0 27
0 28
0 29
0 30
0 30
0 31
0 32
0 33
0 34
0 35
0 36
0 36
0 37
0 38
0 39
0 40
0 41
0 42
0 42
0 43
0 44
0 45
0 46
0 47
0 48
0 48
0 49
0 50
0 51
0 52
0 52
0 53
0 54
0 55
0 55
0 56
0 56
0 55
0 54
0 53
0 52
0 51
0 50
0 49
0 48
0 47
0 46
0 45
0 44
0 43
0 42
0 41
0 40
0 40
0 39
0 38
0 37
0 36
0 35
0 34
0 33
0 33
0 32
0 31
0 31
0 31
0 30
0 30
1 30
1 30
2 30
2 30
3 30
3 30
4 29
4 29
5 28
6 28
6 28
7 28
8 28
8 28
9 27
10 27
10 27
11 27
12 27
12 27
13 26
13 26
14 26
15 26
15 26
15 26
15 25
15 24
15 23
16 22
16 21
16 20
16 19
16 18
16 17
17 16
17 15
17 14
17 13
17 12
17 11
18 10
18 9
18 8
18 7
18 7
18 6
19 5
19 4
19 3
19 3
19 3
19 3
19 4
19 5
19 5
19 6
19 7
19 8
19 8
19 9
19 10
19 11
19 12
19 13
19 13
19 14
19 15
19 16
19 17
19 18
19 18
19 19
19 20
19 21
19 22
19 23
19 24
19 24
19 25
19 26
19 27
19 28
19 29
19 30
19 31
19 31
19 32
19 33
18 34
18 35
18 36
18 36
18 37
18 38
18 39
18 40
18 41
18 41
18 42
18 43
18 44
18 45
18 46
18 46
18 47
19 48
19 49
19 49
19 50
19 51
19 52
19 52
20 51
21 50
22 49
23 48
24 47
25 47
26 46
27 45
28 44
29 43
30 42
31 41
32 40
33 39
34 38
35 38
36 37
37 36
38 35
39 34
40 33
40 33
39 32
39 31
38 30
38 30
37 29
37 28
37 28
36 27
36 26
36 26
35 25
35 25
34 24
34 24
33 24
33 24
32 25
32 26
32 26
31 27
31 28
31 28
31 29
30 30
30 31
30 32
30 32
30 33
29 34
29 35
29 35
29 36
29 37
29 38
29 39
29 39
29 40
28 41
28 42
28 42
28 43
28 44
28 44
28 45
28 46
28 46
29 47
29 47
29 48
29 48
30 47
30 47
31 46
31 46
32 45
32 44
32 44
32 43
33 42
33 41
33 40
33 40
33 39
34 38
34 37
34 37
34 36
34 35
34 34
34 34
35 33
35 33
35 32
35 32
35 32
35 32
35 33
35 34
35 34
35 35
35 36
35 36
35 37
36 38
36 39
36 39
36 40
36 41
36 42
36 42
36 43
36 44
36 45
36 45
37 46
37 47
37 47
38 48
38 49
38 49
39 50
39 51
39 51
40 52
40 52
41 52
41 52
41 51
42 50
42 49
42 48
42 47
43 46
43 45
43 44
44 43
44 42
44 41
45 40
45 39
45 38
45 37
46 36
46 35
46 35
46 35
46 35
45 34
45 33
45 33
46 32
46 32
46 31
46 31
47 30
47 30
47 29
47 28
47 28
48 28
48 28
49 28
49 28
49 28
50 29
50 30
50 30
50 31
50 32
50 32
50 33
50 34
50 35
50 35
50 36
50 37
50 38
50 39
50 40
50 40
50 41
50 42
50 43
50 44
50 45
50 45
50 46
50 47
50 48
50 49
50 50
50 51
50 51
50 52
50 53
49 54
49 55
49 56
49 57
49 57
49 58
49 59
48 60
48 61
48 62
48 63
48 63
48 64
48 65
48 66
48 67
48 68
48 69
48 70
48 70
48 71
48 72
47 73
47 74
47 75
47 76
47 76
47 77
47 78
47 79
47 80
47 81
47 81
47 82
47 83
47 84
47 85
47 85
47 86
47 87
47 88
47 88
47 89
47 90
47 90
47 91
47 92
47 92
47 91
47 90
47 89
47 88
47 87
47 86
48 85
48 84
48 83
48 82
48 81
48 80
48 79
48 78
48 77
48 76
48 75
48 74
49 73
49 72
49 71
49 70
49 69
49 68
49 67
49 66
49 65
49 64
49 63
49 62
50 61
50 60
50 59
50 58
50 57
50 56
50 55
50 54
50 53
50 52
50 51
50 50
51 49
51 48
51 47
51 46
51 45
51 44
51 43
51 43
51 42
51 41
52 40
52 39
52 38
52 38
52 37
52 36
52 36
53 35
53 34
53 34
53 33
53 33
54 33
54 33
55 33
55 33
56 33
56 33
57 34
57 35
57 35
58 36
58 37
58 37
58 38
58 39
58 40
58 40
58 41
57 42
57 43
57 43
57 44
57 45
57 46
57 46
57 47
56 48
56 49
56 49
56 50
55 51
55 52
55 52
54 53
54 53
53 54
53 55
53 55
53 54
54 53
54 52
55 51
55 50
55 49
56 48
56 47
57 46
57 45
58 44
58 43
58 42
59 41
59 40
60 39
60 38
60 37
61 36
61 35
62 34
62 33
62 33
63 32
64 32
65 31
65 31
65 30
65 30
66 30
66 30
67 29
67 29
68 29
68 29
69 28
69 28
70 28
70 28
71 28
71 28
71 29
71 29
71 30
72 31
72 32
72 32
72 33
72 34
72 35
72 36
72 36
72 37
72 38
71 39
71 40
71 41
71 41
71 42
71 43
70 44
70 45
70 46
70 47
70 47
70 48
70 49
70 50
70 51
70 52
70 52
70 53
70 54
69 55
69 56
69 57
69 58
69 58
69 59
69 60
68 61
68 62
68 63
68 63
68 64
68 65
67 66
67 67
67 68
67 68
67 69
67 70
67 71
67 72
67 73
67 73
67 74
67 75
67 76
67 76
67 77
67 78
67 79
67 79
67 80
67 81
67 82
67 82
67 83
67 84
67 84
67 85
67 85
67 84
67 83
67 82
67 81
67 80
68 79
68 78
68 77
68 76
68 75
68 74
68 73
68 72
68 71
68 70
69 69
69 68
69 67
69 66
69 65
69 64
69 63
69 62
69 61
69 60
69 59
70 58
70 57
70 56
70 55
70 54
70 53
70 52
70 51
70 50
70 49
71 48
71 47
71 46
71 45
71 44
71 43
71 43
71 42
71 41
72 40
72 39
72 38
72 38
72 37
72 36
72 36
72 36
73 35
73 35
74 35
74 35
75 36
75 36
75 36
76 37
76 38
76 38
76 39
76 40
76 41
76 41
76 42
76 43
76 44
76 44
76 45
75 46
75 47
75 47
75 48
74 49
74 50
74 50
74 51
73 52
73 53
73 53
73 54
72 55
72 56
72 56
71 57
70 58
70 58
71 57
71 56
72 55
72 54
73 53
73 52
74 51
74 50
75 49
75 48
76 47
76 46
77 45
77 44
78 43
78 42
79 41
79 40
80 39
80 38
81 37
81 36
82 35
82 34
83 33
83 33
84 32
85 31
85 31
85 30
85 30
85 30
86 31
86 31
87 32
87 32
87 33
87 33
88 34
88 34
88 35
88 36
88 37
88 37
88 38
88 39
88 40
88 40
88 41
89 42
89 43
89 43
89 44
89 45
89 45
89 46
89 47
89 47
90 48
90 49
90 49
90 49
91 49
91 49
91 49
92 48
92 48
93 47
93 46
93 46
94 45
94 44
94 44
94 43
95 42
95 41
95 41
96 40
96 39
96 39
96 38
97 37
97 36
97 36
98 35
98 34
98 34
99 33
99 33
99 32
99 32
100 31
100 31
99 31
99 31
99 31
99 32
99 32
99 33
99 34
99 34
98 35
98 36
98 36
98 37
98 38
97 39
97 40
97 41
97 41
97 42
97 43
97 44
97 45
97 46
97 46
97 47
96 48
96 49
95 50
95 51
95 51
95 52
95 53
95 54
94 55
94 56
94 57
94 58
94 58
94 59
93 60
93 61
93 62
92 63
92 64
92 64
92 65
91 66
91 67
91 68
91 69
90 70
90 71
90 71
90 72
89 73
89 74
89 75
89 76
88 77
88 78
88 79
88 79
88 80
88 81
87 82
87 83
87 84
87 85
87 85
87 86
86 87
86 88
86 89
85 90
85 91
85 91
85 92
85 93
84 94
84 95
84 96
84 96
83 97
83 98
82 99
82 100
