3 7
3 6
3 6
2 5
2 5
2 6
2 6
2 6
2 7
2 8
2 8
2 9
2 10
2 11
2 11
2 12
2 13
2 14
2 14
2 15
2 16
1 17
1 18
1 19
1 20
1 20
1 21
1 22
1 23
1 24
1 25
1 26
1 26
1 27
1 28
1 29
1 30
1 31
1 32
1 32
1 33
1 34
0 35
0 36
0 37
0 38
0 38
0 39
0 40
0 41
0 42
0 43
0 44
0 44
0 45
0 46
0 47
0 48
0 49
0 49
0 50
0 51
0 52
0 53
0 54
0 54
0 55
0 56
0 57
0 58
0 59
0 59
0 60
0 61
0 62
0 62
0 63
0 64
0 65
0 65
0 66
0 66
0 65
0 64
0 63
0 62
0 61
0 60
0 59
0 58
0 57
0 56
0 55
0 54
0 53
0 52
0 51
0 50
0 49
0 48
0 47
0 46
0 45
0 45
0 44
0 43
0 43
0 43
0 43
0 43
0 43
0 43
1 42
1 42
2 41
2 41
3 40
4 40
4 40
5 39
6 38
6 38
7 37
8 36
8 36
9 35
10 35
10 35
11 34
12 34
12 34
13 33
13 33
14 33
14 33
15 33
15 33
15 32
15 31
15 30
15 29
16 28
16 27
16 26
16 25
16 24
16 23
16 22
16 21
16 20
16 19
17 18
17 17
17 16
17 15
17 14
17 13
17 12
17 11
17 10
17 9
18 8
18 7
18 6
18 5
18 4
18 4
18 3
19 2
19 1
19 1
20 0
20 0
20 1
20 2
20 2
20 3
20 3
20 4
20 5
20 6
20 7
20 8
20 8
20 9
20 10
19 11
19 12
19 13
19 13
19 14
19 15
19 16
19 17
19 18
19 18
19 19
19 20
19 21
19 22
19 23
19 24
19 25
19 25
19 26
19 27
18 28
18 29
18 30
18 31
18 31
18 32
18 33
18 34
18 35
18 36
18 37
18 38
18 38
18 39
18 40
18 41
18 42
18 43
18 44
18 44
18 45
18 46
18 47
18 48
18 49
18 50
18 50
18 51
18 52
18 53
18 54
18 55
18 55
18 56
18 57
19 58
19 59
19 60
19 60
19 61
19 62
19 63
19 64
19 64
19 65
19 66
19 67
19 67
19 68
19 69
19 70
19 71
19 71
20 72
20 72
20 71
21 70
21 69
22 68
22 67
23 66
23 65
24 64
24 63
25 62
25 61
25 60
26 59
26 58
27 57
27 56
28 55
28 54
29 53
29 52
30 51
30 50
31 49
31 48
31 47
32 46
32 45
33 44
33 43
34 42
34 41
35 40
35 39
36 38
36 37
36 37
36 36
36 36
36 36
35 35
35 34
35 34
35 33
35 33
35 32
35 32
34 31
34 31
34 30
34 30
33 30
33 30
32 30
32 30
31 31
31 31
31 32
31 33
31 33
30 34
30 35
30 35
30 36
29 37
29 38
29 38
29 39
28 40
28 41
28 41
28 42
27 43
27 44
27 45
27 45
27 46
27 47
27 48
27 49
27 49
27 50
27 51
27 51
27 52
28 53
28 54
28 54
28 55
28 55
29 55
29 55
30 55
30 55
31 54
31 54
32 53
32 52
32 52
32 51
32 50
32 49
32 49
32 48
33 47
33 46
33 46
33 45
34 44
34 43
34 43
34 42
34 41
34 40
34 39
34 39
35 38
35 37
35 37
35 36
35 36
35 35
35 35
35 35
35 36
35 36
35 37
35 37
35 38
35 38
35 39
36 40
36 41
36 41
36 42
36 43
36 43
36 44
37 45
37 46
37 46
38 47
38 48
38 48
39 49
39 49
40 50
40 50
41 51
41 51
41 51
42 51
42 51
42 50
43 49
43 48
43 47
44 46
44 45
44 44
45 43
45 42
45 41
45 40
46 39
46 38
46 37
47 36
47 35
47 35
47 35
47 34
47 33
47 33
46 33
46 33
46 32
46 31
46 31
47 30
47 30
47 29
47 28
47 28
48 27
48 26
48 26
48 25
48 24
48 24
49 23
49 23
50 23
50 23
51 23
51 23
51 23
52 24
52 25
52 25
52 26
52 27
52 27
52 28
52 29
52 30
52 31
52 31
52 32
52 33
52 34
52 35
52 35
52 36
52 37
52 38
52 39
52 39
52 40
52 41
52 42
52 43
52 44
52 44
52 45
52 46
51 47
51 48
51 49
51 49
51 50
51 51
51 52
51 53
51 54
51 55
51 55
51 56
51 57
51 58
51 59
51 60
51 61
51 62
51 62
51 63
51 64
51 65
51 66
51 67
51 67
51 68
51 69
51 70
51 71
51 71
51 72
50 73
50 74
50 75
50 75
50 76
50 77
50 77
50 78
50 79
50 79
51 80
51 80
51 80
51 79
51 78
51 77
51 76
51 75
51 74
51 73
51 72
51 71
50 70
50 69
50 68
50 67
50 66
50 65
50 64
50 63
50 62
50 61
50 60
50 59
50 58
50 57
50 56
50 55
50 54
50 53
50 52
50 51
49 50
49 49
49 48
49 47
49 46
49 45
49 44
49 43
49 42
49 41
49 41
49 40
49 39
49 38
49 38
49 37
49 36
49 36
49 35
49 34
49 34
50 33
50 33
51 32
51 32
52 31
52 31
53 30
53 30
54 30
55 30
55 30
56 30
56 30
57 31
57 31
57 32
57 33
57 33
57 34
57 35
57 35
57 36
57 37
57 38
57 38
56 39
56 40
56 40
56 41
56 42
56 42
55 43
55 44
55 44
54 45
53 46
53 46
53 47
53 47
52 47
52 47
53 46
53 45
54 44
54 43
55 42
55 41
56 40
56 39
57 38
58 37
58 36
59 35
59 34
60 33
60 32
61 31
61 30
62 29
62 28
63 27
63 27
62 26
62 26
62 26
62 25
62 25
62 24
62 24
63 24
63 24
63 23
63 23
64 22
65 21
65 21
66 20
66 20
67 19
67 19
68 19
68 19
69 20
69 20
70 21
70 21
70 22
70 23
70 24
70 24
70 25
71 26
71 27
71 27
71 28
71 29
71 30
71 31
71 32
71 32
71 33
71 34
71 35
71 36
71 37
71 37
71 38
71 39
70 40
70 41
70 42
70 43
70 43
70 44
70 45
70 46
70 47
70 48
70 49
70 49
70 50
70 51
70 52
70 53
70 54
70 55
70 55
70 56
70 57
69 58
69 59
69 60
69 61
69 61
69 62
69 63
69 64
69 65
69 66
69 66
69 67
68 68
68 69
68 70
68 70
68 71
68 72
68 73
68 74
68 74
68 75
68 76
68 76
68 77
68 78
68 78
68 78
68 78
68 77
68 77
68 76
68 75
68 74
68 73
68 72
68 71
68 70
68 69
68 68
68 67
68 66
68 65
68 64
68 63
68 62
68 61
68 60
68 59
68 58
68 57
68 56
68 55
68 54
68 53
68 52
68 51
68 50
68 49
68 48
68 47
68 46
68 45
68 44
68 43
68 42
68 41
68 40
68 39
68 38
68 37
68 36
68 35
68 34
68 33
68 32
68 31
68 30
68 30
67 29
67 29
67 28
67 28
67 27
67 27
68 26
68 26
68 25
68 25
69 24
69 24
70 23
71 23
71 23
72 23
72 23
73 23
74 23
74 23
75 24
75 24
75 25
75 26
75 27
75 27
76 28
76 29
76 29
76 30
76 31
76 32
76 32
76 33
76 34
76 35
76 35
76 36
75 37
75 38
75 38
75 39
74 40
74 41
74 41
73 42
73 43
73 43
72 44
72 45
72 45
71 46
70 47
70 47
70 47
69 48
69 48
69 48
69 47
70 46
70 45
70 44
71 43
71 42
72 41
72 40
72 39
73 38
73 37
73 36
74 35
74 34
74 33
75 32
75 31
76 30
76 29
76 28
77 27
77 26
77 25
78 24
78 23
78 22
79 21
79 20
80 19
80 18
80 17
81 16
81 15
81 15
81 15
81 15
81 15
82 16
82 16
82 17
82 17
83 18
83 19
83 19
84 20
84 21
84 21
84 22
85 23
85 24
85 24
85 25
86 26
86 27
86 27
87 28
87 29
87 29
88 30
88 31
88 31
88 32
88 33
88 33
89 34
89 34
89 34
90 33
90 33
91 32
91 31
91 31
91 30
92 29
92 28
92 27
92 27
93 26
93 25
94 24
94 24
94 23
95 22
95 21
95 20
95 20
96 19
96 18
97 17
97 17
97 16
98 15
98 14
98 14
99 13
99 12
99 12
99 11
99 11
99 10
99 10
100 9
100 9
100 8
100 8
100 8
100 8
100 8
100 9
99 10
99 11
99 11
99 12
99 13
99 14
99 14
99 15
99 16
99 17
99 18
99 19
99 20
99 21
99 21
99 22
99 23
99 24
98 25
98 26
98 27
98 28
98 28
98 29
98 30
98 31
97 32
97 33
97 34
97 35
97 36
97 36
97 37
97 38
96 39
96 40
96 41
96 42
95 43
95 44
95 45
95 45
95 46
95 47
95 48
95 49
94 50
94 51
94 52
94 53
94 54
94 54
94 55
94 56
93 57
93 58
93 59
93 60
93 61
92 62
92 63
92 64
92 64
92 65
91 66
91 67
91 68
90 69
90 70
90 71
90 72
89 73
89 74
89 74
89 75
89 76
88 77
88 78
88 79
88 80
88 81
88 82
87 83
87 84
87 85
87 85
87 86
86 87
86 88
86 89
86 90
85 91
85 92
85 93
85 93
85 94
85 95
85 96
84 97
84 98
84 99
84 100
