2 16
2 15
2 15
2 14
2 14
2 14
2 14
2 14
3 15
3 15
3 16
3 16
3 17
3 17
4 18
4 19
4 19
4 20
4 21
4 21
4 22
4 23
4 24
4 24
4 25
5 26
5 27
5 27
5 28
5 29
5 30
5 31
5 31
5 32
5 33
6 34
6 35
6 36
6 36
6 37
6 38
6 39
6 40
6 41
6 41
6 42
6 43
6 44
6 45
6 45
6 46
6 47
6 48
6 49
6 50
6 50
6 51
6 52
6 53
6 54
6 55
6 56
6 56
6 57
5 58
5 59
5 60
5 60
5 61
5 62
5 63
5 64
5 65
5 65
5 66
4 67
4 68
4 69
4 69
4 70
4 71
4 72
4 73
4 73
4 74
3 75
3 76
3 77
3 77
2 78
2 79
2 79
1 80
1 81
1 81
1 82
1 82
0 82
0 82
0 81
0 81
0 80
0 79
1 78
1 77
1 76
1 75
1 74
2 73
2 72
2 71
2 70
2 69
3 68
3 67
3 66
3 65
3 64
4 63
4 62
4 61
4 60
4 59
5 58
5 57
5 56
5 55
5 54
6 53
6 52
6 51
6 50
7 49
7 48
7 47
7 46
7 45
8 44
8 43
8 42
8 41
8 40
9 39
9 38
9 37
9 36
9 35
10 34
10 33
10 32
10 31
10 30
11 29
11 28
11 27
11 26
11 25
12 24
12 23
12 22
12 21
12 20
13 19
13 18
13 17
13 17
13 18
13 18
13 18
13 17
13 17
13 17
13 17
14 17
14 17
15 16
15 16
16 15
16 15
17 14
17 14
18 13
18 12
18 12
19 11
20 11
20 11
21 10
22 9
22 9
23 8
23 8
24 7
25 7
25 7
26 6
26 5
26 5
27 4
28 4
28 4
29 3
29 3
30 3
30 3
31 2
31 2
32 2
32 2
32 1
32 1
33 1
33 1
33 1
34 1
34 1
34 0
34 0
34 0
34 1
34 1
34 1
34 1
34 1
34 2
34 2
34 2
34 3
34 3
34 4
34 4
33 5
33 6
33 6
33 7
33 7
33 8
33 9
33 9
33 10
33 11
33 11
33 12
33 13
33 13
33 14
33 15
33 16
33 16
32 17
32 18
32 18
32 19
32 20
32 21
32 21
32 22
32 23
32 24
32 24
32 25
33 26
33 27
33 27
33 28
33 29
33 30
33 30
33 31
33 32
33 33
33 34
33 34
33 35
33 36
33 37
33 37
33 38
33 39
33 40
33 40
33 41
33 42
33 43
33 44
33 44
33 45
33 46
33 47
33 48
33 48
33 49
33 50
33 51
33 52
33 52
33 53
34 54
34 55
34 55
34 56
34 57
34 58
34 58
34 59
34 60
34 61
34 61
34 62
35 63
35 64
35 65
35 65
35 66
35 67
35 68
35 68
35 69
36 70
36 71
36 71
36 72
37 73
37 74
37 74
37 75
37 76
37 77
37 77
38 78
38 79
38 79
38 80
38 81
38 81
38 82
39 83
39 84
39 84
39 85
39 85
39 86
39 87
39 87
39 88
39 88
39 89
39 89
39 90
39 90
39 90
38 90
38 90
37 90
37 90
36 89
36 89
35 88
34 88
34 88
33 87
33 86
33 86
33 85
32 84
32 83
32 82
31 81
31 80
30 79
30 78
30 77
29 76
29 75
29 74
28 73
28 72
27 71
27 70
27 69
26 68
26 67
26 66
25 65
25 64
24 63
24 62
24 61
23 60
23 59
23 58
22 57
22 56
22 55
21 54
21 53
20 52
20 51
20 50
19 49
19 48
19 47
18 46
18 45
17 44
17 43
17 42
16 41
16 40
16 40
15 40
15 40
15 39
15 39
14 39
14 39
14 39
14 39
14 39
14 39
14 39
14 39
15 38
15 38
15 38
16 37
16 37
17 36
17 36
18 35
18 35
19 34
19 34
20 33
21 32
21 32
21 31
21 31
22 30
22 30
23 30
23 30
23 29
23 29
23 29
23 29
23 29
23 29
23 29
22 29
22 29
22 29
22 29
21 28
21 28
21 28
21 28
21 28
21 28
21 28
21 28
21 28
21 28
21 28
21 29
21 29
21 29
21 29
21 30
21 30
21 31
21 31
21 32
21 32
21 33
21 34
21 34
21 35
21 36
21 36
21 37
21 37
21 38
21 39
21 39
20 40
20 40
20 41
20 42
20 42
19 43
19 43
19 44
19 45
19 45
19 46
19 46
18 47
18 47
18 47
18 48
18 48
18 48
18 48
18 47
18 47
18 47
19 46
19 46
19 45
19 45
20 45
20 45
21 45
21 45
21 45
22 45
22 45
22 46
22 46
22 47
22 47
22 48
22 48
22 49
22 49
21 50
21 50
21 51
21 52
21 52
20 53
20 53
20 54
20 55
20 55
19 56
19 56
19 57
19 57
19 58
19 58
18 59
18 59
18 59
18 60
18 60
18 60
18 60
18 60
18 60
18 60
19 60
19 60
19 59
19 59
20 58
20 58
20 57
20 57
21 56
21 56
22 55
22 55
23 54
23 54
24 54
24 54
25 54
25 54
26 54
26 54
26 55
26 55
26 56
26 56
26 57
26 57
26 58
26 58
26 59
26 59
25 60
25 60
24 61
24 61
24 62
24 62
23 62
23 62
23 62
23 61
23 61
24 60
25 59
26 58
27 57
28 56
29 55
30 54
31 53
32 52
33 51
34 50
35 49
36 48
36 47
37 46
38 45
39 44
40 43
41 42
42 41
43 40
44 39
45 38
46 37
47 36
48 35
49 34
49 34
49 34
48 34
48 34
48 34
48 34
48 33
48 33
48 33
48 33
48 33
49 32
49 32
50 31
50 31
51 30
51 30
52 29
52 29
53 28
53 28
54 27
55 27
55 27
56 26
57 26
57 26
58 25
58 24
58 24
59 23
59 23
60 22
60 22
61 22
61 22
61 21
61 21
62 21
62 21
62 21
62 21
62 20
62 20
61 20
61 20
61 20
61 20
60 19
60 19
59 19
59 19
59 19
58 18
58 18
57 18
57 18
57 18
56 18
56 18
56 18
56 18
56 18
56 18
56 18
56 19
56 19
56 20
56 20
56 21
56 21
56 22
56 23
56 23
56 24
55 25
55 26
55 26
55 27
55 28
55 28
55 29
55 30
55 30
55 31
55 32
55 33
55 33
55 34
55 35
55 35
55 36
55 37
55 37
55 38
55 38
55 39
55 39
56 40
56 40
56 41
56 41
57 41
57 41
58 40
58 40
58 40
59 40
59 40
60 39
60 39
61 39
61 39
61 39
61 39
61 39
61 39
60 39
60 39
59 39
59 39
58 39
58 39
57 39
57 39
56 40
56 40
55 40
55 40
54 41
53 41
53 41
52 42
52 43
52 43
51 44
51 44
50 45
50 46
50 46
50 47
50 48
50 49
50 49
49 50
49 51
49 51
48 52
48 53
48 53
48 54
48 55
48 55
48 56
48 57
48 57
48 58
48 58
48 59
48 59
48 59
48 59
49 59
49 59
50 58
50 58
50 57
50 57
51 56
51 56
51 55
51 55
52 55
52 55
52 56
52 56
53 56
53 56
53 57
53 57
54 58
54 58
55 58
55 58
56 59
56 59
57 59
57 59
58 59
58 59
59 59
59 59
60 59
60 59
61 59
61 59
62 58
62 58
63 58
63 58
63 57
63 57
64 56
64 56
64 55
64 54
64 54
63 53
63 53
63 52
63 52
62 51
62 51
61 50
61 50
60 50
60 50
60 50
59 50
59 50
59 50
60 49
60 49
60 49
61 48
61 48
62 48
63 48
63 48
64 48
64 48
65 48
65 48
66 47
66 47
67 47
67 47
68 47
68 47
68 47
69 47
69 47
69 47
69 46
69 46
69 45
69 44
69 43
70 42
70 41
70 40
70 39
70 38
70 37
70 36
71 35
71 34
71 33
71 32
71 31
71 30
71 29
72 28
72 27
72 26
72 25
72 25
71 24
71 24
71 24
71 24
72 24
72 24
72 24
73 24
73 24
74 23
74 23
75 22
76 22
76 22
77 21
77 21
78 20
79 20
79 20
80 19
80 19
81 18
81 18
81 17
81 17
82 16
82 15
82 15
82 14
82 14
82 13
82 13
82 12
82 12
81 12
81 12
81 11
81 11
80 11
80 11
79 12
79 12
78 13
78 13
77 14
77 14
77 15
77 15
76 16
76 16
76 17
76 18
76 18
76 19
76 19
76 20
76 21
76 21
76 22
76 22
76 23
76 23
77 24
77 25
77 25
78 26
78 26
79 26
79 26
80 27
80 27
81 27
81 27
82 27
83 27
83 27
84 26
84 26
85 25
85 25
86 24
86 24
86 24
87 23
87 23
87 23
87 23
87 23
86 23
86 23
85 24
85 24
84 25
83 26
82 27
81 28
80 29
80 30
79 31
78 32
77 33
76 34
76 34
75 35
74 36
73 37
73 37
72 38
72 38
71 39
71 39
70 40
70 40
70 41
70 41
70 41
70 41
71 41
71 41
72 41
72 41
73 40
73 40
74 39
75 39
75 39
76 38
77 38
77 38
78 37
79 37
79 37
80 36
81 36
81 36
82 35
83 35
83 35
84 34
85 34
85 34
86 33
87 33
87 33
88 32
88 32
89 32
89 32
89 31
89 31
90 31
90 31
90 31
89 31
89 31
89 31
88 32
87 32
86 33
85 34
84 34
83 35
82 36
81 36
80 37
80 37
79 38
78 39
78 39
77 39
77 39
76 40
76 40
76 40
75 41
75 41
75 42
75 42
74 43
74 43
73 44
73 45
73 45
73 46
73 46
72 47
72 47
72 48
72 48
72 49
72 49
72 50
72 50
73 50
73 50
73 50
74 50
74 50
75 49
76 49
76 49
77 48
77 48
78 47
79 46
79 46
80 45
80 45
81 44
82 44
82 44
83 43
83 43
84 43
84 43
85 42
85 42
86 41
86 41
87 41
87 41
87 41
87 41
87 41
86 42
86 42
85 43
85 43
84 43
84 43
83 44
83 45
83 45
82 46
81 46
81 46
80 47
79 48
79 48
78 49
78 49
77 50
76 51
76 51
75 52
75 53
75 53
74 54
74 54
73 55
73 55
72 56
72 56
71 57
71 58
71 58
70 59
69 59
69 59
68 60
68 61
68 61
67 62
67 62
66 63
66 63
65 64
65 64
65 64
65 64
65 64
65 63
65 63
66 62
66 62
67 61
67 61
68 60
68 60
69 59
70 59
70 59
71 58
72 57
72 57
73 57
74 56
75 56
75 56
76 55
77 55
78 54
78 54
79 54
80 53
81 53
81 53
82 52
83 52
83 52
84 52
85 52
86 52
86 52
87 51
88 51
88 51
89 51
90 50
91 50
91 50
92 50
93 50
93 50
94 49
95 49
95 49
96 48
97 48
97 48
98 47
98 47
99 46
99 46
100 45
100 45
99 44
99 44
98 43
97 42
96 41
95 40
94 39
93 38
92 37
91 36
90 35
90 34
89 33
88 32
87 31
86 30
85 29
84 28
83 27
82 26
82 26
82 25
82 25
82 25
81 25
81 25
81 25
81 25
81 25
81 26
81 26
81 27
81 27
81 28
81 28
81 29
81 29
81 30
81 30
81 31
81 32
81 32
81 33
81 34
81 34
81 35
81 36
81 36
81 37
81 38
81 39
81 39
81 40
81 41
81 41
81 42
81 43
81 44
81 44
81 45
81 46
81 47
81 47
81 48
81 49
81 50
81 50
81 51
81 52
81 53
81 53
81 54
81 55
81 55
81 56
81 57
81 58
81 58
81 59
81 60
81 60
81 61
81 62
81 63
81 63
81 64
81 65
81 65
81 66
81 67
81 68
81 68
81 69
81 70
81 70
81 71
81 72
81 73
81 73
81 74
81 75
81 75
81 76
81 77
81 77
81 78
81 79
81 79
81 80
81 81
81 81
81 82
81 83
81 84
81 84
81 85
81 86
81 87
81 87
81 88
80 89
80 90
80 90
80 91
80 92
80 92
79 93
79 94
79 94
79 95
79 96
79 96
78 97
78 97
77 98
77 98
76 99
76 99
75 100
