7 13
7 14
7 14
7 14
7 15
7 15
7 16
7 17
7 17
7 18
7 18
8 19
8 20
8 20
8 21
8 22
8 22
8 23
8 24
8 25
8 25
8 26
8 27
8 27
8 28
8 29
8 30
8 31
8 31
8 32
8 33
8 34
8 34
8 35
7 36
7 37
7 37
7 38
7 39
7 40
7 40
7 41
6 42
6 43
6 43
6 44
5 45
5 46
5 46
4 47
4 48
4 48
3 49
3 50
3 50
2 51
2 52
2 52
1 53
1 53
0 54
0 54
0 55
0 55
0 54
1 53
1 52
2 51
2 50
2 49
3 48
3 47
4 46
4 45
4 44
5 43
5 42
5 41
6 40
6 39
7 38
7 37
7 36
8 35
8 34
9 33
9 32
9 31
10 30
10 29
11 28
11 27
11 26
12 25
12 24
12 23
13 22
13 21
14 20
14 19
14 18
15 17
15 16
16 15
16 14
16 14
16 14
16 14
16 14
16 14
17 13
17 13
18 12
18 12
19 11
19 11
20 10
20 10
21 9
21 9
22 8
23 8
23 8
24 7
25 7
25 7
26 7
26 7
27 6
28 6
28 6
29 7
29 7
29 7
30 8
30 8
31 9
31 10
31 10
31 11
31 11
31 12
31 13
31 13
31 14
32 15
32 16
32 16
32 17
32 18
32 18
32 19
32 20
32 21
32 21
32 22
33 23
33 24
33 24
33 25
33 26
33 27
33 28
33 28
33 29
33 30
33 31
33 31
33 32
33 33
34 34
34 35
34 36
34 36
34 37
34 38
34 39
34 40
34 40
34 41
35 42
35 43
35 44
35 44
35 45
35 46
35 47
35 48
35 48
35 49
36 50
36 51
36 51
36 52
36 53
36 54
36 55
36 55
36 56
37 57
37 58
37 58
37 59
37 60
37 61
37 62
37 62
38 63
38 64
38 64
38 65
38 65
39 66
39 67
39 67
39 67
39 68
39 68
39 68
39 67
39 67
38 67
38 67
38 66
38 66
37 65
37 64
37 64
36 63
36 62
36 62
35 61
35 60
35 60
35 59
34 58
34 57
34 57
33 56
32 55
32 54
31 53
30 52
29 51
28 50
28 49
27 48
26 47
25 46
24 45
24 44
23 43
22 42
21 41
21 40
20 39
19 38
18 37
17 36
17 35
16 34
15 33
15 33
15 33
15 33
15 33
16 32
16 32
16 32
17 31
17 31
18 30
18 30
19 29
19 29
20 28
21 28
21 28
22 27
22 27
23 26
23 26
23 25
23 25
24 25
24 25
24 24
24 24
24 23
24 23
24 23
24 22
24 22
23 21
23 21
22 21
22 21
22 20
22 20
21 20
21 20
21 21
21 21
21 21
20 22
20 22
20 23
20 24
20 24
20 25
20 26
20 26
20 27
20 27
20 28
20 28
20 29
20 30
20 30
20 30
21 31
21 31
21 31
22 31
22 31
23 31
23 31
24 30
24 30
25 29
25 29
25 28
25 28
26 28
26 28
26 28
26 29
26 29
25 30
25 30
25 31
25 31
24 32
24 33
24 33
23 34
23 34
22 35
22 35
21 36
21 37
21 37
21 38
21 38
21 39
21 39
21 40
21 40
21 41
21 41
21 42
21 43
21 43
21 44
21 44
22 45
22 45
22 46
22 46
23 47
23 47
23 47
23 47
23 47
23 47
23 47
23 46
23 46
24 45
24 45
24 44
24 44
24 43
24 43
24 42
24 42
25 41
25 41
25 41
26 40
26 40
26 40
27 40
27 40
27 41
27 41
28 42
28 42
28 43
28 43
28 44
28 44
27 45
27 46
27 46
27 47
27 47
27 48
27 48
26 49
26 49
26 49
26 49
26 49
26 49
26 49
27 48
27 47
27 47
28 46
28 46
28 45
29 44
29 43
29 43
30 42
31 41
31 41
31 40
32 39
32 38
32 37
33 36
33 35
33 34
34 33
34 32
34 31
35 30
35 29
36 28
36 27
36 26
37 25
37 24
37 23
38 22
38 21
38 20
39 19
39 18
39 18
38 19
38 19
38 18
38 18
38 18
38 18
39 18
39 18
40 17
40 17
41 16
42 16
42 16
43 15
44 15
44 15
45 14
46 14
46 14
47 13
47 13
48 12
49 12
49 12
50 11
50 11
51 10
51 10
52 9
52 9
52 9
52 8
52 8
52 7
52 7
52 7
51 6
51 6
50 6
50 6
50 5
50 5
49 5
49 5
49 5
48 5
48 5
48 5
48 5
48 5
48 6
48 6
48 7
48 7
48 8
48 9
48 9
48 10
48 11
48 12
48 12
47 13
47 14
47 14
47 15
47 16
47 17
47 17
47 18
47 19
47 19
47 20
47 21
47 22
47 22
47 23
47 24
47 24
47 25
47 26
47 26
47 27
47 27
47 28
47 28
47 28
47 28
47 28
48 27
48 27
49 26
49 26
50 25
50 25
51 24
51 23
51 23
52 22
52 22
53 21
53 21
53 21
52 22
51 22
50 23
49 24
48 24
47 25
46 26
45 27
44 27
43 28
42 29
41 29
40 30
40 30
40 30
40 31
40 31
40 32
40 32
39 33
39 34
39 34
39 35
39 36
39 36
39 37
39 38
39 38
38 39
38 40
38 40
38 41
38 42
38 42
37 43
37 44
37 44
37 45
37 45
37 46
37 46
38 45
38 44
39 43
39 42
40 41
41 40
41 39
42 38
42 37
43 36
43 36
44 35
45 34
45 34
46 34
46 34
46 34
46 35
46 35
46 36
46 36
46 37
46 37
46 38
46 39
46 39
46 40
46 40
46 41
46 41
47 42
47 42
47 42
48 42
48 42
48 42
48 42
49 42
49 42
49 41
49 41
49 40
49 40
49 40
49 39
49 39
49 38
49 38
48 38
48 38
47 37
47 37
47 36
47 36
46 35
46 35
46 34
46 34
46 34
46 33
46 33
46 33
47 33
47 33
48 33
48 33
49 32
49 32
50 32
50 32
51 31
51 31
52 31
53 31
53 31
54 31
54 31
55 30
55 30
56 30
56 30
57 30
57 30
57 30
58 30
58 30
59 30
59 30
60 30
60 30
61 30
61 30
61 30
62 30
62 30
63 30
63 30
64 31
64 31
64 32
64 32
64 33
64 33
65 34
65 34
65 35
65 35
64 36
64 37
64 37
64 38
64 38
64 39
64 39
63 40
63 41
63 41
63 40
64 39
64 38
64 37
64 36
65 35
65 34
65 33
66 32
66 31
66 30
66 29
67 28
67 27
67 26
67 25
68 24
68 23
68 22
69 21
69 20
69 19
69 18
70 17
70 16
70 15
71 14
71 13
71 12
71 11
72 10
72 9
72 8
72 7
73 6
73 5
73 5
73 6
73 7
73 7
73 8
73 9
73 9
72 10
72 10
72 11
72 11
72 12
72 12
72 12
72 12
72 12
73 11
73 11
74 11
74 11
75 10
75 10
76 9
77 9
77 9
78 8
79 8
79 8
80 8
81 8
81 8
82 7
83 7
83 7
84 6
85 6
85 6
86 5
87 5
87 5
88 4
89 4
89 4
90 3
90 3
91 2
91 2
91 1
91 1
91 1
90 1
90 1
89 0
89 0
88 1
88 1
87 1
86 1
86 1
85 1
85 1
84 1
83 1
83 1
82 2
81 2
81 2
80 2
79 2
79 2
78 3
78 3
77 4
77 4
76 5
76 6
76 6
76 7
76 7
76 8
76 9
76 9
76 10
76 11
76 11
76 12
76 13
76 13
77 14
77 14
77 14
78 14
78 14
78 14
79 14
79 14
80 13
80 13
81 12
81 12
82 11
82 10
82 10
83 9
83 8
84 7
84 7
85 6
85 5
85 5
86 4
86 3
86 3
87 2
88 2
88 2
88 1
88 1
89 1
89 1
89 1
89 2
89 2
89 3
89 4
89 4
89 5
89 5
88 6
88 7
88 7
88 8
88 8
88 9
88 9
88 10
88 10
88 10
88 11
88 11
89 12
89 12
88 13
88 14
88 14
87 15
87 15
86 16
86 17
86 17
85 18
84 19
84 19
83 20
83 21
83 21
82 22
81 22
80 23
80 23
79 24
79 25
79 25
78 26
77 26
77 26
76 27
75 28
75 28
74 29
74 29
73 30
73 30
73 30
73 30
73 30
74 29
74 29
75 28
76 27
76 27
77 26
78 25
78 25
79 25
80 24
81 24
81 24
82 23
83 23
84 22
84 22
85 21
86 20
86 20
87 19
88 18
88 18
89 17
90 17
90 17
91 16
92 16
92 16
92 16
91 16
90 17
89 17
88 17
87 17
86 18
85 18
84 18
83 18
82 19
81 19
81 19
80 20
80 20
79 21
79 22
79 22
79 23
79 24
79 25
79 25
78 26
78 27
78 27
78 28
77 29
77 30
77 30
76 31
76 32
76 32
76 33
76 33
76 34
76 35
76 35
76 35
76 36
76 36
77 36
77 36
78 35
78 35
79 34
79 34
80 33
80 33
81 32
81 31
81 31
82 30
83 29
83 29
84 28
84 27
84 27
84 26
84 26
84 25
84 25
84 25
84 24
84 24
84 24
83 24
83 24
83 24
83 24
82 24
82 24
82 24
82 24
83 25
83 25
84 25
84 25
84 25
85 26
85 26
86 26
87 26
87 26
88 26
88 26
89 26
89 26
90 26
90 26
90 26
90 27
90 27
90 28
90 28
89 29
89 29
88 30
88 31
88 31
88 32
88 32
87 33
87 33
87 33
87 33
88 33
88 33
89 33
89 33
90 32
90 32
91 31
91 31
92 30
92 30
93 29
93 28
93 28
94 27
94 27
95 26
95 25
95 25
96 24
96 23
96 23
97 22
97 22
98 21
98 20
98 20
99 19
99 19
99 19
99 19
100 20
100 20
100 21
100 22
100 22
99 23
99 23
99 24
99 24
99 25
99 26
99 26
99 27
99 27
98 28
98 28
98 29
98 30
98 30
97 31
96 31
95 32
94 33
93 33
92 34
91 34
90 35
89 36
88 36
87 37
86 38
85 38
84 39
83 39
82 40
81 41
80 41
79 42
78 43
77 43
76 44
75 44
74 45
74 45
73 45
73 45
73 45
74 45
74 45
74 44
74 44
75 44
75 44
76 43
77 43
77 43
78 42
78 42
79 41
80 41
80 41
81 40
82 40
82 40
83 40
84 39
85 39
85 39
86 38
87 37
87 37
88 36
89 36
89 36
90 35
91 34
91 34
92 33
93 33
93 33
94 33
94 33
95 32
95 32
95 33
95 33
95 33
95 34
95 34
94 35
94 35
93 36
93 36
92 37
92 37
91 38
91 38
90 39
90 39
89 40
89 40
88 41
88 41
87 42
87 43
87 43
86 44
86 44
85 45
85 46
85 46
84 47
84 47
84 48
84 49
84 49
84 50
84 50
84 51
84 51
84 52
84 52
84 52
85 53
85 53
86 52
86 52
87 52
87 52
88 51
89 50
89 50
90 49
90 49
91 48
92 47
92 47
93 46
94 45
94 45
95 44
95 43
95 43
96 42
96 42
97 41
97 41
97 40
97 40
97 39
97 39
97 38
96 37
96 36
95 35
95 34
94 33
94 32
93 31
93 30
92 29
92 28
91 27
91 26
91 25
90 24
90 23
89 22
89 21
88 20
88 19
87 18
87 17
86 16
86 15
86 15
86 16
86 16
86 16
86 17
86 18
86 18
86 19
86 20
86 20
86 21
86 22
86 22
86 23
86 24
86 24
86 25
86 26
86 27
86 27
86 28
86 29
86 30
86 30
86 31
87 32
87 33
87 33
87 34
87 35
87 36
87 36
87 37
87 38
87 39
87 40
87 40
87 41
87 42
87 43
87 44
87 44
87 45
87 46
87 47
87 48
87 49
87 49
87 50
86 51
86 52
86 53
86 53
86 54
86 55
86 56
86 57
86 58
86 58
86 59
86 60
86 61
86 62
86 62
86 63
86 64
86 65
86 66
86 67
86 67
86 68
86 69
85 70
85 71
85 72
85 72
85 73
85 74
85 75
85 76
85 77
85 77
85 78
85 79
85 80
85 81
85 82
85 82
85 83
85 84
85 85
85 86
85 86
85 87
84 88
84 89
84 90
84 90
84 91
84 92
84 93
84 94
84 94
84 95
84 96
84 97
84 98
84 98
84 99
84 100
