5 17
6 16
6 15
6 15
6 15
7 15
7 15
8 16
8 17
8 17
8 18
9 19
9 20
9 20
9 21
9 22
10 23
10 24
10 25
10 25
10 26
10 27
11 28
11 29
11 30
11 31
11 31
11 32
11 33
11 34
12 35
12 36
12 37
12 38
12 38
12 39
12 40
11 41
11 42
11 43
11 44
11 44
11 45
11 46
10 47
10 48
10 49
10 50
10 50
10 51
9 52
9 53
8 54
8 55
8 55
7 56
7 57
6 58
6 58
5 59
5 60
4 61
4 61
3 62
2 62
1 63
1 63
0 64
0 64
0 63
1 62
1 61
1 60
2 59
2 58
2 57
3 56
3 55
3 54
3 53
4 52
4 51
4 50
5 49
5 48
5 47
6 46
6 45
6 44
7 43
7 42
7 41
8 40
8 39
8 38
8 37
9 36
9 35
9 34
10 33
10 32
10 31
11 30
11 29
11 28
12 27
12 26
12 25
13 24
13 23
13 22
13 21
14 20
14 19
14 18
15 17
15 16
15 15
16 14
16 13
16 13
17 12
18 12
19 11
19 11
19 10
19 9
19 9
19 8
19 8
19 8
20 7
20 7
21 6
22 6
22 6
23 5
24 5
24 5
25 4
26 4
27 3
27 3
28 2
29 2
29 2
30 1
31 1
31 1
32 0
33 0
33 0
34 1
34 1
35 1
35 1
35 2
35 3
35 3
35 4
35 5
35 5
35 6
34 7
34 8
34 9
34 9
34 10
34 11
34 12
34 13
34 14
34 14
34 15
34 16
34 17
34 18
34 19
34 20
34 20
34 21
34 22
34 23
34 24
34 25
34 26
34 27
34 28
34 28
34 29
34 30
34 31
34 32
34 33
34 34
34 35
34 36
34 36
34 37
34 38
34 39
35 40
35 41
35 42
35 43
35 43
35 44
35 45
35 46
36 47
36 48
36 49
36 50
36 50
36 51
36 52
36 53
36 54
36 55
36 56
36 57
36 57
36 58
36 59
36 60
36 61
36 62
36 62
36 63
36 64
35 65
35 66
35 67
35 67
35 68
35 69
35 70
35 71
35 72
35 72
35 73
34 74
34 75
34 75
33 76
32 77
32 77
31 78
31 79
31 79
30 80
29 80
29 80
28 80
27 80
27 80
26 79
25 79
25 79
24 78
23 77
23 77
23 76
23 75
22 74
22 73
22 72
22 71
22 70
22 69
21 68
21 67
21 66
21 65
21 64
20 63
20 62
20 61
20 60
20 59
20 58
19 57
19 56
19 55
19 54
19 53
18 52
18 51
18 50
18 49
18 48
17 47
17 46
17 45
17 44
17 43
17 42
16 41
16 40
16 39
16 38
16 37
15 36
15 35
15 34
15 33
15 32
15 31
14 30
14 29
14 28
14 28
15 27
16 26
17 26
18 25
18 25
18 24
19 23
19 22
19 22
20 21
21 20
21 20
22 19
23 19
24 18
24 18
25 17
26 16
26 16
27 16
28 16
28 16
29 16
29 16
29 17
29 18
29 18
29 19
28 20
28 21
28 21
27 22
27 23
26 24
26 24
26 25
25 26
25 27
25 27
24 28
23 29
23 29
23 30
23 30
22 30
22 30
22 30
23 29
23 29
24 28
24 28
25 27
25 26
25 26
25 25
25 25
25 24
25 23
24 22
24 21
24 20
24 19
24 18
24 17
23 16
23 15
23 14
23 13
23 13
23 14
23 15
23 16
23 16
23 17
23 18
23 18
23 19
23 20
23 21
23 21
23 22
23 23
23 24
23 25
23 26
23 26
23 27
22 28
22 29
22 30
22 30
22 31
22 32
22 33
22 34
22 34
21 35
20 36
19 37
18 37
17 38
16 39
15 40
15 40
16 41
16 42
17 43
17 43
17 44
17 44
18 45
18 46
18 46
18 47
19 48
19 49
19 49
20 50
20 51
20 51
20 52
20 52
20 52
20 51
20 51
20 50
20 50
20 49
20 48
20 48
20 47
20 46
20 46
20 45
20 44
20 43
20 43
21 42
21 41
21 41
22 41
22 41
23 41
23 41
24 42
25 42
25 42
26 43
26 43
27 44
27 44
27 45
27 46
27 46
27 47
26 48
26 49
26 49
26 50
25 51
25 52
25 52
24 53
23 54
23 54
22 55
22 55
21 56
21 56
20 55
20 55
21 54
21 53
22 52
22 51
23 50
23 49
24 48
25 47
25 46
26 45
26 44
27 43
27 42
28 41
29 40
29 39
30 38
30 37
31 36
32 35
32 34
33 33
33 32
34 31
34 30
35 29
36 28
36 27
37 26
37 25
38 24
38 23
39 22
39 22
39 23
39 24
38 25
38 26
38 27
38 27
38 27
39 27
39 27
40 27
41 27
41 27
42 26
43 26
43 26
44 26
45 25
46 25
47 25
47 25
48 25
49 24
50 24
50 24
51 24
52 23
53 23
53 23
54 22
55 22
55 22
56 21
57 21
57 21
57 21
57 21
56 20
56 20
55 19
54 18
53 17
52 16
52 16
51 15
50 14
49 13
49 13
48 12
48 11
48 11
48 11
48 12
48 12
48 13
48 14
48 15
48 16
48 16
48 17
48 18
48 19
48 20
48 21
48 22
48 22
48 23
48 24
49 25
49 26
49 27
49 28
49 28
49 29
49 30
49 31
49 32
49 33
49 34
49 34
49 35
48 36
48 37
48 38
48 38
48 39
48 40
48 41
48 41
48 42
48 43
48 43
48 43
48 43
48 42
48 42
49 41
49 41
50 40
50 39
50 39
51 38
51 37
51 37
52 36
53 35
53 35
54 34
54 34
55 34
55 34
55 34
54 35
54 35
53 36
53 36
52 37
52 38
52 38
51 39
50 39
50 39
49 40
49 40
48 41
47 41
46 42
45 42
44 43
43 43
42 44
41 44
40 45
39 45
38 46
37 46
37 46
37 47
38 48
38 49
38 49
38 50
38 50
39 51
39 52
39 52
39 53
39 54
40 55
40 56
40 57
40 57
41 58
41 59
41 59
42 60
42 61
42 61
42 62
42 63
42 63
42 64
42 65
42 65
42 65
42 65
42 64
42 64
42 63
42 62
42 62
43 61
43 60
43 60
43 59
43 58
43 58
44 57
44 56
44 56
44 56
45 55
45 55
45 56
45 56
46 57
46 58
46 58
47 59
47 60
47 60
48 61
48 61
49 62
49 62
49 61
49 61
50 60
51 60
51 60
52 59
52 58
52 58
52 57
52 56
52 56
52 55
53 54
53 53
53 53
53 52
54 51
54 50
54 50
54 49
54 48
54 47
54 47
55 46
55 46
56 46
56 46
57 47
57 47
58 48
59 49
59 49
60 50
60 51
61 52
61 52
62 53
62 54
63 55
63 55
63 56
64 57
64 58
64 58
64 59
65 60
65 61
65 61
65 62
64 63
64 64
64 64
63 65
63 66
62 67
62 68
62 68
62 69
61 70
61 71
61 71
60 72
59 73
59 73
58 74
57 75
57 75
56 75
56 75
56 74
56 74
56 73
56 72
56 72
57 71
57 70
58 69
58 68
59 67
59 66
60 65
61 64
61 63
62 62
62 61
63 60
63 59
64 58
65 57
65 56
66 55
66 54
67 53
67 52
68 51
69 50
69 49
70 48
70 47
71 46
72 45
72 44
73 43
73 42
74 41
74 40
75 39
76 38
76 37
77 36
77 35
78 34
78 33
79 32
80 31
80 30
81 29
81 28
82 27
82 26
83 25
83 25
84 25
84 25
84 24
83 23
83 22
82 21
82 20
82 19
81 18
81 17
80 16
80 15
80 14
79 13
79 12
78 11
78 10
78 10
79 10
79 10
79 10
79 9
79 9
79 10
79 11
79 11
79 12
79 13
79 14
79 15
79 15
79 16
79 17
79 18
80 19
80 20
80 21
80 22
80 22
80 23
80 24
80 25
80 26
80 27
80 28
80 29
80 29
80 30
80 31
80 32
80 33
80 34
80 34
80 35
80 36
80 37
80 37
80 38
80 39
80 39
80 39
80 38
79 37
79 36
78 35
78 34
78 33
77 32
77 31
76 30
76 29
76 28
75 27
75 26
74 25
74 24
74 24
75 23
75 22
76 21
76 20
77 19
77 18
77 18
78 17
78 16
78 16
79 15
80 15
80 15
81 14
82 14
82 14
83 15
84 15
84 15
85 14
86 14
86 14
87 14
88 14
89 14
89 14
90 14
91 14
91 14
92 14
92 14
92 13
92 13
92 13
91 14
91 14
90 15
89 16
89 16
88 17
88 18
87 19
87 20
87 20
86 21
85 22
85 22
84 23
84 24
83 25
83 25
82 26
82 26
82 26
83 26
83 26
84 25
84 25
85 24
85 24
86 23
87 23
88 22
88 22
89 21
90 20
90 20
91 19
91 19
92 19
93 19
93 19
94 19
95 19
95 19
95 19
96 20
96 20
96 21
96 21
95 22
95 22
94 23
94 23
93 24
93 24
92 24
92 24
91 25
91 25
91 25
90 25
90 25
89 26
88 27
87 28
86 29
85 30
84 31
84 32
83 33
82 34
81 35
80 36
79 37
78 38
78 38
78 39
79 40
79 41
79 41
78 41
78 41
79 41
79 41
80 41
80 41
81 40
82 39
82 39
83 39
84 38
85 38
86 38
86 38
87 37
88 37
89 36
89 36
90 36
91 35
92 35
93 35
93 35
94 34
95 34
95 34
96 34
96 34
97 34
97 34
96 35
96 35
95 36
94 36
94 36
93 37
92 37
91 38
91 38
90 39
89 39
88 40
88 40
87 40
86 41
85 41
85 41
84 42
84 43
83 44
83 44
82 45
81 46
81 46
81 47
80 48
80 49
80 49
80 50
80 50
81 51
81 51
82 51
83 51
83 51
84 50
85 50
85 50
86 49
87 48
87 48
87 47
87 46
87 46
86 45
86 44
85 43
85 42
85 42
84 42
83 41
82 41
82 41
82 41
81 42
81 43
81 43
82 44
82 44
83 45
83 46
83 46
84 47
84 47
85 48
85 48
86 48
86 48
87 48
87 48
88 47
88 46
88 46
89 45
90 44
90 44
90 43
91 42
91 41
91 41
92 40
93 39
93 39
94 38
95 38
95 38
96 38
96 38
96 39
96 39
96 40
96 40
95 41
95 42
95 42
94 43
93 43
92 44
91 45
90 45
89 46
88 47
87 47
86 48
85 49
84 49
83 50
82 50
81 51
80 52
79 52
78 53
77 54
76 54
75 55
74 56
73 56
72 57
72 57
71 58
70 59
70 60
69 61
69 61
70 61
70 61
70 62
70 62
71 62
72 62
73 62
73 62
74 62
75 61
76 61
77 61
77 61
78 61
79 60
80 60
81 60
81 60
82 60
83 59
84 59
85 58
86 58
86 58
87 57
88 57
89 56
90 56
90 56
91 55
92 55
93 54
94 54
94 54
95 53
96 52
96 52
97 51
98 51
98 51
99 51
99 51
100 50
100 50
100 50
99 50
99 50
98 50
98 50
97 49
96 49
96 49
95 48
94 47
94 47
93 46
92 45
92 45
91 44
91 43
90 42
90 42
90 41
90 40
89 39
89 38
89 37
89 37
89 36
89 35
88 34
88 33
88 32
88 32
88 31
88 30
87 29
87 28
87 27
87 26
87 26
87 25
87 24
86 23
86 22
86 21
86 20
86 20
86 19
86 18
86 17
86 16
86 16
86 15
87 14
87 13
87 12
87 12
87 11
87 11
87 11
88 12
88 12
88 13
88 13
88 14
88 15
88 16
88 17
88 17
88 18
87 19
87 20
87 21
87 21
87 22
87 23
87 24
87 25
87 26
87 27
87 27
87 28
87 29
87 30
87 31
87 32
87 33
87 34
87 35
87 36
87 36
87 37
87 38
87 39
87 40
87 41
87 42
87 43
87 44
87 45
87 46
87 47
87 47
87 48
87 49
87 50
87 51
87 52
87 53
87 54
87 55
87 56
87 57
87 57
87 58
87 59
87 60
87 61
88 62
88 63
88 64
88 65
88 66
88 66
88 67
88 68
88 69
88 70
88 71
88 72
88 73
88 74
88 75
88 75
88 76
88 77
88 78
88 79
88 80
88 81
88 81
88 82
88 83
88 84
88 85
88 86
88 86
88 87
88 88
87 89
87 90
87 91
87 91
87 92
87 93
87 94
87 94
87 95
86 96
86 97
86 97
85 98
85 99
85 99
85 100
85 100
85 100
