9 8
9 8
9 9
9 9
9 10
9 10
9 11
9 11
9 12
9 13
9 13
9 14
9 15
9 15
9 16
9 17
9 17
9 18
10 19
10 20
10 21
10 21
10 22
10 23
10 24
10 25
10 25
10 26
10 27
10 28
10 29
10 30
10 30
10 31
10 32
10 33
10 34
10 35
10 35
10 36
10 37
10 38
10 39
10 40
10 40
10 41
10 42
10 43
10 44
10 45
10 45
10 46
9 47
9 48
9 49
9 49
9 50
8 51
8 52
8 53
8 53
7 54
7 55
6 56
6 56
6 57
5 58
5 59
5 59
4 60
3 61
3 61
2 62
1 63
1 63
0 64
0 64
0 63
1 62
1 61
1 60
2 59
2 58
2 57
3 56
3 55
3 54
4 53
4 52
4 51
5 50
5 49
5 48
6 47
6 46
6 45
7 44
7 43
7 42
8 41
8 40
8 39
9 38
9 37
9 36
10 35
10 34
10 33
11 32
11 31
11 30
12 29
12 28
12 27
13 26
13 25
13 24
14 23
14 22
14 21
15 20
15 19
15 18
16 17
16 16
16 15
17 14
17 13
17 13
17 13
17 12
17 12
17 12
17 12
18 11
18 11
19 11
20 11
20 11
21 10
21 10
22 9
23 8
23 8
24 7
25 7
25 7
26 7
27 6
28 6
28 6
29 5
30 5
30 5
31 4
32 4
32 4
33 3
34 3
34 3
35 2
36 2
36 2
37 2
37 2
37 2
38 2
38 2
38 3
38 3
38 4
38 4
38 5
38 5
37 6
37 7
37 7
37 8
37 9
37 9
37 10
37 11
37 11
37 12
37 13
37 14
37 14
37 15
37 16
37 16
37 17
37 18
37 19
37 19
37 20
37 21
37 22
37 23
37 23
37 24
37 25
37 26
37 26
37 27
37 28
37 29
37 30
37 31
37 31
37 32
37 33
37 34
37 35
37 35
37 36
37 37
37 38
37 39
37 40
37 40
37 41
38 42
38 43
38 44
38 44
38 45
38 46
39 47
39 48
39 49
39 49
39 50
40 51
40 52
40 53
40 53
40 54
40 55
40 56
40 57
40 57
40 58
41 59
41 60
41 61
41 61
41 62
42 63
42 64
42 64
42 65
43 66
43 67
43 67
43 68
44 69
44 70
44 70
44 71
44 72
44 72
44 73
44 74
44 74
44 75
44 76
44 76
44 77
44 77
44 78
44 78
44 79
44 79
43 79
43 79
42 79
42 79
42 78
42 78
41 77
41 77
40 76
40 75
39 74
38 73
37 72
37 71
36 70
35 69
34 68
34 67
33 66
32 65
31 64
31 63
30 62
29 61
28 60
28 59
27 58
26 57
25 56
25 55
24 54
23 53
22 52
22 51
21 50
20 49
19 48
19 47
18 46
17 45
16 44
16 43
15 42
15 42
15 42
16 41
16 41
16 40
16 40
16 40
17 39
17 39
18 38
18 38
19 37
19 37
20 36
20 36
21 35
21 34
21 34
22 33
22 33
23 33
23 33
24 32
24 32
25 31
25 31
25 30
25 30
25 30
25 30
25 30
24 30
24 30
24 29
24 29
24 29
23 29
23 29
23 29
23 29
23 29
23 30
23 30
23 31
23 31
23 32
23 33
23 33
23 34
23 35
23 35
23 36
23 37
23 37
23 38
23 39
23 39
23 40
23 41
23 41
23 42
23 43
23 43
23 44
23 44
22 45
22 46
22 46
22 47
22 47
22 47
23 48
23 48
23 48
23 48
24 48
24 48
24 47
24 47
25 46
25 46
26 45
26 44
26 44
26 43
26 43
27 42
27 42
27 42
27 42
27 42
27 43
27 43
26 44
26 44
26 44
26 45
26 45
25 46
25 47
25 47
24 48
24 48
24 49
24 50
24 50
23 51
23 52
23 52
23 53
23 54
23 54
23 55
23 56
23 56
22 57
22 57
22 58
22 59
22 59
22 60
22 60
22 61
22 61
23 61
23 61
23 62
23 62
23 62
23 62
23 62
23 62
24 61
24 61
24 60
24 60
24 59
24 59
24 58
24 58
25 57
25 57
26 56
26 56
26 56
27 55
27 55
28 55
28 55
28 54
28 54
29 54
29 54
29 55
29 55
29 55
29 56
29 57
29 57
29 58
29 58
28 59
28 60
28 60
28 61
28 62
28 62
27 63
27 63
27 64
27 64
26 65
26 65
26 64
26 64
27 64
27 64
27 63
27 63
28 62
28 61
28 61
28 60
29 59
29 58
30 57
30 56
30 55
31 54
31 53
32 52
32 51
32 50
33 49
33 48
34 47
34 46
34 45
35 44
35 43
36 42
36 41
36 40
37 39
37 38
37 37
38 36
38 35
39 34
39 33
39 32
40 31
40 30
41 29
41 28
41 27
42 26
42 25
43 24
43 23
43 23
43 23
43 23
43 23
43 23
44 23
44 23
44 22
44 22
45 21
45 21
46 21
47 21
47 21
48 20
48 19
48 19
49 18
50 18
50 18
51 17
51 17
52 16
53 15
53 15
54 14
55 14
55 14
56 13
57 13
57 13
58 12
58 12
59 12
59 12
59 11
59 11
60 11
60 11
60 11
59 11
59 11
59 11
58 10
58 10
57 10
56 10
56 10
55 9
54 9
54 9
54 9
54 9
53 9
53 9
53 10
53 10
54 10
54 10
54 11
54 11
54 12
54 13
54 13
54 14
54 14
54 15
54 16
54 16
54 17
54 18
54 18
54 19
54 20
54 20
54 21
54 22
54 23
54 23
53 24
53 24
53 25
53 26
53 26
53 27
53 27
53 28
53 28
53 29
53 29
53 29
53 29
54 29
54 29
54 29
55 28
55 28
56 27
56 27
57 26
57 26
58 25
58 25
58 24
58 24
59 24
59 24
59 23
59 23
59 23
59 23
58 24
57 25
57 26
56 27
55 28
54 29
53 30
53 31
52 32
51 33
50 34
49 35
49 36
48 37
47 38
47 38
48 38
48 38
48 38
48 37
48 37
48 37
48 37
48 37
48 38
48 39
48 39
48 40
48 40
48 41
48 42
48 42
47 43
47 44
47 44
47 45
47 46
47 46
46 47
46 48
46 48
45 49
45 50
45 50
45 51
45 52
45 52
44 53
44 53
44 54
44 54
44 54
45 53
45 52
46 51
47 50
48 49
48 48
49 47
50 46
50 45
51 44
52 43
53 42
53 41
54 40
54 40
54 39
54 39
54 38
54 38
54 39
54 39
54 39
54 39
53 40
53 40
53 41
53 41
53 42
53 42
53 43
53 43
53 44
53 44
54 45
54 46
54 46
54 47
54 47
55 48
55 49
55 49
55 50
55 50
56 50
56 50
57 51
57 51
58 51
58 51
58 50
58 50
59 50
59 50
60 49
60 49
60 48
60 47
60 47
60 46
60 46
60 45
60 45
59 44
59 43
59 43
59 42
59 42
59 41
59 41
59 41
59 40
59 40
59 40
59 39
59 39
60 39
60 39
60 39
61 38
61 38
62 38
62 38
63 38
64 38
64 38
65 37
65 37
66 37
66 37
67 37
67 37
68 37
68 37
69 37
69 37
69 38
69 38
70 38
70 38
70 39
70 39
71 40
71 40
71 40
71 41
71 41
71 40
71 39
71 38
71 37
72 36
72 35
72 34
72 33
72 32
72 31
72 30
72 29
72 28
73 27
73 26
73 25
73 24
73 23
73 22
73 21
73 20
73 19
74 18
74 17
74 16
74 15
74 14
74 14
73 14
73 14
73 14
73 13
73 13
73 13
74 13
74 13
74 12
74 12
75 12
75 12
76 11
76 11
77 10
77 10
78 9
79 9
79 9
80 8
80 8
81 7
82 7
82 7
83 6
84 5
84 5
85 4
86 4
86 4
87 3
87 3
88 2
88 2
89 2
89 2
89 2
89 2
89 1
89 1
88 1
88 1
87 2
87 2
86 2
86 2
85 2
85 2
84 2
84 2
83 2
83 2
82 2
82 2
82 2
81 2
81 2
81 2
80 2
80 2
80 2
80 3
80 3
80 3
79 4
79 5
79 5
79 6
79 6
79 7
79 8
79 8
79 9
79 9
79 10
79 10
79 10
79 11
79 11
80 11
80 11
80 11
81 11
81 11
81 10
81 10
82 9
82 9
83 8
83 8
84 7
84 7
85 6
85 6
86 5
86 5
87 4
87 3
87 3
88 2
88 2
89 1
89 1
90 0
90 0
91 0
91 0
91 1
91 1
92 2
92 2
92 3
92 3
92 3
91 4
91 5
91 5
91 5
91 6
91 6
91 7
91 7
92 7
92 7
92 8
92 8
93 8
93 8
94 8
94 8
95 7
95 7
95 7
95 7
95 7
94 8
93 9
92 10
91 10
90 11
89 12
88 13
87 14
86 15
85 16
84 16
83 17
82 18
81 19
80 20
79 21
78 22
77 23
76 23
75 24
74 25
73 26
72 27
71 28
70 29
69 29
68 30
67 31
66 32
66 32
66 33
66 33
65 33
65 33
65 33
66 33
66 33
67 32
67 32
68 31
68 31
69 30
70 30
70 30
71 29
72 29
72 29
73 28
74 27
74 27
75 26
76 26
76 26
77 25
78 25
79 24
79 24
80 23
81 23
81 23
82 22
83 22
84 21
84 21
85 20
86 20
86 20
87 20
87 20
88 19
88 19
89 19
89 19
89 19
89 19
89 19
88 20
87 21
87 22
86 23
85 24
84 25
83 26
82 27
82 28
81 29
80 30
79 31
78 32
78 33
77 34
76 35
75 36
74 37
73 38
73 39
72 40
71 41
71 41
70 42
70 43
70 43
69 44
69 44
69 43
69 43
69 43
69 43
69 43
70 43
70 43
71 42
71 42
72 41
72 40
72 40
73 39
74 39
74 39
75 38
76 38
76 38
77 37
77 36
77 36
78 35
79 35
79 35
80 34
80 34
81 33
81 33
81 33
81 32
81 32
81 32
81 31
81 31
80 31
80 31
80 31
79 30
79 30
78 30
78 30
77 31
77 31
77 31
76 32
76 32
75 33
75 33
75 34
75 35
75 35
74 36
74 36
74 37
74 37
73 38
73 38
73 39
73 39
74 40
74 40
74 40
75 40
75 40
75 40
76 40
76 40
77 40
78 40
78 40
79 40
79 40
80 39
80 39
81 38
81 38
82 37
82 37
83 36
84 36
84 36
85 35
85 35
86 34
86 33
86 33
86 33
87 32
87 32
87 32
87 31
87 31
88 31
88 31
88 30
88 30
88 29
88 29
88 29
87 28
87 28
87 28
87 27
87 27
87 28
87 28
87 28
87 28
87 28
87 28
88 28
88 28
89 28
89 28
90 28
90 28
91 28
91 28
92 28
92 28
93 29
94 29
94 29
95 29
95 29
96 30
96 30
96 31
96 31
96 32
96 32
95 33
95 33
95 34
95 35
95 35
94 36
93 36
93 36
92 37
92 38
92 38
91 39
90 40
90 40
89 41
89 42
89 42
88 43
87 43
86 44
85 44
84 45
83 45
82 46
81 46
80 47
79 47
78 48
77 49
76 49
75 50
74 50
73 51
72 51
71 52
70 52
69 53
68 53
67 54
67 54
66 55
66 55
66 54
66 54
66 54
67 54
67 54
67 53
67 53
68 53
68 53
69 52
69 52
70 52
71 52
71 52
72 51
72 51
73 50
74 50
75 49
75 49
76 48
77 48
77 48
78 47
79 47
80 46
80 46
81 45
82 44
82 44
83 43
84 43
85 42
85 42
86 41
87 41
88 40
88 40
89 40
90 39
91 39
91 39
92 38
93 37
93 37
94 36
95 36
95 36
96 35
97 35
97 35
97 35
98 35
98 35
98 35
97 36
97 36
96 37
96 37
95 38
95 39
95 39
94 40
93 40
93 40
92 41
92 42
91 43
91 43
90 44
89 45
89 45
88 46
87 47
87 47
87 48
86 49
86 50
86 50
85 51
84 52
84 52
83 53
83 53
82 54
82 55
82 55
81 56
81 56
81 57
81 57
81 58
81 58
81 59
81 59
82 59
82 59
83 59
83 59
84 58
84 58
85 57
85 57
86 56
86 56
87 55
88 54
88 54
89 53
90 53
90 53
91 52
92 51
92 51
93 50
94 49
94 49
95 48
96 48
96 48
97 47
97 46
97 46
98 45
99 45
99 45
100 44
100 44
99 43
99 42
98 41
98 40
97 39
97 38
96 37
95 36
95 35
94 34
94 33
93 32
92 31
92 30
91 29
91 28
90 27
90 26
89 25
88 24
88 23
87 22
87 21
86 20
86 19
85 18
85 18
84 17
84 17
84 17
84 17
84 17
84 17
84 18
84 18
84 19
84 19
84 20
84 20
84 21
84 22
84 23
84 23
84 24
85 25
85 26
85 26
85 27
85 28
85 29
85 29
85 30
85 31
85 32
85 33
85 33
85 34
85 35
85 36
85 37
85 37
85 38
85 39
85 40
85 41
85 41
85 42
85 43
85 44
85 45
85 46
85 46
85 47
85 48
85 49
85 50
85 51
85 51
85 52
86 53
86 54
86 55
86 55
86 56
86 57
86 58
86 59
86 59
86 60
86 61
86 62
86 63
86 64
86 65
86 65
86 66
86 67
86 68
86 69
86 70
86 70
86 71
86 72
87 73
87 74
87 75
87 75
87 76
87 77
87 78
87 79
87 80
87 80
87 81
87 82
87 83
87 84
87 85
87 85
87 86
87 87
87 88
87 89
87 89
87 90
87 91
87 92
87 92
87 93
87 94
87 95
87 95
87 96
87 97
87 97
87 98
87 99
87 99
87 100
