2 22
2 21
2 20
2 19
2 19
2 18
2 18
2 17
2 17
2 17
2 17
3 18
3 19
3 19
4 20
4 21
5 22
5 23
5 23
5 24
5 25
6 26
6 27
6 28
6 29
6 29
6 30
7 31
7 32
7 33
7 34
8 35
8 36
8 36
8 37
8 38
8 39
9 40
9 41
9 42
9 43
9 44
9 44
9 45
9 46
9 47
8 48
8 49
8 50
8 51
8 52
8 52
8 53
8 54
8 55
7 56
7 57
7 58
7 59
7 59
7 60
7 61
6 62
6 63
6 64
6 65
6 65
6 66
5 67
5 68
4 69
4 70
4 70
3 71
3 72
2 73
2 73
1 74
1 75
1 75
0 76
0 76
0 76
0 75
1 74
1 73
1 72
1 71
2 70
2 69
2 68
3 67
3 66
3 65
4 64
4 63
4 62
4 61
5 60
5 59
5 58
6 57
6 56
6 55
7 54
7 53
7 52
7 51
8 50
8 49
8 48
9 47
9 46
9 45
10 44
10 43
10 42
10 41
11 40
11 39
11 38
12 37
12 36
12 35
13 34
13 33
13 32
13 31
14 30
14 29
14 28
15 27
15 26
15 25
16 24
16 23
16 22
16 21
17 20
17 19
17 19
18 18
18 17
19 16
19 15
20 14
20 14
20 13
21 12
21 11
21 11
22 10
22 9
22 9
23 8
24 7
24 7
25 6
26 6
27 5
27 5
28 4
29 4
30 3
30 3
31 3
32 2
33 2
33 2
34 1
35 1
35 1
36 0
36 0
37 1
37 1
38 2
38 2
38 3
38 4
38 5
38 5
38 6
38 7
37 8
37 9
37 10
37 10
37 11
37 12
37 13
37 14
37 15
37 16
37 16
37 17
37 18
37 19
38 20
38 21
38 22
38 23
38 24
38 24
38 25
38 26
38 27
39 28
39 29
39 30
39 31
39 32
39 32
39 33
39 34
40 35
40 36
40 37
40 38
41 39
41 40
41 41
41 41
41 42
41 43
41 44
41 45
42 46
42 47
42 48
42 49
42 50
42 51
42 51
42 52
42 53
42 54
43 55
43 56
43 57
43 58
43 58
43 59
43 60
43 61
43 62
43 63
43 64
43 65
43 65
43 66
43 67
43 68
43 69
43 70
43 70
43 71
43 72
42 73
42 74
42 75
42 75
42 76
41 77
41 78
40 79
40 80
40 80
39 81
39 82
38 83
38 83
37 84
36 85
36 85
35 86
34 87
34 87
33 87
32 86
31 86
31 86
30 85
30 84
29 83
29 83
29 82
28 81
28 80
28 79
27 78
27 77
27 76
27 75
26 74
26 73
26 72
25 71
25 70
25 69
24 68
24 67
24 66
24 65
23 64
23 63
23 62
22 61
22 60
22 59
21 58
21 57
21 56
21 55
20 54
20 53
20 52
19 51
19 50
19 49
18 48
18 47
18 46
18 45
17 44
17 43
17 42
16 41
16 40
16 39
15 38
15 37
15 36
15 35
14 34
14 33
14 33
15 32
16 31
17 30
17 30
18 30
18 30
19 29
19 29
20 28
21 28
21 28
22 28
23 29
24 29
24 29
25 29
26 29
27 29
27 29
28 29
29 29
29 29
30 29
30 29
30 29
29 29
29 29
28 29
28 29
27 29
27 29
26 29
25 29
25 29
25 29
25 29
26 28
26 28
27 28
27 28
28 27
28 27
29 27
29 27
28 27
28 27
28 28
28 28
27 29
26 30
26 30
25 31
25 32
25 32
24 33
24 34
24 34
23 35
23 35
23 36
23 36
23 36
24 36
24 36
24 37
23 38
23 39
23 39
23 40
23 41
23 42
24 43
24 44
24 45
24 46
24 46
24 47
24 48
24 48
24 49
24 50
24 50
24 51
24 52
24 52
25 52
25 52
25 53
25 53
25 52
25 52
25 51
25 51
25 50
25 49
25 48
25 48
25 47
26 46
26 45
26 45
26 44
26 43
26 42
26 42
26 41
26 41
26 41
27 42
27 42
28 43
29 43
29 43
29 44
30 45
30 46
30 46
31 47
32 48
32 48
33 49
33 50
33 50
33 51
33 52
33 52
32 53
31 54
31 54
31 55
30 56
30 57
30 57
29 58
28 58
28 58
28 59
28 59
27 58
27 58
28 57
29 56
29 55
30 54
31 53
32 52
33 51
33 50
34 49
35 48
36 47
37 46
37 45
38 44
39 43
40 42
41 41
41 40
42 39
43 38
44 37
45 36
45 35
46 34
47 33
47 33
47 34
47 34
46 33
46 33
47 34
47 34
48 33
49 33
49 33
50 33
51 33
51 33
52 32
53 32
54 31
55 31
55 31
56 31
57 30
58 30
59 30
59 30
60 29
61 29
61 29
62 29
62 29
63 28
63 28
63 27
62 26
62 25
62 24
61 23
61 22
61 21
61 20
60 19
60 18
60 17
59 16
59 15
59 15
58 16
57 17
56 18
56 18
55 19
54 20
54 20
54 21
53 22
53 23
53 24
53 24
53 25
53 26
52 27
52 28
52 29
52 29
52 30
52 31
52 32
52 33
52 34
52 34
52 35
52 36
52 37
52 37
52 38
52 39
52 40
52 40
52 41
52 42
52 42
52 43
52 43
52 43
53 43
53 43
54 42
54 42
55 41
55 40
55 40
56 39
56 38
57 37
57 37
58 36
59 36
59 36
60 35
60 35
61 35
61 35
61 36
61 37
61 37
61 38
61 39
61 39
60 40
60 41
60 41
59 42
59 43
59 43
58 44
58 44
57 45
57 45
56 46
56 46
55 46
54 47
53 47
52 47
51 48
50 48
49 48
48 48
47 49
46 49
46 49
46 50
46 51
46 51
46 52
46 53
46 53
46 54
46 55
46 56
46 57
46 57
46 58
46 59
46 60
46 60
46 61
46 62
46 63
46 63
46 64
46 65
46 65
46 66
47 67
47 68
47 68
47 69
47 69
47 69
47 69
48 68
48 68
48 67
48 66
48 66
49 65
49 64
49 64
49 63
49 62
49 62
50 61
50 60
50 60
50 59
50 58
50 57
50 57
50 56
50 55
50 55
50 54
50 54
50 54
51 54
51 54
52 54
53 54
53 54
54 54
55 54
55 54
56 54
57 55
58 55
58 55
59 55
60 56
61 56
62 56
62 56
63 57
64 57
65 58
65 58
66 59
67 59
68 60
68 60
68 61
69 62
69 63
69 63
70 64
70 65
70 65
70 66
69 67
69 68
69 68
68 69
68 70
67 71
67 71
66 72
66 73
65 74
65 74
64 75
63 76
63 76
62 77
62 77
61 77
61 77
60 76
60 76
60 75
60 74
60 74
60 73
61 72
61 71
61 70
62 69
62 68
62 67
63 66
63 65
63 64
64 63
64 62
64 61
65 60
65 59
65 58
66 57
66 56
66 55
67 54
67 53
67 52
68 51
68 50
68 49
69 48
69 47
69 46
70 45
70 44
70 43
71 42
71 41
71 40
72 39
72 38
72 37
73 36
73 35
73 34
74 33
74 32
74 31
75 30
75 29
75 28
76 27
76 26
76 25
77 24
77 23
77 23
76 23
76 23
76 22
76 22
75 21
75 21
75 22
75 22
76 21
77 21
77 21
78 20
79 20
79 20
80 19
81 19
81 19
82 18
83 18
83 18
83 17
83 17
83 17
83 16
82 15
82 14
82 13
82 13
81 12
81 12
80 11
80 11
80 12
80 12
80 13
80 14
80 14
80 15
80 16
80 17
80 18
80 18
80 19
80 20
80 21
80 22
80 22
80 23
81 24
81 25
81 26
81 26
81 27
81 28
81 28
81 29
81 30
81 30
82 30
82 30
82 29
82 29
83 28
84 27
84 27
85 26
85 25
85 25
86 24
86 23
87 22
87 22
87 21
88 20
88 19
88 19
89 18
89 18
89 17
89 17
89 18
89 18
89 19
89 20
89 20
90 21
90 22
90 22
90 23
90 24
90 24
90 25
91 26
91 27
91 27
91 28
91 28
91 29
91 30
91 30
91 31
91 31
91 31
90 31
89 32
88 32
87 33
86 33
85 33
84 34
83 34
82 35
81 35
80 35
79 36
78 36
77 36
76 37
75 37
74 38
73 38
72 38
71 39
70 39
69 40
68 40
68 40
68 41
68 42
68 43
68 43
69 42
69 42
70 41
70 41
71 41
72 40
73 40
73 40
74 40
75 40
76 39
77 39
78 39
78 39
79 39
80 39
81 38
82 38
83 38
83 38
84 38
85 38
86 37
87 37
88 37
89 37
89 37
90 37
91 37
92 37
93 37
93 37
94 37
95 36
96 36
97 36
97 36
98 36
99 36
99 36
100 36
100 36
99 37
99 37
98 37
97 37
97 37
96 38
95 38
94 39
94 39
93 39
92 39
91 39
90 40
89 40
88 40
87 40
86 40
86 40
85 40
84 41
83 41
82 42
81 42
80 43
79 43
79 43
78 44
77 44
76 45
76 45
75 46
74 47
74 47
73 48
73 48
74 49
74 50
74 50
75 50
76 50
76 50
77 50
78 50
78 50
79 49
80 49
80 49
81 48
82 47
82 47
83 46
83 46
83 45
83 44
83 44
82 43
82 42
82 42
82 41
81 40
81 39
81 39
81 39
80 39
80 39
80 40
79 41
79 42
79 42
79 43
79 44
79 45
79 45
79 46
79 47
79 48
79 48
79 49
80 50
80 51
80 51
80 52
80 52
81 53
81 53
82 53
82 53
83 52
83 51
83 51
84 50
84 49
84 49
85 48
86 47
86 47
87 46
87 45
87 45
87 44
88 43
88 42
88 42
89 41
90 40
90 40
91 40
91 40
92 40
92 40
93 41
93 41
94 42
95 42
95 42
96 43
97 44
97 44
98 44
98 44
97 45
97 45
96 46
96 46
95 47
94 47
93 48
92 48
91 49
90 49
89 50
88 50
87 51
86 51
85 52
84 52
83 53
82 53
81 54
80 54
79 55
78 55
77 56
76 56
75 57
74 57
73 58
72 58
72 58
72 59
72 60
72 60
72 60
73 59
73 59
74 59
75 59
75 59
76 59
77 58
78 58
79 58
79 58
80 58
81 57
82 57
82 57
83 57
84 56
85 56
86 56
86 56
87 56
88 56
89 56
90 56
90 56
89 57
88 58
87 59
86 60
85 60
84 61
83 62
82 63
82 63
81 64
80 64
79 65
78 66
77 66
76 67
76 67
75 68
74 68
74 68
73 69
73 69
73 70
73 71
73 71
74 71
74 71
75 71
76 70
77 70
77 70
78 70
79 70
80 70
80 70
81 69
82 69
83 68
84 68
84 68
85 67
86 67
87 66
87 66
88 65
89 65
90 64
90 64
91 63
92 63
92 63
93 62
93 61
93 61
93 60
93 60
93 59
93 59
93 58
92 57
92 56
91 55
91 54
90 53
90 52
89 51
89 50
89 49
88 48
88 47
87 46
87 45
86 44
86 43
86 42
85 41
85 40
84 39
84 38
83 37
83 36
82 35
82 34
82 33
81 32
81 31
80 30
80 29
79 28
79 27
79 27
80 26
80 26
80 25
80 25
80 25
79 25
79 25
79 26
79 27
79 27
79 28
79 29
79 30
79 31
79 32
79 32
79 33
79 34
79 35
79 36
79 37
79 38
79 39
79 40
79 40
79 41
79 42
79 43
79 44
80 45
80 46
80 47
80 48
80 49
80 49
80 50
80 51
80 52
80 53
81 54
81 55
81 56
81 57
81 58
81 58
81 59
81 60
81 61
81 62
82 63
82 64
82 65
82 66
82 67
82 67
82 68
82 69
82 70
82 71
82 72
82 73
82 73
82 74
82 75
82 76
82 77
82 78
82 79
82 79
82 80
82 81
81 82
81 83
81 84
81 85
81 85
81 86
81 87
80 88
80 89
80 90
80 90
80 91
80 92
80 93
80 94
80 94
80 95
79 96
79 97
79 97
79 98
79 99
79 99
79 100
79 100
79 100
79 100
79 100
79 100
78 99
