1 12
0 12
0 12
0 12
0 11
0 11
0 11
0 11
1 10
1 10
1 10
2 10
2 10
3 10
3 10
3 11
3 11
4 11
4 11
4 12
4 13
4 13
5 14
5 14
5 15
5 16
5 16
6 17
6 18
6 18
6 19
6 20
6 21
6 21
6 22
6 23
6 24
6 25
6 25
6 26
5 27
5 28
5 29
5 29
5 30
5 31
5 32
5 33
5 33
5 34
5 35
5 36
5 37
5 37
5 38
4 39
4 40
4 41
4 41
4 42
4 43
4 44
4 45
4 45
4 46
3 47
3 48
3 48
3 49
2 50
2 51
2 51
2 52
1 53
1 54
1 54
1 55
1 56
1 57
1 57
0 58
0 58
0 58
0 58
0 57
1 56
1 55
1 54
1 53
2 52
2 51
2 50
3 49
3 48
3 47
3 46
4 45
4 44
4 43
4 42
5 41
5 40
5 39
6 38
6 37
6 36
6 35
7 34
7 33
7 32
8 31
8 30
8 29
8 28
9 27
9 26
9 25
10 24
10 23
10 22
10 21
11 20
11 19
11 18
11 17
12 16
12 15
12 14
13 13
13 12
13 11
13 10
14 9
14 8
14 8
14 9
14 9
14 8
14 8
13 7
13 7
13 7
14 6
14 6
15 5
15 5
16 5
16 5
17 4
17 4
18 4
19 4
19 4
20 3
20 3
21 2
21 2
22 2
23 2
23 2
24 1
24 1
24 1
25 1
25 1
26 0
26 0
27 0
27 0
27 1
27 1
27 1
27 1
27 1
27 1
27 1
27 1
27 2
27 2
27 2
27 2
26 3
26 3
26 3
26 4
26 4
26 5
26 5
25 6
25 6
25 6
25 7
25 7
25 8
25 8
25 9
25 9
24 10
24 11
24 11
24 12
24 12
24 13
24 13
24 14
24 14
24 15
24 16
24 16
24 17
24 17
24 18
24 18
25 19
25 19
25 20
25 21
25 21
25 22
25 22
25 23
25 24
25 24
25 25
25 25
25 26
25 27
25 27
25 28
25 29
25 29
26 30
26 31
26 31
26 32
26 33
26 33
26 34
26 34
26 35
26 36
26 36
27 37
27 38
27 38
27 39
27 40
27 40
27 41
27 42
27 42
27 43
27 44
27 45
27 45
28 46
28 47
28 47
28 48
28 49
28 49
28 50
28 51
28 51
29 52
29 53
29 53
29 54
29 55
29 56
29 56
29 57
29 58
29 58
30 59
30 60
30 60
30 61
30 62
30 63
30 63
30 64
30 65
30 65
30 66
31 67
31 68
31 68
31 69
31 69
31 70
31 71
31 71
32 72
32 72
32 73
32 73
32 73
32 74
32 74
31 73
31 73
31 72
31 72
30 71
30 71
29 70
29 69
29 69
29 68
28 67
28 66
28 66
28 65
27 64
27 63
27 62
26 61
26 60
25 59
25 58
25 57
24 56
24 55
24 54
23 53
23 52
23 51
22 50
22 49
22 48
21 47
21 46
20 45
20 44
20 43
19 42
19 41
19 40
18 39
18 38
18 37
17 36
17 35
17 34
16 33
16 32
15 31
15 30
15 29
14 28
14 27
14 26
13 25
13 24
13 24
13 25
13 25
13 25
12 25
12 25
12 25
12 25
12 25
12 25
12 25
12 25
12 25
12 25
12 25
12 25
12 25
12 25
12 25
12 25
12 24
12 24
12 24
12 24
13 23
13 23
13 22
13 22
14 22
15 22
15 22
16 21
16 21
17 20
17 20
18 19
18 19
19 19
19 19
19 19
19 19
20 19
20 19
19 19
19 19
19 19
19 19
19 19
19 19
19 19
19 19
19 19
19 19
19 19
19 19
19 19
19 19
19 19
19 19
19 19
19 19
19 19
18 20
18 20
18 20
18 21
18 21
18 22
18 22
17 23
17 23
16 24
16 24
16 25
16 26
16 26
15 27
15 27
15 28
15 28
15 29
15 29
15 30
15 30
15 30
15 31
15 31
15 31
15 31
15 31
16 31
16 31
16 31
17 30
17 30
18 29
18 29
19 29
19 29
19 29
20 29
20 29
20 29
20 29
20 30
20 30
20 31
20 31
19 31
19 31
19 32
19 32
18 33
18 33
17 34
17 34
17 35
17 36
17 36
16 36
16 36
16 37
16 37
16 37
16 37
16 37
17 38
17 38
17 37
17 37
18 37
18 37
19 37
19 37
19 37
20 37
20 37
20 37
20 37
19 38
19 38
19 39
19 39
18 40
18 40
18 41
18 42
18 42
17 43
17 43
17 44
17 45
17 45
17 46
17 46
17 47
17 47
17 47
17 48
17 48
18 48
18 48
18 48
18 48
19 48
19 48
19 47
19 47
19 47
20 46
20 46
20 45
20 45
20 44
20 44
21 43
21 43
21 42
21 42
21 42
21 41
21 41
21 41
22 42
22 42
22 42
23 43
23 43
23 43
23 44
23 44
23 45
23 45
23 46
23 46
23 47
23 48
23 48
22 49
22 49
23 48
23 47
24 46
25 45
26 44
26 43
27 42
28 41
28 40
29 39
30 38
31 37
31 36
32 35
33 34
33 33
34 32
35 31
36 30
36 29
37 28
38 27
38 26
39 25
40 24
41 23
41 22
42 21
42 21
41 22
41 22
41 22
41 22
40 22
40 22
40 22
41 22
41 22
41 21
41 21
42 21
42 21
43 20
43 20
44 19
45 19
45 19
46 18
47 18
47 18
48 17
49 17
49 17
50 16
50 16
51 16
51 16
52 15
52 15
52 15
52 15
52 15
51 14
50 14
49 13
48 13
48 13
48 12
48 12
47 12
47 12
47 12
47 12
47 12
47 12
47 12
47 12
47 13
47 13
47 13
47 14
47 14
47 15
47 15
47 16
47 16
47 17
47 18
47 18
47 19
47 19
47 20
47 21
47 21
47 22
47 22
47 23
47 24
47 24
47 25
47 25
47 26
47 26
47 27
47 27
47 28
47 28
47 29
47 29
47 29
47 30
47 30
47 30
48 30
48 30
48 29
48 29
49 28
49 28
49 27
49 27
50 26
50 26
51 25
51 25
51 25
51 24
51 24
51 24
51 25
51 25
51 25
50 25
50 25
50 26
50 26
49 27
49 27
48 28
48 28
47 29
46 30
45 31
44 32
43 33
42 34
41 35
40 36
39 37
39 37
39 37
39 37
39 37
39 37
39 37
39 37
39 37
39 37
39 37
40 37
40 37
40 37
40 37
40 38
40 38
40 38
40 39
40 39
40 40
40 40
40 41
40 41
40 42
40 42
40 43
40 43
40 44
40 44
40 45
40 45
41 46
41 46
41 47
41 47
41 48
41 48
41 48
41 48
42 48
42 48
42 48
42 47
42 47
43 46
43 46
43 45
43 45
43 44
43 44
43 44
44 44
44 44
44 45
44 45
44 45
45 45
45 45
46 46
46 46
47 46
47 46
48 46
48 46
49 46
49 46
50 46
50 46
51 46
51 46
52 45
52 45
53 45
53 45
54 44
54 44
54 43
54 43
54 42
54 42
54 41
54 41
53 40
53 40
53 39
53 39
52 39
52 39
51 39
51 39
50 39
50 39
50 39
50 38
50 38
50 38
51 38
51 38
52 37
52 37
53 36
54 36
54 36
55 35
56 35
56 35
57 35
58 35
58 35
59 35
60 35
60 35
61 36
62 36
62 36
63 37
63 37
63 38
63 38
63 39
63 40
63 40
63 41
63 42
63 42
62 43
62 44
62 44
61 45
61 45
60 46
60 46
60 47
60 47
60 46
61 45
61 44
61 43
62 42
62 41
62 40
63 39
63 38
63 37
64 36
64 35
64 34
65 33
65 32
65 31
66 30
66 29
66 28
67 27
67 26
67 25
68 24
68 23
68 22
69 21
69 20
69 19
70 18
70 17
70 16
71 15
71 14
71 13
72 12
72 11
72 11
72 11
72 11
72 11
72 11
72 12
72 12
72 13
72 13
73 14
73 14
73 15
73 15
73 16
73 17
73 17
73 18
73 19
73 19
73 20
73 21
73 21
73 22
73 22
73 23
73 23
73 24
73 24
74 25
74 25
74 25
74 25
73 25
73 25
73 25
72 24
72 24
72 24
71 23
71 23
70 23
70 23
69 22
69 22
68 22
68 22
68 22
67 22
67 22
67 22
67 21
67 21
68 21
68 21
68 20
68 20
69 20
69 20
70 19
70 19
71 19
72 19
72 19
73 18
73 18
74 18
74 18
75 17
75 17
76 17
76 17
76 17
76 17
76 18
76 18
76 18
75 19
75 19
74 20
73 20
73 20
72 21
72 21
71 22
71 22
71 23
71 23
71 23
71 23
71 23
72 22
72 22
73 22
73 22
74 21
74 21
75 20
76 20
76 20
77 19
77 19
78 19
79 19
79 19
80 18
80 18
81 18
81 18
82 18
83 18
83 18
83 18
84 18
84 18
85 17
85 17
86 17
86 17
86 17
86 17
86 17
86 17
86 17
86 17
86 17
86 16
86 16
86 16
86 16
86 16
86 16
86 15
86 15
86 15
85 15
85 15
85 16
85 16
85 16
85 16
85 17
85 17
85 17
84 18
84 18
84 19
84 19
83 20
83 20
82 21
81 21
80 22
79 23
78 24
77 24
76 25
75 26
74 26
73 27
72 28
71 28
70 29
69 30
68 31
67 31
66 32
66 32
66 33
66 33
66 32
66 32
65 32
65 32
65 32
65 32
65 32
65 32
65 33
65 33
65 33
66 33
66 33
66 33
66 33
67 33
67 33
68 32
68 32
69 32
69 32
70 32
70 32
71 31
71 31
72 31
73 31
73 31
74 31
74 31
75 31
75 31
76 31
76 31
77 30
77 30
78 30
79 30
79 30
80 29
80 29
81 29
81 29
82 29
82 29
83 29
83 29
83 29
83 29
84 29
84 29
84 29
84 29
83 29
83 29
82 29
81 30
80 30
79 30
78 31
77 31
76 31
75 31
74 32
73 32
73 32
72 33
72 33
71 33
71 33
71 34
71 34
71 34
71 35
71 35
71 35
71 35
71 36
71 36
72 36
72 36
73 36
73 36
74 36
74 36
75 35
75 35
76 34
77 34
77 34
78 34
78 34
79 33
79 33
80 33
81 33
81 33
82 33
82 33
83 33
83 33
84 33
84 33
85 33
86 33
86 33
87 33
87 33
88 33
88 33
88 33
89 33
89 33
89 33
88 34
88 34
87 35
86 35
85 36
84 37
83 38
82 38
81 39
80 40
79 41
78 41
77 42
76 43
75 44
74 44
73 45
72 46
71 46
70 47
69 48
68 49
67 49
66 50
65 51
64 52
63 52
62 53
62 53
61 53
61 53
61 53
61 53
60 53
60 53
61 52
61 52
61 52
61 52
62 52
62 52
63 51
64 51
64 51
65 50
66 49
66 49
67 49
68 48
69 48
69 48
70 47
71 47
71 47
72 47
73 46
74 46
75 46
75 46
76 46
77 46
78 46
78 46
79 46
80 45
81 45
81 45
82 45
83 44
84 44
84 44
85 44
86 44
87 44
87 44
88 44
89 43
90 43
90 43
91 43
92 43
92 43
93 42
94 42
94 42
95 42
96 42
96 42
97 42
97 42
98 42
98 42
99 42
99 42
99 41
99 41
100 41
100 41
99 41
99 41
99 40
99 40
98 40
98 40
97 39
97 39
96 38
96 37
95 36
94 35
94 34
93 33
93 32
92 31
91 30
91 29
90 28
89 27
89 26
88 25
88 24
87 23
86 22
86 21
85 20
84 19
84 18
83 17
83 16
82 15
81 14
81 13
80 12
79 11
79 10
78 9
78 8
77 7
77 7
77 7
76 6
76 6
76 6
76 6
77 7
77 7
77 7
77 7
77 7
77 7
77 8
77 8
77 9
77 9
77 10
77 10
78 11
78 11
78 12
78 12
78 13
78 13
78 14
78 15
78 15
78 16
78 17
78 17
77 18
77 19
77 19
77 20
77 21
77 21
77 22
77 23
77 23
77 24
77 25
77 25
77 26
77 27
77 28
77 28
77 29
77 30
77 30
77 31
77 32
77 33
77 33
77 34
77 35
77 35
77 36
78 37
78 38
78 38
78 39
78 40
78 41
78 41
78 42
78 43
78 44
78 44
78 45
78 46
78 47
78 47
78 48
78 49
78 50
78 50
78 51
78 52
78 53
78 54
78 54
78 55
78 56
78 57
78 57
78 58
79 59
79 60
79 60
79 61
79 62
79 63
79 63
79 64
79 65
79 66
79 67
79 67
79 68
80 69
80 70
80 70
80 71
80 72
80 73
80 74
80 74
80 75
80 76
80 77
80 77
80 78
80 79
80 80
80 81
80 81
80 82
80 83
80 84
80 85
80 85
80 86
80 87
80 88
80 88
80 89
80 90
80 91
80 91
80 92
80 93
80 94
80 94
80 95
80 96
80 97
80 97
80 98
80 99
80 99
80 100
