4 19
3 18
3 17
3 17
3 16
3 16
3 16
3 17
3 17
4 18
4 18
4 19
5 20
5 21
5 22
5 22
5 23
6 24
6 25
7 26
7 27
7 27
7 28
7 29
8 30
8 31
8 32
8 32
8 33
8 34
9 35
9 36
9 37
9 38
9 38
9 39
9 40
9 41
9 42
9 43
9 44
9 44
9 45
9 46
8 47
8 48
8 49
8 50
8 50
8 51
7 52
7 53
6 54
6 55
6 55
5 56
5 57
4 58
4 59
4 59
3 60
2 61
2 61
1 62
1 63
1 63
0 63
0 63
0 62
0 61
0 61
0 60
1 59
1 58
1 57
2 56
2 55
2 54
3 53
3 52
4 51
4 50
4 49
5 48
5 47
5 46
6 45
6 44
6 43
7 42
7 41
7 40
8 39
8 38
8 37
9 36
9 35
9 34
10 33
10 32
11 31
11 30
11 29
12 28
12 27
12 26
13 25
13 24
13 23
14 22
14 21
14 21
15 20
16 19
17 18
17 18
17 17
17 17
16 16
16 15
16 15
16 15
17 14
18 14
18 14
19 13
20 13
20 13
21 12
21 11
22 10
22 10
23 10
24 9
25 9
25 9
26 8
27 8
27 8
28 7
29 7
29 7
30 7
30 7
31 7
31 7
31 7
31 8
31 8
31 9
31 10
31 10
31 11
31 12
31 13
31 13
31 14
32 15
32 16
32 17
32 17
32 18
33 19
33 20
33 21
33 21
33 22
33 23
34 24
34 25
34 26
34 26
34 27
34 28
34 29
34 30
34 31
34 32
34 32
34 33
34 34
35 35
35 36
35 37
35 38
35 38
35 39
35 40
35 41
35 42
35 43
35 44
35 45
35 45
35 46
35 47
34 48
34 49
34 50
34 51
34 51
34 52
34 53
34 54
34 55
34 56
34 57
34 58
34 58
34 59
34 60
34 61
34 62
34 63
34 63
34 64
34 65
33 66
33 67
33 68
33 68
33 69
33 70
32 71
32 72
32 73
32 73
32 74
32 75
32 76
32 76
31 77
31 78
31 78
31 79
31 80
31 80
30 81
30 81
29 80
29 80
28 79
28 79
28 78
27 77
27 76
27 75
26 74
26 73
26 72
25 71
25 70
25 69
24 68
24 67
24 66
23 65
23 64
23 63
22 62
22 61
22 60
21 59
21 58
20 57
20 56
20 55
19 54
19 53
19 52
18 51
18 50
18 49
17 48
17 47
17 46
16 45
16 44
16 43
15 42
15 41
15 40
14 39
14 38
14 37
13 36
13 35
13 35
14 34
14 33
15 32
15 31
16 30
16 29
16 29
16 28
16 27
16 26
16 26
17 25
17 24
18 23
18 23
19 23
20 22
21 22
21 22
22 21
23 21
24 20
24 20
25 20
26 20
26 20
27 20
28 20
28 20
28 21
28 21
27 22
27 23
27 23
26 24
26 25
25 26
25 26
24 27
24 28
23 29
23 30
23 30
22 31
22 32
22 32
21 33
20 33
20 33
20 33
20 33
21 32
21 32
22 31
23 30
23 30
24 29
24 29
24 28
24 27
23 26
23 25
23 24
23 23
23 22
23 21
22 20
22 19
22 18
22 17
22 17
22 18
22 19
22 20
22 21
22 21
22 22
22 23
22 24
22 24
22 25
22 26
22 27
22 28
22 28
22 29
22 30
22 31
22 32
22 32
22 33
21 34
21 35
21 36
21 36
21 37
20 38
20 39
20 39
20 40
20 40
19 41
19 41
19 41
18 41
17 41
17 41
16 41
16 41
17 42
17 43
17 43
17 44
17 44
17 45
18 46
18 47
18 47
19 48
19 49
19 49
20 49
21 49
21 49
21 50
21 50
22 49
22 49
22 48
22 48
21 47
21 47
21 46
21 45
21 45
20 44
20 43
20 43
20 42
20 41
20 40
20 40
20 39
20 39
21 38
21 38
22 37
22 37
23 38
24 38
24 38
25 39
26 39
26 39
27 40
28 41
28 41
28 42
28 43
28 43
28 44
28 45
28 46
28 46
27 47
27 48
27 48
26 49
26 50
25 51
25 51
24 52
24 53
24 53
23 54
22 54
22 54
21 54
21 54
21 53
21 53
22 52
22 51
23 50
24 49
25 48
25 47
26 46
27 45
27 44
28 43
29 42
30 41
30 40
31 39
32 38
32 37
33 36
34 35
35 34
35 33
36 32
37 31
37 30
38 29
39 28
40 27
40 26
41 25
42 24
42 23
43 22
44 21
45 20
45 19
46 18
46 18
45 19
45 20
45 20
44 20
44 20
43 20
43 20
42 21
42 21
43 22
43 22
44 22
44 22
45 22
46 21
47 21
47 21
48 20
49 20
49 20
50 20
51 19
52 19
52 19
53 18
54 17
54 17
55 16
55 16
56 15
56 14
56 14
57 13
57 13
56 12
55 11
54 10
53 9
52 8
51 7
50 6
50 6
49 5
48 5
48 5
48 6
48 7
48 7
47 8
47 8
47 9
47 10
47 11
47 12
47 13
47 14
47 14
47 15
47 16
47 17
47 18
47 19
47 19
47 20
47 21
47 22
47 23
47 24
47 25
47 25
47 26
47 27
47 28
47 29
47 29
47 30
47 31
47 32
47 32
47 33
47 34
47 34
47 35
47 35
47 35
47 35
48 34
48 34
49 33
49 32
49 32
50 31
51 30
51 30
52 29
52 28
52 28
53 27
54 27
54 27
54 26
54 26
53 27
53 27
52 28
52 29
52 29
51 30
51 31
50 32
50 33
50 33
49 34
49 35
48 36
48 36
47 37
47 38
46 39
46 39
46 40
45 41
45 42
45 43
45 43
44 44
44 44
44 45
44 45
44 45
43 45
42 44
41 44
40 44
40 44
39 44
38 44
38 44
38 45
38 45
38 46
38 47
38 47
38 48
38 49
38 50
38 50
38 51
39 52
39 53
39 54
39 54
39 55
40 56
40 57
40 58
40 58
40 59
41 60
41 61
41 62
41 62
41 63
42 64
42 65
42 66
42 66
42 67
42 68
42 68
43 69
43 69
44 68
44 68
44 67
44 67
44 66
44 66
44 65
45 64
45 63
45 63
45 62
45 61
45 61
45 60
45 59
45 58
45 58
45 57
45 56
45 55
45 54
45 54
45 53
45 52
45 51
45 51
45 50
45 49
45 48
45 48
45 48
46 48
46 48
47 49
47 49
48 50
48 50
49 50
50 51
51 51
51 51
52 51
53 51
54 51
54 51
55 51
56 51
57 51
57 51
58 51
59 51
60 51
61 51
61 51
62 52
63 53
63 53
64 54
65 55
65 55
65 56
65 57
65 58
65 58
65 59
65 60
65 61
65 62
65 62
65 63
64 64
64 65
64 66
64 66
64 67
63 68
63 69
63 70
63 70
63 71
62 72
62 73
62 73
62 74
62 74
62 74
62 73
62 72
62 72
62 71
63 70
63 69
63 68
64 67
64 66
64 65
65 64
65 63
65 62
66 61
66 60
66 59
67 58
67 57
67 56
68 55
68 54
68 53
69 52
69 51
69 50
70 49
70 48
70 47
71 46
71 45
71 44
72 43
72 42
72 41
73 40
73 39
73 38
74 37
74 36
74 35
75 34
75 33
75 32
76 31
76 30
76 29
77 28
77 27
77 26
78 25
78 24
78 23
79 22
79 21
79 20
80 19
80 18
80 17
81 16
81 15
81 14
82 13
82 12
82 11
83 10
83 9
83 8
84 7
84 6
84 5
85 4
85 3
85 2
86 1
86 0
86 0
86 1
86 2
85 3
85 4
85 5
85 5
84 6
84 6
84 7
84 8
84 9
84 10
84 10
84 11
84 12
83 13
83 14
83 15
83 15
83 16
84 17
84 18
84 19
84 19
84 20
84 21
84 22
84 22
84 23
84 23
84 24
84 24
84 24
83 23
82 22
81 21
80 20
79 19
79 19
78 18
78 18
77 18
77 18
76 19
76 19
75 19
75 19
75 20
75 20
75 20
75 20
75 21
75 21
76 21
76 21
77 22
77 22
78 23
79 23
79 23
80 24
81 25
81 25
82 25
83 25
84 25
84 25
85 25
86 25
86 25
87 25
88 24
89 24
89 24
90 23
91 23
91 23
92 22
93 22
93 22
94 21
94 21
94 20
94 20
94 20
93 19
93 19
93 18
93 18
92 18
92 18
91 19
91 19
90 20
90 20
89 21
89 21
89 21
90 22
90 22
91 22
91 22
92 21
92 21
93 21
94 21
94 21
95 20
96 20
96 20
97 20
97 20
97 19
97 19
98 20
98 20
97 20
97 20
97 20
97 20
97 20
97 20
97 20
97 20
97 21
97 21
97 21
96 21
96 21
96 22
96 22
95 23
94 24
93 25
93 26
92 27
91 28
90 29
89 30
88 31
88 32
87 33
86 34
85 35
85 35
84 36
84 37
84 37
84 38
84 38
84 38
84 38
85 37
86 37
86 37
87 36
88 36
89 35
89 35
90 35
91 34
92 34
93 34
93 34
94 33
95 33
96 32
96 32
97 32
97 32
97 32
97 32
96 33
95 33
95 33
94 34
93 34
93 34
92 34
91 35
90 35
90 35
89 35
88 35
88 35
87 36
87 36
86 36
86 36
85 37
85 37
85 38
85 38
86 39
86 39
87 40
87 40
88 41
88 41
89 41
89 41
90 41
90 41
91 41
91 41
91 40
91 40
91 39
91 39
91 38
91 38
91 37
91 37
92 37
92 37
92 37
93 38
93 38
94 39
95 39
95 39
96 40
96 40
95 41
94 41
93 42
92 43
91 43
90 44
89 44
88 45
87 46
86 46
85 47
84 48
83 48
82 49
81 49
80 50
80 50
79 51
79 51
80 51
81 51
81 51
82 51
83 51
83 51
84 51
85 51
86 51
86 51
87 51
88 50
89 50
90 50
90 50
91 50
92 50
93 50
94 50
94 50
95 50
96 50
97 50
97 50
98 50
98 50
99 50
99 50
100 50
100 50
99 50
99 50
99 50
98 50
98 50
98 49
98 48
97 47
97 46
97 45
97 44
97 43
96 42
96 41
96 40
96 39
96 38
95 37
95 36
95 35
95 34
95 33
94 32
94 31
94 30
94 29
93 28
93 27
93 26
93 25
93 24
92 23
92 22
92 21
92 20
92 19
91 18
91 17
91 16
91 15
91 14
90 13
90 12
90 11
90 11
89 12
89 13
89 13
89 14
89 15
89 15
89 16
89 17
89 17
89 18
89 19
89 20
89 21
89 21
89 22
89 23
89 24
89 25
89 26
89 26
89 27
89 28
89 29
89 30
89 31
89 32
89 33
89 34
89 35
89 35
89 36
89 37
89 38
89 39
89 40
89 41
89 42
89 43
89 44
89 45
89 46
89 46
89 47
89 48
89 49
89 50
89 51
90 52
90 53
90 54
90 55
90 56
90 57
90 57
90 58
90 59
90 60
90 61
90 62
90 63
90 64
90 65
90 66
90 67
90 67
90 68
90 69
90 70
90 71
90 72
90 73
90 74
90 74
90 75
90 76
90 77
91 78
91 79
91 80
91 81
91 81
91 82
91 83
91 84
91 85
91 86
91 87
91 87
91 88
91 89
91 90
91 91
91 92
91 92
91 93
91 94
91 95
91 95
90 96
90 97
90 97
90 98
90 99
90 99
89 100
89 100
89 100
88 100
