7 21
6 20
5 19
5 19
4 18
4 17
4 17
3 16
3 15
3 15
3 14
3 14
2 13
2 13
2 13
2 13
2 13
3 14
3 14
4 15
4 16
4 16
5 17
5 18
6 19
6 19
6 20
7 21
7 22
7 23
7 23
7 24
7 25
8 26
8 27
8 28
8 28
8 29
8 30
9 31
9 32
9 33
9 34
9 34
9 35
9 36
9 37
9 38
9 39
9 40
9 41
9 41
9 42
9 43
8 44
8 45
8 46
8 47
8 47
8 48
7 49
7 50
6 51
6 52
6 52
6 53
5 54
5 55
4 56
4 57
4 57
3 58
3 59
2 60
2 60
1 61
1 61
0 61
0 61
0 60
1 59
1 58
1 57
2 56
2 55
2 54
2 53
3 52
3 51
3 50
4 49
4 48
4 47
5 46
5 45
5 44
6 43
6 42
6 41
6 40
7 39
7 38
7 37
8 36
8 35
8 34
9 33
9 32
9 31
9 30
10 29
10 28
10 27
11 26
11 25
11 24
12 23
12 22
12 21
13 20
13 19
13 18
13 17
14 16
14 15
14 14
15 13
15 12
15 12
14 13
14 13
14 12
14 12
13 12
13 12
13 11
13 11
14 10
15 9
15 9
16 8
17 7
17 7
18 6
19 6
20 5
20 5
21 4
22 3
22 3
23 2
24 2
25 1
25 1
26 1
27 1
27 1
28 0
28 0
29 1
29 1
29 1
30 2
30 3
30 3
31 4
31 5
31 5
31 6
31 7
31 8
31 9
31 9
31 10
31 11
32 12
32 13
32 14
32 15
32 15
32 16
32 17
33 18
33 19
33 20
33 21
33 21
33 22
33 23
33 24
34 25
34 26
34 27
34 28
34 28
34 29
34 30
34 31
34 32
34 33
34 34
34 35
34 36
34 36
34 37
34 38
34 39
35 40
35 41
35 42
35 43
35 43
35 44
35 45
35 46
35 47
35 48
35 49
35 50
35 50
35 51
35 52
35 53
34 54
34 55
34 56
34 57
34 57
34 58
34 59
33 60
33 61
33 62
33 63
33 63
33 64
33 65
32 66
32 67
32 68
32 68
32 69
31 70
31 71
30 72
30 73
30 73
30 74
29 75
29 76
29 77
29 77
28 78
27 79
27 79
26 80
26 81
25 82
25 82
24 83
24 83
23 83
22 83
22 83
21 82
21 81
21 81
21 80
21 79
21 78
20 77
20 76
20 75
20 74
20 73
20 72
20 71
19 70
19 69
19 68
19 67
19 66
19 65
19 64
18 63
18 62
18 61
18 60
18 59
18 58
18 57
17 56
17 55
17 54
17 53
17 52
17 51
17 50
17 49
16 48
16 47
16 46
16 45
16 44
16 43
16 42
15 41
15 40
15 39
15 38
15 37
15 36
15 35
14 34
14 33
14 32
14 31
14 31
15 30
16 29
17 28
17 27
18 26
19 25
19 25
20 24
20 23
20 23
21 22
22 22
22 22
23 22
24 22
24 22
25 21
25 21
26 20
26 20
27 20
27 20
27 20
26 21
26 21
25 22
24 22
24 22
23 23
23 23
22 24
22 24
21 25
21 25
22 25
22 25
22 26
22 26
23 26
24 26
24 26
25 26
25 26
26 25
27 25
27 25
26 24
26 23
25 22
25 21
25 21
24 22
24 23
23 24
23 24
22 25
22 26
22 26
22 27
21 28
21 29
21 29
21 30
20 31
20 32
20 33
20 33
20 34
20 35
20 36
20 37
20 37
20 38
20 39
20 40
20 40
20 41
20 41
21 42
21 42
21 42
21 41
21 41
21 40
21 39
21 38
21 38
20 37
20 37
19 38
19 38
20 39
20 40
20 40
20 41
20 42
20 42
21 43
21 43
22 44
22 44
22 45
22 45
23 45
23 45
23 44
23 44
23 43
23 43
23 42
23 41
23 41
23 40
23 40
24 39
24 38
24 38
24 37
24 36
24 36
25 35
26 35
26 35
27 35
27 35
28 36
28 37
28 37
28 38
29 39
29 40
29 40
29 41
29 42
29 42
29 43
29 44
29 45
29 45
28 46
28 47
27 48
27 48
26 49
26 50
26 50
25 51
24 51
24 51
24 51
24 50
24 50
25 49
26 48
27 47
28 46
29 45
30 44
31 43
31 42
32 41
33 40
34 39
35 38
36 37
37 36
38 35
39 34
40 33
41 32
42 31
43 30
44 29
45 28
45 27
46 26
47 25
48 24
49 23
50 22
51 21
52 20
52 20
51 21
50 21
50 21
49 21
48 21
48 21
47 22
47 22
46 23
46 23
45 23
45 23
46 23
46 23
47 24
47 24
48 24
49 24
49 24
50 24
51 24
52 24
52 24
53 24
54 23
55 23
56 23
56 23
57 22
58 22
59 21
59 21
60 20
61 20
61 20
62 19
62 19
62 18
62 18
62 17
62 17
61 16
61 15
60 14
60 13
59 12
59 11
58 10
57 9
57 8
56 7
56 6
55 5
55 4
54 3
54 3
53 3
52 3
52 3
52 4
52 4
52 5
52 6
52 7
52 7
52 8
52 9
52 10
52 11
52 11
52 12
52 13
52 14
52 15
52 16
52 16
52 17
52 18
53 19
53 20
53 21
53 21
53 22
53 23
53 24
53 25
53 26
53 26
53 27
52 28
52 29
52 30
52 30
52 31
52 32
52 33
52 33
51 34
51 35
51 35
51 36
51 37
51 37
51 37
51 37
52 36
52 36
53 35
53 34
53 34
54 33
55 32
55 32
56 31
56 30
57 29
57 29
58 28
58 27
58 27
59 27
59 27
59 27
58 28
57 28
57 28
56 29
55 30
54 31
53 32
52 33
51 34
50 35
49 36
48 37
47 38
46 39
45 40
44 41
43 42
42 43
41 44
40 45
39 46
39 46
40 47
40 48
40 48
40 49
40 49
40 50
41 51
41 52
41 52
41 53
42 54
42 55
42 56
42 56
43 57
43 58
43 58
43 59
44 60
44 61
44 61
44 62
44 63
44 63
44 64
44 64
44 64
44 63
44 63
44 62
44 62
44 61
44 60
44 59
44 59
44 58
44 57
44 57
44 56
44 55
44 54
44 53
44 53
44 52
44 51
44 51
44 50
44 50
44 50
44 51
44 51
45 52
45 52
46 53
46 53
47 53
47 53
48 53
49 53
49 53
50 52
51 51
51 51
52 50
53 50
53 50
54 49
54 48
55 47
55 47
56 47
57 46
58 46
58 46
59 46
60 46
60 46
61 47
62 48
62 48
63 49
63 50
64 51
64 51
64 52
65 53
65 54
65 55
65 55
65 56
66 57
66 58
66 59
66 59
66 60
66 61
66 61
66 62
66 63
66 63
66 64
66 65
66 65
65 65
65 65
65 65
64 64
64 64
63 63
63 63
62 62
62 61
62 61
62 60
63 59
63 58
64 57
64 56
64 55
65 54
65 53
66 52
66 51
66 50
67 49
67 48
68 47
68 46
68 45
69 44
69 43
70 42
70 41
70 40
71 39
71 38
72 37
72 36
72 35
73 34
73 33
73 32
74 31
74 30
75 29
75 28
75 27
76 26
76 25
77 24
77 23
77 22
78 21
78 20
79 19
79 18
79 17
80 16
80 15
81 14
81 13
81 13
81 13
80 13
80 13
80 14
79 15
79 16
78 17
78 18
78 18
78 19
78 20
78 21
78 22
78 22
78 23
78 24
78 25
78 26
78 26
78 27
78 28
78 28
79 29
79 29
79 30
79 30
79 30
78 29
77 28
76 27
75 26
75 25
74 24
73 23
72 22
72 22
73 22
73 22
74 21
74 21
74 21
75 20
75 20
76 20
77 19
78 19
78 19
79 18
80 18
81 17
82 17
82 17
83 17
84 18
85 18
86 18
86 18
85 19
84 19
84 19
84 19
84 19
85 19
85 19
86 18
86 18
87 17
88 17
88 17
89 16
90 16
90 16
91 16
91 16
92 15
92 15
92 15
91 15
91 15
91 16
91 16
90 16
90 16
90 17
90 17
89 18
89 19
89 19
89 20
89 21
89 21
89 22
89 23
89 24
89 24
88 25
88 25
88 26
88 26
88 27
88 27
87 28
86 28
85 29
84 30
83 30
82 31
81 32
80 32
79 33
79 33
78 34
78 35
78 35
77 36
77 36
77 36
77 36
78 35
78 35
79 35
79 35
80 35
81 34
82 34
82 34
83 34
84 33
85 33
86 33
86 33
87 33
88 33
89 33
89 33
90 33
91 33
92 33
92 33
93 34
93 34
93 34
92 35
92 35
91 36
90 36
90 36
89 37
88 38
88 38
87 38
86 39
85 39
85 39
84 40
83 41
83 41
82 42
81 42
80 43
80 43
79 44
79 44
78 45
77 46
77 46
77 46
78 47
78 47
79 47
79 47
80 46
81 46
81 46
82 45
83 45
83 45
84 44
85 44
85 44
85 43
85 43
85 42
85 42
84 42
84 42
83 42
82 42
82 42
81 43
81 43
80 44
80 45
80 45
80 46
80 46
80 47
80 48
80 48
80 49
80 49
81 49
81 49
82 49
82 49
82 49
83 48
83 48
84 47
84 46
84 46
85 45
85 45
86 44
87 43
87 43
88 42
88 41
88 41
89 40
90 40
90 40
91 40
92 40
92 40
91 41
90 42
89 42
88 43
87 44
86 45
85 45
84 46
83 47
82 48
81 48
80 49
79 50
78 51
77 52
76 52
75 53
74 54
73 55
72 55
71 56
70 57
69 58
68 58
67 59
66 60
66 60
67 60
67 60
68 60
68 60
69 60
70 60
71 60
72 60
72 60
73 59
74 59
75 58
76 58
76 58
77 58
78 57
79 57
80 57
81 56
82 56
82 56
83 56
84 55
85 55
86 54
87 54
87 54
88 54
89 53
90 53
91 53
91 53
92 53
93 52
94 52
95 52
95 52
96 51
97 51
97 51
98 50
99 50
99 50
100 50
100 50
100 50
99 50
99 50
98 50
98 50
98 49
97 48
97 47
97 46
97 45
96 44
96 43
96 42
95 41
95 40
95 39
95 38
94 37
94 36
94 35
93 34
93 33
93 32
93 31
92 30
92 29
92 28
92 27
91 26
91 25
91 24
90 23
90 22
90 21
90 20
89 19
89 18
89 17
88 16
88 15
88 14
88 13
87 12
87 11
87 11
87 11
87 11
87 12
87 13
87 13
87 14
87 15
87 16
87 17
87 17
87 18
87 19
87 20
87 21
87 22
87 23
87 23
87 24
87 25
87 26
87 27
87 28
87 29
87 30
87 31
87 31
87 32
87 33
87 34
87 35
87 36
87 37
87 38
87 39
87 40
87 40
87 41
87 42
87 43
87 44
88 45
88 46
88 47
88 48
88 49
88 49
88 50
88 51
88 52
88 53
88 54
88 55
88 56
88 57
88 58
88 59
88 60
88 60
88 61
88 62
88 63
88 64
88 65
88 66
88 67
88 68
88 69
88 69
88 70
88 71
88 72
88 73
88 74
88 75
88 76
88 77
88 77
88 78
88 79
88 80
88 81
88 82
88 82
88 83
88 84
88 85
88 86
88 87
88 88
88 88
88 89
88 90
87 91
87 92
87 93
87 93
87 94
87 95
87 95
87 96
87 97
87 97
86 98
86 99
86 99
86 100
86 100
86 100
86 100
86 100
85 99
