6 8
6 8
6 7
6 7
6 8
6 8
6 8
6 8
6 9
6 9
7 10
7 10
7 11
7 12
7 12
8 13
8 14
8 14
8 15
8 16
8 16
8 17
9 18
9 19
9 19
9 20
9 21
9 22
9 23
9 23
9 24
9 25
9 26
9 27
9 28
9 28
9 29
9 30
9 31
9 32
9 33
9 33
9 34
9 35
9 36
9 37
9 37
9 38
9 39
8 40
8 41
8 42
8 42
8 43
7 44
7 45
7 46
7 46
7 47
6 48
6 49
6 50
6 50
6 51
5 52
5 53
5 53
5 54
4 55
4 56
4 56
3 57
2 58
2 58
1 59
1 60
1 60
0 61
0 61
0 61
0 60
1 59
1 58
1 57
1 56
2 55
2 54
2 53
2 52
3 51
3 50
3 49
3 48
4 47
4 46
4 45
4 44
5 43
5 42
5 41
5 40
6 39
6 38
6 37
7 36
7 35
7 34
7 33
8 32
8 31
8 30
8 29
9 28
9 27
9 26
9 25
10 24
10 23
10 22
10 21
11 20
11 19
11 18
11 17
12 16
12 15
12 14
12 13
13 12
13 11
13 11
14 11
14 11
14 10
14 10
15 9
15 9
16 9
16 9
17 8
17 8
18 7
19 7
19 7
20 6
20 6
21 5
22 5
22 5
23 4
24 4
24 4
25 3
26 3
26 3
27 3
27 3
28 2
29 2
29 2
30 1
31 1
31 1
32 1
32 1
33 1
33 1
34 0
34 0
34 1
34 1
34 1
34 1
34 2
34 2
34 3
34 4
34 4
34 5
34 6
34 6
34 7
34 8
34 8
34 9
34 10
34 11
34 11
34 12
34 13
34 14
34 14
34 15
34 16
34 17
34 17
34 18
34 19
34 20
34 20
34 21
34 22
34 23
34 24
34 24
34 25
34 26
34 27
34 28
34 28
34 29
35 30
35 31
35 32
35 32
35 33
35 34
35 35
35 36
35 37
35 37
35 38
35 39
36 40
36 41
36 42
36 42
36 43
36 44
37 45
37 46
37 47
37 47
37 48
37 49
38 50
38 51
38 52
38 52
38 53
38 54
38 55
38 56
38 56
38 57
39 58
39 59
39 60
39 60
39 61
39 62
39 63
39 63
39 64
39 65
39 66
39 66
39 67
39 68
39 69
39 69
39 70
39 71
39 71
39 72
39 72
38 73
38 73
38 74
38 74
37 74
37 74
36 73
36 73
35 72
35 72
34 71
34 70
34 70
33 69
33 68
32 67
31 66
31 65
30 64
29 63
29 62
28 61
27 60
27 59
26 58
25 57
25 56
24 55
23 54
23 53
22 52
21 51
21 50
20 49
19 48
19 47
18 46
17 45
17 44
16 43
15 42
15 41
14 40
13 39
13 38
12 37
12 37
12 38
12 38
12 38
12 38
13 38
13 38
14 37
14 37
15 36
15 36
16 35
16 35
17 34
17 34
18 33
18 32
18 32
19 31
19 31
20 30
20 30
21 29
21 29
21 28
21 27
21 27
22 26
22 26
22 25
22 25
23 24
23 24
22 23
22 23
22 22
22 22
22 22
21 21
21 21
21 21
21 21
20 22
20 22
20 23
20 23
19 24
19 24
19 25
19 26
19 26
18 27
18 28
18 28
18 29
18 30
18 30
18 31
18 32
18 32
18 33
18 34
18 34
18 35
18 36
18 36
19 37
19 37
19 38
19 38
19 38
20 38
20 38
21 38
21 38
22 38
22 38
23 37
23 37
24 36
24 36
24 35
24 35
25 34
25 34
25 34
25 34
25 35
25 35
25 36
24 37
24 38
23 39
23 40
22 41
22 42
22 42
22 43
21 44
21 45
21 45
20 46
20 46
20 47
20 48
20 48
20 49
20 49
20 50
20 51
20 51
20 52
20 52
20 53
20 53
20 54
20 54
21 55
21 55
21 56
21 56
21 56
21 56
21 56
21 56
21 56
21 55
21 55
21 54
21 54
21 53
21 52
21 52
21 51
21 51
22 50
22 50
23 49
23 48
23 48
23 47
23 47
24 46
24 46
25 45
25 45
26 46
26 46
26 46
26 47
26 47
26 48
26 49
26 49
26 50
26 50
26 51
26 52
26 52
25 53
25 53
25 54
25 55
25 55
24 56
24 56
24 56
24 56
24 56
24 56
25 55
25 55
26 54
26 53
26 53
27 52
27 51
27 51
28 50
28 49
29 48
29 47
30 46
30 45
31 44
31 43
32 42
32 41
33 40
33 39
34 38
34 37
35 36
35 35
36 34
36 33
37 32
37 31
38 30
38 29
39 28
39 27
40 26
40 25
41 24
41 23
42 22
42 21
43 20
43 19
44 18
44 17
45 16
45 16
45 17
45 18
45 18
44 17
44 17
44 17
45 17
45 17
45 17
45 17
46 16
46 16
47 15
47 15
48 14
48 14
49 13
49 13
50 12
51 12
51 12
52 11
52 11
53 10
53 10
54 10
54 10
55 9
56 9
56 9
56 8
56 8
57 7
57 7
58 7
58 7
58 6
58 6
58 6
58 6
57 6
57 6
57 5
57 5
57 5
56 5
56 5
55 5
55 5
55 5
54 4
54 4
54 4
54 4
53 4
53 4
53 3
53 3
53 3
53 3
53 3
53 4
53 4
53 5
53 5
53 6
53 6
53 7
53 8
53 8
53 9
53 10
53 10
53 11
53 12
53 12
53 13
53 14
53 15
53 15
52 16
52 17
52 17
52 18
52 19
52 19
52 20
52 21
52 21
52 22
52 23
52 23
52 24
52 24
52 25
52 25
52 25
53 25
53 25
53 25
54 24
54 24
55 23
55 23
56 22
56 22
57 21
57 20
57 20
58 19
58 19
58 18
58 18
59 18
59 18
59 18
59 18
58 18
58 18
57 19
57 20
56 21
56 22
55 23
54 24
54 25
53 26
52 27
52 28
51 29
51 30
50 31
49 32
49 33
48 34
48 35
47 36
47 36
47 36
48 35
48 34
48 34
48 34
48 35
48 35
48 35
48 36
48 36
48 37
48 38
48 38
48 39
48 39
48 40
48 41
48 41
48 42
48 43
48 43
48 44
48 45
48 46
48 46
47 47
47 48
47 48
47 49
47 50
47 50
47 51
47 52
47 52
46 53
46 53
46 54
46 55
46 55
46 56
46 56
46 56
47 56
47 56
47 55
48 54
48 53
49 52
49 51
49 50
50 49
50 48
50 47
51 46
51 45
52 44
52 43
52 42
53 41
53 40
53 40
53 40
53 40
53 40
53 40
53 41
53 41
53 42
53 42
53 42
53 43
53 43
54 44
54 45
54 45
54 46
54 46
54 47
54 48
54 48
55 49
55 50
55 50
55 51
55 51
56 52
56 52
57 52
57 52
58 52
58 52
59 52
59 52
60 52
60 52
60 51
60 51
61 51
61 51
62 50
62 50
62 49
62 48
62 48
63 47
63 47
63 46
63 45
63 45
63 44
63 44
63 43
63 42
63 42
62 41
62 41
62 40
62 40
62 39
62 39
61 38
61 38
61 37
61 37
61 37
61 36
61 36
61 35
61 35
62 35
62 35
62 34
62 34
63 34
63 34
64 33
64 33
65 33
66 33
66 33
67 33
67 33
68 33
68 33
69 33
69 33
70 33
70 33
71 33
72 33
72 33
73 33
73 33
74 33
74 33
75 34
75 34
76 35
76 35
76 36
76 36
77 37
77 37
77 38
77 38
77 39
77 39
77 39
77 40
77 40
77 39
77 38
77 37
76 36
76 35
76 34
76 33
76 32
76 31
76 30
75 29
75 28
75 27
75 26
75 25
75 24
74 23
74 22
74 21
74 20
74 19
74 18
74 17
73 16
73 15
73 14
73 13
73 13
73 12
73 12
73 12
73 12
74 11
74 11
74 11
75 10
75 10
76 9
76 9
77 8
78 8
78 8
79 7
79 7
80 6
81 6
81 6
82 5
82 5
83 4
83 4
84 4
84 4
84 3
84 3
84 3
83 3
83 3
82 4
82 4
82 4
81 5
81 5
80 5
80 5
79 5
79 5
78 5
78 5
77 5
77 5
77 5
76 5
76 5
76 5
76 5
76 5
75 6
75 6
75 7
75 7
75 8
75 9
75 9
75 10
75 11
75 11
76 12
76 12
76 13
76 13
76 14
76 14
76 14
77 15
77 15
77 15
77 15
77 14
77 14
78 14
78 14
78 13
78 13
78 12
78 12
78 11
78 10
78 10
78 9
78 9
79 8
79 8
79 8
80 7
80 7
80 7
81 7
81 7
81 7
81 7
82 8
82 8
82 8
82 9
82 9
82 9
83 9
83 9
83 9
84 9
84 9
85 8
85 8
86 7
86 6
86 6
87 5
87 5
88 4
88 4
89 4
89 4
89 4
89 5
89 5
89 6
89 6
88 7
88 8
88 8
87 9
87 10
87 10
86 11
86 12
86 12
85 13
85 14
85 14
84 15
84 15
83 16
83 17
83 17
82 18
81 19
81 19
80 20
80 21
80 21
79 22
79 23
79 23
78 24
78 24
77 25
77 25
76 26
76 26
75 27
75 27
74 28
74 28
73 29
73 29
73 30
73 30
72 30
72 30
71 31
71 31
71 31
70 31
70 31
70 31
71 31
71 31
71 31
71 30
71 30
72 29
73 29
73 29
74 28
74 27
74 27
75 26
76 26
76 26
77 25
78 24
78 24
79 23
80 23
81 22
81 22
82 21
83 20
83 20
84 19
85 19
85 19
86 18
87 17
87 17
88 16
89 16
89 16
90 15
91 15
91 15
92 14
92 14
93 14
93 14
93 14
93 14
93 14
93 14
93 14
92 15
91 16
90 17
90 18
89 19
88 20
87 21
86 22
85 23
84 24
84 25
83 26
82 27
81 28
80 29
79 30
79 31
78 32
77 33
76 34
76 34
76 34
76 34
76 34
76 34
76 34
75 34
75 34
75 35
75 35
75 35
75 35
75 36
75 36
75 36
75 36
75 36
75 36
76 35
76 35
77 34
77 34
78 33
78 33
79 32
80 31
80 31
81 30
82 30
82 30
83 29
83 29
84 28
84 28
85 27
85 27
86 27
86 27
87 26
87 26
88 26
88 26
88 26
87 26
87 26
87 25
87 25
86 25
86 25
85 26
85 26
84 26
84 26
83 27
83 27
82 27
82 27
81 28
80 28
80 28
79 29
79 29
78 30
78 30
78 31
78 31
77 31
77 31
77 32
77 32
77 33
77 33
77 34
77 35
77 35
77 36
77 36
77 37
77 38
77 38
77 39
77 39
77 40
77 40
78 40
78 40
78 41
78 41
79 41
79 41
79 40
79 40
80 40
80 40
80 39
80 39
81 38
81 37
81 37
82 36
82 36
83 35
83 34
83 34
83 33
83 33
84 32
84 32
84 32
84 32
84 32
84 32
85 32
85 32
85 32
85 32
86 31
86 31
87 31
87 31
88 30
88 30
89 29
89 29
90 28
90 28
91 27
92 27
92 27
93 26
93 26
94 25
94 25
95 25
95 25
95 25
95 26
95 26
95 27
95 27
94 28
94 28
94 29
94 30
94 30
93 31
92 32
92 32
91 33
91 33
90 34
90 35
90 35
89 36
89 36
88 37
87 38
87 38
87 38
86 39
86 39
86 39
86 39
86 39
86 39
86 40
86 40
85 41
85 41
84 42
84 42
83 43
83 43
82 44
82 44
81 45
80 46
80 46
79 47
79 48
79 48
78 49
77 50
77 50
76 51
76 52
76 52
75 53
75 53
74 54
73 55
73 55
72 56
72 56
71 57
71 57
70 58
70 58
70 59
70 59
69 59
69 59
69 59
69 59
70 59
70 59
70 59
71 59
71 59
72 58
73 57
73 57
74 56
75 56
75 56
76 55
77 54
77 54
78 53
79 53
80 52
80 52
81 51
82 50
83 49
83 49
84 48
85 48
86 47
86 47
87 46
88 45
88 45
89 45
90 44
91 44
91 44
92 43
93 42
93 42
94 41
95 41
95 41
96 40
97 40
97 40
98 39
98 39
99 39
99 39
100 39
100 39
100 39
99 40
98 41
97 42
96 43
95 44
94 45
93 46
92 47
91 48
90 49
89 50
88 51
87 52
86 53
85 54
84 55
83 56
82 57
81 58
80 59
80 59
79 60
79 61
79 61
78 61
78 61
78 61
78 61
78 61
79 60
79 60
80 59
80 59
81 58
82 58
82 58
83 57
83 57
84 56
85 56
85 56
86 55
86 54
86 54
87 53
88 53
88 53
89 52
89 52
90 51
90 51
91 50
91 50
91 49
91 49
92 48
92 48
92 47
92 47
91 46
91 46
91 45
91 45
90 44
90 44
89 43
89 43
89 42
88 41
88 40
88 39
88 39
87 38
87 37
86 36
86 35
86 35
85 34
85 33
85 33
84 32
84 31
84 31
84 30
84 29
84 29
84 28
84 28
84 27
84 26
84 26
85 25
85 25
85 24
85 24
85 23
85 23
85 22
85 22
85 22
85 22
85 22
85 22
85 22
85 22
85 22
85 23
85 23
85 23
85 24
85 25
85 25
85 26
85 27
85 27
85 28
85 29
85 29
85 30
85 31
85 32
85 32
85 33
85 34
85 35
85 36
85 36
85 37
85 38
85 39
85 39
85 40
85 41
85 42
85 43
85 43
85 44
85 45
85 46
85 47
85 47
85 48
85 49
85 50
85 51
85 52
85 52
85 53
86 54
86 55
86 56
86 56
86 57
86 58
86 59
86 60
86 61
86 61
86 62
86 63
86 64
86 65
86 66
86 67
86 67
86 68
86 69
86 70
86 71
86 72
86 72
86 73
86 74
86 75
86 76
86 77
86 77
86 78
86 79
86 80
86 81
86 82
86 82
86 83
86 84
86 85
86 86
86 86
86 87
87 88
87 89
87 90
87 90
87 91
87 92
87 93
87 93
87 94
87 95
87 95
87 96
87 97
87 97
88 98
88 99
88 99
88 100
88 100
88 100
