5 8
5 7
5 7
5 6
5 6
5 6
5 6
5 7
5 7
6 7
6 7
6 8
6 8
6 9
6 9
6 10
6 11
6 11
6 12
6 13
6 13
6 14
6 15
6 16
6 16
6 17
7 18
7 19
7 20
7 20
7 21
7 22
7 23
7 24
7 24
7 25
7 26
6 27
6 28
6 29
6 29
6 30
6 31
6 32
6 33
6 34
6 34
6 35
6 36
6 37
6 38
6 39
6 39
6 40
6 41
5 42
5 43
5 44
5 44
5 45
4 46
4 47
4 48
4 48
4 49
3 50
3 51
3 52
3 52
3 53
3 54
3 55
3 56
3 57
3 57
3 58
2 59
2 60
2 61
2 61
1 62
1 63
1 63
0 64
0 64
0 65
0 65
0 64
0 64
0 63
0 63
0 62
0 61
0 61
0 60
0 59
0 58
0 57
1 56
1 55
1 54
1 53
1 52
1 51
1 50
1 49
1 48
2 47
2 46
2 45
2 44
2 43
2 42
2 41
2 40
2 39
3 38
3 37
3 36
3 35
3 34
3 33
3 32
3 31
3 30
4 29
4 28
4 27
4 26
4 25
4 24
4 23
4 22
4 21
5 20
5 19
5 18
5 17
5 16
5 16
6 15
6 14
6 14
6 14
6 14
6 14
6 14
7 14
7 14
8 14
8 14
9 13
9 13
10 13
10 13
11 12
12 12
12 12
13 11
14 11
14 11
15 10
16 9
16 9
17 8
17 8
18 7
19 7
19 7
20 6
21 5
21 5
22 4
22 4
23 3
23 3
24 2
25 2
25 2
25 1
25 1
26 1
26 1
26 1
26 1
26 1
26 1
25 2
25 2
25 3
25 4
25 4
25 5
25 5
24 6
24 7
24 7
24 8
24 9
24 9
24 10
23 11
23 12
23 12
23 13
23 14
23 15
23 15
23 16
23 17
23 18
23 19
23 19
23 20
23 21
23 22
23 23
23 23
23 24
23 25
23 26
23 27
23 27
23 28
23 29
23 30
23 31
23 32
23 32
23 33
23 34
23 35
23 36
23 37
23 37
23 38
23 39
23 40
23 41
23 42
23 42
23 43
24 44
24 45
24 46
24 46
24 47
25 48
25 49
25 50
25 50
25 51
26 52
26 53
26 54
26 54
27 55
27 56
27 56
27 57
28 58
28 59
28 59
29 60
29 61
29 61
30 62
30 62
30 63
30 63
31 64
31 64
31 64
31 64
31 63
31 62
31 62
31 61
31 60
31 60
31 59
30 58
30 57
30 57
30 56
29 55
29 54
29 54
28 53
28 52
27 51
27 50
26 49
26 48
25 47
25 46
24 45
24 44
23 43
23 42
22 41
22 40
21 39
21 38
20 37
20 36
19 35
19 34
18 33
18 32
17 31
17 30
16 29
16 28
15 27
15 27
14 26
14 25
14 25
14 25
14 24
14 24
14 24
14 24
14 25
14 25
13 25
13 25
13 26
13 27
13 27
13 28
13 28
13 29
13 30
13 30
12 31
12 32
12 32
12 33
12 34
12 34
13 35
13 35
13 36
13 36
14 36
14 36
15 36
15 36
16 35
16 35
17 34
17 34
17 33
17 32
17 32
18 31
18 31
18 30
18 29
18 29
18 28
18 28
18 27
18 26
18 26
18 26
18 25
18 25
17 25
17 25
17 26
17 26
16 26
16 26
15 27
15 27
15 28
15 28
15 29
15 29
15 30
15 31
15 31
15 32
15 33
15 34
16 35
16 36
16 37
16 38
16 39
16 39
15 40
15 41
15 41
14 42
14 42
13 42
13 42
13 41
13 41
12 41
12 41
12 41
12 41
12 41
12 41
12 42
12 42
12 43
12 43
12 44
12 44
12 45
12 46
12 46
12 47
12 48
12 48
13 49
13 50
13 50
13 51
13 51
13 52
13 53
13 53
14 53
14 53
15 54
15 54
16 54
16 54
16 54
17 53
17 53
18 52
18 51
18 51
18 50
18 49
18 49
19 48
19 48
19 47
19 46
19 46
19 45
19 45
19 44
19 44
19 44
19 44
19 45
19 45
18 46
18 46
18 47
18 47
18 48
18 48
18 49
18 49
19 50
19 50
20 50
20 50
20 50
21 50
22 50
22 50
23 50
23 50
23 49
24 48
24 47
24 46
24 45
25 44
25 43
25 42
26 41
26 40
26 39
27 38
27 37
27 36
27 35
28 34
28 33
28 32
29 31
29 30
29 29
29 28
30 27
30 26
30 26
29 26
29 26
29 26
28 26
28 26
28 26
28 26
29 26
29 26
29 26
30 27
30 27
31 27
32 27
32 27
33 26
34 26
34 26
35 25
36 25
36 25
37 25
38 24
39 24
39 24
40 23
41 22
41 22
42 21
43 21
44 20
44 20
45 19
45 18
45 18
46 17
46 17
47 16
47 16
48 15
48 14
48 14
49 13
49 13
49 12
49 12
48 11
48 10
48 10
48 9
48 9
47 8
47 8
46 8
46 8
45 8
45 8
44 9
44 9
43 10
43 10
42 11
42 11
41 12
41 12
41 13
41 14
41 14
40 15
40 16
40 16
40 17
40 18
40 19
40 19
40 20
40 21
40 21
40 22
40 23
40 24
40 24
40 25
40 26
40 26
40 27
40 28
40 28
40 29
40 30
40 30
41 31
41 32
41 32
41 33
41 33
42 34
42 34
43 34
43 34
44 35
44 35
45 34
45 34
46 33
46 33
47 32
47 32
48 31
48 31
48 31
49 31
49 31
49 31
49 31
48 31
48 31
47 31
47 31
46 32
46 32
45 33
45 33
44 34
44 34
43 34
43 34
42 35
42 35
41 35
40 35
40 35
39 36
39 36
39 36
38 37
38 37
37 38
37 38
37 39
37 39
36 40
36 40
36 41
36 42
36 42
36 43
36 44
36 44
35 45
35 46
35 46
35 47
35 47
35 48
35 49
35 49
35 50
35 50
35 51
35 51
35 52
35 52
36 52
36 52
36 52
37 51
37 51
37 50
37 50
38 49
38 48
38 48
38 47
38 47
38 46
38 46
39 46
39 46
39 46
39 47
39 47
40 47
40 47
40 47
41 48
41 48
42 49
42 49
43 49
43 49
44 50
44 50
45 50
45 50
46 50
46 50
47 50
47 50
48 50
48 50
49 49
49 49
50 48
50 48
51 48
51 48
52 47
52 47
53 46
53 46
53 45
53 45
54 44
54 44
54 43
54 43
54 42
54 42
53 41
53 41
53 40
53 40
52 39
52 39
52 39
52 39
52 39
52 38
52 38
52 38
53 37
53 37
54 36
55 36
55 36
56 36
56 36
57 36
57 36
58 36
58 36
59 36
59 36
60 35
60 35
61 35
61 35
61 35
62 35
62 35
62 35
62 34
62 34
62 33
62 32
62 31
61 30
61 29
61 28
61 27
61 26
61 25
60 24
60 23
60 22
60 21
60 20
60 19
59 18
59 17
59 16
59 15
59 15
58 16
58 16
58 16
58 16
58 16
58 16
59 16
59 16
60 16
60 16
61 17
62 17
62 17
63 16
64 16
64 16
65 16
66 16
66 16
67 15
68 15
68 15
69 14
70 13
70 13
71 12
72 12
72 12
73 11
73 10
73 10
74 9
74 8
74 8
74 7
74 7
74 6
74 5
74 5
74 4
74 4
74 3
74 3
74 2
74 2
73 2
73 2
72 2
72 2
72 2
71 3
71 3
70 4
70 4
69 5
69 5
68 6
68 6
67 7
67 7
67 8
67 9
67 9
66 10
66 10
66 11
66 12
66 12
66 13
66 14
66 14
66 15
66 15
66 16
66 17
66 17
67 18
67 18
67 19
67 19
68 20
68 20
69 20
69 20
70 20
70 20
71 20
71 20
72 20
72 20
73 19
73 19
74 19
74 19
75 18
75 18
75 18
75 18
75 18
75 17
75 17
74 17
74 17
73 18
73 18
72 19
72 19
71 20
71 20
70 21
69 22
69 22
68 23
68 24
68 24
67 25
66 25
66 25
65 26
65 26
65 27
65 27
64 27
64 27
63 28
63 28
63 28
63 29
63 29
62 29
62 29
62 30
62 30
61 30
61 30
61 30
61 30
61 31
61 31
62 31
62 31
62 31
63 31
63 31
64 31
64 31
65 30
66 30
66 30
67 29
68 29
68 29
69 29
70 28
71 28
71 28
72 27
73 27
73 27
74 26
75 25
75 25
76 25
77 25
77 25
78 24
79 24
79 24
80 23
81 23
81 23
82 22
82 22
83 21
83 21
83 21
83 21
83 21
82 22
81 23
80 24
79 25
78 26
77 26
76 27
75 28
74 29
73 30
72 31
72 31
71 32
70 33
69 34
69 34
68 35
68 35
67 35
67 35
67 36
67 36
66 36
66 36
66 37
66 37
66 37
66 37
66 38
66 38
67 39
67 39
67 39
68 40
68 40
69 41
70 41
70 41
71 40
71 40
72 40
73 40
73 40
74 39
74 39
75 38
76 38
76 38
77 37
78 36
78 36
79 35
79 35
80 34
80 34
80 33
80 33
81 32
81 32
81 31
81 31
80 31
80 31
80 31
79 32
79 32
78 33
78 33
77 34
76 34
76 34
75 35
75 35
74 36
74 36
74 37
74 37
73 38
73 38
73 38
73 39
73 39
74 39
74 39
74 39
75 39
75 39
76 39
76 39
76 39
76 38
76 38
76 38
75 38
75 38
74 39
74 39
74 39
73 40
72 40
71 41
70 42
69 42
68 43
68 43
67 44
66 44
65 45
65 45
64 46
64 47
63 48
63 48
62 49
61 50
61 50
60 51
60 51
60 52
60 52
60 53
60 53
60 54
60 54
61 54
62 54
62 54
63 54
63 54
64 54
65 54
65 54
66 54
67 53
68 53
68 53
69 52
70 52
71 51
71 51
72 51
73 50
74 50
75 50
75 50
76 50
77 49
78 49
78 49
79 49
80 48
81 48
81 48
82 48
83 47
84 47
85 47
85 47
86 46
87 45
87 45
88 45
89 44
90 44
90 44
91 43
92 43
93 42
93 42
94 41
95 40
95 40
96 39
97 38
97 38
98 37
99 37
99 37
99 36
99 36
100 35
100 35
99 34
99 34
99 33
99 32
99 32
98 31
98 30
98 30
97 29
96 29
95 28
94 27
93 26
92 26
91 25
90 24
89 24
88 23
87 22
86 22
85 21
84 20
83 19
82 19
81 18
81 18
80 18
79 18
79 18
78 18
78 18
78 17
78 17
77 18
77 18
77 18
77 18
76 18
76 18
76 18
76 19
76 19
76 20
76 20
76 20
75 21
75 22
75 22
75 23
75 23
75 24
75 24
75 25
75 26
75 26
74 27
74 27
74 28
74 28
74 29
74 30
74 30
74 31
74 31
74 32
74 33
74 33
74 34
74 34
74 35
74 35
73 36
73 36
73 37
73 38
73 38
73 39
73 39
73 40
73 41
73 41
73 42
73 43
73 43
73 44
73 45
73 45
73 46
73 47
73 48
73 48
73 49
73 50
73 50
73 51
73 52
73 53
73 53
73 54
74 55
74 56
74 56
74 57
74 58
74 59
74 59
74 60
74 61
74 62
74 62
74 63
74 64
74 65
74 66
74 66
74 67
74 68
74 69
74 69
74 70
74 71
74 72
74 73
74 73
74 74
74 75
74 76
74 77
74 77
74 78
74 79
74 80
74 80
74 81
74 82
74 83
74 84
74 84
74 85
74 86
74 87
74 87
74 88
74 89
74 90
74 90
74 91
74 92
74 93
74 93
74 94
74 95
74 95
73 96
73 97
73 97
73 98
73 99
73 99
72 100
72 100
71 100
