7 41
7 40
6 39
6 38
6 37
5 36
5 35
4 34
4 33
4 32
3 31
3 30
3 29
2 28
2 27
2 27
2 26
1 25
1 24
1 23
1 22
0 21
0 20
0 20
0 19
0 18
0 17
0 16
0 16
0 15
0 15
0 16
0 16
0 17
1 18
1 19
1 19
1 20
2 21
2 22
2 23
3 24
3 25
3 25
3 26
4 27
4 28
4 29
5 30
5 31
5 31
5 32
6 33
6 34
6 35
6 36
7 37
7 38
7 38
7 39
8 40
8 41
8 42
8 43
9 44
9 45
9 45
9 46
10 47
10 48
10 49
11 50
11 51
11 51
11 52
11 53
11 54
11 55
11 56
11 56
11 57
12 58
12 59
12 59
11 60
11 61
11 61
11 61
11 61
11 60
11 59
10 58
10 57
10 56
10 55
10 54
10 53
9 52
9 51
9 50
9 49
9 48
9 47
8 46
8 45
8 44
8 43
8 42
8 41
7 40
7 39
7 38
7 37
7 36
7 35
6 34
6 33
6 32
6 31
6 30
6 29
5 28
5 27
5 26
5 25
5 24
5 23
4 22
4 21
4 20
4 19
4 18
4 17
3 16
3 15
3 14
3 14
3 13
2 12
2 11
2 10
2 10
1 9
1 8
1 8
1 7
1 7
2 7
2 7
3 6
4 6
4 6
5 6
6 5
7 5
8 4
9 4
9 4
10 4
11 3
12 3
13 3
14 2
15 2
15 2
16 2
17 1
18 1
19 1
20 0
21 0
21 0
22 0
23 1
24 1
25 1
26 1
27 2
28 2
29 2
29 2
30 3
31 3
32 4
33 4
34 5
34 5
35 6
36 7
37 8
37 9
38 10
39 11
39 11
39 12
40 13
40 14
41 15
41 16
42 17
42 18
42 18
42 19
42 20
42 21
42 22
42 23
42 24
42 25
42 26
42 27
42 27
42 28
42 29
41 30
41 31
41 32
41 33
40 34
40 35
40 36
40 36
40 37
39 38
39 39
38 40
38 41
37 42
37 43
36 44
36 45
36 45
36 46
35 47
35 48
34 49
34 50
33 51
33 52
32 53
32 54
32 54
31 55
31 56
30 57
30 58
29 59
29 60
28 61
28 62
27 63
27 63
26 64
26 65
25 66
24 67
24 68
23 69
23 70
22 71
22 71
21 72
21 73
20 74
19 75
19 76
18 77
18 78
17 79
17 79
16 80
15 81
15 82
14 83
13 84
12 85
12 86
11 87
11 87
10 88
10 89
9 90
9 91
8 92
8 93
7 94
7 94
7 95
6 96
6 97
5 98
5 99
5 99
4 100
3 100
3 100
4 100
4 100
5 99
6 98
6 97
7 96
7 96
8 95
9 94
10 93
11 92
12 92
13 91
14 90
15 89
16 88
17 87
18 86
19 85
20 85
21 84
22 83
23 82
24 81
25 80
26 79
27 78
28 77
29 77
30 76
31 75
32 74
33 73
34 72
35 71
36 70
37 69
38 69
39 68
40 67
41 66
42 65
43 64
44 63
45 62
46 62
47 61
48 60
49 59
50 58
50 58
51 57
52 56
53 56
54 55
55 54
55 54
54 53
54 52
54 52
53 51
53 50
53 50
52 50
51 50
50 50
50 50
49 51
48 51
47 52
47 52
46 53
45 54
44 54
43 55
43 55
43 56
42 57
42 58
41 59
41 60
40 61
40 62
40 62
39 63
39 64
38 65
38 66
37 67
37 68
37 68
37 69
37 70
37 71
36 72
36 73
36 74
36 75
36 75
36 76
36 77
36 78
36 78
36 79
36 80
36 80
37 80
38 80
38 80
39 79
40 78
41 77
41 77
42 76
43 75
43 74
44 73
44 73
44 72
45 71
45 70
46 69
46 68
46 68
47 67
47 66
48 65
48 64
49 63
49 62
49 62
49 61
50 60
50 59
50 59
50 58
51 57
51 56
51 56
51 56
51 57
50 58
50 59
50 59
50 60
50 61
50 62
50 63
50 63
50 64
50 65
50 66
50 67
50 67
50 68
50 69
50 70
50 71
50 71
51 72
51 73
52 74
52 74
52 75
53 76
53 77
53 77
54 78
55 78
55 78
56 78
57 78
57 78
58 77
58 76
58 76
58 75
58 74
58 73
58 72
58 71
58 70
58 69
58 68
58 67
58 66
59 65
59 64
59 63
59 62
59 61
59 60
59 59
59 58
59 57
59 56
59 55
59 55
60 55
61 55
62 55
62 55
63 56
63 56
63 57
63 58
63 59
63 60
63 60
63 61
63 62
63 63
63 64
63 65
63 65
63 66
63 67
64 68
64 69
64 70
64 70
64 71
64 72
64 73
64 74
64 75
64 75
64 76
64 77
64 78
64 78
64 79
64 80
64 80
64 81
64 81
64 80
64 80
64 79
64 78
64 77
64 77
64 76
65 75
65 74
65 74
65 73
65 72
65 71
65 71
65 70
65 69
66 68
66 67
66 66
66 65
66 65
66 64
66 63
66 62
67 61
67 60
67 59
67 58
67 57
67 56
67 55
68 54
68 53
68 52
68 51
68 50
68 49
68 48
68 47
69 46
69 45
69 44
69 43
69 43
70 43
71 43
71 43
72 42
72 42
73 41
73 40
73 40
74 39
74 39
75 38
75 38
76 38
77 39
78 39
78 39
79 40
79 41
80 42
80 42
80 43
79 44
79 45
79 46
78 47
78 48
77 49
77 50
77 51
76 52
76 53
76 54
75 55
75 56
75 56
75 57
74 58
74 59
73 60
73 61
73 61
73 62
73 63
73 63
73 64
72 65
72 66
72 67
72 67
72 68
72 69
72 70
72 71
72 72
72 73
72 73
72 74
72 75
72 76
72 77
72 77
72 78
72 79
72 80
72 80
72 81
73 82
73 83
73 83
74 83
74 83
75 82
76 81
76 81
77 80
77 79
78 78
78 77
78 77
79 76
80 75
81 74
82 73
83 72
84 71
85 70
85 69
86 68
87 67
88 66
89 65
90 64
91 63
91 63
92 62
93 61
94 61
95 60
95 60
96 59
96 59
96 59
95 59
95 59
94 60
93 60
92 61
92 61
91 62
91 63
90 64
90 65
90 65
89 66
88 67
87 68
86 69
86 69
86 70
85 71
85 72
85 73
84 74
84 75
84 75
83 76
83 77
82 78
82 78
82 79
82 80
82 80
82 80
83 79
84 78
84 78
85 77
86 76
86 76
87 75
88 74
88 74
89 73
90 72
91 71
91 71
92 70
92 69
93 68
93 68
94 67
94 66
95 65
95 65
96 64
96 63
97 62
97 61
97 61
97 60
97 59
97 58
97 57
97 56
97 55
97 54
96 53
96 52
96 51
96 50
96 49
96 48
96 47
96 46
96 45
96 44
96 43
96 42
96 41
96 40
95 39
95 38
95 37
95 36
95 35
95 34
95 33
95 32
95 31
95 30
95 29
95 28
95 27
95 26
95 25
94 24
94 23
94 22
94 21
94 20
94 19
94 18
94 17
94 17
93 18
93 19
93 19
93 19
93 20
92 21
92 22
92 23
92 23
92 24
92 25
92 26
92 27
92 28
92 29
92 30
92 31
92 31
92 32
92 33
92 34
92 35
93 36
93 37
93 38
93 39
93 40
93 41
93 41
93 42
93 43
93 44
93 45
93 46
94 47
94 48
94 49
94 50
94 51
94 52
94 53
94 53
94 54
94 55
95 56
95 57
95 58
95 59
95 60
96 61
96 62
96 63
96 63
96 64
96 65
97 66
97 67
97 68
97 69
97 70
98 71
98 72
98 73
98 73
98 74
99 75
99 76
99 77
99 77
99 78
99 79
99 79
100 80
100 81
100 81
99 81
