7 21
7 20
7 19
7 18
8 17
8 16
8 15
8 14
8 14
8 13
7 12
7 11
7 10
7 10
7 9
7 9
7 9
7 10
7 10
7 11
8 12
8 13
8 13
8 14
8 15
8 16
8 17
8 17
8 18
8 19
8 20
9 21
9 22
9 23
9 24
9 25
9 25
9 26
9 27
9 28
9 29
10 30
10 31
10 32
10 33
10 34
10 34
10 35
10 36
10 37
10 38
11 39
11 40
11 41
11 42
11 43
11 44
11 44
11 45
11 46
11 47
12 48
12 49
12 50
12 51
12 52
12 52
12 53
12 54
12 55
13 56
13 57
13 58
13 59
13 59
13 60
13 61
14 62
14 63
14 64
14 64
14 65
14 66
14 67
14 67
14 68
14 69
14 69
14 70
14 70
14 70
15 70
15 70
15 69
14 68
14 67
14 66
14 65
13 64
13 63
13 62
13 61
12 60
12 59
12 58
12 57
11 56
11 55
11 54
11 53
10 52
10 51
10 50
10 49
9 48
9 47
9 46
9 45
8 44
8 43
8 42
7 41
7 40
7 39
7 38
6 37
6 36
6 35
6 34
5 33
5 32
5 31
5 30
4 29
4 28
4 27
4 26
3 25
3 24
3 23
3 22
2 21
2 20
2 19
2 18
1 17
1 16
1 16
1 15
1 14
1 13
1 13
0 12
0 11
0 11
0 11
1 10
1 10
2 9
2 8
2 8
3 7
4 6
5 5
6 4
6 4
7 3
8 2
9 1
9 1
10 1
11 1
12 0
13 0
14 0
14 0
15 0
16 0
17 1
18 1
19 1
19 1
20 2
21 3
22 3
23 4
23 4
24 5
25 6
25 7
26 8
27 9
27 9
27 10
28 11
28 12
28 13
29 14
29 15
29 15
29 16
30 17
30 18
30 19
30 20
31 21
31 22
31 22
31 23
31 24
31 25
31 26
31 27
31 28
31 28
31 29
31 30
31 31
31 32
31 33
31 34
31 35
31 35
31 36
30 37
30 38
30 39
30 40
29 41
29 42
29 43
29 43
29 44
28 45
28 46
28 47
28 48
27 49
27 50
27 51
27 51
27 52
26 53
26 54
26 55
26 56
25 57
25 58
25 58
25 59
24 60
24 61
23 62
23 63
23 64
22 65
22 66
22 66
21 67
21 68
20 69
20 70
19 71
19 72
18 73
18 74
18 74
18 75
17 76
17 77
16 78
16 79
15 80
15 81
15 81
15 82
14 83
14 84
13 85
13 86
13 87
12 88
12 89
12 89
11 90
11 91
10 92
10 93
9 94
9 94
8 95
8 96
7 97
7 98
7 98
6 99
6 100
6 100
6 100
6 99
6 99
7 98
7 97
8 96
8 95
8 95
9 94
9 93
10 92
10 91
11 90
11 90
12 89
13 88
14 88
15 87
16 86
17 85
18 84
19 84
20 83
21 82
22 81
23 80
24 79
25 79
26 78
27 77
28 76
29 75
30 75
31 74
32 73
33 72
34 71
35 71
36 70
37 69
38 68
39 67
40 66
41 66
42 65
43 64
44 63
45 62
46 62
47 61
48 60
48 60
49 59
49 58
50 57
50 57
49 56
49 56
48 56
48 56
47 57
46 57
46 57
45 58
44 59
44 60
43 61
43 61
42 62
42 63
41 64
41 65
41 65
40 66
40 67
39 68
39 69
38 70
38 70
37 71
37 72
36 73
36 74
35 75
35 75
35 76
34 77
34 78
34 79
34 79
33 80
33 81
33 81
33 82
33 82
34 83
34 83
35 84
35 84
36 83
36 82
36 82
37 81
37 80
38 79
38 79
39 78
39 77
40 76
40 75
41 74
41 74
42 73
42 72
43 71
43 70
43 70
43 69
44 68
44 67
44 66
44 66
45 65
45 64
46 63
46 63
46 62
46 61
46 61
46 61
46 62
46 63
46 64
46 64
46 65
45 66
45 67
45 68
45 68
45 69
45 70
44 71
44 72
44 73
44 73
44 74
44 75
44 76
44 77
44 77
44 78
44 79
44 79
45 80
45 80
45 81
45 81
46 81
46 81
47 80
48 79
48 79
49 78
49 77
49 77
50 76
50 75
51 74
51 74
51 73
51 72
51 71
51 70
51 69
51 68
52 67
52 66
52 65
52 64
52 63
52 62
52 61
52 61
53 60
53 59
53 59
54 60
54 60
54 61
54 62
54 63
54 63
54 64
55 65
55 66
55 67
55 67
55 68
55 69
55 70
55 71
55 71
55 72
55 73
56 74
56 75
56 76
56 76
56 77
56 78
56 79
56 80
56 80
56 81
57 82
57 83
57 83
57 84
57 84
58 85
58 85
59 85
59 85
59 84
59 84
60 83
60 82
60 82
60 81
60 80
60 80
60 79
61 78
61 77
61 77
61 76
62 75
62 74
62 73
62 73
62 72
62 71
62 70
62 69
62 68
63 67
63 66
63 65
63 64
63 63
63 62
63 61
63 60
63 59
63 58
64 57
64 56
64 55
64 54
64 53
64 52
64 51
64 50
64 49
64 48
64 47
65 46
65 45
65 44
65 43
65 42
65 41
65 41
66 40
66 40
66 40
66 39
66 39
67 38
68 38
68 38
69 38
69 38
70 38
70 38
71 39
71 39
72 40
72 40
72 41
72 41
72 42
72 43
71 44
71 45
71 46
71 46
71 47
71 48
70 49
70 50
70 51
70 51
70 52
70 53
70 53
70 54
69 55
69 56
69 57
69 57
69 58
69 59
69 60
69 61
69 62
69 62
69 63
68 64
68 65
68 65
68 66
69 67
69 68
69 69
69 69
69 70
69 71
69 72
69 73
69 73
69 74
69 75
69 76
69 76
70 77
70 77
71 78
71 78
72 77
73 76
74 75
75 74
76 73
77 72
78 71
79 70
80 69
81 68
82 67
83 66
84 65
85 64
86 63
87 62
88 61
89 60
90 59
91 58
91 58
91 58
90 58
90 58
89 59
89 60
88 61
88 61
87 62
87 63
86 64
86 65
86 65
85 66
85 67
84 68
84 68
83 69
83 70
82 71
82 71
82 72
81 73
81 74
81 74
80 75
80 76
80 76
80 77
80 78
80 78
81 79
81 79
82 79
82 79
83 78
83 78
84 77
84 77
85 76
85 75
86 74
86 74
87 73
88 72
88 72
88 71
89 70
89 69
89 69
89 68
89 67
89 66
89 65
89 64
89 63
89 62
89 61
89 60
89 59
89 58
89 57
89 56
89 55
89 54
89 53
89 52
89 51
89 50
89 49
89 48
89 47
89 46
89 45
89 44
90 43
90 42
90 41
90 40
90 39
90 38
90 37
90 36
90 35
90 34
90 33
90 32
90 31
90 30
90 29
90 28
90 27
90 26
90 25
90 24
90 23
90 22
90 21
90 20
90 19
90 18
90 18
90 17
90 17
89 18
89 19
89 19
89 20
89 21
89 22
89 22
89 23
89 24
89 25
89 26
89 27
89 27
89 28
89 29
89 30
88 31
88 32
88 33
88 34
88 34
88 35
88 36
88 37
88 38
88 39
88 40
88 41
88 42
88 42
88 43
88 44
88 45
88 46
88 47
88 48
88 49
88 50
88 51
88 51
88 52
88 53
88 54
88 55
89 56
89 57
89 58
89 59
89 60
89 60
89 61
89 62
89 63
90 64
90 65
90 66
90 67
90 68
90 68
90 69
91 70
91 71
91 72
91 73
92 74
92 75
92 75
92 76
93 77
93 78
94 79
94 80
94 80
95 81
95 82
96 83
96 84
96 84
97 85
97 86
97 86
98 87
99 88
99 88
100 88
