5 14
4 15
4 16
4 16
4 17
4 17
4 18
4 19
4 19
4 20
4 21
5 22
5 23
5 24
5 25
5 25
5 26
5 27
5 28
6 29
6 30
6 31
6 32
6 33
6 33
6 34
6 35
6 36
7 37
7 38
7 39
7 40
7 41
7 41
7 42
7 43
7 44
8 45
8 46
8 47
8 48
8 48
8 49
9 50
9 51
9 52
10 53
10 54
10 54
10 55
10 56
11 57
11 58
11 59
11 59
11 60
11 61
11 61
12 62
12 62
12 62
11 62
11 62
11 61
11 60
10 59
10 58
10 57
10 56
9 55
9 54
9 53
9 52
9 51
8 50
8 49
8 48
8 47
8 46
7 45
7 44
7 43
7 42
6 41
6 40
6 39
6 38
6 37
5 36
5 35
5 34
5 33
5 32
4 31
4 30
4 29
4 28
3 27
3 26
3 25
3 24
3 23
2 22
2 21
2 20
2 19
2 18
1 17
1 16
1 15
1 14
0 13
0 12
0 11
0 11
0 10
0 10
0 9
0 8
0 8
1 7
1 6
1 6
2 5
3 5
4 4
4 4
5 3
6 3
7 2
8 2
9 1
9 1
10 1
11 1
12 1
13 1
14 1
15 1
15 1
16 1
17 1
18 0
19 0
20 0
20 0
21 1
22 1
23 2
24 2
25 3
26 3
26 3
27 4
28 5
28 6
29 7
30 8
30 8
30 9
31 10
31 11
32 12
32 13
33 14
33 15
33 15
33 16
33 17
33 18
33 19
34 20
34 21
34 22
34 23
34 24
34 25
34 25
34 26
34 27
34 28
34 29
34 30
34 31
34 32
34 33
34 34
34 35
34 35
34 36
34 37
33 38
33 39
33 40
33 41
33 42
32 43
32 44
32 45
32 45
32 46
31 47
31 48
31 49
31 50
30 51
30 52
30 53
30 53
30 54
29 55
29 56
28 57
28 58
27 59
27 60
26 61
26 62
26 62
25 63
25 64
24 65
24 66
23 67
23 68
22 69
22 70
22 70
21 71
21 72
20 73
20 74
19 75
19 76
18 77
18 78
17 79
17 79
16 80
16 81
15 82
15 83
14 84
14 85
13 86
13 87
13 87
12 88
12 89
11 90
10 91
9 92
9 93
8 94
8 94
7 95
7 96
6 97
6 98
5 99
5 99
4 99
3 100
2 100
2 100
2 100
2 99
3 98
3 97
3 97
4 96
5 95
5 94
6 93
6 93
7 92
8 91
9 90
10 89
11 88
12 87
13 86
14 85
15 84
16 83
17 82
18 81
19 80
20 79
21 78
22 77
23 76
24 75
24 74
25 73
26 72
27 71
28 70
29 69
30 68
31 67
32 66
33 65
34 64
35 63
36 62
37 61
38 60
39 59
40 58
41 57
42 56
42 56
43 55
44 54
45 53
45 52
46 51
47 50
48 49
48 49
47 48
47 47
47 47
46 46
46 45
46 45
45 46
44 47
44 47
43 48
42 49
42 50
41 51
41 51
40 52
40 53
39 54
39 55
38 56
38 57
38 57
37 58
37 59
36 60
36 61
35 62
35 63
34 64
34 64
33 65
33 66
32 67
32 68
31 69
31 70
31 70
31 71
31 72
30 73
30 74
30 75
30 76
30 76
30 77
30 77
30 77
31 76
31 76
32 75
32 74
33 73
33 72
33 72
34 71
35 70
35 69
36 68
36 68
36 67
37 66
37 65
38 64
38 63
38 63
38 62
39 61
39 60
39 59
40 58
40 57
40 57
41 56
41 55
42 54
42 54
42 53
43 52
43 51
43 51
43 51
43 52
43 53
43 54
43 55
43 55
43 56
43 57
42 58
42 59
42 60
42 60
42 61
42 62
42 63
42 64
42 65
42 66
42 66
42 67
43 68
43 69
43 70
43 70
43 71
43 72
43 73
43 73
44 74
45 74
45 74
46 73
46 73
47 72
48 72
48 72
48 71
49 70
49 69
49 69
49 68
50 67
50 66
50 66
50 65
50 64
50 63
49 62
49 61
49 60
49 59
49 58
49 58
49 57
49 56
49 55
49 55
50 54
50 54
51 54
51 54
52 54
53 54
53 54
54 55
55 55
55 55
56 56
57 57
57 57
57 58
57 59
57 60
57 60
57 61
58 62
58 63
58 64
58 64
58 65
57 66
57 67
57 68
57 68
57 69
57 70
57 71
57 71
58 72
58 72
59 72
59 72
60 71
60 71
61 70
62 70
62 70
63 69
64 68
64 68
64 67
65 66
65 65
65 65
65 64
66 63
66 62
66 62
66 61
67 60
67 59
68 58
68 57
68 57
68 56
68 55
68 54
69 53
69 52
69 51
69 50
69 50
69 49
69 48
69 47
69 46
69 45
69 44
69 43
69 43
69 42
69 41
69 40
70 39
70 38
70 37
70 36
70 36
70 35
69 34
69 33
69 32
69 32
69 33
68 34
68 35
68 36
68 36
69 35
69 34
70 33
70 33
70 32
70 32
70 31
70 31
71 32
71 32
72 33
73 33
73 33
74 34
75 34
75 34
76 35
77 35
77 35
77 36
77 37
77 38
77 39
77 40
77 41
77 42
77 42
76 43
76 44
75 45
74 46
74 47
73 48
73 48
72 49
71 49
70 50
70 50
70 51
69 52
69 53
69 54
69 54
69 55
69 56
68 57
68 58
68 59
68 59
68 60
68 61
68 62
68 63
68 64
68 65
68 65
68 66
69 67
69 68
69 69
69 69
69 70
70 71
70 72
70 72
71 73
71 74
71 74
72 73
73 73
73 73
74 72
75 71
75 71
76 70
76 69
77 68
77 67
77 67
78 66
78 65
79 64
79 64
80 63
80 62
81 61
81 60
82 59
82 59
83 58
84 57
84 56
85 55
85 55
86 54
86 53
87 52
87 51
87 51
88 50
89 50
89 50
90 49
90 49
90 49
90 50
90 51
90 51
89 52
88 53
88 53
87 54
87 55
86 56
86 56
85 57
85 58
84 59
84 60
84 60
83 61
82 61
81 62
81 62
80 63
80 64
80 64
80 64
81 64
81 64
82 63
83 63
83 63
84 62
85 62
86 61
86 61
87 61
88 60
89 60
89 60
90 59
91 59
91 59
91 58
91 57
91 56
91 55
91 54
91 53
91 52
91 51
91 50
91 49
91 48
91 47
91 46
91 45
91 44
91 43
91 42
91 41
91 40
91 39
91 38
91 37
91 36
91 35
91 34
91 33
91 32
91 31
91 30
91 29
91 28
91 27
91 26
91 25
91 24
91 23
91 22
91 21
91 20
91 19
91 18
91 17
91 16
91 15
91 14
91 13
91 12
91 11
91 10
91 9
91 8
91 7
91 6
91 5
91 4
91 3
91 2
91 2
91 1
91 1
91 1
91 2
90 3
90 4
90 5
90 5
90 6
90 7
90 8
90 9
90 10
90 11
90 11
90 12
90 13
90 14
90 15
89 16
89 17
89 18
89 19
89 20
89 20
89 21
89 22
90 23
90 24
90 25
90 26
90 27
90 28
91 29
91 30
91 31
91 31
91 32
91 33
91 34
91 35
92 36
92 37
92 38
92 39
92 40
92 41
92 41
92 42
92 43
93 44
93 45
93 46
93 47
93 48
94 49
94 50
94 51
94 51
94 52
95 53
95 54
96 55
96 56
97 57
97 58
97 58
97 59
97 60
98 61
98 62
98 63
98 63
99 64
99 65
100 66
100 66
100 67
100 68
100 68
99 69
99 69
98 70
98 70
97 70
97 70
96 70
