19 11
19 10
19 10
18 9
18 9
17 10
17 10
17 11
17 12
17 12
17 13
17 14
18 15
18 16
18 17
18 18
18 18
18 19
18 20
18 21
19 22
19 23
19 24
19 25
19 25
19 26
19 27
19 28
20 29
20 30
20 31
20 32
20 33
20 33
20 34
20 35
20 36
21 37
21 38
21 39
21 40
21 41
21 41
21 42
22 43
22 44
22 45
22 46
23 47
23 48
23 48
23 49
23 50
24 51
24 52
24 53
24 54
24 54
24 55
24 56
25 57
25 58
25 59
25 59
25 60
26 61
26 62
26 63
26 63
26 64
26 65
26 66
26 66
26 67
27 68
27 69
27 69
27 70
27 70
27 70
27 69
26 68
26 67
25 66
25 65
24 64
24 63
24 62
23 61
23 60
22 59
22 58
21 57
21 56
21 55
20 54
20 53
19 52
19 51
18 50
18 49
18 48
17 47
17 46
16 45
16 44
15 43
15 42
15 41
14 40
14 39
13 38
13 37
12 36
12 35
12 35
11 35
10 35
9 35
8 35
7 35
7 35
6 34
5 34
5 34
4 33
3 32
3 32
2 32
1 32
1 32
0 31
0 31
0 30
0 29
0 29
0 28
0 27
0 26
0 26
0 25
0 24
1 23
1 22
1 21
1 21
1 20
2 19
2 18
3 17
3 16
3 16
4 15
5 14
5 13
6 12
7 11
7 11
8 10
9 9
10 8
11 7
12 6
12 6
13 5
14 5
15 4
16 4
17 3
17 3
18 2
19 2
20 1
21 1
22 0
23 0
23 0
24 0
25 0
26 1
27 1
28 1
29 1
29 1
30 1
31 2
32 2
33 3
34 3
34 3
35 4
36 5
37 6
38 7
38 7
39 8
40 9
40 10
41 11
42 12
42 12
42 13
43 14
43 15
43 16
44 17
44 18
44 18
44 19
44 20
44 21
44 22
44 23
44 24
44 25
44 25
44 26
44 27
44 28
43 29
43 30
43 31
43 32
43 33
43 33
43 34
42 35
42 36
42 37
41 38
41 39
41 40
40 41
40 42
40 42
40 43
39 44
39 45
38 46
38 47
38 48
37 49
37 50
36 51
36 52
36 52
35 53
35 54
34 55
34 56
33 57
33 58
32 59
32 60
31 61
31 61
30 62
30 63
29 64
28 65
28 66
27 67
26 68
26 69
25 70
25 70
24 71
24 72
23 73
22 74
22 75
21 76
21 77
20 78
20 78
19 79
19 80
18 81
17 82
16 83
16 84
15 85
15 85
14 86
14 87
13 88
13 89
12 90
12 91
11 92
11 92
10 93
9 94
8 95
7 96
7 96
6 97
6 98
5 99
5 99
4 100
4 100
4 100
5 99
5 99
5 98
6 97
6 96
6 96
7 95
8 94
9 94
10 93
11 92
12 91
13 90
14 90
15 89
16 88
17 87
18 86
19 86
20 85
21 84
22 83
23 82
24 82
25 81
26 80
27 79
28 78
29 78
30 77
31 76
32 75
33 74
34 74
35 73
36 72
37 71
38 70
39 70
40 69
41 68
42 67
43 66
44 66
45 65
46 64
47 63
48 62
49 62
50 61
51 60
51 60
52 59
53 59
54 58
55 58
56 57
56 57
56 56
56 55
56 54
56 54
55 53
55 52
55 52
54 51
54 50
54 50
53 49
53 49
52 49
51 49
51 49
50 50
49 50
49 50
48 51
47 52
47 53
46 54
46 54
45 55
45 56
44 57
44 58
43 59
43 59
43 60
42 61
42 62
42 63
41 64
41 65
41 65
41 66
41 67
40 68
40 69
40 70
40 70
40 71
39 72
39 73
39 73
39 74
39 74
40 74
40 74
41 74
41 74
42 73
43 72
43 72
44 71
45 70
45 70
46 69
46 68
47 67
47 66
47 66
48 65
48 64
49 63
49 62
49 62
49 61
50 60
50 59
50 59
51 58
51 57
51 57
51 57
51 57
51 58
51 59
51 59
51 60
51 61
51 62
51 63
51 63
51 64
52 65
52 66
52 66
52 67
52 68
52 69
52 69
53 70
53 71
53 71
54 72
54 73
54 73
54 73
55 74
55 74
56 73
57 73
57 73
58 73
58 73
58 72
58 71
59 70
59 69
59 68
59 67
59 66
59 65
60 64
60 63
60 62
60 61
60 60
60 59
61 58
61 57
61 56
61 56
61 55
61 54
61 53
61 53
61 53
61 53
61 54
61 54
61 55
62 56
62 57
62 57
62 58
62 59
62 60
62 61
62 61
62 62
63 63
63 64
63 65
63 65
63 66
64 67
64 68
64 69
64 69
65 70
65 71
65 71
66 72
66 72
66 73
66 73
67 72
67 72
68 72
68 72
69 71
69 71
69 70
69 69
69 69
70 68
70 67
70 67
70 66
71 65
71 64
71 64
71 63
71 62
71 61
71 60
71 59
71 58
71 57
71 56
71 55
71 54
71 53
71 52
71 51
71 50
71 49
71 48
71 47
71 46
71 45
71 44
71 43
71 42
71 41
71 40
71 39
71 38
71 37
71 36
71 35
71 34
71 34
72 35
72 35
73 35
73 35
73 34
73 34
74 34
74 34
75 33
75 33
76 33
77 33
77 33
78 33
79 33
79 33
80 34
80 34
80 35
80 35
81 36
81 36
80 37
79 38
78 39
78 40
77 41
76 42
76 42
76 43
76 44
75 45
75 46
75 47
75 47
75 48
75 49
75 50
75 50
75 51
75 52
74 53
74 54
74 55
74 55
74 56
74 57
74 58
74 59
74 60
74 61
74 61
74 62
74 63
73 64
73 65
73 66
73 66
73 67
73 68
73 69
73 70
73 71
73 71
73 72
73 73
73 74
73 74
73 75
73 76
73 76
74 77
74 77
75 77
75 77
76 76
77 75
78 74
78 73
79 72
80 71
81 70
82 69
83 68
83 67
84 66
85 65
86 64
87 63
88 62
89 61
89 60
90 59
91 58
92 57
93 56
94 55
94 54
95 53
96 52
97 51
97 51
96 52
95 53
94 53
93 54
93 54
92 55
91 56
91 56
90 57
89 58
88 59
88 59
88 60
87 61
87 62
87 62
86 63
86 64
86 64
85 65
85 66
85 66
85 67
85 67
86 68
86 68
87 69
87 69
88 68
88 68
89 67
90 66
90 66
91 65
92 64
92 64
93 63
93 62
93 62
94 61
94 60
95 59
95 59
95 58
95 57
95 56
95 55
95 54
95 53
96 52
96 51
96 50
96 49
96 48
96 47
96 46
96 45
96 44
96 43
96 42
96 41
96 40
97 39
97 38
97 37
97 36
97 35
97 34
97 33
97 32
97 31
97 30
97 29
97 28
97 27
97 26
98 25
98 24
98 23
98 22
98 21
98 20
98 19
98 19
98 18
99 17
99 16
99 16
98 17
98 17
98 18
98 19
98 19
98 20
97 21
97 22
97 23
97 23
97 24
97 25
97 26
97 27
97 28
97 29
97 29
97 30
97 31
97 32
96 33
96 34
96 35
96 36
96 36
96 37
96 38
96 39
96 40
96 41
96 42
96 43
96 44
96 44
96 45
96 46
96 47
96 48
95 49
95 50
95 51
95 52
95 53
95 53
95 54
95 55
95 56
95 57
95 58
95 59
95 60
95 61
95 61
95 62
95 63
95 64
95 65
95 66
95 67
95 68
95 69
95 70
95 70
95 71
95 72
96 73
96 74
96 75
96 75
97 76
97 77
97 77
97 78
98 79
98 80
98 80
99 81
99 82
99 82
99 83
99 83
100 83
100 83
100 83
100 83
99 82
