13 21
13 22
13 23
13 23
12 24
12 24
12 25
12 26
12 26
12 27
13 28
13 29
13 29
13 30
13 31
13 32
13 33
13 33
13 34
13 35
14 36
14 37
14 38
14 39
14 39
14 40
14 41
15 42
15 43
15 44
15 45
15 45
15 46
16 47
16 48
16 49
17 50
17 51
17 51
17 52
17 53
17 54
18 55
18 56
18 57
18 58
18 58
18 59
18 60
18 61
19 62
19 63
19 64
19 65
19 66
19 66
19 67
19 68
20 69
20 70
20 71
20 71
20 72
20 73
21 74
21 75
21 76
21 76
21 77
22 78
22 79
22 79
22 80
22 81
22 81
23 82
23 82
23 82
23 82
23 81
23 81
22 80
22 79
22 79
22 78
22 77
22 76
22 76
22 75
21 74
21 73
21 73
21 72
21 71
20 70
20 69
20 68
20 68
20 67
20 66
19 65
19 64
19 63
19 63
19 62
18 61
18 60
17 59
17 58
16 57
16 56
15 55
15 54
14 53
14 52
13 51
13 50
12 49
12 48
11 47
11 46
10 45
10 44
9 43
9 42
8 41
8 40
7 39
7 38
6 37
6 36
5 35
5 34
5 34
4 33
3 32
3 31
2 30
2 30
1 29
1 28
0 27
0 27
0 26
0 25
0 24
0 24
0 23
0 22
0 22
0 21
0 20
0 20
0 19
0 18
0 18
0 17
1 16
1 15
1 15
2 14
2 13
3 12
3 12
4 11
5 10
6 9
6 9
7 8
8 7
9 6
9 6
10 5
11 5
12 4
12 4
13 4
14 3
15 3
16 2
17 2
17 2
18 2
19 1
20 1
21 1
21 1
22 1
23 1
24 0
25 0
26 0
26 0
27 1
28 1
29 2
30 2
30 2
31 2
32 3
33 3
34 3
34 3
35 4
36 5
37 5
38 6
38 6
39 7
39 8
40 9
40 10
40 10
41 11
41 12
42 13
42 14
43 15
43 15
43 16
43 17
44 18
44 19
44 20
44 20
44 21
45 22
45 23
46 24
46 25
46 25
46 26
46 27
47 28
47 29
47 30
47 31
47 31
47 32
47 33
47 34
47 35
47 36
47 37
47 37
47 38
47 39
47 40
47 41
47 42
47 43
47 44
47 44
47 45
47 46
46 47
46 48
46 49
46 50
46 50
46 51
46 52
45 53
45 54
45 55
45 55
45 56
45 57
44 58
44 59
44 60
44 61
44 61
44 62
44 63
43 64
43 65
43 66
43 67
43 67
43 68
42 69
42 70
41 71
41 72
41 72
40 73
40 74
39 75
39 76
38 77
38 78
38 78
37 79
37 80
36 81
36 82
36 82
35 83
35 84
34 85
34 86
33 87
33 87
32 88
31 89
31 90
30 91
30 91
29 92
28 93
28 94
27 95
27 95
26 96
25 97
24 98
24 98
23 99
22 99
22 99
21 100
20 100
20 100
19 100
19 100
18 100
18 100
17 100
17 100
17 100
16 100
16 100
16 100
16 100
17 99
17 99
17 99
17 98
17 98
18 97
18 96
18 96
19 95
20 95
21 94
22 93
23 92
24 92
25 91
26 90
27 90
28 89
29 88
30 87
31 87
32 86
33 85
34 85
35 84
36 83
37 82
38 82
39 81
40 80
41 80
42 79
43 78
44 77
45 77
46 76
47 75
48 75
49 74
50 73
51 72
52 72
53 71
53 71
53 70
53 70
53 69
53 69
54 68
54 67
54 67
54 66
54 66
54 65
54 64
54 64
54 63
54 62
54 62
54 61
54 61
53 60
53 59
53 59
52 58
52 58
52 58
51 59
51 59
50 60
50 60
50 61
50 61
49 62
49 63
49 63
49 64
49 65
49 66
49 66
49 67
48 68
48 69
48 69
48 70
48 71
48 72
48 73
48 73
48 74
48 75
48 76
48 76
48 77
48 78
48 78
48 79
49 80
49 81
49 81
49 82
49 82
50 83
50 83
50 83
51 82
51 82
52 81
52 80
52 80
53 79
53 78
53 78
54 77
54 76
54 76
55 75
55 74
55 74
55 73
55 72
55 71
55 71
56 70
56 69
56 69
56 68
56 67
56 67
56 66
56 65
56 65
56 64
56 64
56 64
56 65
56 65
56 65
56 66
56 66
56 67
56 67
57 68
57 69
57 69
57 70
57 70
57 71
57 72
57 72
57 73
57 73
58 74
58 75
58 75
58 76
58 76
59 76
59 76
60 77
60 77
60 77
61 77
61 77
61 77
61 77
61 76
61 76
61 76
61 76
61 76
61 75
61 74
61 73
61 72
61 71
61 70
61 69
60 68
60 67
60 66
60 65
60 64
60 63
60 62
60 61
60 60
60 60
60 59
60 59
60 59
60 59
61 60
61 60
62 61
62 62
62 62
62 63
62 64
62 64
63 65
63 66
63 66
63 67
63 68
63 69
63 69
63 70
64 71
64 72
64 72
64 73
64 74
64 74
64 75
64 76
64 76
65 77
65 77
65 78
65 78
66 78
66 78
66 78
67 77
67 77
68 76
68 75
68 75
68 74
68 73
68 72
68 72
68 71
68 70
68 69
68 69
68 68
69 67
69 66
69 66
69 65
69 64
69 64
69 63
69 62
69 61
69 61
69 60
69 59
69 59
69 58
69 57
69 57
68 56
68 56
68 55
68 55
68 54
68 54
67 53
67 53
67 53
67 54
67 54
67 54
67 54
67 55
67 55
67 54
68 53
68 52
68 51
69 50
69 49
69 48
69 47
70 46
70 45
70 44
71 43
71 42
71 42
71 41
71 41
70 40
70 40
70 40
71 39
71 39
71 38
71 38
72 37
72 37
73 36
73 36
73 36
74 35
74 35
74 36
74 36
75 37
75 37
75 38
75 39
75 40
75 41
75 42
75 43
75 44
75 45
74 46
74 47
74 48
74 49
74 50
74 51
74 52
74 53
74 54
74 54
74 55
74 55
74 55
74 56
74 56
75 56
75 56
75 57
75 57
75 58
75 59
75 59
75 60
76 61
76 62
76 62
76 63
76 64
76 65
76 65
76 66
76 67
76 68
76 68
76 69
76 70
76 71
76 71
76 72
77 73
77 74
77 74
77 75
77 76
77 76
78 77
78 77
78 77
78 78
78 78
78 78
79 77
79 77
79 77
79 76
79 75
79 75
80 74
80 73
81 72
81 71
82 70
82 69
83 68
83 67
84 66
84 65
85 64
85 63
86 62
86 61
87 60
87 59
87 59
88 59
89 59
89 59
89 58
89 57
89 57
88 57
88 57
89 57
89 57
89 56
89 56
89 55
89 55
89 54
89 54
89 53
89 53
89 52
89 52
88 51
88 51
87 51
87 51
87 52
87 52
86 53
86 53
85 54
85 55
85 55
84 56
84 57
84 57
84 58
84 59
84 60
84 60
84 61
84 62
84 63
84 63
84 64
84 65
84 66
84 67
84 67
84 68
84 69
84 69
84 70
85 71
85 72
85 72
86 73
86 73
87 73
87 73
88 72
88 72
89 71
89 71
90 70
90 69
91 68
91 68
91 67
92 66
92 65
92 65
93 64
93 63
94 62
94 62
94 61
95 60
95 59
95 59
95 58
96 57
96 56
96 55
96 55
96 54
96 53
96 52
96 51
95 50
95 49
95 48
95 47
95 46
95 45
95 44
95 43
94 42
94 41
94 40
94 39
94 38
94 37
94 36
94 35
93 34
93 33
93 32
93 31
93 30
93 29
93 28
93 27
92 26
92 25
92 24
92 23
92 22
92 21
92 20
92 19
91 18
91 17
91 16
91 15
91 14
91 14
90 14
90 14
90 13
89 12
89 11
89 11
88 11
88 11
88 12
88 12
88 13
88 13
88 14
89 15
89 16
89 16
89 17
89 18
89 19
89 20
89 21
89 21
89 22
89 23
89 24
89 25
89 26
89 27
89 27
89 28
89 29
89 30
90 31
90 32
90 33
90 34
90 34
90 35
90 36
90 37
90 38
90 39
90 40
90 41
90 41
90 42
90 43
90 44
91 45
91 46
91 47
91 48
91 49
91 49
91 50
92 51
92 52
92 53
92 54
93 55
93 56
93 57
93 57
93 58
93 59
93 60
94 61
94 62
94 63
94 64
94 64
94 65
94 66
95 67
95 68
95 69
95 70
95 70
95 71
95 72
96 73
96 74
96 75
96 75
96 76
97 77
97 78
97 79
97 79
97 80
97 81
97 82
97 83
97 83
97 84
98 85
98 86
98 86
98 87
98 88
98 88
99 89
99 90
99 90
99 90
100 91
100 91
100 90
100 90
99 90
