10 30
10 29
10 28
10 27
9 26
9 25
9 24
9 23
9 23
8 22
8 21
8 21
7 21
7 21
7 22
7 23
7 23
7 24
7 25
7 26
7 27
7 28
7 29
7 30
7 30
7 31
7 32
7 33
7 34
8 35
8 36
8 37
8 38
8 39
8 40
8 40
8 41
8 42
8 43
8 44
8 45
9 46
9 47
9 48
9 49
9 50
9 51
9 52
9 52
9 53
9 54
9 55
9 56
9 57
10 58
10 59
10 60
10 61
10 62
10 63
10 64
10 64
10 65
10 66
10 67
11 68
11 69
11 70
11 71
11 72
11 72
11 73
11 74
12 75
12 76
12 77
12 78
12 78
12 79
12 80
12 81
12 81
12 82
12 83
12 83
12 83
11 83
11 83
11 82
11 81
10 80
10 79
10 78
10 77
10 76
10 75
9 74
9 73
9 72
9 71
9 70
9 69
8 68
8 67
8 66
8 65
8 64
8 63
7 62
7 61
7 60
7 59
7 58
7 57
6 56
6 55
6 54
6 53
6 52
5 51
5 50
5 49
5 48
5 47
5 46
4 45
4 44
4 43
4 42
4 41
4 40
3 39
3 38
3 37
3 36
3 35
3 34
2 33
2 32
2 31
2 30
2 29
2 28
1 27
1 26
1 25
1 24
1 23
1 22
0 21
0 20
0 19
0 19
0 18
0 18
0 17
0 16
0 15
0 15
0 14
0 13
0 12
0 11
0 11
1 10
1 10
2 9
3 9
4 8
4 8
5 8
6 7
7 7
8 6
9 6
9 6
10 6
11 6
12 5
13 5
14 5
15 5
15 5
16 5
17 5
18 5
19 5
20 5
20 5
21 5
22 6
23 6
24 7
25 7
25 7
26 8
27 9
28 10
29 11
29 11
29 12
30 13
30 14
31 15
31 16
32 17
32 18
32 18
32 19
32 20
32 21
33 22
33 23
33 24
33 25
33 26
33 26
33 27
33 28
33 29
33 30
32 31
32 32
32 33
32 34
32 35
32 35
32 36
32 37
32 38
32 39
31 40
31 41
31 42
31 43
31 44
31 44
31 45
31 46
31 47
30 48
30 49
30 50
30 51
30 52
30 52
29 53
29 54
28 55
28 56
27 57
27 58
27 58
27 59
26 60
26 61
25 62
25 63
24 64
24 65
24 65
23 66
23 67
22 68
22 69
21 70
21 71
20 72
20 73
20 73
19 74
19 75
18 76
17 77
17 78
16 79
16 80
15 81
15 81
15 82
14 83
14 84
13 85
13 86
12 87
12 88
11 89
11 90
11 90
10 91
9 92
8 93
8 94
7 95
6 96
6 96
5 97
5 98
4 99
4 100
4 100
3 100
3 100
3 99
3 99
4 98
5 97
6 96
6 96
7 95
8 94
9 93
10 92
11 91
12 90
13 89
14 88
15 87
16 86
17 85
18 84
19 83
20 82
21 81
22 80
23 79
24 78
25 77
26 76
27 76
28 75
29 74
30 73
31 72
32 71
33 70
34 69
35 68
36 67
37 66
38 65
39 64
40 63
41 62
42 61
43 60
44 59
45 58
46 57
47 56
47 56
47 55
46 54
46 53
46 52
46 52
45 53
44 53
43 54
43 54
42 55
41 56
41 57
40 58
40 58
40 59
39 60
39 61
39 62
39 63
38 64
38 65
38 65
38 66
37 67
37 68
37 69
36 70
36 71
36 71
36 72
36 73
35 74
35 75
35 76
35 76
35 77
34 78
34 79
34 80
34 80
35 81
35 81
36 81
36 81
37 80
38 79
38 79
38 78
39 77
39 76
39 75
39 75
40 74
40 73
41 72
41 71
42 70
42 70
42 69
43 68
43 67
44 66
44 65
44 65
44 64
45 63
45 62
46 61
46 60
46 60
47 59
47 58
47 58
48 58
48 58
48 59
48 60
48 61
48 61
48 62
47 63
47 64
47 65
47 65
47 66
47 67
47 68
47 69
47 70
47 70
47 71
46 72
46 73
46 73
46 74
46 75
46 75
46 75
47 75
47 75
47 74
48 73
48 72
48 72
49 71
49 70
50 69
50 68
51 67
51 66
52 65
52 64
53 63
53 62
54 61
54 60
55 59
55 58
55 58
56 59
56 60
57 61
57 62
58 63
58 64
58 64
58 65
59 66
59 67
59 68
59 68
59 69
59 70
59 71
59 72
59 73
59 73
59 74
60 75
60 76
60 77
60 77
61 78
62 79
62 79
62 80
62 80
63 80
63 80
64 79
65 78
65 78
65 77
66 76
66 75
66 75
66 74
66 73
66 72
66 71
66 71
66 70
66 69
67 68
67 67
67 66
67 66
67 65
67 64
67 63
67 62
67 61
67 60
67 59
68 58
68 57
68 56
68 55
68 54
68 53
68 52
68 51
68 50
68 49
68 48
68 47
68 46
68 45
68 44
69 43
69 42
69 41
69 40
69 39
69 38
69 37
69 36
69 36
70 35
71 35
72 34
72 34
73 33
73 32
73 32
73 32
74 33
74 33
75 34
76 34
76 34
77 35
78 35
78 35
78 36
77 37
77 38
77 39
76 40
76 41
76 42
76 43
75 44
75 45
75 45
75 46
74 47
74 48
74 49
73 50
73 51
73 51
73 52
72 53
72 54
72 55
72 55
72 56
72 57
71 58
71 59
71 60
71 60
71 61
71 62
71 63
71 64
71 65
71 66
71 67
71 67
71 68
71 69
71 70
71 71
71 72
71 72
71 73
71 74
71 75
71 76
71 77
71 77
71 78
72 79
72 80
72 80
72 81
72 81
73 81
74 81
74 81
75 80
76 79
76 79
77 78
78 77
79 76
79 76
80 75
81 74
82 73
82 73
83 72
84 71
85 70
86 69
87 68
87 67
88 66
89 65
90 64
91 63
92 62
92 62
93 61
94 60
94 59
95 58
96 57
96 57
96 56
96 56
96 56
95 57
95 57
94 58
94 59
93 60
93 60
92 61
91 62
91 63
90 64
90 64
89 65
88 66
88 67
87 68
87 68
87 69
86 70
86 71
85 72
85 73
85 73
84 74
84 75
83 76
83 76
82 77
81 78
81 78
81 78
82 78
82 78
83 77
84 77
84 77
85 77
86 76
87 76
87 76
88 76
89 75
90 75
90 75
91 74
92 73
92 73
93 72
94 72
95 71
95 71
96 70
96 69
96 69
97 68
97 67
98 66
98 66
98 65
98 64
98 63
98 62
98 61
98 60
98 59
98 58
98 57
98 56
98 55
98 54
98 53
98 52
98 51
98 50
98 49
98 48
98 47
98 46
98 45
98 44
98 43
98 42
98 41
98 40
98 39
98 38
98 37
98 36
98 35
98 34
98 33
98 32
98 31
98 30
98 29
98 28
98 27
98 26
98 25
98 24
98 23
98 22
98 21
98 20
98 19
98 18
98 17
98 16
98 15
98 14
98 13
98 12
98 11
98 10
98 9
98 8
98 7
98 6
98 5
98 4
98 3
98 2
98 1
98 0
98 0
98 1
97 2
97 3
97 3
96 3
96 3
96 4
95 5
95 6
95 6
95 7
95 8
94 9
94 10
94 11
94 11
94 12
94 13
94 14
94 15
94 16
94 17
94 18
94 19
94 19
94 20
94 21
94 22
94 23
95 24
95 25
95 26
95 27
95 28
95 28
95 29
95 30
95 31
95 32
95 33
96 34
96 35
96 36
96 37
96 38
96 39
96 39
96 40
96 41
96 42
96 43
96 44
96 45
97 46
97 47
97 48
97 49
97 50
97 51
97 52
97 52
97 53
97 54
98 55
98 56
98 57
98 58
98 59
98 60
99 61
99 62
99 63
99 64
99 64
99 65
99 66
99 67
99 68
99 69
99 70
99 71
99 72
99 73
99 74
99 74
99 75
99 76
99 77
100 78
100 79
100 80
100 81
100 82
100 82
100 83
100 84
100 85
100 86
100 87
100 87
100 88
99 89
99 90
99 90
99 91
99 92
99 92
99 93
99 93
99 93
99 93
