3 14
4 13
4 13
3 13
3 13
2 12
2 11
2 11
3 12
3 13
3 13
3 14
3 15
4 16
4 17
4 18
4 19
4 19
4 20
4 21
4 22
4 23
5 24
5 25
5 26
5 27
5 28
5 28
5 29
5 30
5 31
6 32
6 33
6 34
6 35
6 36
6 37
7 38
7 39
7 40
7 41
7 41
7 42
7 43
7 44
7 45
7 46
7 47
8 48
8 49
8 50
8 51
8 52
8 53
8 54
8 54
8 55
8 56
8 57
9 58
9 59
9 60
9 61
9 62
9 63
10 64
10 65
10 66
10 67
10 67
10 68
11 69
11 70
11 71
12 72
12 73
12 73
12 74
13 75
13 76
13 77
13 77
14 78
14 78
14 78
13 78
13 78
13 77
13 76
12 75
12 74
12 73
12 72
11 71
11 70
11 69
11 68
10 67
10 66
10 65
10 64
10 63
9 62
9 61
9 60
9 59
8 58
8 57
8 56
8 55
7 54
7 53
7 52
7 51
6 50
6 49
6 48
6 47
6 46
5 45
5 44
5 43
5 42
4 41
4 40
4 39
4 38
3 37
3 36
3 35
3 34
3 33
2 32
2 31
2 30
2 29
1 28
1 27
1 26
1 25
0 24
0 23
0 22
0 22
0 21
0 20
0 20
0 19
0 18
0 17
0 16
0 15
0 15
0 14
0 14
1 13
2 12
2 12
3 11
4 10
5 9
5 9
6 8
7 7
8 7
9 6
10 5
10 5
11 4
12 4
13 3
14 3
15 2
15 2
16 2
17 1
18 1
19 1
20 0
21 0
21 0
22 0
23 1
24 1
25 1
26 2
27 2
27 2
28 3
29 4
29 5
30 6
31 7
31 7
31 8
32 9
32 10
33 11
33 12
34 13
34 14
34 14
34 15
34 16
35 17
35 18
35 19
35 20
36 21
36 22
36 23
36 23
36 24
36 25
36 26
36 27
36 28
36 29
36 30
36 31
36 32
36 32
36 33
36 34
36 35
36 36
35 37
35 38
35 39
35 40
35 41
35 41
35 42
35 43
34 44
34 45
34 46
34 47
33 48
33 49
33 50
33 50
33 51
32 52
32 53
31 54
31 55
31 56
30 57
30 58
30 58
30 59
29 60
29 61
28 62
28 63
27 64
27 65
26 66
26 67
26 67
25 68
25 69
24 70
24 71
23 72
23 73
22 74
22 75
21 76
21 76
21 77
20 78
20 79
19 80
19 81
18 82
18 83
17 84
17 85
17 85
16 86
16 87
15 88
14 89
14 90
13 91
13 92
12 93
12 93
11 94
10 95
10 96
9 97
8 98
8 98
7 99
7 100
7 100
7 100
7 99
7 99
8 98
9 97
10 97
11 96
12 95
13 94
14 93
15 92
16 92
17 91
18 90
19 89
20 88
21 87
22 87
23 86
24 85
25 84
26 83
27 82
28 82
29 81
30 80
31 79
32 78
33 78
34 77
35 76
36 75
37 74
38 73
39 73
40 72
41 71
42 70
43 69
44 68
45 68
46 67
47 66
47 66
48 65
49 64
49 63
50 62
51 61
51 61
50 60
50 59
49 58
49 58
48 57
48 56
47 55
47 54
47 54
46 54
45 55
44 55
44 55
43 56
43 57
42 58
42 58
41 59
40 60
40 61
39 62
39 62
39 63
39 64
38 65
38 66
38 67
38 67
38 68
38 69
37 70
37 71
37 72
37 72
37 73
37 74
36 75
36 76
36 77
36 77
36 78
36 79
36 79
37 80
37 81
37 81
38 81
38 81
39 80
39 79
39 79
40 78
41 77
41 76
42 75
42 75
43 74
43 73
44 72
44 71
45 70
45 69
45 69
46 68
46 67
47 66
47 65
48 64
48 64
48 63
49 62
49 61
50 60
50 59
50 59
50 58
51 57
51 56
52 55
52 54
52 54
53 53
53 53
53 54
53 55
53 55
52 56
52 57
51 58
51 58
51 59
51 60
50 61
50 62
50 63
50 63
50 64
49 65
49 66
49 67
49 67
49 68
49 69
49 70
49 70
49 71
49 72
49 72
50 73
50 73
51 73
51 73
52 72
52 72
53 71
54 70
54 70
54 69
55 68
55 67
55 66
56 65
56 64
56 63
57 62
57 61
57 60
57 59
58 58
58 57
58 56
59 55
59 54
59 54
60 53
61 53
61 53
61 54
61 54
61 55
61 56
61 57
61 57
61 58
61 59
60 60
60 61
60 62
60 62
60 63
60 64
61 65
61 66
61 67
61 67
61 68
61 69
61 70
61 71
61 71
61 72
62 73
62 74
62 74
63 75
63 76
63 76
63 77
63 77
64 77
64 77
65 76
65 75
65 75
66 74
66 73
66 73
66 72
67 71
67 70
67 70
68 69
68 68
69 67
69 67
69 66
70 65
70 64
71 63
71 62
71 62
71 61
72 60
72 59
73 58
73 57
73 57
73 56
73 55
73 54
72 53
72 52
72 51
72 50
72 49
72 48
72 47
72 46
71 45
71 44
71 43
71 42
71 41
71 40
71 39
71 38
70 37
70 36
70 35
70 34
70 33
70 33
71 33
71 33
72 33
72 33
73 32
73 32
74 31
75 31
75 31
76 31
77 31
78 31
78 31
79 30
80 30
80 30
81 31
81 31
81 32
80 33
80 34
79 35
79 36
79 37
78 38
78 39
78 40
77 41
77 42
76 43
76 44
76 44
76 45
76 46
76 47
75 48
75 49
75 50
75 51
75 52
75 52
75 53
74 54
74 55
74 56
74 56
74 57
73 58
73 59
73 59
73 60
73 61
72 62
72 63
72 64
72 64
72 65
71 66
71 67
71 68
71 68
71 69
71 70
71 71
71 71
72 72
72 73
72 73
73 73
73 73
74 73
74 73
75 72
75 72
76 71
77 71
77 71
78 71
79 70
80 70
80 70
81 69
82 68
83 67
84 66
85 65
86 64
87 63
88 62
89 61
90 60
91 59
92 58
93 57
94 56
95 55
96 54
96 54
95 53
95 53
94 54
94 54
93 55
92 56
91 57
91 57
90 58
89 59
88 60
88 60
87 61
87 62
86 63
86 64
85 65
85 65
84 66
84 67
83 68
83 68
83 69
82 70
82 71
82 71
82 72
82 72
82 73
82 73
83 73
83 73
84 73
84 73
85 72
86 72
86 72
87 71
88 70
88 70
89 69
89 68
90 67
90 67
91 66
92 65
93 64
93 64
94 63
94 62
95 61
95 61
96 60
96 59
97 58
97 57
97 57
97 56
97 55
97 54
97 53
97 52
97 51
97 50
97 49
97 48
97 47
97 46
97 45
97 44
97 43
97 42
97 41
98 40
98 39
98 38
98 37
98 36
98 35
98 34
98 33
98 32
98 31
98 30
98 29
98 28
98 27
98 26
98 25
98 24
98 24
98 23
98 22
97 21
97 20
97 19
97 18
97 17
97 16
96 15
96 14
96 13
96 13
96 12
96 11
96 10
96 10
95 9
95 8
95 8
95 8
95 9
95 9
95 10
95 10
95 11
95 12
95 13
95 13
95 14
95 15
95 16
96 17
96 18
96 19
96 20
96 20
96 21
96 22
96 23
96 24
96 25
96 26
96 27
96 28
96 29
96 29
96 30
96 31
96 32
96 33
96 34
96 35
96 36
96 37
96 38
96 39
96 40
96 40
96 41
96 42
96 43
96 44
96 45
97 46
97 47
97 48
97 49
97 50
97 51
97 52
97 52
97 53
97 54
97 55
97 56
97 57
98 58
98 59
98 60
98 61
98 62
98 63
98 64
98 64
98 65
98 66
98 67
98 68
99 69
99 70
99 71
99 72
99 73
99 73
99 74
99 75
99 76
99 77
99 78
99 79
99 79
99 80
100 81
100 82
100 83
100 83
100 84
100 85
99 86
99 87
99 88
99 88
99 89
99 90
99 90
98 91
98 91
98 92
98 92
98 93
98 93
