5 23
5 22
5 21
5 21
5 20
5 20
5 19
5 19
5 20
5 21
5 22
5 23
5 24
5 24
5 25
5 26
5 27
5 28
6 29
6 30
6 31
6 32
6 33
6 33
6 34
7 35
7 36
7 37
7 38
8 39
8 40
8 41
8 42
9 43
9 44
9 44
9 45
9 46
9 47
10 48
10 49
10 50
10 51
10 52
10 53
11 54
11 55
11 56
11 57
11 57
11 58
12 59
12 60
12 61
12 62
13 63
13 64
13 65
14 66
14 67
14 68
14 69
15 70
15 71
15 71
15 72
16 73
16 74
16 75
16 76
17 77
17 78
17 79
17 79
17 80
17 81
18 82
18 83
18 84
18 84
19 85
19 86
19 86
19 87
19 87
18 87
18 87
17 87
17 87
16 86
16 85
16 85
16 84
16 83
16 82
16 82
16 81
16 80
15 79
15 78
15 77
15 76
14 75
14 74
14 73
14 72
13 71
13 70
13 69
13 68
13 67
12 66
12 65
12 64
12 63
11 62
11 61
11 60
11 59
10 58
10 57
10 56
10 55
10 54
9 53
9 52
9 51
9 50
8 49
8 48
8 47
8 46
7 45
7 44
7 43
7 42
7 41
6 40
6 39
6 38
6 37
5 36
5 35
5 34
5 33
4 32
4 31
4 30
4 30
3 31
2 31
2 31
1 30
1 29
1 29
1 28
0 27
0 26
0 26
0 25
0 24
0 23
0 23
1 22
1 21
2 20
2 19
2 19
3 18
3 17
4 16
4 15
5 14
5 13
5 13
6 12
7 11
7 10
8 9
9 8
9 8
10 7
11 6
12 5
13 4
14 3
14 3
15 2
16 2
17 1
18 1
19 0
19 0
20 0
21 1
22 1
23 1
23 1
24 1
25 2
26 2
27 3
28 3
28 3
29 4
29 5
30 6
30 7
31 8
31 8
31 9
32 10
32 11
33 12
33 13
33 14
34 15
34 16
34 16
34 17
35 18
35 19
35 20
35 21
36 22
36 23
36 24
36 24
36 25
36 26
36 27
36 28
36 29
36 30
36 31
36 32
36 33
36 34
36 34
36 35
36 36
36 37
36 38
35 39
35 40
35 41
35 42
35 43
35 44
35 44
35 45
34 46
34 47
34 48
33 49
33 50
33 51
33 52
32 53
32 54
32 54
32 55
31 56
31 57
31 58
31 59
30 60
30 61
30 62
30 63
29 64
29 65
29 65
29 66
28 67
28 68
28 69
27 70
27 71
27 72
27 73
26 74
26 75
26 75
26 76
25 77
25 78
24 79
24 80
23 81
23 82
22 83
22 84
22 84
22 85
21 86
21 87
20 88
20 89
19 90
19 91
18 92
18 93
18 93
17 94
16 95
16 96
15 97
15 97
14 98
14 99
13 100
13 100
12 100
12 100
13 100
13 100
14 99
14 98
14 98
15 97
16 96
16 95
17 94
18 93
19 92
19 91
20 90
21 89
22 88
22 87
23 86
24 85
25 84
25 83
26 82
27 81
28 80
28 79
29 78
30 77
31 76
32 75
32 74
33 73
34 72
35 71
35 70
36 69
37 68
38 67
38 66
39 65
40 64
41 63
41 62
42 61
43 60
44 59
44 58
45 57
46 56
46 56
46 55
46 54
47 53
47 52
47 51
47 51
46 50
45 49
45 49
44 50
44 51
43 52
43 52
43 53
42 54
42 55
42 56
41 57
41 58
41 58
41 59
40 60
40 61
40 62
40 63
39 64
39 65
39 65
39 66
39 67
38 68
38 69
38 70
38 71
38 71
38 72
38 73
37 74
37 75
37 76
37 77
37 77
37 78
38 79
38 80
38 81
38 81
38 82
38 82
39 82
39 82
39 81
40 80
40 79
40 79
40 78
41 77
41 76
41 75
41 75
41 74
42 73
42 72
42 71
43 70
43 69
43 69
43 68
43 67
44 66
44 65
44 64
44 64
44 63
45 62
45 61
45 60
46 59
46 58
46 58
46 57
47 56
47 55
47 54
48 53
48 52
48 52
49 51
49 50
49 50
49 51
49 52
49 52
49 53
49 54
49 55
49 56
49 56
49 57
49 58
49 59
48 60
48 61
48 62
48 63
48 63
48 64
48 65
48 66
48 67
48 68
48 69
48 69
48 70
48 71
48 72
48 73
48 73
48 74
49 75
49 76
49 76
50 76
50 76
51 76
51 76
52 75
52 74
52 74
53 73
53 72
54 71
54 71
54 70
54 69
54 68
54 68
54 67
54 66
54 65
55 64
55 63
55 62
55 61
55 60
55 59
56 58
56 57
56 56
56 55
56 55
57 54
57 54
57 55
58 56
58 57
58 57
58 58
58 59
58 60
58 61
58 62
58 62
58 63
58 64
59 65
59 66
59 67
59 67
59 68
59 69
60 70
60 71
60 72
60 73
60 73
60 74
60 75
60 76
60 77
60 78
60 78
61 79
61 80
61 80
62 81
62 81
63 80
63 80
63 79
64 78
64 77
64 77
64 76
65 75
65 74
65 73
65 73
65 72
65 71
66 70
66 69
66 68
66 68
66 67
66 66
67 65
67 64
67 63
67 63
67 62
67 61
67 60
67 59
67 58
67 57
67 56
67 55
66 54
66 53
66 52
66 51
66 50
66 49
66 48
66 47
66 46
66 45
66 44
66 43
66 42
66 41
66 40
66 39
66 38
65 37
65 36
65 35
65 34
65 33
65 32
65 31
65 30
65 29
65 29
66 30
67 30
67 30
68 30
68 30
69 29
69 28
69 28
70 29
70 29
71 29
72 29
72 29
73 29
74 29
74 29
75 29
76 29
76 29
75 30
75 31
74 32
74 33
73 34
73 35
72 36
72 37
71 38
71 39
71 39
71 40
71 41
71 42
71 43
71 44
71 45
71 45
71 46
70 47
70 48
70 48
70 49
70 50
70 51
70 52
70 53
70 54
70 55
70 55
70 56
70 57
70 58
69 59
69 60
69 61
69 62
69 62
69 63
69 64
69 65
69 66
69 67
69 67
69 68
69 69
69 70
69 71
69 72
69 72
69 73
69 74
69 75
69 76
69 77
69 77
69 78
69 78
70 78
70 78
71 77
71 76
72 75
72 75
73 74
73 73
74 72
75 71
76 70
76 69
77 68
78 67
78 66
79 65
80 64
81 63
81 62
82 61
83 60
84 59
84 58
85 57
86 56
86 55
87 54
88 53
89 52
89 51
90 50
90 50
90 51
89 52
89 53
89 53
88 54
87 55
87 56
86 57
86 57
85 58
84 59
84 60
83 61
82 62
82 62
81 63
81 64
80 65
80 66
80 66
79 67
79 68
78 69
78 69
78 70
78 71
78 71
79 72
79 72
80 72
81 72
81 72
82 72
83 72
83 72
84 71
85 71
86 70
86 70
87 70
88 69
89 69
89 69
90 68
91 67
91 67
91 66
92 65
92 64
92 64
92 63
93 62
93 61
93 61
93 60
93 59
93 58
93 57
93 56
93 55
93 54
93 53
93 52
93 51
93 50
93 49
93 48
93 47
93 46
93 45
93 44
93 43
93 42
93 41
93 40
93 39
93 38
93 37
93 36
93 35
93 34
93 33
93 32
93 31
93 30
93 29
93 28
93 27
93 26
93 25
93 24
93 23
93 22
93 21
93 20
93 19
93 18
93 17
93 16
93 15
93 14
93 13
93 12
93 11
93 10
93 9
93 8
93 7
93 6
93 6
92 7
92 7
91 8
91 8
90 8
90 8
90 9
90 10
90 11
90 12
90 13
90 14
90 14
90 15
90 16
90 17
90 18
90 19
90 20
90 21
90 22
90 23
90 23
90 24
90 25
90 26
90 27
90 28
91 29
91 30
91 31
91 32
91 33
91 34
91 35
91 35
91 36
91 37
92 38
92 39
92 40
92 41
92 42
92 43
93 44
93 45
93 46
93 47
93 47
93 48
93 49
94 50
94 51
94 52
94 53
94 54
94 55
95 56
95 57
95 58
95 59
95 59
95 60
95 61
95 62
95 63
95 64
96 65
96 66
96 67
96 68
96 69
96 70
96 70
96 71
97 72
97 73
97 74
97 75
98 76
98 77
98 77
98 78
98 79
99 80
99 81
99 82
99 82
99 83
99 84
99 85
99 85
99 86
99 87
99 87
100 88
100 88
100 87
