18 14
18 13
18 12
18 11
18 10
18 10
18 9
18 9
18 9
18 9
18 10
18 10
18 11
18 12
18 12
18 13
18 14
18 15
18 16
18 16
18 17
19 18
19 19
19 20
19 20
19 21
19 22
19 23
19 24
19 25
19 25
19 26
19 27
19 28
19 29
19 30
19 31
19 31
19 32
19 33
19 34
19 35
19 36
19 37
19 37
19 38
19 39
19 40
19 41
19 42
19 43
19 43
19 44
19 45
20 46
20 47
20 48
20 49
20 49
20 50
20 51
21 52
21 53
21 54
21 55
21 55
21 56
21 57
21 58
21 59
21 60
21 61
21 61
21 62
21 63
22 64
22 65
22 66
22 66
22 67
22 68
22 69
22 70
22 70
22 71
23 72
23 73
23 73
23 74
23 75
23 75
23 75
23 75
22 75
22 75
21 74
21 73
21 73
21 72
21 71
21 70
20 69
20 68
20 67
20 66
20 65
20 64
20 63
20 62
19 61
19 60
19 59
19 58
19 57
19 56
19 55
19 54
18 53
18 52
18 51
18 50
18 49
18 48
18 47
18 46
17 45
17 44
17 43
17 42
17 41
17 40
17 39
17 38
16 37
16 36
16 35
16 34
16 34
16 33
15 32
15 31
15 30
15 30
15 29
15 29
14 28
14 28
14 28
13 29
13 29
12 30
12 31
12 31
11 32
11 33
11 33
10 34
10 35
9 36
9 36
8 37
8 38
7 39
7 39
6 40
6 41
5 42
5 42
4 43
3 44
3 44
2 45
1 45
1 45
0 44
0 44
0 43
0 42
0 42
0 41
0 40
0 40
0 39
0 38
0 37
0 36
0 36
0 35
1 34
1 33
1 32
1 32
2 31
2 30
3 29
3 28
3 28
3 27
4 26
4 25
5 24
5 23
5 23
6 22
7 21
7 20
8 19
8 19
9 18
10 17
10 16
11 15
11 15
12 14
12 13
13 12
13 11
14 10
14 10
15 9
16 8
16 7
17 6
17 6
18 5
19 4
20 3
20 3
21 2
22 2
23 1
23 1
24 1
25 1
26 1
26 1
27 1
28 2
29 2
29 2
30 3
30 4
31 5
31 5
31 6
31 7
32 8
32 9
32 10
32 10
32 11
32 12
33 13
33 14
33 15
33 15
33 16
33 17
33 18
34 19
34 20
34 21
34 22
34 22
34 23
34 24
34 25
34 26
34 27
34 28
34 29
34 30
34 30
34 31
34 32
34 33
34 34
34 35
34 36
34 37
34 38
34 39
34 39
34 40
34 41
34 42
34 43
34 44
34 45
34 46
34 47
34 48
34 48
34 49
34 50
34 51
34 52
33 53
33 54
33 55
33 56
33 57
33 57
33 58
32 59
32 60
32 61
32 62
31 63
31 64
31 65
31 65
31 66
31 67
31 68
31 69
30 70
30 71
30 72
30 73
30 74
30 74
30 75
29 76
29 77
29 78
29 79
28 80
28 81
28 81
28 82
27 83
27 84
27 85
27 86
26 87
26 88
26 88
25 89
25 90
24 91
24 92
23 93
23 94
23 94
22 95
22 96
21 97
21 98
21 98
20 99
19 100
19 100
18 100
18 100
18 99
18 99
18 98
18 97
18 97
19 96
19 95
20 94
20 93
21 92
22 91
22 90
23 89
23 88
24 87
25 86
25 85
26 84
27 83
27 82
28 81
28 80
29 79
30 78
30 77
31 76
31 75
32 74
33 73
33 72
34 71
34 70
35 69
36 68
36 67
37 66
37 65
38 64
39 63
39 62
40 61
40 60
41 59
42 58
42 57
43 56
44 55
44 54
45 53
45 52
46 51
47 50
47 49
48 48
48 47
49 46
50 45
50 44
51 43
51 42
52 41
52 41
51 41
51 41
50 40
50 39
50 39
49 38
49 38
48 37
48 37
47 36
47 36
46 36
46 36
46 36
45 37
45 38
45 38
45 39
45 40
45 41
45 41
45 42
45 43
44 44
44 45
44 46
44 46
44 47
44 48
44 49
44 50
44 50
44 51
44 52
44 53
44 54
44 54
44 55
44 56
44 57
44 58
44 58
44 59
44 60
44 61
44 61
44 62
44 63
44 63
45 64
45 64
45 65
45 65
46 64
46 64
47 63
47 63
48 62
48 61
48 61
48 60
48 59
48 58
48 58
48 57
49 56
49 55
49 54
49 54
49 53
50 52
50 51
50 50
50 50
50 49
50 48
50 48
50 47
50 47
50 47
50 47
50 48
50 48
50 49
50 50
50 50
50 51
50 52
50 53
50 53
50 54
51 55
51 56
51 56
51 57
51 58
51 58
51 59
51 60
51 60
52 61
52 62
52 62
53 63
53 63
54 64
54 64
55 64
55 64
55 63
55 62
55 61
55 60
55 59
55 58
56 57
56 56
56 55
56 54
56 53
56 52
56 51
56 50
56 49
56 48
56 47
56 46
56 45
57 44
57 43
57 42
57 41
57 40
57 39
57 38
57 38
57 37
57 36
57 36
57 35
57 35
57 35
57 35
58 36
58 37
58 37
58 38
58 39
58 40
58 40
58 41
58 42
58 43
58 44
58 44
58 45
59 46
59 47
59 48
59 48
59 49
59 50
59 51
59 51
59 52
60 53
60 54
60 54
60 55
61 56
61 57
61 57
61 58
61 59
61 59
62 60
62 60
63 60
63 60
64 59
64 59
65 58
65 57
65 57
65 56
66 55
66 54
66 54
66 53
67 52
67 51
67 50
67 50
67 49
68 48
68 47
68 46
68 46
68 45
68 44
68 43
68 42
68 42
68 41
68 40
69 39
69 38
69 37
69 37
69 36
70 35
70 34
70 33
70 33
70 32
70 31
70 30
70 30
70 29
70 28
70 28
70 27
70 26
70 26
71 27
72 28
72 29
73 30
74 31
75 32
76 33
76 34
77 35
78 36
78 36
78 37
78 38
78 38
78 39
78 39
78 40
78 40
77 41
77 42
77 42
77 43
77 44
77 44
76 45
76 46
76 46
76 47
76 48
76 48
76 49
76 50
76 50
76 51
76 52
76 52
76 53
76 54
76 54
76 55
76 55
76 56
76 56
76 56
76 55
76 55
76 54
76 53
76 53
76 52
76 51
76 50
76 49
76 48
76 47
76 46
76 45
76 44
76 43
76 42
76 41
76 40
76 39
76 38
76 37
76 36
76 35
76 34
76 33
76 32
76 31
76 30
76 29
76 28
76 27
76 26
76 25
76 25
76 24
76 23
76 22
75 21
75 20
75 19
75 18
75 17
75 17
75 16
75 15
75 14
75 14
75 13
75 12
75 12
75 11
75 11
75 12
75 12
75 13
75 13
76 14
76 15
76 15
76 16
76 17
76 17
76 18
76 18
77 19
77 20
77 20
77 21
77 22
77 22
77 23
77 24
77 24
78 24
79 25
80 25
81 25
82 26
83 26
84 26
85 26
86 27
87 27
87 27
87 28
88 29
88 30
88 31
88 31
88 32
88 32
87 32
87 32
87 33
87 33
88 34
88 35
88 35
88 36
88 36
88 37
88 37
88 38
88 39
88 39
89 40
89 40
89 40
89 41
89 41
89 41
89 40
89 40
89 40
88 39
88 39
88 38
88 37
88 37
87 36
87 36
86 36
86 36
85 36
85 36
85 36
84 37
84 38
84 38
84 39
83 40
83 41
83 41
83 42
83 43
83 44
83 45
83 45
83 46
82 47
82 48
82 49
82 49
82 50
81 51
81 52
81 53
81 53
81 54
81 55
81 56
81 57
81 57
81 58
81 59
81 59
81 60
81 61
81 61
82 61
82 61
83 60
83 60
84 59
85 59
85 59
86 58
86 57
87 56
87 55
87 55
88 54
88 53
89 52
89 51
89 51
90 50
90 49
91 48
91 47
91 47
91 46
91 45
92 44
92 43
92 42
92 41
92 41
92 40
92 39
93 38
93 37
93 36
93 36
93 35
93 34
94 33
94 32
94 31
94 31
94 30
94 29
94 28
94 27
94 26
94 26
94 25
94 24
94 23
94 22
94 21
94 21
94 20
94 19
94 18
94 17
94 16
94 16
94 15
94 14
94 13
94 12
94 12
94 11
94 10
94 9
94 8
94 7
94 7
94 6
94 5
94 4
94 4
94 3
94 2
94 2
94 1
94 0
94 0
94 1
94 1
94 2
94 2
94 3
95 4
95 5
95 5
95 6
95 7
94 8
94 9
94 10
94 10
94 11
94 12
94 13
94 14
94 15
94 16
94 17
94 18
94 18
94 19
94 20
94 21
94 22
94 23
94 24
94 25
94 26
94 27
94 27
94 28
94 29
94 30
94 31
94 32
94 33
94 34
94 35
94 36
94 37
94 37
94 38
94 39
94 40
94 41
94 42
93 43
93 44
93 45
93 46
93 47
93 48
93 48
93 49
93 50
93 51
93 52
94 53
94 54
94 55
94 56
94 57
94 58
94 58
94 59
94 60
94 61
94 62
94 63
94 64
94 65
94 66
94 67
94 68
94 68
94 69
94 70
94 71
94 72
95 73
95 74
95 75
95 76
95 77
95 77
95 78
96 79
96 80
96 81
96 82
97 83
97 84
97 84
97 85
98 86
98 87
99 88
99 89
100 90
100 91
