27 41
27 40
27 39
27 38
27 37
27 36
27 35
27 34
27 33
27 32
27 31
27 30
27 29
27 28
27 27
27 26
27 25
27 24
27 23
27 22
27 21
27 20
27 19
27 18
27 17
27 16
27 15
27 15
27 14
27 13
27 13
27 12
27 11
27 11
27 12
27 12
27 13
27 14
27 15
27 15
27 16
27 17
27 18
27 19
27 19
27 20
27 21
27 22
27 23
27 24
27 24
27 25
27 26
28 27
28 28
28 29
28 30
28 30
28 31
28 32
28 33
28 34
28 35
28 36
28 37
28 37
28 38
28 39
28 40
28 41
28 42
28 43
28 44
28 44
28 45
28 46
28 47
28 48
28 49
28 50
28 51
28 52
28 52
28 53
28 54
29 55
29 56
29 57
29 58
29 58
29 59
29 60
29 61
29 62
29 63
29 63
29 64
30 65
30 66
30 67
30 67
30 68
30 69
30 70
30 70
30 71
30 72
30 72
30 73
30 73
30 72
29 71
29 70
29 69
29 68
28 67
28 66
28 65
27 64
27 63
27 62
26 61
26 60
26 59
26 58
25 57
25 56
25 55
24 54
24 53
24 52
23 51
23 50
23 49
23 48
22 47
22 46
22 45
21 44
21 43
21 42
21 41
20 40
20 39
20 38
19 37
19 36
19 35
18 34
18 33
18 32
18 31
17 30
17 29
17 29
17 28
17 27
17 27
16 27
16 27
16 26
16 26
15 27
15 28
15 28
15 29
15 30
15 30
15 31
14 32
14 33
14 33
14 34
13 35
13 36
13 36
12 37
12 38
11 39
11 39
10 40
9 41
9 41
8 42
7 42
7 42
6 42
5 42
5 42
4 41
3 41
3 41
2 40
1 39
1 39
1 38
0 37
0 36
0 35
0 35
0 34
0 33
0 32
0 31
0 31
0 30
0 29
0 28
0 27
0 27
1 26
1 25
2 24
2 23
2 23
2 22
3 21
3 20
4 19
4 18
4 18
5 17
6 16
6 15
7 14
8 13
8 13
9 12
10 11
10 10
11 9
11 9
12 8
13 7
14 6
15 5
16 4
16 4
17 3
18 2
19 2
20 1
20 1
21 1
22 1
23 0
24 0
25 0
25 0
26 0
27 1
28 1
28 1
29 2
30 2
31 3
32 3
32 3
33 4
34 5
34 6
35 7
35 7
35 8
36 9
36 10
37 11
37 12
37 12
37 13
38 14
38 15
39 16
39 17
39 17
39 18
39 19
40 20
40 21
40 22
40 23
40 23
40 24
40 25
40 26
41 27
41 28
41 29
41 30
41 30
41 31
41 32
41 33
41 34
41 35
41 36
41 37
41 38
41 38
41 39
41 40
41 41
40 42
40 43
40 44
40 45
40 46
40 46
40 47
40 48
40 49
39 50
39 51
39 52
39 53
39 54
39 54
39 55
39 56
38 57
38 58
38 59
38 60
38 61
37 62
37 63
37 64
37 64
37 65
36 66
36 67
36 68
36 69
35 70
35 71
35 72
35 72
35 73
34 74
34 75
34 76
34 77
33 78
33 79
33 80
33 80
32 81
32 82
31 83
31 84
30 85
30 86
30 86
29 87
29 88
28 89
27 90
27 91
26 92
26 92
25 93
24 94
24 95
23 96
23 96
22 97
22 98
21 99
21 99
20 100
19 100
19 100
18 100
17 100
17 100
16 100
16 100
17 99
18 98
19 97
20 96
20 95
21 94
22 93
23 92
24 91
25 90
26 89
27 88
27 87
28 86
29 85
30 84
31 83
32 82
33 81
34 80
35 79
35 78
36 77
37 76
38 75
39 74
40 73
41 72
42 71
42 70
43 69
44 68
45 67
46 66
47 65
48 64
49 63
49 62
50 61
51 60
52 59
53 58
53 58
54 59
55 59
55 59
55 58
55 57
55 56
55 56
54 55
54 54
54 54
54 53
54 53
54 52
54 51
54 51
53 50
53 50
52 49
52 49
51 49
51 49
50 50
50 50
49 51
49 52
49 52
48 53
48 54
47 55
47 55
47 56
46 57
46 58
46 58
46 59
46 60
45 61
45 62
45 63
45 63
45 64
45 65
44 66
44 67
44 68
44 68
44 69
44 70
44 71
44 72
44 72
44 73
44 74
44 75
44 75
45 76
45 77
45 77
45 78
45 78
46 78
46 78
47 78
47 78
48 77
48 76
48 76
48 75
49 74
49 73
49 73
49 72
50 71
50 70
50 70
50 69
51 68
51 67
51 66
51 66
51 65
51 64
51 63
51 62
51 62
51 61
52 60
52 59
52 59
52 58
52 57
52 57
52 56
52 56
52 56
52 56
52 57
52 58
52 58
53 59
53 60
53 60
53 61
53 62
53 63
53 63
53 64
53 65
53 66
53 66
53 67
54 68
54 69
54 69
55 70
55 71
55 71
55 72
55 73
55 73
56 74
56 75
56 75
57 76
57 76
58 76
58 76
58 75
58 74
59 73
59 72
59 71
59 70
59 69
59 68
60 67
60 66
60 65
60 64
60 63
61 62
61 61
61 60
61 59
61 58
61 57
62 56
62 55
62 54
62 54
62 53
62 52
62 52
62 51
62 51
62 50
62 50
62 50
62 51
62 51
62 52
62 53
62 53
62 54
62 55
62 56
62 56
62 57
63 58
63 59
63 60
63 60
63 61
63 62
63 63
63 64
63 65
63 65
63 66
63 67
63 68
63 69
63 69
63 70
64 71
64 72
64 72
64 73
64 74
64 74
64 75
64 75
65 75
65 75
65 75
66 74
66 73
66 73
67 72
67 71
67 71
67 70
67 69
67 68
67 68
67 67
68 66
68 65
68 65
69 64
69 63
70 62
70 61
70 61
70 60
70 59
70 58
70 58
70 57
70 56
71 55
71 54
71 53
71 52
72 51
72 50
72 49
72 49
73 49
73 49
73 50
73 50
73 51
73 51
73 52
73 52
73 53
73 54
73 55
73 55
73 56
72 57
72 58
72 58
72 59
72 60
72 61
72 62
72 62
72 63
72 64
72 65
72 66
72 66
72 67
71 68
71 69
71 70
71 70
71 71
71 72
71 73
71 73
71 74
71 75
71 76
71 76
71 77
71 77
72 78
72 78
72 78
72 77
72 76
72 75
72 74
72 73
72 72
72 71
72 70
72 69
72 68
72 67
72 66
72 65
72 64
72 63
72 62
72 61
72 60
72 59
72 58
72 57
72 56
72 55
71 54
71 53
71 52
71 51
71 50
71 49
71 48
71 47
71 46
71 45
71 44
71 43
71 42
71 41
71 40
71 39
71 38
71 37
71 36
71 35
71 34
71 33
71 32
71 31
71 31
71 30
71 29
71 28
71 27
71 26
71 26
71 25
71 25
71 25
71 26
71 26
71 27
71 28
71 28
72 29
72 29
72 30
72 31
72 31
72 32
72 33
72 34
72 34
72 35
73 36
73 37
73 37
74 38
74 39
74 39
74 40
75 41
75 42
75 42
75 43
76 44
76 45
76 45
77 46
77 47
78 48
79 49
79 50
80 51
81 52
82 53
82 54
83 55
84 56
84 57
85 58
86 59
86 60
87 61
87 61
88 61
88 61
89 60
89 60
89 59
89 59
88 58
88 58
88 57
88 56
88 56
87 56
87 56
86 56
86 56
85 57
85 57
84 58
83 59
83 59
82 60
82 61
82 61
82 62
81 63
81 64
81 65
81 65
81 66
80 67
80 68
80 68
80 69
79 70
79 71
79 71
79 72
79 73
79 74
79 74
79 75
79 76
79 76
79 77
79 77
80 77
80 77
81 77
81 77
82 76
82 75
82 75
83 74
84 73
84 73
84 72
84 71
85 70
85 69
85 68
85 68
85 67
85 66
86 65
86 64
86 63
86 62
86 62
86 61
86 60
86 59
87 58
87 57
87 56
87 55
87 55
87 54
88 53
88 52
88 51
88 50
89 49
89 48
89 48
89 47
89 46
89 45
89 44
89 43
89 42
89 41
89 40
89 40
89 39
89 38
89 37
90 36
90 35
90 34
90 33
90 32
90 32
90 31
90 30
90 29
90 28
90 27
90 26
90 26
90 25
90 24
89 23
89 22
89 21
89 21
89 20
89 19
89 18
89 18
89 17
89 16
89 16
89 16
89 16
89 17
89 17
89 18
90 19
90 20
90 21
90 21
90 22
90 23
91 24
91 25
91 26
91 26
91 27
91 28
92 29
92 30
92 31
92 32
92 32
92 33
92 34
92 35
92 36
92 37
92 38
92 39
92 39
92 40
92 41
92 42
92 43
93 44
93 45
93 46
93 47
93 48
93 48
93 49
93 50
93 51
94 52
94 53
94 54
94 55
94 55
94 56
95 57
95 58
95 59
95 60
96 61
96 62
96 63
96 63
96 64
97 65
97 66
97 67
97 68
98 69
98 70
98 70
98 71
99 72
99 73
99 74
99 75
100 76
100 77
100 78
