13 4
13 3
13 2
13 1
13 0
13 0
13 1
13 1
13 1
13 2
13 2
14 3
14 4
14 4
14 5
15 6
15 7
15 8
15 8
15 9
15 10
16 11
16 12
16 13
16 13
16 14
16 15
16 16
16 17
16 18
16 18
16 19
16 20
16 21
17 22
17 23
17 24
17 25
17 26
17 26
17 27
17 28
17 29
17 30
18 31
18 32
18 33
18 34
18 35
18 35
18 36
18 37
18 38
18 39
18 40
18 41
18 42
18 43
18 43
18 44
18 45
18 46
18 47
18 48
18 49
18 50
18 51
18 52
18 53
18 53
18 54
18 55
18 56
19 57
19 58
19 59
19 60
19 60
19 61
19 62
19 63
19 64
19 65
19 66
19 67
19 67
19 68
19 69
19 70
19 71
19 71
19 72
19 73
19 74
19 75
19 75
19 76
19 77
19 78
19 78
19 79
19 79
19 78
19 78
18 77
18 77
18 76
17 75
17 74
17 73
17 73
17 72
16 71
16 70
15 69
15 68
15 68
15 67
15 66
14 65
14 64
14 63
14 62
14 62
14 61
14 60
14 59
13 58
13 57
13 56
13 55
13 55
13 54
12 53
12 52
12 51
11 50
11 49
11 49
11 48
10 47
10 46
10 45
10 45
10 44
10 43
9 42
9 41
9 40
9 39
8 38
8 37
8 36
8 35
8 34
7 33
7 32
7 31
7 30
6 29
6 28
6 27
6 27
6 26
5 25
5 24
5 23
4 22
4 21
4 20
3 19
3 18
3 18
3 17
2 16
2 15
1 14
1 13
1 13
1 12
1 11
1 10
1 9
1 9
0 8
0 8
0 7
0 7
0 6
0 5
0 5
0 4
0 4
1 3
2 3
2 3
3 2
4 2
4 2
5 1
6 1
6 1
7 1
8 1
9 1
10 1
10 1
11 1
12 1
13 1
13 1
14 1
15 2
16 2
17 2
17 2
18 2
19 2
20 3
21 3
22 3
22 3
23 3
24 4
25 4
26 4
26 4
27 4
28 5
29 5
29 5
30 6
31 7
32 8
32 8
33 9
34 9
35 10
35 10
35 11
36 12
36 13
36 14
36 14
36 15
36 16
37 17
37 18
37 19
37 19
37 20
37 21
37 22
37 23
37 24
37 25
37 25
37 26
37 27
37 28
36 29
36 30
36 31
36 32
36 33
36 33
36 34
35 35
35 36
34 37
34 38
33 39
33 40
33 40
33 41
32 42
32 43
32 44
31 45
31 46
31 47
31 48
30 49
30 50
30 50
30 51
29 52
29 53
29 54
28 55
28 56
27 57
27 58
27 59
26 60
26 61
26 61
26 62
25 63
25 64
24 65
24 66
24 67
23 68
23 69
22 70
22 71
22 71
21 72
21 73
20 74
20 75
19 76
19 77
18 78
18 79
17 80
17 80
16 81
16 82
15 83
14 84
14 85
13 86
13 87
12 88
12 88
11 89
11 90
10 91
10 92
9 93
9 94
9 94
8 95
7 96
7 97
6 98
6 98
5 99
4 99
3 100
3 100
2 100
2 100
1 99
1 99
1 98
1 97
1 97
1 96
2 95
2 94
2 93
2 93
3 92
4 91
5 90
6 89
7 89
8 88
9 87
10 86
11 85
12 84
13 83
14 82
15 82
16 81
17 80
18 79
19 78
20 77
21 76
22 75
23 75
24 74
25 73
26 72
27 71
28 70
29 69
30 68
31 68
32 67
33 66
34 65
35 64
36 63
37 62
38 61
39 61
40 60
41 59
42 58
43 57
44 56
45 55
46 54
47 54
48 53
49 52
50 51
50 51
50 52
50 53
50 53
50 53
50 54
50 54
50 54
50 54
50 53
50 53
50 53
49 52
49 52
49 51
49 50
49 50
49 49
49 49
48 48
48 48
48 47
48 46
48 45
48 45
48 44
47 43
47 42
47 41
47 41
47 40
47 40
46 39
46 39
46 39
45 40
45 40
45 41
45 42
45 42
45 43
44 44
44 45
44 46
44 46
44 47
43 48
43 49
43 50
43 50
43 51
43 52
43 53
43 54
43 55
43 56
43 56
43 57
43 58
43 59
42 60
42 61
42 62
42 63
42 63
42 64
42 65
42 66
42 67
42 68
42 68
42 69
42 70
42 71
42 72
42 72
42 73
42 74
42 74
42 75
42 75
43 75
43 75
43 74
43 74
43 73
44 72
44 71
44 70
44 70
44 69
45 68
45 67
45 67
45 66
46 65
46 64
46 63
46 63
46 62
46 61
47 60
47 59
47 58
47 58
47 57
47 56
47 55
47 54
47 54
47 53
48 52
48 51
48 50
48 50
48 49
48 48
48 47
48 47
48 46
48 45
48 45
49 45
49 45
49 45
49 45
49 46
49 46
49 47
49 48
49 49
49 49
49 50
49 51
49 52
49 52
49 53
50 54
50 55
50 56
50 56
50 57
50 58
50 59
50 60
50 61
50 61
50 62
51 63
51 64
51 65
51 65
52 66
52 67
52 67
53 68
53 69
53 69
54 70
55 70
55 70
56 70
57 70
57 70
58 70
58 70
59 69
59 69
60 68
60 67
60 67
61 66
61 65
61 65
61 64
61 63
61 63
61 62
61 61
61 60
61 59
61 58
61 57
61 56
61 55
61 54
60 53
60 52
60 51
60 50
60 49
60 48
60 47
60 46
60 45
60 44
60 44
60 44
60 44
60 45
60 45
60 46
60 47
60 47
60 48
60 49
60 50
60 50
60 51
61 52
61 53
61 53
61 54
61 55
61 56
61 57
61 57
61 58
61 59
62 60
62 61
62 62
62 62
62 63
62 64
62 65
62 66
62 66
62 67
63 68
63 69
63 69
63 70
64 71
64 72
64 72
65 73
65 73
66 74
66 74
66 73
66 73
67 72
67 72
67 71
67 70
67 69
67 69
67 68
67 67
68 66
68 65
68 64
68 64
68 63
68 62
69 61
69 60
69 59
69 59
69 58
69 57
69 56
69 55
69 54
69 54
69 53
69 52
70 51
70 50
70 49
70 48
70 48
71 47
71 46
71 46
71 45
71 44
71 44
72 43
72 42
72 42
72 41
72 41
72 41
72 40
73 39
73 38
73 37
74 36
74 35
74 34
75 33
75 32
75 31
76 30
76 29
76 29
76 28
76 28
76 28
76 27
76 27
76 27
77 28
77 28
77 29
77 29
78 30
78 31
78 31
79 32
79 33
79 33
79 34
79 34
80 35
80 36
80 36
80 37
80 38
80 38
80 39
80 40
79 41
79 42
79 43
79 44
79 44
79 45
79 46
79 47
79 48
79 48
79 49
79 49
78 50
78 50
78 51
78 52
78 52
78 53
78 54
78 55
78 55
78 56
78 57
78 58
78 59
78 59
78 60
78 61
78 62
78 63
78 64
78 64
78 65
78 66
78 67
78 68
78 68
78 69
78 70
78 71
78 71
78 72
78 73
78 74
78 74
78 75
78 75
79 76
79 76
79 75
79 75
80 74
81 73
82 72
83 71
83 70
84 69
85 68
86 67
87 66
88 65
89 64
90 63
90 62
91 61
92 60
93 59
94 58
94 58
95 57
96 57
96 57
97 57
97 57
97 56
97 56
97 55
97 55
97 54
97 54
96 54
96 54
96 53
96 52
96 52
95 51
95 50
95 50
95 49
95 49
94 48
94 47
94 47
94 47
93 46
93 46
92 46
92 46
92 46
91 47
91 48
91 48
90 49
90 50
90 50
90 51
90 52
90 53
90 53
90 54
89 55
89 56
89 57
89 57
89 58
89 59
89 60
89 61
89 61
89 62
89 63
89 64
89 65
89 66
89 66
89 67
89 68
89 69
89 69
90 70
90 71
90 71
91 71
91 71
92 71
92 71
92 70
93 69
93 68
93 68
93 67
94 66
94 65
94 65
94 64
95 63
95 62
95 62
95 61
95 60
95 59
95 58
95 57
95 56
95 56
95 55
95 54
96 53
96 52
96 51
96 50
96 50
96 49
96 48
96 47
96 46
96 45
96 44
96 43
96 42
96 42
96 41
96 40
96 39
96 38
96 37
96 36
96 35
96 35
96 34
96 33
96 32
96 31
96 30
96 29
96 28
96 28
96 27
96 26
96 25
96 24
96 23
96 22
96 22
96 21
96 20
96 19
96 18
96 18
96 17
96 16
96 15
96 15
97 14
97 13
97 13
97 12
97 12
97 12
97 13
97 13
97 14
97 14
97 15
97 16
97 17
97 18
97 18
97 19
97 20
97 21
97 22
97 23
97 24
97 24
97 25
97 26
97 27
97 28
97 29
97 30
97 31
97 32
97 33
97 33
97 34
97 35
97 36
97 37
97 38
97 39
97 40
97 41
97 42
97 42
97 43
97 44
97 45
97 46
97 47
97 48
97 49
97 50
97 51
97 52
97 53
97 53
97 54
97 55
97 56
97 57
97 58
97 59
97 60
97 61
97 62
97 63
97 64
97 65
97 65
97 66
97 67
97 68
97 69
97 70
97 71
97 72
97 73
97 74
97 75
97 76
97 77
97 77
97 78
97 79
97 80
97 81
98 82
98 83
98 84
98 85
98 86
98 86
98 87
98 88
98 89
99 90
99 91
99 92
99 93
99 94
99 94
99 95
100 96
100 97
