2 85
2 85
2 86
2 87
2 88
2 88
2 89
2 89
1 90
1 90
1 91
1 91
1 91
1 91
1 91
1 91
1 91
1 91
1 90
1 90
0 89
0 89
0 88
0 87
0 86
0 86
0 85
0 84
0 83
0 82
0 82
0 81
0 80
0 79
0 78
0 77
0 77
0 76
0 75
0 74
0 73
0 72
0 71
0 71
0 70
0 69
0 68
0 67
0 66
0 65
0 64
0 64
0 63
0 62
0 61
1 60
1 59
1 58
1 57
1 56
1 56
1 55
1 54
1 53
1 52
1 51
1 50
1 49
1 48
1 48
1 47
1 46
2 45
2 44
2 43
2 42
2 42
2 41
3 40
3 39
3 38
3 37
4 36
4 35
4 35
4 34
4 33
4 32
5 31
5 30
5 29
5 28
5 28
5 27
6 26
6 25
6 24
6 23
7 22
7 21
7 21
7 20
8 19
8 18
9 17
9 16
9 16
10 15
10 14
11 13
11 12
12 11
12 11
13 10
13 9
14 8
14 7
14 7
15 6
16 5
16 4
17 3
17 3
18 2
19 1
19 1
20 0
21 0
21 0
22 0
23 0
23 0
24 1
25 2
25 2
26 3
26 4
26 4
27 5
27 6
27 6
27 7
28 8
28 9
28 10
28 10
28 11
28 12
28 13
28 14
28 14
28 15
27 16
27 17
27 17
27 18
26 19
26 20
26 21
26 21
25 22
25 23
24 24
24 24
23 25
22 26
21 27
21 27
20 28
19 29
19 30
18 31
18 31
17 32
16 33
15 33
14 34
14 34
13 35
12 36
11 37
11 37
10 38
9 39
9 39
8 40
7 41
7 41
7 42
8 43
8 44
9 45
9 46
10 47
10 48
11 49
11 50
12 51
12 52
12 53
13 54
13 55
14 56
14 57
15 58
15 59
16 60
16 61
16 62
17 63
17 64
18 65
18 66
19 67
19 68
20 69
20 70
21 71
21 72
21 73
22 74
22 75
23 76
23 77
24 78
24 79
25 80
25 81
25 81
25 82
25 83
25 83
24 83
24 83
25 84
25 84
25 84
26 84
26 84
27 83
27 83
28 82
28 82
29 81
29 81
29 80
29 80
29 79
29 79
30 79
30 79
30 78
30 78
31 77
31 77
32 76
32 75
32 75
33 74
34 73
34 73
35 72
35 72
35 71
36 70
36 69
36 69
37 68
37 67
37 67
37 66
38 65
38 64
38 64
38 63
39 62
39 61
39 60
39 60
39 59
39 58
39 58
38 57
38 57
37 56
37 56
36 56
36 56
35 56
35 56
34 57
33 58
33 58
32 59
32 60
31 61
31 62
31 62
31 63
30 64
30 65
30 66
30 66
30 67
30 68
29 69
29 70
29 71
29 71
29 72
29 73
28 74
28 75
28 76
28 77
28 77
28 78
28 79
28 80
28 81
28 82
28 82
28 83
28 84
28 85
28 86
28 87
28 87
28 88
29 89
29 90
30 91
30 92
30 92
31 93
31 94
31 94
32 94
33 94
34 94
34 94
35 93
36 93
36 93
37 92
38 91
38 91
39 90
40 90
41 89
41 89
42 88
42 87
43 86
43 85
44 84
44 83
45 82
45 81
46 80
47 79
47 78
48 77
48 76
49 75
49 74
50 73
51 72
51 71
52 70
52 69
53 68
53 67
54 66
54 65
55 64
56 63
56 62
57 61
57 60
58 59
58 58
59 57
59 56
60 55
60 55
60 55
59 56
59 57
59 57
59 57
58 58
58 58
58 58
57 57
57 57
56 56
56 56
56 55
55 54
55 53
55 53
54 52
54 51
53 50
53 50
53 49
52 48
52 47
52 47
52 46
51 45
51 44
51 44
51 43
51 42
51 41
51 41
51 40
51 39
51 38
51 38
52 37
52 37
52 36
52 36
53 35
53 35
53 35
54 36
54 36
55 36
56 36
56 36
57 37
58 37
58 37
59 37
59 37
60 37
61 37
62 37
62 37
63 37
64 37
64 37
65 37
66 37
66 37
67 36
68 36
68 36
69 35
70 35
70 35
71 35
72 35
72 35
73 35
73 35
73 35
73 35
73 35
72 35
72 35
71 34
71 34
71 33
71 32
70 31
70 30
70 29
70 28
70 27
70 26
69 25
69 24
69 23
69 22
69 22
69 21
69 20
69 19
69 18
69 17
69 17
69 16
69 15
69 15
69 14
69 13
69 13
69 12
69 11
69 11
68 10
68 10
68 10
68 11
68 11
67 12
67 13
67 13
67 14
67 15
67 16
67 16
67 17
67 18
66 19
66 20
66 21
66 21
66 22
65 23
65 24
65 25
65 26
64 27
64 28
64 28
64 29
64 30
63 31
63 32
63 33
63 34
63 34
63 35
63 36
63 37
62 38
62 39
62 40
62 41
62 41
62 42
62 43
62 44
61 45
61 46
61 47
61 48
61 48
61 49
61 50
61 51
61 52
61 53
61 54
61 54
61 55
61 56
61 57
60 58
60 59
60 60
60 61
60 61
60 62
60 63
59 64
59 65
59 66
59 67
59 67
59 68
59 69
59 70
59 71
59 72
59 73
59 73
59 74
59 75
59 76
59 77
59 77
59 78
59 79
59 79
59 80
59 81
59 82
59 82
60 83
60 83
60 84
60 85
60 85
61 86
61 87
61 87
62 88
63 89
63 89
64 90
65 90
65 90
66 90
67 90
67 90
68 89
69 89
70 88
70 88
71 88
72 87
73 87
73 87
74 86
75 86
76 85
76 85
77 84
78 84
79 83
79 83
80 82
81 81
82 80
82 80
83 79
84 78
85 77
85 77
86 76
86 75
87 74
87 74
87 73
88 72
88 71
88 71
89 70
89 69
89 69
89 68
89 67
89 66
89 66
89 65
89 64
89 64
89 63
89 63
88 62
88 62
87 62
86 62
86 62
85 62
84 62
83 62
83 62
82 63
81 63
80 64
80 64
79 65
79 66
78 67
78 67
78 68
77 69
77 70
76 71
76 72
76 72
76 73
76 74
75 75
75 76
75 77
75 78
75 78
75 79
75 80
74 81
74 82
74 83
74 84
74 84
74 85
74 86
74 87
74 88
74 89
74 90
74 91
74 91
74 92
75 93
75 94
75 95
75 95
76 96
76 97
77 98
77 99
77 99
78 99
79 100
80 100
80 100
81 100
82 100
83 100
84 100
84 100
85 100
86 99
87 99
88 99
88 99
89 98
90 97
91 97
92 96
92 96
93 95
94 94
95 94
96 93
96 93
97 92
98 91
99 90
100 89
