8 39
8 40
7 41
7 42
7 42
8 41
8 41
8 40
9 39
9 38
9 38
10 37
11 36
12 35
12 35
13 34
14 33
15 32
15 32
16 31
17 30
17 29
18 28
18 28
19 27
20 26
20 25
21 24
21 24
22 23
22 22
23 21
23 20
24 19
24 19
25 18
25 17
26 16
26 15
26 15
27 14
27 13
28 12
28 12
28 11
29 10
29 9
29 8
29 8
29 7
29 6
29 5
29 5
29 4
29 3
29 2
29 2
28 1
28 1
27 0
26 0
26 0
25 1
24 2
24 2
23 3
22 4
22 4
21 5
21 6
20 7
20 8
19 9
19 9
18 10
18 11
17 12
17 13
16 14
16 14
15 15
15 16
14 17
14 18
13 19
13 20
12 21
12 21
12 22
11 23
11 24
10 25
10 26
9 27
9 28
9 28
9 29
9 30
8 31
8 32
8 33
8 34
8 35
7 36
7 37
7 38
7 38
7 39
7 40
6 41
6 42
6 43
6 44
6 45
6 46
5 47
5 48
5 49
5 50
5 50
5 51
5 52
4 53
4 54
4 55
4 56
3 57
3 58
3 59
3 60
2 61
2 62
2 63
2 63
2 64
2 65
2 66
2 67
2 68
1 69
1 70
1 71
1 72
1 73
1 74
1 75
1 75
1 76
1 77
1 78
1 79
1 80
0 81
0 82
0 83
0 84
0 85
0 86
0 86
0 87
0 88
0 89
0 90
0 91
0 92
0 93
0 93
0 94
1 95
1 96
1 97
1 97
2 98
2 99
3 100
3 100
4 100
5 100
6 100
6 100
7 100
8 100
9 100
10 100
10 100
11 99
12 99
13 98
13 98
14 97
15 96
16 96
17 95
17 95
18 94
18 93
19 92
19 91
20 90
20 89
21 88
21 87
22 86
23 85
23 84
24 83
24 82
25 81
25 80
26 79
26 78
27 77
28 76
28 75
29 74
29 73
30 72
30 71
31 70
31 69
32 68
32 68
32 69
32 70
32 71
32 71
31 71
31 71
30 71
30 71
30 71
31 70
31 70
32 69
32 69
33 68
34 67
34 67
35 66
36 65
37 64
37 64
38 63
38 62
39 61
39 60
39 60
40 59
40 58
41 57
41 57
42 56
43 55
43 55
44 54
44 53
44 53
45 52
45 51
45 51
44 50
44 50
43 49
43 49
42 48
42 47
42 47
41 47
40 47
40 47
39 48
38 48
37 49
37 49
36 50
35 50
34 51
34 51
33 52
33 53
32 54
32 55
31 56
31 56
30 57
30 58
29 59
29 60
28 61
28 62
28 62
28 63
27 64
27 65
27 66
26 67
26 68
26 68
26 69
25 70
25 71
25 72
25 72
25 73
26 74
26 75
26 76
26 76
27 77
27 78
27 78
28 79
29 80
29 80
30 80
31 81
32 81
32 81
33 81
34 81
35 81
35 81
36 81
37 80
38 80
39 80
39 80
40 79
41 79
42 78
43 78
43 78
43 77
43 76
43 75
44 74
44 73
44 72
44 71
44 70
44 69
44 68
45 67
45 66
45 65
45 64
45 63
45 62
45 61
45 60
46 59
46 58
46 57
46 56
46 55
46 54
46 53
47 52
47 51
47 50
47 49
47 49
47 49
47 49
47 49
47 49
48 48
48 48
49 47
50 46
50 46
51 45
52 44
53 44
54 43
54 43
55 42
56 42
57 41
57 41
58 41
59 40
60 40
61 39
62 39
62 39
63 38
64 38
65 37
65 37
66 36
67 36
68 35
69 35
69 35
69 34
69 33
70 32
70 31
70 30
70 29
70 28
71 27
71 26
71 25
71 24
71 23
72 22
72 21
72 20
72 19
72 18
73 17
73 16
73 15
73 15
73 14
73 13
73 12
73 12
72 12
72 12
71 13
71 13
70 14
70 15
70 15
69 16
69 17
68 18
68 19
68 19
68 20
67 21
67 22
67 23
66 24
66 25
66 25
66 26
65 27
65 28
65 29
65 30
64 31
64 32
64 32
64 33
64 34
63 35
63 36
63 37
63 38
62 39
62 40
62 41
62 41
62 42
61 43
61 44
61 45
61 46
60 47
60 48
60 49
60 50
59 51
59 52
59 52
59 53
59 54
59 55
59 56
58 57
58 58
58 59
58 60
58 61
58 61
58 62
58 63
58 64
58 65
58 66
58 67
58 68
58 68
58 69
58 70
59 71
59 72
59 73
59 73
60 74
60 75
61 76
61 77
61 77
62 78
63 79
64 80
64 80
65 80
66 81
67 81
67 81
68 81
69 80
70 80
71 80
71 80
72 79
73 79
74 78
75 78
76 77
77 77
77 77
78 76
79 75
80 74
81 74
82 73
83 72
83 72
84 71
85 70
86 69
87 69
88 68
89 67
89 67
90 66
90 65
91 64
91 63
92 62
92 61
92 61
93 60
93 59
94 58
94 57
95 56
95 56
95 55
95 54
95 53
95 53
94 52
94 51
94 51
93 51
93 51
92 51
91 52
90 52
90 52
89 53
88 54
87 55
87 55
86 56
86 57
85 58
85 59
84 60
84 60
83 61
83 62
82 63
82 64
81 65
81 66
81 66
81 67
81 68
80 69
80 70
80 71
80 71
80 72
80 73
80 74
80 75
80 75
81 76
82 77
82 78
83 79
83 79
84 80
85 80
86 81
86 81
87 81
88 82
89 82
90 82
90 82
91 82
92 82
93 82
94 82
95 82
95 82
96 82
97 82
98 81
99 81
100 81
