25 28
25 29
24 30
24 31
24 32
23 33
23 34
23 35
22 36
22 37
22 38
21 39
21 40
21 41
20 42
20 43
20 44
19 45
19 46
19 47
18 48
18 49
18 50
17 51
17 52
17 53
16 54
16 55
16 56
15 57
15 58
15 59
14 60
14 61
14 62
13 63
13 64
13 65
13 66
12 67
12 68
12 69
11 70
11 71
11 72
10 73
10 74
10 75
9 76
9 77
9 78
8 79
8 80
8 81
7 82
7 83
7 84
6 85
6 86
6 87
5 88
5 89
5 90
4 91
4 92
4 93
3 94
3 95
3 96
2 97
2 98
2 98
2 98
2 99
2 99
1 100
1 100
1 100
1 100
1 100
1 100
0 99
0 99
0 98
0 97
0 96
0 95
0 95
0 94
0 93
0 92
0 91
0 90
0 90
0 89
0 88
0 87
0 86
0 85
0 84
0 83
0 82
0 82
0 81
0 80
0 79
0 78
0 77
0 76
0 75
0 74
0 73
0 72
0 71
0 71
0 70
0 69
0 68
0 67
0 66
0 65
1 64
1 63
1 62
1 61
1 60
1 59
1 58
1 58
1 57
2 56
2 55
2 54
2 53
3 52
3 51
3 50
3 49
4 48
4 47
4 46
4 46
4 45
5 44
5 43
5 42
5 41
6 40
6 39
6 38
6 37
7 36
7 35
7 35
7 34
8 33
8 32
8 31
9 30
9 29
10 28
10 27
10 26
11 25
11 24
11 24
12 23
12 22
13 21
13 20
14 19
14 18
15 17
15 16
16 15
16 14
16 14
17 13
17 12
18 11
18 10
19 9
19 8
20 7
20 7
21 6
22 5
22 4
23 3
23 3
24 2
25 1
26 1
27 0
27 0
28 0
29 0
29 0
30 1
30 2
31 3
31 3
31 4
31 5
31 6
31 7
31 7
31 8
31 9
30 10
30 11
30 12
30 13
30 13
30 14
30 15
30 16
29 17
29 18
29 19
29 20
29 20
29 21
28 22
28 23
28 24
27 25
27 26
27 27
26 28
26 29
26 29
26 30
25 31
25 32
24 33
24 34
23 35
23 36
23 36
22 37
22 38
21 39
20 40
20 41
19 42
19 42
18 43
18 44
17 45
17 46
17 46
16 46
15 47
14 47
14 47
13 46
13 46
12 45
12 44
12 44
12 43
12 42
12 42
12 41
13 40
13 39
13 39
14 38
15 37
15 37
16 36
17 36
17 36
17 37
18 38
18 39
18 40
18 41
19 42
19 43
19 44
20 45
20 46
20 47
20 48
21 49
21 50
21 51
21 52
22 53
22 54
22 55
23 56
23 57
23 58
23 59
24 60
24 61
24 62
25 63
25 64
25 65
25 66
26 67
26 68
26 69
27 70
27 71
27 72
27 73
28 74
28 75
28 76
28 77
29 78
29 79
29 80
30 81
30 82
30 83
30 84
31 85
31 86
31 86
31 87
30 88
30 89
29 90
29 91
28 92
28 93
28 93
27 94
26 95
26 95
25 96
25 97
25 97
24 98
24 98
24 98
25 97
25 96
25 96
26 95
26 94
27 93
27 92
27 92
28 91
28 90
29 89
29 88
30 87
30 86
30 86
30 85
31 84
31 83
32 82
32 81
33 80
33 79
33 79
33 78
34 77
34 76
34 75
34 74
35 73
35 72
35 72
35 71
36 70
36 69
36 68
36 67
37 66
37 65
37 65
37 64
38 63
38 62
38 61
39 60
39 59
39 59
39 58
40 57
40 56
40 56
39 55
39 54
39 54
38 53
37 53
37 53
36 54
35 55
35 55
34 56
33 57
33 58
32 59
32 59
32 60
31 61
31 62
30 63
30 64
30 64
30 65
29 66
29 67
28 68
28 69
28 69
28 70
28 71
27 72
27 73
27 74
27 74
27 75
28 76
28 77
28 78
28 78
28 79
29 80
29 81
29 81
30 82
31 82
32 83
32 83
33 83
34 84
35 84
35 84
36 84
37 84
38 84
38 84
39 84
40 83
41 83
42 83
42 83
43 83
44 82
45 82
45 82
45 81
46 80
46 79
46 78
46 77
47 76
47 75
47 74
47 73
48 72
48 71
48 70
48 69
49 68
49 67
49 66
49 65
50 64
50 63
50 62
50 61
51 60
51 59
51 58
51 57
52 56
52 55
52 54
52 53
53 52
53 51
53 50
53 49
54 48
54 47
54 46
54 46
53 45
52 44
52 44
51 43
51 43
50 42
50 42
50 42
50 42
51 42
52 42
52 42
53 42
54 42
54 42
55 42
56 41
57 41
57 41
58 40
59 40
60 39
61 39
61 39
62 39
63 38
64 38
65 38
65 38
66 37
67 37
68 36
68 36
69 35
70 35
70 35
71 35
72 35
72 35
72 34
72 33
72 32
71 31
71 30
71 29
71 28
71 27
71 26
71 25
70 24
70 23
70 22
70 21
70 20
70 19
69 18
69 17
69 16
69 15
69 14
69 13
69 12
68 11
68 10
68 9
68 8
68 8
68 7
69 6
69 5
69 5
69 6
69 7
69 7
69 8
69 9
69 10
69 10
69 11
68 12
68 13
68 14
68 14
68 15
68 16
68 17
68 18
68 19
68 20
68 20
68 21
68 22
68 23
67 24
67 25
67 26
67 27
67 28
67 28
67 29
67 30
66 31
66 32
66 33
66 34
66 35
66 36
65 37
65 38
65 39
65 39
65 40
65 41
65 42
65 43
65 44
64 45
64 46
64 47
64 48
64 49
64 50
64 50
64 51
64 52
64 53
64 54
63 55
63 56
63 57
63 58
63 59
63 60
63 60
63 61
63 62
63 63
63 64
63 65
63 66
63 67
63 68
63 69
63 69
63 70
63 71
64 72
64 73
64 74
64 75
64 75
65 76
66 77
67 78
67 78
68 79
69 79
70 80
70 80
71 80
72 79
73 79
74 79
74 79
75 78
76 77
77 76
77 76
78 75
78 74
79 73
79 72
80 71
80 71
81 70
81 69
82 68
82 67
83 66
83 66
83 65
84 64
84 63
85 62
85 61
85 61
85 60
85 59
86 58
86 57
86 56
86 56
86 55
86 54
86 53
86 53
86 52
86 51
86 50
86 50
85 49
85 48
85 48
84 48
83 48
83 48
82 49
81 49
81 49
81 50
80 51
80 52
80 52
80 53
79 54
79 55
79 56
78 57
78 58
78 58
78 59
78 60
77 61
77 62
77 63
77 64
77 64
77 65
77 66
77 67
77 68
77 69
77 70
77 71
77 71
77 72
77 73
78 74
78 75
78 76
78 77
78 77
79 78
79 79
80 80
80 81
81 82
81 83
81 83
82 84
83 85
84 85
85 86
85 86
86 86
87 86
88 86
89 86
90 86
90 86
91 85
92 85
93 84
94 84
94 84
95 83
96 83
97 82
98 82
99 81
100 81
