18 36
18 37
17 38
17 39
17 40
16 41
16 42
16 43
15 44
15 45
15 46
14 47
14 48
13 49
13 50
13 51
12 52
12 53
12 54
11 55
11 56
11 57
10 58
10 59
10 60
9 61
9 62
9 63
8 64
8 65
8 66
7 67
7 68
7 69
6 70
6 71
5 72
5 73
5 74
4 75
4 76
4 77
3 78
3 79
3 80
2 81
2 82
2 82
2 83
2 84
2 85
1 86
1 87
1 88
1 89
1 89
0 90
0 90
0 90
0 90
0 90
0 89
0 88
0 88
0 87
0 86
0 85
0 84
0 84
0 83
0 82
0 81
0 80
0 79
0 78
0 77
0 76
0 76
0 75
0 74
0 73
0 72
0 71
0 70
0 69
0 68
0 67
0 67
0 66
0 65
1 64
1 63
1 62
1 61
1 60
1 59
2 58
2 57
2 56
2 56
2 55
2 54
3 53
3 52
3 51
3 50
3 49
3 48
4 47
4 46
4 45
4 45
4 44
4 43
5 42
5 41
5 40
5 39
5 38
5 37
6 36
6 35
6 34
6 34
6 33
7 32
7 31
7 30
8 29
8 28
8 27
9 26
9 25
9 25
10 24
10 23
11 22
11 21
12 20
12 19
13 18
13 17
13 17
14 16
14 15
15 14
15 13
16 12
16 11
17 10
17 10
18 9
18 8
19 7
20 6
20 5
21 4
21 4
22 3
23 2
24 2
25 1
25 1
26 1
27 0
28 0
28 0
29 1
29 2
29 2
29 3
30 4
30 5
30 5
30 6
30 7
30 8
30 9
30 9
30 10
29 11
29 12
29 13
28 14
28 15
28 15
28 16
27 17
27 18
27 19
26 20
26 21
26 21
25 22
25 23
24 24
24 25
23 26
23 26
23 27
22 28
22 29
21 30
21 31
21 31
20 32
19 33
19 34
18 35
18 35
17 36
16 36
15 37
14 37
14 37
13 38
12 38
11 39
11 39
10 39
9 40
8 40
8 40
7 39
6 39
6 39
5 39
5 39
5 38
5 38
5 39
6 40
6 41
7 42
7 43
8 44
8 45
9 46
9 47
10 48
10 49
11 50
11 51
12 52
12 53
13 54
13 55
14 56
14 57
15 58
15 59
16 60
16 61
17 62
17 63
18 64
18 65
19 66
19 67
20 68
20 69
21 70
21 71
22 72
22 73
23 74
23 75
24 76
24 77
25 78
25 79
26 80
26 81
27 82
27 83
28 84
28 85
29 86
29 87
29 87
29 87
29 87
28 87
27 88
26 88
26 88
26 89
26 89
26 89
27 88
28 88
28 88
29 87
29 86
29 86
30 85
31 84
31 83
32 82
32 82
33 81
33 80
34 79
34 78
35 77
35 76
35 76
36 75
36 74
37 73
37 72
38 71
38 71
39 70
39 69
40 68
40 67
40 67
40 66
40 65
41 64
41 63
41 62
41 62
42 61
42 60
42 60
41 59
41 58
41 58
40 58
40 58
39 58
38 58
38 58
37 58
36 59
35 59
35 59
34 60
34 61
33 62
33 62
32 63
32 64
31 65
31 66
31 66
31 67
31 68
30 69
30 70
30 71
30 71
30 72
30 73
30 74
30 75
30 76
30 76
30 77
30 78
30 79
30 80
30 81
30 81
30 82
31 83
31 84
31 84
32 85
32 86
33 87
33 87
34 88
35 88
35 88
36 88
37 88
38 88
38 88
39 88
40 87
41 87
42 87
42 87
42 86
43 85
43 84
44 83
44 82
45 81
45 80
46 79
46 78
47 77
47 76
48 75
48 74
49 73
49 72
50 71
50 70
51 69
51 68
52 67
52 66
53 65
53 64
54 63
54 62
55 61
55 60
56 59
56 58
57 57
57 56
58 55
58 54
59 53
59 52
59 52
59 52
58 52
57 52
57 52
57 51
56 50
56 49
56 49
56 49
56 49
57 49
57 49
58 49
59 49
59 49
60 49
61 49
62 49
63 49
63 49
64 49
65 48
66 48
67 48
67 48
68 48
69 48
70 47
71 47
72 47
72 47
73 47
74 47
75 47
75 47
76 47
77 46
78 46
78 46
79 46
80 46
80 46
81 46
81 46
81 45
81 45
80 44
80 43
79 42
79 41
78 40
78 39
77 38
77 37
76 36
76 35
75 34
75 33
74 32
74 31
74 31
74 30
74 29
74 28
75 27
75 26
75 25
75 24
75 24
75 23
75 22
75 22
76 21
76 21
76 21
76 21
75 22
75 23
75 23
75 24
75 25
75 26
75 27
75 27
75 28
74 29
74 30
74 31
73 32
73 33
73 33
73 34
73 35
72 36
72 37
72 38
72 38
72 39
71 40
71 41
70 42
70 43
70 44
69 45
69 46
69 46
69 47
69 48
68 49
68 50
68 51
68 52
67 53
67 54
67 55
67 55
67 56
66 57
66 58
66 59
66 60
65 61
65 62
65 63
65 63
65 64
65 65
65 66
64 67
64 68
64 69
64 70
64 70
64 71
64 72
64 73
64 74
64 75
64 76
64 76
64 77
64 78
64 79
64 80
64 81
64 82
64 83
64 83
64 84
65 85
65 86
65 87
66 88
66 89
66 89
67 90
67 91
68 92
68 93
68 93
69 94
69 95
70 96
70 96
71 97
72 98
73 98
74 99
74 99
75 99
76 99
77 99
77 99
78 99
79 98
80 98
81 98
81 98
82 98
83 97
84 97
84 97
85 96
86 95
87 95
88 94
88 94
89 93
90 92
91 92
92 91
92 91
93 90
94 89
94 88
95 87
95 87
96 86
96 85
97 84
97 83
97 83
97 82
98 81
98 80
98 79
98 79
98 78
99 77
99 76
99 75
99 75
98 74
98 73
98 73
97 72
96 72
96 72
95 72
95 72
94 73
93 73
92 74
92 74
91 75
90 76
89 77
89 77
89 78
88 79
88 80
88 81
88 81
88 82
87 83
87 84
86 85
86 86
86 86
86 87
86 88
86 89
86 90
86 91
86 91
86 92
87 93
87 94
88 95
88 96
88 96
89 97
89 98
90 99
90 99
91 99
92 100
93 100
94 100
94 100
95 100
96 100
97 99
98 99
99 99
100 99
