7 100
6 100
6 100
5 100
5 100
5 99
5 99
4 98
4 97
4 97
4 96
4 95
4 94
4 94
4 93
4 92
3 91
3 90
3 89
3 88
3 88
3 87
3 86
3 85
3 84
3 83
3 82
3 82
3 81
3 80
3 79
3 78
4 77
4 76
4 75
4 74
4 73
4 72
4 72
4 71
4 70
5 69
5 68
5 67
5 66
5 65
5 64
6 63
6 62
6 61
6 61
6 60
6 59
7 58
7 57
7 56
7 55
8 54
8 53
8 52
8 51
9 50
9 49
9 48
9 48
9 47
10 46
10 45
10 44
11 43
11 42
11 41
11 40
12 39
12 38
12 37
13 36
13 35
13 35
13 34
14 33
14 32
14 31
15 30
15 29
16 28
16 27
16 26
17 25
17 24
17 24
18 23
18 22
19 21
19 20
20 19
20 18
21 17
21 16
22 15
22 14
22 14
23 13
23 12
24 11
25 10
25 9
26 8
26 8
27 7
28 6
29 5
30 4
31 3
31 3
32 2
33 1
34 0
34 0
35 0
36 0
37 0
38 0
38 0
39 1
40 2
41 3
41 3
41 4
42 5
42 6
42 7
42 7
42 8
42 9
43 10
43 11
43 12
43 13
43 13
43 14
42 15
42 16
42 17
42 18
41 19
41 20
41 21
41 21
40 22
40 23
39 24
39 25
38 26
38 27
37 28
37 29
37 29
36 30
35 31
35 32
34 33
33 34
32 35
32 36
31 37
31 37
30 38
30 39
29 40
28 41
28 42
27 43
26 44
26 45
25 46
25 46
24 47
23 48
22 49
21 49
20 50
19 51
18 52
18 52
17 53
16 53
15 54
14 55
13 55
12 56
12 56
11 57
10 57
9 58
8 58
7 59
6 59
6 59
5 59
4 60
3 60
2 60
2 60
1 60
0 60
0 60
0 60
1 59
2 58
2 58
2 59
3 60
3 61
4 62
4 63
4 64
5 65
5 66
5 67
6 68
6 69
7 70
7 71
7 72
8 73
8 74
8 75
9 76
9 77
10 78
10 79
10 80
11 81
11 82
11 83
12 84
12 85
13 86
13 87
13 88
14 89
14 90
14 91
15 92
15 93
16 94
16 95
16 95
17 94
18 93
18 93
18 93
19 93
19 93
20 93
20 93
21 94
21 94
22 95
23 95
23 95
24 95
25 94
26 94
26 94
27 93
28 93
29 92
29 92
30 91
31 91
32 90
33 90
33 90
34 89
35 88
35 87
36 86
36 86
37 85
38 84
38 83
39 82
39 82
40 81
40 80
41 79
41 78
42 77
42 76
42 76
43 75
43 74
44 73
44 72
45 71
45 71
45 70
45 69
46 68
46 67
46 66
46 66
47 65
47 64
47 64
46 63
46 63
45 63
45 63
44 64
43 65
43 65
42 66
41 67
40 68
40 68
39 69
39 70
38 71
38 72
37 73
37 73
37 74
36 75
36 76
35 77
35 78
35 78
35 79
35 80
34 81
34 82
34 83
34 83
34 84
33 85
33 86
33 86
33 87
34 88
34 89
34 89
35 90
35 91
35 91
36 92
37 92
37 92
38 92
39 92
40 92
41 92
41 92
41 91
42 90
42 89
43 88
43 87
43 86
44 85
44 84
44 83
45 82
45 81
46 80
46 79
46 78
47 77
47 76
48 75
48 74
48 73
49 72
49 71
49 70
50 69
50 68
51 67
51 66
51 65
52 64
52 63
52 62
53 61
53 60
54 59
54 58
54 58
53 59
53 60
52 61
52 62
52 62
52 62
51 63
51 63
51 63
52 63
53 63
53 63
54 62
55 61
55 61
56 60
57 60
58 59
59 59
59 59
60 58
61 57
62 57
63 56
63 56
64 55
65 54
66 54
67 53
68 52
68 52
69 51
70 50
71 49
72 48
72 48
73 47
74 46
75 45
76 44
76 44
76 43
76 42
76 41
76 40
76 39
76 38
76 37
76 36
76 35
76 34
75 33
75 32
75 31
75 30
75 29
75 28
75 27
75 26
75 25
75 24
75 23
75 23
74 24
73 24
73 24
72 25
72 25
71 26
70 27
70 27
69 28
69 29
68 30
68 31
68 31
68 32
67 33
67 34
67 35
67 36
66 37
66 38
66 38
66 39
65 40
65 41
65 42
65 43
64 44
64 45
64 45
64 46
64 47
64 48
63 49
63 50
63 51
63 52
63 53
63 53
63 54
63 55
63 56
62 57
62 58
62 59
62 60
62 60
62 61
62 62
61 63
61 64
61 65
61 66
61 66
61 67
61 68
61 69
61 70
61 71
61 71
61 72
61 73
62 74
62 75
62 76
62 76
63 77
63 78
64 79
64 80
64 80
65 81
66 82
66 82
67 82
68 83
69 83
69 83
70 83
71 83
72 83
73 83
73 83
74 82
75 82
76 81
77 81
77 81
78 81
79 80
80 80
81 79
82 79
82 79
83 78
84 77
84 76
85 75
85 75
86 74
87 73
88 72
88 72
89 71
89 70
90 69
90 68
90 68
91 67
91 66
92 65
92 65
93 64
93 63
94 62
94 61
94 61
94 60
94 59
94 58
94 57
94 56
94 56
94 55
94 54
94 53
94 52
94 52
94 51
93 50
93 49
93 49
92 48
92 47
92 47
91 46
90 46
90 46
89 47
88 47
88 47
87 48
86 49
85 50
85 50
84 51
83 52
83 53
82 54
82 54
82 55
81 56
81 57
81 58
80 59
80 60
80 60
80 61
80 62
79 63
79 64
79 65
79 66
79 66
79 67
79 68
79 69
79 70
79 71
79 71
79 72
80 73
80 74
80 75
80 75
81 76
82 77
83 78
83 78
84 79
85 79
86 80
87 80
87 80
88 80
89 79
90 79
91 78
92 78
92 78
93 78
94 77
95 77
96 76
97 76
98 76
99 75
100 75
