2 88
2 88
2 89
2 90
2 91
2 92
2 93
2 93
1 94
1 95
1 95
1 96
1 97
1 97
1 98
1 98
1 99
1 99
0 99
0 99
0 98
0 98
0 97
0 96
0 96
0 95
0 94
0 93
0 92
0 92
0 91
0 90
0 89
0 88
0 87
0 86
0 86
0 85
0 84
0 83
1 82
1 81
1 80
1 79
1 78
1 78
1 77
1 76
1 75
1 74
2 73
2 72
2 71
2 70
2 69
2 69
2 68
2 67
3 66
3 65
3 64
3 63
4 62
4 61
4 60
4 60
4 59
4 58
5 57
5 56
5 55
5 54
5 53
6 52
6 51
6 50
6 50
6 49
7 48
7 47
7 46
7 45
8 44
8 43
8 42
8 41
9 40
9 39
9 38
9 38
9 37
9 36
10 35
10 34
10 33
10 32
10 31
10 30
11 29
11 28
11 27
11 27
11 26
12 25
12 24
12 23
13 22
13 21
13 20
13 19
14 18
14 17
14 17
14 16
15 15
15 14
16 13
16 12
17 11
17 10
17 10
17 9
18 8
18 7
19 6
19 5
19 5
20 4
20 3
21 2
21 2
22 1
23 0
23 0
24 1
24 1
25 2
25 3
25 3
25 4
25 5
25 6
25 6
25 7
25 8
25 9
25 10
25 10
25 11
25 12
25 13
25 14
25 15
25 15
25 16
25 17
24 18
24 19
24 20
24 21
24 21
24 22
24 23
23 24
23 25
23 26
23 26
23 27
22 28
22 29
22 30
21 31
21 32
21 32
21 33
20 34
20 35
20 36
20 36
19 37
19 38
18 39
18 39
17 40
17 41
17 41
16 42
15 42
15 42
14 43
13 43
13 43
12 43
12 43
12 43
12 43
13 42
13 42
13 43
14 44
14 45
14 46
15 47
15 48
16 49
16 50
16 51
17 52
17 53
17 54
18 55
18 56
19 57
19 58
19 59
20 60
20 61
20 62
21 63
21 64
21 65
22 66
22 67
23 68
23 69
23 70
24 71
24 72
24 73
25 74
25 75
25 76
26 77
26 78
27 79
27 80
27 81
28 82
28 83
28 84
29 85
29 86
30 87
30 88
30 89
31 90
31 91
31 91
31 92
31 93
30 94
30 95
30 96
30 96
29 97
29 98
29 98
29 99
29 100
29 100
30 100
30 100
31 99
32 99
32 99
33 98
33 97
34 96
34 96
35 95
35 94
36 93
36 92
37 91
37 90
37 90
37 89
38 88
38 87
39 86
39 85
40 84
40 83
40 83
40 82
41 81
41 80
42 79
42 78
43 77
43 76
43 76
43 75
44 74
44 73
44 72
45 71
45 70
45 70
45 69
45 68
46 67
46 66
46 65
46 65
46 64
46 63
46 62
46 62
45 61
45 61
44 60
44 59
44 59
43 59
42 59
41 59
41 59
40 60
39 60
39 60
38 61
37 62
37 62
37 63
36 64
36 65
36 66
36 66
36 67
35 68
35 69
35 70
35 70
35 71
35 72
35 73
35 74
35 75
35 76
35 76
35 77
35 78
35 79
35 80
35 81
35 82
35 83
35 83
36 84
36 85
37 86
37 87
37 87
38 88
38 89
39 90
39 90
40 91
41 91
41 91
42 91
43 91
44 91
44 91
45 90
46 90
47 89
47 89
47 88
48 87
48 86
48 85
49 84
49 83
49 82
50 81
50 80
51 79
51 78
51 77
52 76
52 75
52 74
53 73
53 72
53 71
54 70
54 69
54 68
55 67
55 66
56 65
56 64
56 63
57 62
57 61
57 60
58 59
58 58
58 57
59 56
59 55
59 54
60 53
60 52
61 51
61 50
61 49
62 48
62 47
62 46
63 45
63 44
63 44
63 44
62 45
61 46
60 47
60 47
59 47
58 47
58 47
58 47
58 46
58 46
59 46
60 46
60 46
61 45
62 44
62 44
63 43
64 43
65 42
66 42
66 42
67 41
68 40
69 40
70 39
70 39
71 39
72 38
73 38
73 38
74 37
75 36
76 35
76 35
76 34
76 33
75 32
75 31
75 30
75 29
74 28
74 27
74 26
74 25
73 24
73 23
73 22
73 22
73 21
73 20
73 19
73 18
73 17
73 16
73 15
73 15
73 15
73 15
73 16
73 17
73 17
73 18
73 19
73 20
73 20
73 21
73 22
72 23
72 24
72 25
72 25
72 26
72 27
72 28
72 29
72 30
72 31
72 32
72 32
72 33
71 34
71 35
71 36
71 37
70 38
70 39
70 40
70 40
70 41
70 42
70 43
70 44
69 45
69 46
69 47
69 48
69 49
69 50
69 50
69 51
69 52
68 53
68 54
68 55
68 56
68 57
67 58
67 59
67 60
67 60
67 61
67 62
67 63
67 64
66 65
66 66
66 67
66 68
66 69
66 69
66 70
66 71
66 72
66 73
66 74
66 75
66 76
66 77
66 77
66 78
66 79
66 80
67 81
67 82
67 83
67 84
67 85
67 85
68 86
68 87
69 88
69 89
69 89
70 90
70 91
71 92
71 92
72 92
73 93
74 93
74 93
75 92
76 92
77 91
78 91
78 91
79 90
80 89
81 89
82 88
82 88
83 87
84 86
84 85
85 84
85 84
86 83
86 82
87 81
87 80
88 79
88 79
88 78
89 77
89 76
89 75
90 74
90 73
90 73
90 72
90 71
91 70
91 69
91 68
91 68
91 67
91 66
91 65
91 64
91 63
91 63
91 62
91 61
91 60
91 59
91 59
90 58
90 57
89 56
89 56
88 55
87 55
87 55
86 55
86 55
85 56
84 56
84 56
84 57
83 58
83 59
83 60
83 60
83 61
82 62
82 63
82 64
82 64
82 65
82 66
82 67
81 68
81 69
81 70
81 71
81 72
81 72
81 73
81 74
81 75
82 76
82 77
82 78
82 79
82 79
82 80
82 81
82 82
82 83
82 84
82 85
82 86
82 87
82 87
82 88
83 89
83 90
83 91
84 92
84 93
84 93
85 94
85 95
86 96
86 96
87 96
88 97
89 97
90 97
90 97
91 96
92 96
93 95
94 95
95 94
95 94
96 93
97 92
98 91
98 90
99 89
100 88
