3 85
3 86
3 87
3 87
2 88
2 89
2 89
1 90
1 91
1 91
1 92
1 93
1 93
1 94
1 95
1 96
1 96
1 97
1 98
1 98
1 99
1 100
1 100
1 100
0 100
0 100
0 100
0 99
0 99
0 98
0 97
0 96
0 95
0 95
0 94
0 93
0 92
0 91
0 90
0 89
0 89
0 88
0 87
0 86
0 85
0 84
0 83
0 82
0 81
0 81
0 80
0 79
0 78
0 77
1 76
1 75
1 74
1 73
1 72
1 72
1 71
1 70
1 69
1 68
2 67
2 66
2 65
2 64
2 63
2 63
2 62
3 61
3 60
3 59
4 58
4 57
4 56
5 55
5 54
5 54
5 53
5 52
5 51
6 50
6 49
6 48
6 47
6 46
6 45
6 44
6 43
7 42
7 41
7 40
7 39
7 39
7 38
8 37
8 36
9 35
9 34
10 33
10 32
10 31
11 30
11 29
12 28
12 27
12 27
12 26
13 25
13 24
13 23
14 22
14 21
15 20
15 19
15 18
16 17
16 16
16 16
17 15
17 14
18 13
18 12
19 11
19 10
20 9
20 8
21 7
21 7
22 6
23 5
24 4
25 3
25 3
26 2
27 1
28 0
28 0
29 0
30 1
31 1
31 1
32 2
33 3
33 3
33 4
33 5
33 6
33 7
33 7
33 8
33 9
33 10
33 11
33 12
33 13
33 13
33 14
32 15
32 16
32 17
31 18
31 19
31 19
31 20
30 21
30 22
29 23
29 24
29 24
28 25
28 26
27 27
27 28
27 28
26 29
25 30
24 31
23 32
23 32
22 33
21 34
20 35
20 35
19 36
18 36
17 37
17 37
16 37
15 37
14 37
14 37
13 37
12 36
11 36
11 36
10 35
9 34
9 34
8 33
8 33
9 32
9 31
9 31
10 30
10 29
10 29
10 30
10 31
11 32
11 33
11 34
11 35
12 36
12 37
12 38
12 39
12 40
13 41
13 42
13 43
13 44
14 45
14 46
14 47
14 48
14 49
15 50
15 51
15 52
15 53
16 54
16 55
16 56
16 57
16 58
17 59
17 60
17 61
17 62
18 63
18 64
18 65
18 66
18 67
19 68
19 69
19 70
19 71
19 72
20 73
20 74
20 75
20 76
21 77
21 78
21 79
21 80
21 81
22 82
22 83
22 84
22 85
23 86
23 87
23 88
23 89
23 90
24 91
24 92
24 93
24 94
25 95
25 96
25 97
25 97
25 97
24 96
24 95
23 94
23 94
23 95
23 95
23 95
24 94
24 94
25 93
26 92
27 91
27 91
28 90
28 89
29 88
29 87
30 86
30 86
31 85
31 84
32 83
33 82
33 81
34 80
34 80
34 79
35 78
35 77
36 76
36 75
37 74
37 73
37 73
38 72
38 71
39 70
39 69
40 68
40 67
40 67
40 66
41 65
41 64
41 63
42 62
42 61
42 61
42 60
43 59
43 58
43 57
43 57
42 56
42 55
42 55
41 54
40 54
40 54
39 54
38 55
37 55
37 55
36 56
35 57
34 58
34 58
33 59
33 60
32 61
32 62
31 63
31 63
31 64
30 65
30 66
30 67
30 68
29 69
29 70
29 70
29 71
29 72
29 73
29 74
29 75
29 75
29 76
29 77
29 78
29 79
29 80
29 80
30 81
31 82
31 82
32 83
33 84
33 84
34 84
35 84
36 84
37 84
37 84
38 84
39 83
40 83
40 83
41 83
42 82
43 82
44 82
44 82
45 81
46 81
46 81
46 80
47 79
47 78
48 77
48 76
49 75
49 74
49 73
50 72
50 71
51 70
51 69
51 68
52 67
52 66
53 65
53 64
54 63
54 62
54 61
55 60
55 59
56 58
56 57
56 56
57 55
57 54
58 53
58 52
59 51
59 50
59 50
58 50
57 51
56 51
55 51
55 51
54 51
53 51
53 51
52 51
52 51
52 51
52 51
53 51
54 51
54 51
55 51
56 50
57 50
58 50
58 50
59 50
60 50
61 49
62 49
63 49
63 49
64 49
65 49
66 48
67 48
68 48
68 48
69 48
70 47
71 47
72 47
72 47
73 46
74 46
75 45
76 45
76 45
77 45
78 44
79 44
79 44
80 43
80 43
80 42
80 42
80 41
80 40
80 40
79 39
79 38
78 37
77 36
77 35
76 34
76 33
75 32
74 31
74 30
73 29
73 29
73 28
73 27
72 26
72 25
72 24
72 23
72 23
72 22
72 22
72 23
72 23
72 24
71 25
71 26
71 26
71 27
71 28
71 29
71 30
71 31
71 31
71 32
71 33
70 34
70 35
70 36
70 37
70 37
70 38
70 39
70 40
70 41
69 42
69 43
69 44
69 45
69 46
69 46
69 47
69 48
68 49
68 50
68 51
68 52
67 53
67 54
67 55
67 55
67 56
67 57
67 58
67 59
66 60
66 61
66 62
66 63
66 64
66 64
66 65
66 66
66 67
66 68
66 69
66 70
66 71
66 71
66 72
66 73
66 74
66 75
66 76
66 77
66 78
66 79
66 79
67 80
67 81
68 82
68 83
68 83
69 84
70 84
71 85
71 85
72 85
73 86
74 86
75 86
75 86
76 86
77 85
78 85
79 85
80 84
81 84
81 84
82 83
83 83
84 82
85 82
86 81
86 81
87 80
88 80
89 79
90 79
91 78
91 78
92 77
93 76
94 76
95 75
95 75
96 74
96 73
97 72
97 71
97 71
97 70
97 69
98 68
98 67
98 66
98 66
98 65
97 64
97 63
97 63
97 62
96 61
96 60
96 59
96 59
95 58
94 57
94 57
93 57
92 57
92 57
91 58
90 58
89 59
89 59
89 60
88 61
88 62
87 63
87 64
87 64
87 65
86 66
86 67
86 68
85 69
85 70
85 70
85 71
85 72
85 73
84 74
84 75
84 76
84 77
84 78
84 78
84 79
84 80
84 81
83 82
83 83
83 84
83 85
83 85
83 86
83 87
83 88
83 89
83 90
83 91
83 91
84 92
84 93
85 94
85 95
85 95
86 96
87 97
87 97
88 97
89 97
90 97
91 97
91 97
92 96
93 96
94 95
95 95
95 95
96 94
97 94
98 93
99 93
100 92
