2 91
2 92
2 93
2 94
2 95
2 95
2 96
1 97
1 98
1 98
1 99
1 100
1 100
0 100
0 100
0 100
0 99
0 99
0 98
0 97
0 96
0 95
0 95
0 94
0 93
0 92
0 91
0 90
0 89
0 89
0 88
0 87
0 86
1 85
1 84
1 83
1 82
1 82
1 81
1 80
1 79
1 78
1 77
2 76
2 75
2 74
2 73
2 72
2 71
2 71
2 70
2 69
2 68
3 67
3 66
3 65
3 64
3 63
3 62
4 61
4 60
4 59
4 58
4 58
4 57
4 56
5 55
5 54
5 53
5 52
6 51
6 50
6 49
6 48
7 47
7 46
7 45
7 45
7 44
8 43
8 42
8 41
8 40
9 39
9 38
9 37
9 36
10 35
10 34
10 34
10 33
11 32
11 31
12 30
12 29
12 28
13 27
13 26
14 25
14 24
14 24
14 23
15 22
15 21
15 20
16 19
16 18
16 17
16 16
17 15
17 14
17 14
18 13
18 12
19 11
20 10
20 9
21 8
21 8
22 7
22 6
23 5
23 4
24 3
24 3
25 2
26 1
27 0
27 0
28 1
29 1
29 1
29 2
30 3
30 4
30 4
31 5
31 6
32 7
32 8
32 8
32 9
32 10
32 11
32 12
32 13
32 13
32 14
31 15
31 16
30 17
30 18
30 18
30 19
29 20
29 21
29 22
29 23
28 24
28 25
28 25
28 26
27 27
27 28
27 29
26 30
26 31
26 31
25 32
25 33
24 34
24 35
23 36
23 36
22 37
21 38
21 39
20 40
20 40
19 41
18 41
17 42
17 42
16 43
15 43
14 44
14 44
13 44
12 44
12 44
11 43
11 43
10 42
10 42
11 41
11 41
12 40
13 39
13 39
13 40
14 41
14 42
14 43
15 44
15 45
15 46
16 47
16 48
16 49
16 50
17 51
17 52
17 53
18 54
18 55
18 56
19 57
19 58
19 59
20 60
20 61
20 62
21 63
21 64
21 65
21 66
22 67
22 68
22 69
23 70
23 71
23 72
24 73
24 74
24 75
25 76
25 77
25 78
26 79
26 80
26 81
26 82
27 83
27 84
27 85
28 86
28 87
28 88
29 89
29 90
29 90
28 90
27 90
27 90
26 91
25 91
25 91
24 92
24 92
23 92
23 92
24 91
24 91
25 90
26 90
26 90
27 89
27 88
28 87
28 86
29 85
29 85
30 84
30 83
31 82
31 81
32 80
32 79
33 78
33 78
33 77
34 76
34 75
34 74
35 73
35 72
35 71
36 70
36 69
36 69
37 68
37 67
38 66
38 65
39 64
39 63
39 63
39 62
40 61
40 60
41 59
41 58
41 58
41 57
41 56
41 55
41 54
41 54
41 53
41 52
41 52
40 52
39 52
39 52
38 53
37 53
36 54
36 54
36 55
35 56
35 57
34 58
34 59
34 59
33 60
33 61
32 62
32 63
31 64
31 65
31 65
31 66
30 67
30 68
30 69
30 70
29 71
29 72
29 73
29 73
29 74
29 75
29 76
29 77
29 78
29 79
29 80
29 81
29 81
29 82
30 83
30 84
30 85
30 85
31 86
32 87
32 87
33 87
34 87
35 87
35 87
36 87
37 86
38 86
39 85
40 85
40 85
41 84
42 83
43 83
44 82
44 82
44 81
45 80
45 79
46 78
46 77
46 76
47 75
47 74
48 73
48 72
49 71
49 70
49 69
50 68
50 67
51 66
51 65
51 64
52 63
52 62
53 61
53 60
54 59
54 58
54 57
55 56
55 55
56 54
56 53
56 53
55 54
54 54
53 55
52 55
52 55
51 55
51 55
50 54
50 54
50 53
50 53
51 53
51 53
52 52
53 52
54 51
54 51
55 50
56 50
57 49
58 49
58 49
59 49
60 48
61 48
62 47
63 47
63 47
64 47
65 46
66 46
67 45
68 45
68 45
69 45
70 44
71 44
71 44
72 44
73 44
74 44
74 44
75 44
75 44
76 44
76 44
76 43
75 42
75 41
74 40
74 39
74 38
73 37
73 36
72 35
72 34
71 33
71 32
71 31
70 30
70 29
69 28
69 27
69 27
69 27
69 27
69 28
69 29
69 29
69 30
69 31
69 32
69 33
69 33
69 34
68 35
68 36
68 37
68 37
68 38
68 39
67 40
67 41
67 42
67 43
67 43
67 44
67 45
67 46
66 47
66 48
66 49
66 50
66 50
66 51
65 52
65 53
65 54
65 55
64 56
64 57
64 58
64 58
64 59
64 60
64 61
64 62
64 63
64 64
64 65
64 66
64 66
64 67
64 68
64 69
63 70
63 71
63 72
63 73
63 74
63 74
63 75
63 76
63 77
64 78
64 79
64 80
64 81
64 81
64 82
64 83
65 84
65 85
65 86
65 86
66 87
67 88
68 89
68 89
69 89
70 90
71 90
72 90
72 90
73 89
74 89
75 88
76 88
76 88
77 87
78 87
79 86
80 86
81 85
81 85
82 84
83 83
84 83
85 82
85 82
86 81
86 80
87 79
87 78
88 77
88 77
89 76
89 75
90 74
90 73
91 72
91 72
91 71
92 70
92 69
92 68
92 68
92 67
92 66
92 65
92 64
92 64
92 63
92 62
92 62
92 61
91 60
91 59
91 59
90 58
89 58
89 58
88 59
88 60
88 60
87 61
86 62
85 63
85 63
85 64
84 65
84 66
84 67
84 68
83 69
83 70
83 70
83 71
83 72
82 73
82 74
82 75
82 76
82 76
82 77
82 78
82 79
81 80
81 81
81 82
81 83
81 83
81 84
82 85
82 86
82 87
82 87
83 88
84 88
85 89
85 89
86 89
87 89
88 89
88 89
89 89
90 88
91 88
92 87
93 87
93 87
94 86
95 86
96 85
97 84
98 83
99 83
100 82
