1 97
0 98
0 99
0 99
0 99
0 98
0 98
0 97
0 97
0 96
0 95
0 95
0 94
0 93
0 92
0 91
0 90
0 89
0 89
0 88
0 87
1 86
1 85
1 84
1 83
1 83
1 82
1 81
1 80
1 79
2 78
2 77
2 76
2 75
2 74
2 73
2 73
2 72
2 71
2 70
3 69
3 68
3 67
3 66
3 65
3 64
4 63
4 62
4 61
4 60
4 60
4 59
4 58
5 57
5 56
5 55
5 54
6 53
6 52
6 51
6 50
7 49
7 48
7 47
7 47
7 46
8 45
8 44
8 43
9 42
9 41
9 40
9 39
10 38
10 37
10 36
11 35
11 34
11 34
11 33
12 32
12 31
12 30
12 29
13 28
13 27
13 26
13 25
14 24
14 23
14 23
14 22
15 21
15 20
15 19
16 18
16 17
16 16
16 15
17 14
17 13
17 13
18 12
18 11
19 10
19 9
20 8
20 7
20 7
21 6
22 5
22 4
23 3
23 3
24 2
24 1
25 0
25 0
26 1
27 1
27 1
28 2
28 3
29 4
29 5
29 5
29 6
29 7
30 8
30 9
30 10
30 11
30 11
30 12
30 13
30 14
30 15
30 16
30 17
30 18
30 19
30 20
30 20
30 21
30 22
29 23
29 24
29 25
29 26
28 27
28 28
28 29
28 29
28 30
28 31
27 32
27 33
27 34
27 35
26 36
26 37
26 38
26 38
25 39
25 40
24 41
24 42
23 43
23 44
22 45
22 45
21 46
20 47
20 48
19 49
18 50
18 50
17 51
16 52
16 53
15 54
14 55
14 55
13 56
12 57
11 57
10 58
10 58
9 58
8 59
7 59
7 59
6 59
5 58
4 58
4 58
3 57
3 56
3 56
2 55
2 55
3 55
4 55
4 55
5 56
5 57
6 58
6 59
7 60
7 61
8 62
9 63
9 64
10 65
10 66
11 67
11 68
12 69
13 70
13 71
14 72
14 73
15 74
15 75
16 76
16 77
17 78
18 79
18 80
19 81
19 82
20 83
20 84
21 85
22 86
22 87
23 88
23 89
24 90
24 91
25 92
25 92
25 92
25 93
25 93
24 94
24 94
24 95
24 95
24 96
24 97
24 97
25 97
25 97
26 96
27 96
27 96
28 95
29 95
29 95
30 94
31 94
32 93
32 93
33 92
34 91
34 90
35 89
35 89
36 88
36 87
37 86
37 85
38 84
38 83
38 83
38 82
39 81
39 80
39 79
39 79
39 78
40 77
40 76
40 76
40 75
40 75
40 74
40 73
40 73
39 73
39 73
38 74
37 74
37 74
37 75
36 76
36 77
36 77
35 78
34 79
33 80
33 80
33 81
33 82
32 83
32 84
32 85
32 85
32 86
32 87
32 88
32 89
32 89
32 90
32 91
32 92
32 93
32 93
32 94
32 95
32 96
32 97
32 97
33 98
34 99
34 99
35 100
36 100
36 100
37 100
38 100
38 100
39 100
40 100
41 100
41 100
42 99
43 98
44 97
44 97
44 96
44 95
44 94
45 93
45 92
45 91
45 90
45 89
45 88
45 87
46 86
46 85
46 84
46 83
46 82
46 81
46 80
47 79
47 78
47 77
47 76
47 75
47 74
47 73
48 72
48 71
48 70
48 69
48 69
47 70
46 70
46 70
46 71
46 71
46 71
47 71
47 71
48 70
49 70
49 70
50 69
51 69
52 68
52 68
53 67
54 66
55 65
56 64
56 64
57 63
58 62
59 62
60 61
60 61
61 60
62 59
62 58
63 57
63 57
64 56
65 55
65 54
66 53
66 53
66 52
67 51
67 50
67 49
67 48
68 47
68 46
68 45
68 44
69 43
69 42
69 41
69 41
68 40
68 39
67 38
67 37
67 37
66 36
66 35
66 35
65 35
65 35
64 35
64 35
63 36
63 37
63 37
62 38
62 39
61 40
61 40
61 41
60 42
60 43
60 44
60 44
60 45
60 46
59 47
59 48
59 49
59 49
59 50
59 51
59 52
58 53
58 54
58 55
58 56
58 56
58 57
58 58
58 59
57 60
57 61
57 62
57 63
57 63
57 64
57 65
56 66
56 67
56 68
56 69
56 69
56 70
56 71
56 72
56 73
56 74
56 75
56 75
56 76
56 77
56 78
56 79
56 80
56 80
56 81
57 82
57 83
58 84
58 85
58 85
58 86
59 87
59 88
59 89
59 89
60 90
61 90
62 91
62 91
63 92
64 92
65 93
65 93
66 93
67 93
68 93
69 93
69 93
70 93
71 92
72 92
73 92
73 92
74 92
75 91
76 91
76 91
77 90
78 90
79 89
79 89
80 88
81 88
82 87
82 87
83 86
84 85
85 84
85 84
85 83
86 82
86 81
86 80
86 80
86 79
87 78
87 77
87 76
87 76
87 75
87 74
87 73
87 73
87 72
87 71
87 71
86 70
86 69
86 69
85 68
84 68
84 68
83 68
82 68
82 68
81 69
80 70
80 70
79 71
78 71
77 72
77 72
76 73
75 74
75 75
74 76
74 76
74 77
73 78
73 79
72 80
72 81
72 81
72 82
72 83
71 84
71 85
71 86
71 86
71 87
70 88
70 89
70 90
70 90
70 91
71 92
71 93
71 93
72 94
72 95
73 96
73 96
74 97
75 97
76 98
76 98
77 98
78 98
79 97
80 97
81 97
81 97
82 97
83 97
84 96
85 96
86 96
87 96
87 96
88 95
89 95
90 94
91 93
92 93
93 92
93 92
94 91
95 91
96 90
97 90
98 89
99 89
100 88
