3 95
2 96
2 97
1 98
1 99
1 99
1 100
1 100
0 100
0 100
0 100
0 99
0 98
0 97
0 97
0 96
0 95
0 94
0 93
0 93
0 92
0 91
0 90
0 89
0 88
0 87
0 86
0 86
0 85
0 84
1 83
1 82
1 81
1 80
1 79
2 78
2 77
2 76
2 76
2 75
2 74
2 73
3 72
3 71
3 70
3 69
3 68
3 67
4 66
4 65
4 64
4 63
4 63
4 62
5 61
5 60
5 59
5 58
6 57
6 56
6 55
6 54
7 53
7 52
7 51
7 50
8 49
8 48
8 48
8 47
8 46
9 45
9 44
9 43
9 42
9 41
10 40
10 39
10 38
10 37
10 36
11 35
11 34
11 33
11 33
11 32
12 31
12 30
12 29
13 28
13 27
13 26
14 25
14 24
14 23
15 22
15 21
15 20
16 19
16 18
16 18
16 17
17 16
17 15
18 14
18 13
19 12
19 11
20 10
20 9
20 9
21 8
22 7
22 6
23 5
24 4
24 4
25 3
26 2
26 1
27 0
27 0
28 0
29 1
30 1
30 1
31 2
32 3
33 4
33 4
33 5
34 6
34 7
35 8
35 9
35 9
35 10
35 11
36 12
36 13
36 14
36 14
36 15
36 16
36 17
35 18
35 19
35 20
35 21
35 21
35 22
34 23
34 24
34 25
34 26
33 27
33 28
33 28
32 29
32 30
31 31
31 32
30 33
30 34
29 35
29 35
28 36
27 37
26 38
26 39
25 40
24 41
24 41
23 42
22 43
21 44
20 45
19 46
18 47
18 47
17 48
16 48
15 49
14 49
13 50
13 50
12 50
11 51
10 51
9 52
8 52
8 52
7 52
6 52
5 52
4 52
4 52
3 51
2 51
2 51
2 51
2 51
3 52
3 53
4 54
5 55
5 56
6 57
6 58
7 59
8 60
8 61
9 62
10 63
10 64
11 65
12 66
12 67
13 68
14 69
14 70
15 71
15 72
16 73
17 74
17 75
18 76
19 77
19 78
20 79
21 80
21 81
22 82
22 83
23 84
24 85
24 86
25 87
25 87
26 87
27 87
27 87
27 88
27 88
28 89
28 90
28 90
29 91
29 91
30 91
31 90
32 90
32 90
33 89
34 89
34 89
35 88
36 87
36 86
37 85
38 84
38 84
39 83
39 82
40 81
41 80
41 79
42 78
42 78
43 77
43 76
44 75
45 74
46 73
46 72
47 71
47 71
47 70
48 69
48 68
49 67
49 66
49 65
50 64
50 63
50 63
50 62
51 61
51 60
52 59
52 58
53 57
53 56
53 56
54 55
54 54
55 53
55 52
55 52
56 51
56 50
56 50
55 49
55 49
54 50
53 51
53 51
52 52
52 53
51 54
51 54
50 55
50 56
49 57
49 58
48 59
48 60
48 60
47 61
47 62
46 63
45 64
45 65
44 66
44 66
44 67
43 68
43 69
43 70
43 71
42 72
42 73
42 73
42 74
42 75
41 76
41 77
41 78
41 78
41 79
41 80
41 81
41 81
42 82
42 83
42 83
43 84
44 84
44 84
44 83
45 82
45 81
45 80
46 79
46 78
46 77
46 76
47 75
47 74
47 73
48 72
48 71
48 70
49 69
49 68
49 67
50 66
50 65
50 64
50 63
51 62
51 61
51 60
52 59
52 58
52 58
52 57
52 56
52 55
52 54
52 54
51 53
51 52
51 52
52 51
52 51
53 51
53 51
54 50
55 50
55 50
56 49
57 49
57 49
58 49
59 48
60 48
61 48
61 48
62 48
63 47
64 47
65 46
66 46
66 46
67 46
68 45
69 45
70 44
71 44
71 44
72 43
73 43
74 42
75 42
75 42
76 41
77 41
78 40
79 40
79 40
79 39
79 38
79 37
79 36
79 35
79 34
79 33
79 32
79 31
80 30
80 29
80 28
80 27
80 26
80 25
80 24
80 23
80 22
80 21
80 21
79 22
78 23
78 24
77 25
77 25
76 26
76 27
75 28
75 28
75 29
74 30
74 31
73 32
73 33
72 34
72 35
72 35
72 36
71 37
71 38
71 39
71 40
70 41
70 42
70 43
70 43
70 44
69 45
69 46
68 47
68 48
68 49
67 50
67 51
67 51
67 52
67 53
67 54
66 55
66 56
66 57
66 58
66 59
66 59
66 60
66 61
66 62
66 63
66 64
66 65
66 66
66 66
66 67
66 68
66 69
66 70
66 71
66 72
66 73
66 73
66 74
66 75
67 76
67 77
67 78
67 79
67 79
68 80
68 81
69 82
69 82
70 83
71 84
71 84
72 85
73 85
74 86
74 86
75 85
76 85
77 84
78 84
78 84
79 84
80 83
81 83
82 82
83 82
83 82
84 81
85 80
86 79
87 78
87 78
88 77
89 76
90 76
91 75
91 75
92 74
93 73
93 72
94 71
94 71
95 70
95 69
96 68
96 67
97 66
97 66
97 65
98 64
98 63
99 62
99 61
99 61
99 60
99 59
100 58
100 57
100 56
100 56
100 55
100 54
100 53
100 52
100 52
99 51
99 50
98 49
98 49
97 48
97 47
97 47
96 47
95 46
94 46
94 46
93 46
92 47
91 47
91 47
90 48
89 48
88 49
87 49
87 49
86 50
86 51
85 52
84 53
84 54
83 55
83 55
83 56
82 57
82 58
81 59
81 60
80 61
80 62
80 62
80 63
80 64
79 65
79 66
79 67
79 68
78 69
78 70
78 71
78 71
78 72
78 73
78 74
77 75
77 76
77 77
77 78
77 79
77 79
77 80
78 81
78 82
78 83
78 84
79 85
79 86
79 86
80 87
81 88
82 89
82 89
83 89
84 89
85 89
86 89
87 89
87 89
88 89
89 89
90 89
91 88
92 88
93 88
94 88
