2 94
2 95
2 96
2 97
2 98
2 98
2 98
2 98
1 99
1 99
1 99
1 99
1 99
0 98
0 97
0 97
0 96
0 95
0 95
0 94
0 93
0 92
0 91
0 91
0 90
0 89
0 88
0 87
0 86
0 85
0 85
0 84
0 83
0 82
0 81
0 80
0 79
0 78
0 78
0 77
0 76
0 75
0 74
0 73
0 72
0 71
0 70
0 70
0 69
0 68
1 67
1 66
1 65
1 64
2 63
2 62
2 61
2 61
2 60
2 59
2 58
2 57
3 56
3 55
3 54
3 53
3 52
3 51
3 51
3 50
4 49
4 48
4 47
5 46
5 45
5 44
5 43
6 42
6 41
6 41
6 40
7 39
7 38
7 37
8 36
8 35
8 34
8 33
9 32
9 31
9 31
9 30
10 29
10 28
10 27
11 26
11 25
11 24
12 23
12 22
12 22
12 21
13 20
13 19
14 18
14 17
14 16
15 15
15 14
15 14
15 13
16 12
16 11
17 10
17 9
18 8
18 7
18 7
19 6
20 5
20 4
21 3
21 3
22 2
23 1
23 1
24 1
25 0
26 0
26 0
27 1
27 1
27 2
28 3
28 4
28 4
28 5
28 6
28 7
28 7
28 8
27 9
27 10
27 11
27 11
27 12
26 13
26 14
25 15
25 16
25 16
24 17
24 18
23 19
23 20
22 21
22 21
22 22
21 23
21 24
20 25
20 26
20 26
19 27
19 28
18 29
18 29
17 30
17 31
16 32
16 32
15 33
14 33
13 34
13 34
12 35
11 35
11 35
10 35
10 35
10 34
10 34
11 33
11 33
11 34
11 35
12 36
12 37
12 38
12 39
12 40
12 41
13 42
13 43
13 44
13 45
13 46
14 47
14 48
14 49
14 50
14 51
15 52
15 53
15 54
15 55
15 56
15 57
16 58
16 59
16 60
16 61
16 62
17 63
17 64
17 65
17 66
17 67
17 68
18 69
18 70
18 71
18 72
18 73
19 74
19 75
19 76
19 77
19 78
19 79
20 80
20 81
20 82
20 83
20 84
21 85
21 86
21 87
21 88
21 89
22 90
22 91
22 92
22 93
22 94
22 95
23 96
23 97
23 98
23 98
24 99
24 100
24 100
23 99
23 99
23 98
23 98
23 98
24 97
24 97
25 96
25 96
26 95
27 94
27 94
28 93
28 92
29 91
29 90
29 90
30 89
31 88
31 87
32 86
32 86
33 85
33 84
34 83
34 82
34 82
34 81
35 80
35 79
35 78
35 78
35 77
36 76
36 75
36 75
36 74
36 73
36 73
35 72
35 71
35 71
34 70
34 70
33 69
32 69
32 69
31 70
31 70
30 71
30 72
29 73
29 73
29 74
28 75
28 76
28 76
28 77
27 78
27 79
27 79
27 80
27 81
27 82
27 83
27 83
28 84
28 85
28 85
29 86
29 87
30 88
30 88
31 89
32 89
32 89
33 89
34 89
35 89
35 89
36 89
37 88
38 88
38 88
39 87
39 86
40 85
40 84
41 83
41 82
42 81
42 80
43 79
44 78
44 77
45 76
45 75
46 74
46 73
47 72
47 71
48 70
48 69
49 68
50 67
50 66
51 65
51 64
52 63
52 62
53 61
53 60
54 59
54 59
53 59
52 59
52 59
51 58
51 58
51 58
51 58
52 58
52 58
53 58
54 58
54 58
55 58
56 57
57 57
57 57
58 57
59 57
60 57
61 57
61 57
62 57
63 56
64 56
64 56
65 56
66 55
67 55
67 55
68 54
69 54
69 54
70 54
70 54
70 53
69 52
69 51
69 50
68 49
68 48
68 47
67 46
67 45
67 44
67 43
66 42
66 41
66 40
65 39
65 38
65 37
64 36
64 35
64 35
64 35
65 34
65 33
65 33
65 32
65 32
65 32
65 33
65 34
65 34
64 35
64 36
64 36
64 37
64 38
64 39
64 40
64 40
64 41
63 42
63 43
63 44
63 44
63 45
63 46
62 47
62 48
62 49
62 50
62 50
62 51
61 52
61 53
61 54
60 55
60 56
60 56
60 57
60 58
59 59
59 60
59 61
59 62
59 62
59 63
59 64
58 65
58 66
58 67
58 67
58 68
58 69
58 70
58 71
58 72
58 72
58 73
58 74
58 75
58 76
58 76
58 77
59 78
59 79
59 80
59 80
60 81
60 82
61 83
61 83
62 84
62 85
63 86
63 86
64 87
65 88
65 88
66 89
67 89
67 89
68 89
69 89
70 89
71 89
71 89
72 89
73 88
74 88
74 88
75 87
76 87
77 86
77 86
78 85
79 85
80 84
80 84
81 83
82 83
83 82
83 82
84 81
84 80
85 79
85 78
85 78
85 77
86 76
86 75
86 74
86 74
86 73
87 72
87 71
87 70
87 70
87 69
87 68
87 67
87 67
87 66
86 65
86 64
86 64
85 63
85 63
84 62
84 62
83 62
82 62
82 62
81 63
81 63
80 64
79 65
79 65
79 66
78 67
78 68
78 69
78 69
78 70
78 71
78 72
78 73
78 74
78 74
78 75
78 76
78 77
78 78
78 79
78 79
79 80
79 81
80 82
80 83
80 83
80 84
81 85
81 86
81 86
82 86
83 87
84 87
85 87
85 87
86 87
87 86
88 86
89 86
89 86
90 85
91 85
92 84
93 84
93 84
94 83
95 83
96 82
97 81
98 80
99 80
100 79
