1 92
1 93
1 94
1 95
1 95
1 96
1 96
0 97
0 98
0 98
0 99
0 99
0 99
0 98
0 98
0 97
0 96
0 95
0 95
0 94
0 93
0 92
0 91
0 91
0 90
0 89
0 88
0 87
0 86
0 85
0 85
0 84
0 83
0 82
1 81
1 80
1 79
1 78
1 78
1 77
1 76
1 75
1 74
1 73
1 72
1 71
1 70
1 69
1 69
1 68
1 67
1 66
1 65
2 64
2 63
2 62
2 61
2 60
2 59
2 59
2 58
2 57
2 56
2 55
2 54
3 53
3 52
3 51
3 50
3 49
3 48
3 48
3 47
3 46
4 45
4 44
4 43
4 42
4 41
4 40
5 39
5 38
5 37
5 36
5 36
5 35
6 34
6 33
6 32
6 31
7 30
7 29
7 28
7 27
8 26
8 25
8 25
8 24
8 23
9 22
9 21
9 20
9 19
9 18
10 17
10 16
10 15
10 15
10 14
11 13
11 12
12 11
12 10
13 9
13 8
13 8
14 7
14 6
15 5
15 4
16 3
16 3
17 2
18 1
18 1
19 0
20 0
20 0
21 1
21 1
22 2
22 2
22 3
22 4
22 4
22 5
21 6
21 7
21 7
21 8
21 9
20 10
20 11
20 12
20 12
20 13
20 14
19 15
19 16
19 17
19 17
19 18
18 19
18 20
18 21
17 22
17 23
17 23
17 24
16 25
16 26
15 27
15 28
15 28
14 29
14 30
13 31
13 32
13 32
12 33
12 34
11 35
11 35
10 36
10 36
9 36
9 36
9 36
9 35
9 34
9 34
10 33
10 33
10 34
10 35
10 36
11 37
11 38
11 39
11 40
11 41
11 42
11 43
11 44
12 45
12 46
12 47
12 48
12 49
12 50
12 51
13 52
13 53
13 54
13 55
13 56
13 57
13 58
13 59
14 60
14 61
14 62
14 63
14 64
14 65
14 66
15 67
15 68
15 69
15 70
15 71
15 72
15 73
16 74
16 75
16 76
16 77
16 78
16 79
16 80
16 81
17 82
17 83
17 84
17 85
17 86
17 87
17 88
18 89
18 90
18 91
18 92
18 93
18 94
18 95
18 96
19 97
19 98
19 99
19 100
19 100
19 100
19 100
19 100
19 100
19 100
20 99
20 98
21 97
21 96
21 96
21 95
22 94
22 93
23 92
23 91
23 91
23 90
24 89
24 88
25 87
25 86
25 86
25 85
26 84
26 83
27 82
27 81
27 81
27 80
27 79
28 78
28 77
28 76
28 76
28 75
28 74
29 73
29 72
29 71
29 70
29 70
29 69
30 68
30 67
30 67
30 66
31 65
31 64
31 64
30 63
30 62
30 62
30 61
30 61
29 61
29 61
28 62
27 62
27 62
27 63
26 64
26 65
26 65
26 66
25 67
25 68
25 69
25 69
25 70
24 71
24 72
24 73
23 74
23 75
23 75
23 76
23 77
23 78
23 79
23 80
23 81
23 81
23 82
22 83
22 84
22 85
22 85
22 86
23 87
23 88
23 89
23 89
24 90
24 91
24 91
25 91
26 91
26 91
27 91
28 91
28 91
29 90
30 89
30 89
31 88
32 88
32 88
32 87
33 86
33 85
33 84
34 83
34 82
34 81
34 80
35 79
35 78
35 77
36 76
36 75
36 74
37 73
37 72
37 71
38 70
38 69
38 68
38 67
39 66
39 65
39 64
40 63
40 62
40 61
41 60
41 59
41 58
42 57
42 56
42 55
42 54
43 53
43 52
43 51
44 50
44 49
44 49
43 49
42 50
41 50
41 50
41 49
41 49
40 48
40 48
41 48
41 48
41 47
41 47
42 46
42 46
43 45
44 45
44 45
45 44
46 44
47 43
47 43
48 42
49 42
50 41
50 41
51 41
52 40
53 40
53 40
54 39
55 38
55 38
56 38
56 38
57 37
58 37
58 37
58 36
58 35
57 34
57 33
57 32
57 31
57 30
57 29
56 28
56 27
56 26
56 25
56 25
56 24
56 23
56 22
56 21
56 20
56 19
56 19
55 18
55 18
55 17
55 17
55 17
55 18
55 18
55 19
55 20
55 20
55 21
55 22
54 23
54 24
54 25
54 25
54 26
54 27
54 28
53 29
53 30
53 31
53 32
53 32
53 33
53 34
53 35
52 36
52 37
52 38
52 39
52 40
52 40
52 41
51 42
51 43
51 44
51 45
50 46
50 47
50 48
50 48
50 49
50 50
49 51
49 52
49 53
49 54
48 55
48 56
48 57
48 57
48 58
48 59
48 60
48 61
47 62
47 63
47 64
47 65
47 66
47 66
47 67
47 68
47 69
46 70
46 71
46 72
46 73
46 73
46 74
46 75
46 76
46 77
46 78
46 79
46 80
46 80
46 81
46 82
47 83
47 84
47 85
47 85
47 86
47 87
48 88
48 89
48 90
48 91
48 91
48 91
48 92
49 93
49 94
50 95
50 96
51 97
51 98
51 98
52 99
53 99
53 99
54 98
55 98
56 97
56 97
57 96
57 95
58 94
58 94
59 93
60 92
61 91
61 91
62 90
62 89
63 88
63 87
63 87
63 86
63 85
64 84
64 83
64 82
64 82
64 81
65 80
65 79
66 78
66 77
66 77
66 76
66 75
67 74
67 73
67 72
67 72
67 71
67 70
67 69
67 68
67 68
67 67
67 66
67 65
67 65
67 64
67 64
66 63
66 63
65 64
64 64
64 64
63 65
63 66
63 66
62 67
62 68
61 69
61 70
61 70
61 71
61 72
60 73
60 74
60 75
60 75
60 76
60 77
59 78
59 79
59 80
59 81
59 81
59 82
59 83
59 84
59 85
59 86
59 87
59 87
59 88
59 89
60 90
60 91
60 92
60 92
61 93
62 94
63 95
63 95
64 96
65 96
65 96
66 96
67 95
68 95
69 94
70 94
70 94
71 93
72 92
73 91
74 90
75 89
76 88
76 88
76 88
77 87
78 86
79 85
79 84
80 83
81 82
82 81
83 80
84 79
84 78
85 77
86 76
87 75
87 75
88 74
88 73
89 72
89 71
90 70
90 69
91 68
91 67
91 67
91 66
92 65
92 64
92 63
92 62
93 61
93 60
93 59
93 59
93 58
94 57
94 56
94 55
94 54
95 53
95 52
95 52
95 51
96 50
96 49
96 48
96 47
97 46
97 45
97 44
97 44
98 43
98 42
99 41
99 40
99 40
100 39
100 38
100 38
99 38
98 38
97 38
97 38
