13 51
13 52
13 53
13 53
13 53
13 52
13 51
13 51
14 50
14 49
15 48
15 48
16 47
16 46
17 45
17 44
18 43
18 42
18 42
19 41
19 40
20 39
20 38
21 37
21 36
21 36
22 35
22 34
23 33
23 32
24 31
24 30
25 29
25 28
25 28
25 27
26 26
26 25
26 24
26 23
27 22
27 21
27 20
27 20
27 19
28 18
28 17
28 16
28 15
29 14
29 13
29 13
29 12
30 11
30 10
31 9
31 8
31 8
31 7
31 6
31 5
31 4
31 4
31 3
31 2
31 1
31 1
30 0
29 0
29 0
28 1
27 1
27 1
26 2
25 3
25 3
24 4
23 5
22 6
21 7
21 7
20 8
20 9
19 10
18 11
18 12
17 13
17 13
16 14
16 15
15 16
15 17
14 18
14 19
13 20
13 21
13 21
13 22
12 23
12 24
11 25
11 26
11 27
10 28
10 29
9 30
9 31
9 31
9 32
9 33
8 34
8 35
8 36
8 37
7 38
7 39
7 40
7 41
6 42
6 43
6 44
6 44
6 45
6 46
5 47
5 48
5 49
5 50
4 51
4 52
4 53
4 54
4 55
3 56
3 57
3 58
3 58
3 59
3 60
3 61
2 62
2 63
2 64
2 65
2 66
2 67
2 68
2 69
1 70
1 71
1 72
1 73
1 73
1 74
1 75
1 76
1 77
1 78
0 79
0 80
0 81
0 82
0 83
0 84
0 85
0 85
0 86
0 87
0 88
0 89
0 90
0 91
0 92
0 93
0 94
0 95
0 95
0 96
0 97
0 98
0 99
0 99
1 99
2 100
3 100
3 100
4 100
5 100
6 100
6 100
7 99
8 99
9 98
10 98
10 98
11 97
12 96
12 95
13 94
14 93
14 93
15 92
15 91
16 90
17 89
17 88
18 87
18 87
19 86
20 86
21 85
22 84
23 83
24 83
25 82
26 81
27 80
28 80
29 79
30 78
31 78
32 77
33 76
34 75
35 75
36 74
36 74
35 73
35 73
34 72
34 72
33 72
33 72
32 72
32 72
32 73
32 73
31 74
31 75
31 75
31 76
31 77
31 78
31 79
31 79
31 80
30 81
30 82
30 82
31 83
31 84
31 84
32 85
32 86
32 86
33 87
33 87
34 87
35 87
35 87
36 86
37 86
37 86
38 85
38 84
39 83
39 83
40 82
41 81
41 80
42 79
43 78
43 78
44 77
44 76
45 75
45 74
46 73
46 73
47 72
47 71
48 70
48 69
49 68
49 68
50 67
51 66
51 65
52 64
52 64
52 63
53 62
53 61
54 60
54 59
54 59
54 58
55 57
55 56
55 56
55 55
56 54
56 53
56 53
57 52
57 51
57 51
57 50
58 49
58 48
58 48
58 47
58 46
58 46
58 45
58 44
58 44
58 43
58 43
57 42
57 42
56 42
56 42
55 42
54 42
54 42
53 43
53 44
52 45
52 46
52 46
51 47
51 48
50 49
50 50
50 50
50 51
49 52
49 53
49 54
48 55
48 56
48 56
48 57
48 58
48 59
47 60
47 61
47 62
47 63
47 63
47 64
46 65
46 66
46 67
46 68
45 69
45 70
45 70
45 71
44 72
44 73
44 74
44 75
43 76
43 77
43 78
43 78
43 79
43 80
42 81
42 82
42 83
42 84
42 84
42 85
42 86
42 87
42 88
42 89
42 89
43 90
43 91
44 92
44 92
45 93
46 94
46 94
47 94
48 93
49 93
49 93
50 92
51 91
52 91
53 90
53 90
54 89
55 88
56 88
57 87
57 87
58 86
59 85
59 84
60 83
60 83
61 82
62 81
63 80
63 80
63 79
63 78
63 77
63 76
63 75
63 74
64 73
64 72
64 71
64 70
64 69
64 68
64 67
64 66
64 65
64 64
64 63
64 62
65 61
65 60
65 59
65 58
65 57
65 56
65 55
65 54
65 53
65 52
65 51
65 50
65 49
66 48
66 47
66 46
66 45
66 44
66 43
66 42
66 42
65 42
65 42
64 42
63 42
63 42
64 42
64 42
65 41
66 40
66 40
67 39
68 39
69 38
69 38
70 37
71 36
71 36
72 36
73 35
74 35
74 35
75 34
76 34
76 34
77 33
78 32
78 32
79 31
80 31
81 30
81 30
82 29
82 28
83 27
83 27
84 26
84 25
85 24
85 24
85 23
86 22
86 21
86 20
86 20
86 19
87 18
87 17
87 17
87 16
87 15
87 14
87 13
87 13
87 12
87 11
87 11
87 10
87 10
86 10
85 10
85 10
84 11
84 12
83 13
83 13
82 14
82 15
81 16
81 17
80 18
80 18
80 19
79 20
79 21
78 22
78 23
77 24
77 25
76 26
76 27
76 27
76 28
75 29
75 30
75 31
74 32
74 33
74 34
74 35
73 36
73 37
73 37
73 38
73 39
72 40
72 41
72 42
72 43
72 44
72 45
71 46
71 47
71 48
71 48
71 49
71 50
70 51
70 52
70 53
70 54
69 55
69 56
69 57
69 57
69 58
69 59
69 60
69 61
69 62
69 63
69 64
69 64
69 65
69 66
69 67
68 68
68 69
68 70
68 71
68 71
68 72
69 73
69 74
69 75
69 75
69 76
70 77
70 78
70 78
71 78
72 79
73 79
73 79
74 80
75 80
75 80
76 79
77 78
77 78
78 77
79 77
80 76
80 76
81 75
82 74
83 73
83 73
84 72
84 71
85 70
85 70
86 69
86 69
86 68
86 68
86 68
86 68
86 68
86 69
86 69
86 70
86 71
86 71
86 72
86 72
87 73
88 73
88 73
89 72
89 71
89 71
90 70
91 69
91 69
92 68
93 67
93 67
93 66
94 65
94 64
94 63
94 63
94 62
94 61
94 60
94 60
94 59
93 58
93 57
93 57
92 56
92 56
91 56
90 56
90 56
89 57
89 58
88 59
88 60
88 60
87 61
87 62
86 63
86 64
85 65
85 65
85 66
85 67
84 68
84 69
84 70
84 71
84 71
84 72
84 73
83 74
83 75
83 76
83 76
83 77
84 78
84 79
84 80
84 80
85 81
85 82
86 83
86 83
87 84
87 85
88 86
88 86
89 86
90 87
91 87
91 87
92 87
93 88
94 88
94 88
95 88
96 88
97 88
97 88
98 88
99 87
100 87
