23 5
23 5
23 4
24 3
24 2
25 1
25 0
25 0
25 1
25 1
24 2
24 2
24 3
24 4
24 5
24 6
24 6
24 7
23 8
23 9
23 10
23 10
23 11
23 12
22 13
22 14
22 15
22 16
22 16
22 17
22 18
21 19
21 20
21 21
21 22
21 22
21 23
21 24
21 25
21 26
21 27
21 27
21 28
21 29
21 30
21 31
21 31
22 32
23 33
23 33
24 34
24 34
25 35
25 35
25 35
24 34
23 33
22 32
21 32
20 31
19 30
18 29
17 28
16 27
15 26
14 26
13 25
12 24
11 23
11 23
10 22
9 22
8 21
7 21
7 21
6 21
5 21
5 21
4 22
3 22
3 22
3 23
3 23
4 24
5 25
5 25
6 25
7 25
8 25
8 25
9 25
10 25
11 26
12 26
13 26
13 26
14 26
15 26
16 26
17 25
18 25
19 25
20 25
20 25
21 25
22 25
23 24
24 24
25 24
26 24
27 23
28 23
29 23
30 23
31 22
32 22
33 22
34 22
35 21
36 21
37 21
38 21
39 20
40 20
41 20
42 20
43 19
44 19
45 19
45 19
46 19
47 18
48 18
49 18
50 17
51 17
52 17
53 17
54 16
55 16
55 16
56 16
57 16
57 16
57 16
57 16
56 17
55 17
55 17
54 18
53 18
52 19
52 19
51 19
50 20
49 20
48 21
47 21
47 21
46 22
45 22
44 23
43 23
42 24
41 24
41 24
40 24
39 25
38 25
37 25
36 25
35 26
34 26
34 26
33 26
32 27
31 27
30 27
29 28
28 28
27 28
26 29
25 29
25 29
24 29
23 30
22 30
21 30
20 31
19 31
18 31
17 32
16 32
16 32
15 32
14 33
13 33
12 33
11 34
10 34
9 34
8 35
7 35
7 35
6 35
5 35
4 36
3 36
2 36
1 36
1 36
0 37
0 38
0 38
1 38
1 38
2 38
3 38
4 38
5 38
5 38
6 38
7 38
8 38
9 38
10 38
11 38
11 38
12 38
13 37
14 37
15 37
16 37
17 36
18 36
18 36
19 36
20 36
21 36
22 35
23 35
24 35
25 35
25 35
26 35
27 35
28 34
29 34
30 34
30 34
31 34
32 34
33 33
34 33
35 33
35 33
36 33
37 33
38 33
38 33
39 33
39 33
39 34
39 34
38 35
38 36
37 37
37 37
36 38
35 39
35 40
34 41
34 41
33 42
32 43
31 43
30 44
30 44
29 45
28 45
27 46
26 46
26 46
25 47
24 48
23 49
23 49
22 49
21 50
20 50
19 50
19 50
18 50
17 50
17 50
17 50
18 49
18 49
19 48
20 48
21 47
21 47
22 47
23 46
24 46
25 45
26 45
26 45
27 45
28 44
29 44
30 43
31 43
31 43
32 43
33 42
34 42
35 41
36 41
36 41
37 41
38 40
39 40
40 39
41 39
41 39
42 38
43 38
44 37
45 37
45 37
46 38
47 38
47 38
48 39
48 39
49 40
49 41
49 41
50 42
51 43
51 43
52 44
53 45
53 45
54 46
55 47
56 48
56 48
57 49
58 49
59 50
59 50
60 50
61 50
62 50
63 50
64 50
64 50
65 50
66 50
67 50
68 50
69 50
69 50
70 50
71 50
72 49
73 49
74 49
75 49
75 49
76 48
77 48
78 47
79 47
80 46
81 46
81 46
82 45
83 45
84 44
85 44
86 43
86 43
87 42
88 42
89 41
89 41
88 40
87 39
86 38
85 37
84 37
83 36
82 35
81 34
80 33
79 32
78 31
77 30
76 29
75 29
74 28
73 27
72 26
71 25
70 24
69 23
68 22
67 21
66 21
65 20
64 19
63 18
62 17
61 16
60 15
59 14
58 13
57 13
56 12
55 11
54 10
53 9
52 8
51 7
50 6
49 5
48 5
47 4
46 3
45 2
44 1
44 1
43 1
42 1
41 2
40 2
39 2
38 2
38 2
37 2
36 3
35 3
35 3
34 3
34 3
34 4
34 5
34 6
34 7
34 7
35 8
35 9
36 10
36 11
36 11
37 12
38 13
38 14
39 15
39 15
40 16
41 17
41 18
42 19
42 19
43 20
44 21
44 22
45 23
45 23
46 24
47 24
48 25
49 25
50 26
50 26
51 26
52 27
53 27
54 27
54 27
54 26
55 25
55 24
55 23
55 22
56 21
56 20
56 19
56 19
56 18
57 17
57 16
58 15
58 14
58 14
59 13
59 12
59 12
60 11
60 10
61 9
61 9
62 9
63 9
64 9
64 9
65 9
66 9
67 9
68 8
69 8
70 8
71 8
71 8
72 8
73 8
74 8
75 8
76 8
77 8
77 8
78 8
79 8
80 8
81 8
82 8
83 8
84 8
84 8
85 8
86 8
87 8
88 8
89 8
89 8
90 8
91 8
91 8
92 9
92 9
91 10
91 10
90 11
89 11
88 12
88 12
87 12
86 13
85 13
84 14
83 14
83 14
82 14
81 14
80 15
79 15
78 15
77 15
77 15
76 15
75 16
74 16
73 16
72 16
71 17
70 17
70 17
69 17
68 18
67 18
66 18
65 18
64 19
63 19
63 19
62 19
61 19
60 20
59 20
58 20
57 20
57 20
56 20
55 21
54 21
53 21
53 21
52 21
51 21
51 21
51 21
52 21
53 21
53 21
54 21
55 21
56 21
57 21
57 21
58 21
59 21
60 20
61 20
62 20
62 20
63 20
64 20
65 20
66 20
67 20
67 20
68 20
69 19
70 19
71 19
71 19
72 19
73 19
74 19
74 19
75 20
75 21
75 21
74 22
74 23
74 23
74 24
73 25
73 26
73 26
73 27
72 28
72 29
72 29
72 30
73 31
73 32
73 32
73 33
73 34
73 35
73 35
74 36
75 37
75 37
76 38
77 39
77 39
78 40
79 40
79 40
80 40
81 40
81 40
82 39
83 39
83 39
84 39
85 39
85 39
86 38
87 38
87 38
88 38
88 38
89 38
90 38
90 38
90 39
90 39
91 40
91 40
92 41
92 41
93 41
93 41
94 42
94 42
94 42
93 42
92 42
92 42
91 42
90 43
89 43
88 43
88 43
87 43
86 44
85 44
84 45
83 45
83 45
82 45
81 46
80 46
79 46
78 47
77 47
77 47
76 47
75 47
74 48
73 48
72 48
72 48
71 48
70 48
69 49
68 49
67 49
66 49
66 49
65 49
64 50
63 50
63 50
62 50
62 50
62 50
63 49
64 48
64 48
65 47
66 47
67 46
68 46
68 46
69 46
70 45
71 45
72 44
73 44
74 43
75 43
75 43
76 42
77 42
78 41
79 41
80 40
80 40
81 39
82 39
83 38
84 38
85 37
86 37
86 37
87 36
88 35
89 35
90 34
91 33
91 33
92 32
93 32
94 31
95 31
96 30
96 30
97 29
97 28
98 27
98 26
98 26
98 25
99 24
99 23
100 22
100 21
100 21
100 20
99 19
99 18
99 17
99 17
98 16
98 15
97 14
97 13
97 13
96 12
95 12
94 11
93 11
93 11
92 11
91 10
90 10
89 9
88 9
88 9
87 9
86 9
85 9
84 9
83 9
83 9
82 10
81 10
80 11
79 11
79 11
78 12
77 13
76 14
76 14
75 15
74 16
74 17
73 18
73 18
73 19
73 20
72 21
72 22
72 23
72 23
72 24
72 25
72 26
71 27
71 28
71 29
71 30
71 30
71 31
71 32
71 33
71 34
71 35
71 36
71 37
71 37
71 38
71 39
71 40
70 41
70 42
70 43
70 44
70 45
70 45
70 46
70 47
70 48
70 49
71 50
71 51
71 52
71 53
71 54
71 55
71 55
71 56
71 57
71 58
71 59
71 60
71 61
71 62
71 63
71 64
71 65
71 65
71 66
71 67
72 68
72 69
72 70
72 71
73 72
73 73
73 74
73 74
73 75
74 76
74 77
74 78
74 79
75 80
75 81
75 82
75 82
75 83
76 84
76 85
77 86
77 87
77 87
77 88
77 89
78 90
78 91
78 92
78 92
78 93
79 94
79 95
79 95
80 96
81 97
81 97
82 98
82 98
83 98
83 98
83 98
83 98
82 99
82 99
82 100
82 100
81 100
80 100
80 100
79 100
79 100
79 100
79 100
79 99
