0 27
0 27
0 27
0 27
0 28
0 28
0 29
0 30
0 31
0 31
1 32
1 33
1 33
1 34
2 35
2 36
2 36
3 37
4 38
4 38
5 39
6 40
6 40
7 41
7 41
8 41
9 41
9 41
10 41
10 41
11 40
12 40
12 40
12 39
13 38
13 37
13 37
13 36
14 35
14 34
14 34
14 33
15 32
15 31
15 30
15 30
15 29
15 28
15 27
15 26
15 26
15 25
15 24
15 23
15 23
15 22
15 21
15 20
15 20
15 19
15 19
15 19
14 19
14 19
13 20
12 21
12 21
12 22
11 23
11 24
11 24
11 25
10 26
10 27
10 27
10 28
10 29
10 30
10 30
10 31
10 32
10 33
10 34
10 34
11 35
11 36
11 36
11 37
11 38
11 38
12 39
13 39
13 39
14 39
14 39
15 38
15 38
16 37
17 36
17 36
18 35
19 34
19 34
19 33
20 32
20 31
20 31
21 30
22 29
23 28
23 28
24 27
24 26
25 25
25 25
26 24
27 23
28 22
28 22
29 21
29 20
29 20
30 20
30 20
30 20
29 21
29 21
28 22
28 23
28 23
28 24
27 25
27 26
27 26
26 27
25 28
25 28
24 29
24 30
23 31
23 32
23 32
22 33
21 34
20 35
20 35
19 36
18 37
18 38
17 39
17 39
16 40
15 41
15 42
14 43
14 43
13 44
12 45
12 46
11 47
11 47
10 48
9 49
9 50
8 51
8 51
7 52
6 53
6 53
5 54
4 55
4 55
4 55
4 55
5 55
5 55
6 54
7 53
7 53
8 52
9 52
10 51
10 51
11 50
12 50
13 49
13 49
14 48
15 47
16 47
17 46
17 46
18 45
19 44
20 44
21 43
21 43
22 43
23 42
24 42
24 42
25 41
25 41
25 41
25 41
24 42
23 43
23 43
23 44
22 45
22 46
22 47
22 47
21 48
20 49
20 50
19 51
19 51
18 52
18 53
17 54
17 55
17 55
16 56
15 57
15 58
14 59
14 59
14 60
13 61
13 62
12 63
12 64
12 64
11 65
10 66
10 67
9 68
9 68
8 69
8 70
7 71
7 71
6 72
6 73
6 73
6 74
6 74
6 74
7 74
7 74
8 73
9 73
9 73
10 72
11 71
11 71
12 70
12 69
13 68
13 68
14 67
15 66
15 65
16 64
16 64
17 63
17 62
18 61
18 60
18 60
18 59
19 58
19 57
20 56
20 55
20 55
21 54
21 53
22 52
22 51
22 51
23 50
23 49
23 49
24 48
24 48
23 48
23 48
23 49
23 50
23 50
23 51
23 52
23 52
23 53
22 54
22 55
22 55
22 56
22 57
22 58
22 59
22 59
22 60
23 61
23 62
23 62
23 63
23 64
23 65
23 66
23 66
23 67
24 68
24 69
24 69
25 70
25 71
25 71
26 72
26 73
26 73
27 73
27 73
28 72
29 72
29 72
30 71
31 71
31 71
32 70
33 69
34 69
35 68
35 68
36 67
37 66
38 65
38 65
39 64
40 63
41 62
42 61
42 61
43 60
44 59
45 58
45 58
46 57
47 56
47 56
47 55
47 55
46 54
46 54
46 53
46 52
46 51
46 50
46 49
46 48
46 47
45 46
45 45
45 44
45 43
45 42
45 41
45 40
45 39
45 38
45 37
45 36
45 35
45 34
45 33
45 32
45 31
44 30
44 29
44 28
44 27
44 26
44 25
44 24
44 23
44 22
44 21
44 20
44 19
44 18
44 17
44 16
44 15
43 14
43 13
43 12
43 11
43 10
43 9
43 8
43 7
43 6
43 6
42 5
42 4
42 4
42 4
42 4
43 5
43 5
43 6
43 7
43 7
43 8
44 9
44 10
44 10
44 11
45 12
45 13
45 13
45 14
46 15
46 16
46 16
47 17
47 18
48 19
48 19
48 20
49 21
49 22
49 22
50 23
50 24
50 24
51 25
51 25
51 26
51 26
51 26
51 25
51 25
51 24
51 23
51 23
50 22
50 21
50 21
49 20
49 19
49 19
49 18
49 17
49 16
49 16
49 15
48 14
48 13
48 13
48 12
48 11
48 10
48 10
49 9
49 8
49 8
50 7
50 7
51 6
52 6
52 6
53 6
53 6
54 6
55 6
55 6
56 6
57 5
58 5
59 5
59 5
60 5
61 5
62 4
63 4
64 4
64 4
65 4
66 4
67 3
68 3
69 3
69 3
70 3
71 3
72 2
73 2
74 2
74 2
75 2
76 1
77 1
78 1
78 1
79 1
80 0
81 0
81 0
82 1
83 1
83 1
84 2
84 2
84 3
84 3
83 4
82 5
82 5
81 6
80 7
79 8
79 8
78 9
77 10
76 11
76 11
75 12
74 13
73 14
72 15
72 15
71 16
70 17
69 17
68 18
67 19
67 19
66 20
65 21
64 21
63 22
62 23
62 23
61 24
60 24
59 25
58 25
57 26
57 26
56 27
55 27
55 27
54 28
54 28
54 28
55 28
56 28
56 28
57 28
58 27
59 27
59 27
60 27
61 26
62 26
62 26
63 25
64 25
65 24
66 24
66 24
67 24
68 23
69 23
70 23
70 23
71 23
72 23
72 23
73 22
74 22
74 22
74 22
73 23
73 23
72 24
71 24
71 24
70 25
69 26
69 26
68 27
67 28
66 29
66 29
65 30
64 31
63 32
63 32
62 33
61 34
60 35
60 35
59 36
58 37
58 37
57 38
56 39
56 39
56 40
56 40
56 40
57 40
58 40
58 40
59 39
60 39
60 39
61 39
62 39
62 39
63 39
64 38
65 38
65 38
66 38
67 38
67 38
68 38
68 38
68 39
68 39
68 39
68 40
68 40
67 41
66 41
66 41
65 42
64 43
64 43
63 44
62 44
62 44
61 45
60 46
60 46
59 47
59 48
58 49
58 49
57 50
57 51
56 52
56 52
55 53
55 53
54 54
54 54
55 55
55 55
56 54
57 54
57 54
58 54
59 54
60 54
60 54
61 54
62 53
63 53
63 53
64 53
65 53
65 53
66 53
66 53
66 54
66 54
65 55
65 56
65 56
64 57
63 58
63 58
62 59
62 60
61 61
61 61
60 62
59 63
59 63
58 64
57 65
57 65
56 66
56 66
57 67
57 67
58 67
59 67
59 67
60 67
61 67
62 67
62 67
63 67
64 66
65 66
66 66
66 66
67 66
68 65
69 65
70 64
71 64
71 64
72 63
73 63
74 62
75 62
76 61
76 61
77 60
78 60
79 59
80 59
81 58
81 58
82 57
83 56
84 55
85 54
86 53
86 53
87 52
88 51
89 50
90 50
91 49
92 48
92 48
93 47
94 46
95 45
96 44
96 44
97 43
98 42
98 41
99 40
99 40
99 39
100 38
100 37
100 37
100 36
99 35
99 34
99 33
99 33
98 32
98 31
97 30
97 29
97 29
96 28
95 27
95 26
94 25
94 25
93 24
92 23
91 23
90 22
89 21
89 21
88 20
87 19
86 18
85 17
85 17
84 17
83 16
82 16
81 15
80 15
80 15
79 15
78 14
77 14
76 14
76 14
75 14
74 15
73 15
72 15
72 15
71 16
70 16
69 17
68 17
68 17
67 18
66 19
65 20
65 20
64 21
63 22
63 23
62 24
62 24
61 25
61 26
60 27
60 28
59 29
59 29
59 30
59 31
58 32
58 33
58 34
58 34
58 35
58 36
58 37
57 38
57 39
57 40
57 41
57 41
57 42
57 43
57 44
58 45
58 46
58 47
58 48
58 48
58 49
58 50
59 51
59 52
59 53
59 54
60 55
60 56
60 57
60 57
60 58
61 59
61 60
61 61
62 62
62 63
62 64
62 65
63 66
63 67
63 67
63 68
64 69
64 70
64 71
64 72
65 73
65 74
65 75
65 75
65 76
66 77
66 78
67 79
67 80
68 81
68 82
68 82
68 83
69 84
69 85
69 86
69 87
70 88
70 89
70 89
70 90
71 91
71 92
71 93
71 93
71 94
71 95
71 96
71 96
71 97
71 98
71 98
70 99
69 100
69 100
