26 4
27 3
28 3
29 2
30 2
30 2
29 1
29 1
28 0
27 0
27 0
26 1
26 2
26 2
25 3
25 4
25 4
25 5
24 6
24 7
24 8
24 8
24 9
23 10
23 11
23 12
23 12
23 13
23 14
23 15
23 16
23 17
23 17
23 18
23 19
23 20
23 20
23 21
23 22
23 22
24 23
24 23
25 24
26 24
26 24
27 24
27 24
26 24
25 24
24 24
23 24
22 23
21 23
20 23
19 23
18 23
18 23
17 23
16 22
15 22
14 21
13 21
13 21
12 21
11 21
10 21
9 21
8 21
8 21
7 21
6 20
5 20
5 20
5 20
5 20
6 21
6 21
7 22
8 22
9 23
9 23
10 24
11 25
11 25
12 25
13 26
14 26
14 26
15 26
16 27
17 27
17 27
18 27
19 27
20 27
21 27
22 27
22 27
23 26
24 26
25 25
26 25
26 25
27 25
28 25
29 24
30 24
31 24
31 24
32 24
33 23
34 23
35 22
36 22
36 22
37 22
38 21
39 21
40 21
40 21
41 20
42 20
43 19
43 19
44 18
45 18
45 18
45 17
45 17
45 17
45 18
45 18
44 19
43 19
43 19
42 19
41 20
40 20
40 20
39 21
38 21
37 22
36 22
36 22
35 23
34 23
33 24
32 24
32 24
31 25
30 25
29 26
28 26
27 27
26 27
26 27
25 27
24 28
23 28
22 28
21 29
20 29
20 29
19 29
18 30
17 30
16 31
15 31
15 31
14 32
13 32
12 33
11 33
11 33
10 34
9 34
8 35
8 35
7 35
6 35
6 35
6 35
7 35
7 35
8 35
8 35
9 35
10 34
11 34
12 34
12 34
13 33
14 33
15 32
16 32
16 32
17 32
18 31
19 31
20 31
20 31
21 31
22 30
23 30
24 29
25 29
25 29
26 29
27 28
28 28
29 28
29 28
30 28
31 27
32 27
33 27
33 27
34 27
35 27
35 27
36 28
36 28
35 28
35 28
34 29
33 30
33 30
32 30
31 31
30 31
29 31
29 31
28 32
27 33
26 33
25 34
25 34
24 34
23 35
22 35
21 35
20 36
19 36
19 36
18 37
17 37
16 38
15 38
14 39
13 39
13 39
12 39
11 40
10 40
9 40
8 41
7 41
7 41
6 42
5 42
4 43
3 43
2 44
2 44
1 45
0 45
0 45
0 46
0 46
1 45
1 45
2 44
3 44
3 44
4 43
5 43
6 42
7 42
8 41
9 41
10 40
11 40
12 39
13 39
14 38
15 38
16 37
17 37
18 36
19 36
20 35
21 35
22 34
23 34
24 33
24 33
25 33
26 32
27 32
28 31
29 31
30 30
31 30
31 30
32 30
33 30
33 30
34 30
34 30
34 31
34 31
33 32
33 32
33 33
33 34
33 34
33 35
32 36
32 37
32 37
32 38
32 39
32 39
33 40
34 41
34 41
35 42
35 42
36 42
37 42
37 42
38 42
39 41
40 41
40 41
41 40
42 40
43 39
43 39
44 38
45 38
46 37
47 37
47 37
47 36
47 35
47 34
46 33
46 32
46 31
46 30
46 29
46 28
45 27
45 26
45 25
45 24
45 23
45 22
44 21
44 20
44 19
44 18
44 18
43 17
43 16
42 15
42 15
41 14
41 14
40 14
40 14
40 15
40 15
41 16
41 16
42 17
42 17
43 18
43 19
43 19
44 20
45 20
45 20
46 21
46 22
46 22
47 22
48 22
48 22
49 23
49 23
49 23
50 23
50 23
50 23
49 23
49 23
49 23
48 22
47 22
47 22
46 21
46 21
45 20
44 20
44 20
43 19
42 19
42 19
42 18
42 18
41 17
41 17
42 17
42 17
43 17
44 16
45 16
45 16
46 16
47 16
48 16
49 16
49 16
50 16
51 16
52 15
53 15
54 15
55 15
55 15
56 15
57 15
58 14
59 14
60 14
61 14
61 14
62 14
63 14
64 14
65 13
66 13
67 13
68 13
68 13
69 13
70 13
71 13
72 13
73 13
74 13
74 13
75 13
76 13
77 13
78 13
79 13
79 13
80 14
81 14
81 14
82 15
82 15
81 16
81 17
81 17
80 18
79 19
79 19
78 20
77 20
76 21
76 21
75 21
74 22
73 22
72 23
71 23
71 23
70 23
69 23
68 24
67 24
66 24
66 24
65 24
64 24
63 25
62 25
61 25
61 25
60 25
59 25
58 26
57 26
56 26
55 26
55 26
54 26
53 26
52 26
51 26
50 26
49 26
49 26
48 26
47 27
46 27
45 27
45 27
44 27
43 27
43 27
42 27
42 27
42 27
43 27
44 26
45 26
45 26
46 26
47 25
48 25
49 24
50 24
50 24
51 24
52 24
53 23
54 23
55 23
56 23
56 23
57 23
58 23
59 23
60 23
61 23
62 23
62 23
63 23
64 23
65 23
66 23
66 23
67 23
68 24
69 24
69 24
70 25
71 25
71 25
71 26
71 27
71 27
70 28
70 29
70 29
69 30
68 31
68 31
67 31
66 32
65 32
64 32
64 32
63 32
62 33
61 33
61 33
60 33
59 34
58 34
58 34
57 34
56 34
55 34
54 34
54 34
53 34
52 34
52 34
51 33
51 33
51 33
52 32
52 32
53 32
54 31
55 31
55 31
56 31
57 31
58 31
58 31
59 31
60 31
61 31
62 31
62 31
63 31
64 31
65 31
65 31
66 31
67 31
67 31
68 32
69 32
69 32
70 33
70 33
70 33
69 34
69 34
68 35
68 35
67 36
67 36
66 36
66 36
66 37
66 37
66 36
66 36
66 36
66 35
66 35
66 35
66 34
66 34
67 34
67 34
67 34
68 34
68 34
69 34
69 34
69 34
70 34
70 34
70 33
70 33
69 33
69 33
69 33
68 33
68 33
67 33
66 34
65 34
65 34
64 34
63 34
63 34
62 34
61 34
60 34
59 34
59 34
58 34
57 35
56 35
55 35
55 35
54 35
53 36
52 36
51 36
51 36
50 36
49 37
48 37
47 37
47 37
46 38
45 39
45 39
44 40
44 41
44 41
45 42
45 43
46 44
46 44
47 45
48 46
49 46
50 47
50 47
51 47
52 47
53 47
54 48
55 48
56 48
57 48
57 48
58 48
59 48
60 48
61 48
62 48
63 48
64 48
65 48
65 48
66 48
67 48
68 48
69 47
70 47
71 47
72 47
73 47
73 47
74 47
75 47
76 46
77 46
78 46
79 46
80 45
81 45
82 45
82 45
83 45
84 44
85 44
86 44
87 43
88 43
89 43
90 42
91 42
91 42
92 41
93 40
94 40
95 39
96 38
96 38
97 37
98 36
99 35
100 34
100 34
100 33
99 32
99 31
99 30
99 30
98 29
97 28
96 27
95 26
95 26
94 25
93 25
92 24
91 23
90 23
89 22
89 22
88 22
87 21
86 21
85 20
84 20
83 19
82 19
82 19
81 19
80 18
79 18
78 17
77 17
76 16
75 16
75 16
74 16
73 16
72 16
71 16
70 16
69 16
69 16
68 16
67 16
66 16
65 16
65 16
64 16
63 17
62 17
62 17
61 18
61 19
60 20
60 20
60 21
60 22
60 23
60 24
60 24
60 25
59 26
59 27
58 28
58 29
58 29
58 30
57 31
57 32
57 33
57 34
56 35
56 36
56 37
56 37
56 38
56 39
55 40
55 41
55 42
55 43
54 44
54 45
54 46
54 46
54 47
54 48
54 49
54 50
54 51
54 52
54 53
54 54
54 54
54 55
54 56
54 57
55 58
55 59
55 60
55 61
55 62
55 62
56 63
56 64
57 65
57 66
58 67
58 68
58 68
59 69
59 70
60 71
60 72
61 73
61 74
61 74
62 75
63 76
63 77
64 78
65 79
65 79
66 80
67 81
67 82
68 83
69 84
69 84
70 85
71 86
72 86
73 87
74 88
74 88
75 89
76 90
77 91
78 92
79 93
79 93
80 94
81 95
82 96
83 97
83 97
84 97
85 98
86 98
87 99
88 99
88 99
89 99
90 99
91 100
92 100
93 100
