0 30
1 30
2 30
2 30
1 30
0 30
0 30
0 29
0 29
0 29
0 30
0 30
1 31
1 31
2 32
2 33
3 34
3 34
4 35
4 36
4 36
5 37
6 38
6 38
7 39
8 39
8 39
9 40
10 40
10 40
11 40
11 40
12 39
12 39
12 38
12 37
12 37
13 36
13 35
13 35
13 34
13 33
13 32
13 32
13 31
13 30
13 29
13 29
13 28
13 27
13 26
13 26
13 25
13 24
13 23
13 23
13 22
13 21
13 21
12 21
12 21
12 22
12 22
12 23
12 24
12 25
12 25
12 26
11 27
11 28
11 28
11 29
10 30
10 31
10 32
10 32
10 33
10 34
10 35
10 35
11 36
11 36
11 37
11 38
11 38
12 38
13 38
13 38
14 37
14 37
15 36
16 36
16 36
17 35
18 34
19 33
19 33
20 32
21 31
21 31
22 30
23 29
24 28
24 28
25 27
25 26
25 26
26 25
26 24
26 24
27 24
27 24
26 24
26 24
26 24
25 25
25 25
24 26
24 26
23 27
22 28
22 28
21 29
21 30
20 31
20 31
19 32
19 33
19 33
18 34
18 35
18 35
17 36
16 37
16 37
15 38
15 39
15 39
14 40
13 41
13 41
12 42
11 43
10 44
10 44
9 45
8 46
8 46
7 47
6 48
6 48
5 49
5 50
5 50
4 51
4 52
4 52
5 52
5 52
6 52
6 52
7 52
8 51
9 51
10 51
10 51
11 50
12 49
13 49
14 48
14 48
15 47
16 46
17 46
18 45
18 45
19 44
20 44
21 43
22 43
23 42
23 42
24 41
25 41
26 40
26 40
27 39
28 39
29 38
29 38
30 37
30 37
30 38
30 38
29 39
29 39
28 40
28 41
28 41
27 42
27 43
26 44
26 45
26 45
25 46
24 47
24 48
23 49
23 49
22 50
22 51
21 52
21 53
20 54
20 54
19 55
18 56
18 57
17 58
17 58
16 59
15 60
15 61
14 62
13 63
13 63
12 64
11 65
11 66
10 67
10 67
9 68
9 69
8 70
8 70
7 71
7 72
7 72
7 72
8 71
8 71
9 70
10 70
11 69
11 69
12 68
12 67
13 66
13 66
14 65
15 64
15 63
16 62
17 61
17 61
18 60
19 59
19 58
20 57
20 57
21 56
21 55
22 54
22 53
23 52
23 52
24 51
24 50
25 49
25 49
26 48
26 47
26 47
27 47
27 47
26 47
26 47
26 48
26 48
26 49
26 50
26 50
26 51
25 52
25 53
25 53
25 54
25 55
25 56
25 56
25 57
25 58
25 59
25 59
26 60
26 61
26 61
27 62
27 62
28 63
29 63
29 63
30 63
31 63
32 63
32 63
33 63
34 62
35 62
35 62
36 61
37 60
37 60
38 59
38 58
39 57
39 57
40 56
40 55
41 54
41 54
41 53
42 52
42 51
42 50
42 50
42 49
42 48
42 47
42 46
42 45
42 44
42 43
43 42
43 41
43 40
43 39
43 38
43 37
43 36
43 35
43 34
43 33
43 32
43 31
43 30
43 29
44 28
44 27
44 26
44 25
44 24
44 23
44 22
44 21
44 20
44 19
44 18
44 17
44 16
44 15
44 14
45 13
45 12
45 11
45 10
45 9
45 8
45 7
45 6
45 6
44 6
43 6
43 6
43 6
43 6
43 6
43 6
44 7
45 7
45 7
46 8
46 9
46 9
47 10
47 11
48 12
48 12
49 13
49 14
50 15
50 16
50 16
50 17
51 18
51 19
51 20
51 20
52 21
52 22
52 22
52 23
52 23
52 23
51 22
51 22
50 21
49 20
49 20
48 19
48 18
47 17
47 17
46 16
46 15
46 15
45 14
45 13
45 13
45 12
45 11
45 11
46 10
46 9
46 9
46 9
46 9
47 9
48 9
48 9
49 9
50 9
50 9
51 9
52 8
53 8
54 8
54 8
55 8
56 8
57 7
58 7
59 7
59 7
60 7
61 7
62 6
63 6
64 6
65 6
65 6
66 6
67 5
68 5
69 5
70 4
71 4
71 4
72 4
73 3
74 3
75 2
76 2
76 2
77 2
78 1
79 1
79 1
80 1
81 1
81 1
82 1
82 1
82 2
82 3
82 3
81 4
81 5
80 6
80 6
79 7
79 8
78 9
78 10
78 10
77 11
77 12
76 13
76 13
75 14
74 15
74 15
73 16
72 16
72 16
71 17
70 17
70 17
69 17
68 18
67 18
67 18
66 19
65 19
65 19
64 20
63 20
62 21
62 21
61 22
60 22
60 22
59 23
59 24
59 24
58 25
58 25
58 26
58 26
59 26
59 26
60 25
60 25
60 25
61 24
61 24
62 23
62 23
63 22
63 22
64 21
65 21
65 21
66 21
67 20
68 20
68 20
69 19
70 19
71 18
72 18
72 18
73 17
74 16
75 16
76 15
76 15
77 15
78 14
79 14
79 14
80 13
81 13
81 13
81 13
80 14
80 15
79 16
79 16
78 17
77 18
76 19
76 19
75 20
74 21
73 21
72 22
72 22
71 23
70 24
69 24
68 25
67 26
67 26
66 27
65 27
64 28
63 28
62 29
62 29
61 30
60 31
59 32
59 32
58 33
57 33
56 34
56 34
55 35
55 35
56 35
56 35
57 35
58 35
58 35
59 35
60 34
61 34
61 34
62 34
63 33
64 33
64 33
65 33
66 32
67 32
68 31
69 31
69 31
70 31
71 30
72 30
73 30
73 30
74 29
75 29
76 28
76 28
77 28
78 27
79 27
79 27
80 27
80 27
80 27
79 28
79 28
78 29
77 30
77 30
76 31
75 32
74 33
74 33
73 34
72 35
71 36
71 36
70 37
69 38
68 38
67 39
67 39
66 40
65 41
64 42
64 42
63 43
62 44
61 45
61 45
60 46
60 47
59 48
59 48
59 49
59 49
60 50
60 50
61 50
61 50
62 51
63 51
63 51
64 51
65 51
65 51
66 51
67 51
67 51
67 52
67 52
67 53
67 53
67 54
66 55
66 56
66 56
65 57
65 58
65 58
64 59
64 60
63 61
63 61
63 62
62 63
62 64
62 65
62 65
62 66
62 67
62 67
63 68
63 68
64 69
65 69
65 69
66 69
67 69
68 69
68 69
69 69
70 68
71 68
72 67
73 67
73 67
74 66
75 66
76 65
77 65
78 64
78 64
79 63
80 63
81 62
82 62
83 61
83 61
84 60
85 59
86 59
87 58
88 57
88 57
89 56
90 55
91 54
92 53
92 53
93 52
94 51
95 51
96 50
96 50
96 49
97 48
97 47
98 46
98 45
98 45
99 44
99 43
100 42
100 41
100 41
100 40
100 39
99 38
99 37
99 36
99 36
99 35
98 34
98 33
98 32
97 31
97 30
97 30
96 29
95 28
95 27
94 26
93 25
93 25
92 24
91 23
91 22
90 21
89 20
89 20
88 19
87 18
86 18
85 17
85 17
84 16
83 16
82 15
81 15
81 15
80 15
79 14
78 14
78 14
77 14
76 14
75 14
75 14
74 14
73 14
72 14
72 14
71 15
70 16
69 17
69 17
68 18
67 19
67 20
66 21
66 21
66 22
65 23
65 24
64 25
64 26
64 26
64 27
64 28
64 29
64 30
64 31
64 32
64 33
64 34
64 34
64 35
64 36
64 37
65 38
65 39
65 40
65 41
65 42
65 42
65 43
65 44
65 45
65 46
66 47
66 48
66 49
66 50
66 51
66 51
66 52
67 53
67 54
67 55
68 56
68 57
68 58
69 59
69 60
69 60
69 61
70 62
70 63
70 64
70 65
71 66
71 67
71 68
71 68
71 69
71 70
71 71
72 72
72 73
72 74
72 75
72 75
72 76
72 77
72 78
72 79
72 80
72 81
72 81
72 82
72 83
72 84
72 85
72 86
72 87
72 87
72 88
71 89
71 90
71 91
71 91
71 92
71 93
71 94
71 95
71 95
71 96
70 97
70 98
70 98
70 99
70 100
