0 18
0 18
0 17
0 17
0 16
0 15
0 15
0 15
1 14
1 13
1 13
2 12
2 11
3 10
3 10
4 9
5 8
5 7
6 6
6 6
7 5
8 5
9 4
10 4
10 4
11 3
12 2
13 1
13 1
14 1
15 1
16 1
16 1
17 1
18 1
18 1
19 2
20 2
20 2
20 3
20 4
20 5
20 5
20 6
20 7
20 8
20 9
20 10
20 10
20 11
20 12
20 13
20 14
20 15
20 15
20 16
20 17
19 18
19 19
19 20
19 21
19 21
19 22
18 23
18 24
18 25
18 26
17 27
17 28
17 28
17 29
16 30
16 31
16 32
16 32
15 33
15 34
14 35
14 36
14 36
14 37
13 38
13 39
13 39
13 40
13 41
13 41
12 42
12 43
12 43
11 44
11 44
11 43
11 42
10 41
10 40
10 39
10 38
10 37
9 36
9 35
9 34
9 33
9 32
9 31
8 30
8 29
8 28
8 27
8 26
7 25
7 24
7 23
7 23
7 22
7 21
8 20
8 19
8 18
8 18
8 19
8 19
7 20
7 20
7 21
7 22
7 23
7 23
7 24
7 25
7 26
6 27
6 28
6 29
6 30
6 30
6 31
6 32
6 33
6 34
6 35
6 35
6 36
6 37
6 38
6 39
6 40
6 41
6 41
6 42
6 43
5 44
5 45
5 46
5 47
5 47
5 48
5 49
5 50
4 51
4 52
4 53
4 54
4 54
4 55
4 56
3 57
3 58
3 59
3 59
3 60
2 61
2 62
2 63
2 63
1 64
1 65
1 65
1 66
1 66
1 67
1 67
2 67
2 67
3 66
3 66
4 65
4 64
4 64
5 63
6 62
6 61
7 60
7 60
8 59
9 58
10 57
10 57
11 56
12 55
13 54
14 53
14 53
15 53
16 52
17 52
17 52
18 52
19 51
20 51
21 51
21 51
22 51
23 51
24 51
25 51
25 51
26 52
27 52
28 53
28 53
29 54
29 55
30 56
30 56
30 57
30 58
31 59
31 60
31 61
31 62
31 62
31 63
31 64
31 65
31 66
31 67
31 67
31 68
31 69
31 70
31 71
31 72
31 73
31 73
31 74
31 75
31 76
30 77
30 78
30 79
30 80
30 80
30 81
29 82
29 83
28 84
28 85
28 85
28 86
27 87
27 88
27 89
27 89
26 90
26 91
25 92
25 93
25 93
24 94
24 95
23 96
23 96
22 97
21 97
20 98
20 98
19 99
18 99
17 100
17 100
16 100
15 100
14 100
14 100
13 100
12 100
11 100
10 100
10 100
9 99
8 99
7 98
7 98
6 97
5 97
4 96
4 96
3 95
2 94
2 94
1 93
1 92
1 92
0 91
0 91
0 90
0 89
0 89
1 88
1 87
1 87
2 86
2 85
3 84
3 84
4 83
4 82
5 81
5 81
6 80
6 79
7 78
7 78
8 77
9 76
10 76
11 75
11 75
12 74
13 74
14 73
14 73
15 72
16 72
17 71
17 71
18 70
19 70
20 69
20 69
21 68
21 67
22 66
23 65
23 64
24 63
25 62
25 61
26 60
26 59
27 58
28 57
28 56
29 55
30 54
30 53
31 52
32 51
32 50
33 49
34 48
34 47
35 46
36 45
36 44
37 43
37 42
38 41
39 40
39 39
40 38
41 37
41 36
42 35
43 34
43 33
44 32
45 31
45 30
46 29
46 28
47 27
48 26
48 25
49 24
50 23
50 22
51 21
51 21
51 20
51 20
51 19
51 18
51 17
51 17
51 16
51 16
52 17
52 18
52 18
52 19
53 20
53 21
53 21
53 22
54 23
54 24
54 25
54 25
55 26
55 27
56 28
56 29
56 29
57 30
57 31
57 31
58 32
58 33
58 33
58 34
58 34
58 35
58 35
59 34
59 34
60 33
60 32
60 32
60 31
60 30
61 29
61 28
61 27
61 27
61 26
62 25
62 24
62 23
63 22
63 21
63 21
63 20
64 19
64 18
64 17
65 16
65 15
65 15
66 14
67 13
68 12
68 12
69 11
69 10
69 10
70 11
70 11
71 12
71 12
71 13
71 13
71 14
72 15
72 16
72 16
72 17
72 18
72 19
72 19
72 20
71 21
71 22
71 23
71 23
71 24
71 25
70 26
70 27
70 28
70 28
70 29
69 30
69 31
68 32
68 33
68 33
67 34
66 35
66 36
65 37
64 38
64 38
63 39
63 40
62 41
61 42
61 43
60 44
60 44
59 45
58 46
57 47
56 48
55 49
55 49
54 50
53 51
52 51
51 52
50 53
50 53
49 54
48 55
47 56
47 56
46 57
45 57
45 57
44 58
44 58
44 58
45 58
45 58
46 57
47 57
47 57
48 56
49 56
50 55
50 55
51 54
52 54
53 53
54 53
55 52
55 52
56 51
57 50
58 49
59 48
60 47
60 47
61 46
62 46
63 45
64 44
65 44
66 43
66 43
67 42
68 42
69 41
70 41
71 40
72 40
73 39
73 39
74 38
75 38
76 37
77 37
77 37
78 36
79 36
79 36
80 35
80 35
79 35
79 35
78 34
77 34
77 34
76 33
75 32
75 31
74 30
73 29
72 28
71 27
71 26
70 25
69 24
68 23
67 22
66 21
66 20
65 19
64 18
63 17
62 16
62 15
61 14
60 13
60 13
60 14
60 15
60 15
59 15
59 15
60 16
60 17
60 17
60 18
60 19
60 20
60 21
60 22
60 22
60 23
60 24
60 25
60 26
60 27
60 28
60 29
60 30
60 30
60 31
60 32
60 33
60 34
60 35
60 36
60 37
60 38
60 38
60 39
60 40
60 41
60 42
60 43
60 44
60 45
60 46
60 46
60 47
60 48
60 49
60 50
59 51
59 52
59 53
59 54
59 55
59 55
59 56
59 57
59 58
58 59
58 60
58 61
58 62
58 62
58 63
58 64
57 65
57 66
57 67
57 67
57 68
57 69
57 70
57 71
57 71
56 72
56 73
56 73
56 74
56 74
56 73
56 73
56 72
57 71
57 70
57 69
58 68
58 67
58 66
59 65
59 64
59 63
60 62
60 61
61 60
61 59
61 58
62 57
62 56
62 55
63 54
63 53
63 52
64 51
64 50
64 50
65 50
66 50
66 50
66 50
66 50
66 50
66 51
66 52
66 53
66 53
66 54
67 55
67 56
67 57
67 57
67 58
67 59
67 60
67 61
67 62
67 62
67 63
67 64
68 65
68 66
68 67
68 67
68 68
68 69
68 70
68 70
68 71
69 72
69 73
69 74
69 74
69 75
70 76
70 77
70 77
70 78
70 79
70 80
70 80
71 81
72 82
72 82
73 83
73 84
73 84
74 85
75 85
75 85
76 85
77 85
78 85
78 85
79 85
80 84
81 84
82 84
82 84
83 83
84 83
85 82
86 82
86 82
87 81
88 81
89 80
90 80
90 80
91 79
92 78
93 77
93 77
94 76
95 75
96 74
96 74
97 73
97 72
98 71
98 71
98 70
99 69
99 68
99 67
99 67
99 66
100 65
100 64
100 63
100 63
100 62
100 61
99 60
99 59
99 58
99 57
99 57
99 56
99 55
99 54
98 53
98 52
98 51
98 50
98 50
98 49
97 48
97 47
97 46
97 45
96 44
96 43
96 42
96 42
96 41
95 40
95 39
95 38
95 37
94 36
94 35
94 35
93 34
93 33
92 32
92 31
91 30
