9 13
8 12
8 12
7 11
7 10
7 10
6 9
6 8
6 8
6 8
5 7
5 7
5 7
6 7
6 7
7 8
7 8
8 7
9 7
9 7
10 7
11 6
12 6
12 6
13 6
14 5
15 5
16 5
16 5
17 4
18 4
19 3
20 3
20 3
21 2
22 2
23 1
24 1
24 1
25 1
26 0
27 0
28 0
28 0
29 1
30 1
30 1
31 2
32 2
32 2
33 3
33 4
33 4
33 5
34 6
34 7
34 7
34 8
33 9
33 10
33 11
33 11
33 12
33 13
33 14
32 15
32 16
32 17
32 18
32 18
32 19
32 20
32 21
31 22
31 23
31 24
31 25
31 25
31 26
30 27
30 28
30 29
29 30
29 31
29 31
29 32
29 33
28 34
28 35
28 36
28 36
28 37
27 38
27 39
27 40
27 40
27 41
26 42
26 43
26 43
25 44
25 44
25 43
25 42
24 41
24 40
24 39
24 38
24 37
24 36
23 35
23 34
23 33
23 32
23 31
22 30
22 29
22 28
22 27
22 26
21 25
21 24
21 23
21 22
21 21
21 20
20 19
20 18
20 17
20 17
19 18
19 18
18 19
18 19
18 20
18 21
18 21
18 22
17 23
17 24
17 25
17 25
17 26
17 27
16 28
16 29
16 30
16 30
16 31
16 32
16 33
16 34
16 35
16 35
16 36
15 37
15 38
14 39
14 40
14 40
14 41
13 42
13 43
13 44
13 44
13 45
13 46
13 47
13 48
13 48
13 49
12 50
12 51
12 51
12 52
12 52
11 53
11 53
11 53
12 53
12 53
13 54
13 54
14 53
14 53
15 52
16 52
17 51
17 51
18 50
19 50
20 49
21 49
21 49
22 48
23 48
24 47
24 47
25 46
26 45
27 44
28 43
28 43
29 43
30 43
31 43
31 43
32 43
33 43
33 43
34 44
34 44
34 45
34 46
34 47
34 47
34 48
35 49
35 50
35 51
35 51
35 52
35 53
34 54
34 55
34 56
34 57
34 57
34 58
34 59
34 60
34 61
34 62
34 63
34 64
34 64
34 65
34 66
34 67
33 68
33 69
33 70
33 71
33 72
33 72
33 73
33 74
33 75
33 76
32 77
32 78
32 79
32 80
32 81
32 81
32 82
32 83
32 84
31 85
31 86
31 87
31 88
31 88
31 89
31 90
30 91
30 92
30 93
30 93
30 94
29 95
29 96
29 97
29 97
28 98
28 99
28 99
27 100
27 100
27 100
26 100
26 100
25 99
25 98
25 98
24 97
24 96
23 95
23 95
22 94
22 93
21 92
21 91
21 91
20 91
19 90
18 90
18 90
17 90
16 89
15 89
15 89
14 89
13 88
12 88
12 88
11 88
10 88
9 88
9 88
8 88
7 87
6 87
6 87
5 87
4 87
3 87
3 87
2 86
2 85
2 85
1 84
0 84
0 84
0 83
0 82
0 82
0 82
0 81
0 81
1 80
1 80
2 79
3 78
3 78
4 78
5 77
6 77
6 77
7 76
8 76
9 75
9 75
10 75
11 74
12 74
13 74
13 74
14 73
15 73
16 72
17 72
17 72
18 72
19 72
20 72
20 72
21 71
22 70
23 69
24 68
25 67
26 67
27 66
28 65
29 64
30 63
31 62
32 61
33 60
34 59
35 58
36 58
37 57
38 56
39 55
40 54
41 53
42 52
43 51
44 50
45 49
46 49
47 48
48 47
49 46
50 45
51 44
52 43
53 42
54 41
55 40
56 40
57 39
58 38
59 37
60 36
60 36
61 36
61 36
61 35
61 34
61 34
60 33
60 33
60 34
60 34
61 35
61 35
61 36
62 37
62 38
62 38
62 39
62 40
62 41
62 41
62 42
63 43
63 44
63 44
63 45
63 46
63 47
63 48
63 48
63 49
63 50
63 50
64 51
64 51
65 50
65 49
66 48
66 47
67 46
67 45
68 44
68 43
69 42
69 41
70 40
70 39
71 38
71 37
72 36
72 35
73 34
73 33
74 32
74 31
75 30
75 29
76 28
76 27
77 26
77 25
78 24
78 24
78 25
79 26
79 27
79 28
79 28
79 27
79 27
79 28
79 29
79 30
79 30
79 31
79 32
79 33
79 34
79 35
79 35
79 36
79 37
79 38
79 38
79 39
79 40
79 41
79 41
79 42
78 43
78 44
78 45
78 45
77 46
77 47
76 48
76 48
75 49
75 50
74 51
74 52
74 52
73 53
72 54
71 55
71 55
70 56
69 57
68 57
67 58
66 59
66 59
65 60
64 61
63 62
62 63
62 63
61 64
60 65
59 66
58 67
58 67
57 68
56 68
55 69
55 69
54 70
54 70
55 70
55 70
56 70
56 70
57 69
58 69
58 69
59 68
60 68
61 67
61 67
62 67
63 66
64 66
65 66
65 66
66 65
67 65
68 64
69 64
70 63
70 63
71 63
72 62
73 62
74 61
75 61
75 61
76 61
77 61
78 60
79 60
80 60
80 60
81 60
82 59
83 59
83 59
84 59
85 59
85 59
85 59
84 58
84 58
83 57
83 56
83 56
82 55
81 55
81 55
81 54
80 53
80 52
80 51
79 50
79 49
79 48
78 47
78 46
78 45
77 44
77 43
77 42
76 41
76 40
76 39
75 38
75 37
75 36
74 35
74 34
74 33
73 32
73 31
73 30
72 29
72 28
72 28
72 29
72 30
72 30
72 29
72 29
72 30
72 31
72 32
72 32
72 33
72 34
72 35
72 36
72 37
72 37
72 38
72 39
72 40
71 41
71 42
71 43
71 44
71 44
71 45
71 46
71 47
71 48
71 49
71 50
71 51
71 51
71 52
70 53
70 54
70 55
70 56
69 57
69 58
69 59
69 59
69 60
68 61
68 62
68 63
68 64
67 65
67 66
67 67
67 67
67 68
66 69
66 70
66 71
66 72
65 73
65 74
65 75
65 75
65 76
65 77
64 78
64 79
64 80
64 81
64 81
63 82
63 83
63 83
63 84
63 85
63 85
63 85
63 84
64 83
64 82
65 81
65 80
65 79
66 78
66 77
67 76
67 75
67 74
68 73
68 72
68 71
69 70
69 69
70 68
70 67
70 67
71 66
72 65
73 64
73 64
73 63
73 63
73 63
73 64
73 64
73 65
73 66
73 66
73 67
73 68
73 68
73 69
72 70
72 71
72 72
72 72
72 73
72 74
72 75
72 76
72 76
72 77
71 78
71 79
71 80
71 80
71 81
71 82
71 83
71 83
71 84
71 84
71 85
71 86
71 86
72 86
72 86
73 87
74 87
74 87
75 87
76 87
76 87
77 87
78 87
79 87
79 87
80 87
81 86
82 86
82 86
83 86
84 85
85 85
86 85
86 85
87 85
88 84
89 84
89 84
90 84
91 83
92 83
92 83
93 82
94 82
94 82
95 82
96 82
96 82
97 81
97 81
97 80
97 80
98 79
98 78
98 78
98 77
98 76
98 75
98 75
98 74
99 73
99 72
99 72
99 71
99 70
99 69
99 68
99 67
99 67
99 66
99 65
99 64
99 63
99 62
99 61
99 61
99 60
99 59
99 58
100 57
100 56
100 55
100 54
100 53
100 53
100 52
100 51
100 50
99 49
99 48
99 47
99 46
99 45
