0 11
0 11
0 11
0 10
0 10
1 9
1 9
2 8
3 7
3 7
4 6
5 5
5 5
6 4
7 4
7 4
8 3
9 3
10 2
10 2
11 2
12 1
13 1
13 1
14 1
15 0
16 0
16 0
17 1
18 1
18 1
19 2
19 3
19 3
19 4
20 5
20 6
20 6
20 7
21 8
21 9
21 9
21 10
21 11
21 12
21 13
21 13
21 14
21 15
20 16
20 17
20 18
20 18
20 19
20 20
20 21
20 22
20 23
20 24
20 24
20 25
20 26
19 27
19 28
19 29
19 29
19 30
18 31
18 32
17 33
17 34
17 34
17 35
17 36
16 37
16 38
16 39
16 39
16 40
15 41
15 42
15 42
15 41
15 40
15 39
15 38
15 37
15 36
15 35
14 34
14 33
14 32
14 31
14 30
14 29
14 28
14 27
14 26
14 25
14 24
14 23
14 22
14 21
13 20
13 19
13 18
13 17
13 16
13 15
13 14
13 13
13 13
13 12
14 11
14 10
14 9
14 9
14 9
14 9
14 10
14 11
14 12
14 12
14 13
14 14
13 15
13 16
13 17
13 17
13 18
13 19
13 20
12 21
12 22
12 23
12 24
12 24
12 25
12 26
12 27
11 28
11 29
11 30
11 31
11 31
11 32
10 33
10 34
10 35
10 36
9 37
9 38
9 38
9 39
9 40
9 41
8 42
8 43
8 44
8 45
8 45
8 46
7 47
7 48
7 49
7 50
6 51
6 52
6 52
6 53
6 54
5 55
5 56
5 57
5 58
5 58
5 59
4 60
4 61
4 62
4 62
4 63
4 64
4 65
4 65
4 66
4 66
4 67
4 67
5 66
6 66
6 66
7 65
8 64
8 64
9 63
9 62
10 61
10 61
11 60
12 59
13 59
14 58
14 58
15 57
16 56
17 55
17 55
18 54
19 53
20 53
21 52
21 52
22 51
23 51
24 50
24 50
25 50
26 49
27 49
27 49
28 49
29 49
30 49
30 49
31 50
31 51
31 51
32 52
33 53
33 53
33 54
34 55
34 56
34 56
34 57
34 58
34 59
34 60
34 60
34 61
34 62
34 63
34 64
34 64
34 65
34 66
33 67
33 68
33 69
33 69
33 70
33 71
33 72
33 73
33 74
33 75
33 75
33 76
32 77
32 78
31 79
31 80
31 80
31 81
31 82
30 83
30 84
30 85
30 85
30 86
30 87
29 88
29 89
29 90
29 91
29 91
28 92
28 93
27 94
27 95
27 95
26 96
26 97
25 98
25 98
24 99
23 100
23 100
22 100
21 100
21 100
20 100
19 100
19 100
18 100
17 100
16 100
16 100
15 99
14 98
14 98
13 97
12 97
12 97
11 96
10 95
10 95
9 94
8 93
8 93
7 92
7 91
7 91
6 90
6 89
6 89
6 88
6 87
6 87
6 86
6 85
6 85
7 84
7 83
7 83
8 82
8 81
8 81
9 80
10 79
10 79
11 78
12 77
13 76
13 76
14 75
15 74
16 73
16 73
17 72
18 71
18 70
19 69
19 69
20 68
21 67
22 66
22 66
23 65
23 64
24 63
25 62
25 61
26 60
26 59
27 58
28 57
28 56
29 55
30 54
30 53
31 52
31 51
32 50
33 49
33 48
34 47
35 46
35 45
36 44
37 43
37 42
38 41
38 40
39 39
40 38
40 37
41 36
42 35
42 34
43 33
43 32
44 31
45 30
45 29
46 28
47 27
47 26
48 25
48 24
49 23
50 22
50 21
51 20
51 20
50 19
50 18
50 18
50 17
50 17
50 17
50 18
50 18
50 19
50 19
51 20
51 21
51 21
51 22
52 23
52 24
52 24
52 25
53 26
53 27
53 28
53 28
54 29
54 30
55 31
55 32
55 32
55 33
56 34
56 35
56 35
56 36
57 37
57 38
57 38
58 39
59 40
59 40
60 41
60 41
61 40
61 40
62 39
63 39
63 39
64 38
64 37
65 36
65 35
65 35
65 34
66 33
66 32
67 31
67 30
67 30
67 29
68 28
68 27
68 26
69 25
69 24
69 24
70 23
70 22
71 21
71 20
72 19
72 19
72 18
73 17
73 16
73 15
73 15
74 14
74 13
74 13
75 12
75 12
75 13
75 13
74 14
74 14
74 15
73 16
73 17
73 17
73 18
72 19
72 20
71 21
71 22
71 22
71 23
70 24
70 25
69 26
69 27
69 27
68 28
68 29
67 30
67 31
66 32
66 32
66 33
65 34
65 35
65 36
65 37
64 38
64 39
64 39
64 40
63 41
63 42
62 43
62 44
61 45
61 46
61 46
60 47
60 48
59 49
59 50
58 51
58 52
58 52
58 53
57 54
57 55
57 56
56 57
56 58
56 58
56 59
55 60
55 61
54 62
54 63
54 63
54 64
53 65
53 66
53 67
53 67
52 68
52 69
52 69
52 70
52 70
53 70
53 70
54 69
54 69
55 68
56 68
56 68
57 67
58 66
58 66
59 65
60 64
61 63
61 63
62 62
63 61
64 60
64 60
65 59
66 58
66 57
67 56
67 56
68 55
68 54
69 53
69 53
70 52
71 51
72 50
72 50
73 49
73 48
74 47
74 47
75 46
75 45
76 44
76 44
77 43
77 42
77 42
77 41
76 40
76 39
75 38
75 37
75 36
74 35
74 34
74 33
73 32
73 31
72 30
72 29
72 28
71 27
71 26
70 25
70 24
70 23
69 22
69 21
68 20
68 19
68 18
67 17
67 16
67 15
66 14
66 13
65 12
65 11
65 11
64 11
63 11
62 11
62 11
61 12
61 12
60 12
60 12
60 13
60 14
60 15
60 15
60 16
60 17
60 18
60 18
60 19
60 20
60 21
60 22
60 23
60 23
60 24
60 25
60 26
60 27
60 28
60 29
60 30
60 30
60 31
60 32
60 33
60 34
60 35
60 36
60 37
60 38
60 38
60 39
60 40
60 41
59 42
59 43
59 44
59 45
59 46
59 46
59 47
59 48
59 49
59 50
58 51
58 52
58 53
58 54
58 55
58 55
58 56
58 57
58 58
58 59
57 60
57 61
57 62
57 63
57 64
57 64
57 65
57 66
57 67
57 68
56 69
56 70
56 71
56 72
56 73
56 73
56 74
56 75
56 76
55 77
55 78
55 79
55 80
55 80
55 81
54 82
54 83
53 84
53 85
53 85
53 86
53 87
52 88
52 89
52 90
52 90
52 91
51 92
51 93
51 93
51 94
51 95
51 95
50 95
50 95
50 94
50 94
50 93
51 92
51 91
51 90
52 89
52 88
53 87
53 86
53 85
54 84
54 83
54 82
55 81
55 80
55 79
56 78
56 77
56 76
57 75
57 74
58 73
58 72
58 71
59 70
59 69
59 68
60 67
60 66
60 65
61 64
61 63
61 62
62 61
62 60
63 59
63 58
63 57
64 56
64 55
64 54
65 53
65 52
65 52
66 51
66 50
67 49
67 48
68 47
68 47
68 46
68 46
69 47
69 47
69 48
69 49
69 49
69 50
68 51
68 52
68 52
68 53
68 54
68 55
68 56
68 56
68 57
68 58
68 59
68 60
68 61
68 61
68 62
68 63
68 64
68 65
68 66
68 66
68 67
67 68
67 69
67 70
67 70
67 71
67 72
67 73
67 74
67 75
67 75
67 76
68 77
68 78
68 79
68 79
68 80
68 81
68 82
68 82
68 83
69 84
69 85
69 85
70 86
70 87
70 87
71 88
72 89
72 89
73 89
74 89
75 89
75 89
76 89
77 89
78 89
78 89
79 89
80 88
81 88
81 88
82 87
83 87
84 86
85 86
85 86
86 85
87 84
88 84
89 83
89 83
90 82
91 82
92 81
93 81
93 81
94 80
94 79
95 78
95 78
96 77
97 77
98 76
98 76
99 75
99 74
99 74
99 73
99 72
99 71
99 71
99 70
100 69
100 68
100 68
100 67
100 66
99 65
99 64
99 63
99 63
99 62
99 61
99 60
99 59
99 58
99 57
99 57
99 56
99 55
99 54
99 53
99 52
99 51
99 50
99 49
99 49
99 48
99 47
99 46
99 45
99 44
99 43
99 42
99 41
