2 20
2 19
2 18
2 18
2 17
2 16
2 15
2 15
2 15
2 15
3 14
3 14
4 13
5 13
5 13
6 12
7 12
8 11
8 11
9 10
9 9
10 8
10 8
11 7
12 6
13 5
13 5
14 4
15 4
16 3
16 3
17 2
18 2
18 2
19 1
19 0
19 0
20 0
21 0
21 0
21 1
21 1
22 2
22 3
22 3
22 4
22 5
22 6
22 6
22 7
22 8
22 9
22 10
22 11
22 11
22 12
22 13
22 14
22 15
22 16
22 17
22 17
22 18
22 19
22 20
22 21
21 22
21 23
21 24
21 25
21 26
21 26
21 27
21 28
21 29
20 30
20 31
20 32
20 33
20 34
20 34
20 35
20 36
20 37
19 38
19 39
19 40
19 41
19 41
19 42
19 43
18 44
18 45
18 46
18 46
18 47
18 48
18 49
18 50
18 50
17 51
17 52
17 52
16 53
16 53
16 52
15 51
15 50
15 49
15 48
14 47
14 46
14 45
14 44
13 43
13 42
13 41
13 40
12 39
12 38
12 37
12 36
11 35
11 34
11 33
11 32
10 31
10 30
10 29
10 29
10 30
10 31
10 31
9 32
9 32
8 31
7 31
7 31
7 32
6 33
6 34
6 35
6 35
6 36
6 37
6 38
6 39
6 40
6 40
6 41
6 42
6 43
6 44
6 45
6 45
6 46
6 47
5 48
5 49
5 50
5 50
5 51
5 52
5 53
5 54
5 54
5 55
5 56
4 57
4 58
4 59
4 59
4 60
3 61
3 62
3 62
3 63
3 64
3 64
3 64
3 65
3 65
4 64
4 64
5 63
5 63
6 62
6 61
7 60
7 60
8 59
9 58
9 57
10 56
10 56
11 55
12 54
12 53
13 52
14 51
14 51
15 50
15 49
16 48
16 47
17 46
17 46
18 45
19 45
20 44
21 44
21 44
22 43
23 43
24 42
24 42
25 42
26 42
27 42
27 42
28 43
29 43
29 43
30 44
30 45
30 45
30 46
31 47
31 48
31 49
31 49
31 50
31 51
31 52
31 53
31 54
31 55
31 55
31 56
31 57
31 58
31 59
31 60
31 61
31 62
31 62
31 63
31 64
31 65
31 66
31 67
31 68
31 69
31 70
31 71
31 71
31 72
31 73
31 74
31 75
31 76
31 77
31 78
31 78
31 79
31 80
31 81
30 82
30 83
30 84
30 85
30 85
30 86
30 87
30 88
30 89
30 90
30 90
30 91
29 92
29 93
29 94
29 94
29 95
29 96
29 97
29 97
28 98
28 99
28 99
27 100
27 100
26 100
26 100
25 100
25 100
24 99
24 98
24 98
23 97
23 96
22 95
22 95
21 95
20 95
19 94
18 94
17 94
16 94
15 94
14 94
13 93
12 93
11 93
10 93
9 93
8 92
7 92
6 92
5 92
4 92
3 92
2 91
1 91
0 91
0 91
0 92
0 92
0 91
0 90
0 90
0 89
0 88
0 88
0 88
1 87
2 87
2 87
3 86
4 85
5 84
5 84
6 83
7 82
8 82
9 81
9 81
10 80
11 79
12 79
13 78
13 78
14 77
15 76
16 76
17 75
17 75
18 74
19 73
19 72
20 71
21 70
21 70
22 69
23 68
24 67
24 67
25 66
26 65
26 65
27 64
28 64
28 64
29 63
30 62
30 61
31 60
32 59
33 58
33 57
34 56
35 55
36 54
37 53
37 52
38 51
39 50
40 49
40 48
41 47
42 46
43 45
43 44
44 43
45 42
46 41
47 40
47 39
48 38
49 37
50 36
50 35
51 34
52 33
53 32
54 31
54 30
55 29
56 28
57 27
57 26
58 25
59 24
60 23
60 22
61 21
62 20
62 20
62 21
62 21
61 21
61 21
60 20
60 19
60 19
60 20
60 21
60 21
60 22
61 23
61 24
61 24
61 25
61 26
61 27
61 28
61 29
61 29
61 30
62 31
62 32
62 33
62 33
63 34
64 35
64 35
65 36
65 37
65 37
66 37
66 37
67 36
67 36
67 35
68 34
68 33
69 32
69 31
69 30
70 29
70 28
70 27
71 26
71 25
72 24
72 23
72 22
73 21
73 20
73 19
74 18
74 17
75 16
75 15
75 15
76 14
77 13
77 13
77 14
77 14
77 13
77 13
77 14
77 14
77 15
78 16
78 17
78 17
78 18
78 19
78 20
78 20
78 21
78 22
77 23
77 24
77 25
77 25
77 26
77 27
77 28
77 29
77 29
77 30
76 31
76 32
75 33
75 34
75 34
74 35
74 36
73 37
73 38
73 38
72 39
72 40
71 41
71 42
70 43
70 43
69 44
68 45
68 46
67 47
66 48
66 48
65 49
64 50
64 51
63 52
62 53
62 53
61 54
60 55
59 55
58 56
58 56
57 57
56 58
56 58
55 59
55 59
55 60
55 60
55 60
55 61
55 61
56 60
57 60
57 60
58 59
59 58
59 58
60 57
61 56
62 56
63 55
63 55
64 54
65 53
66 53
67 52
68 51
68 51
69 50
70 49
71 49
72 48
72 48
73 47
74 46
75 46
76 45
77 44
77 44
78 43
79 43
80 42
80 42
81 42
82 41
83 41
83 41
83 41
83 41
82 40
82 40
81 39
81 39
80 38
79 38
79 38
78 37
77 36
76 35
76 35
76 34
75 33
75 32
75 31
74 30
74 29
74 28
73 27
73 26
73 25
73 24
72 23
72 22
72 21
71 20
71 19
71 19
71 19
71 19
71 19
71 19
71 20
72 21
72 22
72 22
72 23
72 24
72 25
72 26
72 27
72 27
72 28
72 29
72 30
72 31
72 32
72 33
72 34
72 34
72 35
72 36
72 37
71 38
71 39
71 40
71 41
71 42
71 42
71 43
71 44
71 45
71 46
70 47
70 48
70 49
70 50
70 51
70 52
70 52
70 53
70 54
70 55
70 56
69 57
69 58
69 59
69 60
69 61
69 61
69 62
69 63
69 64
68 65
68 66
68 67
68 68
68 69
68 69
68 70
67 71
67 72
67 73
66 74
66 75
66 75
66 76
66 77
65 78
65 79
65 80
65 80
64 81
64 82
64 82
64 83
64 84
64 84
64 84
65 83
65 83
65 82
66 81
66 80
66 79
66 78
67 77
67 76
67 75
67 74
68 73
68 72
68 71
68 70
69 69
69 68
69 67
69 66
70 65
70 64
70 63
70 62
71 61
71 60
71 59
71 58
72 57
72 56
72 55
72 54
73 53
73 52
73 51
73 51
74 51
75 50
76 50
77 50
77 50
77 49
77 49
77 48
77 48
77 49
77 49
77 50
77 51
77 51
77 52
77 53
77 54
77 54
77 55
77 56
77 57
77 58
77 58
77 59
77 60
76 61
76 62
76 63
76 63
76 64
76 65
76 66
76 67
76 68
76 68
76 69
76 70
76 71
76 72
76 72
76 73
75 74
75 75
75 75
75 76
75 77
75 77
75 78
75 79
75 79
76 80
76 80
77 81
77 82
77 82
78 82
79 82
79 82
80 82
81 82
81 82
82 82
83 81
84 81
84 81
85 81
86 80
87 80
87 80
88 79
89 79
90 78
90 78
91 77
92 77
93 76
93 76
94 75
95 75
96 74
96 74
97 73
98 72
98 72
99 71
99 70
99 70
99 69
99 68
99 68
99 67
100 66
100 65
100 65
99 64
99 63
99 63
99 62
98 61
98 60
98 59
98 59
98 58
97 57
97 56
97 55
97 55
97 54
97 53
96 52
96 51
96 50
96 49
96 49
96 48
96 47
96 46
95 45
95 44
95 43
95 42
95 42
95 41
94 40
94 39
94 38
94 37
93 36
93 35
