2 15
2 15
2 15
2 15
2 14
2 14
3 14
3 14
4 13
4 13
5 12
5 11
5 11
6 10
7 10
7 10
8 9
9 8
10 7
10 7
11 6
12 6
13 5
13 5
14 4
15 4
16 3
16 3
17 3
18 2
19 2
19 2
20 1
21 1
21 1
22 0
23 0
23 0
24 1
25 1
25 1
26 1
26 1
27 2
27 2
27 3
27 3
27 4
27 4
27 5
27 6
27 6
27 7
27 8
27 9
27 10
27 10
27 11
26 12
26 13
26 13
26 14
26 15
25 16
25 17
25 18
25 18
25 19
25 20
24 21
24 22
24 23
24 23
23 24
23 25
22 26
22 27
22 27
22 28
22 29
21 30
21 31
21 32
21 33
21 33
21 34
20 35
20 36
20 37
19 38
19 39
19 39
19 40
19 41
18 42
18 43
18 44
18 44
18 45
17 46
17 47
17 47
17 48
17 49
17 49
17 50
17 50
16 50
16 50
16 50
17 50
17 50
17 49
17 49
17 48
17 47
17 46
17 45
17 44
17 43
17 42
17 41
17 40
17 39
17 38
17 37
17 36
17 35
17 34
17 33
17 32
17 31
17 30
17 29
17 28
17 28
17 27
17 26
17 26
17 25
17 25
17 25
17 25
17 26
17 26
16 27
16 28
16 28
16 29
15 30
15 31
15 31
15 32
14 33
14 34
14 34
14 35
13 36
13 37
13 38
13 38
13 39
12 40
12 41
12 42
12 42
12 43
11 44
11 45
11 46
11 46
11 47
10 48
10 49
10 50
10 50
10 51
9 52
9 53
9 54
9 54
9 55
9 56
9 56
9 57
8 58
8 59
8 59
8 60
8 60
8 61
8 61
9 61
9 61
9 61
10 60
11 60
11 60
12 59
13 58
13 58
14 57
14 56
15 55
15 55
16 54
17 53
18 52
18 52
19 51
19 50
20 49
20 49
21 48
22 48
23 47
23 47
24 46
25 46
26 45
26 45
27 45
28 44
29 44
29 44
30 43
31 43
31 43
32 43
33 43
33 43
34 43
34 43
35 44
35 45
35 45
36 46
36 46
37 47
37 48
37 48
37 49
37 50
37 51
37 51
37 52
37 53
37 54
37 55
37 55
37 56
37 57
37 58
37 59
37 59
37 60
36 61
36 62
36 63
36 63
36 64
35 65
35 66
35 67
35 67
35 68
35 69
34 70
34 71
34 72
34 72
34 73
33 74
33 75
33 76
33 76
32 77
32 78
31 79
31 80
31 80
31 81
30 82
30 83
29 84
29 85
29 85
28 86
28 87
27 88
27 89
27 89
27 90
26 91
26 92
26 93
26 93
25 94
25 95
24 96
24 96
23 97
23 98
23 98
22 99
22 100
22 100
22 100
21 100
21 100
21 100
20 99
20 99
20 98
20 98
19 97
19 96
19 96
18 95
18 94
18 94
17 93
17 93
16 93
15 93
14 92
13 92
12 92
11 92
10 91
9 91
8 91
7 91
6 90
5 90
4 90
4 90
3 91
2 92
2 92
1 92
0 92
0 92
0 92
0 92
0 92
0 92
1 91
1 91
2 90
2 90
3 89
4 88
4 88
5 87
5 86
6 85
6 85
7 84
8 83
9 82
9 82
10 81
11 81
12 80
12 80
13 79
14 78
15 78
16 77
16 77
17 76
18 76
18 76
19 75
20 75
21 74
21 74
22 74
23 73
24 73
24 73
25 72
25 72
26 72
27 72
27 72
28 71
28 71
29 70
30 69
31 68
31 67
32 66
33 65
34 64
35 63
36 62
36 61
37 60
38 59
39 58
40 57
41 56
42 55
42 54
43 53
44 52
45 51
46 50
47 49
47 48
48 47
49 46
50 45
51 44
52 43
53 42
53 41
54 40
55 39
56 38
57 37
58 36
58 35
59 34
60 33
61 32
61 32
61 31
61 30
61 29
61 28
61 27
61 27
61 26
61 25
61 25
61 24
61 24
61 23
61 23
61 23
61 23
62 23
62 23
62 24
62 24
63 25
63 26
63 26
63 27
63 28
63 28
64 29
64 30
64 30
64 31
64 31
65 30
66 29
67 28
68 27
69 26
69 25
70 24
71 23
72 22
73 21
73 21
74 20
75 19
75 19
75 18
75 18
75 17
75 17
76 16
76 16
76 16
76 16
75 17
75 17
74 18
74 18
73 19
73 20
73 20
72 21
72 22
71 23
71 23
70 24
70 25
69 26
69 26
68 27
68 28
67 29
67 30
67 30
66 31
66 32
65 33
65 34
64 35
64 35
63 36
62 37
62 38
61 39
61 39
60 40
60 41
59 42
59 43
58 44
58 44
57 45
57 46
56 47
56 48
56 48
55 49
54 50
54 51
53 52
53 52
53 53
52 54
52 55
52 55
51 56
51 57
50 58
50 58
49 59
49 60
49 60
49 61
49 61
49 61
49 61
50 61
50 61
51 61
51 61
52 60
53 59
53 59
54 58
55 58
56 57
56 57
57 56
58 55
59 54
59 54
60 53
61 53
62 52
63 52
63 52
64 51
65 51
66 50
66 50
67 49
68 49
69 48
70 48
70 48
71 47
72 47
73 46
73 46
74 46
75 45
76 45
76 45
77 45
77 45
78 44
79 44
79 44
80 43
80 43
80 43
80 43
80 43
80 42
79 41
79 40
78 39
78 38
78 37
77 36
77 35
77 34
76 33
76 32
75 31
75 30
75 29
74 28
74 27
73 26
73 25
73 24
72 23
72 22
71 21
71 20
71 19
70 18
70 17
70 16
69 15
69 14
68 13
68 12
68 12
68 11
68 11
68 11
68 11
68 12
68 12
68 13
68 13
68 14
67 15
67 16
67 17
67 17
67 18
67 19
67 20
67 20
67 21
67 22
66 23
66 24
66 25
66 25
66 26
66 27
66 28
66 29
66 30
66 31
66 31
66 32
66 33
66 34
65 35
65 36
65 37
65 38
65 39
65 39
65 40
65 41
65 42
65 43
65 44
65 45
65 46
65 47
65 48
65 48
65 49
65 50
65 51
64 52
64 53
64 54
64 55
64 56
64 56
64 57
64 58
64 59
64 60
64 61
64 62
64 63
64 64
64 65
64 65
64 66
64 67
64 68
63 69
63 70
63 71
63 72
63 72
63 73
63 74
63 75
63 76
63 77
63 78
63 78
63 79
62 80
62 81
62 82
62 82
62 83
62 84
62 84
62 85
62 85
62 86
62 86
63 85
63 85
63 84
63 83
63 83
63 82
63 81
64 80
64 79
64 78
64 77
65 76
65 75
65 74
65 73
66 72
66 71
66 70
66 69
66 68
67 67
67 66
67 65
67 64
68 63
68 62
68 61
68 61
68 60
69 59
69 58
69 58
70 57
70 57
70 57
70 58
70 58
71 59
71 59
71 60
71 61
71 62
71 62
71 63
71 64
71 65
71 65
71 66
71 67
71 68
71 69
71 69
71 70
70 71
70 72
70 73
70 73
70 74
70 75
70 76
70 76
70 77
70 78
70 78
70 79
70 80
70 80
70 81
70 82
70 82
71 83
71 84
71 84
72 85
72 85
73 85
73 85
74 85
75 85
75 85
76 84
76 84
77 84
78 83
79 83
79 83
80 82
81 82
81 82
82 82
83 81
84 81
84 81
85 80
86 79
86 79
87 79
88 78
89 78
89 78
90 77
91 77
91 77
92 76
93 75
93 75
94 74
95 74
95 74
96 73
97 73
97 73
98 72
98 72
99 71
99 71
99 70
99 69
99 69
100 68
100 68
100 68
100 67
100 67
99 66
99 66
99 66
99 65
99 65
99 65
99 64
99 64
98 63
98 63
98 63
97 62
97 62
97 61
97 61
97 61
97 60
97 60
97 60
96 59
96 59
