8 17
7 17
7 17
6 17
6 17
6 17
6 17
6 17
6 17
6 17
6 17
7 16
7 16
8 15
8 15
9 14
10 13
10 13
11 12
12 11
13 10
13 10
14 9
15 9
16 8
16 8
17 7
18 7
19 6
20 6
20 6
21 6
22 5
23 5
23 5
24 5
25 4
26 4
26 4
27 4
28 3
29 3
29 3
30 3
31 3
31 3
32 4
33 4
33 4
34 4
35 4
35 4
35 5
35 5
36 6
36 6
36 7
36 8
36 8
36 9
36 10
36 10
36 11
36 12
36 13
36 13
36 14
35 15
35 16
35 17
35 17
35 18
34 19
34 20
33 21
33 22
33 22
33 23
33 24
32 25
32 26
32 27
32 27
32 28
31 29
31 30
30 31
30 32
30 32
30 33
29 34
29 35
28 36
28 37
28 37
28 38
28 39
27 40
27 41
27 42
27 42
27 43
26 44
26 45
26 46
26 46
26 47
25 48
25 49
25 49
25 50
24 51
24 52
24 52
24 53
24 53
24 53
24 53
24 53
24 52
24 51
24 50
24 49
24 48
23 47
23 46
23 45
23 44
23 43
23 42
23 41
23 40
23 39
23 38
23 37
23 36
22 35
22 34
22 33
22 32
22 31
22 30
22 30
22 30
21 29
21 29
21 30
21 30
21 31
21 31
20 32
20 33
20 33
20 34
19 35
19 36
19 36
19 37
18 38
18 39
18 39
18 40
17 41
17 42
17 43
17 43
16 44
16 45
15 46
15 47
15 47
15 48
14 49
14 50
14 51
14 51
14 52
13 53
13 54
13 55
13 55
13 56
12 57
12 58
12 58
11 59
11 60
11 60
11 61
11 62
11 62
11 63
11 64
11 64
11 64
11 65
11 65
12 65
12 65
13 64
13 64
14 63
15 63
15 63
16 62
17 62
18 61
18 61
19 60
20 60
21 59
21 59
22 58
23 58
24 57
24 57
25 56
26 55
27 55
28 54
28 54
29 54
30 53
31 53
31 53
32 53
33 52
34 52
34 52
35 52
36 51
37 51
37 51
38 51
39 51
39 51
40 52
41 52
41 52
42 53
42 53
43 54
43 55
43 55
43 56
43 57
43 57
44 58
44 59
44 59
44 60
44 61
44 62
44 62
44 63
44 64
44 65
44 66
44 66
44 67
43 68
43 69
43 69
43 70
42 71
42 72
42 73
42 73
42 74
41 75
41 76
41 77
41 77
41 78
41 79
40 80
40 81
40 82
40 82
39 83
39 84
38 85
38 86
38 86
37 87
37 88
36 89
36 90
36 90
36 91
35 92
35 93
35 94
35 94
35 95
34 96
34 97
34 97
33 98
33 99
33 99
32 100
32 100
31 100
31 100
31 100
30 100
30 100
29 99
29 99
28 98
28 98
27 97
27 97
26 96
26 95
26 95
25 94
25 93
25 93
24 93
23 93
22 93
21 93
20 93
19 93
18 93
17 93
16 93
15 93
14 93
13 93
12 92
11 92
10 92
9 92
8 92
7 92
6 92
5 92
4 92
3 92
2 92
1 92
0 92
0 92
0 93
0 94
0 94
0 93
0 93
0 93
0 93
0 92
0 92
0 91
0 91
1 91
2 91
2 91
3 90
3 89
3 89
4 89
5 88
6 88
6 88
7 87
8 86
8 86
9 85
10 85
11 84
12 84
12 84
13 83
14 82
15 82
16 81
16 81
17 80
18 80
19 79
20 79
20 79
21 78
22 77
23 77
24 76
24 76
25 76
26 75
27 75
28 74
29 74
29 74
30 73
30 72
31 71
31 70
32 69
32 68
33 67
33 66
34 65
34 64
35 63
35 62
36 61
36 60
37 59
37 58
38 57
38 56
39 55
39 54
40 53
40 52
41 51
41 50
42 49
42 48
43 47
43 46
44 45
44 44
45 43
45 42
46 41
46 40
47 39
47 38
48 37
48 36
49 35
49 34
50 33
50 32
51 31
51 30
52 29
52 28
53 27
53 26
54 25
54 24
55 23
55 22
56 21
56 20
57 19
57 18
58 17
58 16
59 15
59 14
59 14
60 15
60 16
60 16
60 15
60 14
60 13
60 13
59 13
59 13
60 13
60 13
61 14
61 14
62 15
62 15
62 16
62 17
62 17
63 18
63 19
63 19
64 20
64 21
64 21
65 20
66 20
67 19
68 19
69 18
70 17
71 17
72 16
73 15
74 15
75 14
76 14
77 13
77 13
78 12
79 12
79 12
79 11
79 11
79 10
79 10
79 10
79 11
79 11
78 12
78 12
77 13
77 14
77 14
77 15
76 16
76 17
76 17
75 18
74 19
74 19
73 20
72 21
71 22
71 22
70 23
70 24
69 25
69 26
69 26
68 27
67 28
67 29
66 30
66 30
65 31
64 32
64 33
63 34
63 34
62 35
61 36
60 37
60 37
59 38
58 39
58 40
57 41
57 41
56 42
56 43
55 44
55 44
55 45
54 46
54 47
54 47
53 48
53 49
53 49
52 50
52 50
52 51
52 51
52 51
52 51
53 51
53 51
54 50
54 50
55 49
56 49
57 48
57 48
58 47
59 47
60 46
60 46
61 45
62 44
63 43
63 43
64 43
65 42
66 42
67 41
68 41
68 41
69 40
70 39
71 39
72 38
72 38
73 37
74 37
75 36
75 36
76 36
77 35
78 35
78 35
79 35
80 34
81 34
81 34
82 33
83 33
83 33
84 33
85 33
85 33
86 33
86 33
86 32
85 31
85 30
84 29
84 28
83 27
83 26
82 25
82 24
81 23
81 22
81 21
80 20
80 19
79 18
79 17
78 16
78 15
77 14
77 13
76 12
76 11
76 10
75 9
75 8
74 7
74 6
73 5
73 4
72 3
72 2
71 1
71 0
71 0
71 1
71 2
71 2
70 2
70 2
70 3
70 3
70 4
70 5
70 5
70 6
69 7
69 8
69 8
69 9
69 10
69 11
69 12
69 13
69 13
69 14
69 15
68 16
68 17
68 18
68 19
68 19
68 20
68 21
68 22
67 23
67 24
67 25
67 26
67 26
67 27
67 28
67 29
67 30
67 31
67 32
67 33
67 34
67 34
67 35
67 36
67 37
67 38
66 39
66 40
66 41
66 42
66 43
66 44
66 44
66 45
66 46
66 47
66 48
66 49
66 50
66 51
66 52
66 53
66 53
66 54
66 55
66 56
66 57
65 58
65 59
65 60
65 61
65 62
65 62
65 63
65 64
65 65
65 66
65 67
65 68
65 69
65 69
65 70
65 71
65 72
65 73
65 74
65 75
65 75
65 76
65 77
65 78
65 79
65 80
65 80
65 81
65 82
65 83
65 83
65 84
65 85
65 85
65 86
65 86
65 85
65 84
66 83
66 82
66 81
66 80
66 79
67 78
67 77
67 76
67 75
67 74
67 73
68 72
68 71
68 70
68 69
68 68
69 67
69 66
69 65
69 64
69 63
70 62
70 61
70 60
70 59
70 58
70 57
71 56
71 55
71 54
71 54
72 54
72 54
72 53
72 53
72 53
72 54
72 54
72 55
72 55
72 56
72 57
72 58
72 58
72 59
72 60
72 60
72 61
72 62
72 62
72 63
72 64
72 65
72 65
72 66
72 67
72 68
72 68
72 69
72 70
72 71
72 71
73 72
73 73
73 73
73 74
73 74
74 75
74 75
74 76
74 76
75 76
75 76
76 76
76 76
77 75
78 75
78 75
79 74
80 73
80 73
81 72
82 71
82 71
83 70
84 70
85 69
85 69
86 68
87 67
87 67
88 66
89 65
89 65
90 64
91 63
91 63
92 62
93 61
93 61
94 60
95 60
95 60
96 59
97 59
97 59
98 58
98 58
99 57
99 57
99 56
99 56
100 55
100 55
100 54
100 54
99 53
99 53
99 52
99 52
99 51
99 51
98 50
98 50
98 50
97 49
97 49
97 48
97 48
96 47
96 47
96 46
96 46
96 45
96 45
96 45
95 45
95 45
95 44
