33 40
34 39
34 38
35 37
36 36
36 35
37 34
37 34
37 33
37 32
38 31
38 30
38 29
38 28
38 28
38 27
38 26
38 25
38 24
38 23
38 22
38 22
38 21
38 20
38 19
38 18
38 18
38 17
38 16
38 15
38 14
38 14
38 13
38 12
37 11
37 10
37 9
37 9
36 8
35 7
35 6
34 5
34 5
33 4
32 3
31 2
31 2
30 1
29 1
28 0
28 0
27 0
26 0
25 1
24 1
23 1
23 1
22 2
21 2
20 3
19 3
19 3
18 4
17 4
16 5
15 5
14 6
14 6
13 7
12 8
11 9
10 9
9 10
8 11
8 11
7 12
6 13
6 14
5 15
5 15
5 16
4 17
4 18
4 19
4 19
4 20
4 21
4 22
4 23
4 24
4 25
4 25
4 26
4 27
5 28
5 29
5 30
5 31
5 31
5 32
6 33
6 34
6 35
7 36
7 37
7 37
7 38
8 39
8 40
9 41
9 42
10 43
10 44
10 44
11 45
11 46
12 47
13 48
13 49
14 50
14 50
14 51
15 52
15 53
16 54
16 55
16 56
17 57
17 58
17 58
18 59
18 60
19 61
19 62
20 63
20 64
21 65
21 66
21 66
21 67
22 68
22 69
23 70
23 71
24 72
24 73
24 73
24 74
24 75
24 76
25 77
25 78
25 79
25 80
25 80
25 81
25 82
26 83
26 84
26 85
26 86
26 86
26 87
25 88
25 89
25 90
24 91
24 92
24 92
23 93
23 94
22 95
22 96
22 96
21 97
20 98
19 98
18 99
18 99
17 99
16 100
15 100
14 100
14 100
13 100
12 100
11 100
10 100
10 100
9 100
8 100
7 100
6 100
6 100
5 100
4 99
3 99
3 99
2 98
1 97
1 97
0 96
0 96
0 95
0 95
1 94
2 94
3 93
4 92
5 92
6 91
7 90
8 89
9 89
10 88
11 87
12 87
13 86
14 85
15 85
16 84
17 83
18 82
19 82
20 81
21 80
22 80
23 79
24 78
25 78
26 77
27 76
28 75
29 75
30 74
31 73
32 73
33 72
33 72
34 72
35 72
36 71
37 71
38 71
38 71
38 70
38 69
38 69
38 70
38 70
38 71
37 72
37 73
37 73
37 74
38 75
38 76
38 77
38 77
38 78
37 79
37 80
37 81
37 81
37 82
37 83
36 84
36 85
36 86
36 86
36 87
36 88
36 89
36 90
36 90
36 91
37 92
37 93
37 93
38 94
38 95
38 95
39 95
40 95
40 95
41 95
42 94
43 94
43 94
44 93
44 92
45 91
45 91
46 90
46 89
47 88
47 87
48 86
48 86
48 85
48 84
49 83
49 82
49 81
49 81
49 80
49 79
50 78
50 77
50 76
50 75
50 75
50 74
49 73
49 72
49 71
49 71
49 70
48 69
48 68
48 68
47 67
46 67
45 66
45 66
44 65
43 65
43 65
42 66
41 66
41 66
40 67
39 68
39 68
38 69
38 70
38 70
39 71
40 71
41 72
42 72
43 73
44 74
45 74
46 75
47 75
48 76
49 77
50 77
51 78
52 79
53 79
54 80
55 80
56 81
57 82
58 82
59 83
60 83
61 84
61 84
62 84
63 84
64 84
65 85
66 85
67 85
68 85
68 85
69 84
69 83
69 83
69 82
69 81
70 80
70 79
70 78
70 78
70 77
71 76
71 75
71 74
71 74
71 73
72 72
72 71
72 70
72 70
72 69
72 68
72 67
72 66
72 66
72 65
72 64
72 63
72 63
71 62
70 62
70 62
69 62
68 61
67 61
67 61
66 62
65 62
64 63
64 63
63 64
62 65
61 65
60 66
60 66
60 67
59 68
59 69
59 70
58 71
58 72
58 72
57 73
57 74
56 75
56 76
55 77
55 78
55 78
55 79
55 80
54 81
54 82
54 83
54 83
54 84
54 85
54 86
54 87
54 87
54 88
55 89
55 90
55 91
55 91
56 92
57 93
57 93
58 94
59 94
59 94
60 94
61 93
62 93
62 93
63 92
64 91
65 90
65 90
66 89
67 88
67 87
68 86
68 86
69 85
69 84
70 83
70 83
71 82
71 81
72 80
72 79
72 79
72 78
72 77
72 77
72 77
72 77
72 78
72 79
72 79
72 80
71 81
71 82
71 82
71 83
70 84
70 85
70 86
70 86
70 87
70 88
70 89
70 90
70 90
70 91
70 92
70 93
70 93
70 94
71 95
71 96
71 96
72 95
72 94
73 93
73 92
74 91
74 90
75 89
75 88
76 87
77 86
77 85
78 84
78 83
79 82
79 81
80 80
80 79
81 78
81 77
82 76
82 76
82 75
82 74
83 73
83 72
83 71
83 70
83 70
83 69
83 68
83 67
83 67
83 67
84 68
84 68
84 69
84 69
84 70
85 71
85 72
85 72
85 73
84 74
84 75
84 76
84 76
84 77
84 78
84 79
83 80
83 81
83 82
83 83
83 83
83 84
83 85
82 86
82 87
82 88
82 88
82 89
82 90
81 91
81 92
81 93
81 94
81 94
81 95
80 96
80 97
80 97
79 98
79 98
79 98
79 98
79 97
80 96
80 95
80 95
81 94
81 93
82 92
82 91
82 91
82 90
83 89
83 88
84 87
84 86
85 85
85 84
85 84
85 83
86 82
86 81
87 80
87 79
88 78
88 77
88 77
89 76
89 75
90 74
90 73
91 72
91 71
92 70
92 69
92 69
93 68
94 67
95 66
96 65
96 65
97 64
98 63
98 63
99 63
99 63
99 64
99 64
99 65
100 66
100 67
100 67
100 68
99 69
99 70
99 71
99 71
99 72
99 73
99 74
99 75
99 76
99 77
99 77
99 78
98 79
98 80
98 81
98 81
98 82
98 83
98 84
98 85
98 85
98 86
97 87
97 88
97 89
97 89
97 90
97 91
97 92
