22 31
22 31
22 30
22 30
21 29
21 28
21 28
21 27
21 26
21 26
21 25
21 24
21 24
21 23
21 22
21 22
21 21
22 20
22 19
22 19
22 18
22 17
22 16
22 16
22 15
21 14
21 13
21 12
21 12
21 11
21 10
21 9
21 9
21 8
20 7
20 6
20 5
20 5
19 4
19 3
19 3
18 3
17 3
17 3
17 2
16 1
16 0
16 0
15 1
14 1
13 2
13 2
12 3
12 4
11 5
11 5
10 6
10 7
9 8
9 9
8 10
8 10
8 11
7 12
7 13
7 14
6 15
6 16
6 16
6 17
5 18
5 19
4 20
4 21
4 21
4 22
3 23
3 24
3 25
2 26
2 27
2 27
2 28
2 29
1 30
1 31
1 32
1 32
1 33
1 34
1 35
1 36
1 37
1 37
1 38
1 39
1 40
1 40
1 41
2 42
2 43
2 43
2 44
3 45
3 46
3 46
4 47
4 48
4 48
5 49
6 50
6 50
7 51
8 51
9 52
9 52
10 53
11 53
11 53
12 54
13 55
13 55
14 56
15 57
15 57
16 58
17 59
17 59
18 60
18 61
19 62
19 62
19 63
20 64
20 65
20 65
20 66
20 67
20 68
20 69
20 69
20 70
20 71
20 72
20 73
20 73
20 74
19 75
19 76
19 77
19 77
19 78
18 79
18 80
18 81
18 81
18 82
17 83
17 84
16 85
16 86
16 86
15 87
14 88
14 89
13 90
13 90
12 91
12 92
11 93
11 93
10 94
9 95
9 95
8 96
7 96
6 97
6 97
5 97
4 97
4 97
3 96
3 96
2 95
1 95
1 95
0 94
0 93
0 93
0 92
0 91
0 90
0 90
0 89
0 88
0 88
0 87
0 86
0 86
1 86
2 85
3 85
4 84
5 84
6 83
7 83
8 82
9 82
10 81
11 81
12 80
13 80
14 79
15 79
16 78
17 78
18 77
19 77
20 76
21 76
22 76
23 75
24 75
25 74
26 74
27 73
28 73
29 72
30 72
31 71
32 71
33 70
34 70
35 69
36 69
37 68
38 68
39 67
40 67
40 67
40 66
39 65
39 64
39 64
39 64
38 64
38 64
37 65
37 65
37 66
37 67
37 68
37 68
37 69
36 70
36 71
36 72
36 72
36 73
36 74
35 75
35 76
35 77
35 77
35 78
34 79
34 80
34 81
34 81
34 82
34 83
34 84
34 85
34 85
34 86
34 87
34 88
34 89
34 89
34 90
35 91
35 92
35 93
35 93
35 94
35 95
35 95
36 95
37 95
37 95
38 94
38 94
39 93
40 93
40 93
41 92
41 91
42 90
42 90
42 89
43 88
43 87
43 86
43 86
43 85
44 84
44 83
44 82
44 82
44 81
45 80
45 79
45 79
45 78
44 77
44 76
44 75
44 75
44 74
44 73
44 72
44 71
44 71
43 70
43 69
42 68
42 67
42 67
42 66
41 65
41 64
41 63
41 63
40 62
40 61
39 60
39 60
39 59
38 58
38 57
38 57
37 56
37 56
36 55
36 55
36 55
36 55
36 56
36 57
36 57
37 58
37 59
37 59
38 60
38 61
38 61
39 62
40 63
40 63
41 64
42 65
42 65
43 66
44 66
44 66
45 67
46 67
46 67
47 67
48 68
49 68
50 68
51 68
52 69
53 69
54 69
55 69
56 70
57 70
58 70
59 71
60 71
61 71
62 71
63 72
64 72
65 72
66 72
67 73
68 73
68 73
69 73
69 73
68 74
68 74
68 73
68 72
68 71
68 70
68 70
67 69
67 69
66 69
66 69
65 69
65 69
64 70
64 70
63 71
62 72
62 72
62 73
61 74
61 75
61 75
61 76
60 77
60 78
60 78
60 79
60 80
59 81
59 82
59 83
59 83
59 84
59 85
59 86
59 87
59 88
59 88
59 89
58 90
58 91
58 91
58 92
58 93
58 94
58 94
59 95
59 95
60 96
60 96
61 95
61 95
62 94
62 94
62 93
63 92
63 91
63 91
64 90
64 89
65 88
65 87
65 87
65 86
66 85
66 84
66 83
66 83
66 82
67 81
67 80
67 80
67 79
67 78
67 77
67 77
67 76
67 76
67 76
67 77
67 77
67 78
67 79
67 79
67 80
67 81
67 81
67 82
68 83
68 84
68 84
68 85
68 86
68 87
68 87
68 88
69 89
69 90
69 90
69 91
70 92
70 93
70 93
71 94
71 95
71 95
72 96
73 97
73 97
74 97
75 97
75 97
76 97
77 97
77 97
77 96
78 95
78 94
78 93
79 92
79 91
80 90
80 89
80 88
81 87
81 86
81 85
82 84
82 83
83 82
83 81
83 80
84 79
84 78
84 78
84 77
84 76
84 76
84 75
84 74
84 73
84 73
84 72
84 72
84 73
84 73
84 74
84 74
84 75
84 76
84 77
84 77
84 78
84 79
84 80
84 81
84 81
84 82
84 83
84 84
84 85
84 85
84 86
83 87
83 88
83 89
83 89
83 90
83 91
83 92
83 92
83 93
83 94
83 95
83 95
83 96
83 96
84 97
84 97
84 97
84 96
84 96
85 95
85 94
85 94
85 93
86 92
86 91
86 90
86 90
86 89
87 88
87 87
88 86
88 85
88 85
88 84
89 83
89 82
90 81
90 80
90 80
91 79
91 78
92 77
92 76
92 76
93 75
93 74
93 74
94 74
94 74
94 74
95 75
95 76
95 76
95 77
95 78
95 79
95 79
95 80
96 81
96 82
96 82
96 83
96 84
96 85
96 85
96 86
97 87
97 88
97 89
97 89
97 90
98 91
98 92
98 93
98 93
98 94
99 95
99 96
99 97
99 97
99 98
100 99
100 100
