26 31
27 31
27 31
28 30
28 29
28 29
28 28
28 27
28 27
29 26
29 26
29 25
29 24
29 24
30 23
30 22
30 22
30 21
31 20
31 19
31 19
31 18
32 17
32 16
32 15
32 15
32 14
32 13
32 12
32 11
32 11
32 10
32 9
32 8
32 8
32 7
32 6
32 5
32 5
31 4
31 3
31 3
30 2
29 1
29 1
28 1
27 0
26 0
26 0
25 0
24 1
23 1
23 1
22 1
21 2
20 2
20 2
19 3
18 4
17 5
17 5
16 6
15 7
15 8
14 9
14 9
13 10
13 11
12 12
12 13
12 13
11 14
11 15
10 16
10 17
10 17
10 18
10 19
9 20
9 21
9 22
9 22
9 23
9 24
9 25
9 26
9 27
9 27
9 28
9 29
9 30
9 31
9 31
9 32
10 33
10 34
10 35
10 35
11 36
11 37
12 38
12 39
12 39
13 40
14 41
14 42
15 43
15 43
16 44
17 45
17 46
18 47
18 47
19 48
19 49
20 50
20 51
21 52
21 52
22 53
23 54
23 55
24 56
25 57
25 57
26 58
26 59
27 60
28 61
28 62
29 63
29 63
29 64
30 65
30 66
30 67
31 68
31 69
31 69
31 70
31 71
32 72
32 73
32 74
32 75
32 75
32 76
32 77
33 78
33 79
33 80
33 80
33 81
33 82
33 83
33 84
33 84
32 85
32 86
31 87
31 88
31 88
30 89
30 90
29 91
29 92
29 92
28 93
27 94
26 95
26 95
25 96
24 96
23 97
23 97
22 98
21 98
20 99
19 99
19 99
18 99
17 100
16 100
15 100
15 100
14 100
13 100
12 100
11 100
11 100
10 100
9 100
8 100
7 100
7 100
6 100
5 99
4 99
4 99
3 98
2 98
1 97
1 97
0 96
0 95
0 95
0 94
0 93
0 92
0 92
1 91
2 91
3 90
4 90
5 89
6 88
7 88
8 87
9 87
10 86
11 85
12 85
13 84
14 83
15 83
16 82
17 82
18 81
19 80
20 80
21 79
22 79
23 78
24 77
25 77
26 76
27 76
28 75
29 74
30 74
31 73
32 73
33 72
34 71
35 71
36 70
37 70
38 69
39 68
40 68
41 67
42 66
43 66
44 65
45 65
46 64
47 63
48 63
49 62
50 62
51 61
51 61
51 62
51 63
51 63
50 62
49 61
49 61
48 62
48 63
47 64
47 64
47 65
47 66
46 67
46 68
46 69
46 69
46 70
46 71
45 72
45 73
45 74
45 75
45 75
45 76
45 77
45 78
45 79
45 80
45 80
45 81
45 82
45 83
45 84
45 84
45 85
45 86
45 87
45 88
45 88
45 89
46 90
46 91
46 91
47 92
47 92
48 93
48 93
49 92
50 91
50 91
51 90
51 89
52 88
52 87
52 87
53 86
53 85
54 84
54 83
54 83
55 82
55 81
56 80
56 79
56 79
56 78
56 77
57 76
57 75
57 74
57 74
57 73
57 72
57 71
57 70
57 69
57 69
57 68
57 67
57 66
57 65
57 65
56 64
55 63
55 63
54 62
53 62
53 62
52 62
51 62
51 62
50 62
49 62
49 62
48 63
48 64
48 64
47 65
47 66
47 66
47 67
47 68
47 68
48 68
49 68
50 69
51 69
52 69
53 69
54 69
55 69
56 70
57 70
58 70
59 70
60 70
61 70
62 71
63 71
64 71
65 71
66 71
67 71
68 72
69 72
70 72
70 72
71 71
72 71
73 70
73 70
74 69
74 68
74 68
74 67
74 66
74 66
74 65
74 64
74 63
74 63
74 62
74 61
74 60
74 60
74 59
74 58
74 57
74 57
73 56
73 55
73 55
72 56
71 56
71 56
70 57
69 57
68 58
68 58
67 59
67 60
66 61
66 62
65 63
65 63
65 64
64 65
64 66
64 67
64 68
63 69
63 70
63 70
63 71
62 72
62 73
62 74
62 75
61 76
61 77
61 78
61 78
61 79
60 80
60 81
60 82
60 82
60 83
60 84
60 85
60 85
60 86
61 87
61 88
61 88
62 89
63 89
63 89
64 88
65 88
65 88
66 87
67 86
67 86
68 85
68 84
69 83
69 82
69 82
70 81
70 80
71 79
71 79
71 78
72 77
72 76
72 76
72 75
73 74
73 73
73 73
74 72
74 72
74 72
74 72
74 73
74 74
74 75
74 75
74 76
73 77
73 78
73 78
73 79
74 80
74 81
74 82
74 82
74 83
74 84
74 85
74 85
74 86
75 87
75 88
75 88
75 89
76 90
76 91
76 91
77 92
77 92
78 92
78 92
78 91
79 90
79 89
79 88
79 87
80 86
80 85
80 84
81 83
81 82
81 81
81 80
82 79
82 78
82 77
83 76
83 75
83 74
84 73
84 72
84 71
84 70
85 69
85 68
85 67
86 66
86 65
86 64
86 63
87 62
87 61
87 61
87 60
87 59
87 59
87 58
87 58
87 59
87 59
87 60
87 61
87 62
87 63
87 63
87 64
87 65
87 66
87 67
87 68
87 68
87 69
87 70
86 71
86 72
86 73
86 74
86 74
86 75
86 76
86 77
86 78
86 79
86 80
86 80
86 81
86 82
86 83
86 84
86 85
86 85
86 86
86 87
86 88
86 88
86 89
86 90
86 90
85 91
85 91
85 91
85 90
85 90
85 89
86 88
86 87
86 86
86 86
86 85
87 84
87 83
88 82
88 81
88 81
88 80
89 79
89 78
89 77
89 76
90 75
90 74
90 73
90 73
90 72
91 71
91 70
91 69
91 68
92 67
92 66
92 66
92 65
93 64
93 63
94 62
94 61
94 61
95 60
95 59
95 59
96 59
96 59
96 59
97 60
97 60
97 61
97 62
97 62
97 63
98 64
98 65
98 66
98 66
98 67
98 68
98 69
98 70
98 71
98 71
98 72
98 73
99 74
99 75
99 76
99 76
99 77
99 78
99 79
99 80
99 80
99 81
99 82
99 83
99 84
99 84
99 85
100 86
100 87
100 87
100 88
99 89
99 90
