17 33
18 34
19 34
19 34
19 33
19 32
19 31
19 31
19 30
19 29
19 29
20 28
20 27
20 27
20 26
21 25
21 24
21 24
21 23
22 22
22 21
22 20
22 20
22 19
23 18
23 17
24 16
24 15
24 15
24 14
24 13
24 12
24 11
24 11
24 10
24 9
24 8
24 7
24 7
23 6
23 5
22 4
22 3
22 3
21 2
20 1
20 1
19 0
18 0
18 0
17 0
16 1
15 1
15 1
14 2
13 3
12 4
12 4
11 5
10 6
9 7
8 8
8 8
7 9
7 10
6 11
5 12
5 13
4 14
4 14
4 15
3 16
3 17
3 18
2 19
2 20
2 20
2 21
1 22
1 23
1 24
0 25
0 26
0 26
0 27
0 28
0 29
0 30
0 31
0 31
0 32
0 33
0 34
0 35
0 36
0 37
0 38
0 38
0 39
0 40
1 41
1 42
1 43
1 44
1 44
1 45
2 46
2 47
2 48
3 49
3 50
3 50
4 51
4 52
5 53
5 54
6 55
6 56
6 56
7 57
7 58
8 59
8 60
9 61
9 61
10 62
11 63
11 64
12 65
13 66
13 66
14 67
15 68
15 69
16 70
17 71
17 71
18 72
18 73
19 74
19 75
20 76
20 77
20 77
21 78
22 79
22 80
23 81
23 81
23 82
23 83
23 84
23 85
23 85
23 86
23 87
23 88
23 89
23 89
23 90
22 91
22 92
22 92
21 93
20 94
19 95
19 95
18 96
17 97
16 98
16 98
15 98
14 99
13 99
13 99
12 99
11 100
10 100
10 100
9 100
8 100
7 100
7 100
6 100
5 100
4 100
4 100
3 100
2 100
2 100
1 99
1 99
1 99
2 98
3 97
4 96
5 95
6 94
7 93
7 92
8 91
9 90
10 89
11 88
12 87
13 86
14 85
15 84
16 83
17 82
18 81
18 80
19 79
20 78
21 77
22 76
23 75
24 74
25 73
26 72
27 71
28 70
29 69
29 68
30 67
31 66
32 65
33 64
34 63
34 63
35 63
36 63
37 63
38 63
39 63
39 63
39 62
39 62
38 63
37 63
37 63
37 64
37 65
37 65
37 66
37 67
37 68
37 69
37 69
37 70
36 71
36 72
36 73
36 73
36 74
36 75
36 76
36 77
36 78
36 78
36 79
36 80
36 81
36 82
36 82
36 83
36 84
36 85
36 86
36 87
36 87
36 88
37 89
37 90
37 91
37 91
37 92
38 93
38 94
38 94
39 95
39 96
39 96
40 97
40 97
41 96
42 96
43 95
43 95
44 94
44 93
45 92
45 91
45 91
45 90
46 89
46 88
47 87
47 86
47 86
47 85
48 84
48 83
49 82
49 81
49 81
49 80
49 79
50 78
50 77
50 76
50 76
50 75
50 74
50 73
50 72
50 71
50 71
50 70
50 69
49 68
49 67
49 66
49 65
49 65
48 64
48 63
47 62
47 61
47 61
46 60
45 59
45 59
44 59
43 59
42 59
42 59
41 59
40 59
40 59
39 60
39 60
38 61
38 61
37 62
37 63
37 63
38 64
38 65
38 65
39 65
40 65
41 65
42 66
43 66
44 66
45 66
46 66
47 66
48 66
49 67
50 67
51 67
52 67
53 67
54 67
55 67
56 67
57 68
58 68
59 68
60 68
61 68
62 68
63 68
64 69
65 69
66 69
67 69
67 69
68 69
69 68
70 68
70 68
70 67
70 66
70 66
69 65
69 64
69 64
69 63
69 62
69 62
68 61
68 60
68 60
68 59
68 58
68 58
67 58
66 58
66 58
65 58
65 58
64 59
63 60
63 60
63 61
62 62
62 63
62 64
61 65
61 66
61 66
61 67
60 68
60 69
60 70
59 71
59 72
59 72
59 73
59 74
58 75
58 76
58 77
58 78
58 78
58 79
57 80
57 81
57 82
57 82
57 83
57 84
57 85
57 85
58 86
58 87
58 87
59 88
59 88
60 87
61 87
61 87
61 86
62 85
62 84
62 84
63 83
63 82
64 81
64 81
65 80
65 79
66 78
66 78
66 77
67 76
67 75
67 75
67 74
68 73
68 72
68 72
68 71
68 71
68 72
68 72
68 72
68 73
68 74
68 75
68 75
68 76
68 77
68 78
68 79
68 80
68 80
68 81
68 82
68 83
68 84
68 84
68 85
68 86
68 87
68 88
68 88
68 89
69 90
69 91
69 91
70 92
71 92
71 92
72 92
72 92
73 92
74 91
75 91
75 91
75 90
76 89
76 88
76 87
76 86
77 85
77 84
77 83
78 82
78 81
78 80
78 79
79 78
79 77
79 76
79 75
80 74
80 73
80 72
81 71
81 70
81 69
81 68
82 67
82 66
82 66
83 65
83 64
83 64
82 63
82 63
82 63
82 64
82 64
82 65
82 66
82 67
82 67
82 68
82 69
82 70
82 71
82 71
82 72
82 73
82 74
82 75
82 76
82 76
82 77
82 78
82 79
82 80
82 81
82 81
82 82
82 83
82 84
82 85
82 86
82 86
82 87
82 88
82 89
82 90
82 90
81 91
81 92
81 92
81 93
81 93
81 93
81 92
81 91
81 91
81 90
82 89
82 88
82 88
82 87
82 86
83 85
83 84
83 83
83 82
83 82
83 81
84 80
84 79
85 78
85 77
86 76
86 75
86 75
86 74
87 73
87 72
87 71
87 70
88 69
88 68
88 68
88 67
89 66
89 65
89 64
90 63
90 62
90 62
91 61
92 60
92 60
93 59
93 59
93 60
93 60
94 61
94 61
94 62
95 63
95 64
95 64
95 65
95 66
95 67
95 68
95 68
95 69
95 70
96 71
96 72
96 73
96 73
96 74
96 75
97 76
97 77
97 78
97 78
97 79
98 80
98 81
98 82
98 82
98 83
98 84
98 85
98 86
98 86
98 87
99 88
99 89
99 89
100 90
100 91
