28 30
28 30
28 30
28 29
28 29
28 28
28 28
28 28
29 27
29 27
29 26
29 26
29 25
29 25
30 24
30 23
30 23
30 22
30 21
30 21
31 20
31 20
31 19
31 18
31 18
32 17
32 16
32 16
32 15
32 14
32 13
32 13
32 12
32 11
32 11
32 10
32 9
32 8
32 8
31 7
31 6
31 6
31 5
31 4
31 4
30 3
30 3
29 2
29 1
29 1
28 1
27 1
27 1
26 0
25 0
25 0
24 1
23 1
23 1
22 2
21 2
20 3
20 3
19 4
18 4
17 5
17 5
16 6
15 7
14 8
14 8
13 9
12 10
12 11
11 12
11 12
10 13
9 14
9 15
8 16
8 16
7 17
7 18
6 19
6 20
6 20
6 21
5 22
5 23
4 24
4 25
4 25
3 26
3 27
2 28
2 29
2 29
2 30
2 31
1 32
1 33
1 34
1 34
1 35
0 36
0 37
0 37
0 38
0 39
0 40
0 41
0 41
0 42
0 43
0 44
0 44
1 45
1 46
1 46
2 47
3 48
3 48
4 49
5 50
5 50
6 50
7 51
8 51
8 51
9 51
10 52
11 52
11 52
12 52
13 53
14 53
14 53
15 53
16 53
17 53
18 53
18 53
19 53
20 54
21 54
21 54
22 55
23 55
24 56
24 56
25 57
26 58
26 58
27 59
28 60
29 61
29 61
30 62
30 63
31 64
31 64
31 65
32 66
32 67
32 67
32 68
32 69
32 70
32 71
32 71
32 72
32 73
32 74
32 75
32 75
32 76
32 77
31 78
31 79
31 80
31 80
31 81
30 82
30 83
29 84
29 85
29 85
29 86
28 87
28 88
27 89
27 90
27 90
26 91
26 92
25 93
25 94
25 94
24 95
23 96
22 97
22 97
21 98
20 99
20 99
19 99
18 100
17 100
17 100
16 100
15 100
15 100
14 99
13 99
13 99
12 98
11 98
11 98
10 97
9 96
9 96
8 95
8 94
8 94
8 93
7 92
7 91
7 91
7 90
7 89
7 88
7 88
8 88
9 87
10 87
11 86
12 86
13 85
14 85
15 84
16 84
17 83
18 83
19 82
20 82
21 81
22 81
23 80
24 80
25 79
26 79
27 78
28 78
29 77
30 77
31 76
32 76
33 75
34 75
35 74
36 74
37 73
38 73
39 72
40 72
41 71
42 71
43 70
44 70
45 69
46 69
47 68
48 68
49 67
50 67
51 66
52 66
52 66
53 65
54 64
54 64
54 63
54 63
54 63
53 62
53 62
53 62
52 62
52 62
52 62
51 62
51 62
50 63
49 63
49 63
48 64
48 64
47 65
47 65
46 66
45 66
45 66
44 67
44 68
44 68
44 69
43 70
43 71
43 71
43 72
42 73
42 74
42 74
42 75
42 76
42 77
42 77
42 78
42 79
42 80
42 81
42 81
42 82
41 83
41 84
41 84
42 85
42 86
42 86
42 87
43 88
43 89
43 89
43 90
43 90
44 90
45 90
45 90
46 89
46 89
47 88
48 88
48 88
49 87
49 86
50 85
50 85
50 84
51 83
51 82
51 82
51 81
52 80
52 79
52 79
52 78
53 77
53 76
53 76
53 75
53 74
53 73
53 72
53 72
53 71
53 70
53 69
53 69
52 68
52 67
52 67
52 66
52 65
52 65
51 64
51 64
50 64
50 64
49 65
49 65
48 65
48 65
48 65
49 65
49 65
50 65
51 66
52 66
53 67
54 67
55 67
56 68
57 68
58 69
59 69
60 69
61 70
62 70
63 71
64 71
64 71
65 71
66 71
67 72
68 72
69 72
69 72
70 71
71 71
71 71
72 70
72 70
73 69
73 69
74 68
74 68
74 67
74 67
74 66
74 66
73 65
73 64
73 64
73 63
73 63
72 62
72 61
72 61
71 61
71 61
70 61
70 61
69 61
68 61
68 61
67 62
67 62
66 63
66 64
66 64
65 65
65 66
65 66
65 67
64 68
64 69
64 70
64 70
64 71
63 72
63 73
63 73
63 74
63 75
63 76
63 77
63 78
63 78
63 79
62 80
62 81
62 82
62 82
62 83
62 84
62 85
62 85
62 86
63 87
63 88
63 88
63 89
63 90
63 90
64 91
64 91
65 90
65 90
66 89
67 89
67 89
67 88
68 87
68 86
68 86
68 85
69 84
69 83
69 83
70 82
70 81
71 80
71 79
71 79
71 78
72 77
72 76
72 75
72 75
72 74
73 73
73 72
73 71
73 71
73 70
73 69
73 68
73 68
73 67
73 67
74 66
74 66
74 66
73 65
73 65
73 65
73 66
73 66
72 67
72 67
72 68
72 69
72 69
72 70
72 71
72 71
72 72
72 73
72 74
72 74
72 75
72 76
72 77
72 77
72 78
73 79
73 80
73 80
73 81
74 82
74 83
74 83
75 84
75 84
76 85
76 85
77 86
78 86
78 86
79 86
80 86
80 86
81 85
81 85
82 84
83 83
83 83
84 82
85 82
85 82
86 81
86 80
86 80
86 79
87 78
87 77
87 76
88 75
88 74
88 73
88 72
89 71
89 70
89 70
90 69
90 68
90 68
90 67
90 67
89 66
89 66
89 65
89 65
89 65
89 64
89 64
89 64
89 64
89 64
88 65
88 65
88 66
88 66
88 67
88 68
88 69
88 69
88 70
88 71
88 72
88 72
88 73
88 74
88 75
88 75
88 76
87 77
87 78
87 79
87 79
87 80
87 81
87 82
87 82
87 83
87 84
87 84
87 85
87 86
87 86
87 87
87 87
87 88
87 88
87 88
87 87
87 87
88 86
88 86
88 85
88 84
88 84
88 83
89 82
89 81
89 81
89 80
89 79
89 78
89 78
89 77
90 76
90 75
90 74
90 74
90 73
91 72
91 71
91 71
91 70
92 69
92 68
92 68
93 67
93 67
94 66
94 65
94 65
95 65
95 65
96 64
96 64
97 65
97 65
97 66
97 66
98 67
98 68
98 68
98 69
99 70
99 71
99 71
99 72
99 73
99 74
99 75
99 75
99 76
99 77
99 78
99 79
99 79
99 80
99 81
99 82
99 83
99 83
99 84
99 85
99 86
99 87
99 87
99 88
99 89
99 90
99 90
99 91
99 92
99 92
100 93
