19 36
20 35
21 34
21 34
21 33
22 32
22 31
22 31
22 30
22 29
22 28
22 27
22 27
22 26
23 25
23 24
23 24
23 23
24 22
24 21
24 20
24 20
24 19
25 18
25 17
25 16
25 16
25 15
25 14
26 13
26 12
26 11
26 11
26 10
26 9
26 8
26 7
26 7
26 6
25 5
25 4
25 4
24 3
24 2
23 1
23 1
22 1
21 0
20 0
20 0
19 1
18 1
17 2
17 2
16 3
15 3
14 4
13 4
13 4
12 5
11 6
10 6
9 7
8 8
8 8
7 9
6 10
6 11
5 12
4 13
4 13
3 14
3 15
2 16
2 17
2 17
2 18
2 19
1 20
1 21
1 22
1 22
1 23
1 24
0 25
0 26
0 27
0 28
0 28
0 29
0 30
1 31
1 32
1 33
1 33
1 34
1 35
2 36
2 37
2 38
2 39
2 39
2 40
3 41
3 42
3 43
3 44
4 45
4 46
4 46
5 47
5 48
6 49
6 50
7 51
7 52
8 53
8 53
8 54
9 55
9 56
10 57
10 58
11 59
11 60
11 60
12 61
12 62
13 63
13 64
14 65
14 66
15 67
15 67
15 68
16 69
16 70
16 71
16 72
17 73
17 74
17 74
17 75
18 76
18 77
18 78
18 79
19 80
19 81
19 81
19 82
19 83
20 84
20 85
20 86
20 87
20 87
20 88
20 89
19 90
19 91
19 92
19 92
18 93
18 94
17 95
17 96
17 96
16 97
15 98
14 99
14 99
13 99
12 100
11 100
11 100
10 100
9 100
8 100
8 100
7 100
6 100
5 100
5 100
4 99
3 99
2 98
2 98
1 97
1 96
1 96
0 95
0 95
0 94
0 94
0 93
0 93
1 92
2 92
3 91
4 90
5 89
6 89
7 88
8 87
9 87
10 86
11 85
12 85
13 84
14 83
15 82
16 82
17 81
18 80
19 80
20 79
21 78
22 77
23 77
24 76
25 75
26 75
27 74
28 73
29 73
30 72
31 71
32 70
33 70
34 69
34 69
35 69
36 69
37 68
38 68
39 68
39 68
39 67
39 66
39 65
39 64
39 64
40 64
40 64
40 64
39 65
39 65
39 66
39 67
39 67
38 68
38 69
37 70
37 71
37 71
37 72
37 73
36 74
36 75
36 76
36 76
36 77
36 78
36 79
36 80
36 81
36 81
36 82
36 83
36 84
36 85
36 85
36 86
36 87
36 88
36 88
36 89
37 90
37 91
37 91
38 92
39 92
39 92
40 92
41 92
41 92
42 91
43 91
43 91
44 90
45 89
45 88
46 87
46 87
46 86
47 85
47 84
47 83
47 83
47 82
47 81
48 80
48 79
48 78
48 77
48 77
48 76
48 75
49 74
49 73
49 72
49 71
49 71
49 70
49 69
48 68
48 67
48 66
48 65
48 65
48 64
47 63
47 62
47 62
46 61
45 61
45 61
44 60
43 60
43 60
42 60
41 60
41 60
40 61
40 62
40 62
39 63
39 64
39 64
40 64
41 65
42 65
43 66
44 66
45 67
46 67
47 68
48 68
49 68
50 69
51 69
52 70
53 70
54 71
55 71
56 72
57 72
58 73
59 73
60 73
61 74
62 74
63 75
64 75
65 76
66 76
67 77
68 77
68 77
68 77
68 76
68 75
68 74
68 73
68 73
68 72
68 71
68 71
69 70
69 69
69 69
69 68
70 67
70 66
70 66
70 65
70 64
70 63
70 63
71 62
71 61
71 61
70 60
70 59
70 59
69 58
69 58
68 58
67 58
67 58
66 59
65 60
64 61
64 61
63 62
62 63
62 64
61 65
61 65
61 66
60 67
60 68
59 69
59 70
58 71
58 72
58 72
58 73
57 74
57 75
56 76
56 77
56 77
56 78
56 79
55 80
55 81
55 82
55 83
55 83
55 84
55 85
55 86
55 86
55 87
56 88
56 89
56 89
57 90
58 91
58 91
59 91
60 91
61 91
61 91
62 90
63 90
64 89
64 89
65 88
66 87
66 86
67 85
67 85
68 84
69 83
70 82
71 81
71 81
71 80
72 79
72 78
73 77
73 76
73 76
74 75
74 74
75 73
75 73
75 72
75 71
75 71
75 71
75 72
75 72
74 73
74 74
74 74
74 75
73 76
73 77
73 78
73 78
73 79
73 80
73 81
73 82
73 82
73 83
73 84
73 85
73 86
73 86
73 87
73 88
73 89
73 90
73 90
74 91
74 92
74 92
75 91
75 90
76 89
76 88
77 87
77 86
78 85
78 84
79 83
80 82
80 81
81 80
81 79
82 78
82 77
83 76
83 75
84 74
84 74
85 73
86 73
86 73
86 72
86 71
86 70
86 69
86 69
86 68
86 67
86 67
86 67
86 68
86 68
86 69
87 70
87 71
87 71
87 72
87 73
87 74
87 75
87 75
87 76
87 77
86 78
86 79
86 80
86 80
86 81
86 82
85 83
85 84
85 85
85 85
85 86
85 87
84 88
84 89
84 90
84 91
84 91
83 92
83 93
83 93
82 94
82 95
82 95
82 95
82 95
82 94
82 93
82 93
83 92
83 91
83 91
83 90
84 89
84 88
84 87
85 86
85 85
85 85
85 84
86 83
86 82
86 81
87 80
87 79
87 79
88 78
88 77
89 76
89 75
90 74
90 73
90 73
91 72
91 71
92 70
92 69
93 68
93 67
93 67
94 66
94 65
95 64
95 64
96 63
96 63
97 64
97 64
98 65
98 65
98 66
98 67
98 68
98 68
98 69
98 70
98 71
98 72
98 72
98 73
98 74
98 75
98 76
98 77
98 77
98 78
98 79
98 80
98 81
98 81
98 82
98 83
98 84
98 85
98 85
98 86
98 87
98 88
98 89
98 89
98 90
99 91
99 92
99 92
99 93
99 94
