26 32
27 32
28 32
28 32
28 31
28 30
28 30
28 29
28 28
28 28
28 27
29 26
29 25
29 25
29 24
29 23
29 22
29 22
29 21
30 20
30 19
30 18
30 18
30 17
30 16
30 15
30 14
30 13
30 13
30 12
30 11
29 10
29 9
29 8
29 8
29 7
28 6
28 5
28 4
28 4
27 3
27 2
26 1
26 1
25 1
24 0
23 0
23 0
22 1
21 1
20 2
20 2
19 3
18 4
17 4
16 5
16 5
15 6
15 7
14 8
13 9
13 10
12 11
12 11
11 12
11 13
10 14
9 15
9 16
8 17
8 17
8 18
7 19
7 20
7 21
7 22
6 23
6 24
6 24
6 25
5 26
5 27
4 28
4 29
4 29
4 30
4 31
4 32
4 33
4 34
4 34
4 35
5 36
5 37
5 38
5 38
5 39
5 40
6 41
6 42
6 43
6 43
7 44
7 45
8 46
8 47
9 48
9 48
10 49
11 50
12 51
13 52
13 52
14 53
15 54
15 55
16 56
17 57
17 57
18 58
19 59
20 60
21 61
21 61
22 62
22 63
23 64
23 65
24 66
24 66
24 67
25 68
25 69
26 70
26 71
26 71
26 72
26 73
27 74
27 75
27 76
27 77
27 77
27 78
27 79
27 80
27 81
27 82
27 83
27 83
26 84
26 85
25 86
25 87
25 87
24 88
24 89
23 90
23 91
22 92
22 92
21 93
20 94
19 94
18 95
18 95
17 96
16 96
15 97
14 97
14 97
13 98
12 98
11 99
10 99
10 99
9 99
8 100
7 100
7 100
6 100
5 100
4 100
4 100
3 100
2 100
2 100
1 99
0 99
0 99
0 99
1 98
2 97
3 97
4 96
5 95
6 94
7 93
8 92
9 92
10 91
11 90
12 89
13 88
14 88
15 87
16 86
17 85
18 84
19 83
20 83
21 82
22 81
23 80
24 79
25 79
26 78
27 77
28 76
29 75
30 75
31 74
32 73
33 72
34 71
35 70
36 70
37 69
38 68
38 68
39 68
40 68
41 68
41 68
41 67
41 66
41 65
41 65
40 66
40 66
40 67
40 68
40 69
40 70
40 70
40 71
40 72
40 73
40 74
40 75
40 75
40 76
40 77
40 78
40 79
40 80
40 80
40 81
40 82
40 83
40 84
40 85
40 86
40 86
40 87
40 88
40 89
40 90
40 91
40 92
40 92
40 93
40 94
40 95
40 96
40 96
40 97
40 98
40 98
41 99
41 100
41 100
42 100
43 100
43 100
44 99
44 99
45 98
46 97
47 96
47 96
47 95
48 94
48 93
48 92
49 91
49 90
49 90
49 89
50 88
50 87
51 86
51 85
51 85
51 84
51 83
51 82
52 81
52 80
52 79
52 78
52 78
52 77
52 76
52 75
52 74
52 73
52 72
52 72
52 71
51 70
51 69
51 68
51 68
50 67
50 66
49 65
49 64
49 64
48 63
47 62
47 62
46 62
45 63
44 63
44 63
43 64
42 64
42 64
41 65
41 66
40 67
40 67
39 68
39 69
39 69
39 70
38 71
38 72
38 72
38 73
39 74
39 75
39 75
40 75
41 75
42 75
43 74
44 74
45 74
46 74
47 74
48 74
49 73
50 73
51 73
52 73
53 73
54 73
55 72
56 72
57 72
58 72
59 72
60 72
61 71
62 71
63 71
64 71
65 71
66 71
67 70
68 70
69 70
70 70
70 70
71 69
72 68
72 68
72 67
71 66
71 65
71 64
71 64
71 63
71 62
70 61
70 60
70 59
70 58
70 58
69 57
68 57
68 57
67 58
67 58
66 59
65 60
65 60
64 61
64 62
63 63
63 64
63 64
63 65
63 66
62 67
62 68
62 69
62 70
62 70
62 71
61 72
61 73
61 74
61 75
60 76
60 77
60 77
60 78
59 79
59 80
59 81
58 82
58 83
58 83
58 84
58 85
57 86
57 87
57 88
57 88
57 89
57 90
57 91
57 91
58 92
58 93
58 93
59 93
59 93
60 93
61 93
61 93
62 92
62 91
63 90
63 90
64 89
65 88
65 87
66 86
66 86
67 85
67 84
68 83
68 82
68 82
69 81
69 80
70 79
70 79
70 78
71 77
71 76
71 75
71 75
72 74
72 74
71 74
71 74
71 74
71 75
71 76
71 76
71 77
71 78
71 79
71 80
71 80
71 81
71 82
71 83
71 84
71 84
71 85
71 86
71 87
71 88
71 89
71 89
71 90
71 91
72 92
72 93
72 94
72 94
72 95
73 96
73 97
73 97
74 98
74 99
74 99
75 100
75 100
76 99
77 99
77 99
77 98
77 97
78 96
78 95
78 94
78 93
79 92
79 91
79 90
79 89
80 88
80 87
80 86
80 85
81 84
81 83
81 82
81 81
81 80
82 79
82 78
82 77
82 76
83 75
83 74
83 73
83 72
84 71
84 70
84 69
84 68
85 67
85 66
85 65
85 65
85 64
85 64
85 63
85 62
85 61
85 61
85 61
85 62
85 63
85 63
85 64
85 65
85 66
85 67
85 67
85 68
85 69
86 70
86 71
86 72
86 73
86 73
86 74
86 75
86 76
86 77
86 78
86 79
86 79
86 80
86 81
86 82
86 83
86 84
86 84
86 85
86 86
86 87
86 88
86 89
86 89
86 90
85 91
85 92
85 93
85 93
85 94
85 95
85 96
85 96
84 97
84 97
84 98
84 98
84 97
84 97
84 96
84 96
85 95
85 94
85 94
85 93
86 92
86 91
86 90
86 89
87 88
87 87
87 87
87 86
88 85
88 84
88 83
88 82
89 81
89 80
89 80
89 79
90 78
90 77
90 76
90 75
91 74
91 73
91 72
91 72
92 71
92 70
93 69
93 68
94 67
94 66
94 66
95 65
95 64
96 63
96 63
97 62
97 62
97 62
98 63
98 63
98 64
98 65
98 65
98 66
98 67
98 68
98 69
98 69
98 70
98 71
98 72
98 73
98 73
98 74
98 75
98 76
98 77
98 78
98 79
98 79
98 80
98 81
99 82
99 83
99 84
99 84
99 85
99 86
99 87
99 88
99 88
99 89
99 90
99 91
99 92
99 92
99 93
100 94
100 95
