24 26
25 26
25 26
26 26
26 26
26 25
26 25
27 24
27 23
27 23
28 22
28 22
28 21
29 20
29 19
29 19
30 18
30 17
30 17
30 16
30 15
30 15
31 14
31 13
31 13
31 12
31 11
31 11
31 10
30 9
30 8
30 8
30 7
30 6
30 5
30 5
29 4
29 3
29 3
28 2
28 2
27 1
26 1
26 1
25 0
24 0
24 0
23 0
22 0
22 0
21 1
20 1
20 1
19 1
18 2
17 2
17 2
16 3
16 4
15 5
15 5
14 6
13 6
12 7
12 7
11 8
10 9
10 10
9 11
9 11
8 12
8 13
7 14
7 15
7 15
6 16
5 17
5 18
4 19
4 19
4 20
3 21
3 22
2 23
2 24
2 24
2 25
1 26
1 27
1 28
1 28
1 29
0 30
0 31
0 31
0 32
0 33
0 33
0 34
0 35
0 36
0 36
1 37
1 38
1 38
2 39
2 40
3 41
3 41
4 42
5 42
5 42
6 42
7 43
8 43
8 43
9 44
10 44
11 45
11 45
12 45
13 46
14 46
14 46
15 47
16 48
16 48
17 49
18 50
19 51
19 51
20 52
20 53
21 54
21 54
22 55
23 56
23 56
23 57
24 58
24 59
24 59
24 60
25 61
25 62
25 62
25 63
25 64
25 65
25 66
25 66
25 67
25 68
25 69
25 70
25 71
25 71
25 72
24 73
24 74
24 75
24 75
24 76
23 77
23 78
22 79
22 80
22 80
22 81
21 82
21 83
20 84
20 85
20 85
19 86
18 87
18 88
17 89
17 89
16 90
15 91
15 92
14 93
14 93
13 94
12 95
12 96
11 97
11 97
10 98
9 98
8 99
8 99
7 99
6 100
5 100
5 100
4 100
3 100
3 100
2 99
1 99
1 99
0 98
0 97
0 97
1 96
2 96
3 95
4 94
5 94
6 93
7 92
8 92
9 91
10 90
11 90
12 89
13 89
14 88
15 87
16 87
17 86
18 85
19 85
20 84
21 83
22 83
23 82
24 81
25 81
26 80
27 79
28 79
29 78
30 77
31 77
32 76
33 75
34 75
35 74
36 74
37 73
38 72
39 72
40 71
41 70
42 70
43 69
44 68
45 68
46 67
46 67
46 66
46 65
46 65
46 64
46 64
46 64
45 64
45 64
45 65
45 65
44 66
44 66
43 67
43 68
43 68
42 69
42 70
42 70
42 71
41 72
41 73
41 73
41 74
40 75
40 76
40 77
40 77
40 78
40 79
40 80
40 81
40 81
40 82
39 83
39 84
39 84
39 85
40 86
40 87
40 87
40 88
40 89
40 89
41 90
41 90
42 89
43 89
43 89
44 88
44 88
45 87
46 87
46 87
47 86
47 85
47 85
47 84
48 83
48 82
48 82
48 81
49 80
49 79
49 79
49 78
49 77
49 76
49 76
49 75
49 74
49 73
49 73
49 72
49 71
49 71
48 70
48 70
47 69
47 69
46 68
45 68
45 68
44 68
44 68
43 69
43 69
42 69
41 69
41 69
41 70
41 70
41 70
41 70
42 70
42 70
43 70
44 71
45 71
46 71
47 71
48 72
49 72
50 72
51 72
52 73
53 73
54 73
55 73
56 74
57 74
58 74
59 74
60 75
61 75
62 75
63 75
64 76
65 76
66 76
67 76
68 77
69 77
70 77
71 77
72 78
73 78
73 78
73 78
73 78
73 77
73 77
73 77
72 76
72 75
72 75
72 74
72 74
71 73
71 73
71 72
71 71
71 71
71 70
71 69
71 68
71 68
71 67
71 66
71 66
71 65
71 64
71 64
70 63
70 63
70 63
69 62
69 62
69 63
69 63
68 64
68 64
67 65
67 66
67 66
67 67
66 68
66 69
66 69
66 70
65 71
65 72
65 72
64 73
64 74
63 75
63 76
63 76
63 77
62 78
62 79
62 80
62 80
62 81
62 82
61 83
61 84
61 85
61 85
61 86
61 87
61 87
61 88
61 89
61 89
61 90
61 91
61 91
62 91
62 91
63 91
63 91
64 90
64 90
64 89
65 88
65 87
65 87
66 86
67 85
67 85
68 84
68 83
68 83
68 82
69 81
69 80
69 80
69 79
70 78
70 77
70 77
70 76
71 75
71 74
71 74
71 73
71 72
71 72
72 71
72 71
72 70
72 70
72 69
72 69
72 69
72 69
72 69
72 70
72 70
72 71
72 71
72 72
72 73
72 73
73 74
73 74
73 75
73 76
73 77
73 77
73 78
74 79
74 80
74 80
74 81
74 82
74 83
74 83
75 84
75 85
75 85
76 86
76 87
76 87
77 88
77 88
78 89
78 89
79 89
79 89
80 88
80 88
80 88
81 87
81 86
82 85
82 84
83 83
83 82
84 81
84 80
85 79
85 78
86 77
86 76
87 75
87 74
88 73
88 72
89 71
89 71
89 70
89 69
89 69
89 69
89 69
89 69
88 70
88 70
88 70
88 70
88 70
88 71
88 71
88 71
88 71
88 72
88 72
88 73
88 74
88 74
87 75
87 76
87 76
87 77
87 78
87 78
87 79
87 80
87 81
87 81
87 82
87 83
87 83
87 84
87 85
87 85
87 86
87 87
87 87
87 88
87 88
87 89
87 90
87 90
87 90
87 90
87 90
87 90
87 90
87 89
87 89
87 88
87 87
87 87
88 86
88 85
88 85
88 84
88 83
88 83
88 82
89 81
89 80
89 79
89 79
89 78
89 77
89 76
89 76
90 75
90 74
90 74
91 73
91 72
91 72
92 71
92 71
93 70
93 70
93 69
93 69
94 68
94 68
95 68
95 68
96 69
96 69
97 70
97 70
97 71
97 71
98 72
98 73
98 73
98 74
98 75
98 76
98 76
98 77
98 78
98 79
98 80
98 80
98 81
98 82
98 83
98 83
98 84
98 85
98 86
98 86
98 87
99 88
99 89
99 89
99 90
99 90
99 91
99 92
99 92
99 93
