8 28
9 27
9 26
10 25
10 24
11 23
11 23
11 23
10 23
10 23
10 23
10 23
10 23
10 23
11 24
12 25
12 25
13 26
13 26
12 27
11 28
11 29
10 30
9 31
8 32
8 33
7 34
6 35
5 36
5 37
4 38
3 39
3 39
3 40
3 41
3 42
2 43
2 44
2 45
2 46
2 46
1 46
0 46
0 46
0 45
0 45
0 46
0 47
0 48
0 49
0 49
0 50
0 51
0 52
0 53
0 53
0 54
1 55
1 56
1 57
1 57
1 58
2 59
2 60
2 60
3 61
3 62
3 62
4 62
5 62
5 62
6 61
6 61
7 60
7 59
8 58
8 58
8 57
9 56
9 55
10 54
10 53
10 53
10 52
11 51
11 50
12 49
12 48
13 47
13 46
13 46
14 45
14 44
15 43
15 42
16 41
16 40
17 39
17 39
18 38
18 37
19 36
20 35
20 34
21 33
21 33
22 32
23 31
23 30
24 29
25 28
25 28
26 27
27 26
27 25
28 24
29 23
29 23
30 22
31 21
32 20
32 20
33 19
34 19
34 19
34 18
34 18
34 19
34 19
34 19
34 20
34 21
34 22
34 22
34 23
33 24
33 25
32 26
32 27
31 28
31 29
30 30
30 31
29 32
29 33
29 34
28 35
28 36
27 37
27 38
26 39
26 40
25 41
25 42
25 43
24 44
24 45
23 46
23 47
22 48
22 49
21 50
21 51
20 52
20 53
20 54
19 55
19 56
18 57
18 58
17 59
17 60
16 61
16 62
16 63
15 64
15 65
14 66
14 67
13 68
13 69
12 70
12 71
11 72
11 73
11 73
10 74
10 75
9 76
9 77
9 77
9 77
9 76
9 76
10 75
10 74
11 73
11 72
11 72
12 71
12 70
13 69
13 69
14 68
15 67
15 66
16 65
16 65
17 64
18 63
18 62
19 61
20 60
20 60
21 60
22 60
23 60
23 60
24 59
25 58
26 57
26 57
26 56
26 55
25 54
25 53
25 52
25 51
24 50
24 49
24 48
24 48
24 47
23 46
23 45
23 45
22 45
22 45
22 45
22 46
22 47
22 47
22 48
22 49
22 50
22 51
22 51
22 52
22 53
22 54
22 55
23 56
23 57
23 58
23 59
23 60
23 60
23 61
23 62
23 63
23 64
23 65
23 66
23 67
23 68
23 68
23 69
23 70
23 71
24 72
24 73
24 74
24 75
24 75
24 76
24 77
25 78
25 79
25 80
25 80
25 81
25 82
25 83
25 84
25 85
25 85
25 86
26 87
26 88
26 89
26 89
26 90
26 91
26 92
26 93
26 93
26 92
25 91
25 90
24 89
24 88
24 87
23 86
23 85
22 84
22 83
22 82
21 81
21 80
21 79
20 78
20 77
19 76
19 75
19 75
20 75
21 76
22 76
23 76
23 76
22 76
22 76
21 75
20 75
20 75
20 75
19 76
19 77
19 77
19 78
18 79
18 80
18 81
18 81
18 82
18 83
17 84
17 85
17 86
17 87
17 87
17 88
17 89
17 90
16 91
16 92
16 93
16 94
16 94
16 95
15 96
15 97
15 98
14 99
14 100
14 100
14 99
15 98
15 97
15 96
16 95
16 94
17 93
17 92
17 91
18 90
18 89
18 88
19 87
19 86
19 85
20 84
20 83
21 82
21 81
21 80
22 79
22 78
22 78
23 77
24 77
25 76
26 75
27 74
28 74
29 73
29 73
30 73
30 73
30 73
31 73
32 73
32 73
33 73
33 73
34 74
35 75
35 75
36 76
36 77
36 77
37 78
37 79
37 79
38 80
38 81
38 81
39 82
39 82
39 83
39 83
39 83
39 83
39 82
39 81
40 80
40 79
40 78
40 77
41 76
41 75
41 74
41 73
42 72
42 71
42 70
42 69
43 68
43 67
43 66
43 65
44 64
44 63
44 62
44 61
45 60
45 59
45 58
45 57
45 56
46 55
46 54
46 53
46 52
47 51
47 50
47 49
47 48
48 47
48 46
48 45
48 44
49 43
49 42
49 41
49 40
50 39
50 38
50 37
50 36
51 35
51 34
51 33
51 32
52 31
52 30
52 29
52 28
52 27
53 26
53 25
53 24
53 23
54 22
54 21
54 20
54 19
55 18
55 17
55 16
55 15
56 14
56 13
56 12
56 11
57 10
57 9
57 8
57 7
58 6
58 5
58 4
58 4
59 3
59 2
59 2
58 2
58 2
59 1
59 1
59 1
59 1
59 1
59 2
58 3
58 4
58 5
58 5
58 6
58 7
57 8
57 9
57 10
57 10
57 11
56 12
56 13
56 14
56 15
55 16
55 17
55 18
55 18
55 19
54 20
54 21
53 22
53 23
53 24
52 25
52 26
52 26
52 27
53 28
53 29
53 30
53 30
54 29
55 28
56 27
57 26
57 26
58 26
58 26
58 26
58 26
58 26
58 27
57 28
57 29
57 30
57 30
57 31
56 32
56 33
55 34
55 35
55 35
55 36
54 37
54 38
53 39
53 40
53 40
53 41
53 42
52 43
52 44
52 45
52 45
53 44
54 44
54 44
55 44
56 44
57 44
57 44
57 44
57 44
58 45
58 46
58 46
58 47
58 48
58 48
58 49
59 50
59 51
59 51
59 52
59 53
59 54
59 54
59 55
59 56
59 57
59 57
59 58
59 59
59 60
59 61
59 62
59 62
59 63
60 64
60 65
60 65
60 66
60 67
60 67
60 66
60 65
60 64
60 63
60 62
60 61
60 60
60 59
60 58
61 57
61 56
61 55
61 54
61 53
61 52
61 51
61 50
61 49
61 48
61 47
61 46
61 45
61 44
61 43
61 42
61 41
61 40
61 39
61 38
62 37
62 36
62 35
62 34
62 33
62 32
62 31
62 30
62 29
62 28
62 28
63 27
63 26
63 26
63 26
64 26
64 26
64 25
65 24
65 23
65 23
65 22
66 21
66 20
66 19
66 19
66 18
67 17
67 16
68 15
68 14
68 14
69 13
70 12
70 11
71 10
71 10
72 9
72 8
73 7
73 7
73 8
73 9
73 9
73 10
72 11
72 12
72 13
72 13
72 14
72 14
72 14
72 15
72 15
72 16
72 17
72 18
72 19
72 19
72 20
72 21
72 22
72 23
72 24
72 25
72 25
72 26
72 27
72 28
72 29
72 30
72 30
72 31
72 32
73 33
73 34
73 35
73 35
73 36
73 37
73 38
73 39
73 40
73 40
73 41
73 42
73 43
73 44
73 44
73 43
74 42
74 41
74 40
74 39
75 38
75 37
75 36
75 36
75 36
75 36
75 36
75 36
76 35
76 34
76 34
77 33
77 33
76 32
75 32
74 31
73 31
72 30
71 30
70 29
69 29
69 29
69 30
68 31
68 32
68 32
67 32
67 32
67 32
67 33
67 34
67 34
67 35
67 36
67 37
67 38
67 39
67 40
67 40
67 41
67 42
67 43
67 44
67 45
67 46
67 47
67 48
67 48
67 49
67 50
67 51
67 52
67 52
67 53
67 54
67 55
67 56
67 57
67 57
67 58
67 59
66 60
66 61
66 62
66 63
66 63
66 64
66 65
66 66
66 67
66 67
65 68
65 68
65 68
65 68
65 67
65 67
66 66
67 65
67 65
68 64
68 63
69 62
69 61
70 60
70 60
71 59
72 58
73 57
74 56
75 55
75 55
76 54
77 53
78 52
79 51
80 50
81 49
81 49
82 48
83 48
84 47
85 46
86 46
87 45
87 45
88 44
89 43
90 43
91 42
91 42
92 41
93 40
94 40
95 39
95 39
96 39
97 38
98 38
98 38
99 37
99 37
100 37
100 37
99 37
99 37
99 37
