10 9
10 8
11 7
11 6
11 6
10 5
9 5
9 5
9 4
9 4
9 4
9 4
9 4
9 4
9 4
10 5
10 5
11 5
11 5
11 6
10 7
10 8
9 9
9 10
8 11
8 12
7 13
7 14
6 15
6 16
5 17
5 18
4 19
4 20
3 21
3 22
2 23
2 24
1 25
1 26
1 26
1 27
2 28
2 29
2 29
1 30
0 30
0 30
0 31
0 31
0 32
0 33
0 33
0 34
0 35
0 35
0 36
1 37
1 38
1 38
1 39
1 40
1 41
1 41
1 42
2 43
2 44
2 45
2 45
3 46
4 47
4 48
5 49
5 49
5 48
5 47
5 46
6 45
6 44
6 43
6 42
6 42
6 41
7 40
7 39
7 38
7 38
8 37
8 36
9 35
9 34
10 33
10 33
11 32
11 31
12 30
12 29
13 28
13 27
14 26
14 26
15 25
15 24
16 23
17 22
18 21
18 20
19 19
19 19
20 18
21 17
22 16
23 15
24 14
24 14
25 13
26 12
27 12
28 11
29 10
29 10
30 9
31 9
32 8
32 8
33 7
34 7
34 7
35 7
36 7
36 7
36 7
36 8
36 8
36 9
36 10
36 10
36 11
36 12
35 13
35 14
35 15
35 15
35 16
34 17
34 18
33 19
33 20
32 21
32 22
32 23
31 24
31 25
30 26
30 27
30 28
29 29
29 30
28 31
28 32
27 33
27 34
27 35
26 36
26 37
25 38
25 39
25 40
24 41
24 42
23 43
23 44
22 45
22 46
22 47
21 48
21 49
20 50
20 51
19 52
19 53
19 54
18 55
18 56
17 57
17 58
17 59
16 60
16 61
15 62
15 63
14 64
14 65
14 66
13 67
13 68
12 69
12 70
12 71
11 72
11 73
10 74
10 75
9 76
9 77
9 78
8 79
8 80
7 81
7 82
7 83
6 84
6 85
5 86
5 87
4 88
4 89
4 89
3 90
3 91
2 92
2 93
1 94
1 94
1 94
1 93
1 92
1 92
2 91
2 90
3 89
3 89
4 88
4 87
5 86
5 85
6 84
6 83
6 83
7 82
8 81
8 80
9 79
10 78
10 78
11 77
12 76
12 75
13 74
14 73
14 73
15 72
16 71
17 70
17 69
18 68
19 67
19 67
20 66
21 65
22 64
22 63
23 62
24 61
24 61
25 60
26 59
27 58
27 57
28 56
29 55
29 55
29 54
28 53
28 52
28 51
27 50
27 49
27 48
26 47
26 46
26 45
25 44
25 43
25 42
24 41
24 40
24 40
24 40
23 40
22 40
22 40
22 40
22 41
23 42
23 43
23 43
23 44
23 45
23 46
23 47
23 48
23 48
23 49
23 50
23 51
23 52
23 53
23 54
23 55
23 56
23 57
23 58
23 58
23 59
23 60
23 61
23 62
23 63
23 64
23 65
23 66
23 67
23 67
23 68
23 69
23 70
24 71
24 72
24 73
24 74
24 74
24 75
24 76
24 77
25 78
25 79
25 80
25 81
25 81
25 82
25 83
26 84
26 85
26 86
26 87
26 87
26 88
26 89
27 90
27 91
27 92
27 93
27 93
27 94
28 95
28 96
28 97
28 97
28 98
28 99
28 100
28 100
27 99
27 98
26 97
26 96
25 95
25 94
24 93
24 92
23 91
23 90
22 89
22 88
21 87
21 86
20 85
20 84
20 84
21 84
22 84
22 84
22 83
22 83
21 83
20 83
20 83
20 83
20 83
19 84
19 85
19 85
19 86
18 87
18 88
18 88
18 89
18 90
17 91
17 92
17 93
17 94
17 94
17 95
16 96
16 97
16 98
15 99
15 100
15 100
16 99
16 98
17 97
18 96
19 95
19 94
20 93
21 92
21 91
22 90
22 90
23 89
24 88
25 87
26 87
27 86
28 85
29 84
29 84
30 83
31 83
31 83
31 82
31 82
32 81
33 81
33 81
34 81
35 81
35 81
36 81
36 81
37 82
37 82
38 83
38 84
38 84
39 85
39 85
40 86
40 87
40 87
40 88
40 89
40 89
40 88
40 87
41 86
41 85
41 84
41 83
42 82
42 81
42 80
42 79
43 78
43 77
43 76
43 75
44 74
44 73
44 72
44 71
45 70
45 69
45 68
45 67
46 66
46 65
46 64
46 63
47 62
47 61
47 60
47 59
48 58
48 57
48 56
48 55
49 54
49 53
49 52
49 51
50 50
50 49
50 48
50 47
50 46
51 45
51 44
51 43
51 42
52 41
52 40
52 39
52 38
53 37
53 36
53 35
53 34
54 33
54 32
54 31
54 30
55 29
55 28
55 27
55 26
56 25
56 24
56 23
56 22
57 21
57 20
57 19
57 18
58 17
58 16
58 15
58 14
59 13
59 12
59 11
59 10
60 9
60 8
60 7
60 7
60 6
61 5
61 4
62 3
62 2
63 1
63 0
63 0
63 0
62 1
62 1
62 1
62 1
62 1
62 2
62 3
62 4
62 4
62 5
61 6
61 7
60 8
60 9
60 9
60 10
59 11
59 12
59 13
58 14
58 15
58 15
58 16
58 17
58 18
58 19
58 20
59 21
59 22
59 23
59 24
59 25
59 26
59 27
59 27
60 26
61 25
62 24
63 23
63 23
63 23
63 23
63 24
63 24
63 24
63 25
62 26
62 27
62 28
62 28
62 29
61 30
61 31
60 32
60 33
59 34
59 35
59 36
58 37
58 38
57 39
57 40
56 41
56 42
56 42
57 42
58 41
59 41
60 41
61 40
62 40
62 40
62 40
63 41
63 42
63 42
63 43
63 44
63 45
63 45
63 46
63 47
63 47
63 48
63 49
63 50
63 50
63 51
63 52
63 53
63 54
63 54
63 55
63 56
63 57
63 58
63 58
63 59
63 60
63 61
63 62
63 62
63 63
63 64
63 65
63 66
63 66
63 65
63 64
63 63
64 62
64 61
64 60
64 59
64 58
64 57
65 56
65 55
65 54
65 53
65 52
65 51
66 50
66 49
66 48
66 47
66 46
66 45
67 44
67 43
67 42
67 41
67 40
67 39
68 38
68 37
68 36
68 35
68 34
68 33
69 32
69 31
69 30
69 29
69 28
69 27
70 26
70 25
70 24
70 23
70 23
70 23
70 23
70 22
71 21
71 20
71 19
71 19
72 18
72 17
73 16
73 16
74 15
74 14
75 13
75 12
75 12
76 11
77 10
78 9
78 9
79 8
79 7
80 6
80 6
81 5
82 5
83 4
83 4
83 5
83 6
83 7
83 8
83 8
83 9
82 10
82 11
82 11
82 12
82 12
82 12
82 13
82 14
82 14
82 15
82 16
82 17
82 17
82 18
82 19
82 20
82 21
82 21
82 22
82 23
82 24
82 25
82 25
82 26
82 27
82 28
82 29
82 29
82 30
82 31
82 32
82 33
82 33
82 34
83 35
83 36
83 37
83 37
83 38
83 39
83 40
83 41
83 41
83 42
83 43
83 44
83 45
83 45
83 44
83 43
83 42
83 41
84 40
84 39
84 38
84 37
84 36
84 35
84 35
85 34
85 33
86 32
86 31
86 31
86 30
86 30
86 29
86 28
86 28
87 27
87 26
87 26
88 25
88 24
88 24
89 23
89 22
89 22
90 21
90 21
89 22
88 22
87 23
86 24
85 24
84 25
83 25
82 26
81 27
80 27
79 28
79 28
79 29
79 30
78 31
78 32
78 33
78 33
78 32
78 31
78 31
78 31
78 32
78 33
78 33
78 34
78 35
78 36
78 36
78 37
78 38
78 39
78 40
78 41
78 41
78 42
78 43
78 44
78 45
78 46
78 46
78 47
78 48
77 49
77 50
77 51
77 51
77 52
76 53
76 54
76 55
75 56
75 57
75 58
74 59
74 60
74 61
73 62
73 63
73 64
72 65
72 66
72 66
72 66
72 66
72 66
73 65
73 64
74 63
74 63
75 62
76 61
77 60
77 60
78 59
79 58
80 58
81 57
81 57
82 56
83 55
84 54
85 53
85 53
86 52
87 52
88 51
88 51
89 50
90 50
91 49
92 49
92 49
93 49
94 48
95 48
95 48
96 47
97 46
97 46
98 46
98 46
99 45
99 45
100 45
100 45
99 45
99 45
99 45
99 45
