8 25
8 24
8 23
8 22
8 21
8 20
8 20
8 19
8 19
8 19
8 19
8 19
8 19
8 20
8 20
9 21
9 21
9 22
10 23
10 24
10 24
9 25
9 26
8 27
8 28
7 29
6 30
6 31
5 32
5 33
4 34
4 35
3 36
3 36
3 37
3 38
3 39
3 40
2 41
2 42
2 43
2 44
2 45
2 45
1 46
0 46
0 46
0 47
0 48
0 49
0 50
0 50
0 51
0 52
0 53
0 54
0 55
0 56
0 57
0 57
0 58
0 58
0 59
0 60
0 61
0 61
0 62
0 63
1 64
1 65
1 66
1 66
1 67
1 68
1 68
2 69
2 69
3 69
3 69
4 68
4 68
4 67
5 66
5 65
5 64
5 64
5 63
6 62
6 61
7 60
7 59
7 59
7 58
8 57
8 56
9 55
9 54
10 53
10 52
10 52
11 51
11 50
12 49
12 48
13 47
13 46
14 45
14 45
15 44
15 43
16 42
16 41
17 40
17 39
18 38
18 38
19 37
20 36
21 35
22 34
23 33
23 33
24 32
25 31
25 30
26 29
27 28
27 28
28 27
29 26
30 25
30 25
31 25
32 24
33 24
33 24
34 24
34 24
35 24
35 24
35 25
35 26
35 27
35 27
34 28
34 29
33 30
33 31
32 32
32 33
31 34
30 35
30 36
29 37
29 38
28 39
27 40
27 41
26 42
26 43
25 44
25 45
24 46
23 47
23 48
22 49
22 50
21 51
21 52
20 53
19 54
19 55
18 56
18 57
17 58
17 59
16 60
15 61
15 62
14 63
14 64
13 65
12 66
12 67
11 68
11 69
10 70
10 71
9 72
9 72
9 73
8 74
8 75
7 76
7 77
7 78
6 79
6 80
5 81
5 82
5 82
5 82
4 82
4 82
5 81
6 80
6 80
7 79
8 78
9 77
9 77
10 76
11 76
12 75
12 75
13 74
14 73
15 73
16 72
17 71
17 71
18 70
18 69
19 68
19 67
20 66
20 65
21 64
21 63
21 63
22 62
23 61
24 60
25 59
25 59
25 58
25 57
25 56
24 55
24 54
24 53
24 52
24 51
24 50
23 49
23 48
23 47
23 46
23 46
22 45
21 44
21 44
20 44
20 44
20 45
20 46
20 46
20 47
21 48
21 49
21 49
21 50
21 51
21 52
21 53
21 54
21 55
21 55
21 56
21 57
21 58
21 59
21 60
21 61
21 61
21 62
21 63
21 64
22 65
22 66
22 67
22 68
22 69
22 69
22 70
22 71
22 72
22 73
22 74
22 75
22 75
22 76
23 77
23 78
24 79
24 80
24 80
24 81
24 82
24 83
24 84
24 85
24 85
24 86
25 87
25 88
25 89
25 89
25 88
24 87
24 86
23 85
23 84
22 83
22 82
21 81
21 80
21 79
20 78
20 77
19 76
19 75
18 74
18 73
18 73
18 74
19 75
19 76
19 76
19 76
19 75
19 74
19 74
19 74
19 75
19 75
19 76
19 77
18 78
18 79
18 80
18 80
18 81
18 82
18 83
17 84
17 85
17 86
17 87
17 87
17 88
17 89
17 90
16 91
16 92
16 93
16 94
16 94
16 95
15 96
15 97
15 98
14 99
14 100
14 100
14 99
15 98
15 97
16 96
16 95
17 94
17 93
18 92
18 91
18 90
19 89
19 88
20 87
20 86
21 85
21 84
22 83
22 82
22 82
23 81
24 81
25 80
26 79
27 79
28 78
28 78
29 78
29 78
30 78
30 78
31 78
32 78
32 78
33 79
33 79
34 80
35 80
35 80
36 81
36 82
36 82
37 83
38 84
38 84
38 85
38 86
38 86
39 87
39 88
39 88
39 89
39 89
39 89
39 89
39 88
39 87
39 86
39 85
40 84
40 83
40 82
40 81
40 80
40 79
40 78
40 77
41 76
41 75
41 74
41 73
41 72
41 71
41 70
41 69
42 68
42 67
42 66
42 65
42 64
42 63
42 62
42 61
43 60
43 59
43 58
43 57
43 56
43 55
43 54
43 53
44 52
44 51
44 50
44 49
44 48
44 47
44 46
44 45
45 44
45 43
45 42
45 41
45 40
45 39
45 38
45 37
46 36
46 35
46 34
46 33
46 32
46 31
46 30
46 29
47 28
47 27
47 26
47 25
47 24
47 23
47 22
47 21
48 20
48 19
48 18
48 17
48 16
48 15
48 14
48 13
49 12
49 11
49 10
49 9
49 8
49 8
50 7
50 6
51 5
51 4
52 3
52 3
52 4
52 4
52 3
52 3
52 2
52 2
52 2
52 2
52 3
52 4
52 5
52 5
52 6
52 7
51 8
51 9
51 10
51 11
51 11
51 12
50 13
50 14
49 15
49 16
48 17
48 18
48 18
48 19
47 20
47 21
46 22
46 23
46 24
45 25
45 26
45 26
46 27
47 28
48 28
49 29
49 29
50 28
51 28
52 27
53 26
54 26
55 25
55 25
55 25
55 26
55 26
55 26
55 27
55 27
55 28
54 29
54 30
54 30
54 31
53 32
53 33
53 34
52 35
52 36
52 36
52 37
52 38
51 39
51 40
51 41
51 41
51 42
50 43
50 44
49 45
49 46
48 47
48 48
48 48
49 48
50 47
51 47
52 47
53 46
54 46
54 46
55 46
56 46
56 46
56 47
55 48
55 49
55 49
56 50
56 51
56 51
56 52
56 53
56 54
56 54
57 55
57 56
57 56
57 57
57 58
57 59
57 59
57 60
57 61
57 62
57 62
57 63
57 64
57 65
57 66
57 66
57 67
58 68
58 69
58 69
58 70
58 71
58 71
58 70
58 69
58 68
58 67
58 66
58 65
59 64
59 63
59 62
59 61
59 60
59 59
59 58
59 57
59 56
59 55
59 54
59 53
59 52
60 51
60 50
60 49
60 48
60 47
60 46
60 45
60 44
60 43
60 42
60 41
60 40
60 39
61 38
61 37
61 36
61 35
61 34
61 33
61 32
61 31
61 30
61 29
61 28
61 27
61 26
62 25
62 24
62 23
62 22
62 21
62 20
62 19
62 19
62 19
62 19
62 19
62 18
62 17
62 16
62 16
63 15
63 14
64 13
64 12
64 12
65 11
66 10
66 9
67 8
67 8
68 7
69 6
69 5
70 4
70 4
71 3
72 2
73 2
74 1
74 1
75 2
75 3
76 4
76 5
76 5
76 6
76 7
76 8
75 9
75 10
75 11
75 12
75 12
75 13
75 13
75 12
75 12
75 13
75 14
75 15
75 16
75 17
75 17
75 18
75 19
74 20
74 21
74 22
74 23
74 23
74 24
74 25
74 26
74 27
74 28
74 29
74 30
74 30
74 31
74 32
74 33
74 34
74 35
74 36
74 36
74 37
74 38
74 39
74 40
74 41
74 41
74 42
74 43
75 44
75 45
75 46
75 47
75 47
75 48
75 49
75 50
75 51
75 51
75 52
75 53
75 54
75 55
75 55
75 54
75 53
75 52
76 51
76 50
76 49
76 48
76 47
76 46
76 45
76 44
77 43
77 42
77 41
77 40
77 39
77 39
77 38
77 37
77 37
76 37
76 37
76 36
76 36
76 36
77 35
78 34
78 34
79 33
80 33
80 33
79 33
78 33
77 33
76 33
75 33
74 33
73 33
72 33
71 33
70 33
69 33
68 33
68 33
67 34
67 35
67 35
66 35
66 35
65 35
65 35
65 36
66 37
66 38
66 39
66 39
66 40
66 41
66 42
66 43
66 44
66 45
66 45
66 46
66 47
66 48
66 49
66 50
66 51
66 52
66 53
66 54
66 54
66 55
66 56
66 57
66 58
66 59
66 59
66 60
66 61
66 62
66 63
66 63
66 64
65 65
65 66
65 66
65 67
65 67
65 67
65 67
65 67
66 66
67 66
68 65
68 65
69 64
70 63
70 62
71 61
71 61
72 60
73 59
74 58
75 57
76 56
76 56
77 55
78 54
79 53
80 52
81 51
81 51
82 50
83 50
84 49
85 48
86 48
87 47
87 47
88 46
89 45
90 45
91 44
92 43
92 43
93 42
94 41
95 41
96 40
96 40
97 39
98 39
98 39
99 38
99 38
100 38
100 38
100 38
100 38
99 38
99 38
99 38
99 38
