4 0
4 1
4 2
4 3
4 3
4 2
4 2
5 2
5 2
6 3
7 4
7 4
8 5
8 5
9 6
9 6
10 7
10 7
11 8
11 8
12 9
12 9
12 9
12 9
12 9
12 9
11 10
10 11
9 11
8 12
7 13
6 14
5 15
4 16
3 16
2 17
1 18
1 18
1 19
1 20
1 21
1 21
1 21
0 21
0 21
0 22
0 23
0 23
0 24
0 25
0 25
0 26
1 27
1 28
1 28
1 29
1 30
1 31
1 31
1 32
2 33
2 34
2 34
2 35
2 36
2 37
2 37
2 38
3 39
3 40
3 40
3 41
3 42
3 42
3 43
4 44
4 45
4 45
4 46
4 47
4 47
4 48
4 48
4 48
4 48
4 48
4 48
5 48
5 48
5 48
5 47
6 46
6 45
6 44
6 44
6 43
7 42
7 41
7 41
7 40
8 39
8 38
8 37
8 37
8 36
9 35
9 34
9 34
9 33
10 32
10 31
10 31
10 30
11 29
11 28
11 28
12 27
12 26
13 25
13 25
14 24
14 23
14 23
15 22
15 21
16 20
16 20
17 19
17 18
18 17
18 17
19 16
20 16
20 16
21 15
22 15
23 14
23 14
24 13
25 13
25 13
26 13
27 13
27 13
28 13
29 13
29 13
30 12
30 12
31 12
32 12
32 12
33 13
33 13
34 13
34 13
34 14
34 14
34 15
34 15
34 16
34 16
33 17
33 18
32 19
32 19
32 20
31 21
31 22
31 23
31 23
30 24
30 25
29 26
29 27
28 28
27 29
27 30
26 31
26 32
25 33
24 34
24 35
23 36
23 37
22 38
21 39
21 40
20 41
20 42
19 43
18 44
18 45
17 46
17 47
16 48
16 49
15 50
14 51
14 52
13 53
13 54
12 55
11 56
11 57
10 58
10 59
9 60
8 61
8 62
7 63
7 64
6 65
5 66
5 67
4 68
4 69
3 70
3 70
2 71
1 72
1 72
1 73
1 73
0 74
0 74
0 75
0 75
0 75
0 75
0 75
1 74
2 74
2 74
3 73
4 72
4 72
5 71
6 70
6 69
7 68
7 68
8 67
9 66
9 65
10 64
10 64
11 63
12 62
13 61
14 60
14 60
15 59
16 58
17 57
17 57
18 56
19 55
20 54
20 54
21 53
22 52
23 51
23 51
24 50
25 49
25 49
26 48
26 48
27 47
27 47
27 47
27 47
27 47
26 47
26 47
25 46
24 45
24 44
23 43
22 42
21 41
20 40
19 39
19 38
18 37
17 36
17 36
17 36
17 36
17 36
17 36
17 36
17 37
17 38
17 38
18 39
18 40
18 40
18 41
18 41
18 42
19 43
19 44
19 44
19 45
19 46
19 47
19 47
19 48
19 49
19 50
19 51
19 51
19 52
19 53
19 54
19 55
19 55
19 56
19 57
19 58
19 59
19 60
19 61
19 61
19 62
19 63
19 64
20 65
20 66
20 67
20 68
20 68
20 69
20 70
20 71
20 72
20 73
20 74
20 74
20 75
20 76
20 77
20 78
20 79
20 80
20 80
20 81
20 82
21 83
21 84
21 85
21 85
21 86
21 87
21 88
21 89
21 90
21 90
21 91
21 92
21 93
21 94
21 94
21 95
21 96
21 97
21 97
21 98
21 99
21 99
21 100
21 100
21 100
20 100
20 100
20 99
20 98
20 97
20 96
20 95
20 94
20 93
19 92
19 91
19 90
19 89
19 88
19 87
19 86
19 85
19 84
19 83
19 82
19 81
19 80
19 79
19 78
19 77
18 76
18 75
18 74
18 73
18 72
18 71
18 70
18 69
18 68
18 68
18 67
18 66
18 65
18 64
18 63
18 62
18 62
18 61
18 61
18 60
18 60
18 60
18 60
17 61
17 61
17 62
16 63
16 64
16 64
16 65
15 66
15 67
15 68
15 68
15 69
14 70
14 71
14 71
14 72
13 73
13 74
13 75
13 75
12 76
12 77
11 78
11 78
11 79
10 80
10 81
10 82
10 82
9 83
9 84
9 84
8 85
8 85
8 84
9 83
9 82
9 81
10 80
10 79
10 78
11 77
11 76
11 75
12 74
12 73
12 72
13 71
13 70
13 69
14 68
14 67
14 67
15 66
16 66
17 65
18 65
18 65
19 64
19 64
20 64
21 64
21 64
22 64
23 64
23 64
24 64
25 64
25 64
26 64
27 65
28 65
28 65
29 66
30 66
30 66
31 67
32 67
32 67
33 67
33 67
34 67
35 67
35 67
35 67
35 66
36 65
36 64
36 63
37 62
37 61
37 60
38 59
38 58
38 57
39 56
39 55
39 54
40 53
40 52
40 51
41 50
41 49
41 48
42 47
42 46
42 45
43 44
43 43
44 42
44 41
44 40
45 39
45 38
45 37
46 36
46 35
46 34
47 33
47 32
47 31
48 30
48 29
48 28
49 27
49 26
49 25
50 24
50 23
50 22
51 21
51 20
51 20
51 20
51 20
51 20
51 20
51 20
51 20
51 20
51 21
51 22
51 23
51 24
51 24
51 25
50 26
50 27
50 27
50 28
50 29
50 30
50 31
50 31
50 32
49 33
49 34
49 35
49 35
49 36
49 37
49 38
49 38
49 39
49 40
49 40
48 41
48 42
48 42
48 43
48 43
48 43
49 42
49 41
50 40
51 39
51 38
52 37
52 36
53 35
54 34
54 33
55 32
56 31
56 30
57 29
57 28
58 27
58 27
58 27
58 27
58 27
58 28
58 29
58 30
58 30
57 31
57 31
57 32
57 33
57 34
57 34
56 35
56 36
56 36
56 37
55 38
55 39
55 40
55 40
55 41
54 42
54 43
54 44
54 44
53 45
53 46
52 47
52 47
52 48
51 49
51 50
51 51
51 51
51 52
50 53
50 54
50 54
50 55
50 56
50 56
49 57
49 58
49 58
49 58
49 57
50 56
50 55
51 54
51 53
52 52
52 51
53 50
53 49
54 48
54 47
55 46
55 45
56 44
56 43
57 42
57 41
57 41
58 41
58 41
58 41
58 41
58 41
58 42
58 42
58 43
58 43
59 44
59 44
59 45
59 46
59 46
59 47
59 48
59 48
59 49
59 50
59 50
59 51
59 52
59 52
59 53
59 54
59 54
59 55
60 56
60 57
60 57
60 58
60 59
60 60
60 60
60 61
60 62
60 63
60 63
60 64
60 65
60 66
60 66
60 67
60 68
60 69
60 69
60 70
60 71
60 71
60 72
60 73
60 73
60 74
60 74
60 74
60 74
60 74
60 74
60 73
61 72
61 71
61 70
61 70
61 69
61 68
61 67
62 66
62 65
62 64
62 63
62 62
62 61
62 60
63 59
63 58
63 57
63 56
63 55
63 54
63 53
64 52
64 51
64 50
64 49
64 48
64 47
64 46
64 45
65 44
65 43
65 42
65 41
65 40
65 39
65 38
66 37
66 36
66 35
66 34
66 34
67 34
68 33
69 33
69 33
70 32
70 31
70 31
71 30
71 29
71 29
72 28
73 28
73 28
74 27
75 27
75 27
76 26
77 26
77 26
78 25
79 24
79 24
80 23
81 22
81 22
82 21
82 21
83 20
84 20
84 20
84 19
84 19
85 19
85 19
85 19
84 19
84 19
83 20
82 21
82 22
81 23
80 24
79 25
79 26
78 27
78 27
78 28
78 29
78 29
78 30
78 30
78 31
78 31
78 32
78 33
78 33
78 34
78 35
78 36
78 36
78 37
78 38
78 39
78 40
78 40
78 41
78 42
78 43
78 43
78 44
79 45
79 46
79 47
79 47
79 48
79 49
79 50
79 50
79 51
79 52
79 52
79 53
79 54
79 55
79 55
79 56
79 56
79 57
79 57
79 57
79 56
79 56
79 55
79 54
79 53
79 52
79 51
79 50
79 49
79 48
79 47
79 46
79 45
79 45
80 44
80 43
81 42
81 42
82 41
82 40
82 40
83 39
83 38
83 38
84 37
84 37
85 36
86 35
86 35
87 34
87 34
88 34
88 34
88 34
89 33
89 33
89 33
89 33
88 34
88 34
87 35
86 35
85 36
84 36
83 37
82 37
81 38
80 38
79 39
78 39
77 40
76 40
75 41
74 41
73 42
72 42
72 42
72 42
72 42
72 42
72 42
72 42
72 43
72 44
72 45
72 45
72 46
72 47
72 48
72 48
73 49
73 50
73 50
73 51
73 52
73 53
73 53
73 54
74 55
74 56
74 56
74 57
74 58
74 58
74 59
74 60
74 60
74 60
74 60
74 60
74 60
74 60
74 60
73 61
72 62
72 62
71 62
70 62
70 62
69 62
69 62
69 63
69 63
69 63
69 63
70 63
70 63
71 63
71 63
72 62
72 62
73 61
74 61
75 60
75 60
76 59
77 59
77 59
78 58
79 58
80 57
80 57
81 56
82 56
83 55
83 55
84 54
85 54
86 53
87 53
87 53
88 53
89 52
90 52
91 52
91 52
92 51
93 51
93 51
94 51
95 51
96 51
96 51
97 50
98 50
98 50
99 50
100 50
100 50
