2 1
2 1
3 1
4 1
4 1
5 2
5 3
5 3
6 4
7 4
7 4
8 5
8 5
9 6
9 6
10 7
10 7
11 7
11 7
11 7
11 7
11 7
10 8
9 9
8 10
7 11
6 12
5 12
4 13
3 14
2 15
1 16
0 17
0 17
0 18
0 19
0 19
0 20
0 20
0 21
0 21
0 22
0 22
0 23
0 24
0 25
0 25
0 26
0 27
0 28
0 28
0 29
0 30
0 31
0 31
0 32
0 33
0 34
0 35
0 35
0 36
0 37
0 38
0 38
0 39
0 40
0 41
0 42
0 42
1 43
1 44
1 44
1 45
1 46
1 46
1 47
1 48
1 48
1 49
1 50
1 50
1 51
1 51
1 51
2 51
2 51
2 51
2 51
2 51
2 50
3 49
3 48
3 48
3 47
4 46
4 45
4 45
4 44
5 43
5 42
5 42
5 41
6 40
6 39
6 39
7 38
7 37
8 36
8 36
9 35
9 34
10 33
10 32
10 32
10 31
11 30
11 29
11 29
12 28
12 27
13 26
13 26
14 25
15 24
15 24
16 23
16 22
17 21
17 21
18 20
19 19
19 19
20 18
21 17
21 17
22 16
22 16
23 15
24 15
24 15
25 15
25 15
26 15
27 15
27 15
28 15
28 15
29 15
29 15
29 16
29 16
30 17
30 17
30 18
30 18
30 19
30 19
30 20
30 21
30 21
30 22
29 23
29 24
29 24
28 25
28 26
27 27
27 28
27 28
27 29
26 30
26 31
26 32
26 32
25 33
25 34
24 35
24 36
23 37
23 38
22 39
22 40
21 41
21 42
20 43
20 44
19 45
19 46
18 47
17 48
17 49
16 50
16 51
15 52
15 53
14 54
14 55
13 56
13 57
12 58
12 59
11 60
11 61
10 62
10 63
9 64
9 64
9 65
8 66
8 67
8 67
7 68
7 68
7 68
6 68
6 68
6 68
6 68
7 68
7 68
7 67
7 67
8 66
8 66
9 65
10 64
10 64
11 63
12 62
12 62
13 61
14 60
14 60
15 59
15 58
16 57
16 57
17 56
18 56
19 55
19 55
20 54
21 53
21 53
22 52
23 52
24 51
24 51
25 50
25 50
26 49
26 49
27 48
27 48
27 48
27 48
26 48
26 48
25 47
24 46
23 45
23 44
22 43
21 42
20 41
19 40
18 39
18 38
17 37
16 36
16 36
16 36
16 36
16 36
16 36
16 36
16 36
16 37
17 38
17 39
17 39
17 40
17 41
17 42
17 42
17 43
18 44
18 45
18 45
18 46
18 47
18 48
18 48
18 49
18 50
18 51
18 52
18 52
18 53
18 54
19 55
19 56
19 57
19 57
19 58
19 59
19 60
19 61
19 62
19 63
19 63
19 64
19 65
19 66
19 67
19 68
19 69
19 70
19 71
19 72
19 72
19 73
19 74
19 75
19 76
19 77
19 78
19 79
19 79
19 80
19 81
19 82
19 83
19 84
19 85
19 85
19 86
19 87
19 88
19 89
19 90
19 90
19 91
19 92
19 93
19 94
19 94
19 95
20 96
20 97
20 97
20 98
20 99
20 100
20 100
20 100
20 100
20 99
20 98
20 97
20 96
20 95
20 94
20 93
20 92
20 91
20 90
19 89
19 88
19 87
19 86
19 85
19 84
19 83
19 82
19 81
19 80
19 79
19 78
19 77
19 76
19 75
19 74
19 73
19 72
19 71
19 70
18 69
18 68
18 67
18 66
18 65
18 64
18 63
18 62
18 61
18 60
18 59
18 59
17 58
17 58
17 58
17 58
16 59
16 59
15 60
15 61
15 61
15 62
14 63
14 64
14 65
14 65
13 66
13 67
12 68
12 69
12 69
12 70
12 71
11 72
11 73
11 74
11 74
11 75
10 76
10 77
10 78
9 79
9 80
9 80
9 81
8 82
8 83
8 84
8 84
7 85
7 86
7 86
7 87
7 88
7 88
6 89
6 89
6 89
6 88
7 87
7 86
7 85
8 84
8 83
8 82
9 81
9 80
9 79
10 78
10 77
10 76
10 75
11 74
11 73
11 72
12 71
12 70
12 69
13 68
13 67
13 67
14 67
15 66
16 66
16 66
17 66
17 66
18 66
19 66
19 66
20 66
21 66
21 66
22 66
23 66
24 66
24 66
25 66
26 67
27 67
27 67
28 68
29 68
29 68
30 68
31 68
32 68
32 68
33 69
33 69
34 69
34 69
35 69
35 69
35 68
36 67
36 66
36 65
36 64
37 63
37 62
37 61
37 60
38 59
38 58
38 57
39 56
39 55
39 54
39 53
40 52
40 51
40 50
40 49
41 48
41 47
41 46
42 45
42 44
42 43
42 42
43 41
43 40
43 39
44 38
44 37
44 36
44 35
45 34
45 33
45 32
45 31
46 30
46 29
46 28
47 27
47 26
47 25
47 24
48 23
48 22
48 21
48 20
49 19
49 18
49 18
49 18
49 18
49 18
48 19
48 20
48 20
48 21
48 22
48 22
47 23
47 24
47 24
47 25
47 26
47 27
47 28
47 28
47 29
46 30
46 31
46 31
46 32
46 33
46 34
46 34
46 35
45 36
45 37
45 37
45 38
44 39
44 40
44 40
44 41
44 41
44 42
44 42
45 41
45 40
46 39
46 38
47 37
48 36
48 35
49 34
49 33
50 32
50 31
51 30
52 29
52 28
53 27
53 26
54 25
54 25
55 24
55 24
55 24
55 24
55 24
55 25
55 26
55 26
54 27
54 28
54 28
53 29
53 30
53 30
53 31
52 32
52 33
52 33
52 34
51 35
51 36
51 36
51 37
50 38
50 39
50 40
50 40
50 41
49 42
49 43
49 44
49 44
48 45
48 46
47 47
47 47
47 48
46 49
46 50
46 50
45 51
45 52
45 52
44 53
44 54
44 54
44 55
44 55
44 55
45 54
45 53
46 52
47 51
47 50
48 49
49 48
49 47
50 46
51 45
51 44
52 43
53 42
53 41
54 40
54 40
54 40
54 40
55 41
55 42
55 42
55 43
55 43
55 44
55 44
55 45
55 46
55 46
55 47
55 48
55 49
55 49
55 50
55 51
55 52
55 52
55 53
55 54
55 55
55 56
55 56
55 57
55 58
55 59
55 60
55 60
55 61
55 62
55 63
55 64
55 64
55 65
55 66
55 67
55 67
55 68
55 69
55 70
55 71
55 71
55 72
55 73
55 73
55 73
55 73
55 73
55 72
55 71
55 70
56 69
56 68
56 67
56 66
56 65
56 64
56 63
57 62
57 61
57 60
57 59
57 58
57 57
57 56
57 55
58 54
58 53
58 52
58 51
58 50
58 49
58 48
59 47
59 46
59 45
59 44
59 43
59 42
59 41
60 40
60 39
60 38
60 37
60 36
60 35
60 34
60 33
61 32
61 31
61 30
61 29
61 28
61 27
61 26
62 25
62 24
62 23
62 22
62 22
62 22
62 22
62 22
62 22
63 21
63 21
64 21
65 21
65 21
66 20
67 20
67 20
68 20
69 20
70 20
70 20
71 19
72 19
72 19
73 18
74 18
75 17
75 17
76 16
77 15
77 15
78 15
79 15
79 15
80 14
80 14
81 13
81 13
82 13
82 13
82 13
82 13
81 13
81 13
80 14
80 14
79 15
78 16
77 17
76 18
76 19
75 20
74 21
73 22
73 22
73 22
73 23
73 24
73 25
73 25
73 26
73 26
73 27
73 28
73 28
73 29
73 30
73 30
73 31
73 32
73 32
73 33
73 34
73 35
73 35
73 36
73 37
73 38
73 38
73 39
73 40
73 41
73 41
73 42
73 43
73 44
73 44
73 45
73 46
73 46
73 47
73 48
73 48
73 49
73 50
73 50
73 51
73 51
73 52
73 53
73 53
73 54
73 54
73 54
73 54
73 53
73 52
73 51
73 50
74 49
74 48
74 47
74 46
74 45
74 44
74 44
74 44
75 43
75 42
75 42
75 41
75 41
76 40
76 39
76 39
77 38
77 38
78 37
78 37
78 36
78 36
79 36
79 36
80 36
80 36
80 36
80 35
80 35
81 35
81 35
81 35
81 35
81 35
80 35
79 36
78 36
77 36
76 36
75 37
74 37
73 37
72 38
71 38
70 38
69 38
68 39
67 39
67 39
66 39
66 39
66 39
66 39
66 39
66 39
66 39
66 39
66 40
66 41
66 42
66 42
67 43
67 44
67 44
67 45
67 46
67 47
67 47
67 48
67 49
67 50
67 50
67 51
67 52
67 52
67 53
67 54
67 54
68 55
68 56
68 56
68 57
68 57
68 58
68 58
68 59
68 59
68 59
68 59
67 60
66 60
65 61
64 61
64 61
63 62
63 62
62 62
62 62
62 62
62 62
62 62
63 62
63 62
64 61
64 60
64 60
65 60
66 59
67 59
67 59
68 58
69 58
70 57
70 57
71 56
72 56
73 55
73 55
74 55
75 54
76 54
77 54
77 54
78 53
79 53
80 52
81 52
81 52
82 51
83 51
84 50
85 50
85 50
86 50
87 49
88 49
89 49
89 49
90 49
91 48
92 48
93 48
93 48
94 48
95 47
96 47
96 47
97 46
98 46
98 46
99 45
100 45
