14 10
15 9
15 8
16 7
16 6
16 6
15 5
15 5
14 4
13 4
13 4
13 4
13 4
13 4
14 5
14 5
15 6
15 7
15 7
16 8
17 8
17 8
17 9
16 10
16 11
15 12
15 13
14 14
14 15
14 16
13 17
13 18
12 19
12 20
11 21
11 22
11 23
10 24
10 25
9 26
9 27
9 28
8 29
8 30
7 31
7 32
6 33
6 34
6 34
6 35
5 36
5 37
4 38
4 39
4 39
3 40
3 40
4 41
4 41
5 42
5 42
5 43
5 44
5 44
6 45
6 46
6 46
6 47
6 48
6 49
6 49
7 50
7 51
7 51
8 51
8 51
9 52
9 52
10 51
10 51
10 50
11 49
11 48
11 48
11 47
12 46
12 45
13 44
13 43
13 43
14 42
14 41
15 40
15 39
16 38
16 37
16 37
17 36
17 35
18 34
18 33
19 32
19 31
20 30
20 30
21 29
22 28
22 27
23 26
24 25
24 25
25 24
26 23
26 22
27 21
28 20
28 20
29 19
30 19
31 18
31 18
32 17
33 17
34 16
34 16
35 15
36 15
36 15
37 15
37 15
38 16
38 16
38 17
38 17
38 18
37 19
37 20
36 21
36 22
35 23
35 24
34 25
34 26
33 27
33 28
32 29
32 30
31 31
31 32
30 33
30 34
29 35
29 36
28 37
28 38
27 39
27 40
27 41
26 42
26 43
25 44
25 45
24 46
24 47
23 48
23 49
22 50
22 51
21 52
21 53
20 54
20 55
19 56
19 57
18 58
18 59
17 60
17 61
17 62
16 63
16 64
15 65
15 66
14 67
14 68
13 69
13 70
12 71
12 72
11 73
11 74
10 75
10 76
9 77
9 78
8 79
8 80
7 81
7 82
6 83
6 84
6 84
6 85
5 86
5 87
5 88
4 89
4 90
3 91
3 92
3 93
2 94
2 95
2 96
1 97
1 98
1 98
0 98
0 98
0 97
0 97
1 96
1 95
1 95
2 94
3 93
3 92
4 91
4 91
5 90
6 89
6 88
7 87
8 86
8 86
9 85
10 84
11 83
11 82
12 81
13 80
13 80
14 79
15 78
15 77
16 76
17 75
18 74
18 73
19 72
19 72
20 71
21 70
22 69
22 68
23 67
24 66
25 65
25 65
26 64
27 63
28 62
29 61
30 60
30 60
30 59
29 58
29 57
28 56
28 55
27 54
27 53
26 52
26 51
26 51
26 50
26 49
25 48
25 47
25 46
25 45
25 45
25 45
25 45
25 46
25 47
25 48
25 48
25 49
26 50
26 51
26 52
26 52
26 53
26 54
26 55
27 56
27 57
27 58
27 59
27 59
27 60
27 61
27 62
28 63
28 64
28 65
28 66
28 67
28 67
28 68
28 69
28 70
28 71
29 72
29 73
29 74
29 75
29 76
29 76
29 77
29 78
29 79
30 80
30 81
30 82
30 83
30 83
30 84
30 85
31 86
31 87
31 88
31 88
31 89
31 90
32 91
32 92
32 93
32 93
32 94
32 95
32 96
32 97
32 98
32 98
32 99
32 100
32 100
32 99
31 98
31 97
30 96
30 95
29 94
29 93
29 92
28 91
28 90
27 89
27 88
27 87
26 86
26 85
25 84
25 83
24 82
24 81
24 81
25 82
26 83
26 83
25 82
25 81
25 81
25 80
25 80
25 81
25 81
25 81
25 82
25 83
25 84
25 84
25 85
24 86
24 87
24 87
24 88
23 89
23 90
23 91
23 92
22 93
22 94
22 94
22 95
21 96
21 97
21 98
20 99
20 100
20 100
21 99
21 98
22 97
22 96
23 95
23 94
24 93
24 92
25 91
25 90
26 89
26 88
27 87
27 86
28 85
28 84
28 84
29 83
30 82
31 81
31 80
32 79
33 78
34 77
34 77
34 78
34 78
34 78
35 78
35 78
36 79
36 80
36 80
37 81
37 81
38 82
39 83
39 83
39 84
40 85
40 86
40 86
41 87
41 87
42 88
42 89
42 89
43 90
43 90
43 90
43 89
43 88
44 87
44 86
44 85
44 84
44 83
45 82
45 81
45 80
45 79
46 78
46 77
46 76
46 75
46 74
47 73
47 72
47 71
47 70
47 69
48 68
48 67
48 66
48 65
49 64
49 63
49 62
49 61
49 60
50 59
50 58
50 57
50 56
50 55
51 54
51 53
51 52
51 51
51 50
52 49
52 48
52 47
52 46
53 45
53 44
53 43
53 42
53 41
54 40
54 39
54 38
54 37
54 36
55 35
55 34
55 33
55 32
55 31
56 30
56 29
56 28
56 27
57 26
57 25
57 24
57 23
57 22
58 21
58 20
58 19
58 18
58 17
59 16
59 15
59 14
59 13
60 12
60 11
60 10
60 9
60 8
61 7
61 6
61 5
61 5
62 4
62 3
63 2
63 1
63 1
62 0
62 0
62 1
62 1
62 2
62 2
61 2
61 2
61 3
61 4
60 5
60 6
60 7
60 8
60 8
60 9
59 10
59 11
58 12
58 13
58 14
57 15
57 16
57 16
57 17
56 18
56 19
55 20
55 21
55 22
54 23
54 24
54 24
54 25
54 26
54 27
54 28
54 29
55 30
55 31
55 32
55 33
55 34
55 35
55 35
56 34
57 33
58 32
59 31
60 30
61 29
61 29
62 29
63 29
63 29
63 29
63 29
63 29
62 30
62 30
62 31
61 32
61 33
61 34
60 35
60 36
60 36
60 37
59 38
59 39
58 40
58 41
58 42
57 43
57 44
57 44
57 45
56 46
56 47
55 48
55 49
55 50
54 51
54 52
53 53
53 54
53 54
54 53
55 52
56 51
57 51
58 50
59 49
59 49
60 49
60 49
61 49
61 49
62 50
62 50
62 51
62 52
62 52
62 53
63 54
63 55
63 55
63 56
63 57
63 58
63 59
63 59
63 60
63 61
63 62
63 63
63 63
63 64
63 65
63 66
63 67
63 67
63 68
63 69
64 70
64 71
64 72
64 72
64 71
64 70
64 69
65 68
65 67
65 66
65 65
65 64
65 63
65 62
65 61
66 60
66 59
66 58
66 57
66 56
66 55
66 54
66 53
67 52
67 51
67 50
67 49
67 48
67 47
67 46
68 45
68 44
68 43
68 42
68 41
68 40
68 39
68 38
69 37
69 36
69 35
69 34
69 33
69 32
69 31
69 30
70 29
70 28
70 27
70 26
70 26
70 26
70 26
70 25
70 24
70 23
70 23
71 22
71 22
72 21
72 20
73 19
73 18
73 18
74 17
74 16
75 15
75 14
75 14
76 13
76 12
77 11
77 11
78 10
79 9
79 8
80 7
80 7
80 8
80 9
80 10
81 11
81 12
81 13
81 14
81 15
81 15
81 16
80 17
80 18
80 18
80 18
80 18
80 19
80 19
80 20
80 21
80 22
80 22
80 23
80 24
80 25
80 26
80 27
80 27
80 28
80 29
80 30
80 31
80 31
80 32
80 33
81 34
81 35
81 36
81 36
81 37
81 38
81 39
81 40
81 41
81 41
81 42
81 43
81 44
81 45
81 45
81 46
82 47
82 48
82 48
82 49
82 50
82 51
82 51
82 50
82 49
82 48
82 47
82 46
82 45
82 44
82 43
82 42
82 42
82 41
82 40
83 39
83 38
83 37
83 37
83 36
83 36
83 36
83 35
83 35
83 34
83 34
84 33
84 33
85 32
85 32
85 31
85 30
85 30
84 30
83 30
82 30
81 30
80 31
79 31
78 31
77 31
76 31
76 31
75 32
75 32
74 33
73 33
73 33
74 33
74 33
74 34
74 35
74 36
74 36
74 37
74 38
74 39
74 40
74 41
74 41
74 42
74 43
74 44
74 45
74 46
74 46
74 47
74 48
74 49
74 50
74 51
74 52
74 52
74 53
74 54
75 55
75 56
75 57
75 57
75 58
75 59
75 60
75 61
75 61
75 62
75 63
75 64
75 65
75 65
75 66
75 67
75 67
74 68
74 68
74 68
74 68
74 68
74 67
74 67
75 66
76 65
76 65
76 64
77 63
77 62
78 61
78 60
78 60
79 59
80 58
81 57
81 57
82 56
83 55
84 54
85 53
85 53
86 52
87 51
88 50
89 49
89 49
90 48
91 47
92 46
92 46
93 45
94 45
95 44
95 44
96 43
97 43
97 43
98 42
99 42
99 42
100 42
100 42
100 42
100 42
100 42
100 42
100 42
