10 4
11 3
12 2
12 2
11 2
11 2
10 1
10 0
10 0
10 1
10 2
10 2
10 3
10 4
10 4
11 5
11 5
11 6
11 7
11 7
12 8
12 8
13 9
14 9
14 9
14 9
15 10
15 10
15 10
15 11
15 12
15 12
14 13
13 14
13 15
12 16
11 17
10 18
10 19
9 20
8 21
7 22
7 23
6 24
5 25
4 26
4 27
3 28
2 29
2 29
1 30
1 31
1 31
0 31
0 31
0 31
0 32
0 33
0 33
0 34
0 35
0 36
0 36
0 37
0 38
0 39
0 39
0 40
0 41
0 41
0 42
0 43
0 43
0 44
0 45
0 45
0 46
0 46
1 45
2 45
2 45
3 44
4 44
4 44
5 43
6 42
7 41
7 41
8 40
9 39
10 39
11 38
12 37
12 37
13 36
14 35
15 35
16 34
17 33
17 33
18 32
19 31
20 30
20 30
21 30
22 29
23 29
23 29
24 28
25 28
25 28
26 28
26 28
26 28
26 28
26 29
26 30
26 30
25 31
25 32
24 33
24 34
23 35
23 36
22 37
22 38
21 39
21 40
20 41
20 42
19 43
19 44
18 45
18 46
17 47
17 48
16 49
16 50
15 51
15 52
14 53
14 54
13 55
13 56
12 57
12 58
11 59
11 60
10 61
10 62
9 63
9 64
8 65
8 66
7 67
7 68
6 69
6 70
5 71
5 72
4 73
4 74
3 75
3 76
2 77
2 78
1 79
1 80
0 81
0 81
0 82
0 83
1 84
1 85
1 86
1 87
1 87
1 87
2 86
2 85
2 85
3 84
3 84
4 83
5 82
5 82
6 81
7 80
8 79
8 79
9 78
10 77
11 76
11 76
12 75
13 74
14 73
14 73
15 72
16 71
17 71
18 70
18 70
19 69
19 68
20 67
20 67
21 66
22 65
22 65
23 64
24 63
24 63
25 62
25 62
25 62
24 62
23 62
22 62
21 62
20 62
19 62
18 62
18 62
18 61
18 60
18 60
17 59
17 59
17 59
17 60
17 60
17 61
17 62
17 62
17 63
17 64
17 65
17 65
17 66
17 67
18 68
18 69
18 70
18 70
18 71
19 72
19 73
19 73
19 74
19 75
19 76
19 77
19 77
19 78
20 79
20 80
20 81
20 81
20 82
21 83
21 84
21 85
21 85
21 86
21 87
21 88
21 88
21 89
22 90
22 91
22 91
22 92
22 93
22 93
22 92
21 91
21 90
21 89
20 88
20 87
20 87
20 86
20 85
20 84
20 83
20 83
20 82
20 82
19 82
19 82
18 83
18 83
17 84
17 85
17 85
17 86
16 87
16 88
16 88
16 89
15 90
15 91
15 91
15 92
14 93
14 94
14 94
13 95
13 96
13 96
12 97
12 98
12 98
11 99
11 99
11 100
11 100
10 100
10 100
10 99
11 98
11 97
12 96
12 95
13 94
13 93
14 92
14 91
15 90
15 89
16 88
16 87
17 86
17 85
18 84
18 83
19 82
19 81
19 81
20 80
21 80
21 80
22 80
22 80
23 81
23 82
23 82
24 83
24 83
25 84
26 85
26 85
27 86
28 86
28 86
29 86
30 86
31 86
31 86
32 86
33 86
33 86
34 86
35 86
36 86
36 86
37 86
37 86
38 86
39 86
39 86
40 86
40 86
40 85
41 84
41 83
41 82
41 81
42 80
42 79
42 78
42 77
43 76
43 75
43 74
43 73
44 72
44 71
44 70
44 69
45 68
45 67
45 66
45 65
46 64
46 63
46 62
46 61
47 60
47 59
47 58
48 57
48 56
48 55
48 54
49 53
49 52
49 51
49 50
50 49
50 48
50 47
50 46
51 45
51 44
51 43
51 42
52 41
52 40
52 39
52 38
53 37
53 36
53 35
54 34
54 33
54 32
54 31
55 30
55 29
55 28
55 27
56 26
56 25
56 24
56 23
57 22
57 21
57 20
57 19
58 18
58 17
58 16
58 15
59 14
59 13
59 12
59 11
60 10
60 9
60 9
60 9
60 9
59 9
59 9
59 10
58 11
58 12
58 12
58 13
57 14
57 15
57 15
56 16
55 17
55 17
55 18
54 19
54 20
54 20
53 21
53 22
53 22
53 23
52 24
52 25
52 25
51 26
51 27
51 27
50 28
50 29
50 29
50 30
50 31
50 31
51 30
52 30
53 29
54 29
55 28
56 28
57 27
58 27
58 27
59 26
60 25
60 25
61 25
61 25
61 25
61 26
61 26
61 27
61 27
61 28
61 29
61 29
60 30
60 31
60 31
60 32
59 33
59 34
59 35
59 35
59 36
58 37
58 38
58 38
57 39
57 40
56 41
56 42
56 42
56 43
56 44
56 45
56 46
56 46
57 45
58 44
58 44
59 43
59 43
59 44
59 44
60 45
60 45
61 46
61 47
61 47
61 48
62 49
62 50
62 50
62 51
62 52
62 53
62 54
62 54
62 55
63 56
63 57
63 57
63 58
63 59
63 60
63 60
63 61
63 62
63 62
63 63
63 64
63 64
63 65
63 65
63 64
63 63
63 62
64 61
64 60
64 59
64 58
64 57
64 56
65 55
65 54
65 53
65 52
65 51
65 50
66 49
66 48
66 47
66 46
66 45
66 44
67 43
67 42
67 41
67 40
67 39
67 38
67 37
68 36
68 35
68 34
68 33
68 32
68 31
69 30
69 29
69 28
69 27
69 26
69 25
70 24
70 23
70 22
70 21
70 21
71 20
72 20
73 19
73 19
73 18
73 18
73 17
73 17
73 16
73 16
74 15
74 15
75 14
75 13
75 13
76 12
76 11
77 10
77 10
78 9
79 9
80 8
80 8
81 7
82 7
82 7
83 6
83 5
83 5
84 4
84 4
85 4
85 4
85 4
84 5
84 5
83 6
83 7
83 7
82 8
82 9
82 9
81 10
81 10
81 11
81 11
80 12
80 13
80 13
80 14
80 14
80 15
80 16
80 17
80 17
80 18
79 19
79 20
79 20
79 21
80 22
80 23
80 23
80 24
80 25
80 26
80 26
80 27
81 28
81 29
81 29
81 30
81 31
81 32
81 32
81 33
81 34
81 35
81 35
81 36
82 37
82 38
82 38
82 39
82 40
82 40
82 41
82 41
82 41
82 41
82 40
82 40
82 39
82 38
82 38
82 37
82 36
82 36
82 35
82 34
82 34
83 33
83 32
83 32
83 31
83 31
84 30
84 29
84 29
85 28
85 28
86 27
86 26
86 26
87 25
87 25
88 24
88 24
87 25
86 25
85 26
84 27
83 28
82 28
81 29
80 30
79 31
78 31
77 32
76 33
75 34
74 34
73 35
73 35
73 36
73 37
73 37
73 37
72 37
72 37
72 38
72 39
72 39
72 40
72 41
72 41
72 42
72 43
72 44
72 44
72 45
73 46
73 47
73 47
73 48
73 49
73 50
73 50
73 51
74 52
74 53
74 53
74 54
75 55
75 56
75 56
75 57
75 58
75 58
75 59
75 60
75 61
75 61
75 62
75 63
75 64
75 64
75 65
75 66
75 67
75 68
75 69
75 69
75 70
75 71
75 71
75 71
75 70
75 70
75 70
76 69
76 68
76 68
77 67
77 66
77 66
78 65
79 64
79 64
80 63
81 63
82 62
82 62
83 61
83 60
84 59
84 59
85 58
86 58
87 57
87 57
88 56
89 55
90 54
90 54
91 53
92 53
93 52
93 52
94 51
95 50
95 50
96 49
97 48
97 48
98 47
99 46
99 46
99 45
