9 13
9 12
10 11
10 10
10 9
11 8
11 7
11 7
11 7
11 7
11 7
11 7
11 7
11 7
11 8
12 9
12 10
12 10
12 11
12 11
13 12
13 13
13 13
13 14
14 15
14 16
14 16
13 17
13 18
12 19
11 20
10 21
10 22
9 23
8 24
8 25
7 26
6 27
6 28
5 29
4 30
3 31
3 32
2 33
2 33
2 34
2 35
2 36
2 37
2 37
1 38
0 39
0 39
0 40
0 41
0 41
0 42
0 43
0 43
1 44
1 45
1 45
1 46
1 47
1 48
1 49
1 49
1 50
2 51
2 52
2 53
2 53
2 54
3 55
3 56
3 56
4 57
4 58
4 58
5 59
5 59
6 59
6 59
7 58
7 58
7 57
7 57
7 56
8 55
8 54
8 53
8 53
8 52
9 51
9 50
10 49
10 48
10 48
10 47
11 46
11 45
12 44
12 43
12 43
13 42
13 41
14 40
14 39
15 38
15 37
15 37
16 36
16 35
17 34
18 33
18 32
19 31
19 31
20 30
20 29
21 28
22 27
22 26
23 25
23 25
24 24
25 23
26 22
27 21
27 21
28 20
29 19
30 19
31 18
31 18
32 17
33 17
34 16
34 16
35 16
35 16
35 16
35 16
35 17
35 18
35 18
35 19
34 20
34 21
34 22
34 22
34 23
33 24
33 25
33 26
33 27
32 28
32 29
32 29
32 30
31 31
31 32
30 33
30 34
29 35
29 36
28 37
28 38
27 39
27 40
26 41
26 42
25 43
25 44
25 45
24 46
24 47
23 48
23 49
22 50
22 51
21 52
21 53
20 54
20 55
19 56
19 57
18 58
18 59
18 60
17 61
17 62
16 63
16 64
15 65
15 66
14 67
14 68
13 69
13 70
12 71
12 72
11 73
11 74
11 74
10 75
10 76
9 77
9 78
8 79
8 80
7 81
7 82
7 82
6 82
5 82
5 82
5 82
6 81
6 80
6 80
7 79
7 78
8 77
8 77
9 76
10 75
10 74
11 73
11 73
12 72
12 71
13 70
14 69
14 68
15 67
15 67
16 66
16 65
17 64
17 63
18 62
18 61
18 61
19 60
20 59
21 58
22 57
22 57
23 56
24 55
24 54
25 53
25 53
26 52
27 51
28 51
29 50
29 50
28 49
28 48
27 47
26 46
26 45
25 44
25 43
24 42
24 42
24 42
24 42
24 42
24 43
24 44
24 45
24 45
24 46
24 47
24 48
24 49
24 50
24 51
24 52
24 52
24 53
24 54
24 55
24 56
24 57
24 58
24 59
24 60
24 61
24 62
24 62
24 63
24 64
24 65
24 66
24 67
24 68
24 69
24 69
24 70
24 71
25 72
25 73
25 74
25 74
25 75
25 76
26 77
26 78
26 79
26 80
26 80
26 81
27 82
27 83
27 84
27 84
27 85
27 86
27 87
27 88
27 88
27 89
28 90
28 91
28 92
28 92
27 91
27 90
26 89
25 88
25 87
24 86
23 85
22 84
22 83
21 82
20 81
20 80
19 79
19 79
20 78
20 78
20 78
19 79
19 79
19 79
19 80
19 80
18 81
18 82
18 82
18 83
18 84
17 85
17 86
17 87
17 87
17 88
16 89
16 90
16 91
16 92
15 93
15 94
15 94
15 95
14 96
14 97
14 98
13 99
13 100
13 100
13 99
14 98
14 97
15 96
15 95
16 94
16 93
17 92
17 91
18 90
18 89
19 88
19 87
20 86
20 85
21 84
21 83
22 82
22 81
23 80
23 79
23 79
24 78
25 78
26 77
27 77
28 76
29 76
30 75
31 75
31 75
32 75
32 75
33 74
33 73
33 73
34 74
34 74
35 75
35 75
36 76
36 76
37 77
37 78
37 78
38 79
39 80
39 80
40 81
40 81
40 82
40 83
40 83
41 84
41 84
41 83
41 82
41 81
42 80
42 79
42 78
42 77
42 76
42 75
43 74
43 73
43 72
43 71
43 70
43 69
44 68
44 67
44 66
44 65
44 64
44 63
45 62
45 61
45 60
45 59
45 58
45 57
46 56
46 55
46 54
46 53
46 52
46 51
47 50
47 49
47 48
47 47
47 46
47 45
48 44
48 43
48 42
48 41
48 40
48 39
48 38
49 37
49 36
49 35
49 34
49 33
49 32
50 31
50 30
50 29
50 28
50 27
50 26
51 25
51 24
51 23
51 22
51 21
51 20
52 19
52 18
52 17
52 16
52 15
52 14
53 13
53 12
53 11
53 10
53 9
53 8
54 7
54 6
54 5
54 4
54 4
55 4
56 3
57 3
57 3
56 2
56 1
56 1
56 0
56 0
56 1
56 1
56 1
56 2
56 2
56 3
55 4
55 5
54 6
54 7
54 7
54 8
53 9
53 10
53 11
52 12
52 13
52 14
51 15
51 16
51 16
51 17
51 18
51 19
51 20
51 21
51 22
50 23
50 24
50 25
50 26
50 27
50 28
50 29
50 29
51 29
52 28
53 28
54 27
55 27
56 26
57 26
57 26
56 26
56 26
56 27
56 27
57 28
57 28
57 29
57 29
57 30
56 31
56 32
56 32
56 33
56 34
55 35
55 36
55 37
55 37
55 38
54 39
54 40
54 41
53 42
53 43
53 43
52 44
52 45
51 46
51 47
50 48
50 49
50 49
51 49
52 48
53 48
53 48
54 48
55 47
56 47
56 47
57 48
57 48
57 49
57 49
58 50
58 51
58 51
58 51
58 52
58 53
58 54
58 55
58 56
58 56
58 57
58 58
58 59
58 60
58 60
58 61
58 62
58 63
58 64
58 64
58 65
58 66
58 67
58 68
58 68
58 69
58 70
58 71
58 72
58 72
58 71
58 70
58 69
58 68
59 67
59 66
59 65
59 64
59 63
59 62
59 61
59 60
59 59
59 58
60 57
60 56
60 55
60 54
60 53
60 52
60 51
60 50
60 49
61 48
61 47
61 46
61 45
61 44
61 43
61 42
61 41
61 40
62 39
62 38
62 37
62 36
62 35
62 34
62 33
62 32
62 31
62 30
63 29
63 28
63 27
63 26
63 25
63 25
64 24
64 23
64 23
64 22
64 21
64 21
64 20
65 19
65 18
65 18
66 17
66 16
67 15
67 15
67 14
68 13
68 12
68 11
68 11
69 10
70 9
71 8
71 8
72 7
73 6
73 5
74 4
74 4
75 5
76 5
76 5
76 6
76 7
76 8
76 8
76 9
76 9
75 9
75 9
75 10
75 10
75 11
75 12
75 13
75 13
75 14
75 15
75 16
75 17
75 18
75 18
75 19
75 20
75 21
75 22
75 23
75 24
75 24
75 25
75 26
76 27
76 28
76 29
76 30
76 30
76 31
76 32
76 33
76 34
76 35
76 35
76 36
76 37
76 38
76 39
76 39
76 40
77 41
77 42
77 43
77 43
77 44
77 45
77 46
77 47
77 47
77 48
77 49
77 50
77 50
77 49
77 48
77 47
78 46
78 45
78 44
78 43
78 42
78 41
79 40
79 39
79 38
79 37
79 37
79 36
79 36
79 35
79 35
79 35
79 35
79 35
80 34
80 33
80 33
80 32
81 31
81 30
81 30
80 29
79 29
78 28
77 28
76 27
75 27
74 26
73 26
73 26
73 27
73 28
72 29
72 30
72 31
72 31
71 31
71 31
71 31
71 32
71 33
71 34
71 35
71 35
71 36
71 37
71 38
71 39
71 40
71 41
71 41
71 42
71 43
71 44
71 45
71 46
71 46
71 47
71 48
71 49
71 50
71 51
71 51
71 52
71 53
71 54
71 55
71 56
71 57
71 57
71 58
71 59
71 60
71 61
71 62
71 63
71 63
71 64
71 65
70 66
70 67
70 68
70 68
70 69
69 70
69 71
69 72
69 72
68 73
68 74
68 74
68 74
67 73
67 72
67 72
67 71
67 71
67 70
67 70
67 69
68 68
68 67
68 67
69 66
70 65
71 64
71 64
72 63
73 62
73 61
74 60
74 60
75 59
76 58
77 58
78 57
79 56
79 56
80 55
81 54
82 54
83 53
84 52
84 52
85 51
86 51
87 50
88 49
89 49
90 48
90 48
91 47
92 47
93 46
94 46
94 46
95 45
96 44
97 43
97 43
98 43
99 43
99 43
100 42
100 42
99 42
99 42
99 42
99 42
99 42
99 43
