12 5
13 4
13 3
14 2
14 1
14 1
14 0
14 0
14 0
14 1
14 1
14 1
15 2
16 3
16 3
16 4
16 4
17 5
17 5
18 6
18 6
18 6
18 7
18 8
18 8
18 9
18 9
17 10
17 11
16 12
15 13
15 14
14 15
13 16
13 17
12 18
12 19
11 20
10 21
10 22
9 23
8 24
8 25
7 26
6 27
6 28
5 29
4 30
4 31
3 32
3 33
2 34
1 35
1 36
0 37
0 37
1 38
1 38
1 37
1 37
1 37
1 37
1 38
1 38
1 38
1 39
1 40
1 40
1 41
1 42
1 42
2 43
2 44
2 44
2 45
2 46
2 46
3 47
3 48
3 48
3 49
3 49
3 50
3 50
4 51
4 52
4 52
4 53
4 53
5 52
5 51
6 50
6 49
7 48
7 47
8 46
9 45
9 44
10 43
10 42
11 41
11 40
12 39
12 39
12 39
12 39
12 39
12 38
12 38
13 37
13 37
13 36
14 35
14 34
14 34
15 33
15 32
16 31
16 31
17 30
17 29
18 28
18 27
19 26
19 26
20 25
21 24
21 23
22 22
22 22
23 21
24 20
25 19
26 18
26 18
27 17
28 16
29 16
30 15
30 15
31 14
32 13
33 12
34 11
34 11
35 10
36 9
37 8
37 8
38 8
39 7
40 7
40 7
41 7
42 6
43 6
43 6
44 7
45 8
45 8
45 9
46 10
46 11
46 11
46 12
46 13
46 14
46 15
46 15
46 16
46 17
45 18
45 19
45 20
45 20
45 21
44 22
44 23
43 24
43 25
43 25
43 26
43 27
42 28
42 29
42 30
42 30
41 31
41 32
40 33
40 34
40 34
39 35
39 36
38 37
38 38
37 39
37 40
36 41
36 42
35 43
35 44
34 45
34 46
33 47
33 48
32 49
32 50
31 51
31 52
30 53
30 54
29 55
29 56
28 57
28 58
27 59
27 60
26 61
26 62
25 63
25 64
24 65
24 66
23 67
23 68
22 69
22 70
21 71
21 72
20 73
20 74
19 75
19 76
18 77
18 77
17 78
17 79
16 80
15 81
15 82
14 83
13 84
13 85
12 86
12 86
11 87
10 88
10 88
9 89
9 90
8 91
8 91
7 91
7 91
7 91
8 90
8 89
8 89
9 88
9 87
10 86
10 86
11 85
11 84
12 83
12 82
12 82
13 81
14 80
15 79
16 78
16 78
17 77
17 76
18 75
18 74
19 73
19 73
20 72
20 71
21 70
21 69
22 68
22 67
22 67
23 66
24 65
25 64
26 63
26 63
27 62
28 61
28 60
29 59
29 59
30 58
31 57
32 56
32 56
33 55
33 54
33 54
34 53
34 52
34 52
34 51
34 51
33 51
32 50
31 50
30 50
29 49
28 49
28 49
27 48
27 47
27 47
27 46
27 46
26 46
26 46
26 47
26 47
26 48
26 49
26 49
26 50
26 51
26 52
26 53
26 53
26 54
26 55
26 56
26 57
26 58
26 59
26 59
26 60
26 61
26 62
26 63
26 64
26 65
26 65
26 66
26 67
27 68
27 69
27 70
27 71
27 71
27 72
27 73
27 74
27 75
27 76
27 77
27 77
27 78
27 79
28 80
28 81
28 82
28 83
28 83
28 84
28 85
28 86
28 87
28 88
28 88
28 89
28 90
29 91
29 92
29 93
29 93
29 94
29 95
29 96
29 96
29 97
29 97
29 98
29 98
29 97
29 96
29 95
30 94
30 93
30 92
30 91
30 90
30 90
30 89
30 88
30 87
30 86
30 85
30 84
30 83
30 82
30 82
29 81
29 80
29 80
29 79
29 79
28 80
28 80
27 80
27 80
27 81
26 82
26 83
26 83
26 84
25 85
25 86
25 86
25 87
24 88
24 89
24 90
24 90
24 91
23 92
23 93
23 93
22 94
22 95
22 95
22 96
21 97
21 98
21 98
20 99
20 100
20 100
20 100
20 99
21 98
21 97
22 96
22 95
22 94
23 93
23 92
23 91
24 90
24 89
25 88
25 87
25 86
26 85
26 84
26 83
27 82
27 81
28 80
28 79
28 79
29 79
30 78
31 78
31 78
31 79
31 79
31 79
32 79
32 79
32 80
32 80
33 81
33 81
34 82
34 82
35 83
36 83
36 83
37 83
37 83
38 84
39 84
39 84
40 85
40 85
41 85
41 85
42 85
42 85
43 84
43 84
43 83
43 82
44 81
44 80
44 79
44 78
45 77
45 76
45 75
45 74
46 73
46 72
46 71
46 70
46 69
47 68
47 67
47 66
47 65
48 64
48 63
48 62
48 61
49 60
49 59
49 58
49 57
49 56
50 55
50 54
50 53
50 52
51 51
51 50
51 49
51 48
52 47
52 46
52 45
52 44
52 43
53 42
53 41
53 40
53 39
54 38
54 37
54 36
54 35
54 34
55 33
55 32
55 31
55 30
56 29
56 28
56 27
56 26
57 25
57 24
57 23
57 22
57 21
58 20
58 19
58 18
58 17
59 16
59 15
59 14
59 13
60 12
60 11
60 10
60 10
61 9
62 8
62 8
62 7
62 7
62 6
62 6
61 7
61 7
61 8
61 9
61 9
61 10
60 11
60 12
60 12
59 13
59 14
58 15
58 15
58 16
57 17
57 18
57 18
57 19
56 20
56 21
56 21
56 22
55 23
55 24
55 24
55 25
54 26
54 27
54 27
53 28
53 29
52 30
52 30
52 31
52 32
52 33
52 33
53 32
54 31
55 30
56 29
57 28
58 28
59 27
60 26
61 25
62 24
63 23
63 23
63 23
63 23
63 23
63 24
62 25
62 26
62 26
61 27
61 28
61 28
61 29
61 30
61 31
61 31
61 32
60 33
60 34
60 34
59 35
59 36
59 36
58 37
58 38
58 38
58 39
58 39
58 40
58 40
59 40
60 40
61 40
61 40
61 40
61 40
62 41
62 41
62 42
62 43
62 43
62 44
63 45
63 46
63 46
63 47
63 48
63 49
63 50
63 51
63 52
63 52
63 53
63 54
63 55
63 56
63 57
63 58
63 58
63 59
63 60
63 61
64 62
64 63
64 64
64 65
64 65
64 66
64 67
64 68
64 69
64 70
64 71
64 71
64 72
64 73
64 74
64 75
64 75
64 76
64 77
64 78
64 78
64 79
64 79
65 78
65 78
65 77
65 76
65 75
65 75
65 74
65 73
65 72
65 71
65 70
66 69
66 68
66 67
66 66
66 65
66 64
66 63
66 62
66 61
66 60
66 59
67 58
67 57
67 56
67 55
67 54
67 53
67 52
67 51
67 50
67 49
67 48
67 47
68 46
68 45
68 44
68 43
68 42
68 41
68 40
68 39
68 38
68 37
68 36
69 35
69 34
69 33
69 32
69 31
69 30
69 30
70 29
71 28
72 27
72 27
72 26
72 25
72 25
72 24
72 24
72 23
72 22
72 22
73 21
73 20
73 20
74 19
74 18
74 18
75 17
75 16
75 16
76 15
77 14
77 14
78 13
78 12
78 12
79 11
80 11
80 11
81 10
81 10
81 10
82 10
82 10
82 10
82 11
82 11
81 11
81 11
81 12
81 12
81 13
81 13
80 14
80 15
80 15
80 16
80 17
80 18
80 18
80 19
80 20
80 21
80 21
80 22
80 23
80 24
80 25
80 26
80 26
80 27
80 28
81 29
81 30
81 31
81 32
81 32
81 33
81 34
81 35
81 36
81 37
81 37
81 38
81 39
81 40
81 41
81 41
81 42
81 43
81 44
81 45
81 45
81 46
82 47
82 48
82 49
82 49
82 50
82 51
82 51
82 52
82 53
82 53
82 53
82 52
82 52
83 51
83 50
83 50
83 49
83 48
83 47
83 47
83 46
83 45
83 45
83 44
83 43
83 43
83 42
83 41
83 41
84 40
84 39
84 39
84 38
84 37
84 37
84 36
84 36
85 35
85 34
85 34
86 33
87 33
87 33
88 32
88 31
88 31
89 30
89 30
90 29
90 28
90 28
91 27
91 27
91 27
90 28
89 29
88 30
87 31
86 32
85 33
84 34
83 34
82 35
81 36
80 37
79 38
78 39
77 40
76 41
76 41
75 42
75 43
75 43
74 43
74 43
73 44
73 44
72 45
72 45
72 46
72 47
72 47
72 48
72 49
72 50
72 50
72 51
73 52
73 53
73 53
73 54
73 55
73 56
73 57
73 57
73 58
73 59
74 60
74 61
74 62
74 62
74 63
74 64
74 65
74 66
74 66
74 67
74 68
74 69
74 70
74 70
74 71
74 72
74 73
74 73
74 74
74 75
74 75
74 76
74 77
74 77
74 77
75 77
75 77
76 77
76 77
77 77
77 77
78 76
79 75
79 75
80 74
81 73
81 73
82 72
83 72
84 71
84 71
85 70
86 70
87 69
87 69
88 68
89 67
90 66
90 66
91 65
92 64
93 63
93 63
94 62
95 61
96 60
96 60
97 59
97 58
98 57
98 57
99 56
100 55
100 55
100 55
