11 0
12 1
13 1
14 2
14 2
14 2
13 2
12 2
12 2
12 3
12 3
12 4
12 4
13 4
13 4
13 5
13 5
13 6
13 6
13 7
13 7
13 8
13 8
13 9
12 10
12 11
11 12
11 13
10 14
10 15
9 16
9 17
8 18
8 19
7 20
7 21
6 22
6 23
5 24
5 25
5 25
5 26
5 27
5 28
5 29
5 30
5 30
5 31
5 31
4 32
4 32
4 33
4 34
4 35
4 35
4 36
4 36
4 37
4 37
4 38
4 38
4 38
5 37
6 37
6 37
7 36
7 36
8 35
9 34
9 34
10 33
11 33
12 32
12 32
13 31
14 31
14 31
15 30
15 29
15 29
16 28
17 28
17 28
18 28
18 28
19 28
19 28
19 28
19 29
19 29
19 30
19 31
19 31
19 32
18 33
18 34
17 35
17 36
17 37
16 38
16 39
15 40
15 41
15 42
14 43
14 44
13 45
13 46
13 47
12 48
12 49
11 50
11 51
11 52
10 53
10 54
9 55
9 56
9 57
8 58
8 59
7 60
7 61
7 62
6 63
6 64
5 65
5 66
5 67
4 68
4 69
3 70
3 71
3 72
2 73
2 74
1 75
1 76
1 76
1 77
1 78
0 79
0 80
0 81
0 82
0 82
0 81
0 81
0 81
0 81
1 80
1 80
2 79
2 78
3 77
3 77
4 76
5 75
6 74
6 74
7 73
8 72
9 71
9 71
10 70
11 69
11 68
12 67
12 67
13 66
14 65
15 64
15 64
16 63
16 62
17 61
17 61
18 60
19 59
20 58
20 58
21 57
21 57
20 57
19 57
18 56
17 56
16 56
15 56
14 56
13 55
12 55
11 55
11 55
11 55
11 55
11 55
11 56
11 56
11 57
12 58
12 59
12 59
12 60
12 61
12 62
12 63
12 63
12 64
12 65
13 66
13 67
13 68
13 68
13 69
13 70
14 71
14 72
14 73
14 74
14 74
14 75
14 76
14 77
14 78
14 79
14 80
14 81
14 81
14 82
14 83
14 84
15 85
15 86
15 87
15 88
15 88
15 89
15 90
16 91
16 92
16 93
16 93
16 94
16 95
16 96
16 97
16 98
16 98
16 97
16 96
16 95
16 94
16 93
16 92
16 91
17 90
17 89
17 88
17 87
17 86
17 85
17 84
17 83
17 82
17 82
18 81
19 80
19 80
18 80
18 80
17 80
17 80
16 81
16 82
15 83
15 83
15 84
14 85
14 86
14 87
14 87
14 88
13 89
13 90
13 90
12 91
12 92
11 93
11 93
11 94
10 95
10 96
10 96
10 97
9 98
9 99
9 99
8 100
8 100
9 99
9 98
10 97
10 96
11 95
11 94
12 93
12 92
13 91
13 90
14 89
14 88
15 87
15 86
16 85
16 84
17 83
17 82
18 81
18 81
19 81
20 80
21 80
22 80
22 80
22 79
22 79
23 79
23 79
24 79
24 79
25 79
25 79
26 79
27 79
27 79
28 80
28 80
29 80
29 80
30 80
30 80
31 81
31 81
32 81
33 81
33 81
33 80
34 79
34 78
35 77
35 76
35 75
36 74
36 73
37 72
37 71
37 70
38 69
38 68
39 67
39 66
40 65
40 64
40 63
41 62
41 61
42 60
42 59
42 58
43 57
43 56
44 55
44 54
44 53
45 52
45 51
46 50
46 49
46 48
47 47
47 46
48 45
48 44
48 43
49 42
49 41
50 40
50 39
50 38
51 37
51 36
52 35
52 34
53 33
53 32
53 31
54 30
54 29
55 28
55 27
55 26
56 25
56 24
57 23
57 22
57 22
57 22
57 22
57 22
57 22
56 23
56 23
55 24
55 25
55 25
54 26
54 27
54 27
53 28
53 29
53 29
53 30
52 31
52 32
52 32
52 33
52 34
52 34
51 35
51 36
51 36
51 37
50 38
50 39
50 39
51 38
52 37
53 37
54 36
55 35
56 34
57 34
58 33
58 33
59 32
60 32
60 32
61 32
61 32
61 32
61 33
61 33
61 34
61 34
61 34
60 35
60 36
59 37
59 37
58 38
58 38
57 39
57 40
57 40
57 41
56 42
56 43
56 43
55 44
55 45
55 45
55 46
55 47
55 48
55 49
54 50
54 51
54 52
54 53
54 54
54 54
55 54
56 54
57 54
57 54
57 53
57 53
58 54
58 54
59 55
59 55
60 56
60 56
60 57
60 58
60 58
60 59
61 60
61 61
61 61
61 62
61 63
61 64
61 64
61 65
61 66
61 67
61 67
61 68
61 69
61 70
61 71
61 71
61 72
61 73
61 74
61 74
61 75
61 76
61 76
61 77
61 78
61 78
61 77
61 76
62 75
62 74
62 73
62 72
63 71
63 70
63 69
63 68
64 67
64 66
64 65
64 64
65 63
65 62
65 61
65 60
66 59
66 58
66 57
66 56
67 55
67 54
67 53
67 52
68 51
68 50
68 49
68 48
69 47
69 46
69 45
69 44
70 43
70 42
70 41
70 40
71 39
71 38
71 37
71 36
72 35
72 34
72 33
72 32
73 31
73 30
73 29
73 29
74 28
75 28
75 28
75 27
75 26
75 26
75 25
75 24
75 24
76 23
76 23
77 22
77 21
77 21
78 20
78 19
78 19
79 18
79 17
79 17
80 16
81 15
81 15
82 14
82 14
83 13
83 13
83 13
83 14
83 14
83 15
83 16
83 16
83 17
82 18
82 19
82 19
81 19
81 19
81 19
81 20
81 20
81 20
81 21
81 22
81 23
81 23
81 24
81 25
81 26
81 26
81 27
81 28
81 29
81 29
81 30
81 31
81 32
81 33
81 33
81 34
81 35
81 36
81 36
81 37
81 38
81 39
81 40
81 41
81 41
81 42
81 43
81 44
81 45
81 45
81 46
82 47
82 48
82 49
82 49
82 50
82 51
82 52
82 52
82 51
82 50
83 49
83 48
83 47
83 46
83 46
82 45
82 45
82 44
82 44
82 44
81 43
81 43
82 42
82 42
82 41
82 41
83 40
83 40
84 39
84 38
84 38
85 37
85 37
84 38
83 38
82 39
81 39
80 40
79 41
78 41
77 42
76 42
75 43
75 43
75 44
75 45
75 45
75 45
74 46
74 46
74 47
74 48
74 48
74 49
74 50
74 51
74 51
74 52
74 53
74 54
74 54
74 55
74 56
74 57
74 57
74 58
74 59
74 59
74 60
75 61
75 62
75 62
75 63
75 64
75 65
75 65
75 66
75 67
75 67
75 68
75 69
75 70
75 71
75 72
75 73
75 74
74 75
74 76
74 77
74 78
74 79
74 80
74 81
74 82
74 82
74 83
74 83
74 83
74 83
74 83
75 82
76 81
76 81
77 80
77 80
78 79
79 79
80 78
80 78
81 77
82 76
82 76
83 75
84 74
85 73
85 73
86 72
87 71
88 71
89 70
89 70
90 69
91 68
91 67
92 66
92 66
93 65
94 64
95 63
95 63
96 62
97 62
98 61
98 61
99 60
100 59
