13 1
14 2
15 3
15 3
15 2
14 1
14 0
14 0
14 1
14 1
15 2
15 2
15 2
15 3
15 3
16 4
16 4
17 5
17 5
17 5
17 6
17 6
18 7
18 7
17 8
17 9
17 9
16 10
15 11
14 12
13 13
12 14
12 15
11 16
10 17
9 18
8 19
8 19
8 19
8 20
8 21
8 22
8 23
8 23
8 24
8 24
8 25
8 26
8 26
8 27
8 28
8 29
8 29
8 30
8 31
8 31
8 32
8 32
8 33
8 33
8 34
8 34
8 34
9 33
9 33
10 32
10 32
11 31
11 30
12 29
12 29
13 28
14 27
15 26
15 26
16 25
17 24
17 24
18 23
19 22
20 21
20 21
21 20
22 19
22 19
23 18
23 18
23 19
22 20
22 21
22 22
21 23
21 24
20 25
20 26
20 27
19 28
19 29
19 30
18 31
18 32
18 33
17 34
17 35
16 36
16 37
16 38
15 39
15 40
15 41
14 42
14 43
14 44
13 45
13 46
12 47
12 48
12 49
11 50
11 51
11 52
10 53
10 54
9 55
9 56
9 57
8 58
8 59
8 60
7 61
7 62
7 63
6 64
6 65
5 66
5 67
5 68
4 69
4 70
4 71
3 72
3 73
3 74
2 75
2 76
1 77
1 78
1 79
0 80
0 81
0 81
0 82
1 83
1 84
2 85
2 86
3 87
3 88
4 89
4 90
4 90
4 89
4 89
4 88
3 87
3 86
2 85
2 84
2 84
3 83
4 82
4 81
5 80
5 80
6 79
6 78
7 77
7 76
8 75
8 75
9 74
9 73
10 72
10 71
11 70
11 70
12 69
13 68
13 67
14 66
14 66
15 65
16 64
16 63
17 62
17 62
18 61
19 60
20 59
20 59
21 58
21 57
22 56
22 56
22 55
22 54
21 53
21 52
21 51
21 50
21 49
20 48
20 47
20 46
20 46
20 46
19 47
19 48
19 48
19 49
19 49
19 50
19 51
19 51
19 52
19 53
19 54
19 55
19 55
19 56
19 57
19 58
19 59
19 59
19 60
19 61
20 62
20 63
20 64
20 64
20 65
20 66
20 67
20 68
20 69
20 70
20 70
20 71
20 72
20 73
21 74
21 75
21 76
21 77
21 77
21 78
21 79
21 80
21 81
21 82
21 83
21 84
21 84
21 85
21 86
21 87
21 88
21 89
21 90
21 90
21 91
21 92
22 93
22 94
22 95
22 95
22 96
22 97
22 98
22 99
22 99
23 100
23 100
23 99
23 98
23 97
22 96
22 95
22 94
22 93
22 92
22 91
22 90
22 89
21 88
21 87
21 86
21 85
21 84
21 84
21 83
21 82
21 81
21 80
21 79
21 79
20 78
20 77
20 77
20 77
19 78
19 79
19 79
18 80
18 81
18 81
18 82
17 83
17 84
17 84
16 85
16 86
15 87
15 87
15 88
14 89
14 90
14 91
14 91
13 92
13 93
13 93
13 94
12 95
12 96
12 96
12 97
12 98
12 98
12 97
13 96
13 95
14 94
14 93
15 92
15 91
15 90
16 89
16 88
17 87
17 86
17 85
18 84
18 83
19 82
19 81
20 80
20 79
20 79
21 80
22 80
23 81
24 81
25 82
25 82
25 81
25 80
25 79
25 79
25 79
26 80
26 80
27 80
27 80
28 80
28 80
29 80
30 80
30 80
31 80
31 80
32 80
32 80
32 79
33 78
33 77
34 76
34 75
34 74
35 73
35 72
36 71
36 70
36 69
37 68
37 67
38 66
38 65
38 64
39 63
39 62
40 61
40 60
40 59
41 58
41 57
42 56
42 55
42 54
43 53
43 52
44 51
44 50
44 49
45 48
45 47
45 46
46 45
46 44
47 43
47 42
47 41
48 40
48 39
49 38
49 37
49 36
50 35
50 34
51 33
51 32
51 31
52 30
52 29
53 28
53 27
53 26
54 25
54 24
55 23
55 22
55 22
56 23
56 24
56 24
55 24
55 24
55 23
55 23
54 24
54 25
54 25
53 26
53 27
53 27
53 28
52 29
52 30
52 30
51 31
51 32
50 33
50 33
50 34
50 35
50 35
49 36
49 37
49 37
49 38
49 39
49 39
50 40
50 40
51 39
52 38
53 37
54 36
55 35
56 34
56 34
57 34
58 34
58 34
58 34
58 34
58 34
57 35
57 35
57 36
57 36
56 37
56 38
56 38
55 39
55 40
55 40
54 41
54 42
54 42
54 43
54 44
54 44
54 45
54 46
54 47
54 48
55 49
55 50
55 51
55 52
55 53
55 54
55 54
56 55
57 56
57 56
57 57
57 57
57 57
57 58
57 58
57 59
57 60
57 60
57 61
57 62
57 62
57 63
58 64
58 65
58 65
58 66
58 67
58 67
58 68
58 69
58 70
58 70
59 71
59 71
59 72
59 73
59 73
59 74
59 74
59 73
59 72
60 71
60 70
60 69
60 68
61 67
61 66
61 65
61 64
62 63
62 62
62 61
62 60
63 59
63 58
63 57
63 56
64 55
64 54
64 53
64 52
65 51
65 50
65 49
65 48
65 47
66 46
66 45
66 44
66 43
67 42
67 41
67 40
67 39
68 38
68 37
68 36
68 35
69 34
69 33
69 32
69 31
70 30
70 29
70 28
70 28
70 29
70 30
70 31
70 31
69 31
69 31
69 30
69 29
69 29
70 28
70 28
71 27
71 26
71 26
72 25
72 24
72 24
73 23
73 22
74 21
74 21
75 20
76 19
76 19
77 18
77 17
78 16
78 16
79 15
79 15
80 14
80 13
80 13
81 13
81 13
81 13
81 13
80 14
80 14
79 15
79 16
79 16
78 17
78 17
78 18
78 19
78 19
77 20
77 21
77 21
77 22
77 23
77 24
77 24
77 25
77 26
77 27
77 27
77 28
77 29
77 30
77 31
77 31
77 32
77 33
77 34
77 35
77 35
77 36
77 37
77 38
77 39
77 40
77 40
77 41
77 42
77 43
77 44
77 45
77 45
77 46
77 47
77 48
77 49
77 50
77 50
77 51
77 52
77 53
77 53
77 54
78 55
78 56
78 56
78 57
78 57
78 58
78 58
78 57
77 56
77 55
77 54
77 54
77 53
77 52
77 51
77 50
77 49
77 49
77 48
77 47
77 47
77 46
78 45
78 44
78 44
78 43
78 43
79 42
79 41
79 41
80 40
80 39
80 39
81 38
81 38
82 37
82 36
82 36
82 35
82 35
81 36
80 36
79 37
78 38
77 38
76 39
75 40
74 40
73 41
73 41
73 42
72 43
72 44
72 44
72 45
72 45
72 46
71 47
71 48
71 48
71 49
71 50
71 50
71 51
70 52
70 53
70 53
70 54
70 55
70 55
71 56
71 57
71 57
71 58
71 59
71 60
71 60
71 61
71 62
71 62
71 63
72 64
72 65
72 65
72 66
72 67
71 68
71 69
71 70
71 71
71 72
71 73
70 74
70 75
70 76
70 77
70 78
70 79
69 80
69 81
69 82
69 82
69 82
69 82
69 82
69 82
69 82
70 82
71 82
71 82
72 81
73 80
73 80
74 79
75 78
76 77
76 77
77 76
78 75
78 74
79 73
80 72
80 72
81 71
82 70
82 69
83 68
84 67
84 67
85 66
86 65
87 64
88 63
89 62
89 62
90 61
91 60
92 59
93 59
94 58
95 57
95 57
96 56
97 55
98 55
99 54
100 53
