18 2
18 2
18 1
18 1
17 0
17 0
17 0
17 1
17 1
17 1
17 1
18 1
18 1
19 2
19 2
20 3
20 3
21 4
21 4
20 5
20 6
19 7
18 8
17 9
17 10
16 11
15 12
15 13
14 14
13 15
12 16
12 17
11 18
10 19
10 20
9 21
8 22
7 23
7 24
6 25
6 25
6 26
5 27
5 28
5 28
5 29
5 29
4 30
3 30
3 30
3 31
3 32
3 32
3 33
3 33
3 34
3 35
3 36
3 36
3 37
3 38
3 39
3 39
4 40
4 41
4 41
4 42
4 43
4 43
5 44
5 44
5 44
5 43
5 43
6 42
6 42
6 41
7 40
7 39
7 38
7 38
8 37
8 36
9 35
9 34
10 33
10 33
11 32
11 31
12 30
12 29
13 28
13 27
14 26
14 26
15 25
16 24
17 23
18 22
18 22
19 21
20 20
20 19
21 18
22 17
22 17
23 16
24 16
25 15
25 15
26 14
27 13
28 13
29 12
29 12
30 12
31 12
32 12
32 12
33 11
34 11
34 11
35 11
35 11
35 11
36 12
36 12
36 13
36 13
36 14
35 15
35 16
34 17
34 18
33 19
33 20
32 21
32 22
31 23
31 24
30 25
30 26
29 27
29 28
28 29
28 30
27 31
27 32
26 33
26 34
25 35
25 36
24 37
24 38
23 39
23 40
22 41
22 42
21 43
21 44
20 45
20 46
19 47
19 48
18 49
18 50
17 51
17 52
16 53
16 54
15 55
15 56
14 57
14 58
13 59
13 60
12 61
12 62
11 63
11 64
10 65
10 66
9 67
9 68
8 69
8 70
7 71
7 72
6 73
6 74
5 75
5 76
4 77
4 78
4 78
4 79
3 80
3 81
2 82
2 83
2 84
1 85
1 86
1 86
0 85
0 85
0 84
0 84
1 83
1 83
2 82
3 82
3 82
4 81
5 80
6 79
7 78
7 78
8 77
9 76
9 75
10 74
11 73
11 73
12 72
13 71
14 70
15 69
16 68
16 68
17 67
18 66
19 65
20 64
21 63
21 63
22 62
23 61
24 61
25 60
26 59
26 59
27 58
28 57
29 56
30 55
30 55
29 54
28 53
27 52
26 51
25 50
24 49
23 48
22 47
21 46
20 45
20 45
20 44
21 43
21 42
21 42
20 42
20 42
20 42
20 43
20 44
20 45
20 46
20 47
20 47
20 48
20 49
20 50
21 51
21 52
21 53
21 54
21 54
21 55
21 56
21 57
21 58
22 59
22 60
22 61
22 62
22 63
22 63
22 64
22 65
22 66
22 67
22 68
22 69
22 70
22 71
22 71
22 72
22 73
22 74
23 75
23 76
23 77
23 78
23 78
23 79
23 80
23 81
23 82
23 83
23 84
23 84
23 85
23 86
24 87
24 88
24 89
24 89
24 90
24 91
25 92
25 93
25 94
25 94
25 95
25 96
25 97
25 98
25 98
25 99
25 100
25 100
25 100
25 99
24 98
24 97
23 96
23 95
23 94
22 93
22 92
21 91
21 90
21 89
20 88
20 87
20 86
19 85
19 84
18 83
18 82
18 82
19 81
20 81
21 80
21 80
20 80
19 80
19 80
19 80
19 80
19 80
19 81
18 82
18 83
18 83
18 84
17 85
17 86
16 87
16 88
16 88
16 89
15 90
15 91
15 92
14 93
14 94
14 94
14 95
13 96
13 97
12 98
12 99
12 99
13 98
13 97
14 96
15 95
15 94
16 93
17 92
17 91
18 90
18 89
19 88
20 87
20 86
21 85
21 85
22 84
23 83
24 82
25 81
26 80
27 79
28 78
28 78
29 77
30 77
30 77
31 77
32 77
32 77
33 77
34 77
34 77
35 77
35 77
36 78
36 78
37 79
37 79
37 80
37 80
38 81
38 81
38 82
38 82
39 83
39 83
39 82
40 81
40 80
40 79
41 78
41 77
41 76
41 75
42 74
42 73
42 72
43 71
43 70
43 69
44 68
44 67
44 66
45 65
45 64
45 63
45 62
46 61
46 60
46 59
47 58
47 57
47 56
48 55
48 54
48 53
49 52
49 51
49 50
49 49
50 48
50 47
50 46
51 45
51 44
51 43
52 42
52 41
52 40
53 39
53 38
53 37
53 36
54 35
54 34
54 33
55 32
55 31
55 30
56 29
56 28
56 27
57 26
57 25
57 24
57 23
58 22
58 21
58 20
59 19
59 18
59 18
60 17
61 16
62 15
62 15
62 14
62 14
61 14
61 14
61 14
61 14
61 15
61 15
61 15
60 16
60 17
59 18
59 18
59 19
58 20
58 21
58 22
57 23
57 24
57 24
57 25
56 26
56 27
55 28
55 29
55 29
55 30
56 31
56 32
57 33
57 34
58 35
58 36
58 36
59 35
60 35
61 34
62 34
62 34
62 34
62 34
61 34
61 34
61 35
60 36
60 37
60 37
59 38
59 39
58 40
58 41
58 41
58 42
57 43
57 44
57 45
57 46
56 47
56 48
56 49
56 50
55 51
55 52
55 52
56 51
57 51
58 50
59 50
59 50
60 51
60 51
60 52
60 52
60 53
60 54
60 55
60 55
60 56
59 57
59 58
59 59
59 59
59 60
59 61
59 62
59 63
59 63
59 64
58 65
58 66
58 67
58 67
58 68
58 69
58 69
58 70
59 71
59 72
59 72
59 73
59 74
59 75
59 75
59 74
59 73
60 72
60 71
60 70
60 69
60 68
61 67
61 66
61 65
61 64
61 63
61 62
62 61
62 60
62 59
62 58
62 57
63 56
63 55
63 54
63 53
63 52
64 51
64 50
64 49
64 48
64 47
64 46
65 45
65 44
65 43
65 42
65 41
66 40
66 39
66 38
66 37
66 36
67 35
67 34
67 33
67 32
67 31
67 30
68 29
68 28
68 27
68 27
69 27
69 27
68 26
68 26
69 25
69 25
70 24
70 23
71 22
71 22
72 21
73 20
73 19
74 18
74 18
75 17
75 16
76 15
76 15
77 14
78 13
79 12
79 12
79 13
80 14
80 15
81 16
81 17
81 17
81 18
80 19
80 20
80 20
80 20
81 21
81 21
81 22
81 23
81 24
81 24
81 25
81 26
80 27
80 28
80 29
80 29
80 30
80 31
80 32
80 33
80 34
80 34
80 35
80 36
80 37
80 38
80 39
80 39
80 40
80 41
80 42
80 43
80 43
80 44
81 45
81 46
81 47
81 47
81 48
81 49
81 50
81 50
81 49
82 48
82 47
82 46
82 45
83 44
83 43
83 42
83 42
84 41
84 40
84 40
84 39
84 39
84 38
84 38
85 37
85 36
85 36
85 35
85 35
86 34
86 33
86 33
87 32
87 32
86 33
85 33
84 34
83 34
82 35
81 35
80 36
79 36
78 37
77 37
76 38
76 38
75 38
75 38
74 39
74 39
73 39
73 39
74 40
74 40
74 41
74 42
74 42
74 43
74 44
74 45
74 45
74 46
74 47
74 48
74 49
74 49
74 50
74 51
74 52
74 53
74 53
74 54
74 55
74 56
74 57
74 57
74 58
73 59
73 60
73 61
73 62
72 63
72 64
72 65
72 66
71 67
71 68
71 69
71 70
70 71
70 72
70 72
69 72
69 72
68 72
68 72
68 72
68 72
69 71
69 71
70 70
71 69
72 68
72 68
73 67
74 67
75 66
75 66
76 65
77 64
78 64
79 63
79 63
80 62
81 62
82 61
83 61
84 60
84 60
85 59
86 58
87 58
88 57
88 57
89 57
90 56
91 56
91 56
92 55
93 55
94 54
94 54
95 54
96 53
97 53
97 53
98 52
99 52
99 52
100 52
100 52
100 52
100 52
100 52
100 52
100 52
99 52
