10 6
10 5
11 4
11 3
12 2
12 1
12 1
12 1
11 0
11 0
11 0
11 1
11 1
12 2
12 3
12 3
13 4
13 5
13 5
13 6
14 7
14 8
14 9
14 9
15 10
15 11
16 12
16 13
16 13
15 14
15 15
14 16
13 17
13 18
12 19
11 20
10 21
10 22
9 23
8 24
8 25
7 26
6 27
6 28
5 29
5 29
5 30
4 31
4 32
4 33
4 33
3 34
3 35
3 35
3 36
2 37
2 38
2 38
2 39
2 40
2 41
2 42
2 42
2 43
2 44
2 45
2 45
2 46
2 47
2 48
2 48
2 49
3 50
3 51
3 51
4 52
4 53
4 53
5 53
6 53
6 53
7 52
8 51
8 51
9 50
9 49
10 48
10 48
10 47
11 46
11 45
12 44
12 43
12 43
13 42
13 41
14 40
14 39
15 38
15 37
15 37
16 36
16 35
17 34
17 33
18 32
18 31
19 30
19 30
20 29
20 28
21 27
21 26
22 25
22 24
23 23
23 23
24 22
25 21
25 20
26 19
26 19
27 18
28 17
28 16
29 15
29 15
30 14
31 13
32 12
32 12
33 11
34 11
34 11
35 11
35 11
35 12
35 13
35 13
35 14
34 15
34 16
33 17
33 18
32 19
32 20
31 21
31 22
30 23
30 24
29 25
29 26
28 27
28 28
27 29
27 30
26 31
26 32
26 33
25 34
25 35
24 36
24 37
23 38
23 39
22 40
22 41
21 42
21 43
20 44
20 45
19 46
19 47
18 48
18 49
17 50
17 51
16 52
16 53
16 54
15 55
15 56
14 57
14 58
13 59
13 60
12 61
12 62
11 63
11 64
10 65
10 66
9 67
9 68
8 69
8 70
7 71
7 72
7 72
6 73
6 74
5 75
5 76
4 77
4 78
3 79
3 80
2 81
2 82
1 83
1 84
0 85
0 86
0 86
0 85
0 85
0 84
0 84
1 83
1 82
2 81
2 81
3 80
4 79
4 78
5 77
5 77
6 76
7 75
7 74
8 73
9 72
9 72
10 71
11 70
12 69
13 68
14 67
14 67
15 66
15 65
16 64
17 63
18 62
18 61
19 60
19 60
20 59
21 58
22 57
23 56
24 55
24 55
25 54
26 53
26 52
27 51
28 50
28 50
27 49
27 48
26 47
25 46
24 45
24 44
23 43
23 43
23 42
23 41
22 40
22 39
22 38
22 37
22 37
21 37
21 37
21 37
21 38
21 38
21 39
21 40
21 41
22 42
22 43
22 44
22 45
22 45
22 46
22 47
22 48
22 49
22 50
22 51
22 52
22 53
22 54
22 55
22 56
22 56
22 57
22 58
22 59
22 60
22 61
22 62
22 63
22 64
22 65
22 65
22 66
22 67
22 68
23 69
23 70
23 71
23 72
23 73
23 73
23 74
23 75
23 76
23 77
23 78
23 79
23 80
23 80
23 81
23 82
24 83
24 84
24 85
24 85
24 86
24 87
25 88
25 89
25 90
25 90
25 91
25 92
25 93
25 94
25 94
25 93
24 92
24 91
24 90
23 89
23 88
23 87
22 86
22 85
21 84
21 83
21 82
20 81
20 80
20 79
19 78
19 77
19 76
18 75
18 74
18 74
19 75
19 76
20 77
20 77
19 77
19 77
18 76
18 75
18 75
18 76
18 76
18 77
17 78
17 79
17 80
17 80
17 81
16 82
16 83
16 84
15 85
15 86
15 86
15 87
14 88
14 89
14 90
14 91
13 92
13 93
13 93
13 94
12 95
12 96
12 97
12 98
11 99
11 100
11 100
12 99
12 98
13 97
13 96
14 95
14 94
15 93
15 92
16 91
16 90
17 89
17 88
18 87
18 86
19 85
19 85
20 84
21 83
22 82
23 81
24 81
25 80
26 79
27 78
27 78
28 77
28 76
28 76
29 76
29 76
30 76
30 76
31 77
31 77
32 78
32 79
32 79
33 80
33 80
34 81
34 82
34 82
35 83
35 84
35 84
35 85
35 85
36 86
36 87
36 87
36 86
37 85
37 84
37 83
37 82
38 81
38 80
38 79
38 78
39 77
39 76
39 75
39 74
40 73
40 72
40 71
40 70
41 69
41 68
41 67
41 66
42 65
42 64
42 63
42 62
43 61
43 60
43 59
43 58
44 57
44 56
44 55
44 54
45 53
45 52
45 51
45 50
46 49
46 48
46 47
46 46
47 45
47 44
47 43
47 42
48 41
48 40
48 39
48 38
49 37
49 36
49 35
49 34
50 33
50 32
50 31
50 30
51 29
51 28
51 27
51 26
52 25
52 24
52 23
52 22
53 21
53 20
53 19
53 18
54 17
54 16
54 15
54 14
55 13
55 12
55 11
55 10
56 9
56 8
56 8
57 7
58 6
59 5
59 4
60 3
61 2
61 2
60 1
60 1
60 1
60 1
60 1
60 1
60 2
60 3
59 4
59 5
59 6
59 7
59 7
59 8
58 9
58 10
58 11
58 12
57 13
57 14
57 15
57 15
57 16
56 17
56 18
55 19
55 20
55 21
54 22
54 23
54 23
54 24
54 25
53 26
53 27
53 28
53 29
52 30
52 31
52 32
52 33
51 34
51 35
51 36
51 36
52 35
53 35
54 34
55 33
56 33
57 32
57 32
58 32
58 32
57 32
57 32
57 32
57 33
57 33
57 34
57 34
57 35
56 36
56 37
55 38
55 39
55 39
55 40
54 41
54 42
54 43
54 44
53 45
53 46
53 46
52 47
52 48
51 49
51 50
50 51
50 52
50 52
50 53
50 54
50 54
51 54
52 53
53 53
54 52
55 52
55 52
55 51
56 50
56 49
56 49
56 49
57 50
57 51
57 51
57 52
57 53
57 53
57 54
57 55
57 56
57 57
57 57
57 58
57 59
57 60
57 60
57 61
57 62
57 63
57 64
57 65
57 66
57 66
57 67
57 68
57 69
57 70
57 71
57 71
57 72
58 73
58 74
58 75
58 75
58 76
58 77
58 78
58 78
58 77
58 76
58 75
59 74
59 73
59 72
59 71
59 70
59 69
60 68
60 67
60 66
60 65
60 64
60 63
61 62
61 61
61 60
61 59
61 58
61 57
61 56
62 55
62 54
62 53
62 52
62 51
62 50
63 49
63 48
63 47
63 46
63 45
63 44
63 43
64 42
64 41
64 40
64 39
64 38
64 37
65 36
65 35
65 34
65 33
65 32
65 31
66 30
66 29
66 28
66 27
66 27
66 27
65 27
65 27
65 26
65 26
65 26
65 26
66 25
66 24
67 23
67 23
68 22
68 21
69 20
69 19
69 19
70 18
71 17
71 16
72 15
72 15
73 14
74 13
74 12
75 11
75 11
75 12
76 13
76 14
77 15
77 16
77 16
77 17
77 18
76 19
76 20
76 21
76 21
76 21
76 22
76 22
76 23
76 24
76 25
76 25
76 26
76 27
76 28
76 29
76 29
76 30
76 31
76 32
76 33
76 34
76 34
76 35
76 36
76 37
76 38
76 39
76 40
76 40
76 41
76 42
76 43
76 44
76 45
76 46
76 46
76 47
76 48
76 49
76 50
76 51
76 52
76 52
76 53
76 54
76 55
76 56
76 57
76 58
76 58
76 57
76 56
76 55
77 54
77 53
77 52
77 51
77 50
77 49
77 48
77 47
78 46
78 45
78 44
78 43
78 43
78 43
78 42
78 41
78 41
78 40
78 40
78 40
78 40
79 40
79 40
80 39
80 39
79 39
78 39
77 39
76 38
75 38
74 38
73 38
72 38
72 38
72 39
72 40
71 41
71 42
71 43
71 43
71 42
70 41
70 40
70 40
70 41
70 42
70 42
70 43
70 44
70 45
70 45
70 46
70 47
70 48
70 49
70 50
70 51
70 51
70 52
70 53
70 54
70 55
70 56
70 57
70 57
70 58
70 59
70 60
70 61
70 62
70 63
70 64
70 64
70 65
70 66
69 67
69 68
69 69
69 70
69 70
69 71
68 72
68 73
68 74
68 74
68 75
67 76
67 77
67 78
67 78
67 78
67 78
67 78
67 78
67 77
67 76
67 76
68 75
69 75
70 74
70 74
71 73
71 72
72 71
72 70
73 69
73 69
74 68
75 67
76 66
76 65
77 64
78 63
78 63
79 62
80 61
80 60
81 59
82 58
82 58
83 57
84 56
85 55
86 54
87 53
87 53
88 52
89 51
90 51
91 50
92 49
92 49
93 48
94 47
95 47
96 46
96 46
97 45
98 44
98 44
99 44
99 44
100 44
100 44
99 44
99 44
99 44
99 44
99 44
99 44
