1 14
2 15
2 15
1 14
1 14
1 13
2 12
2 11
2 11
3 10
3 9
3 9
4 8
5 7
5 7
6 6
7 6
7 6
8 6
9 5
10 5
10 5
11 4
12 4
13 3
13 3
14 2
15 2
15 2
16 2
17 1
18 1
18 1
19 1
19 1
20 0
21 0
21 0
21 0
20 1
19 2
18 3
17 4
17 5
16 6
15 7
14 8
14 8
14 9
14 10
14 11
14 11
13 12
13 12
13 13
13 14
13 14
13 15
14 16
14 17
14 17
14 18
14 19
14 20
14 20
14 21
14 22
14 23
15 24
15 25
15 26
15 27
15 27
15 28
15 29
15 30
15 31
15 32
15 33
15 34
15 35
15 35
15 36
15 37
15 38
15 39
15 40
15 41
15 42
15 43
15 44
15 44
15 45
15 46
15 47
15 48
14 49
14 50
14 51
14 52
14 53
14 54
14 54
14 55
14 56
14 57
14 58
14 59
14 60
14 61
14 62
14 62
14 63
14 64
14 65
13 66
13 67
13 68
13 69
13 70
13 70
13 71
13 72
13 73
12 74
12 75
12 76
12 77
12 77
12 78
11 79
11 80
11 81
10 82
10 83
10 83
10 84
9 85
9 86
9 87
9 88
8 89
8 90
8 90
8 91
7 92
7 93
7 94
6 95
6 96
6 96
5 97
5 98
4 99
4 99
3 100
2 100
2 100
1 100
0 100
0 100
0 99
1 98
1 97
2 96
2 95
3 94
3 93
3 92
4 91
4 90
5 89
5 88
5 87
6 86
6 85
7 84
7 83
8 82
8 81
8 80
9 79
9 78
10 77
10 76
11 75
11 74
11 73
12 72
12 71
13 70
13 69
13 68
14 67
14 66
15 65
15 64
16 63
16 62
16 61
17 60
17 59
18 58
18 57
19 56
19 55
19 54
20 53
20 52
21 51
21 50
21 49
22 48
22 47
23 46
23 45
24 44
24 43
24 43
24 44
25 45
25 46
26 47
26 48
27 49
27 50
27 50
27 50
27 51
26 52
26 53
26 54
26 54
26 55
26 56
26 57
26 58
26 59
26 60
26 60
26 61
26 62
26 63
26 64
26 65
26 66
26 67
26 68
26 68
26 69
26 70
26 71
26 72
26 73
26 74
26 74
26 75
27 76
27 77
27 78
27 78
27 79
28 80
28 81
28 82
28 82
29 83
29 83
30 83
30 83
31 83
31 83
31 82
32 81
32 80
32 80
32 79
33 78
33 77
33 76
33 76
33 75
33 74
33 73
33 72
33 71
33 70
33 70
33 69
33 68
33 67
33 66
33 65
33 65
33 64
33 63
32 62
32 61
32 60
32 59
32 59
32 58
31 57
31 56
31 55
30 54
30 53
30 53
29 53
28 52
27 52
27 52
26 53
25 53
24 54
24 54
23 55
23 56
22 57
22 58
22 58
21 59
21 60
20 61
20 61
20 62
20 63
20 64
20 64
20 65
20 66
20 66
21 66
21 66
22 65
22 64
23 63
23 63
24 62
25 61
25 60
26 59
26 59
27 58
28 57
29 56
30 55
31 54
31 54
32 53
33 52
34 51
35 50
35 50
36 49
37 48
38 47
39 46
39 46
40 45
41 45
41 45
42 46
43 47
43 47
44 48
44 49
45 50
45 51
45 51
45 52
46 53
46 54
46 55
46 55
46 56
46 57
47 58
47 59
47 60
47 60
47 61
47 62
47 63
47 64
47 64
47 65
47 66
48 67
48 68
48 69
48 69
48 70
47 71
47 72
47 73
47 73
47 74
46 75
46 76
46 77
46 77
45 78
45 79
45 79
44 80
44 80
44 80
44 79
44 78
44 78
44 77
44 76
44 75
44 74
44 73
44 73
44 72
45 71
45 70
45 69
46 68
46 67
46 67
46 66
47 65
47 64
47 63
47 62
48 61
48 60
48 60
49 59
49 58
50 57
50 56
50 56
51 55
52 55
52 55
53 55
53 55
53 56
53 57
53 58
53 59
53 59
53 60
53 61
53 62
53 63
53 63
53 64
53 65
53 66
53 67
53 68
53 69
53 69
53 70
53 71
54 72
54 73
54 74
54 74
54 75
54 76
54 77
54 78
54 79
54 80
54 80
54 81
55 82
55 83
55 83
56 84
57 85
57 85
58 85
59 85
59 85
60 84
61 84
62 83
62 83
63 82
64 81
64 80
65 79
65 79
66 78
66 77
67 76
67 75
68 74
68 73
68 73
69 72
69 71
70 70
70 69
71 68
71 67
72 66
72 66
72 65
73 64
73 63
73 62
73 61
74 60
74 59
74 59
74 58
74 57
74 56
75 55
75 54
75 53
75 52
75 52
75 51
75 50
75 49
75 48
75 48
75 47
75 46
75 46
74 46
74 46
73 47
73 48
72 49
72 49
72 50
71 51
71 52
70 53
70 54
70 54
70 55
70 56
70 57
69 58
69 59
69 60
69 61
69 61
69 62
68 63
68 64
68 65
67 66
67 67
67 67
67 68
67 69
67 70
66 71
66 72
66 73
66 74
66 74
66 75
66 76
67 77
67 78
67 79
67 79
67 80
68 81
68 82
68 82
69 83
70 84
70 84
71 83
72 83
72 83
73 82
74 81
75 81
76 80
76 80
77 79
77 78
78 77
78 76
79 75
79 74
79 74
80 73
80 72
81 71
82 70
82 69
83 68
83 68
84 67
84 66
85 65
86 64
87 63
87 62
88 61
88 61
89 60
89 59
90 58
90 57
91 56
91 55
92 54
92 53
92 53
93 52
93 51
94 50
94 49
95 48
95 48
96 47
96 46
97 45
97 45
98 44
98 43
98 43
98 44
98 44
98 45
97 46
97 47
97 48
97 48
97 49
97 50
96 51
96 52
96 53
96 53
96 54
95 55
95 56
94 57
94 58
94 58
94 59
94 60
94 61
94 62
94 63
94 64
94 64
94 65
95 66
95 67
95 68
95 68
95 69
96 70
96 71
96 72
96 72
97 73
97 74
98 75
98 76
98 76
98 77
99 78
99 79
99 79
100 80
100 81
100 81
100 82
99 83
99 84
99 84
98 85
98 86
97 87
97 87
96 88
95 89
94 90
93 91
93 91
92 92
91 93
90 94
89 95
