12 2
13 3
13 4
14 5
14 6
14 6
14 5
14 5
15 4
15 3
15 3
16 2
16 2
17 3
17 3
18 3
19 3
19 3
20 3
21 3
21 3
22 3
23 3
23 3
24 3
25 2
26 2
26 2
27 1
27 0
27 0
26 1
26 2
25 3
25 4
24 5
24 6
23 7
23 8
22 9
22 10
21 11
21 12
20 13
20 13
20 14
20 15
20 16
20 17
19 18
19 19
19 20
19 21
19 22
19 22
20 23
20 23
20 23
20 24
20 25
20 26
20 26
20 27
21 28
21 29
21 30
21 30
21 31
21 32
21 33
21 34
21 35
21 36
21 37
21 38
21 38
21 39
21 40
21 41
21 42
21 43
21 44
21 45
21 46
21 47
21 47
21 48
21 49
21 50
21 51
21 52
21 53
21 54
21 55
21 56
21 57
21 58
21 58
21 59
21 60
21 61
21 62
21 63
20 64
20 65
20 66
20 67
20 68
20 69
20 69
20 70
20 71
20 72
20 73
19 74
19 75
19 76
19 77
19 78
19 78
19 79
19 80
19 81
18 82
18 83
18 84
18 85
18 86
18 86
18 87
17 88
17 89
16 90
16 91
16 91
15 92
15 93
14 94
14 95
13 96
13 96
12 97
12 98
11 99
11 99
10 99
9 100
8 100
8 100
7 100
6 99
5 99
5 99
4 98
3 98
2 97
2 97
2 96
1 95
1 94
1 93
0 92
0 91
0 91
1 90
2 89
2 88
3 87
4 86
5 85
5 84
6 83
7 82
8 81
8 80
9 79
10 78
11 77
12 76
12 75
13 74
14 73
15 72
15 71
16 70
17 69
18 68
19 67
19 66
20 65
21 64
22 63
22 62
23 61
24 60
25 59
25 58
26 57
27 56
27 56
28 57
28 58
29 59
29 60
30 61
30 62
31 63
31 64
31 64
31 65
31 65
30 64
30 64
30 65
30 66
30 67
30 68
30 68
30 69
31 70
31 71
31 72
31 72
31 73
31 74
32 75
32 76
32 77
32 78
32 78
32 79
33 80
33 81
33 81
34 82
34 83
34 83
35 84
35 84
36 83
36 83
36 82
36 81
36 81
36 80
36 79
36 78
36 77
36 77
36 76
36 75
36 74
36 73
36 72
36 72
36 71
36 70
35 69
35 68
35 67
35 67
35 66
35 65
34 64
34 63
34 62
34 62
33 61
32 60
32 60
31 61
31 61
30 62
29 63
29 63
29 64
28 65
28 66
28 66
27 67
27 68
27 68
27 69
27 69
27 69
27 69
28 68
29 68
29 68
30 67
30 66
31 65
31 64
31 64
32 63
33 62
33 61
34 60
34 60
35 59
35 58
36 57
36 56
37 55
37 54
37 54
38 53
39 52
39 51
40 50
40 50
41 50
42 49
43 49
43 49
44 49
45 49
45 49
45 50
46 51
46 52
46 52
46 53
47 54
47 55
47 56
47 56
47 57
47 58
48 59
48 60
48 61
48 61
48 62
48 63
48 64
48 65
48 66
48 66
48 67
49 68
49 69
49 70
49 70
49 71
49 72
49 72
49 73
49 73
49 73
48 72
48 72
48 71
48 70
48 70
48 69
49 68
49 67
49 67
49 66
49 65
50 64
50 63
50 62
50 62
50 61
51 60
51 59
51 58
51 58
52 57
52 56
52 56
53 57
53 57
53 58
53 59
53 59
53 60
53 61
54 62
54 63
54 64
54 64
54 65
54 66
54 67
54 68
54 69
54 70
54 70
54 71
54 72
54 73
54 74
54 75
54 76
54 76
54 77
55 78
55 79
55 80
55 80
55 81
56 82
56 83
56 83
57 84
57 84
58 83
59 83
59 83
60 82
61 81
61 81
62 80
63 79
63 78
64 77
64 77
64 76
65 75
65 74
66 73
66 72
67 71
67 70
67 70
67 69
68 68
68 67
69 66
69 65
69 64
70 63
70 62
70 62
70 61
71 60
71 59
72 58
72 57
72 56
73 55
73 54
73 54
73 53
73 52
74 51
74 50
74 49
74 49
74 48
75 47
75 46
76 45
76 44
76 44
76 43
76 43
75 43
75 43
74 44
74 44
73 45
73 46
72 47
72 48
72 48
72 49
71 50
71 51
70 52
70 53
70 53
70 54
69 55
69 56
69 57
69 58
68 59
68 60
68 60
68 61
68 62
68 63
67 64
67 65
67 66
67 67
67 67
67 68
67 69
67 70
66 71
66 72
66 73
66 74
66 74
66 75
66 76
67 77
67 78
67 79
67 79
67 80
68 81
68 82
68 82
69 83
70 83
70 83
71 82
72 81
72 81
73 80
74 79
75 78
76 77
76 77
76 76
77 75
77 74
78 73
78 72
79 71
79 70
79 70
80 69
80 68
81 67
82 66
82 65
83 64
83 63
84 62
84 62
84 61
85 60
85 59
85 58
86 57
86 56
86 55
87 54
87 53
87 53
88 52
88 51
89 50
89 49
90 48
90 47
90 47
90 46
91 45
91 44
91 43
91 43
91 42
91 42
92 42
92 42
92 43
92 44
92 45
92 45
92 46
92 47
92 48
92 49
92 49
92 50
92 51
93 52
93 53
93 54
93 55
93 55
93 56
94 57
94 58
94 59
94 59
95 60
95 61
96 62
96 63
96 63
97 64
98 65
98 65
99 66
99 67
99 67
100 68
100 69
100 69
100 70
99 71
99 72
99 72
99 73
98 74
98 75
98 76
98 76
97 77
97 78
96 79
96 80
96 80
95 81
94 82
94 83
93 84
93 84
92 85
91 86
90 87
89 88
