0 10
0 9
0 9
0 8
0 8
1 8
1 8
2 7
2 7
3 6
3 6
4 5
5 5
5 5
6 4
7 4
7 4
8 4
9 3
10 3
10 3
11 2
11 2
12 1
13 1
13 1
14 1
14 1
15 0
15 0
14 1
13 2
12 3
12 4
11 5
10 6
10 6
10 7
10 8
9 9
9 10
9 11
9 11
9 12
9 13
9 13
9 14
9 15
9 16
9 17
9 17
9 18
9 19
9 20
9 21
9 22
9 22
9 23
9 24
9 25
9 26
9 27
9 28
9 28
9 29
9 30
9 31
9 32
9 33
9 34
9 35
9 36
9 36
9 37
9 38
9 39
10 40
10 41
10 42
10 43
10 44
10 44
10 45
10 46
10 47
11 48
11 49
11 50
11 51
11 51
11 52
11 53
11 54
11 55
11 56
11 57
11 58
11 59
11 59
11 60
11 61
11 62
11 63
11 64
11 65
11 65
11 66
11 67
11 68
11 69
11 70
11 70
11 71
11 72
11 73
11 74
11 75
11 76
11 76
11 77
11 78
10 79
10 80
10 81
10 82
10 82
10 83
10 84
9 85
9 86
9 87
9 87
9 88
9 89
8 90
8 91
8 92
8 92
7 93
7 94
6 95
6 96
6 96
5 97
5 98
4 99
4 99
3 100
2 100
2 100
1 100
1 100
0 99
0 99
1 98
1 97
2 96
3 95
3 94
4 93
5 92
5 91
6 90
6 89
7 88
8 87
8 86
9 85
10 84
10 83
11 82
12 81
12 80
13 79
14 78
14 77
15 76
16 75
16 74
17 73
18 72
18 71
19 70
19 69
20 68
21 67
21 66
22 65
23 64
23 63
24 62
24 62
25 61
26 60
27 59
27 59
28 59
28 59
29 59
29 59
29 60
29 60
29 61
29 62
29 62
29 63
29 64
29 65
29 65
29 66
28 67
28 68
28 69
28 69
28 70
28 71
28 72
28 73
28 73
28 74
28 75
28 76
28 77
28 78
28 78
28 79
28 80
28 81
28 82
28 82
28 83
28 84
28 85
28 86
28 86
29 87
29 88
29 88
30 89
30 89
31 89
31 89
32 89
32 89
32 88
33 87
33 86
33 86
33 85
34 84
34 83
34 83
34 82
34 81
34 80
34 80
34 79
35 78
35 77
35 76
35 76
35 75
35 74
35 73
35 72
35 72
35 71
35 70
35 69
35 68
35 67
35 67
35 66
34 65
34 64
34 64
34 63
34 63
33 62
33 62
32 62
32 62
31 63
31 63
30 64
30 64
30 65
30 65
31 66
31 66
32 67
32 67
33 68
33 68
34 67
35 67
35 67
36 67
37 67
38 67
38 67
39 66
40 66
41 65
41 65
42 64
43 63
44 62
44 62
45 61
46 60
46 60
47 59
47 58
48 57
48 57
49 56
50 55
50 55
51 54
51 54
52 54
52 54
52 54
52 54
52 55
52 56
52 57
52 57
52 58
51 59
51 60
51 60
51 61
51 62
51 63
51 64
51 64
51 65
51 66
50 67
50 68
50 69
50 69
50 70
49 71
49 72
49 73
49 73
49 74
49 75
49 76
49 77
49 78
49 78
49 79
49 80
49 81
49 81
49 82
49 82
49 83
49 83
50 83
50 83
50 82
50 81
50 81
51 80
51 79
51 79
51 78
52 77
52 76
52 75
52 75
52 74
53 73
53 72
53 71
53 71
54 70
54 69
55 68
55 67
55 67
56 66
57 65
57 65
58 64
58 64
59 63
59 63
60 64
60 64
61 65
61 65
62 66
62 67
62 67
63 68
63 69
63 69
64 70
64 71
64 71
65 72
65 73
65 73
66 74
66 75
66 75
67 76
68 76
68 76
69 75
69 75
70 74
71 74
71 74
72 73
73 72
73 72
73 71
74 70
74 69
74 69
75 68
75 67
76 66
76 66
77 65
77 64
78 63
78 62
78 62
78 61
79 60
79 59
79 58
79 58
79 57
80 56
80 55
80 54
80 54
80 53
80 52
80 51
80 51
80 51
79 51
79 51
78 52
78 52
77 53
77 54
77 54
77 55
76 56
76 57
76 58
76 58
76 59
75 60
75 61
75 62
75 62
75 63
75 64
75 65
75 65
75 66
74 67
74 68
74 69
74 69
74 70
75 71
75 72
75 72
75 73
76 74
76 75
76 75
77 76
77 76
78 76
79 77
80 77
80 77
81 76
82 76
82 76
83 75
84 74
85 73
85 73
86 72
87 71
87 70
88 69
88 69
89 68
90 67
91 67
92 66
92 66
93 65
93 64
94 63
94 62
94 62
95 61
95 60
96 59
96 58
96 58
97 57
97 56
98 55
98 55
99 54
99 53
99 53
100 52
100 52
100 52
99 52
99 52
98 53
98 53
97 54
96 55
96 55
96 56
95 57
95 58
95 58
94 59
94 60
93 61
93 61
93 62
92 63
92 64
92 64
91 65
91 66
91 66
90 67
90 68
90 68
90 69
90 70
90 70
91 71
91 71
92 72
92 72
93 73
93 73
94 74
94 74
94 75
94 76
94 76
94 77
94 78
94 78
93 79
93 80
93 80
93 81
93 82
93 83
93 83
92 84
92 85
