0 10
0 9
0 9
0 8
0 8
1 8
1 8
2 8
2 8
3 8
4 8
4 8
5 8
6 8
7 8
7 8
8 7
9 7
10 6
11 6
11 6
12 5
13 5
14 4
14 4
15 3
16 2
16 2
17 1
18 0
18 0
17 1
17 2
16 3
16 4
15 5
15 6
14 7
14 7
14 8
14 9
14 10
14 11
14 12
14 13
14 13
14 14
14 14
14 15
14 16
14 17
14 18
14 19
14 19
14 20
14 21
14 22
14 23
14 24
14 25
14 26
14 27
14 28
14 28
14 29
14 30
14 31
14 32
15 33
15 34
15 35
15 36
15 37
15 38
15 38
15 39
15 40
15 41
15 42
15 43
15 44
15 45
15 46
15 47
15 48
15 48
15 49
15 50
15 51
16 52
16 53
16 54
16 55
16 56
16 56
16 57
16 58
16 59
16 60
16 61
16 62
16 63
16 64
16 64
16 65
16 66
16 67
16 68
16 69
16 69
16 70
16 71
16 72
16 73
16 74
16 74
16 75
16 76
16 77
16 78
16 79
16 79
16 80
15 81
15 82
15 83
15 83
15 84
14 85
14 86
14 87
14 87
14 88
13 89
13 90
13 90
13 91
12 92
12 93
12 93
11 94
11 95
11 95
10 96
10 97
10 97
9 98
8 98
8 98
7 99
7 99
6 100
5 100
5 100
4 100
4 100
3 100
3 100
2 100
2 100
1 99
1 99
0 98
0 98
0 97
0 97
0 96
0 95
0 94
0 94
1 93
2 92
3 91
3 90
4 89
5 88
6 87
7 86
8 85
9 84
9 83
10 82
11 81
12 80
13 79
14 78
15 77
15 76
16 75
17 74
18 73
19 72
20 71
20 70
21 69
22 68
23 67
24 66
25 65
26 64
26 63
27 62
28 61
29 60
30 59
31 58
32 57
32 56
33 55
34 54
35 53
35 53
35 54
35 55
34 56
34 57
34 58
34 59
34 60
33 61
33 62
33 63
33 63
32 64
32 65
32 65
32 66
32 67
31 68
31 69
31 70
31 70
31 71
31 72
31 73
31 74
31 75
31 76
31 77
31 77
31 78
32 79
32 80
32 81
32 81
33 82
33 83
33 83
34 84
34 84
35 84
35 84
36 83
36 83
37 82
37 81
37 81
37 80
38 79
38 78
38 77
38 77
38 76
39 75
39 74
39 74
39 73
40 72
40 71
40 70
40 70
40 69
40 68
40 67
40 67
40 66
40 65
40 65
39 64
38 63
37 63
36 62
36 62
35 61
35 61
35 60
35 60
36 59
36 58
36 58
37 57
37 56
37 56
38 55
38 54
39 53
39 53
40 52
41 51
42 50
42 50
43 49
43 48
44 47
44 46
44 46
45 45
46 44
47 43
47 43
48 42
49 42
49 42
50 41
51 41
51 41
52 41
53 41
53 41
54 42
54 42
55 43
55 44
55 44
55 45
55 46
55 46
55 47
55 48
55 49
55 50
55 50
55 51
55 52
55 53
55 54
55 55
55 55
55 56
55 57
54 58
54 59
54 60
54 61
54 61
54 62
54 63
53 64
53 65
53 66
53 66
53 67
53 68
52 69
52 70
52 71
52 71
52 72
51 73
51 74
51 75
51 75
51 76
50 77
50 78
50 78
50 79
50 79
50 79
50 79
50 78
50 77
50 77
50 76
51 75
51 74
51 74
51 73
52 72
52 71
52 70
52 70
52 69
52 68
52 67
53 66
53 65
53 64
53 63
53 63
53 62
53 61
53 60
54 59
54 58
54 57
54 56
54 56
54 55
55 54
55 53
55 52
56 51
56 50
56 50
56 49
57 48
57 47
58 46
58 45
58 45
58 44
59 43
59 42
59 42
60 41
61 40
61 40
62 40
62 40
63 41
63 41
63 42
63 43
63 43
63 44
63 45
63 46
63 46
63 47
63 48
63 49
63 49
63 50
63 51
63 52
63 53
63 54
63 54
63 55
62 56
62 57
62 58
62 58
62 59
62 60
61 61
61 62
61 63
61 63
61 64
61 65
61 66
61 67
61 67
61 68
61 69
61 70
61 70
61 71
61 72
61 73
61 73
62 74
62 74
63 75
63 75
64 75
65 75
65 75
66 74
66 73
66 73
67 72
68 71
68 71
69 70
70 69
71 68
71 68
72 67
72 66
73 65
73 65
74 64
75 63
75 62
76 61
76 61
77 60
77 59
78 58
78 57
78 57
78 56
79 55
79 54
80 53
80 52
80 52
80 51
81 50
81 49
81 48
81 48
81 47
82 46
82 45
82 44
82 44
82 43
82 42
82 41
82 41
82 40
82 39
82 39
82 38
82 37
82 37
81 37
81 37
80 38
80 39
80 39
80 40
79 41
79 42
79 42
79 43
78 44
78 45
78 46
78 46
78 47
78 48
77 49
77 50
77 51
77 51
77 52
77 53
77 54
77 55
77 56
77 56
77 57
77 58
77 59
77 59
78 60
78 61
78 61
79 62
79 63
79 63
80 63
80 63
81 62
82 62
82 62
83 61
84 60
84 60
85 59
86 58
86 57
87 56
87 56
88 55
88 54
89 53
89 52
89 52
89 51
90 50
90 49
90 48
90 48
91 47
91 46
92 45
92 44
92 44
93 43
93 42
94 41
94 41
95 40
95 39
95 39
96 40
97 40
97 40
98 41
98 41
98 42
99 43
99 44
99 44
99 45
99 46
99 47
99 48
99 48
99 49
99 50
100 51
100 52
100 53
100 53
100 54
100 55
100 56
100 57
100 58
100 59
100 59
100 60
99 61
99 62
99 63
99 63
99 64
98 65
98 66
98 66
97 67
97 68
96 69
