18 4
17 3
17 3
17 3
17 3
17 3
18 3
18 3
19 3
19 3
20 3
21 3
21 3
22 2
23 2
23 2
24 2
25 2
26 2
27 2
27 2
28 2
29 2
29 2
30 2
31 1
32 1
32 1
33 1
34 1
34 1
35 1
36 1
36 1
37 0
38 0
38 0
39 0
39 0
40 1
40 1
39 1
38 2
37 2
37 2
36 3
35 4
35 4
34 4
34 4
33 5
32 5
32 5
31 6
31 6
30 7
30 7
29 8
29 9
29 9
29 10
28 11
28 12
28 12
28 13
28 14
28 15
28 16
28 16
28 17
28 18
28 19
27 20
27 21
27 22
27 23
27 23
27 24
27 25
27 26
27 27
26 28
26 29
26 30
26 31
26 32
26 32
26 33
25 34
25 35
25 36
25 37
24 38
24 39
24 40
24 40
24 41
24 42
24 43
24 44
23 45
23 46
23 47
23 48
23 49
23 50
23 50
23 51
23 52
23 53
22 54
22 55
22 56
22 57
22 57
22 58
22 59
22 60
21 61
21 62
21 63
21 64
21 64
21 65
21 66
20 67
20 68
20 69
20 70
20 70
20 71
20 72
19 73
19 74
19 75
19 75
19 76
18 77
18 78
18 79
18 79
18 80
17 81
17 82
17 82
16 83
15 84
15 84
14 85
13 86
13 86
12 86
11 86
10 86
10 86
9 87
8 87
8 87
7 87
6 86
5 86
5 86
4 86
3 86
2 86
2 86
1 85
0 84
0 84
1 83
2 83
3 82
4 81
5 80
6 80
7 79
8 78
9 78
10 77
11 76
12 76
13 75
14 74
15 73
16 73
17 72
18 71
19 71
20 70
21 69
22 68
23 68
24 67
25 66
26 66
27 65
28 64
29 64
30 63
31 62
32 61
33 61
34 60
35 59
36 59
37 58
38 57
39 57
40 56
41 55
42 54
43 54
44 53
44 53
45 52
45 51
45 51
45 51
45 50
45 50
45 50
45 49
45 49
45 49
45 48
45 48
45 48
45 48
44 48
44 48
44 49
44 49
43 50
43 50
43 51
43 52
43 53
43 54
43 54
43 55
43 56
42 57
42 58
42 59
42 59
42 60
41 61
41 62
41 63
40 64
40 65
40 65
40 66
40 67
39 68
39 69
39 70
39 70
39 71
38 72
38 73
38 74
38 74
38 75
39 76
39 77
39 77
39 78
39 79
39 80
39 80
40 80
40 80
41 80
42 80
42 80
43 79
43 79
44 78
45 77
46 76
46 76
47 75
47 74
48 73
48 73
48 72
49 71
49 70
49 70
50 69
50 68
51 67
51 67
51 66
52 65
52 64
52 63
52 63
52 62
52 61
52 60
52 59
52 59
52 58
51 57
51 56
51 56
50 55
50 54
50 54
49 53
49 53
48 52
47 52
47 52
46 52
45 52
45 52
44 53
44 53
43 54
43 54
43 54
44 54
44 54
45 55
45 55
46 55
47 55
48 55
48 55
49 54
50 54
50 54
51 53
52 53
52 53
53 53
54 53
55 53
55 53
56 53
57 53
57 53
58 53
58 53
59 53
60 53
60 53
60 53
60 53
60 53
60 53
59 53
59 53
59 53
59 53
59 53
59 53
59 53
59 53
59 53
59 53
59 53
59 53
59 53
59 53
60 53
60 53
60 53
60 53
60 53
60 53
60 53
60 53
60 53
60 53
60 53
60 53
60 53
60 54
60 55
60 55
59 56
59 57
59 57
59 58
58 59
58 60
58 61
58 61
58 62
57 63
57 64
57 65
57 65
57 66
56 67
56 68
56 68
56 69
55 70
55 71
55 71
55 72
55 73
55 73
55 74
55 75
55 75
55 75
55 75
55 75
55 74
55 74
55 73
55 72
55 72
56 71
56 70
56 70
56 69
56 68
56 68
56 67
57 66
57 65
57 65
58 64
58 63
59 62
59 62
59 61
60 60
60 59
60 58
60 58
61 57
62 56
62 56
63 55
63 55
64 54
64 54
65 53
65 53
66 53
66 53
66 53
66 54
66 54
66 55
66 55
66 56
66 57
66 57
66 58
65 59
65 60
65 61
65 61
65 62
64 63
64 64
64 64
63 65
63 66
63 66
62 67
62 68
62 68
62 69
62 70
62 70
62 71
62 72
62 72
62 73
62 73
63 74
63 74
63 75
63 75
64 75
64 75
65 75
65 75
66 75
67 75
67 75
68 74
68 74
69 73
70 73
70 73
71 72
72 71
72 71
73 70
74 69
74 69
75 68
75 67
76 66
76 66
76 65
77 64
77 63
77 63
77 62
78 61
78 60
78 60
78 59
79 58
79 57
79 56
79 56
80 55
80 54
80 54
79 53
79 52
79 52
79 51
79 51
78 51
78 51
77 51
77 51
77 52
76 53
76 54
76 54
75 55
75 56
75 56
75 57
74 58
74 59
74 60
74 60
74 61
73 62
73 63
73 63
73 64
72 65
72 66
72 66
72 67
72 68
72 69
72 69
72 70
72 71
72 71
73 72
73 73
73 73
73 74
73 75
73 76
73 76
74 77
74 77
75 78
75 78
76 78
76 78
77 78
78 78
78 78
79 77
80 76
80 76
81 75
82 74
82 74
83 73
83 72
84 71
84 71
85 70
85 69
86 68
86 68
87 67
88 66
89 65
89 65
90 64
90 63
91 62
91 62
91 61
92 60
92 59
92 59
93 58
93 57
94 56
94 55
94 55
95 54
95 53
95 53
96 52
96 52
96 51
96 51
96 51
96 52
96 52
95 53
95 53
95 54
94 55
94 56
94 56
93 57
93 58
93 58
93 59
92 60
92 61
92 62
92 62
92 63
91 64
91 65
91 65
91 66
90 67
90 68
90 69
90 69
90 70
90 71
90 72
90 72
90 73
90 74
90 75
90 75
90 76
91 77
91 78
91 78
92 79
93 80
93 80
94 81
94 82
95 83
95 83
96 84
97 85
97 85
98 86
99 87
99 87
99 88
100 89
100 90
100 90
99 91
99 92
99 92
98 93
98 94
98 94
97 95
96 96
96 96
95 97
94 97
93 98
93 98
92 99
91 99
90 100
89 100
