5 9
5 10
5 10
6 9
6 9
6 9
7 9
7 9
8 8
9 8
9 8
10 8
11 8
11 8
12 8
13 7
14 7
14 7
15 6
16 6
17 5
17 5
18 4
19 4
19 4
20 3
21 3
22 2
22 2
23 1
24 1
24 1
25 0
26 0
26 0
25 1
24 2
23 3
22 4
21 5
20 6
19 7
19 7
19 8
19 9
19 10
19 11
19 12
19 12
18 11
18 11
18 12
18 13
18 13
18 14
18 15
19 16
19 17
19 18
19 18
19 19
19 20
19 21
19 22
19 23
19 24
19 25
19 25
19 26
19 27
19 28
19 29
19 30
19 31
19 32
19 33
19 33
19 34
19 35
19 36
19 37
19 38
19 39
19 40
19 41
19 41
19 42
19 43
19 44
19 45
19 46
19 47
19 48
19 49
19 49
19 50
19 51
19 52
19 53
19 54
19 55
19 56
19 57
19 57
19 58
19 59
19 60
19 61
19 62
19 63
19 64
19 64
19 65
19 66
19 67
18 68
18 69
18 70
18 71
18 72
18 72
18 73
18 74
17 75
17 76
17 77
17 77
17 78
17 79
16 80
16 81
16 82
16 82
16 83
16 84
15 85
15 86
15 87
15 87
15 88
14 89
14 90
14 90
13 91
13 92
12 93
12 93
11 94
11 95
10 96
10 96
9 97
9 98
9 98
8 99
7 100
7 100
6 100
5 100
5 100
4 100
3 100
3 100
2 99
1 99
1 99
0 98
0 97
0 97
0 96
0 95
0 95
1 94
2 93
3 92
4 91
5 90
6 89
7 89
8 88
9 87
10 86
11 85
12 84
13 83
14 82
15 81
16 80
17 79
18 78
19 77
20 76
21 76
22 75
23 74
24 73
25 72
26 71
27 70
28 69
29 68
30 67
31 66
32 65
33 64
34 63
35 63
36 62
37 61
38 60
39 59
40 58
41 57
41 57
41 58
40 59
40 60
40 61
40 61
39 62
39 62
38 63
38 63
38 64
37 65
37 66
37 67
37 67
37 68
37 69
36 70
36 71
36 72
36 72
36 73
36 74
35 75
35 76
35 77
35 77
35 78
35 79
35 80
35 81
35 81
35 82
35 83
35 84
35 85
35 86
35 86
35 87
35 88
35 88
36 89
36 89
36 90
36 90
37 89
38 89
38 89
39 88
39 88
39 87
40 86
40 85
40 85
41 84
41 83
42 82
42 81
42 81
42 80
43 79
43 78
43 77
43 77
43 76
43 75
43 74
43 74
43 73
43 72
43 72
43 71
43 70
43 70
43 69
43 68
43 67
43 66
43 65
43 65
44 64
45 63
46 62
46 62
47 61
48 60
48 60
49 59
50 58
50 58
51 58
52 58
52 58
53 57
54 57
54 57
55 57
56 56
57 56
57 56
58 56
59 56
59 56
60 56
60 56
61 57
61 57
61 58
61 58
61 59
61 60
61 61
61 61
61 62
61 63
61 64
61 65
61 65
61 66
61 67
60 68
60 69
60 70
60 70
60 71
59 72
59 73
59 74
59 74
59 75
58 76
58 77
58 78
58 78
58 79
57 80
57 81
57 81
57 82
56 83
56 84
56 84
56 85
56 85
55 86
55 86
55 86
55 86
56 85
56 84
56 84
56 83
57 82
57 81
57 81
57 80
58 79
58 78
59 77
59 76
59 76
59 75
59 74
60 73
60 72
60 71
60 70
60 70
60 69
61 68
61 67
61 66
62 65
62 64
62 64
63 63
63 62
64 61
64 61
65 60
65 59
66 58
66 58
67 57
67 57
68 56
68 56
69 56
69 56
70 57
70 57
70 58
70 59
70 60
70 60
70 61
69 62
69 63
69 64
69 64
69 65
69 66
69 67
69 68
69 69
69 70
69 70
69 71
69 72
68 73
68 74
68 75
68 75
68 76
68 77
67 78
67 79
67 80
67 80
67 81
66 82
66 83
66 84
66 84
66 85
66 86
66 87
66 87
66 88
66 89
66 89
66 90
66 90
67 91
67 91
68 90
68 90
69 89
69 89
70 88
70 87
71 86
71 86
72 85
72 84
73 83
73 83
74 82
74 81
75 80
75 79
75 79
76 78
76 77
77 76
77 76
78 75
78 74
79 73
79 72
79 72
80 71
80 70
81 69
81 68
81 68
82 67
82 66
83 65
83 64
83 64
83 63
83 62
83 61
83 61
83 60
83 59
83 59
83 58
83 58
82 58
82 58
81 59
81 59
80 60
80 61
80 61
80 62
79 63
79 64
79 65
79 65
79 66
78 67
78 68
78 69
78 69
78 70
77 71
77 72
77 72
77 73
77 74
77 74
77 75
77 75
78 76
78 77
78 77
79 77
79 77
80 77
80 77
81 76
82 76
82 76
83 75
84 74
84 74
84 73
85 72
85 71
85 71
86 70
86 69
87 68
87 68
88 67
88 66
89 65
89 64
89 64
89 63
90 62
90 61
90 60
90 60
91 59
91 58
92 57
92 57
93 56
93 55
93 55
94 54
94 54
95 55
96 55
96 55
97 56
97 57
97 57
97 58
98 59
98 60
98 60
98 61
98 62
98 63
98 63
98 64
99 65
99 66
99 66
99 67
99 68
99 69
99 69
99 70
100 71
100 72
100 72
99 73
99 74
99 74
99 75
98 76
98 77
98 77
97 78
96 79
96 79
95 80
95 81
95 81
94 82
93 83
