3 10
3 9
3 8
3 8
3 7
3 7
4 6
5 5
5 5
6 4
7 4
8 3
8 3
9 2
10 2
11 1
11 1
12 1
13 0
14 0
15 0
15 0
16 0
17 1
18 1
18 1
19 1
20 2
21 2
22 2
22 2
23 3
24 4
24 4
23 5
22 5
21 6
20 6
19 7
18 7
18 7
18 8
18 9
18 10
17 11
17 12
17 13
17 14
17 15
17 15
17 14
17 13
17 13
17 14
17 15
17 16
17 16
17 17
17 18
17 19
17 20
17 21
17 22
17 23
17 23
17 24
17 25
17 26
17 27
17 28
17 29
17 30
17 31
17 32
17 33
17 33
17 34
17 35
17 36
17 37
17 38
17 39
17 40
17 41
17 42
17 43
17 43
17 44
17 45
17 46
17 47
18 48
18 49
18 50
18 51
18 52
18 53
18 53
18 54
18 55
18 56
18 57
18 58
18 59
18 60
18 61
18 62
18 62
18 63
18 64
18 65
17 66
17 67
17 68
17 69
17 70
17 70
17 71
17 72
17 73
17 74
16 75
16 76
16 77
16 78
16 79
16 79
16 80
15 81
15 82
15 83
14 84
14 85
14 85
14 86
13 87
13 88
13 89
12 90
12 91
12 91
11 92
11 93
10 94
10 95
9 96
9 97
9 97
8 98
7 98
6 99
5 99
5 99
4 99
3 100
2 100
2 100
1 99
0 98
0 98
1 97
1 96
2 95
3 94
4 93
4 92
5 91
6 90
6 89
7 88
8 87
9 86
9 85
10 84
11 83
11 82
12 81
13 80
14 79
14 78
15 77
16 76
16 75
17 74
18 73
19 72
19 71
20 70
21 69
21 68
22 67
23 66
24 65
24 64
25 63
26 62
26 61
27 60
28 59
29 58
29 57
30 56
31 55
31 54
32 53
33 52
34 51
34 50
35 49
35 49
35 50
35 51
35 52
35 53
35 54
36 55
36 56
36 57
36 58
36 59
36 60
36 60
35 59
35 59
34 60
34 61
34 61
34 62
33 63
33 64
33 65
33 65
33 66
33 67
33 68
33 69
33 70
33 70
33 71
33 72
34 73
34 74
34 75
34 75
34 76
35 77
35 78
35 79
35 79
36 80
37 80
37 80
38 79
38 79
39 78
39 77
40 76
40 76
40 75
41 74
41 73
41 72
41 72
41 71
41 70
41 69
41 68
41 67
41 66
41 66
41 65
41 64
41 63
41 62
41 61
41 61
41 60
41 59
41 58
41 57
41 56
41 55
41 55
41 54
40 53
40 52
40 51
40 51
40 50
40 50
39 51
39 51
38 52
37 53
37 53
36 54
36 55
35 56
35 56
34 57
34 58
33 59
33 59
32 60
32 61
32 61
31 62
31 62
31 62
32 61
32 61
33 60
33 59
33 59
34 58
35 57
35 56
36 55
36 55
37 54
38 53
38 52
39 51
39 51
40 50
41 49
41 48
42 47
43 46
43 46
44 45
45 45
46 44
47 44
47 44
48 45
49 45
49 45
50 46
51 47
51 47
51 48
52 49
52 50
52 51
52 51
52 52
52 53
52 54
52 54
52 55
52 56
52 57
52 58
52 58
52 59
52 60
51 61
51 62
51 63
51 63
51 64
51 65
50 66
50 67
50 68
50 68
49 69
49 70
49 70
49 71
49 72
49 72
48 72
48 72
49 71
49 71
49 70
49 70
49 69
49 68
50 67
50 66
50 65
50 64
50 64
50 63
51 62
51 61
51 60
52 59
52 58
52 58
52 57
53 56
53 55
53 54
53 53
54 52
54 51
54 51
55 50
55 49
56 48
56 47
56 47
57 46
58 46
58 46
58 47
58 47
58 48
59 49
59 50
59 50
59 51
59 52
59 53
59 53
59 54
59 55
59 56
59 57
59 57
59 58
60 59
60 60
60 61
60 61
60 62
61 63
61 64
61 65
61 65
61 66
62 67
62 68
62 68
63 69
63 70
63 70
64 71
65 71
65 71
66 70
67 70
67 70
68 69
69 68
70 67
70 67
71 66
72 65
72 64
73 63
73 63
73 62
74 61
74 60
74 59
74 58
75 57
75 56
75 56
75 55
76 54
76 53
76 52
77 51
77 50
77 50
77 49
77 48
78 47
78 46
78 45
78 45
78 44
78 43
78 42
78 41
78 40
78 40
78 39
78 39
77 40
76 40
76 40
75 41
75 42
75 42
75 43
74 44
74 45
73 46
73 47
73 47
73 48
72 49
72 50
72 51
72 52
71 53
71 54
71 54
71 55
71 56
70 57
70 58
70 59
70 60
70 60
70 61
70 62
70 63
70 64
70 65
70 66
70 66
70 67
70 68
70 69
70 70
70 70
71 71
71 72
71 72
72 73
72 73
73 72
74 72
75 71
75 71
76 70
77 69
77 68
78 67
78 67
78 66
79 65
79 64
80 63
80 62
81 61
81 60
81 60
82 59
82 58
83 57
83 56
84 55
84 54
85 53
85 53
85 52
86 51
86 50
87 49
87 48
88 47
88 46
88 46
88 45
89 44
89 43
90 42
90 41
90 41
91 40
91 39
92 38
92 38
93 37
93 37
93 38
93 38
93 39
93 40
93 40
93 41
93 42
93 43
93 43
93 44
94 45
94 46
94 46
94 47
94 48
94 49
94 50
94 50
94 51
95 52
95 53
95 53
95 54
96 55
96 56
96 56
96 57
97 58
97 59
97 59
97 60
98 61
98 62
98 63
98 63
98 64
99 65
99 66
99 67
99 67
99 68
100 69
100 70
100 71
100 71
100 72
99 73
99 74
99 75
99 75
99 76
98 77
98 78
98 78
97 79
97 80
97 80
96 80
95 80
94 80
