7 9
6 10
5 11
5 11
5 12
5 12
4 12
4 12
4 12
4 12
5 12
5 12
6 12
6 12
7 12
7 12
8 11
9 11
9 11
10 10
11 9
11 9
12 8
13 7
13 7
14 6
15 6
15 6
16 5
17 4
17 4
18 3
19 3
19 3
20 2
20 2
21 1
21 1
22 0
22 0
22 0
22 0
22 1
22 1
21 1
21 1
20 2
20 2
19 2
19 2
19 2
18 2
18 2
17 3
17 3
16 4
16 4
16 5
16 5
16 6
16 6
16 7
16 7
16 8
16 9
16 9
16 10
16 11
16 11
16 12
16 13
16 14
16 14
16 15
16 16
16 17
16 18
16 19
16 19
16 20
16 21
16 22
16 23
16 24
16 24
16 25
16 26
16 27
17 28
17 29
17 30
17 31
17 31
17 32
17 33
17 34
17 35
17 36
17 37
17 38
17 38
17 39
17 40
17 41
17 42
17 43
17 44
17 45
17 45
17 46
17 47
17 48
17 49
17 50
17 51
17 51
17 52
17 53
17 54
17 55
17 56
17 57
17 58
17 58
17 59
17 60
16 61
16 62
16 63
16 64
16 64
16 65
16 66
16 67
16 68
16 69
16 70
16 71
16 71
16 72
16 73
16 74
15 75
15 76
15 77
15 78
15 78
15 79
15 80
14 81
14 82
14 83
14 83
14 84
14 85
13 86
13 87
13 88
13 88
13 89
12 90
12 91
11 92
11 93
11 93
10 94
10 95
9 96
9 96
8 97
8 98
7 99
7 99
6 100
5 100
5 100
4 100
3 100
2 100
2 100
1 99
1 98
1 98
0 97
0 96
0 96
0 95
0 94
0 93
0 93
1 92
2 91
3 90
4 90
5 89
6 88
7 87
8 86
9 85
10 85
11 84
12 83
13 82
14 81
15 80
16 79
17 79
18 78
19 77
20 76
21 75
22 74
23 73
24 73
25 72
26 71
27 70
28 69
29 68
30 68
31 67
32 66
33 65
33 65
33 65
33 64
33 64
33 64
32 64
32 64
32 64
32 64
32 64
31 65
31 65
31 66
31 66
31 67
31 68
31 68
31 69
31 70
31 70
31 71
30 72
30 73
30 73
30 74
30 75
30 76
30 76
30 77
30 78
30 79
30 79
30 80
30 81
30 82
30 82
30 83
30 84
30 85
30 85
30 86
30 87
30 87
31 88
31 88
32 88
32 88
33 87
33 87
34 86
34 86
35 85
35 84
35 84
36 83
36 82
36 82
37 81
37 80
37 80
37 79
37 78
37 77
37 77
37 76
38 75
38 74
38 74
38 73
38 72
38 71
38 71
38 70
38 69
38 68
38 68
37 67
37 66
37 66
37 65
37 65
36 65
36 65
35 65
35 65
35 65
34 65
34 65
34 65
34 65
34 66
34 66
34 66
34 67
34 67
35 68
35 68
36 69
36 69
37 70
37 70
38 70
38 70
39 70
40 70
40 70
41 70
42 70
42 70
43 70
43 70
44 69
45 69
45 69
46 68
47 68
47 68
48 67
49 67
49 67
50 66
51 66
51 66
52 65
52 65
53 64
54 64
54 64
54 64
55 63
55 63
55 63
55 63
54 64
54 64
54 64
53 65
53 65
53 66
53 66
52 67
52 68
52 68
52 69
52 70
52 70
52 71
51 72
51 73
51 73
51 74
51 75
51 76
51 76
51 77
50 78
50 79
50 80
50 80
50 81
50 82
50 83
50 83
50 84
49 85
49 86
49 86
49 87
49 88
49 88
49 89
49 90
49 90
49 91
49 91
49 91
50 91
50 91
50 91
51 90
51 89
51 89
51 88
51 87
51 87
51 86
52 85
52 84
52 84
53 83
53 82
54 81
54 81
55 80
55 79
55 79
55 78
56 77
56 76
56 76
57 75
57 74
57 74
58 73
58 72
58 72
59 71
59 71
60 71
60 71
61 71
61 71
62 71
62 71
63 72
63 72
63 73
63 73
64 74
64 75
64 75
65 76
65 77
65 77
66 78
66 79
66 79
66 80
66 81
66 81
67 82
68 82
68 82
69 83
69 84
69 84
70 84
70 84
71 84
72 84
72 84
73 83
73 83
74 82
75 82
75 82
76 81
77 80
77 80
77 79
78 78
78 77
78 77
78 76
79 75
79 74
79 74
79 73
80 72
80 71
80 71
80 70
80 69
80 68
80 68
80 67
80 67
80 66
80 65
80 65
79 64
79 63
79 63
78 63
78 63
77 63
77 63
76 64
76 65
76 65
75 66
75 66
74 67
74 68
74 68
73 69
73 70
73 70
73 71
72 72
72 73
72 73
72 74
72 75
72 76
72 76
72 77
72 78
72 79
72 79
72 80
72 81
72 81
72 82
73 83
73 84
73 84
74 85
74 86
74 86
75 87
75 88
75 88
76 88
76 88
77 88
78 88
78 88
79 87
80 86
80 86
81 85
82 84
82 84
83 83
84 82
84 82
85 81
85 80
86 79
86 78
86 78
87 77
87 76
88 75
88 75
89 74
89 73
90 72
90 71
90 71
91 70
92 69
93 68
93 68
93 67
94 66
94 65
94 64
94 64
95 63
95 62
96 61
96 61
96 60
97 59
97 58
97 58
98 57
98 56
98 56
98 56
98 55
98 55
98 55
98 55
97 56
97 56
96 56
96 56
95 57
95 57
94 58
94 58
93 59
93 60
93 60
93 61
93 61
92 62
92 63
92 63
92 64
92 65
92 65
91 66
91 67
91 67
91 68
91 68
91 69
91 70
91 70
92 71
92 72
92 72
93 73
93 73
93 74
93 74
94 75
95 75
95 75
96 76
96 77
96 77
97 78
98 78
98 78
99 79
99 80
99 80
99 81
99 82
99 82
99 83
100 84
100 85
100 85
100 86
99 87
99 88
99 88
99 89
98 90
98 91
97 92
97 93
97 93
96 94
96 95
95 96
95 97
95 97
94 98
94 99
93 100
