7 19
8 20
8 21
8 21
8 20
8 19
8 18
8 18
8 17
8 16
8 15
8 14
8 14
8 13
9 12
9 11
10 10
10 9
10 9
11 8
11 7
12 6
12 5
12 5
13 4
14 4
15 3
15 3
16 2
17 2
18 1
19 1
19 1
20 1
21 0
22 0
22 0
23 0
24 1
25 1
25 1
26 2
27 2
27 2
26 3
25 3
24 4
23 4
22 5
21 5
21 5
21 6
21 7
21 8
21 9
21 10
21 11
21 12
21 13
21 14
21 15
21 16
21 17
21 18
21 19
21 20
21 20
20 21
20 22
20 22
20 21
19 20
19 19
19 19
19 20
19 21
19 22
19 23
19 23
19 24
19 25
19 26
19 27
19 28
19 29
19 30
19 30
19 31
19 32
19 33
19 34
19 35
19 36
19 37
19 38
19 39
19 40
19 40
19 41
19 42
19 43
19 44
20 45
20 46
20 47
20 48
20 49
20 50
20 50
20 51
20 52
20 53
20 54
20 55
20 56
20 57
20 58
20 59
20 60
20 60
20 61
20 62
20 63
20 64
20 65
20 66
20 67
20 68
20 69
20 69
20 70
20 71
20 72
19 73
19 74
19 75
19 76
19 76
19 77
19 78
19 79
18 80
18 81
18 82
18 83
18 84
18 84
18 85
17 86
17 87
16 88
16 89
15 90
15 91
15 91
15 92
14 93
14 94
13 95
13 96
13 96
12 97
11 98
10 98
9 99
9 99
8 99
7 100
6 100
6 100
5 100
4 99
3 99
3 99
3 98
2 97
2 96
1 95
1 94
1 94
1 93
1 92
0 91
0 90
0 89
0 88
0 88
1 87
2 86
3 85
4 84
5 84
6 83
7 82
8 81
9 80
10 79
11 78
12 77
13 77
14 76
15 75
16 74
17 73
18 72
19 71
20 70
21 69
22 69
23 68
24 67
25 66
26 65
27 64
28 63
29 62
30 62
31 61
32 60
33 59
34 58
34 58
34 59
35 60
35 61
35 62
35 62
35 63
35 63
34 63
34 63
34 64
34 65
34 66
34 67
34 68
34 68
34 69
34 70
34 71
34 72
34 73
34 73
34 74
34 75
34 76
34 77
34 78
34 79
34 80
34 80
34 81
35 82
35 83
35 83
36 84
36 85
36 85
37 85
37 85
38 84
38 84
38 83
39 82
39 81
39 80
39 80
39 79
39 78
40 77
40 76
40 75
40 75
40 74
40 73
40 72
40 71
40 70
40 69
40 69
40 68
40 67
40 66
40 65
40 64
40 63
40 63
40 62
40 61
40 60
40 59
40 58
40 57
40 57
40 56
39 55
39 54
39 54
38 54
38 54
37 55
36 56
36 56
36 57
35 58
35 59
34 60
34 61
34 61
33 62
33 63
32 64
32 65
32 65
32 66
31 67
31 68
30 69
30 70
30 70
29 71
29 72
29 72
29 72
30 71
30 71
31 70
31 69
31 69
32 68
32 67
33 66
33 65
34 64
34 64
35 63
35 62
36 61
37 60
37 59
38 58
38 58
39 57
40 56
40 55
41 54
42 53
42 53
43 52
44 52
45 51
46 51
46 51
47 50
48 50
48 50
49 51
50 52
50 52
51 53
51 54
51 54
51 55
51 56
51 57
51 57
51 58
51 59
51 60
51 61
51 61
51 62
51 63
51 64
51 65
51 66
51 66
51 67
50 68
50 69
50 70
50 70
50 71
49 72
49 73
49 74
49 74
49 75
49 76
49 76
48 77
48 77
48 77
48 76
48 76
48 75
49 74
49 73
49 73
49 72
50 71
50 70
51 69
51 68
51 68
51 67
52 66
52 65
52 64
53 63
53 62
53 62
53 61
54 60
54 59
54 58
55 57
55 56
55 56
56 55
56 54
57 53
57 53
58 53
58 53
58 54
58 55
58 56
58 56
58 57
59 58
59 59
59 60
59 60
59 61
59 62
58 63
58 64
58 65
58 65
58 66
58 67
59 68
59 69
59 70
59 71
59 71
59 72
59 73
59 74
59 75
59 75
59 76
60 77
60 78
60 78
61 79
61 80
61 80
62 81
63 81
63 81
64 80
64 79
64 79
65 78
65 77
66 76
66 76
67 75
67 74
68 73
68 72
69 71
69 70
69 70
69 69
70 68
70 67
71 66
71 65
72 64
72 63
72 63
72 62
73 61
73 60
73 59
73 58
74 57
74 56
74 55
74 55
74 54
75 53
75 52
75 51
76 50
76 49
76 49
76 48
77 47
77 46
77 46
77 45
77 45
76 46
76 46
75 47
75 48
74 49
74 50
74 50
74 51
74 52
73 53
73 54
73 55
73 56
73 56
73 57
72 58
72 59
72 60
71 61
71 62
71 62
71 63
71 64
71 65
71 66
71 67
71 68
71 68
71 69
71 70
71 71
71 72
71 73
71 74
71 74
71 75
71 76
71 77
71 77
72 78
72 79
72 79
73 78
74 78
74 78
75 77
76 76
77 75
77 75
78 74
78 73
79 72
79 71
80 70
80 69
80 69
80 68
81 67
81 66
82 65
82 64
82 63
83 62
83 61
83 61
84 60
84 59
85 58
85 57
86 56
86 55
87 54
87 53
87 53
88 52
88 51
89 50
89 49
90 48
90 47
90 47
90 46
91 45
91 44
91 43
91 43
92 42
92 42
92 43
92 44
92 44
92 45
93 46
93 47
93 47
93 48
93 49
94 50
94 51
94 52
94 52
94 53
95 54
95 55
95 56
95 56
95 57
96 58
96 59
96 59
96 60
97 61
97 62
97 62
98 63
98 64
98 64
98 65
99 66
99 67
99 67
99 68
100 69
100 70
100 70
100 71
99 72
99 73
99 73
99 74
98 75
98 76
98 76
98 77
97 78
97 79
