14 4
14 3
14 3
14 2
14 2
14 1
14 0
14 0
15 0
16 0
16 0
17 1
18 1
18 1
19 1
20 1
21 1
21 1
22 1
23 2
24 2
24 2
25 2
26 2
27 2
27 2
28 3
29 3
29 3
28 3
27 3
26 3
25 4
24 4
23 4
22 4
22 4
22 5
22 6
22 7
22 8
22 9
22 10
22 11
22 12
22 13
22 14
22 15
22 16
22 17
22 17
22 16
22 16
22 17
22 18
22 19
22 20
22 20
22 21
22 22
22 23
22 24
22 25
22 26
22 27
22 28
22 28
22 29
22 30
22 31
22 32
22 33
22 34
22 35
22 36
22 37
22 38
22 39
22 40
22 40
22 41
22 42
22 43
22 44
22 45
22 46
22 47
22 48
22 49
22 50
22 51
22 52
22 53
22 53
22 54
22 55
22 56
22 57
22 58
22 59
22 60
22 61
22 62
22 63
22 64
22 65
22 66
22 67
22 67
22 68
22 69
22 70
22 71
22 72
21 73
21 74
21 75
21 76
21 77
21 78
21 78
21 79
21 80
21 81
20 82
20 83
20 84
20 85
20 85
20 86
19 87
19 88
19 89
19 90
18 91
18 92
18 92
17 93
17 94
16 95
16 96
15 97
15 97
14 98
13 98
12 99
12 99
11 99
10 100
9 100
9 100
8 100
7 99
6 99
6 99
6 98
5 97
5 96
4 95
4 94
4 94
3 93
3 92
2 91
2 90
1 89
1 88
0 87
0 87
0 86
0 85
0 84
0 83
0 82
0 81
0 80
0 79
0 79
0 78
0 77
0 76
0 75
0 74
0 73
0 73
1 72
2 72
3 71
4 71
5 70
6 69
7 69
8 68
9 68
10 67
11 67
12 66
13 65
14 65
15 64
16 64
17 63
18 62
19 62
20 61
21 61
22 60
23 59
24 59
25 58
26 58
27 57
28 57
29 56
30 55
31 55
32 54
33 54
34 53
34 53
34 54
35 55
35 56
35 57
35 58
36 59
36 60
36 61
36 62
37 63
37 64
37 64
37 64
37 65
37 66
37 66
37 67
37 68
37 69
37 70
37 70
37 71
37 72
38 73
38 74
38 75
38 75
38 76
39 77
39 78
39 79
39 79
40 80
41 81
41 81
42 81
42 81
43 80
43 80
43 79
44 78
44 77
44 77
44 76
44 75
45 74
45 73
45 72
45 72
45 71
45 70
44 69
44 68
44 67
44 67
44 66
43 65
43 64
43 63
43 63
43 62
42 61
42 60
42 59
42 59
42 59
42 60
41 61
41 62
41 62
41 63
40 64
40 65
40 66
40 66
40 67
39 68
39 69
39 70
39 70
39 71
39 72
39 73
39 74
39 75
39 75
39 75
39 74
39 74
40 73
40 72
40 72
40 71
41 70
41 69
41 69
41 68
42 67
42 66
43 65
43 64
43 64
43 63
44 62
44 61
44 60
44 59
45 58
45 57
45 57
46 56
47 55
47 54
48 53
48 53
48 52
49 51
49 50
49 49
49 49
50 49
50 49
51 50
51 51
51 51
51 52
52 53
52 54
52 55
52 55
52 56
52 57
52 58
52 59
52 60
52 60
52 61
52 62
52 63
52 64
52 65
52 65
52 66
52 67
52 68
52 69
52 69
52 70
52 71
52 72
52 72
52 73
52 74
52 74
51 75
51 76
51 76
51 76
51 75
51 75
52 74
52 73
52 73
52 72
52 71
53 70
53 69
53 68
53 68
53 67
54 66
54 65
54 64
54 64
55 63
55 62
56 61
56 60
56 60
57 59
57 58
57 58
58 58
58 58
59 59
59 59
59 60
59 61
59 62
59 62
59 63
59 64
59 65
59 66
59 66
59 67
59 68
60 69
60 70
60 71
60 71
60 72
60 73
60 74
60 75
60 75
60 76
61 77
61 78
61 78
62 79
62 79
63 79
64 79
64 79
65 78
66 77
66 77
67 76
67 75
68 74
68 73
68 73
69 72
69 71
70 70
70 69
71 68
71 68
71 67
72 66
72 65
72 64
73 63
73 62
73 62
73 61
74 60
74 59
74 58
75 57
75 56
75 56
75 55
75 54
76 53
76 52
76 51
76 51
76 50
76 49
76 48
76 48
76 47
76 46
76 46
76 46
75 47
75 47
75 48
74 49
74 50
74 51
74 51
74 52
73 53
73 54
73 55
72 56
72 57
72 57
72 58
72 59
72 60
72 61
72 62
72 63
72 63
72 64
71 65
71 66
71 67
71 67
71 68
72 69
72 70
72 71
72 71
72 72
73 73
73 74
73 74
74 74
74 74
75 73
76 73
76 73
77 72
77 71
78 70
78 70
79 69
79 68
80 67
80 66
81 65
81 64
81 64
82 63
82 62
83 61
83 60
84 59
84 58
85 57
85 57
85 56
86 55
86 54
86 53
86 52
87 51
87 50
87 49
87 49
87 48
88 47
88 46
89 45
89 44
89 43
90 42
90 41
90 41
90 40
91 39
91 38
92 37
92 36
92 36
92 35
92 34
92 33
92 33
92 33
92 34
92 35
92 35
92 36
92 37
92 38
92 39
92 39
92 40
92 41
92 42
92 43
92 44
92 45
92 46
92 46
92 47
92 48
93 49
93 50
93 51
93 51
94 52
94 53
95 54
95 55
95 55
95 56
96 57
96 58
96 58
97 59
97 60
98 61
98 61
99 62
99 63
99 63
100 64
100 65
100 65
100 66
100 67
100 68
100 68
100 69
99 70
99 71
99 71
99 72
98 73
98 74
98 75
98 75
97 76
96 77
