1 86
1 86
0 85
0 84
0 84
0 83
0 82
0 81
0 81
0 81
1 80
2 79
2 79
3 78
4 77
4 77
5 76
5 75
6 74
6 73
6 73
7 72
8 71
9 70
10 69
10 69
10 68
11 67
11 66
12 65
12 64
12 64
13 63
14 62
14 61
15 60
15 60
15 59
15 58
15 57
15 56
15 55
15 54
15 53
15 52
15 51
16 50
16 49
16 48
16 47
16 46
16 45
16 44
16 43
16 42
16 41
16 40
16 39
16 38
16 37
16 36
16 35
16 34
16 33
17 32
17 31
17 30
17 29
17 28
17 27
17 26
17 25
17 24
17 23
17 23
17 22
17 21
16 20
16 19
16 18
16 17
16 17
15 16
15 16
15 16
15 16
15 17
15 18
15 19
15 20
14 21
14 22
14 23
14 24
14 25
14 26
14 26
14 27
14 28
14 29
14 30
14 31
14 32
14 33
13 34
13 35
13 36
13 37
13 38
13 39
13 40
13 41
13 42
13 42
13 43
13 44
13 45
13 46
13 47
13 48
13 49
13 50
13 51
13 52
13 53
13 54
13 54
13 55
13 56
13 57
13 58
13 59
13 60
13 61
13 62
13 63
13 64
13 65
13 66
13 67
13 67
13 68
13 69
13 70
13 71
13 72
13 73
13 74
13 75
13 76
13 77
13 77
13 78
13 79
13 80
13 81
13 82
13 83
13 84
13 85
13 85
13 86
13 87
14 88
14 89
14 90
14 90
14 91
14 92
14 93
14 93
14 94
15 95
15 96
15 96
15 97
16 98
16 99
16 99
17 100
17 100
17 99
18 98
18 97
18 96
18 95
19 94
19 93
19 92
20 91
20 90
20 89
20 88
21 87
21 86
21 85
22 84
22 83
22 82
22 81
23 80
23 79
23 78
24 77
24 76
24 75
25 74
25 73
25 72
25 71
26 70
26 69
26 68
27 67
27 66
27 65
27 64
28 63
28 62
28 61
29 60
29 59
29 58
29 57
30 56
30 55
30 54
31 53
31 52
31 51
31 50
32 49
32 48
32 48
32 47
32 46
33 45
33 44
33 43
33 42
33 41
33 40
34 39
34 38
34 37
34 37
33 37
33 37
32 38
32 38
32 39
32 40
31 41
31 42
31 43
31 43
31 44
30 45
30 46
30 47
29 48
29 49
29 49
29 50
28 51
28 52
28 53
27 54
27 55
27 56
27 57
26 58
26 59
26 59
26 60
26 61
26 62
25 63
25 64
25 65
25 66
25 66
25 67
25 68
25 69
24 70
24 71
24 72
24 73
24 73
24 74
23 75
23 76
23 76
23 77
24 78
24 79
24 80
24 80
25 81
25 82
25 82
26 83
26 83
27 82
28 81
28 81
28 80
29 79
29 78
30 77
30 76
30 75
31 74
31 73
31 73
31 72
31 71
32 70
32 69
32 68
32 67
32 66
32 65
33 64
33 63
33 62
33 62
33 61
34 60
34 59
34 58
35 57
35 56
35 56
35 55
35 54
35 54
35 55
35 56
35 56
35 56
35 56
35 56
35 57
35 58
35 59
35 60
35 61
35 61
35 62
35 63
35 64
35 65
35 66
35 67
35 68
35 68
35 69
35 70
35 71
35 72
35 73
35 74
35 74
35 75
36 76
36 77
36 78
36 78
36 79
37 80
37 81
37 82
37 82
38 83
38 84
38 84
39 85
39 86
39 86
40 87
40 87
40 86
40 85
40 84
40 83
41 82
41 81
41 80
41 79
41 78
41 77
41 76
41 75
41 74
41 73
42 72
42 71
42 70
42 69
42 68
42 67
42 66
42 65
42 64
42 63
43 62
43 61
43 60
43 59
43 58
43 57
43 56
43 55
43 54
44 53
44 52
44 51
44 50
44 49
44 48
44 47
44 46
44 45
44 44
45 43
45 42
45 41
45 40
45 39
45 38
45 37
45 36
45 35
46 34
46 33
46 32
46 31
46 30
46 29
46 28
46 27
46 26
46 25
47 24
47 23
47 22
47 21
47 20
47 19
47 18
47 17
47 16
47 15
48 14
48 13
48 12
48 11
48 10
48 10
48 9
49 8
49 7
49 6
49 6
49 5
49 4
49 3
49 3
48 2
48 1
47 0
47 0
47 0
47 0
47 0
47 1
47 2
47 3
46 4
46 5
46 6
46 7
46 8
46 9
45 10
45 11
45 12
45 13
45 14
45 15
44 16
44 17
44 18
44 19
44 20
44 21
43 22
43 23
43 24
43 25
43 25
43 26
43 27
43 28
43 29
43 30
43 31
43 32
43 33
43 33
43 34
43 34
43 33
43 33
43 33
44 32
44 31
44 31
44 30
45 29
45 28
45 28
45 27
46 26
46 25
46 25
47 25
48 25
48 25
49 25
49 25
49 26
49 27
49 28
49 29
49 30
49 30
49 31
49 32
49 33
49 34
49 35
49 36
49 37
49 38
49 39
49 39
49 40
49 41
49 42
49 43
49 44
49 45
49 46
49 47
49 48
49 49
49 50
49 50
49 51
49 52
49 53
48 54
48 55
48 56
48 57
48 58
48 58
48 59
48 60
48 61
48 62
48 63
48 64
48 65
48 65
48 66
48 67
48 68
48 69
48 70
48 71
48 71
48 72
49 73
49 74
49 74
49 74
49 75
49 76
50 77
50 78
50 79
50 79
50 80
50 80
51 80
51 80
51 79
51 78
51 77
52 76
52 75
52 74
52 73
52 72
52 71
53 70
53 69
53 68
53 67
53 66
53 65
53 64
54 63
54 62
54 61
54 60
54 59
54 58
55 57
55 56
55 55
55 54
55 53
55 52
55 51
56 50
56 49
56 48
56 47
56 46
56 45
56 44
57 43
57 42
57 41
57 40
57 39
57 38
58 37
58 36
58 35
58 34
58 34
58 33
58 32
57 31
57 30
57 29
57 28
57 28
57 27
57 27
57 27
57 28
57 28
57 29
57 29
57 30
57 31
57 31
57 32
57 33
57 34
57 35
57 36
57 37
57 38
57 38
57 39
57 40
57 41
57 42
56 43
56 44
56 45
56 46
56 47
56 48
56 48
56 49
56 50
56 51
56 52
56 53
56 54
56 55
56 55
56 56
56 57
56 58
56 59
56 60
56 61
56 61
56 62
56 63
56 64
56 65
56 65
56 66
56 67
56 67
56 67
56 67
56 67
56 66
56 65
56 64
57 63
57 62
57 61
57 60
57 60
57 59
57 58
57 57
57 56
58 55
58 54
58 53
58 52
58 51
58 50
58 50
58 49
58 48
59 47
59 46
59 45
59 44
59 43
59 42
60 41
60 40
60 39
60 38
60 38
60 37
60 36
60 35
61 34
61 33
61 32
61 31
61 30
61 30
61 29
61 28
62 27
62 26
62 25
62 24
62 24
62 24
62 24
62 24
62 25
62 26
62 27
62 28
62 29
62 29
62 30
62 31
62 32
62 33
62 34
62 35
62 36
62 36
62 37
62 38
62 39
62 40
62 41
62 42
62 43
62 44
62 44
62 45
62 46
62 47
63 48
63 49
63 50
63 51
63 51
63 52
63 53
63 54
63 55
63 56
63 57
63 57
63 58
63 59
64 60
64 61
64 62
64 62
65 63
65 64
66 65
66 65
67 65
68 65
68 65
69 64
70 64
70 64
71 63
71 62
72 61
73 60
73 59
74 58
74 58
74 57
75 56
75 55
75 54
76 53
76 52
76 51
77 50
77 49
77 49
77 48
78 47
78 46
79 45
79 44
79 43
80 42
80 41
81 40
81 39
81 39
81 38
81 37
81 36
81 35
81 34
82 33
82 32
82 31
82 30
82 29
82 28
82 28
82 27
82 26
82 25
83 24
83 23
83 22
83 21
83 20
83 20
83 19
82 18
82 17
82 16
82 16
81 15
80 15
80 15
79 16
78 17
77 18
77 18
76 19
76 20
75 21
75 22
74 23
74 24
74 24
74 25
74 26
74 27
73 28
73 29
73 30
73 31
73 32
73 32
73 33
73 34
73 35
72 36
72 37
72 38
72 39
72 39
72 40
72 41
72 42
73 43
73 44
73 45
73 46
73 46
73 47
73 48
74 49
74 50
74 51
74 52
74 52
75 53
75 54
76 55
76 55
77 56
78 57
79 57
80 58
80 58
81 58
82 58
83 58
83 58
84 57
85 56
86 56
87 55
87 55
88 54
89 53
90 52
91 51
92 50
92 50
93 49
93 48
94 47
94 46
95 45
95 44
96 43
96 43
97 42
98 41
98 40
99 39
100 38
