1 58
1 59
1 60
1 61
1 62
1 63
1 63
0 63
0 63
0 63
0 63
0 62
0 62
1 61
1 61
2 60
2 59
3 58
3 58
4 57
5 56
5 55
6 54
6 54
7 53
8 52
8 51
9 50
9 50
10 49
11 48
11 48
11 47
12 46
12 45
13 44
13 43
13 43
13 42
14 41
14 40
14 39
14 39
15 38
15 38
16 37
16 37
16 36
16 36
16 36
16 36
16 36
16 35
16 34
15 33
15 32
15 31
15 30
15 29
15 28
14 27
14 26
14 25
14 24
14 23
14 22
13 21
13 20
13 19
13 18
13 18
13 17
13 16
13 15
13 14
13 13
13 12
13 11
13 11
12 10
12 9
12 9
12 8
12 8
12 8
12 8
12 8
12 9
12 10
12 11
12 11
12 12
12 13
11 14
11 15
11 16
11 17
11 17
11 18
11 19
11 20
11 21
11 22
11 23
11 24
11 24
11 25
11 26
11 27
10 28
10 29
10 30
10 31
10 32
10 32
10 33
10 34
10 35
10 36
10 37
9 38
9 39
9 40
9 41
9 42
9 43
9 43
9 44
9 45
9 46
9 47
9 48
8 49
8 50
8 51
8 52
8 53
8 54
8 55
8 55
8 56
8 57
8 58
8 59
8 60
8 61
8 62
8 63
8 64
8 65
8 66
8 67
8 67
8 68
8 69
8 70
8 71
8 72
8 73
8 74
8 75
8 76
8 77
8 78
8 79
8 79
8 80
8 81
8 82
8 83
8 84
8 85
8 86
8 87
8 88
8 88
8 89
9 90
9 91
9 92
10 93
10 94
10 94
10 95
11 96
11 97
11 98
11 98
12 99
12 100
12 100
13 100
13 100
14 99
15 99
15 99
16 98
17 97
17 97
18 96
18 95
19 94
19 93
19 93
20 92
21 91
21 90
22 89
22 89
23 88
23 87
24 86
24 85
24 85
24 84
25 83
25 82
25 81
25 81
25 80
26 79
26 78
26 77
27 76
27 75
27 74
28 73
28 72
28 72
28 71
29 70
29 69
29 68
29 67
30 66
30 65
30 65
30 64
30 63
30 62
30 62
30 61
30 60
30 59
30 59
31 58
31 57
31 57
31 56
31 55
31 55
31 54
31 53
31 53
31 52
31 51
31 50
31 50
31 49
31 48
31 48
31 47
31 46
31 46
31 45
31 44
31 44
31 43
31 42
31 41
31 41
31 40
31 40
30 39
30 38
30 38
30 37
30 37
30 36
30 36
30 35
30 35
30 35
30 35
29 36
28 37
28 37
28 38
27 39
27 40
27 41
27 41
27 42
27 43
26 44
26 45
26 46
26 47
26 47
26 48
26 49
26 50
26 51
26 52
26 53
26 54
26 54
26 55
26 56
26 57
25 58
25 59
25 60
25 61
25 61
25 62
25 63
25 64
25 65
25 66
25 67
25 68
25 68
25 69
25 70
25 71
25 72
25 73
25 74
25 74
25 75
25 76
25 76
26 77
26 77
27 77
27 77
27 76
27 75
27 75
28 74
28 73
29 72
29 72
29 71
29 70
30 69
30 68
30 67
30 66
30 66
30 65
30 64
31 63
31 62
31 61
31 61
31 60
32 59
32 58
32 57
32 57
32 56
32 55
32 54
32 53
32 52
32 52
32 51
33 50
33 49
33 48
33 48
33 47
33 46
33 46
33 45
33 45
33 45
33 45
33 45
33 46
33 46
33 46
33 46
33 46
33 46
33 46
33 46
33 46
33 46
33 46
33 46
33 46
33 46
33 47
33 47
33 48
33 49
33 49
33 50
34 51
34 52
34 52
34 53
34 54
34 55
34 56
34 56
34 57
35 58
35 59
35 59
35 60
36 61
36 62
36 62
36 63
37 64
37 65
37 65
38 66
38 66
39 66
39 66
40 66
40 66
41 65
41 65
41 65
42 64
42 64
43 63
43 62
43 62
43 61
43 60
43 60
43 59
43 58
43 57
43 56
43 55
44 54
44 53
44 52
44 51
44 50
44 49
44 48
44 47
44 46
44 45
44 44
45 43
45 42
45 41
45 40
45 39
45 38
45 37
45 36
45 35
45 34
45 33
46 32
46 31
46 30
46 29
46 28
46 27
46 26
46 25
46 24
46 23
46 22
47 21
47 20
47 19
47 18
47 17
47 16
47 15
47 14
47 13
47 12
47 11
48 10
48 9
48 8
48 7
48 6
48 5
48 5
48 4
48 3
49 2
49 1
49 0
49 0
49 0
49 0
49 1
49 1
49 2
49 3
49 3
49 4
50 5
50 6
50 6
50 7
50 8
50 9
50 10
50 10
50 11
51 12
51 13
51 13
52 14
52 15
52 15
52 16
52 17
52 18
52 18
52 19
52 19
53 20
53 20
53 20
53 21
53 21
53 22
53 22
53 23
52 24
52 25
51 26
51 27
50 28
50 29
49 30
49 31
48 32
48 33
48 33
47 34
47 35
46 36
45 37
45 38
44 39
44 39
44 40
43 41
43 42
43 42
42 43
42 43
42 43
42 43
42 43
42 43
43 42
44 41
44 41
44 40
45 39
45 38
45 38
46 37
47 36
47 36
48 35
48 35
49 34
49 34
50 34
50 34
50 35
50 35
50 36
50 37
50 37
50 38
50 39
50 40
50 40
50 41
50 42
50 43
50 44
50 45
50 46
50 46
50 47
50 48
50 49
50 50
50 51
50 51
50 52
50 53
50 54
50 55
50 56
50 57
50 57
50 58
50 59
50 60
50 61
50 62
50 63
50 63
50 64
50 65
50 66
50 67
50 67
50 68
50 69
50 69
51 70
51 70
52 69
52 69
53 68
53 67
54 66
54 66
54 65
55 64
55 63
55 62
55 62
56 61
56 60
57 59
57 58
57 58
57 57
58 56
58 55
58 55
58 54
59 53
59 52
59 52
59 51
59 50
59 50
59 49
59 49
60 48
60 47
60 47
60 46
60 45
60 45
60 44
60 43
61 42
61 41
61 40
61 39
62 38
62 37
62 36
62 35
63 34
63 33
63 32
63 31
64 30
64 29
64 28
64 27
65 26
65 25
65 24
65 24
65 23
66 22
66 21
66 21
66 21
66 20
66 20
66 19
66 19
66 19
66 19
66 20
66 20
67 21
67 21
67 22
67 23
67 24
67 24
67 25
67 26
67 27
67 28
67 29
67 29
67 30
67 31
67 32
67 33
67 33
67 34
67 35
67 36
67 37
67 38
67 38
67 39
67 40
67 41
67 42
67 43
67 43
67 44
67 45
67 46
67 47
67 48
67 48
67 49
67 50
67 51
67 52
67 52
67 53
67 54
67 55
67 55
67 56
67 57
67 57
67 58
67 59
67 59
67 59
67 59
68 58
68 57
68 57
68 56
68 55
68 54
68 54
68 53
69 52
69 51
69 50
69 50
69 49
69 48
70 47
70 46
70 45
70 44
70 44
70 43
70 42
71 41
71 40
71 39
71 38
71 38
71 37
71 36
72 35
72 34
72 33
72 33
72 32
73 31
73 30
73 29
73 29
74 28
74 27
74 27
75 26
75 25
75 25
75 24
75 24
76 24
76 24
76 24
77 24
77 24
77 25
77 26
77 26
77 27
78 28
78 29
78 29
78 30
78 31
78 32
78 32
78 33
79 34
79 35
79 36
79 36
79 37
79 38
79 39
79 40
79 40
79 41
80 42
80 43
80 43
80 44
81 45
81 46
81 46
82 47
82 48
82 48
83 49
83 50
83 50
84 51
84 51
85 51
85 51
86 50
86 49
86 49
87 48
88 47
88 47
89 46
89 45
89 45
90 44
90 43
90 43
90 42
91 41
91 40
91 40
91 39
91 38
91 38
91 37
92 36
92 35
92 35
92 34
92 33
92 32
92 32
92 31
93 30
93 29
93 28
93 28
93 27
93 26
93 25
93 24
93 24
93 23
93 22
93 21
93 20
93 20
93 19
93 18
93 18
92 17
92 17
92 16
92 16
92 16
91 17
90 17
90 17
90 18
89 19
89 20
89 20
89 21
88 22
88 23
88 24
88 24
88 25
88 26
87 27
87 28
87 29
87 29
87 30
87 31
87 32
87 33
87 33
87 34
87 35
87 36
87 37
87 38
87 39
87 39
87 40
87 41
87 42
87 43
87 43
87 44
88 45
88 46
88 47
88 47
88 48
89 49
89 50
89 51
89 51
89 52
90 53
90 54
90 54
91 55
92 56
92 56
93 57
94 58
94 58
95 59
96 60
96 60
97 61
97 62
97 62
98 63
99 63
99 63
100 64
100 65
