4 52
3 53
3 54
2 55
2 56
2 56
1 56
0 56
0 56
0 56
0 56
0 56
1 55
1 54
2 53
2 53
3 52
4 51
4 50
5 49
5 49
6 48
6 47
7 46
7 45
7 45
8 44
9 43
9 42
10 41
10 41
11 40
11 39
12 38
12 37
12 37
13 36
14 35
15 34
15 34
16 33
16 32
17 31
17 31
18 30
18 29
19 28
19 28
20 27
20 27
20 27
20 26
20 26
20 26
20 26
20 26
20 25
19 24
19 23
19 22
19 21
18 20
18 19
18 18
18 17
17 16
17 15
17 14
16 13
16 12
16 11
16 10
15 9
15 8
15 7
15 6
14 5
14 4
14 3
14 2
13 1
13 0
13 0
13 0
13 0
13 0
13 0
13 0
13 0
13 1
13 2
13 3
13 4
12 5
12 6
12 7
12 8
12 9
12 10
12 10
12 11
12 12
12 13
12 14
12 15
12 16
12 17
12 18
12 18
12 19
12 20
12 21
12 22
12 23
12 24
12 25
12 26
12 27
12 28
12 29
12 29
12 30
12 31
12 32
12 33
12 34
12 35
12 36
12 37
12 38
12 39
12 40
12 40
12 41
12 42
12 43
12 44
12 45
11 46
11 47
11 48
11 49
11 50
11 51
11 51
11 52
11 53
11 54
11 55
11 56
11 57
11 58
11 59
11 60
11 61
11 61
11 62
11 63
11 64
11 65
11 66
11 67
11 68
11 69
11 70
11 70
11 71
11 72
11 73
11 74
12 75
12 76
12 77
12 78
12 79
12 79
12 80
12 81
12 82
12 83
12 84
12 85
12 86
12 86
12 87
12 88
13 89
13 90
13 91
13 91
14 92
14 93
15 94
15 95
15 95
15 96
16 97
16 98
16 98
17 99
18 99
18 99
19 100
19 100
20 100
21 100
21 100
22 100
22 100
22 100
23 100
23 100
23 100
23 99
23 98
24 97
24 96
24 95
24 94
24 93
25 92
25 91
25 90
25 89
25 88
26 87
26 86
26 85
26 84
26 83
27 82
27 81
27 80
27 79
27 78
28 77
28 76
28 75
28 74
28 73
29 72
29 71
29 70
29 69
29 68
30 67
30 66
30 65
30 64
30 63
31 62
31 61
31 60
31 60
32 59
32 58
32 58
33 57
33 57
33 56
33 56
33 55
33 55
33 54
33 53
33 53
34 52
34 52
34 51
34 50
34 50
34 49
34 48
34 48
34 47
34 46
34 46
34 45
34 44
34 43
34 43
34 42
34 41
34 40
34 40
34 39
33 38
33 37
33 37
33 36
33 35
33 35
32 34
32 33
32 33
32 32
32 32
32 32
31 33
31 34
31 34
31 35
31 36
31 37
31 38
31 38
31 39
31 40
30 41
30 42
30 43
30 43
30 44
30 45
30 46
29 47
29 48
29 49
29 50
29 50
29 51
29 52
29 53
28 54
28 55
28 56
28 57
28 57
28 58
28 59
28 60
28 61
28 62
28 63
28 64
28 65
28 65
28 66
28 67
28 68
28 69
28 70
28 71
28 72
28 73
28 73
28 74
28 75
28 76
28 77
28 78
28 79
28 79
28 80
28 81
28 82
28 83
28 84
28 84
28 85
28 86
28 87
28 87
29 88
29 89
29 89
29 89
30 88
30 87
30 87
30 86
31 85
31 84
31 83
31 83
31 82
31 81
32 80
32 79
32 78
32 78
32 77
32 76
32 75
33 74
33 73
33 72
33 71
33 71
33 70
33 69
34 68
34 67
34 66
34 65
34 65
34 64
34 63
34 62
35 61
35 60
35 59
35 58
35 58
35 57
36 56
36 55
36 54
36 54
36 53
36 52
36 51
36 51
36 51
36 51
36 52
36 52
36 53
36 54
36 54
36 55
37 56
37 57
37 58
37 58
37 59
37 60
37 61
37 62
37 62
37 63
37 64
38 65
38 66
38 67
38 67
38 68
38 69
39 70
39 71
39 72
39 72
39 73
39 74
39 75
39 76
39 76
39 77
40 78
40 79
40 79
40 80
40 81
40 81
41 82
41 83
41 83
41 83
41 83
41 82
41 82
41 81
41 80
41 79
41 79
41 78
41 77
41 76
41 75
41 74
41 73
42 72
42 71
42 70
42 69
42 68
42 67
42 66
42 65
42 64
42 63
42 62
42 61
42 60
42 59
43 58
43 57
43 56
43 55
43 54
43 53
43 52
43 51
43 50
43 49
43 48
43 47
43 46
43 45
44 44
44 43
44 42
44 41
44 40
44 39
44 38
44 37
44 36
44 35
44 34
44 33
44 32
44 31
45 30
45 29
45 28
45 27
45 26
45 25
45 24
45 23
45 22
45 21
45 20
45 19
45 18
45 17
46 16
46 15
46 14
46 13
46 12
46 11
46 10
46 10
46 9
46 8
47 7
47 6
47 5
47 5
47 4
47 4
47 3
47 2
47 2
48 2
48 2
48 3
48 4
48 5
48 5
48 6
48 7
48 8
48 9
48 9
48 10
49 11
49 12
49 12
49 13
49 14
49 15
49 16
49 16
49 17
50 18
50 19
50 19
51 20
51 21
51 21
51 22
51 22
51 23
51 24
51 24
51 24
51 25
51 25
52 25
52 25
52 26
51 27
51 28
51 29
51 30
50 31
50 32
50 33
49 34
49 35
49 36
49 37
48 38
48 39
48 39
48 40
47 41
47 42
46 43
46 44
46 45
45 46
45 47
45 47
44 48
44 48
44 48
44 48
44 48
44 48
44 48
45 47
45 46
45 46
46 45
46 44
46 44
46 43
47 42
47 41
47 41
48 40
49 39
49 39
50 38
50 38
50 38
51 38
51 38
51 39
51 39
51 40
52 41
52 42
52 43
52 43
52 44
52 45
52 46
52 47
52 47
52 48
52 49
52 50
52 51
52 52
52 53
52 53
52 54
52 55
51 56
51 57
51 58
51 59
51 59
51 60
51 61
51 62
51 63
51 64
51 65
51 65
51 66
51 67
51 68
51 69
51 70
51 71
51 71
51 72
51 73
51 74
51 75
51 76
51 76
51 77
51 78
51 79
51 80
51 80
51 81
52 82
52 83
52 83
52 84
52 84
53 84
53 84
54 84
54 84
55 83
55 82
55 82
56 81
56 80
56 80
56 79
57 78
57 77
57 76
57 76
58 75
58 74
59 73
59 73
59 72
60 71
60 70
60 70
60 69
61 68
61 67
61 67
61 66
62 65
62 64
62 64
62 63
62 62
62 61
63 60
63 59
63 58
63 57
63 56
63 55
63 54
63 53
64 52
64 51
64 50
64 49
64 48
64 47
64 46
64 45
65 44
65 43
65 42
65 41
65 40
65 39
65 38
65 37
66 36
66 35
66 34
66 33
66 32
66 31
66 30
66 29
67 28
67 27
67 26
67 25
67 25
67 25
67 25
67 25
67 25
67 25
67 25
67 25
67 25
67 26
67 27
67 28
67 29
67 30
67 30
67 31
67 32
67 33
67 34
67 34
67 35
67 36
67 37
67 38
67 39
67 39
67 40
67 41
67 42
67 43
67 44
67 44
67 45
67 46
67 47
67 48
67 49
67 50
67 50
67 51
67 52
67 53
67 54
67 55
67 56
67 56
67 57
67 58
67 59
67 60
67 61
67 61
67 62
67 63
67 64
67 65
67 65
67 66
67 67
67 68
67 69
67 69
67 70
67 71
67 71
67 72
67 72
67 72
67 72
67 72
67 71
67 70
67 70
67 69
68 68
68 67
68 66
68 66
68 65
68 64
68 63
68 62
68 61
68 61
68 60
68 59
68 58
69 57
69 56
69 55
69 54
69 54
69 53
69 52
70 51
70 50
70 49
70 48
70 48
70 47
70 46
70 45
71 44
71 43
71 42
71 41
71 41
71 40
72 39
72 38
72 37
72 37
72 36
72 35
72 34
72 34
72 33
73 32
73 31
73 31
73 30
73 29
73 28
73 28
74 27
74 27
75 26
75 26
75 26
76 27
76 27
76 28
77 29
77 30
77 30
77 31
77 32
77 33
77 33
77 34
77 35
78 36
78 37
78 38
78 38
78 39
79 40
79 41
79 42
79 42
79 43
79 44
79 45
79 46
79 47
79 47
79 48
79 49
79 50
79 51
79 52
79 52
79 53
80 54
80 55
80 56
80 56
80 57
80 58
80 59
80 60
80 60
80 61
81 62
81 63
81 63
82 64
82 64
82 65
82 65
83 65
83 65
83 65
84 64
84 64
85 63
85 62
86 61
86 61
87 60
87 60
87 59
88 58
88 57
88 57
88 56
89 55
89 54
89 54
89 53
90 52
90 51
90 51
90 50
91 49
91 48
91 47
91 47
91 46
92 45
92 44
92 43
92 43
92 42
92 41
93 40
93 39
93 38
93 38
93 37
93 36
93 35
93 34
93 33
93 32
93 32
93 31
93 30
93 29
93 28
93 27
93 26
93 26
93 25
93 24
93 23
93 23
93 22
93 21
93 21
92 20
92 19
92 19
91 18
91 18
90 18
90 18
90 19
90 19
89 20
89 21
89 21
89 22
88 23
88 24
88 24
88 25
88 26
87 27
87 28
87 29
87 29
87 30
87 31
87 32
87 33
87 34
87 35
87 35
87 36
87 37
87 38
87 39
87 40
87 41
87 41
87 42
87 43
87 44
87 45
87 46
87 46
87 47
87 48
87 49
87 50
87 51
87 52
87 52
87 53
88 54
88 55
88 56
88 56
88 57
89 58
89 59
89 60
89 60
90 61
91 62
92 63
92 63
93 64
93 65
94 66
94 66
95 66
96 67
97 67
97 67
98 67
99 67
