0 62
0 62
0 62
0 62
0 62
0 62
0 63
0 64
0 64
0 63
0 63
1 62
2 62
2 62
3 61
4 60
4 60
5 59
6 58
6 58
7 57
8 56
8 56
9 55
10 54
10 54
11 53
11 52
12 51
12 51
12 50
12 49
11 48
11 47
11 46
11 45
11 44
11 43
10 42
10 41
10 40
10 39
10 38
10 37
9 36
9 35
9 34
9 33
9 32
9 31
8 30
8 29
8 28
8 28
8 28
8 27
8 26
8 25
8 24
8 23
8 23
8 23
8 24
8 25
8 26
8 27
8 28
8 28
8 29
8 30
8 31
8 32
8 33
8 34
8 34
8 35
8 36
8 37
8 38
8 39
8 40
8 41
8 42
8 43
8 44
8 45
8 46
8 46
8 47
8 48
8 49
8 50
8 51
8 52
8 53
8 54
8 55
8 56
8 57
8 58
8 58
8 59
8 60
8 61
8 62
8 63
9 64
9 65
9 66
9 67
9 68
9 69
9 70
9 70
9 71
9 72
9 73
9 74
9 75
9 76
9 77
9 78
9 79
9 80
9 80
9 81
9 82
9 83
9 84
9 85
9 86
9 87
9 87
9 88
9 89
9 90
9 91
9 92
9 93
9 93
9 94
10 95
10 96
10 97
10 97
11 98
11 99
11 99
12 100
12 100
13 100
13 100
13 99
14 98
14 97
15 96
15 95
15 95
15 94
16 93
16 92
17 91
17 90
17 89
18 88
18 87
19 86
19 85
19 84
20 83
20 82
20 81
21 80
21 79
22 78
22 77
22 76
23 75
23 74
24 73
24 72
24 71
25 70
25 69
26 68
26 67
26 66
27 65
27 64
27 63
28 62
28 61
29 60
29 59
29 58
30 57
30 56
31 55
31 54
31 53
32 52
32 51
33 50
33 49
33 48
34 47
34 46
34 45
35 44
35 43
36 42
36 41
36 41
36 40
36 39
37 38
37 37
37 36
37 36
36 35
36 34
36 34
35 34
35 34
34 34
33 34
33 34
32 35
31 36
31 36
30 37
30 38
29 39
29 39
29 40
29 41
28 42
28 43
28 44
28 45
28 45
28 46
28 47
28 48
27 49
27 50
27 51
27 52
27 53
27 53
27 54
27 55
27 56
26 57
26 58
26 59
26 60
26 61
26 61
26 62
26 63
26 64
25 65
25 66
25 67
25 68
25 69
25 69
25 70
25 71
25 72
25 73
25 74
25 75
25 75
25 76
25 77
25 78
25 79
25 80
25 81
25 81
25 82
26 83
26 84
26 85
26 85
26 86
27 87
27 88
27 89
27 89
27 90
27 91
27 92
27 92
28 91
28 90
29 89
29 88
29 88
29 87
29 86
30 85
30 84
30 83
30 83
30 82
31 81
31 80
31 79
32 78
32 77
32 77
32 76
32 75
33 74
33 73
33 72
33 71
33 70
34 69
34 68
34 67
34 67
34 66
34 65
35 64
35 63
35 62
35 61
35 60
36 59
36 58
36 57
36 57
36 56
36 55
36 54
36 53
37 52
37 51
37 50
37 49
37 48
37 48
37 47
37 46
38 45
38 44
38 43
38 42
38 42
38 41
38 41
38 41
38 42
38 42
38 43
38 44
38 45
38 46
38 47
38 47
38 48
38 49
39 50
39 51
39 52
39 53
39 53
39 54
39 55
39 56
39 57
39 58
39 59
39 59
39 60
39 61
40 62
40 63
40 64
40 64
40 65
40 66
40 67
40 68
40 68
40 69
41 70
41 71
41 72
41 72
42 73
42 74
42 74
43 75
44 76
44 76
44 75
44 74
44 73
45 72
45 71
45 70
45 69
45 68
45 67
45 66
46 65
46 64
46 63
46 62
46 61
46 60
46 59
47 58
47 57
47 56
47 55
47 54
47 53
47 52
48 51
48 50
48 49
48 48
48 47
48 46
48 45
49 44
49 43
49 42
49 41
49 40
49 39
49 38
50 37
50 36
50 35
50 34
50 33
50 32
50 31
51 30
51 29
51 28
51 27
51 26
51 25
51 24
52 23
52 22
52 21
52 20
52 19
52 18
52 17
53 16
53 15
53 14
53 13
53 12
53 11
53 10
54 9
54 8
54 7
54 6
54 6
54 6
54 5
54 4
53 3
53 2
53 1
53 0
53 0
53 0
53 0
53 0
53 0
53 0
54 1
54 2
54 2
54 3
55 4
55 5
55 5
55 6
56 7
56 8
56 8
56 9
56 10
56 11
56 11
56 12
56 13
56 14
56 15
56 16
55 17
55 18
55 19
55 20
55 21
55 22
55 23
55 24
55 25
55 26
55 27
54 28
54 29
54 30
54 31
54 32
54 33
54 33
54 34
54 35
53 36
53 37
53 38
53 38
52 38
52 38
52 38
52 38
52 37
51 36
51 35
51 34
51 34
52 33
52 32
52 32
53 31
53 30
53 30
54 29
54 28
54 28
55 28
55 28
55 29
56 30
56 31
56 31
56 32
57 33
57 34
57 35
57 35
57 36
57 37
58 38
58 39
58 40
58 41
58 41
58 42
58 43
58 44
58 45
58 46
58 47
58 48
58 49
58 49
58 50
58 51
58 52
58 53
58 54
58 55
58 56
58 57
58 58
58 58
58 59
58 60
58 61
58 62
58 63
58 64
58 65
58 65
58 66
58 67
58 68
58 69
58 70
58 70
58 71
58 72
58 73
58 74
58 74
58 75
58 76
58 77
58 77
59 78
59 79
59 79
59 79
60 79
60 79
61 78
61 78
61 77
62 76
62 75
62 75
62 74
62 73
63 72
63 71
63 70
63 69
63 68
63 67
64 66
64 65
64 64
64 63
64 62
64 61
65 60
65 59
65 58
65 57
65 56
65 55
66 54
66 53
66 52
66 51
66 50
66 49
67 48
67 47
67 46
67 45
67 44
67 43
68 42
68 41
68 40
68 39
68 38
68 37
69 36
69 35
69 34
69 33
69 32
69 31
70 30
70 29
70 28
70 27
70 27
71 26
72 25
72 25
72 24
71 23
71 22
71 21
71 21
71 21
71 22
71 22
71 23
70 24
70 25
70 25
70 26
70 27
70 28
70 29
70 30
70 30
70 31
70 32
70 33
70 34
70 35
70 36
70 37
70 37
70 38
70 39
70 40
70 41
70 42
70 43
70 43
70 44
70 45
70 46
70 47
70 48
70 49
70 50
70 50
70 51
70 52
70 53
70 54
70 55
70 55
70 56
70 57
70 58
70 59
70 59
70 60
70 61
70 62
70 62
70 63
70 63
70 63
70 62
70 62
70 61
70 60
70 59
70 58
70 58
70 57
70 56
71 55
71 54
71 53
71 52
71 52
71 51
71 50
71 49
71 48
71 47
71 46
71 45
71 44
71 44
71 43
71 42
71 41
72 40
72 39
72 38
72 37
72 36
72 36
72 35
72 34
72 33
73 32
73 31
73 30
73 29
73 28
73 28
73 27
73 26
74 25
74 24
74 23
74 23
75 22
75 21
75 21
76 21
76 21
76 22
76 22
76 23
77 24
77 25
77 25
77 26
77 27
77 28
77 29
77 29
77 30
78 31
78 32
78 33
78 33
78 34
78 35
78 36
78 37
78 37
78 38
78 39
79 40
79 41
79 42
79 42
79 43
79 44
79 45
79 46
79 47
79 47
79 48
79 49
79 50
79 51
79 52
79 53
79 53
79 54
79 55
79 56
79 57
79 58
79 58
79 59
79 60
79 61
79 62
79 62
79 63
79 64
79 65
79 65
79 66
80 67
80 68
80 68
80 69
80 69
80 68
81 67
81 66
81 65
82 64
82 63
83 62
83 61
83 60
84 59
84 58
84 57
85 56
85 55
85 54
86 53
86 52
87 51
87 50
87 49
88 48
88 47
88 47
88 48
88 49
89 50
89 51
89 52
89 52
89 53
89 53
89 53
89 53
89 53
90 52
90 52
90 51
90 50
91 49
91 48
91 47
91 47
91 46
92 45
92 44
93 43
93 42
93 42
93 41
94 40
94 39
94 38
94 37
95 36
95 35
95 35
95 34
96 33
96 32
96 31
97 30
97 29
97 29
97 28
97 27
98 26
98 25
98 24
98 24
98 23
98 22
98 21
98 20
98 19
98 19
98 18
97 17
97 16
97 15
97 15
97 14
96 13
96 12
96 12
95 11
94 11
94 11
93 12
92 12
92 12
92 13
91 14
91 15
91 15
90 16
90 17
89 18
89 19
89 19
89 20
89 21
88 22
88 23
88 24
88 25
88 25
88 26
88 27
88 28
88 29
88 30
88 31
88 32
88 32
88 33
88 34
88 35
88 36
88 37
88 38
88 39
88 39
88 40
88 41
88 42
88 43
88 44
88 45
88 46
88 47
88 47
88 48
88 49
89 50
89 51
89 52
89 53
89 53
89 54
90 55
90 56
91 57
91 58
91 58
92 59
92 60
93 61
93 61
94 62
95 62
96 63
96 63
97 63
98 63
99 63
100 63
