0 73
1 72
1 72
1 71
0 70
0 69
0 68
0 68
0 67
0 67
0 67
1 66
2 65
2 65
3 64
3 63
4 62
4 62
5 61
6 60
7 59
7 59
8 58
9 57
9 56
10 55
11 54
11 54
12 53
13 52
14 51
15 50
15 50
15 49
15 48
15 47
15 46
15 45
14 44
14 43
14 42
14 41
14 40
14 39
14 38
14 37
14 36
14 35
13 34
13 33
13 32
13 31
13 30
13 29
13 29
13 28
13 27
13 26
13 25
13 24
13 23
13 23
12 23
12 23
12 23
12 24
12 25
12 26
12 27
12 28
12 29
12 30
12 30
12 31
12 32
12 33
12 34
12 35
11 36
11 37
11 38
11 39
11 40
11 41
11 42
11 42
11 43
11 44
11 45
11 46
11 47
11 48
10 49
10 50
10 51
10 52
10 53
10 54
10 55
10 56
10 56
10 57
10 58
10 59
10 60
10 61
9 62
9 63
9 64
9 65
9 66
9 67
9 68
9 68
9 69
9 70
9 71
9 72
9 73
9 74
9 75
9 76
9 77
9 78
9 79
9 79
9 80
9 81
9 82
10 83
10 84
10 85
10 86
10 87
10 87
10 88
10 89
10 90
10 91
10 92
10 93
10 93
10 94
11 95
11 96
11 97
11 97
12 98
12 99
12 99
13 100
13 100
14 100
14 100
15 100
15 100
16 99
17 99
17 99
17 98
18 97
18 96
19 95
19 94
19 93
20 92
20 91
21 90
21 89
21 88
22 87
22 86
23 85
23 84
23 83
24 82
24 81
25 80
25 79
25 78
26 77
26 76
27 75
27 74
27 73
28 72
28 71
28 70
29 69
29 68
30 67
30 66
30 65
31 64
31 63
32 62
32 61
32 60
33 59
33 58
34 57
34 56
34 55
35 54
35 53
36 52
36 51
36 50
37 49
37 48
38 47
38 46
38 46
38 46
37 47
36 47
35 48
35 48
35 49
34 50
34 51
34 51
34 52
33 53
33 54
33 55
33 56
32 57
32 58
32 59
32 59
32 60
31 61
31 62
31 63
31 64
30 65
30 66
30 66
30 67
29 68
29 69
29 70
29 71
28 72
28 73
28 73
28 74
28 75
28 76
27 77
27 78
27 79
27 80
27 80
27 81
27 82
27 83
27 84
27 84
27 85
27 86
27 87
27 87
28 88
28 89
28 89
29 90
30 90
30 90
31 89
32 89
32 89
33 88
33 87
34 86
34 85
35 84
35 83
35 83
35 82
36 81
36 80
36 79
37 78
37 77
37 76
38 75
38 74
38 74
38 73
38 72
38 71
38 70
38 69
39 68
39 67
39 66
39 65
39 64
39 63
39 62
39 62
39 61
40 60
40 59
40 58
40 57
41 56
41 55
41 55
41 54
41 54
41 54
41 55
41 56
41 56
40 56
40 56
40 57
40 58
40 59
40 60
40 61
40 61
40 62
40 63
40 64
40 65
40 66
40 67
40 68
40 68
40 69
40 70
40 71
40 72
40 73
40 74
40 74
40 75
41 76
41 77
41 78
41 78
41 79
41 80
41 81
41 82
41 82
42 83
42 84
42 84
43 85
43 85
43 84
43 83
44 82
44 81
44 80
44 79
44 78
44 77
45 76
45 75
45 74
45 73
45 72
45 71
46 70
46 69
46 68
46 67
46 66
46 65
47 64
47 63
47 62
47 61
47 60
47 59
48 58
48 57
48 56
48 55
48 54
48 53
49 52
49 51
49 50
49 49
49 48
50 47
50 46
50 45
50 44
50 43
50 42
51 41
51 40
51 39
51 38
51 37
51 36
52 35
52 34
52 33
52 32
52 31
52 30
53 29
53 28
53 27
53 26
53 25
53 24
54 23
54 22
54 21
54 20
54 19
54 18
55 17
55 16
55 15
55 14
55 13
55 12
56 11
56 10
56 9
56 9
57 8
57 7
58 6
58 5
59 4
59 4
59 3
58 2
58 1
58 1
58 0
58 0
58 1
58 1
58 1
58 1
58 1
58 2
58 3
57 4
57 5
57 6
57 7
57 8
56 9
56 10
56 11
56 12
56 13
55 14
55 15
55 16
55 17
55 18
54 19
54 20
54 21
54 22
54 23
53 24
53 25
53 26
53 27
53 28
52 29
52 30
52 31
52 32
52 33
51 34
51 35
51 36
51 37
51 38
50 39
50 40
50 41
50 41
50 42
50 43
50 44
50 45
50 45
51 44
51 44
51 44
51 43
52 42
52 41
52 41
52 40
53 39
53 38
53 38
54 37
54 36
55 35
55 34
56 33
56 32
56 32
57 31
57 30
57 30
57 29
57 29
57 30
57 30
58 30
58 30
58 31
58 32
58 33
58 34
58 35
58 36
58 37
58 37
58 38
58 39
58 40
58 41
58 42
58 43
58 44
58 45
58 46
58 47
58 48
58 48
58 49
58 50
58 51
58 52
58 53
58 54
58 55
58 56
58 57
58 57
58 58
58 59
57 60
57 61
57 62
57 63
57 63
57 64
57 65
57 66
57 67
57 67
57 68
57 69
57 70
57 71
57 71
57 72
57 72
58 72
58 72
58 72
58 73
58 73
58 72
58 71
59 70
59 69
59 68
59 67
60 66
60 65
60 64
60 63
61 62
61 61
61 60
61 59
62 58
62 57
62 56
62 55
62 54
63 53
63 52
63 51
63 50
64 49
64 48
64 47
64 46
65 45
65 44
65 43
65 42
65 41
66 40
66 39
66 38
66 37
67 36
67 35
67 34
67 33
68 32
68 31
68 30
68 29
69 28
69 27
69 26
69 26
69 26
69 26
69 26
69 26
69 26
69 27
69 28
69 29
70 30
70 31
70 32
70 33
70 34
70 34
70 35
70 36
70 37
70 38
69 39
69 40
69 41
69 42
69 43
69 44
69 44
69 45
69 46
69 47
69 48
69 49
69 50
69 51
69 51
69 52
68 53
68 54
68 55
68 55
68 56
68 57
68 58
68 59
68 59
68 60
68 60
68 60
68 59
68 59
69 59
69 59
69 58
69 57
69 56
69 55
69 54
69 53
69 52
69 51
69 51
69 50
69 49
70 48
70 47
70 46
70 45
70 44
70 43
71 42
71 41
71 40
71 39
71 39
71 38
71 37
72 36
72 35
72 34
72 33
72 32
73 31
73 30
73 29
73 29
73 28
74 27
74 26
75 25
75 24
75 24
75 23
75 22
75 22
75 22
75 22
75 23
75 24
75 25
75 26
75 26
75 27
75 28
76 29
76 30
76 31
76 32
76 32
76 33
76 34
76 35
76 36
76 37
76 38
76 39
76 40
76 40
76 41
76 42
76 43
76 44
76 45
76 46
76 46
76 47
76 48
76 49
76 50
76 51
76 52
76 52
76 53
76 54
76 55
76 56
76 56
76 57
77 58
77 59
77 60
77 60
77 61
78 62
78 63
78 63
79 63
79 63
79 64
79 64
80 64
80 64
81 64
81 64
82 63
82 62
82 62
82 61
83 60
83 59
83 59
83 58
84 57
84 56
84 56
84 55
85 54
85 53
85 52
85 51
86 50
86 49
86 49
86 48
87 47
87 46
87 45
87 44
88 43
88 42
88 41
88 41
88 40
88 39
89 38
89 37
89 36
89 35
90 34
90 33
90 32
90 32
90 31
91 30
91 29
91 28
91 27
92 26
92 25
92 25
92 24
92 23
92 22
92 21
92 20
92 19
92 18
92 18
92 17
92 16
92 15
92 15
92 14
92 13
92 13
92 12
92 12
91 11
91 11
90 10
89 10
89 10
88 11
87 11
86 12
86 12
85 13
85 14
84 15
84 15
84 16
84 17
83 18
83 19
83 20
83 20
83 21
83 22
83 23
83 24
83 25
83 26
83 27
83 27
83 28
83 29
83 30
83 31
83 32
83 33
83 34
83 35
83 36
83 36
83 37
83 38
83 39
83 40
83 41
83 42
83 42
83 43
84 44
84 45
84 46
84 46
85 47
85 48
86 49
86 49
87 50
88 50
88 50
89 50
90 50
90 50
91 50
92 50
92 50
93 49
94 48
94 48
95 47
95 47
96 46
97 45
97 45
97 45
98 44
98 44
99 44
99 44
100 44
