0 70
0 70
0 69
0 68
0 67
0 66
0 66
0 65
0 64
0 64
1 63
2 63
2 63
3 62
4 61
5 60
5 60
6 59
6 58
7 57
7 57
8 56
9 55
9 54
10 53
10 53
11 52
12 51
12 50
13 49
13 49
13 48
13 47
13 46
13 45
13 44
13 43
13 42
13 41
13 40
13 39
13 38
13 37
13 36
13 35
14 34
14 33
14 32
14 31
14 30
14 29
14 28
14 27
14 26
14 25
14 24
14 23
14 22
14 21
14 20
14 19
14 19
14 18
13 17
13 16
13 15
12 14
12 13
12 13
11 12
11 12
11 13
11 13
11 14
11 15
11 15
11 16
11 17
11 18
11 19
11 20
10 21
10 22
10 23
10 24
10 25
10 26
10 26
10 27
10 28
10 29
9 30
9 31
9 32
9 33
9 34
9 35
9 36
9 37
8 38
8 39
8 40
8 41
8 42
8 42
8 43
8 44
8 45
8 46
8 47
8 48
7 49
7 50
7 51
7 52
7 53
7 54
7 55
7 55
7 56
7 57
7 58
7 59
7 60
7 61
7 62
7 63
7 64
7 65
7 66
7 67
7 67
7 68
7 69
7 70
7 71
7 72
7 73
7 74
7 75
7 76
7 77
7 77
7 78
7 79
7 80
8 81
8 82
8 83
8 84
8 85
8 85
8 86
8 87
9 88
9 89
9 90
9 90
9 91
9 92
10 93
10 94
10 95
10 95
10 96
11 97
11 98
11 98
12 99
13 100
13 100
13 99
14 98
14 97
14 96
15 95
15 94
15 93
16 92
16 91
16 90
17 89
17 88
17 87
18 86
18 85
18 84
19 83
19 82
19 81
20 80
20 79
20 78
21 77
21 76
21 75
22 74
22 73
22 72
23 71
23 70
23 69
24 68
24 67
24 66
25 65
25 64
25 63
26 62
26 61
26 60
27 59
27 58
27 57
28 56
28 55
28 54
29 53
29 52
29 51
30 50
30 49
30 48
31 47
31 46
31 45
32 44
32 43
32 43
32 42
33 41
33 40
33 39
34 38
34 37
34 37
33 38
32 38
32 38
32 39
31 40
31 41
31 42
31 42
31 43
30 44
30 45
30 46
30 47
29 48
29 49
29 49
29 50
29 51
28 52
28 53
28 54
28 55
27 56
27 57
27 58
27 58
27 59
26 60
26 61
26 62
25 63
25 64
25 65
25 66
24 67
24 68
24 68
24 69
24 70
24 71
23 72
23 73
23 74
23 75
23 75
23 76
23 77
22 78
22 79
22 80
22 80
22 81
22 82
23 83
23 84
23 85
23 86
23 86
23 87
23 88
23 88
24 89
25 89
25 89
26 88
27 88
27 88
28 87
28 86
29 85
29 84
30 83
30 82
31 81
31 81
31 80
31 79
32 78
32 77
32 76
32 75
33 74
33 73
33 72
33 71
34 70
34 69
34 68
34 68
34 67
35 66
35 65
35 64
35 63
36 62
36 61
36 60
36 59
37 58
37 57
37 56
37 56
37 55
38 54
38 53
38 52
38 51
39 50
39 49
39 49
39 48
39 47
39 47
38 47
38 47
38 47
38 47
38 48
38 49
37 50
37 51
37 52
37 52
37 53
37 54
37 55
36 56
36 57
36 58
36 59
36 60
36 60
36 61
36 62
36 63
36 64
36 65
36 65
36 66
36 67
37 68
37 69
37 70
37 71
37 71
37 72
37 73
38 74
38 75
38 76
38 77
38 77
38 78
39 79
39 80
39 81
39 81
40 82
40 83
40 83
41 84
41 84
41 83
41 82
41 81
42 80
42 79
42 78
42 77
42 76
42 75
42 74
42 73
43 72
43 71
43 70
43 69
43 68
43 67
43 66
43 65
44 64
44 63
44 62
44 61
44 60
44 59
44 58
45 57
45 56
45 55
45 54
45 53
45 52
45 51
45 50
46 49
46 48
46 47
46 46
46 45
46 44
46 43
46 42
47 41
47 40
47 39
47 38
47 37
47 36
47 35
47 34
48 33
48 32
48 31
48 30
48 29
48 28
48 27
49 26
49 25
49 24
49 23
49 22
49 21
49 20
49 19
50 18
50 17
50 16
50 15
50 14
50 13
50 12
50 11
51 10
51 9
51 8
51 7
51 7
52 6
52 5
53 4
53 4
53 3
53 2
53 1
53 0
53 0
52 0
52 0
52 0
52 0
52 0
52 1
52 2
51 3
51 4
51 5
51 6
51 7
51 8
50 9
50 10
50 11
50 12
50 13
50 14
49 15
49 16
49 17
49 18
49 19
49 20
48 21
48 22
48 23
48 24
48 25
48 26
47 27
47 28
47 29
47 30
47 30
47 31
48 32
48 33
48 34
48 34
48 34
48 34
48 34
48 34
48 34
48 34
48 35
49 36
49 37
49 37
49 38
49 39
50 40
50 41
50 42
50 42
50 43
50 44
50 45
50 46
50 47
50 48
50 49
50 49
50 50
50 51
50 52
50 53
50 54
50 55
50 56
50 56
50 57
50 58
49 59
49 60
49 61
49 61
49 62
49 63
50 64
50 65
50 66
50 66
50 67
50 68
50 69
50 70
50 70
50 71
51 72
51 73
51 73
51 74
51 74
51 74
51 74
51 73
51 73
52 72
52 71
52 71
52 70
53 69
53 68
53 67
53 66
54 65
54 64
54 63
55 62
55 61
55 60
55 59
56 58
56 57
56 56
57 55
57 54
57 53
57 52
58 51
58 50
58 49
59 48
59 47
59 46
59 45
60 44
60 43
60 42
60 41
61 40
61 39
61 38
62 37
62 36
62 35
62 34
63 33
63 32
63 31
64 30
64 29
64 28
64 27
65 26
65 25
65 24
66 23
66 22
66 21
66 20
67 19
67 18
67 18
67 18
67 18
67 17
67 16
67 15
67 15
67 16
67 16
67 17
67 18
67 19
67 20
67 21
67 22
67 22
67 23
67 24
67 25
68 26
68 27
68 28
68 29
68 30
68 30
68 31
68 32
68 33
68 34
68 35
68 36
68 37
68 37
68 38
68 39
68 40
68 41
68 42
68 43
68 43
68 44
68 45
67 46
67 47
67 48
67 49
67 49
67 50
67 51
67 52
67 53
67 53
67 54
67 54
67 54
67 54
67 53
67 53
68 52
68 52
68 51
68 50
69 49
69 48
69 47
69 46
69 45
69 44
70 43
70 42
70 41
70 41
70 40
70 39
71 38
71 37
71 36
71 35
71 34
72 33
72 32
72 31
72 31
72 30
73 29
73 28
73 27
73 26
74 25
74 24
74 23
74 22
75 21
75 20
75 20
75 19
75 18
76 17
76 16
76 15
76 14
76 14
77 13
77 12
77 12
77 13
77 14
77 14
77 14
77 15
77 16
77 17
77 18
77 19
77 19
77 20
77 21
77 22
77 23
77 24
77 25
77 26
77 27
77 28
77 28
77 29
77 30
77 31
77 32
77 33
77 34
77 35
77 36
77 36
77 37
77 38
77 39
77 40
77 41
77 42
77 43
77 43
77 44
77 45
77 46
77 47
77 48
77 49
77 49
77 50
78 51
78 52
78 53
78 53
79 54
79 55
80 56
80 56
81 57
82 57
82 57
83 56
84 56
84 56
85 55
86 54
86 53
87 52
87 52
87 51
88 50
88 49
89 48
89 47
90 46
90 45
90 45
90 44
90 43
91 42
91 41
91 40
91 39
91 38
92 37
92 36
92 35
92 35
92 34
92 33
93 32
93 31
93 30
93 29
93 28
93 27
94 26
94 25
94 24
94 24
94 23
94 22
94 21
94 20
94 19
94 18
94 17
94 16
94 15
94 14
94 13
94 12
94 11
94 11
94 10
94 9
94 8
93 7
93 6
93 5
93 4
93 3
93 3
92 2
91 2
91 2
90 3
89 3
89 3
88 4
88 5
87 6
87 6
87 7
86 8
86 9
86 10
85 11
85 12
85 12
85 13
85 14
85 15
84 16
84 17
84 18
84 19
84 19
84 20
84 21
84 22
85 23
85 24
85 25
85 26
85 27
85 27
85 28
85 29
86 30
86 31
86 32
86 33
86 33
86 34
86 35
87 36
87 37
87 38
87 38
88 39
88 40
89 41
89 42
89 42
90 43
91 43
92 44
92 44
93 44
94 44
94 44
95 43
96 42
96 42
97 41
98 40
98 40
99 39
99 38
100 37
