3 57
3 58
2 59
2 60
2 61
2 62
1 63
1 64
1 64
0 64
0 64
0 63
0 62
0 61
0 60
0 59
0 59
0 59
0 59
0 58
0 58
1 57
2 57
2 57
2 56
3 55
3 54
4 53
4 52
4 52
5 51
6 50
6 49
7 48
8 47
8 47
8 46
9 45
9 44
10 43
10 42
10 42
11 41
12 40
12 39
13 38
13 38
14 37
14 36
15 35
15 35
16 34
16 33
16 33
17 32
17 32
17 32
17 32
17 31
17 30
16 29
16 28
16 27
16 26
16 25
16 24
15 23
15 22
15 21
15 20
15 19
14 18
14 17
14 16
14 15
14 14
14 13
13 12
13 11
13 10
13 9
13 8
13 7
12 6
12 5
12 4
12 4
12 4
11 3
11 2
11 2
11 3
11 3
11 4
11 5
11 5
11 6
11 7
10 8
10 9
10 10
10 10
10 11
10 12
10 13
10 14
10 15
10 16
10 17
10 18
10 18
10 19
10 20
10 21
10 22
10 23
10 24
10 25
10 26
10 27
10 28
10 29
10 29
10 30
10 31
10 32
10 33
10 34
10 35
9 36
9 37
9 38
9 39
9 40
9 41
9 42
9 42
9 43
9 44
9 45
9 46
9 47
9 48
9 49
8 50
8 51
8 52
8 53
8 54
8 55
8 56
8 57
8 57
8 58
8 59
8 60
8 61
8 62
8 63
8 64
8 65
8 66
8 67
8 68
8 69
8 70
8 70
8 71
8 72
8 73
8 74
8 75
7 76
7 77
7 78
7 79
7 80
7 81
7 81
7 82
7 83
7 84
7 85
8 86
8 87
8 88
8 89
8 90
8 91
8 91
8 92
8 93
9 94
9 95
9 96
9 97
9 97
9 98
10 99
10 100
10 100
11 100
11 100
12 99
12 98
13 97
13 97
14 96
14 95
15 94
15 93
16 92
16 92
16 91
17 90
17 89
17 88
17 87
18 86
18 85
18 85
18 84
19 83
19 82
20 81
20 80
20 80
20 79
21 78
21 77
22 76
22 75
23 74
23 73
24 72
24 71
25 70
25 69
26 68
26 67
27 66
27 65
28 64
28 63
29 62
29 61
30 60
30 59
31 58
31 57
32 56
32 55
33 54
33 53
34 52
34 51
34 51
34 51
34 51
34 51
34 51
34 51
34 51
34 51
34 50
34 49
34 48
34 47
34 47
34 46
34 45
34 44
34 44
34 43
33 42
33 41
33 41
33 40
33 39
33 38
33 38
33 37
32 36
32 35
32 34
32 34
32 33
32 32
32 32
32 31
32 31
31 31
31 31
31 31
30 32
30 32
30 33
30 34
30 35
30 35
30 36
30 37
29 38
29 39
29 40
29 41
29 41
29 42
29 43
29 44
28 45
28 46
28 47
28 48
28 49
28 49
28 50
28 51
28 52
28 53
27 54
27 55
27 56
27 57
27 58
27 58
27 59
27 60
27 61
27 62
27 63
27 64
27 65
27 66
27 67
27 67
27 68
27 69
27 70
27 71
26 72
26 73
26 74
26 75
26 76
26 76
26 77
26 78
26 79
26 80
26 81
26 82
26 83
26 83
26 84
26 85
26 86
26 87
26 87
27 88
27 89
27 89
27 90
27 90
27 90
28 89
28 89
28 88
29 87
29 86
29 85
29 85
29 84
29 83
30 82
30 81
30 80
30 79
30 79
30 78
30 77
30 76
31 75
31 74
31 73
31 72
31 72
31 71
31 70
31 69
32 68
32 67
32 66
32 65
32 64
32 64
32 63
32 62
32 61
32 60
33 59
33 58
33 57
33 56
33 55
33 55
33 54
33 53
33 52
34 51
34 50
34 49
34 48
34 47
34 47
34 46
34 45
35 44
35 43
35 42
35 42
35 41
35 40
35 39
35 39
35 38
35 38
35 38
35 38
35 39
35 39
35 40
35 41
35 42
35 43
35 44
35 44
35 45
35 46
35 47
35 48
35 49
35 50
35 50
35 51
35 52
35 53
35 54
35 55
35 56
35 57
35 57
35 58
35 59
35 60
36 61
36 62
36 63
36 64
36 64
36 65
36 66
36 67
36 68
36 69
36 70
36 70
36 71
37 72
37 73
37 74
37 74
37 75
38 76
38 77
38 77
39 78
39 78
40 78
40 78
41 78
41 78
42 77
42 77
42 76
43 75
43 74
43 74
43 73
43 72
43 71
43 70
43 69
43 68
43 67
44 66
44 65
44 64
44 63
44 62
44 61
44 60
44 59
44 58
44 57
44 56
44 55
44 54
44 53
45 52
45 51
45 50
45 49
45 48
45 47
45 46
45 45
45 44
45 43
45 42
45 41
45 40
45 39
46 38
46 37
46 36
46 35
46 34
46 33
46 32
46 31
46 30
46 29
46 28
46 27
46 26
46 25
47 24
47 23
47 22
47 21
47 20
47 19
47 18
47 17
47 16
47 15
47 14
47 13
47 12
47 11
48 10
48 9
48 8
48 7
48 6
48 5
48 4
48 3
48 3
48 3
48 3
49 2
49 1
50 0
50 0
50 0
50 1
50 2
50 3
50 3
51 4
51 5
51 5
51 6
51 7
51 8
51 9
51 9
51 10
52 11
52 12
52 12
52 13
52 14
52 15
52 15
53 16
53 17
53 17
53 18
53 19
53 19
53 20
53 20
53 21
53 22
53 22
53 23
52 24
52 25
51 26
51 27
50 28
50 29
49 30
49 31
48 32
48 33
48 33
48 34
47 35
47 36
46 37
46 38
46 39
45 40
45 41
45 41
44 42
44 43
44 43
44 44
44 44
43 44
43 44
43 44
43 44
44 44
44 44
45 44
45 44
46 43
46 42
46 42
47 41
47 40
47 40
48 39
48 39
49 38
50 38
50 38
50 38
51 38
51 38
51 38
51 39
51 40
51 40
51 41
51 42
51 43
51 44
51 45
51 45
51 46
51 47
51 48
51 49
51 50
51 51
51 51
51 52
51 53
51 54
50 55
50 56
50 57
50 58
50 58
50 59
50 60
50 61
50 62
50 63
50 64
50 65
50 65
50 66
50 67
50 68
50 69
50 70
50 71
50 72
50 72
50 73
50 74
50 75
50 76
50 77
50 77
50 78
51 79
51 80
51 80
51 81
51 82
51 82
52 82
52 82
53 82
53 82
54 81
54 80
55 79
55 78
55 78
55 77
56 76
56 75
56 75
56 74
57 73
57 72
57 72
57 71
58 70
58 69
58 69
58 68
58 67
58 67
58 66
58 66
59 65
59 64
59 64
59 63
60 62
60 61
60 60
60 59
61 58
61 57
61 56
61 55
62 54
62 53
62 52
62 51
63 50
63 49
63 48
63 47
64 46
64 45
64 44
64 43
65 42
65 41
65 40
65 39
66 38
66 37
66 36
66 35
67 34
67 33
67 32
67 31
68 30
68 29
68 28
68 28
68 27
68 26
68 25
69 24
69 23
69 22
69 21
69 21
69 20
69 20
69 19
69 19
69 19
69 19
69 19
69 20
69 20
69 21
69 22
69 23
69 23
69 24
69 25
69 26
69 27
69 28
69 28
69 29
69 30
69 31
68 32
68 33
68 34
68 35
68 35
68 36
68 37
68 38
68 39
68 40
68 41
68 42
68 42
68 43
68 44
68 45
68 46
68 47
68 48
68 49
68 49
68 50
68 51
68 52
68 53
68 54
68 55
68 56
68 56
68 57
68 58
68 59
68 60
68 61
68 62
68 62
68 63
68 64
68 65
68 66
68 66
68 67
68 68
68 69
68 69
68 70
68 71
68 71
68 71
68 71
68 71
68 70
68 69
68 68
68 68
68 67
69 66
69 65
69 64
69 64
69 63
69 62
69 61
69 60
69 59
69 58
69 58
69 57
69 56
70 55
70 54
70 53
70 52
70 52
70 51
70 50
70 49
71 48
71 47
71 46
71 45
71 45
71 44
71 43
72 42
72 41
72 40
72 40
72 39
73 38
73 37
73 36
73 36
73 35
74 34
74 33
74 32
74 32
75 31
75 30
75 30
76 29
76 28
76 28
76 27
76 27
77 27
77 27
77 27
77 28
77 29
77 29
78 30
78 31
78 31
78 32
78 33
78 34
78 34
78 35
79 36
79 37
79 38
79 38
79 39
80 40
80 41
80 42
80 42
80 43
80 44
80 45
80 46
80 46
80 47
81 48
81 49
81 50
81 50
81 51
82 52
82 53
82 53
82 54
83 55
83 56
83 56
83 57
83 57
84 57
85 57
85 57
86 57
86 57
87 56
88 55
88 55
89 54
89 53
89 53
89 52
90 51
90 50
90 49
90 49
91 48
91 47
92 46
92 46
92 45
93 44
93 43
93 42
93 42
93 41
94 40
94 39
94 38
94 38
94 37
94 36
94 35
94 34
94 33
94 33
94 32
95 31
95 30
95 29
95 29
95 28
95 27
95 26
95 25
95 25
94 24
94 23
94 23
94 22
94 22
93 21
93 21
92 21
92 21
91 22
91 22
91 23
91 24
91 24
91 25
90 26
90 27
90 27
90 28
90 29
89 30
89 31
89 32
89 33
89 33
89 34
89 35
89 36
89 37
89 38
89 39
89 39
89 40
89 41
90 42
90 43
90 44
90 45
90 45
90 46
90 47
90 48
90 49
90 50
90 51
90 51
90 52
90 53
91 54
91 55
91 56
91 57
91 57
91 58
91 59
92 60
92 61
92 62
92 62
92 63
93 64
93 65
94 66
94 67
94 67
95 68
96 69
96 69
97 69
98 69
98 69
99 68
100 68
