4 47
3 48
3 48
2 49
1 49
1 49
1 49
0 50
0 50
0 50
0 50
0 50
1 49
1 49
2 48
2 47
2 47
3 46
4 46
5 45
5 45
6 44
7 43
8 43
9 42
9 42
10 41
11 40
12 40
13 39
13 39
14 38
15 37
16 37
17 36
18 35
18 35
19 34
20 34
21 33
22 33
23 32
23 32
24 31
25 31
26 30
27 30
28 29
28 29
29 28
30 28
31 27
31 27
32 26
33 26
33 26
34 26
34 26
34 26
33 27
32 27
32 27
32 26
31 25
31 24
30 23
30 22
30 21
29 20
29 19
28 18
28 17
28 16
27 15
27 14
26 13
26 12
25 11
25 10
25 9
24 8
24 7
23 6
23 5
23 4
22 3
22 2
21 1
21 0
21 0
21 1
21 2
21 3
21 4
21 4
20 4
20 4
20 5
19 6
19 7
19 7
19 8
19 9
19 10
19 10
19 11
19 12
19 13
19 14
19 15
19 15
19 16
19 17
19 18
19 19
19 20
19 21
19 22
19 23
19 23
19 24
19 25
19 26
19 27
19 28
19 29
19 30
19 31
19 32
19 32
19 33
19 34
19 35
20 36
20 37
20 38
20 39
20 40
20 40
20 41
20 42
20 43
21 44
21 45
21 46
21 47
21 47
21 48
21 49
22 50
22 51
22 52
22 53
22 53
22 54
23 55
23 56
23 56
23 57
23 58
23 58
24 59
24 59
24 60
24 60
24 59
24 59
23 59
23 59
23 58
23 57
23 57
22 56
22 55
22 55
22 54
22 53
22 52
22 51
22 50
22 49
22 48
22 47
22 46
22 45
22 44
22 44
22 43
21 42
21 41
21 40
21 40
21 39
21 39
21 39
20 39
20 39
19 40
18 41
18 41
18 42
17 43
17 44
17 44
17 45
16 46
16 47
15 48
15 49
15 49
14 50
13 51
13 52
12 53
12 53
11 54
11 55
10 56
10 57
9 58
9 58
8 59
8 60
7 61
7 62
7 62
6 63
6 63
7 63
7 63
8 62
8 61
8 61
9 60
10 59
11 59
12 58
12 58
13 57
14 56
15 55
16 54
17 53
17 53
18 52
19 51
20 50
21 49
22 48
22 48
23 47
24 46
25 45
26 44
27 43
27 43
28 42
29 42
30 41
31 41
32 40
32 40
33 39
34 39
35 38
36 38
37 37
37 37
38 37
39 36
40 36
40 36
41 37
42 37
42 37
42 38
42 39
42 39
41 40
41 41
40 42
40 43
40 43
39 44
38 45
37 46
36 47
36 47
35 48
34 49
34 50
33 51
32 52
32 52
31 53
30 54
29 55
29 55
28 56
27 57
27 57
27 58
27 58
27 57
27 57
28 56
29 56
29 56
30 55
31 55
31 55
32 54
33 54
34 53
34 53
35 52
36 52
36 52
37 53
38 53
38 53
38 54
38 55
38 55
37 56
37 57
36 58
36 59
36 59
35 60
34 61
34 62
33 63
33 63
32 64
32 65
31 66
31 67
30 68
30 68
29 69
28 70
27 71
26 72
26 72
26 73
25 74
25 75
25 75
24 76
24 77
24 77
25 78
25 78
26 79
27 79
27 79
28 79
29 79
30 79
30 79
31 80
32 80
33 81
33 81
34 82
35 83
35 83
36 84
36 85
36 85
36 86
36 87
36 87
36 88
35 89
35 90
35 90
34 91
33 92
32 93
32 93
31 94
30 95
29 96
29 96
28 97
27 98
26 99
26 99
25 99
24 100
23 100
23 100
22 100
21 100
21 100
21 99
20 98
20 97
20 96
19 95
19 94
19 93
18 92
18 91
18 90
18 89
17 88
17 87
17 86
16 85
16 84
16 84
16 85
16 85
16 84
16 84
16 84
16 83
16 83
16 83
17 82
17 82
18 82
18 82
19 81
19 81
20 80
21 80
22 79
22 79
23 78
24 77
25 76
26 75
26 75
27 74
28 73
29 73
30 72
31 71
31 71
32 70
33 70
34 69
35 69
36 68
36 68
37 67
38 67
39 66
40 65
41 65
42 64
42 64
43 63
44 62
45 62
46 61
46 61
47 60
48 60
49 59
49 59
50 58
51 58
51 58
52 57
52 57
52 58
52 58
51 58
50 58
50 58
49 59
48 59
48 59
47 59
46 60
45 60
45 60
45 59
46 58
46 57
47 56
47 55
48 54
48 53
49 52
49 51
50 50
50 49
50 48
51 47
51 46
52 45
52 44
53 43
53 42
54 41
54 40
55 39
55 38
55 37
56 36
56 35
57 34
57 33
58 32
58 31
59 30
59 29
59 28
60 27
60 26
61 25
61 24
62 23
62 22
63 21
63 20
64 19
64 18
64 18
65 18
65 18
65 18
66 18
66 18
67 19
68 19
68 19
69 19
70 20
71 20
71 20
72 21
73 21
74 22
75 22
75 22
76 23
77 23
78 24
78 24
79 25
80 25
81 26
82 26
82 26
83 26
84 27
85 27
85 27
86 27
87 27
87 27
88 28
89 28
89 28
90 28
90 28
90 28
90 28
89 27
89 27
88 27
88 27
87 28
86 29
85 30
84 31
83 32
82 33
81 34
80 35
79 35
78 36
77 37
76 38
75 39
74 40
73 41
72 42
72 42
72 43
71 44
71 45
70 46
70 47
70 47
69 47
69 47
69 47
70 47
70 47
71 46
71 46
72 45
73 45
74 44
74 44
75 43
76 42
77 42
78 41
78 41
79 40
80 40
81 39
82 39
82 39
83 38
84 37
85 37
86 36
86 36
87 36
88 35
89 35
90 34
91 34
91 34
92 34
93 33
94 33
94 33
94 34
93 35
93 36
93 36
92 37
91 38
90 39
90 40
89 41
88 42
88 42
87 43
86 44
85 45
85 45
84 46
83 46
82 47
82 47
81 48
81 49
81 49
80 50
80 51
80 51
80 52
80 52
81 53
82 53
82 53
83 54
84 54
84 54
85 54
86 54
87 54
88 54
88 54
89 54
90 53
91 53
92 53
92 53
93 53
94 53
95 53
96 53
96 53
97 53
98 54
99 54
99 54
100 55
100 56
100 56
100 57
99 58
99 59
99 59
98 60
97 61
97 62
96 63
96 63
95 64
94 65
94 66
93 67
92 68
92 68
91 69
90 70
89 70
88 71
87 72
87 72
86 73
85 74
84 74
83 75
82 76
82 76
81 77
80 77
79 78
79 78
78 79
77 79
77 79
76 78
76 78
76 77
76 76
76 75
76 75
76 74
77 73
77 72
78 71
78 70
78 69
79 68
79 67
80 66
80 65
80 64
81 63
81 62
82 61
82 60
82 59
83 58
83 57
84 56
84 55
84 54
85 53
85 52
86 51
86 50
86 49
87 48
87 47
88 46
88 45
88 45
88 45
88 45
87 45
87 45
87 45
86 46
86 47
85 48
85 48
84 49
84 50
83 51
83 52
83 52
83 53
82 54
82 55
81 56
81 57
81 57
80 58
79 59
79 60
78 61
77 62
