3 27
2 28
2 29
1 30
1 30
0 30
0 30
0 29
0 29
0 29
1 28
2 28
2 28
3 27
4 27
5 26
5 26
6 25
7 25
8 24
9 24
9 24
10 23
11 23
12 22
13 22
13 22
14 22
15 21
16 21
17 20
18 20
18 20
19 20
20 19
21 19
22 19
22 19
23 18
24 18
25 17
26 17
26 17
27 16
28 16
29 15
29 15
30 14
31 14
31 14
32 13
32 13
33 12
33 12
32 11
31 10
30 9
29 8
28 7
27 6
27 5
26 4
25 3
24 2
23 1
22 0
22 0
21 1
21 2
21 2
21 1
21 1
22 1
22 1
22 2
22 3
22 3
22 4
22 5
22 6
22 7
22 7
22 8
23 9
23 10
23 11
23 11
23 12
23 13
23 14
23 15
23 16
23 17
23 17
23 18
23 19
23 20
23 21
23 22
23 22
23 23
23 24
24 25
24 26
24 27
24 28
24 28
24 29
24 30
24 31
24 32
24 33
24 34
24 35
24 35
24 36
24 37
24 38
24 39
24 40
24 41
24 41
24 42
24 43
25 44
25 45
25 46
25 46
25 47
25 48
25 49
25 50
25 50
25 51
25 52
25 52
25 53
25 53
25 54
25 54
25 54
25 53
25 52
25 51
25 50
25 49
25 48
25 47
25 46
25 45
25 44
25 43
25 42
25 41
25 40
25 39
25 38
25 37
25 36
25 35
25 34
25 33
25 32
25 31
25 30
25 29
25 28
25 27
25 26
25 25
25 25
26 24
26 23
26 23
26 22
26 22
26 21
26 21
26 21
26 21
25 21
25 21
25 22
25 22
24 23
23 24
23 24
22 25
22 26
22 26
21 27
20 28
20 28
19 29
19 30
18 31
18 32
18 32
17 33
17 34
16 35
16 35
15 36
14 37
14 38
13 39
13 39
12 40
12 41
11 42
11 43
11 43
10 44
10 45
9 46
9 46
8 47
7 48
7 48
6 49
6 49
6 49
6 49
7 50
7 50
7 50
8 49
9 49
9 49
10 48
11 48
11 48
12 47
13 47
14 46
14 46
15 45
16 45
17 44
17 44
18 43
19 43
20 42
21 42
21 42
22 41
23 41
24 40
24 40
25 39
26 39
27 38
28 38
28 38
29 38
30 38
30 38
31 38
32 38
33 38
33 38
34 39
34 39
35 40
35 40
35 41
35 42
35 43
35 43
35 44
34 45
34 46
34 46
33 47
33 48
32 49
32 49
32 50
32 51
31 52
31 53
31 54
31 54
30 55
30 56
29 57
29 58
29 58
29 59
28 60
28 61
28 62
28 62
28 63
27 64
27 65
27 65
28 66
28 67
28 67
29 68
30 69
30 69
31 69
32 70
33 70
33 70
34 71
35 71
36 72
36 72
37 72
38 73
39 73
39 73
40 74
40 75
41 76
41 76
41 77
41 78
41 79
41 79
41 80
40 81
40 82
40 83
40 83
39 84
38 85
38 86
37 87
37 87
36 88
35 89
35 90
34 91
33 92
33 92
32 93
31 94
30 94
29 95
28 96
28 96
27 97
26 98
25 98
24 99
24 99
23 99
22 100
21 100
20 100
20 100
19 100
18 100
18 100
17 99
17 98
16 97
16 97
16 96
15 95
15 94
15 93
15 93
14 92
14 91
13 90
13 89
12 88
12 87
11 86
11 85
10 84
10 83
9 82
9 81
8 80
8 79
7 78
7 77
6 76
6 75
5 74
5 73
4 72
4 72
3 73
2 74
1 74
0 75
0 75
0 75
0 75
1 74
1 74
2 74
3 73
4 73
5 73
5 73
6 73
7 72
8 72
9 71
10 71
10 71
11 71
12 70
13 70
14 70
15 69
16 69
16 69
17 69
18 68
19 68
20 67
21 67
22 67
23 66
24 66
24 66
25 65
26 65
27 64
28 64
29 63
30 63
31 62
32 62
32 62
33 62
34 61
35 61
36 60
37 60
38 59
39 59
39 59
40 59
41 58
42 58
43 57
44 57
45 56
46 56
46 56
47 56
48 55
49 55
50 54
51 54
51 54
52 54
53 53
54 53
55 52
56 52
56 52
57 51
57 50
58 49
58 48
59 47
59 46
60 45
60 44
61 43
61 42
62 41
62 40
63 39
64 38
64 37
65 36
65 35
66 34
66 33
67 32
67 31
68 30
68 29
69 28
69 27
70 26
70 25
71 24
72 23
72 22
73 21
73 20
74 19
74 18
75 17
75 16
76 15
76 14
77 13
77 12
78 11
78 11
78 12
78 12
79 12
79 12
80 13
80 13
81 14
82 14
82 14
83 15
84 15
84 15
85 16
86 16
86 16
87 17
88 18
88 18
89 19
89 19
90 20
90 20
91 21
91 21
92 22
92 22
92 22
92 22
91 22
90 23
89 23
88 24
87 24
86 24
85 25
84 25
83 26
82 26
81 26
80 27
79 27
78 28
77 28
77 28
76 29
75 30
74 31
74 31
73 32
73 32
73 32
74 31
74 31
75 31
75 31
76 31
77 30
78 30
78 30
79 30
80 29
81 29
82 29
82 29
83 29
84 28
85 28
86 28
86 28
87 28
88 27
89 27
89 27
90 27
91 26
92 26
92 26
93 26
94 26
94 26
95 26
96 26
96 26
96 26
96 26
95 26
95 26
94 27
93 27
92 28
91 29
90 29
89 30
88 31
87 31
86 32
85 32
84 33
83 34
82 34
81 35
81 35
80 36
80 36
80 36
80 36
80 36
81 36
81 36
82 37
83 37
83 37
84 37
85 37
85 37
86 38
87 38
87 38
88 38
89 39
90 39
90 39
91 40
92 40
92 40
93 41
94 42
94 42
95 43
96 44
97 45
97 45
97 46
98 47
98 48
98 48
99 49
99 50
100 51
100 51
100 52
100 53
100 54
100 54
99 55
99 56
98 57
98 58
98 58
97 59
97 60
96 61
96 62
96 62
95 63
95 64
94 65
94 66
93 67
93 67
92 68
91 69
90 70
90 70
89 71
88 72
87 73
87 73
86 74
85 74
85 74
85 73
85 73
85 72
85 71
85 70
85 70
85 69
85 68
86 67
86 66
86 65
86 64
86 63
87 62
87 61
87 60
87 59
87 58
88 57
88 56
88 55
88 54
89 53
89 52
89 51
89 50
89 49
90 48
90 47
90 46
90 45
90 44
91 43
91 42
91 41
91 40
91 39
92 38
92 37
92 36
92 36
92 36
93 35
93 35
92 35
92 35
91 36
91 37
91 37
90 38
89 39
89 39
88 40
87 41
86 42
86 43
85 44
84 45
84 45
83 46
83 47
82 48
81 49
81 50
80 51
80 51
79 52
78 53
77 54
77 55
76 56
75 57
74 58
