2 53
1 54
1 54
0 54
0 54
0 54
0 53
0 53
1 52
1 51
1 51
2 50
2 49
3 48
3 48
4 47
5 46
6 45
7 44
8 43
8 43
9 42
10 41
11 40
12 39
13 38
13 38
14 37
15 36
16 35
17 35
18 34
19 33
19 33
20 32
21 32
22 31
23 31
24 30
25 30
26 29
26 29
27 28
28 27
29 27
30 26
31 25
31 25
32 24
33 23
34 23
35 22
35 22
36 21
37 21
38 20
38 20
39 20
39 20
39 20
38 20
38 20
37 19
37 18
36 17
35 16
35 15
34 14
34 13
33 12
32 11
32 10
31 9
30 8
30 7
29 6
29 5
28 4
27 3
27 2
26 1
26 1
26 0
26 0
25 0
25 0
25 1
25 2
25 2
25 3
25 3
25 4
25 5
25 6
25 7
25 8
25 8
25 9
25 10
25 11
25 12
25 13
25 14
25 15
25 15
25 16
25 17
25 18
25 19
26 20
26 21
26 22
26 23
26 24
26 24
26 25
26 26
26 27
26 28
27 29
27 30
27 31
27 32
27 33
27 33
27 34
27 35
27 36
27 37
27 38
27 39
27 40
27 41
27 42
27 42
27 43
27 44
27 45
28 46
28 47
28 48
28 49
28 50
28 50
28 51
28 52
28 53
29 54
29 55
29 56
29 57
29 57
29 58
29 59
29 60
29 61
29 61
29 62
29 63
29 64
29 64
29 64
29 64
29 64
28 63
28 62
28 62
28 61
28 60
28 59
28 59
28 58
28 57
28 56
28 55
28 55
28 54
28 53
27 52
27 51
27 50
27 50
27 49
27 48
27 47
27 46
27 45
27 44
27 44
27 43
27 42
27 41
27 40
27 40
27 39
26 38
26 37
26 37
26 36
26 36
26 36
25 37
25 37
24 38
24 38
24 39
23 40
23 41
23 41
22 42
22 43
21 44
21 44
21 45
20 46
20 47
20 48
20 48
19 49
19 50
18 51
18 51
18 52
17 53
17 54
17 54
16 55
15 56
15 56
15 57
15 57
15 57
16 56
17 55
17 55
18 54
19 53
19 52
20 51
20 51
21 50
22 49
23 48
24 47
24 47
25 46
26 45
27 45
28 44
29 43
29 43
30 42
31 41
32 40
32 40
33 40
34 39
35 39
35 39
36 39
37 39
37 39
37 40
37 41
37 41
37 42
37 43
36 44
36 45
36 46
36 46
35 47
35 48
34 49
34 50
33 51
33 51
32 52
32 53
31 54
31 55
30 56
30 57
29 58
29 58
28 59
28 60
27 61
26 62
26 63
25 64
25 64
24 65
23 66
23 67
22 68
21 69
21 69
20 70
20 71
19 72
19 72
20 72
20 72
21 72
21 72
22 72
23 71
24 71
24 71
25 70
26 70
27 69
28 69
28 69
29 69
30 68
31 68
32 68
32 68
33 68
34 68
35 68
36 68
36 68
37 68
38 69
39 69
39 69
40 70
41 71
41 71
42 72
42 73
43 74
43 75
43 75
43 76
43 77
43 78
43 79
43 79
43 80
43 81
42 82
42 83
42 84
42 84
41 85
41 86
40 87
40 88
40 88
39 89
39 90
38 91
38 92
37 93
37 93
36 94
35 95
34 95
33 96
33 96
32 97
31 98
30 98
29 99
29 99
28 99
27 100
26 100
26 100
25 100
24 100
23 100
23 100
22 99
21 99
21 99
21 98
20 97
20 96
20 95
20 94
19 93
19 92
19 91
19 90
18 89
18 88
18 87
18 86
17 85
17 84
17 84
16 85
15 85
14 86
14 86
13 86
13 86
12 86
12 86
12 86
12 86
13 86
13 86
14 85
15 85
15 85
16 84
17 83
18 82
18 82
19 81
20 80
21 80
22 79
23 78
23 78
24 77
25 76
26 75
27 75
28 74
29 73
29 73
30 72
31 71
32 70
33 70
34 69
35 68
35 68
36 67
37 66
38 65
39 64
40 63
41 62
41 62
42 61
43 60
44 59
45 59
46 58
47 57
48 56
48 56
49 55
50 55
51 54
52 53
53 53
54 52
54 52
55 51
56 50
57 49
57 49
58 49
58 49
57 50
57 50
56 51
56 51
55 52
54 53
53 54
53 54
54 53
54 52
55 51
55 50
56 49
56 48
57 47
57 46
58 45
58 44
59 43
59 42
60 41
60 40
61 39
62 38
62 37
63 36
63 35
64 34
64 33
65 32
65 31
66 30
66 29
67 28
67 27
68 26
69 25
69 24
70 23
70 22
71 21
71 20
72 19
72 18
73 17
73 16
74 15
74 14
75 13
75 12
76 11
76 11
77 12
78 13
78 13
79 13
79 13
80 14
80 15
80 15
81 16
82 17
82 17
83 18
84 18
84 18
85 19
86 20
86 20
87 21
88 21
88 21
89 22
90 22
90 22
91 22
91 22
92 22
92 22
92 22
91 23
91 23
90 24
89 25
89 25
89 25
88 26
87 27
86 28
85 29
84 30
83 31
82 32
81 33
80 34
79 35
79 35
78 36
78 37
77 38
77 38
76 39
75 39
75 39
74 40
74 40
75 40
75 40
76 39
76 38
76 38
77 37
78 37
79 36
80 36
80 36
81 35
82 35
83 34
83 34
84 33
85 33
86 32
86 32
87 31
88 31
89 30
90 30
90 30
91 29
92 29
93 28
93 28
94 27
95 27
95 27
96 27
96 27
95 28
95 29
95 29
94 30
94 31
93 32
93 32
92 33
92 34
91 35
91 35
90 36
89 37
89 38
88 39
88 39
87 40
86 41
86 42
85 43
85 43
85 44
84 45
84 46
84 46
84 47
84 47
85 48
85 48
86 48
87 48
88 48
88 48
89 48
90 48
91 48
91 48
92 48
93 48
94 48
94 48
95 48
96 48
97 48
97 48
98 49
99 49
99 49
100 50
100 51
100 51
99 52
99 53
98 54
98 54
97 55
97 56
96 57
96 57
95 58
94 59
94 60
93 61
93 61
92 62
91 63
90 64
89 65
89 65
88 66
87 67
86 67
85 68
85 68
84 68
83 69
82 69
82 69
81 69
80 69
80 69
80 68
80 67
81 66
81 65
81 64
81 63
82 62
82 61
82 60
82 59
83 58
83 57
83 56
83 55
84 54
84 53
84 52
84 51
85 50
85 49
85 48
85 47
86 46
86 45
86 44
86 43
87 42
87 41
87 40
87 39
88 38
88 37
88 36
88 35
89 34
89 33
89 32
89 32
89 33
89 34
89 34
88 35
88 36
87 37
87 38
87 38
86 39
86 40
85 41
85 42
85 42
85 43
84 44
84 45
83 46
83 47
82 48
82 49
82 49
81 50
81 51
80 52
79 53
79 54
78 55
78 55
77 56
77 57
76 58
75 59
74 60
74 61
73 62
