4 54
4 55
4 56
4 57
4 57
3 58
2 58
2 58
1 59
1 59
0 60
0 60
0 61
0 61
1 60
1 59
1 59
2 58
3 57
4 56
4 56
5 55
6 55
7 54
8 54
9 53
9 53
10 52
11 51
12 50
13 49
14 48
15 47
15 47
16 46
17 45
18 44
19 43
20 42
21 41
21 41
22 40
23 40
24 39
25 38
26 37
27 37
28 36
28 36
29 35
30 34
31 33
32 33
33 32
34 31
34 31
35 30
36 29
37 29
38 28
39 27
39 27
40 26
41 26
42 25
42 25
43 24
43 24
43 23
43 23
42 23
42 23
41 22
40 21
39 20
39 19
38 18
37 17
36 16
35 15
34 14
34 13
33 12
32 11
31 10
30 9
29 8
29 7
28 6
27 5
27 5
27 4
26 3
26 2
26 1
26 1
26 0
26 0
26 1
26 1
26 2
26 3
26 3
26 4
26 5
26 6
26 7
26 8
26 8
26 9
26 10
26 11
26 12
26 13
26 14
26 15
26 16
26 16
26 17
26 18
26 19
26 20
26 21
26 22
26 23
26 24
26 25
26 26
26 26
26 27
26 28
26 29
26 30
26 31
26 32
26 33
26 34
26 35
26 36
26 37
26 37
26 38
26 39
26 40
26 41
27 42
27 43
27 44
27 45
27 46
27 47
27 47
27 48
27 49
27 50
27 51
28 52
28 53
28 54
28 55
28 56
28 56
28 57
28 58
28 59
28 60
28 61
28 62
28 63
28 63
28 64
28 65
28 66
28 67
28 67
29 68
29 69
29 69
29 69
28 69
28 69
28 68
28 67
28 67
27 66
27 65
27 65
27 64
27 63
27 62
27 61
27 60
27 60
27 59
27 58
26 57
26 56
26 55
26 55
26 54
26 53
26 52
26 51
26 50
26 49
26 48
26 48
26 47
26 46
26 45
26 44
26 43
26 42
26 42
26 41
26 40
25 39
25 38
25 37
25 37
25 36
25 35
25 35
25 34
25 34
24 35
24 35
23 36
23 37
23 37
22 38
22 39
21 40
21 40
21 41
20 42
20 43
20 44
20 44
20 45
19 46
19 47
18 48
18 49
18 49
18 50
17 51
17 52
17 53
17 53
16 54
15 55
15 55
15 56
15 56
16 56
16 56
17 55
17 54
18 53
18 53
19 52
20 51
21 51
22 50
22 50
23 49
24 48
25 48
26 47
26 47
27 46
28 45
29 45
30 44
30 44
31 44
32 44
33 44
33 44
34 44
35 44
35 44
35 45
35 46
35 47
35 47
35 48
35 49
34 50
34 51
34 52
34 52
33 53
33 54
32 55
32 56
31 57
31 57
30 58
30 59
29 60
28 61
28 62
27 63
27 63
26 64
25 65
25 66
24 67
23 68
23 68
22 69
22 70
22 70
22 71
22 71
23 71
24 71
25 71
25 71
26 70
27 70
28 69
28 69
29 68
30 68
31 67
32 67
32 67
33 67
34 66
35 66
36 66
36 66
37 66
38 67
39 67
40 67
40 67
41 68
42 69
43 70
43 70
43 71
43 72
44 73
44 74
44 75
44 75
44 76
44 77
44 78
44 79
44 80
44 80
44 81
44 82
43 83
43 84
43 85
43 86
43 86
43 87
42 88
42 89
42 90
41 91
41 92
41 92
40 93
40 94
39 95
39 96
39 96
38 97
38 98
37 99
37 99
36 99
35 100
34 100
34 100
33 100
32 100
32 100
31 99
30 99
30 99
29 98
29 97
29 97
28 96
28 95
27 94
27 93
26 92
26 91
25 90
25 89
24 88
24 87
23 86
23 85
22 84
22 83
21 82
21 82
20 83
19 84
18 85
18 85
17 85
16 86
15 86
15 86
14 86
14 86
13 86
13 86
13 86
13 86
14 86
14 86
15 85
16 84
16 84
17 83
18 82
19 82
20 81
21 80
21 80
22 79
23 79
24 78
25 77
26 76
27 76
28 75
28 75
29 74
30 73
31 72
32 71
33 70
34 69
35 68
35 68
36 67
37 66
38 66
39 65
40 64
41 63
42 63
43 62
44 61
44 61
45 60
46 59
46 58
47 57
48 56
49 55
49 54
50 53
51 52
52 51
52 50
53 49
54 48
55 47
55 46
56 45
57 44
58 43
58 42
59 41
60 40
61 39
61 38
62 37
63 36
64 35
64 34
65 33
66 32
67 31
67 30
68 29
69 28
70 27
70 26
71 25
72 24
73 23
73 22
74 21
75 20
75 20
76 21
77 21
77 21
78 20
78 20
79 21
80 21
80 21
81 22
82 22
83 23
83 23
84 24
85 25
85 25
86 25
87 26
88 26
88 26
89 26
90 27
91 27
92 27
92 27
93 28
94 28
94 28
95 29
96 29
96 29
97 29
97 29
96 29
96 29
96 30
96 31
96 31
95 32
94 33
94 33
93 34
92 35
91 36
90 36
89 37
88 38
87 39
86 40
85 41
84 41
83 42
82 43
81 44
81 44
80 45
79 46
79 47
78 48
77 49
77 49
76 50
76 51
76 51
76 51
76 50
76 50
77 50
78 50
78 50
79 49
80 49
81 48
81 48
82 47
83 46
84 45
84 45
85 44
86 43
87 43
88 42
88 42
89 41
90 41
91 40
91 40
92 40
93 39
94 39
94 39
94 40
94 41
94 41
93 42
93 43
92 44
92 45
91 46
91 46
90 47
90 48
89 49
89 49
88 50
87 51
86 52
86 52
85 53
84 54
84 54
84 55
84 56
84 56
85 57
85 57
86 57
87 57
87 57
88 57
89 56
90 56
90 56
91 56
92 56
93 56
94 56
94 56
95 56
96 56
97 56
97 56
98 57
98 57
99 58
100 58
100 58
100 59
100 60
100 61
100 61
99 62
99 63
98 64
98 65
98 65
97 66
97 67
96 68
96 68
95 69
95 70
94 71
94 71
93 72
92 73
91 74
91 74
90 75
89 75
88 76
88 76
87 76
86 76
86 76
86 75
86 75
86 74
86 73
87 72
87 71
87 70
87 69
88 68
88 67
88 66
88 65
88 64
89 63
89 62
89 61
89 60
90 59
90 58
90 57
90 56
91 55
91 54
91 53
91 52
91 51
92 50
92 49
92 48
92 47
93 46
93 45
93 44
93 44
93 43
93 43
92 43
92 43
92 44
91 45
91 46
91 46
90 47
90 48
89 49
89 50
88 51
88 51
87 52
86 53
85 54
85 55
84 56
83 57
83 57
82 58
82 59
81 60
81 61
80 62
80 63
79 64
