3 27
2 28
1 29
1 29
0 28
0 28
0 28
0 28
1 28
1 28
2 27
2 27
3 26
4 26
5 25
5 25
6 24
7 24
8 23
9 23
9 23
10 22
11 22
12 21
13 21
13 21
14 20
15 19
16 19
17 18
17 18
18 17
19 17
20 16
21 16
22 15
22 15
23 14
24 13
25 13
26 12
26 12
27 11
28 10
29 10
30 9
30 9
31 8
32 8
33 7
33 7
34 6
34 6
35 6
35 6
35 6
34 6
33 6
32 5
31 5
30 5
29 5
28 5
27 4
26 4
25 4
24 4
23 4
22 3
21 3
20 3
20 3
19 2
18 2
17 1
17 1
16 0
16 0
16 0
16 0
16 1
16 1
16 2
17 3
17 4
17 4
17 5
18 6
18 7
18 7
18 8
18 9
19 10
19 11
19 12
19 12
19 13
19 14
20 15
20 16
20 17
20 17
20 18
20 19
21 20
21 21
21 22
21 23
21 23
21 24
21 25
21 26
21 27
21 28
21 29
21 29
21 30
21 31
22 32
22 33
22 34
22 35
22 35
22 36
22 37
23 38
23 39
23 40
23 40
23 41
23 42
23 43
23 44
23 45
23 46
23 46
23 47
24 48
24 49
24 50
24 50
24 51
24 52
24 53
24 53
24 54
24 55
24 55
24 56
24 56
24 56
24 55
24 55
24 54
24 54
24 53
24 52
24 51
24 51
24 50
24 49
24 48
24 47
24 46
24 46
24 45
23 44
23 43
23 42
23 42
23 41
22 40
22 39
22 38
22 38
22 37
21 36
21 35
21 34
21 34
20 33
19 33
18 32
18 32
17 32
16 31
15 31
15 31
14 31
13 31
13 31
12 32
11 32
11 32
10 33
9 34
9 34
8 35
8 36
7 37
7 37
6 38
5 39
5 39
4 40
4 40
4 40
5 40
6 40
6 40
7 39
8 39
9 38
9 38
10 37
11 36
12 36
13 35
14 34
14 34
15 34
16 33
17 33
18 32
19 32
20 31
21 31
21 31
22 30
23 30
24 29
25 28
26 28
27 27
27 27
28 27
29 26
30 26
31 26
32 26
33 25
34 25
34 25
35 24
36 24
37 23
38 23
38 23
39 23
40 22
41 22
41 22
42 22
43 22
43 22
42 23
42 24
41 25
40 26
39 27
39 28
38 29
37 30
36 31
36 32
35 33
34 34
34 35
33 36
32 37
31 38
31 39
30 40
29 41
29 42
28 43
27 44
26 45
26 46
25 47
24 48
23 49
23 50
22 51
21 52
21 53
20 54
19 55
18 56
18 57
17 58
16 59
16 60
15 61
14 62
13 63
13 64
12 65
11 66
10 67
10 68
9 69
9 69
10 70
10 71
10 71
10 70
10 69
10 68
10 68
9 67
9 66
9 66
10 65
11 65
11 65
12 64
13 64
14 63
15 63
15 63
16 62
17 61
18 60
19 59
19 59
20 58
21 57
22 57
23 56
23 56
24 55
25 55
26 54
27 54
27 54
28 54
29 53
30 53
30 53
31 53
32 53
32 53
32 54
32 54
32 55
32 56
32 57
32 57
31 58
31 59
30 60
30 60
29 61
28 62
27 63
27 63
26 64
26 65
25 66
25 66
24 67
24 68
23 69
23 69
22 70
22 71
22 71
22 72
22 72
23 73
23 73
24 74
24 74
25 74
26 75
27 75
27 75
28 75
29 75
30 75
30 75
31 75
32 76
33 76
33 76
34 77
35 77
35 77
36 78
36 79
36 79
37 80
37 81
37 81
38 82
38 83
38 83
38 84
38 85
38 86
38 86
38 87
37 88
37 89
37 89
36 90
36 91
35 92
35 92
35 93
34 94
34 95
34 96
34 96
33 97
32 97
31 98
31 98
30 99
29 100
29 100
28 100
27 100
26 100
26 100
25 100
24 100
24 100
23 99
23 99
23 98
22 97
22 96
22 96
22 95
23 94
23 93
23 93
23 92
24 91
24 90
24 89
24 89
25 88
25 87
26 86
26 85
27 84
27 84
28 83
29 82
29 81
30 80
30 80
31 79
32 78
32 77
33 76
34 75
34 75
35 74
35 73
36 72
36 71
37 70
37 70
38 69
38 68
39 67
39 66
39 66
40 65
41 64
42 63
43 62
43 62
43 61
44 60
44 59
44 58
44 57
45 56
45 55
45 54
46 53
46 52
46 51
46 50
47 49
47 48
47 47
48 46
48 45
48 44
48 43
49 42
49 41
49 40
50 39
50 38
50 37
50 36
51 35
51 34
51 33
52 32
52 31
52 30
53 29
53 28
53 27
53 26
54 25
54 24
54 23
55 22
55 21
55 20
55 19
56 18
56 17
56 16
57 15
57 14
57 13
57 12
58 11
58 10
58 9
59 8
59 7
59 6
59 5
60 4
60 3
60 3
61 2
61 2
61 2
61 2
62 3
63 4
63 4
64 5
65 6
65 6
66 7
67 8
67 8
68 8
69 9
70 9
70 9
71 9
72 10
73 10
73 10
74 10
75 11
76 11
76 11
77 11
78 12
79 12
79 12
80 13
81 13
81 13
82 14
82 14
82 15
82 15
82 16
82 16
81 17
81 18
81 18
80 19
79 20
79 20
78 21
77 22
76 23
75 23
74 24
73 25
72 26
71 27
70 28
69 28
68 29
67 30
66 31
66 31
65 32
64 32
63 33
63 33
62 33
62 33
61 33
61 33
61 33
62 33
62 33
63 32
63 32
64 31
65 31
66 30
66 30
67 29
68 29
69 28
70 28
70 28
71 27
72 26
73 26
74 25
74 25
75 24
76 23
77 23
78 22
78 22
79 21
80 20
81 20
82 19
82 19
83 19
84 18
85 18
85 18
86 18
87 18
87 18
88 19
88 19
88 20
88 21
88 21
88 22
88 23
88 23
87 24
87 25
86 26
86 27
86 27
85 28
84 29
84 30
83 31
83 31
82 32
81 33
81 34
80 35
80 35
79 36
79 37
78 38
78 39
78 39
77 40
76 41
76 41
75 42
75 42
76 42
76 42
77 42
77 42
78 41
79 41
80 40
80 40
81 39
82 39
83 38
84 38
84 38
85 38
86 37
87 37
88 37
88 37
89 37
90 36
91 36
92 36
92 36
93 36
94 35
95 35
95 35
96 36
97 36
97 36
98 37
98 38
99 39
99 39
99 40
100 41
100 42
100 42
100 43
99 44
99 45
99 46
99 46
99 47
99 48
98 49
98 50
98 51
98 51
98 52
97 53
97 54
96 55
96 56
96 56
95 57
95 58
94 59
94 60
93 61
93 62
93 62
92 63
91 64
91 65
90 66
90 66
89 67
88 68
88 69
87 70
87 70
86 71
85 72
85 73
84 74
84 74
83 75
82 75
81 76
80 76
80 76
79 75
78 75
78 75
77 74
76 73
76 73
76 72
76 71
76 70
76 69
76 69
76 68
76 67
76 66
76 65
76 64
76 63
76 62
76 62
76 61
77 60
77 59
77 58
77 57
78 56
78 55
78 55
78 54
78 53
78 52
78 51
79 50
79 49
79 48
79 47
79 46
79 46
79 45
80 44
80 43
80 42
81 41
81 40
81 40
81 39
81 38
82 37
82 36
82 35
82 35
82 34
82 33
82 33
82 33
82 34
82 34
82 35
81 36
81 37
81 37
81 38
80 39
80 40
80 41
79 42
79 43
79 43
79 44
78 45
78 46
77 47
77 48
76 49
76 50
76 50
75 51
75 52
74 53
74 54
73 55
73 56
72 57
72 58
72 58
71 59
71 60
70 61
70 62
69 63
69 64
68 65
68 66
68 66
68 67
67 68
67 69
66 70
66 71
66 72
65 73
65 74
