9 24
8 24
7 25
6 25
6 25
5 25
5 25
4 25
4 25
4 25
4 24
4 24
5 23
5 23
6 22
7 21
7 21
8 20
9 19
9 19
10 18
11 18
12 17
12 17
13 16
14 16
15 15
15 15
16 14
16 13
17 12
17 12
18 11
19 11
20 10
20 10
21 9
22 9
23 8
23 8
24 7
25 7
25 7
26 6
26 6
27 6
27 6
27 6
26 6
25 5
24 5
23 5
22 4
21 4
20 4
19 3
18 3
18 3
17 2
16 1
16 1
15 0
15 0
15 0
15 1
15 1
15 2
15 2
15 3
15 4
15 4
15 5
15 6
15 7
15 7
15 8
16 9
16 10
16 11
16 11
16 12
16 13
16 14
16 15
16 15
16 16
16 17
17 18
17 19
17 20
17 21
17 21
17 22
17 23
17 24
17 25
17 26
17 27
17 27
17 28
17 29
18 30
18 31
18 32
18 33
18 33
18 34
18 35
18 36
18 37
18 38
18 39
18 40
18 40
18 41
18 42
19 43
19 44
19 45
19 45
19 46
19 47
20 48
20 49
20 50
20 51
20 51
20 52
21 53
21 54
21 55
21 55
21 56
21 57
21 58
21 58
21 59
21 60
21 60
21 60
21 60
21 60
21 59
21 58
21 57
21 57
21 56
21 55
21 54
21 53
21 53
21 52
21 51
21 50
21 49
21 48
21 47
21 47
21 46
21 45
21 44
21 43
21 42
21 42
21 41
21 40
20 39
20 38
20 37
20 36
20 36
20 35
20 34
19 33
19 32
19 31
19 30
19 30
19 29
19 28
19 27
19 26
19 26
19 25
18 24
18 23
18 23
18 22
18 22
18 22
18 22
18 23
18 24
18 24
18 25
17 26
17 27
17 27
17 28
16 29
16 30
16 31
16 31
16 32
16 33
15 34
15 35
15 36
15 36
15 37
14 38
14 39
14 40
13 41
13 42
13 42
12 43
12 44
11 45
11 46
10 47
10 48
10 48
9 49
9 50
8 51
8 52
7 53
7 53
7 54
6 55
6 56
6 57
5 58
5 59
5 59
4 60
3 61
2 62
2 62
1 63
1 64
1 64
0 65
0 65
0 65
1 64
1 64
2 63
2 62
2 62
3 61
4 60
5 59
5 59
6 58
7 57
7 56
8 55
8 55
9 54
10 53
10 52
11 51
12 50
12 50
13 49
14 49
15 48
16 48
17 47
17 47
18 46
19 45
20 44
21 43
21 43
22 42
23 41
24 41
25 40
25 40
26 39
27 38
28 37
29 36
29 36
30 35
31 35
32 34
32 34
33 33
34 32
34 32
35 31
36 30
36 30
37 29
37 29
37 29
36 30
36 31
35 32
34 33
33 34
33 35
32 36
31 37
31 38
30 39
29 40
28 41
28 42
27 43
26 44
26 45
25 46
24 47
23 48
23 49
22 50
21 51
21 52
20 53
19 54
18 55
18 56
17 57
17 57
18 57
18 57
17 56
17 56
18 55
18 54
18 54
19 53
20 52
20 52
21 51
22 51
23 50
23 50
24 49
25 48
25 48
26 48
27 47
28 47
28 47
29 47
30 47
31 47
31 47
32 48
32 48
33 49
33 49
33 50
33 51
33 52
33 52
33 53
33 54
33 55
33 56
33 56
32 57
32 58
31 59
31 59
31 60
30 61
30 62
30 63
30 63
29 64
29 65
28 66
28 67
28 67
28 68
28 69
28 70
28 70
28 71
28 72
28 72
29 73
29 74
29 74
30 75
30 76
30 76
31 77
32 78
32 78
33 79
33 80
33 80
34 81
34 82
35 83
35 83
36 84
36 85
37 86
37 86
37 87
37 88
37 88
37 89
37 90
37 91
37 91
37 92
37 93
37 94
37 95
37 95
36 96
36 97
36 97
35 98
35 99
35 99
34 100
33 100
33 100
32 100
31 100
31 100
30 100
29 100
29 100
28 100
27 100
27 100
26 99
25 99
25 99
24 98
24 97
24 97
24 96
24 95
24 95
24 94
24 93
24 93
24 92
25 91
25 90
25 90
25 89
26 88
26 87
26 86
26 86
27 85
27 84
27 84
28 83
29 82
29 82
30 81
30 80
30 80
29 81
28 81
27 82
26 82
25 83
24 83
23 84
22 84
21 85
20 85
19 86
18 86
17 87
16 87
15 88
14 88
13 89
12 89
11 90
10 90
9 91
8 91
7 92
6 92
5 93
4 93
3 94
2 94
2 94
1 95
1 96
0 97
0 98
0 98
0 97
0 97
0 97
0 97
1 96
2 96
2 96
3 95
3 94
4 93
4 93
5 92
6 91
7 90
7 90
8 89
9 88
10 87
11 86
11 86
12 85
13 84
14 83
15 82
16 81
16 81
17 80
18 79
19 79
20 78
21 77
21 77
22 76
23 75
24 74
24 73
25 72
26 71
26 71
27 70
28 69
29 68
30 68
31 67
32 66
32 66
33 65
34 65
35 64
36 63
37 63
38 62
38 62
39 61
40 61
41 60
42 59
43 59
44 58
44 58
44 57
45 56
45 55
46 54
46 53
47 52
47 51
48 50
48 49
49 48
49 47
50 46
50 45
50 44
51 43
51 42
52 41
52 40
53 39
53 38
54 37
54 36
55 35
55 34
56 33
56 32
57 31
57 30
57 29
58 28
58 27
59 26
59 25
60 24
60 23
61 22
61 21
62 20
62 19
63 18
63 17
63 16
64 15
64 14
65 13
65 12
66 11
66 10
67 9
67 8
68 7
68 6
69 5
69 4
69 4
69 5
69 5
69 5
69 5
70 6
70 6
71 7
72 7
72 7
73 8
74 8
74 8
75 9
75 9
76 10
77 10
77 10
78 11
79 11
79 11
80 12
80 12
81 12
82 12
82 12
82 13
82 13
83 14
83 14
83 15
83 15
82 16
81 17
80 18
79 19
78 20
77 21
76 22
75 23
74 23
73 24
72 25
71 26
70 27
69 28
68 29
67 30
67 30
67 31
66 32
66 33
66 33
65 33
65 33
65 32
65 32
66 31
66 31
67 30
67 30
68 29
69 29
69 29
70 28
71 28
72 27
72 27
73 26
74 26
75 25
75 25
76 24
77 24
78 23
78 23
79 23
80 22
81 22
81 22
82 21
83 21
83 21
84 20
85 20
85 20
86 21
86 21
87 22
87 22
87 23
87 23
87 24
87 25
87 26
87 26
87 27
86 28
86 29
86 29
85 30
85 31
84 32
84 32
84 33
83 34
83 35
83 35
82 36
82 37
81 38
81 38
81 39
81 39
81 40
81 40
81 40
82 40
82 40
83 40
84 40
84 40
85 39
86 39
87 38
87 38
88 38
89 37
90 37
90 37
91 36
92 36
92 36
93 36
94 35
95 35
95 35
96 35
97 35
97 35
98 36
98 36
98 37
99 38
99 39
99 39
100 40
100 41
100 41
100 42
99 43
99 44
99 45
99 45
99 46
99 47
98 48
98 49
98 50
98 50
97 51
97 52
96 53
96 54
95 55
95 55
95 56
94 57
94 58
94 59
93 60
93 61
93 61
92 62
92 63
91 64
91 65
90 66
90 67
90 67
89 68
89 69
88 70
88 71
87 72
87 72
86 73
85 74
85 75
84 76
83 77
83 77
82 78
81 79
81 80
80 81
80 81
79 82
78 83
78 83
78 83
78 82
78 81
78 80
78 79
78 78
78 77
79 76
79 75
79 74
79 73
79 72
79 71
79 70
79 69
79 68
79 67
79 66
79 65
79 64
80 63
80 62
80 61
80 60
80 59
80 58
80 57
80 56
80 55
80 54
80 53
80 52
80 51
81 50
81 49
81 48
81 47
81 46
81 45
81 44
81 44
81 45
80 46
80 47
80 47
79 46
79 46
78 47
78 48
78 48
77 49
77 50
77 50
76 51
76 52
76 52
75 53
75 54
74 55
74 55
74 56
73 57
73 58
72 59
72 60
72 60
71 61
71 62
70 63
70 64
69 65
69 65
68 66
68 67
67 68
67 69
66 70
66 71
66 71
66 72
65 73
65 74
64 75
64 76
63 77
63 78
