0 40
1 41
1 41
0 41
0 41
0 40
0 39
0 39
1 38
2 37
2 37
3 36
4 35
5 34
5 34
6 33
7 32
8 31
9 30
10 29
10 29
11 28
12 28
13 27
14 27
15 26
16 26
17 25
17 25
18 24
19 24
20 23
21 23
22 22
23 22
23 22
24 21
25 20
26 20
27 19
27 19
28 18
29 17
29 17
30 17
31 16
32 16
32 16
33 15
33 15
34 14
34 14
34 13
34 13
33 12
32 11
32 10
31 9
30 8
29 7
29 6
28 5
27 4
26 3
26 2
25 1
24 0
24 0
24 0
24 0
25 1
25 1
26 2
26 2
26 3
26 4
26 4
26 5
27 6
27 7
27 8
27 8
27 9
27 10
27 11
27 12
27 13
27 13
27 14
27 15
27 16
27 17
27 18
27 19
27 19
27 20
27 21
28 22
28 23
28 24
28 25
28 25
28 26
28 27
28 28
28 29
28 30
28 31
28 31
28 32
28 33
28 34
28 35
28 36
28 37
28 38
28 38
28 39
28 40
28 41
28 42
28 43
28 44
28 45
28 45
28 46
28 47
29 48
29 49
29 50
29 50
29 51
29 52
29 53
29 54
29 54
30 55
30 56
30 56
30 57
30 57
30 57
30 57
30 56
30 55
30 54
30 53
30 52
30 51
30 50
30 49
30 48
30 47
30 46
30 45
30 44
29 43
29 42
29 41
29 40
29 39
29 38
29 37
29 36
29 35
29 34
29 33
29 32
29 31
29 30
29 30
29 29
29 28
30 27
30 26
30 25
30 25
31 24
31 24
31 24
30 24
30 24
30 24
29 25
29 25
28 26
28 26
28 27
27 28
27 29
27 29
26 30
25 31
24 32
24 32
24 33
23 34
23 35
22 36
22 37
22 37
21 38
21 39
20 40
20 41
19 42
19 42
18 43
18 44
17 45
17 46
17 46
16 47
16 48
15 49
15 50
15 50
15 51
14 52
14 53
14 53
14 54
14 54
14 55
14 55
15 56
15 56
16 56
16 56
17 55
18 55
18 55
19 54
20 53
20 53
21 53
22 52
23 52
24 52
24 52
25 51
26 51
27 50
27 50
28 49
29 48
29 48
30 48
31 48
32 48
32 48
33 48
34 48
34 48
34 49
34 49
35 50
35 51
35 51
35 52
34 53
34 54
34 54
34 55
33 56
33 57
33 58
33 58
33 59
32 60
32 61
32 62
32 62
32 63
31 64
31 65
31 66
31 66
31 67
32 68
32 69
32 69
33 70
34 71
34 71
35 72
36 72
36 72
37 72
38 73
39 73
39 73
40 73
41 73
42 73
42 73
43 73
44 74
45 74
45 74
46 75
46 76
46 76
46 77
46 78
46 79
46 79
46 80
46 81
45 82
45 83
45 84
45 84
44 85
44 86
43 87
43 88
43 88
42 89
41 90
41 91
40 92
40 92
39 93
38 94
38 95
37 96
37 96
36 97
35 98
34 99
34 99
33 99
32 100
31 100
31 100
30 100
30 100
29 99
29 98
29 98
28 97
28 96
27 95
26 94
26 93
25 92
24 91
24 90
23 89
23 88
22 87
21 86
21 85
20 84
19 83
19 82
18 81
18 81
17 82
16 82
16 82
15 82
15 82
14 83
14 83
14 83
14 83
14 83
15 82
15 82
16 81
17 81
18 80
18 80
19 79
20 79
21 78
22 78
22 78
23 77
24 76
25 76
26 75
26 75
27 75
28 74
29 74
30 73
31 73
31 73
32 72
33 72
34 71
35 71
36 70
36 70
37 69
38 69
39 68
40 68
41 67
41 67
42 66
42 65
43 64
43 63
44 62
44 61
45 60
45 59
46 58
46 57
47 56
47 55
48 54
48 53
49 52
49 51
50 50
50 49
51 48
51 47
52 46
52 45
53 44
53 43
54 42
55 41
55 40
56 39
56 38
57 37
57 36
58 35
58 34
59 33
59 32
60 31
60 30
61 29
61 28
62 27
62 26
63 25
63 24
64 23
64 22
65 21
65 20
66 19
66 18
67 17
67 17
68 17
68 17
69 17
69 17
70 18
70 18
71 19
72 19
72 19
73 19
73 19
74 20
75 20
75 20
76 21
77 21
77 21
78 22
78 22
79 23
79 23
80 23
81 23
81 23
81 24
81 24
82 24
82 24
82 25
82 25
81 26
81 26
80 27
79 27
78 28
77 29
76 29
75 30
74 30
73 31
72 32
71 32
70 33
70 33
69 34
68 35
68 36
67 37
66 38
66 38
65 39
65 39
65 39
65 39
65 39
66 39
66 39
67 39
67 39
68 38
69 38
69 38
70 38
71 37
72 37
72 37
73 37
74 37
74 37
75 36
76 36
76 36
77 36
78 36
78 36
79 36
79 36
80 36
80 36
81 36
81 36
81 37
81 37
80 37
80 37
80 38
80 38
79 39
79 40
79 40
78 41
77 42
77 42
76 43
75 44
75 44
74 45
74 46
74 46
73 47
72 48
72 48
71 49
71 50
70 51
70 51
69 52
69 52
68 52
68 52
67 53
67 53
67 53
67 53
68 53
68 53
68 52
68 52
69 52
70 52
70 52
71 51
72 51
72 51
73 50
74 50
74 50
75 50
76 50
77 50
77 50
78 50
79 49
80 49
80 49
81 49
82 49
83 49
84 49
84 49
85 49
86 49
87 49
87 49
88 49
89 50
90 50
90 50
91 50
92 51
93 51
93 51
94 52
95 52
96 53
96 53
97 54
98 55
98 55
99 56
99 57
99 57
99 58
100 59
100 60
100 60
100 61
99 62
99 63
99 63
98 64
98 65
97 66
97 67
97 67
96 68
95 69
95 70
94 71
94 71
93 72
92 73
92 74
91 75
91 75
90 76
89 77
88 78
87 79
87 79
86 80
85 81
84 81
83 82
83 82
82 83
81 83
80 84
80 84
79 83
79 83
79 82
80 81
80 80
80 79
80 78
81 77
81 76
81 75
81 74
82 73
82 72
82 71
82 70
83 69
83 68
83 67
83 66
84 65
84 64
84 63
85 62
85 61
85 60
85 59
86 58
86 57
86 56
86 55
87 54
87 53
87 52
87 51
88 50
88 49
88 48
88 47
89 46
89 45
89 45
88 45
88 45
87 46
87 46
86 47
85 47
84 48
84 48
83 49
82 50
82 51
81 52
81 52
80 53
79 54
79 55
78 56
77 57
77 57
76 58
75 59
74 60
74 61
73 62
72 63
71 64
71 64
70 65
70 66
69 67
68 68
68 69
67 70
66 71
66 72
65 73
65 73
64 74
64 75
63 76
62 77
62 78
61 79
60 80
60 81
59 82
