10 24
9 24
8 24
8 24
8 24
9 23
9 22
9 22
10 21
11 20
11 20
12 19
13 18
14 17
14 17
15 16
16 16
17 15
17 15
18 14
19 13
20 13
21 12
21 12
22 11
23 11
24 10
25 10
25 10
26 9
27 8
27 8
28 7
29 7
29 7
30 7
30 7
29 8
28 9
27 10
26 11
25 11
24 12
23 13
22 14
21 15
21 15
20 16
20 17
19 18
19 18
18 19
18 19
17 20
17 20
17 21
17 22
17 23
17 23
17 24
17 25
17 26
17 27
17 27
17 28
17 29
17 30
17 31
17 32
17 32
17 33
17 34
17 35
17 36
17 37
17 38
17 39
17 39
17 40
17 41
17 42
17 43
17 44
17 45
17 46
17 47
17 48
17 48
17 49
17 50
17 51
17 52
17 53
17 54
17 55
17 56
17 57
17 58
17 58
17 59
17 60
17 61
18 62
18 63
18 64
18 65
18 66
18 66
18 67
18 68
18 69
18 70
18 71
18 72
18 73
18 74
18 75
18 75
18 76
18 77
18 78
18 79
18 80
18 81
18 82
18 83
18 84
18 84
18 85
18 86
19 87
19 88
19 89
19 89
19 90
19 91
19 92
19 93
19 94
19 94
19 95
19 96
19 97
19 98
19 98
19 99
19 100
19 100
18 99
18 98
17 97
17 96
16 95
16 94
15 93
15 92
14 91
14 90
13 89
13 88
12 87
12 86
11 85
10 84
10 83
9 82
9 81
8 80
8 79
7 78
7 77
6 76
6 75
5 74
5 73
4 72
4 71
3 70
3 69
2 68
2 68
1 67
1 67
0 67
0 67
0 66
0 66
0 66
1 65
1 65
2 64
3 63
3 63
4 62
5 61
6 60
6 60
7 59
8 58
8 57
9 56
10 55
10 55
11 54
11 53
12 52
13 51
13 50
14 49
14 49
15 48
16 47
17 46
17 45
18 44
19 43
19 43
20 42
21 41
22 40
23 39
24 38
24 38
25 37
26 36
27 35
28 34
28 34
29 33
30 32
31 32
32 31
32 31
33 31
34 31
35 31
36 31
36 31
36 31
36 31
36 30
36 30
36 30
36 30
36 31
36 31
37 32
37 32
37 33
37 34
37 34
37 35
37 36
37 36
37 37
37 38
37 38
37 39
37 40
37 41
37 41
37 42
37 43
37 43
37 44
37 44
37 44
37 44
37 43
37 43
37 42
37 42
37 41
38 40
38 39
38 39
38 38
39 37
39 36
39 36
39 35
40 34
40 33
40 33
40 32
41 31
41 30
41 30
42 29
42 28
42 28
43 27
43 27
44 26
44 26
45 26
45 26
46 26
47 25
48 25
49 25
50 24
51 24
51 24
52 23
53 23
53 23
53 22
53 22
52 22
52 22
52 22
51 23
51 23
50 24
50 24
49 25
48 26
48 26
48 27
47 28
47 29
47 29
47 30
47 31
47 31
46 32
46 33
46 33
46 34
46 34
46 35
46 35
47 35
47 35
47 35
48 34
48 34
48 33
49 32
49 31
49 31
50 30
50 29
51 28
51 28
52 27
52 26
53 25
53 25
54 24
54 23
54 23
55 22
55 22
55 22
56 23
56 23
56 24
56 24
57 25
57 26
57 26
57 27
57 28
57 28
57 29
57 29
58 30
58 30
59 30
59 30
60 29
60 29
61 28
61 28
61 27
62 26
62 25
62 25
63 24
63 23
63 23
64 22
64 21
65 20
65 20
65 19
65 19
66 19
66 19
66 19
66 20
66 20
66 21
66 22
66 22
66 23
66 24
66 24
66 25
66 25
66 26
66 27
66 27
66 27
67 27
67 27
67 26
67 26
68 25
68 24
68 24
69 23
69 22
69 22
70 21
70 20
70 20
71 19
72 19
72 19
73 18
73 18
73 19
73 19
74 20
74 20
75 21
75 21
75 22
75 22
75 23
75 23
76 23
76 23
76 23
76 22
76 22
77 21
77 20
77 20
77 19
77 18
77 17
77 17
77 16
77 15
77 14
77 14
77 13
77 12
77 11
77 10
77 10
77 9
77 8
77 7
77 7
77 6
77 5
77 4
77 3
77 3
76 2
76 1
76 1
76 0
76 0
76 0
76 1
76 1
76 2
76 2
76 3
76 4
76 5
76 6
76 6
76 7
76 8
76 9
76 10
76 10
76 11
77 12
77 13
77 13
77 14
77 15
77 16
77 17
77 17
77 18
77 19
77 20
77 21
77 21
77 22
77 23
77 23
77 24
77 24
77 25
77 25
77 25
77 24
77 24
77 23
77 22
77 22
78 21
78 20
78 20
78 19
78 18
78 17
78 17
78 16
79 15
79 14
79 14
80 13
80 13
81 12
81 12
82 11
82 11
82 11
82 11
82 12
82 12
82 13
82 13
82 14
82 15
82 15
81 16
80 17
80 17
79 18
79 19
79 19
78 20
78 21
78 21
77 21
77 21
78 22
78 22
79 23
80 23
80 23
81 23
82 22
83 22
83 22
84 22
85 22
86 21
87 21
88 21
88 21
89 21
90 21
91 20
92 20
93 20
93 20
94 20
95 19
96 19
97 19
98 19
99 18
100 18
