17 15
18 15
18 15
17 14
17 13
17 13
18 12
19 11
19 11
20 10
21 9
22 9
23 8
23 8
24 7
25 7
26 6
27 6
27 6
28 5
29 5
30 4
30 4
31 3
32 3
33 2
34 2
34 2
35 2
36 1
37 1
37 1
38 1
39 0
40 0
40 0
39 0
38 1
37 1
36 2
35 2
35 2
34 3
33 3
32 4
32 4
31 4
30 4
30 4
30 5
29 6
29 7
29 7
29 8
28 9
28 10
28 10
28 11
28 12
28 13
28 14
28 15
28 16
28 16
28 17
28 18
28 19
28 20
28 21
27 22
27 23
27 24
27 25
27 26
27 27
27 27
27 28
27 29
27 30
27 31
27 32
27 33
28 34
28 35
28 36
28 37
28 38
28 39
28 40
28 40
28 41
28 42
28 43
28 44
28 45
29 46
29 47
29 48
29 49
29 50
29 51
29 52
29 52
29 53
29 54
29 55
29 56
29 57
30 58
30 59
30 60
30 61
30 62
30 63
30 63
30 64
30 65
30 66
30 67
31 68
31 69
31 70
31 71
31 72
31 72
31 73
31 74
31 75
32 76
32 77
32 78
32 79
32 80
32 80
32 81
32 82
32 83
32 84
32 85
32 86
32 87
32 87
32 88
32 89
31 90
31 91
31 92
31 92
31 93
31 94
31 95
31 95
31 96
30 97
30 98
30 98
29 99
29 100
29 100
28 100
27 100
27 100
26 100
25 100
25 100
24 99
23 99
23 99
22 98
22 97
21 96
21 96
20 95
19 94
19 93
18 92
18 92
17 91
17 90
16 89
15 88
15 87
14 86
13 85
13 84
12 83
11 82
11 81
10 80
10 80
9 79
9 78
8 77
7 76
6 75
6 74
5 73
4 72
3 71
3 70
2 69
2 69
1 68
1 67
0 66
0 66
0 65
0 64
0 64
1 63
1 62
1 62
2 61
3 60
4 59
4 59
5 58
6 57
7 57
8 56
8 56
9 55
10 54
11 53
12 53
13 52
14 51
14 51
15 50
16 50
17 49
18 48
19 47
20 47
21 46
21 46
22 45
23 45
24 44
25 43
26 43
27 42
28 42
29 41
29 41
30 40
31 40
32 39
33 38
34 38
35 37
36 37
37 36
37 36
38 36
39 35
40 35
41 34
42 34
43 33
44 33
45 33
46 32
47 32
48 31
49 31
49 31
48 32
47 33
46 34
46 34
45 34
45 34
45 33
45 33
45 33
45 33
46 34
46 35
46 35
47 36
47 37
47 37
47 38
48 39
48 40
48 40
48 41
49 42
49 43
49 43
49 44
49 45
49 45
50 46
50 47
50 47
50 48
50 48
50 49
50 49
50 49
49 48
49 48
49 47
49 47
49 46
49 45
49 44
49 44
50 43
50 42
50 42
50 41
50 40
50 39
50 39
50 38
51 37
51 36
51 36
52 35
52 34
52 34
53 33
53 33
54 32
54 32
55 32
55 32
56 31
56 31
57 31
57 31
58 30
58 30
59 29
59 29
60 28
60 28
60 28
61 27
61 27
61 27
60 27
60 27
59 27
59 27
58 28
58 28
57 29
57 29
57 30
57 30
57 31
56 32
56 33
56 33
56 34
56 35
56 35
56 36
56 36
57 37
57 37
57 38
57 38
58 38
58 38
59 37
59 37
60 36
60 36
60 35
60 34
60 34
60 33
60 33
60 32
60 31
60 31
60 30
60 30
60 30
60 30
61 31
61 32
61 32
61 33
61 34
61 34
61 35
61 35
61 36
61 36
62 37
62 37
62 37
63 36
63 36
63 35
63 34
63 34
64 33
64 32
64 32
64 31
64 30
64 30
65 29
65 29
65 28
65 28
65 27
65 27
65 28
65 28
65 29
65 29
66 30
66 30
66 31
66 32
66 32
66 33
66 34
66 34
67 35
67 35
67 35
67 35
67 34
67 34
68 33
68 32
68 32
68 31
68 30
68 30
69 29
69 29
69 28
69 27
69 27
69 27
69 27
70 28
70 28
70 29
70 30
70 30
71 31
71 31
71 32
71 32
71 33
71 33
72 33
72 33
72 32
72 32
73 31
73 31
73 30
73 29
73 29
73 28
74 27
74 26
74 26
74 25
74 24
74 24
74 23
74 22
74 21
74 20
74 20
74 19
74 18
74 17
74 17
74 16
74 15
74 14
74 13
74 13
74 12
75 11
75 10
75 10
75 9
75 8
75 8
75 7
75 6
75 6
76 6
76 6
76 7
76 8
76 8
76 9
76 10
76 10
76 11
76 12
76 13
76 14
76 14
76 15
76 16
76 17
76 18
76 18
76 19
76 20
76 21
76 22
76 23
76 23
76 24
77 25
77 26
77 27
77 27
77 28
77 29
77 30
77 31
77 31
77 32
77 33
77 34
77 34
77 35
77 35
77 36
77 36
77 35
77 35
77 34
77 34
77 33
77 32
77 32
76 31
76 30
76 30
76 29
76 28
76 27
76 27
76 26
77 25
77 24
77 24
77 23
77 22
77 21
77 21
78 20
79 19
79 19
80 18
80 17
80 17
81 17
81 17
81 17
81 18
81 18
81 19
81 19
81 20
80 21
80 22
80 22
79 23
79 24
79 24
78 25
77 25
77 25
76 26
76 26
75 27
75 27
74 27
74 27
74 26
74 26
74 26
75 25
75 25
75 25
76 25
77 25
77 25
78 25
79 26
80 26
80 26
81 26
82 25
83 25
84 25
84 25
85 25
86 25
87 24
88 24
89 24
90 24
90 24
91 24
92 24
93 23
94 23
95 23
95 23
96 22
97 22
98 21
99 21
100 20
