19 21
18 22
17 23
16 24
16 24
16 23
16 23
16 22
17 21
17 20
17 20
18 19
19 18
19 18
20 17
21 16
22 15
23 14
23 14
24 13
25 12
26 12
27 11
28 10
28 10
29 9
30 9
31 8
32 8
33 7
33 7
34 6
35 6
36 5
37 5
38 4
38 4
39 3
40 3
41 2
42 2
42 2
43 1
44 0
44 0
43 0
42 0
41 0
40 0
39 0
38 1
37 1
36 1
35 1
34 1
33 1
32 1
32 1
32 2
31 3
31 4
30 5
30 6
30 6
29 7
29 7
29 8
29 9
29 10
29 11
29 12
29 13
29 14
29 14
29 15
29 16
29 17
29 18
29 19
29 20
29 21
29 22
29 23
29 24
29 25
29 25
29 26
29 27
29 28
29 29
29 30
29 31
30 32
30 33
30 34
30 35
30 36
30 37
30 38
30 38
30 39
30 40
30 41
30 42
30 43
30 44
30 45
30 46
30 47
30 48
30 49
30 50
30 51
30 52
30 53
30 53
30 54
30 55
30 56
31 57
31 58
31 59
31 60
31 61
31 62
31 63
31 64
32 65
32 66
32 67
32 68
32 68
32 69
32 70
32 71
32 72
32 73
33 74
33 75
33 76
33 77
33 78
33 79
33 79
33 80
33 81
33 82
33 83
33 84
33 85
33 86
33 87
33 88
33 88
33 89
33 90
33 91
33 92
33 93
33 94
33 94
33 95
33 96
33 97
33 97
32 98
32 99
32 99
31 100
30 100
30 100
29 100
28 100
28 100
27 100
26 100
25 100
24 100
24 100
23 99
22 99
21 98
20 97
19 96
18 96
17 95
16 94
15 94
14 93
13 92
12 91
11 91
10 90
9 89
8 89
7 88
6 87
5 86
4 86
3 85
3 85
2 84
2 83
1 82
1 81
0 80
0 79
0 79
0 78
0 77
0 77
0 76
1 75
1 74
1 74
2 73
3 72
3 71
4 70
4 70
5 69
6 68
7 67
7 66
8 65
9 64
9 64
10 63
11 62
12 61
13 60
13 59
14 58
15 57
16 56
16 56
17 55
18 54
19 53
20 52
21 52
22 51
23 50
24 49
24 49
25 48
26 47
27 46
28 45
29 45
30 44
31 43
32 42
32 42
33 41
34 40
35 39
36 39
37 38
38 37
39 36
39 36
40 35
41 35
42 34
43 34
44 33
45 33
46 32
46 32
47 32
48 32
49 33
50 33
51 33
51 33
50 33
50 33
50 33
50 33
50 33
50 33
50 33
51 34
51 34
51 35
51 36
51 37
51 37
51 38
52 39
52 40
52 40
52 41
52 42
52 43
52 43
52 44
52 45
52 46
52 46
52 47
52 48
52 48
52 49
52 49
52 49
52 49
52 48
52 47
52 47
52 46
53 45
53 44
53 44
53 43
53 42
53 41
53 41
53 40
54 39
54 38
54 37
54 37
54 36
54 35
54 34
54 33
54 33
54 32
55 31
55 30
55 30
56 29
56 29
57 29
58 29
59 29
60 29
61 29
62 29
63 29
64 29
64 29
64 30
64 30
63 31
63 31
63 30
63 30
62 29
62 29
61 29
61 29
61 29
60 29
60 29
60 30
60 30
59 31
59 32
59 32
59 33
59 34
59 34
59 35
59 36
59 37
59 37
60 38
60 38
60 39
60 39
61 38
61 38
62 37
62 36
62 36
63 35
63 34
63 34
64 33
64 32
64 32
65 31
65 30
65 30
65 29
65 29
64 28
64 28
64 28
64 29
64 29
64 30
64 31
64 31
64 32
64 33
64 33
64 34
64 35
64 35
65 36
65 36
66 36
66 36
66 36
67 35
67 35
68 34
68 33
68 33
68 32
68 32
68 31
68 30
68 30
68 29
68 29
68 28
68 28
68 28
69 29
69 29
69 30
69 30
69 31
69 32
69 32
69 33
69 34
69 34
69 35
69 35
69 36
69 36
69 36
70 35
70 35
70 34
70 33
70 33
70 32
70 31
70 31
70 30
70 29
70 29
71 28
71 27
71 27
71 27
71 27
72 28
72 28
72 29
72 29
72 30
72 31
72 31
73 32
73 33
73 33
73 33
74 34
74 34
75 33
75 33
76 32
76 32
76 31
76 30
76 30
76 29
77 28
77 27
77 27
78 26
78 25
78 25
78 24
78 23
78 22
78 22
78 21
78 20
78 19
78 19
78 18
77 17
77 16
77 15
77 15
77 14
77 13
77 12
77 11
77 11
77 10
77 9
77 8
77 7
77 7
77 6
78 5
78 4
78 4
78 3
78 3
78 2
78 2
78 2
79 3
79 4
79 4
79 5
79 6
79 7
79 8
79 8
79 9
79 10
78 11
78 12
78 13
78 14
78 14
78 15
78 16
78 17
78 18
78 19
78 20
78 20
78 21
78 22
79 23
79 24
79 25
79 26
79 26
79 27
79 28
79 29
79 30
79 30
79 31
80 32
80 33
80 34
80 34
80 35
81 36
81 37
81 37
81 38
81 38
81 39
81 39
81 39
81 38
81 38
81 37
81 36
81 36
80 35
80 34
80 34
80 33
80 32
80 31
80 30
80 30
80 29
81 28
81 27
81 26
81 26
81 25
82 24
82 23
82 22
82 22
83 21
83 20
83 20
84 19
84 18
84 18
85 18
85 18
86 18
86 18
87 18
87 18
87 19
87 19
87 20
87 21
87 21
86 22
86 23
85 24
85 24
84 25
84 26
84 26
83 27
82 27
82 27
81 28
81 28
80 28
79 28
79 28
79 27
79 27
79 27
79 26
79 26
80 26
80 26
81 26
81 26
82 26
83 26
83 26
84 26
85 26
85 26
86 26
87 27
88 27
88 27
89 27
90 27
91 27
91 27
92 27
93 26
94 26
95 26
95 26
96 25
97 25
98 24
99 24
