30 12
29 13
28 13
28 13
28 13
29 13
29 13
30 13
30 13
31 12
32 12
33 11
33 11
34 10
35 10
36 9
36 9
37 8
38 8
39 7
39 7
40 6
41 5
42 5
43 4
43 4
44 3
45 3
46 2
47 2
47 2
48 1
49 0
49 0
48 1
47 2
46 3
45 3
44 4
43 5
43 5
42 6
41 6
40 7
40 7
39 8
39 9
39 9
39 10
38 11
38 12
38 12
38 13
38 14
38 15
38 16
38 17
38 18
38 18
38 19
38 20
38 21
38 22
38 23
38 24
38 25
38 26
38 26
38 27
38 28
38 29
38 30
38 31
38 32
38 33
38 34
38 35
38 36
38 37
38 38
38 38
38 39
38 40
38 41
38 42
38 43
38 44
38 45
38 46
38 47
38 48
38 49
38 50
38 51
38 51
38 52
38 53
38 54
38 55
38 56
38 57
39 58
39 59
39 60
39 61
39 62
39 63
39 64
39 64
39 65
39 66
39 67
39 68
39 69
39 70
39 71
39 72
39 73
39 74
39 74
39 75
39 76
39 77
39 78
40 79
40 80
40 81
40 82
40 83
40 83
40 84
40 85
40 86
40 87
40 88
40 89
40 89
40 90
39 91
39 92
39 92
38 93
38 94
38 94
37 95
36 96
36 96
35 97
34 97
34 97
33 98
32 98
31 99
31 99
30 99
29 100
28 100
27 100
27 100
26 100
25 100
24 100
24 100
23 100
22 100
21 100
20 100
19 100
19 100
18 100
17 99
16 99
15 99
15 99
14 98
13 98
12 97
11 97
11 97
10 96
9 95
8 95
7 94
7 94
6 93
5 92
5 91
4 90
4 90
3 89
2 88
1 87
1 87
1 86
0 85
0 84
0 83
0 83
0 82
0 81
0 80
0 79
0 79
1 78
1 77
2 76
2 75
3 74
3 74
4 73
5 72
6 71
6 70
7 69
8 68
8 68
9 67
10 66
11 66
12 65
13 64
14 63
15 63
16 62
16 62
17 61
18 60
19 60
20 59
21 58
22 57
23 57
24 56
25 55
25 55
26 54
27 54
28 53
29 52
30 51
31 51
32 50
33 49
34 49
35 48
35 48
36 47
37 46
38 46
39 45
40 44
41 43
42 43
43 42
44 41
44 41
45 40
46 40
47 39
48 39
49 38
50 38
51 37
51 37
52 36
53 36
54 35
55 34
56 34
57 33
57 33
58 33
59 32
60 32
61 31
62 31
62 31
63 31
63 31
62 31
61 32
60 32
59 33
58 33
58 33
58 32
58 32
58 31
58 31
58 30
58 30
58 30
58 30
58 30
58 30
59 31
59 31
60 32
60 33
60 33
60 34
60 35
60 36
60 36
60 37
60 38
60 38
60 39
60 40
60 41
60 41
60 42
60 43
60 43
60 44
60 45
60 45
60 46
60 46
60 47
60 47
60 46
60 46
60 45
60 44
60 44
60 43
61 42
61 41
61 41
61 40
61 39
61 38
61 38
61 37
62 36
62 35
62 34
62 34
62 33
63 32
63 31
63 31
63 30
64 29
64 28
64 28
65 27
65 27
66 27
67 28
68 28
69 28
70 29
71 29
71 29
70 29
70 29
69 29
69 29
69 28
69 28
68 28
68 28
67 28
67 28
67 28
66 29
66 29
66 30
66 31
66 31
66 32
66 33
66 33
66 34
66 35
66 35
66 36
66 36
67 36
67 36
68 36
68 36
69 35
69 35
70 34
70 33
70 33
70 32
70 31
70 31
71 30
71 29
71 29
71 28
71 27
71 27
71 26
71 26
71 26
71 27
71 27
71 28
71 28
71 29
71 30
71 30
71 31
71 32
71 32
71 33
71 34
71 34
71 35
71 35
72 35
72 35
72 34
72 34
73 33
73 33
73 32
73 31
73 31
73 30
73 30
74 29
74 28
74 28
74 27
74 27
74 26
74 26
74 26
74 27
74 27
74 28
74 29
74 29
75 30
75 30
75 31
75 31
75 32
75 32
75 32
75 32
75 31
75 31
75 30
75 30
75 29
75 29
76 28
76 27
76 27
76 26
76 26
76 25
76 25
77 25
77 25
77 26
77 26
77 27
77 27
77 28
77 28
78 29
78 29
78 30
78 30
78 31
78 31
78 30
78 30
79 29
79 29
79 28
79 28
80 27
80 26
80 26
80 25
80 25
80 24
80 23
80 22
80 22
80 21
80 20
80 19
80 19
80 18
80 17
80 16
80 16
80 15
80 14
80 13
80 12
80 12
81 11
81 10
81 10
81 9
81 8
81 8
81 7
81 6
81 6
82 6
82 6
82 7
82 8
82 8
82 9
82 10
82 10
82 11
81 12
81 13
81 14
81 14
81 15
81 16
81 17
81 18
81 19
81 19
81 20
81 21
81 22
81 23
81 24
81 24
81 25
81 26
81 27
81 28
81 29
81 29
81 30
82 31
82 32
82 32
82 33
82 34
82 35
82 35
83 36
83 36
83 37
83 37
83 37
83 36
83 36
83 35
83 34
83 34
82 33
82 32
82 32
82 31
82 30
82 29
82 29
82 28
83 27
83 26
83 26
83 25
84 24
84 23
84 23
84 22
85 21
85 20
85 20
86 19
86 18
86 18
87 17
87 17
87 17
88 17
88 17
87 18
87 19
87 19
86 20
86 21
86 21
85 22
85 23
85 23
84 24
84 25
84 25
83 26
82 27
82 27
82 27
81 27
81 27
81 26
81 26
81 25
81 25
81 24
81 24
82 24
82 24
83 24
84 24
84 24
85 25
85 25
86 25
87 26
88 26
88 26
89 26
90 26
91 26
92 26
92 26
93 26
94 26
95 26
96 26
96 26
97 26
98 25
99 25
100 25
