25 13
25 14
25 14
26 13
26 13
27 12
28 12
28 12
29 11
30 11
31 10
32 10
32 10
33 9
34 8
35 8
36 7
36 7
37 6
38 6
39 5
40 5
40 5
41 5
42 4
43 4
44 3
45 3
45 3
46 2
47 2
48 1
48 1
49 1
49 1
50 0
51 0
51 0
51 1
51 1
50 1
49 1
48 1
47 2
46 2
45 2
44 2
43 2
42 2
41 2
40 2
39 3
38 3
37 3
36 3
36 3
35 4
34 5
34 5
34 6
34 6
34 7
34 8
34 9
34 10
34 10
34 11
33 12
33 13
33 14
33 14
33 15
33 16
33 17
33 18
33 19
33 20
33 21
33 21
33 22
33 23
33 24
33 25
33 26
33 27
33 28
33 29
33 30
33 31
33 31
33 32
33 33
33 34
33 35
33 36
32 37
32 38
32 39
32 40
32 41
32 42
32 42
32 43
32 44
32 45
32 46
32 47
32 48
33 49
33 50
33 51
33 52
33 53
33 54
33 55
33 56
33 56
33 57
33 58
33 59
33 60
33 61
33 62
33 63
33 64
33 65
33 66
33 67
33 68
33 68
33 69
33 70
33 71
33 72
33 73
33 74
33 75
33 76
33 77
33 77
33 78
33 79
33 80
34 81
34 82
34 83
34 84
34 85
34 85
34 86
34 87
34 88
34 89
34 90
34 90
34 91
34 92
35 93
35 94
35 95
35 95
35 96
35 97
35 98
35 98
35 99
35 100
35 100
34 100
34 100
33 99
32 99
31 98
30 97
29 96
28 96
27 95
26 94
25 93
24 93
23 92
22 91
21 91
20 90
19 89
18 88
17 88
16 87
15 86
14 86
13 85
12 84
11 83
10 83
9 82
8 81
7 80
6 80
5 79
5 79
4 79
3 80
2 80
1 80
1 80
0 79
0 79
0 79
0 78
1 77
1 76
1 76
2 75
3 74
4 73
5 72
5 72
6 71
7 70
8 69
9 69
10 68
11 67
11 67
12 66
13 65
14 64
15 63
15 62
16 61
17 60
18 59
18 59
19 58
20 57
21 56
22 55
23 54
24 53
25 52
26 51
26 51
27 50
28 50
29 49
30 48
31 47
32 47
33 46
34 45
35 45
36 44
36 44
37 43
38 42
39 42
40 41
41 40
42 39
43 39
44 38
44 38
45 37
46 36
47 35
48 35
49 34
50 33
50 33
51 33
52 32
53 32
54 32
55 31
56 31
57 31
58 30
59 30
59 30
59 30
59 31
59 31
60 31
60 31
60 32
60 33
60 33
60 34
60 35
60 36
60 36
60 37
60 38
60 39
60 39
60 40
60 41
60 42
60 42
59 43
59 44
59 44
59 45
59 46
59 47
59 47
59 48
59 48
59 49
59 49
59 49
59 48
59 48
60 47
60 46
60 46
61 45
61 44
61 44
61 43
62 42
62 41
62 40
62 40
62 39
63 38
63 37
63 37
64 36
65 35
65 35
66 34
66 33
66 33
67 32
68 32
68 32
69 32
70 32
70 32
71 31
71 31
72 32
73 32
74 33
74 33
75 34
75 34
74 34
74 34
74 34
74 34
73 33
73 33
73 32
73 32
73 32
72 31
72 31
72 32
72 32
71 32
71 32
71 33
71 34
71 34
70 35
70 35
70 36
70 37
70 37
70 38
70 39
70 39
70 40
70 41
70 41
70 41
70 42
70 42
71 42
71 42
71 41
71 41
72 40
72 39
72 39
73 38
73 37
73 37
74 36
74 35
74 35
74 34
74 34
75 33
75 33
75 33
75 34
75 34
75 34
76 35
76 35
76 36
76 36
77 36
77 36
77 37
77 37
78 36
78 36
79 36
79 36
79 35
80 34
80 33
81 32
81 31
81 31
82 30
82 29
82 29
82 29
82 30
82 30
82 31
82 31
81 32
81 33
81 33
81 34
81 34
81 35
81 35
81 36
81 36
81 37
81 37
81 37
81 37
81 36
81 36
82 35
82 35
83 34
83 33
83 33
84 32
84 32
85 31
85 31
85 30
85 30
86 31
86 31
86 31
86 32
86 32
86 33
86 33
86 34
86 34
86 34
86 34
86 33
87 32
87 31
88 30
88 29
88 28
89 27
89 26
90 25
90 24
90 23
91 22
91 21
91 20
92 19
92 18
93 17
93 16
93 16
93 15
93 15
93 16
93 16
93 17
93 17
92 18
92 19
92 19
92 20
91 21
91 22
91 22
91 23
91 24
91 25
91 25
91 26
90 27
90 28
90 28
90 29
90 30
90 31
90 31
90 32
89 33
89 34
89 34
89 35
89 36
89 36
90 37
90 37
90 38
90 38
90 38
90 37
90 37
90 36
90 36
91 35
91 34
91 34
91 33
91 32
91 32
91 31
92 30
92 29
92 29
92 28
93 27
93 26
93 26
94 25
94 25
95 24
95 24
95 24
95 24
96 25
96 25
96 26
96 26
96 27
96 27
95 28
95 28
95 29
95 30
95 30
94 30
94 30
93 31
93 31
92 31
92 31
92 31
92 31
92 30
92 30
93 30
93 30
94 31
94 31
95 32
96 32
96 32
97 32
98 33
99 33
100 33
