12 13
12 14
13 15
13 16
13 16
14 15
14 14
14 14
15 13
16 13
17 12
17 12
18 11
19 11
20 10
21 10
21 10
22 9
23 9
24 8
25 8
26 7
26 7
27 6
28 5
29 5
30 4
30 4
31 3
32 3
33 2
34 2
34 2
33 2
32 1
31 1
30 0
29 0
29 0
28 1
27 2
26 3
25 4
25 4
25 5
25 6
25 7
25 8
25 8
25 9
25 10
25 11
25 12
25 13
25 14
25 15
25 16
25 16
25 17
25 18
25 19
25 20
25 21
25 22
25 23
25 24
25 25
25 26
25 26
25 27
25 28
25 29
25 30
25 31
25 32
25 33
25 34
25 35
25 36
25 37
25 38
25 39
25 39
25 40
25 41
25 42
25 43
25 44
25 45
26 46
26 47
26 48
26 49
26 50
26 51
26 52
26 52
26 53
26 54
26 55
27 56
27 57
27 58
27 59
27 60
27 61
28 62
28 63
28 64
28 65
28 65
28 66
28 67
28 68
29 69
29 70
29 71
29 72
29 73
29 73
29 74
29 75
29 76
29 77
29 78
29 79
29 80
29 80
29 81
29 82
29 83
29 84
29 85
29 86
29 87
29 87
29 88
29 89
28 90
28 91
28 92
28 92
28 93
27 94
27 95
27 96
27 96
26 97
25 98
25 98
24 99
23 99
23 99
22 99
21 100
20 100
20 100
19 99
18 98
17 97
16 97
15 96
14 95
13 94
12 93
11 92
10 91
9 91
8 90
7 89
6 88
5 87
4 86
3 86
2 85
1 84
0 83
0 83
0 82
0 81
0 80
0 79
0 78
0 78
0 77
1 76
1 75
1 75
2 74
3 73
4 72
5 71
5 71
6 70
7 69
8 68
9 67
10 66
10 66
11 65
12 64
13 63
13 62
14 61
15 60
16 59
16 59
17 58
18 57
19 56
20 55
21 54
22 53
22 53
23 52
24 52
25 51
26 50
27 49
28 49
29 48
29 48
30 47
31 47
32 46
33 45
34 44
35 44
36 43
36 43
37 43
38 42
39 42
40 42
41 41
42 41
42 41
43 40
44 39
44 38
45 37
46 36
46 36
45 36
45 36
44 36
44 36
44 35
44 35
43 35
43 35
43 34
43 34
43 33
43 33
43 32
43 32
44 31
44 31
44 31
45 32
45 32
46 33
46 34
46 34
46 35
47 36
47 37
47 37
47 38
48 39
48 40
48 41
48 41
48 42
48 43
48 43
48 44
48 45
48 46
48 46
48 47
48 48
48 48
48 49
48 50
48 50
48 50
48 50
48 49
48 49
48 48
48 47
48 46
48 46
48 45
48 44
48 43
48 43
48 42
49 41
49 40
49 40
49 39
49 38
49 37
49 37
49 36
50 35
50 34
50 34
51 33
51 32
51 32
52 31
53 31
54 30
55 30
56 29
57 29
57 29
57 29
57 29
57 29
57 29
56 28
56 28
56 28
56 27
56 27
55 28
55 28
55 29
55 29
54 30
54 31
54 31
54 32
54 33
54 33
54 34
54 35
54 35
54 36
54 37
54 37
55 38
55 38
56 38
56 38
57 38
57 38
58 37
58 37
59 36
59 35
59 35
59 34
59 33
59 33
59 32
59 32
59 31
59 30
59 30
58 30
58 30
58 29
58 29
58 29
58 30
58 31
58 31
58 32
58 33
58 33
59 34
59 35
59 35
59 36
59 36
60 37
60 37
61 37
61 37
62 36
62 35
62 35
62 34
62 34
62 33
62 32
62 32
63 31
63 30
63 30
63 29
63 28
63 28
63 27
63 27
63 27
63 27
64 28
64 28
64 29
64 30
64 30
65 31
65 32
65 32
65 33
65 33
65 34
65 34
65 35
65 35
65 34
65 34
65 33
65 33
65 32
65 31
65 31
65 30
65 30
66 29
66 28
66 28
66 27
66 27
66 27
66 27
66 28
66 29
66 29
67 30
67 30
67 31
67 32
67 32
67 32
68 33
68 33
68 32
68 32
69 31
69 31
69 30
69 29
69 28
69 28
70 27
70 26
70 26
70 25
70 24
70 24
70 23
70 22
70 21
70 21
70 20
70 19
70 18
70 18
70 17
70 16
70 15
70 15
70 14
70 13
70 12
70 12
70 11
71 10
71 9
71 9
71 8
71 7
71 7
71 6
71 6
71 6
71 6
71 7
71 8
71 9
71 9
71 10
71 11
71 12
71 13
71 13
71 14
71 15
71 16
71 17
71 18
71 18
71 19
71 20
71 21
71 22
71 22
71 23
72 24
72 25
72 26
72 26
72 27
73 28
73 29
73 30
73 30
74 31
74 32
74 32
74 33
74 33
74 33
74 33
74 32
74 32
74 31
74 31
73 30
73 29
73 29
73 28
73 27
73 27
73 26
74 25
74 24
74 24
74 23
74 22
74 21
74 21
74 20
75 19
75 18
75 18
76 17
76 16
76 16
77 15
77 15
78 15
78 15
78 15
79 16
79 17
79 17
78 18
78 19
78 19
78 20
77 21
77 22
77 22
76 23
75 24
75 24
74 25
74 25
73 26
73 26
72 26
72 26
71 25
71 25
71 25
72 24
72 24
73 24
73 24
74 24
75 24
75 24
76 24
77 23
78 23
79 23
79 23
80 23
81 23
82 22
83 22
84 22
85 22
85 22
86 22
87 21
88 21
89 20
90 20
91 19
92 19
92 19
93 19
94 18
95 18
96 17
97 17
98 17
99 16
100 16
