28 16
27 17
26 17
26 17
25 16
24 16
24 16
24 15
24 15
25 14
26 14
26 14
27 13
28 12
28 12
29 11
30 10
31 10
32 9
32 9
33 9
34 8
35 8
36 7
37 7
37 7
38 6
39 6
40 5
41 5
41 5
42 4
43 4
44 3
45 3
45 3
46 3
47 2
48 2
48 2
49 1
50 1
50 1
51 0
52 0
52 0
51 0
50 1
49 1
48 1
47 2
46 2
45 2
44 3
43 3
42 4
41 4
40 4
39 5
38 5
37 5
36 6
35 6
35 6
34 7
34 8
34 8
34 8
34 9
34 10
34 10
34 11
34 12
34 13
34 13
34 14
34 15
34 16
34 17
34 18
34 18
34 19
34 20
34 21
34 22
34 23
34 24
34 25
34 25
34 26
34 27
34 28
34 29
34 30
34 31
34 32
34 33
34 33
34 34
34 35
34 36
34 37
34 38
34 39
34 40
34 41
34 42
34 43
34 44
34 45
34 45
34 46
34 47
34 48
34 49
34 50
34 51
34 52
34 53
34 54
34 55
34 56
34 57
34 58
34 58
34 59
34 60
34 61
34 62
34 63
34 64
34 65
34 66
34 67
34 68
34 69
34 70
34 70
34 71
34 72
34 73
34 74
34 75
34 76
34 77
34 78
34 79
34 80
34 80
34 81
34 82
34 83
35 84
35 85
35 86
35 87
35 88
35 88
35 89
35 90
36 91
36 92
36 93
36 93
36 94
37 95
37 96
37 97
37 97
37 98
37 99
37 100
37 100
37 100
36 100
35 99
34 99
33 98
32 98
31 97
30 97
29 96
28 96
27 96
26 95
25 95
24 94
23 94
22 93
21 93
20 93
19 92
18 92
17 91
16 91
15 90
14 90
13 89
12 89
11 89
10 88
9 88
8 87
7 87
6 86
5 86
5 86
4 87
3 87
2 88
1 88
1 88
0 87
0 86
0 86
0 85
0 84
0 84
0 83
1 82
1 81
2 80
2 79
2 79
3 78
4 77
5 76
6 75
7 74
8 73
8 73
9 72
10 71
11 70
12 70
13 69
14 68
15 67
15 67
16 66
17 65
18 64
19 63
20 63
21 62
22 61
23 60
24 59
24 59
25 58
26 58
27 57
28 56
29 55
30 55
31 54
32 53
33 53
34 52
34 52
35 51
36 51
37 50
38 49
39 48
40 48
41 47
42 46
43 46
44 45
44 45
45 44
46 44
47 43
48 42
49 42
50 41
51 41
52 40
52 40
53 39
54 39
55 38
56 37
57 37
58 36
58 36
58 37
57 38
57 39
56 40
56 41
56 41
57 40
57 39
57 39
57 39
57 39
58 40
58 40
59 41
59 42
59 42
59 43
59 44
59 45
59 45
59 46
59 47
59 48
59 49
59 49
59 50
60 51
60 52
60 52
60 53
60 54
60 54
60 55
60 55
60 56
60 56
60 56
60 55
60 55
60 54
60 54
60 53
61 52
61 51
61 51
61 50
61 49
61 48
61 47
61 47
61 46
62 45
62 44
62 44
63 43
63 42
64 41
64 41
65 40
65 39
65 39
66 38
67 38
67 38
68 37
68 37
69 36
70 36
70 36
71 36
71 36
72 37
73 37
74 38
75 38
75 38
75 39
75 39
75 39
75 38
75 38
74 37
74 37
74 36
74 36
73 35
73 35
73 35
72 35
72 35
72 36
72 36
71 37
71 37
71 38
71 39
71 39
71 40
71 41
71 42
71 42
70 43
70 44
70 44
70 45
70 46
70 46
70 47
70 47
71 48
71 48
71 48
72 47
72 47
73 46
73 45
73 45
74 44
74 43
74 43
75 42
75 41
75 41
75 40
75 39
75 38
75 38
76 37
76 37
76 37
76 38
76 38
76 38
77 39
77 40
77 40
77 41
77 41
78 41
78 41
78 42
78 42
79 42
79 42
80 41
80 41
81 40
81 39
82 38
82 37
82 37
82 36
82 35
82 34
82 34
82 33
82 33
82 33
82 34
82 34
82 35
82 35
82 36
82 37
82 37
82 38
82 39
82 39
81 40
81 40
81 41
81 42
81 42
81 43
81 43
82 43
82 43
82 43
82 42
82 42
83 41
83 41
83 40
84 39
84 38
84 38
85 37
85 36
85 36
86 35
86 34
86 34
86 33
86 33
87 33
87 33
87 34
87 34
87 35
87 35
87 36
87 36
87 37
87 38
87 38
87 39
87 39
87 39
88 40
88 40
88 39
88 39
88 38
88 37
89 36
89 35
89 34
89 33
90 32
90 31
90 30
90 29
90 28
91 27
91 26
91 25
91 25
91 24
91 23
92 22
92 21
92 20
92 20
92 19
92 19
92 18
92 18
92 19
92 19
92 19
91 20
91 21
91 21
91 22
91 23
91 24
91 24
91 25
91 26
91 27
91 28
91 28
91 29
90 30
90 31
90 31
90 32
90 33
90 34
90 35
90 36
90 36
90 37
90 38
90 39
90 39
90 40
90 41
90 42
90 42
90 43
90 44
90 44
90 45
90 45
90 45
90 44
90 44
90 43
90 42
90 42
90 41
90 40
90 39
90 39
90 38
91 37
91 36
91 36
91 35
91 34
91 33
91 33
92 32
92 31
92 31
93 30
93 29
93 29
94 28
94 28
94 28
95 28
95 28
95 28
96 29
96 29
96 30
96 30
96 31
96 31
96 32
96 32
95 33
95 33
94 34
94 34
93 35
93 35
92 35
92 35
91 35
91 35
91 35
91 35
92 35
92 35
93 35
94 35
94 35
95 35
96 35
96 35
97 36
97 36
98 36
99 36
100 36
