12 21
12 22
12 22
12 21
12 21
13 20
13 20
14 19
15 19
15 19
16 18
17 17
18 17
19 16
19 16
20 15
21 14
22 13
22 13
23 12
24 11
25 10
26 9
26 9
27 8
28 8
29 7
30 7
31 6
31 6
32 5
33 4
34 4
35 3
35 3
36 2
37 1
37 1
38 1
39 1
39 1
40 1
40 1
39 2
39 2
38 3
37 4
36 5
35 6
34 7
34 8
33 9
32 10
31 11
30 12
29 13
29 13
28 14
27 14
26 15
26 15
25 16
25 16
24 17
24 17
24 18
24 19
24 20
24 20
24 21
24 22
24 23
24 24
24 25
24 25
24 26
24 27
24 28
24 29
24 29
24 30
24 31
24 32
24 33
24 34
24 35
24 36
24 36
24 37
24 38
24 39
24 40
25 41
25 42
25 43
25 44
25 45
25 45
25 46
25 47
25 48
25 49
25 50
25 51
25 52
25 53
25 54
25 55
25 56
25 56
25 57
25 58
25 59
25 60
25 61
26 62
26 63
26 64
26 65
26 66
26 67
26 67
26 68
26 69
26 70
26 71
26 72
26 73
26 74
26 75
26 76
26 77
26 77
26 78
26 79
26 80
27 81
27 82
27 83
27 84
27 85
27 85
27 86
27 87
27 88
27 89
27 90
27 91
27 92
27 92
27 93
27 94
27 95
27 96
27 96
27 97
27 98
27 99
27 99
27 100
27 100
26 99
25 98
24 98
23 97
22 96
21 95
20 95
19 94
18 93
17 92
16 92
15 91
14 90
13 89
12 89
11 88
10 87
9 86
8 86
7 85
6 84
5 83
4 83
3 82
2 81
2 81
1 82
1 83
0 84
0 84
0 83
0 83
0 82
0 82
1 81
1 81
2 80
3 79
4 78
4 78
5 77
5 76
6 75
6 74
7 73
7 73
8 72
9 71
9 70
10 69
11 68
11 68
12 67
12 66
13 65
14 64
15 63
15 62
16 61
16 61
17 60
18 59
19 58
19 57
20 56
21 55
21 55
22 54
23 53
24 52
25 51
26 50
27 49
27 49
28 48
29 47
30 46
31 45
32 44
32 44
33 43
34 42
35 42
36 41
37 40
37 40
38 40
39 39
40 39
41 38
42 38
42 38
41 37
41 36
41 36
41 36
41 37
41 37
42 38
42 39
42 39
42 40
42 41
42 41
42 42
42 43
42 44
42 44
42 45
42 46
42 47
42 47
42 48
43 49
43 50
43 50
43 51
43 52
43 53
43 53
43 54
43 54
43 54
43 54
43 54
43 53
43 52
43 52
43 51
43 50
43 50
43 49
44 48
44 47
44 46
44 46
44 45
45 44
45 43
45 42
45 42
45 41
46 40
46 39
46 39
46 38
47 37
47 36
47 36
48 35
48 34
48 34
49 34
50 34
51 33
52 33
53 33
54 33
55 32
56 32
57 32
57 32
58 31
58 31
58 30
58 30
57 30
57 30
56 30
56 30
56 30
55 31
55 31
54 32
54 33
54 33
54 34
54 35
54 35
54 36
53 37
53 38
53 38
53 39
53 40
53 40
53 41
53 41
54 42
54 42
54 42
54 42
55 41
55 41
56 40
56 39
56 39
56 38
57 37
57 36
57 36
58 35
58 34
58 34
58 33
58 32
58 32
59 31
59 31
59 31
59 32
59 32
59 33
59 33
60 34
60 34
60 35
60 35
60 36
60 36
61 36
61 36
61 36
62 35
62 35
63 34
63 33
63 33
63 32
63 31
63 31
64 30
64 30
65 29
65 28
65 28
66 28
66 28
66 28
67 29
67 29
67 30
67 30
67 31
67 31
67 32
67 32
68 32
68 32
68 32
68 32
69 31
69 31
69 30
69 29
69 29
70 28
70 27
70 27
71 26
71 25
71 25
71 25
71 25
71 25
72 26
72 26
72 27
72 27
72 28
72 29
72 29
73 29
73 29
73 30
73 30
73 30
74 30
74 30
74 29
74 28
74 28
75 27
75 26
75 26
75 25
75 24
75 24
75 23
76 22
76 21
76 20
76 20
76 19
76 18
76 17
76 17
76 16
77 15
77 14
77 13
77 13
77 12
77 11
77 10
77 9
77 8
77 8
77 7
78 6
78 5
78 5
78 4
78 3
78 2
78 2
78 1
78 1
78 0
78 0
78 1
78 1
78 2
78 2
78 3
78 4
78 4
78 5
78 6
78 7
78 8
78 8
78 9
78 10
78 11
78 12
78 12
78 13
78 14
78 15
78 16
78 16
78 17
78 18
78 19
78 20
78 20
78 21
78 22
78 23
78 23
78 24
78 25
78 26
78 26
78 27
78 28
78 28
78 28
79 28
79 28
79 28
79 27
79 26
79 26
80 25
80 24
80 24
80 23
81 22
81 21
81 20
81 20
81 19
81 18
81 17
81 17
82 16
82 15
83 14
83 14
84 13
84 12
84 12
85 11
86 10
86 10
87 10
87 10
88 10
88 10
88 11
88 11
88 12
88 13
88 13
87 14
87 15
87 15
87 16
86 17
86 18
86 18
85 19
84 19
84 19
83 20
83 21
83 21
82 21
82 21
82 21
82 21
82 21
82 21
83 21
83 21
84 21
85 21
85 21
86 21
86 21
87 21
88 21
89 21
89 21
90 20
91 20
92 19
93 19
93 19
94 18
95 18
96 17
97 17
98 16
99 16
100 15
