27 11
28 12
29 12
29 12
29 12
30 12
30 12
31 11
31 11
32 10
32 10
32 9
33 8
33 7
33 7
34 6
34 5
34 5
35 4
35 3
35 3
35 2
35 2
35 1
35 1
34 1
34 1
33 0
33 0
32 1
32 2
32 2
31 2
30 3
29 3
29 3
28 4
28 5
27 6
27 7
27 7
26 8
26 9
25 10
25 11
25 11
24 12
23 13
23 14
22 15
21 16
21 16
20 17
19 18
19 19
18 20
18 20
17 21
17 22
16 23
16 24
16 24
16 25
16 26
15 27
15 28
15 29
15 29
15 30
15 31
14 32
14 33
14 34
14 34
14 35
14 36
14 37
14 38
14 39
14 39
14 40
14 41
14 42
14 43
14 44
14 44
14 45
14 46
15 47
15 48
15 49
15 49
15 50
16 51
16 52
16 53
16 53
16 54
16 55
16 56
16 57
16 57
16 58
17 59
17 60
17 61
17 61
17 62
17 63
17 64
17 64
17 65
18 66
18 67
18 68
18 68
18 69
17 70
17 71
17 72
17 72
17 73
16 74
16 75
16 76
16 76
16 77
15 78
15 79
15 80
15 80
15 81
14 82
14 83
14 84
14 84
14 85
13 86
13 87
12 88
12 89
12 89
11 90
11 91
10 92
10 92
9 93
9 94
8 95
8 95
7 96
7 97
6 98
6 98
5 99
4 99
4 99
3 100
2 100
2 100
1 100
1 100
0 99
0 99
0 98
0 98
0 97
0 96
0 96
0 95
0 95
1 94
1 93
1 93
2 92
3 91
4 90
5 89
6 88
6 87
7 86
8 85
9 84
10 83
11 82
12 81
13 80
14 79
15 78
15 77
16 76
17 75
18 74
19 73
20 72
21 71
22 70
23 69
24 68
24 67
25 66
26 65
27 64
28 63
29 62
29 62
29 62
28 62
27 62
27 62
27 61
27 61
27 61
27 61
28 61
28 61
29 60
29 60
30 59
31 58
31 58
32 57
33 57
34 56
34 56
35 55
36 55
36 55
37 55
37 55
38 55
38 55
39 55
39 55
39 55
39 55
39 54
39 54
39 54
38 54
38 54
38 53
38 53
38 52
37 51
37 50
37 49
37 48
36 47
36 46
36 45
36 44
35 43
35 42
35 41
35 41
35 41
36 40
36 39
36 39
35 38
35 38
35 38
35 38
35 39
35 39
35 40
35 40
36 41
36 42
36 42
36 43
36 44
36 45
36 45
36 46
36 47
36 48
36 48
36 49
35 50
35 51
35 51
35 52
35 53
35 54
35 55
35 55
35 56
35 57
35 58
35 59
35 59
35 60
34 61
34 62
34 63
34 63
34 64
34 65
34 66
34 67
34 67
34 68
34 69
34 70
34 70
34 71
33 72
33 73
33 73
33 74
33 75
33 76
33 76
33 77
33 78
33 79
33 79
33 80
33 81
33 82
33 82
32 83
32 84
32 84
32 85
32 86
32 86
32 87
32 87
32 88
32 88
32 89
32 89
32 89
33 89
33 89
33 89
33 89
32 89
32 89
32 88
32 88
32 87
32 87
32 87
32 86
32 86
32 85
32 85
33 84
34 83
35 82
36 81
37 80
38 79
39 78
40 77
41 76
42 75
43 74
44 73
45 72
45 72
44 73
44 74
44 74
43 74
43 74
43 74
43 74
43 74
44 74
44 74
45 74
45 74
46 73
46 73
47 72
47 72
48 71
48 70
48 70
49 69
50 68
50 68
50 67
50 66
50 66
51 65
51 65
52 64
52 64
52 63
52 63
52 62
52 62
51 61
51 61
51 60
51 60
51 60
51 59
51 59
50 59
50 59
50 60
50 60
49 60
49 60
48 61
48 62
48 62
48 63
48 63
47 64
47 65
47 65
47 66
47 66
47 67
47 68
47 68
46 69
46 69
46 70
46 71
46 71
47 72
47 72
47 73
47 74
47 74
47 74
48 75
48 75
49 76
49 76
49 76
50 76
50 76
51 77
51 77
51 77
52 76
52 76
52 76
52 76
52 76
53 76
53 76
53 76
53 76
53 75
53 75
53 75
54 74
54 74
54 74
55 73
55 73
55 72
55 72
55 71
55 71
56 71
56 71
57 70
57 70
57 69
57 69
58 68
58 68
58 67
58 66
58 66
59 65
59 65
59 64
59 64
59 64
60 63
60 63
60 62
60 62
60 62
60 62
60 62
60 62
60 62
60 62
60 62
60 62
60 62
60 62
60 63
60 63
60 64
60 64
60 65
60 65
60 66
60 66
60 67
60 68
60 68
60 69
60 69
60 70
60 70
60 71
60 72
60 72
60 73
60 74
60 74
60 75
60 75
60 76
60 76
60 77
60 78
60 78
60 79
60 79
60 80
60 80
61 81
61 81
61 82
61 82
61 83
61 83
62 83
62 83
63 83
63 83
63 82
63 82
64 81
64 81
65 80
65 80
66 79
66 79
67 78
67 77
67 77
68 76
68 76
68 75
68 74
68 74
69 73
69 73
69 72
69 71
69 71
70 70
70 69
70 69
70 68
70 68
70 68
70 67
70 67
70 67
70 66
70 66
70 66
70 66
70 66
70 66
70 67
70 67
70 67
70 68
70 68
70 68
70 69
70 69
71 70
71 70
71 71
71 71
71 72
71 72
72 72
72 72
73 73
73 73
74 73
75 73
75 73
76 73
76 73
77 72
78 72
78 72
79 71
80 70
80 70
81 69
81 69
82 68
83 67
83 67
84 66
84 66
85 65
85 65
86 64
86 63
86 63
86 62
86 62
86 61
86 61
85 60
85 60
85 59
85 59
84 59
84 59
83 59
83 59
82 59
82 59
81 60
81 61
81 61
80 62
80 63
80 63
80 64
80 65
80 65
79 66
79 67
79 67
79 68
80 69
80 70
80 70
80 71
80 72
80 72
81 73
82 74
82 74
83 75
84 76
84 76
85 76
86 76
86 76
87 76
88 75
89 75
90 75
90 75
91 75
92 74
93 74
94 74
94 74
95 73
96 73
97 72
98 71
99 71
100 70
