15 14
16 13
17 12
17 12
17 11
17 11
16 12
15 13
14 14
13 15
12 16
11 17
11 18
10 19
9 20
8 21
7 22
6 23
5 24
5 24
4 25
4 26
3 27
3 28
3 28
2 29
2 30
2 30
1 31
1 31
0 32
0 32
0 32
0 32
1 31
1 31
2 30
2 30
2 29
3 28
3 27
3 27
4 26
4 25
5 24
5 23
5 23
6 22
6 21
7 20
7 19
7 19
7 18
8 17
8 16
8 16
9 15
9 14
10 13
10 13
10 12
11 11
11 10
11 10
12 9
12 8
12 8
13 7
13 6
13 6
13 5
13 4
13 4
13 3
13 3
13 2
13 1
13 1
13 1
13 0
13 0
12 0
12 0
12 1
12 1
11 2
11 3
11 3
11 4
10 5
10 6
10 6
10 7
9 8
9 9
9 10
9 10
9 11
9 12
8 13
8 14
8 15
8 15
8 16
8 17
8 18
8 19
8 20
8 20
8 21
8 22
8 23
7 24
7 25
7 26
7 27
7 27
7 28
7 29
7 30
7 31
7 32
7 33
7 34
7 34
7 35
7 36
7 37
7 38
7 39
7 40
7 40
7 41
7 42
6 43
6 44
6 45
6 46
6 46
6 47
6 48
6 49
6 50
6 51
6 52
6 52
6 53
6 54
6 55
6 56
6 57
6 58
6 58
6 59
6 60
6 61
6 62
6 63
6 64
6 64
6 65
6 66
5 67
5 68
5 69
5 69
5 70
5 71
5 72
5 73
5 74
5 75
5 75
5 76
5 77
4 78
4 79
4 80
4 80
4 81
4 82
3 83
3 84
3 85
3 85
3 86
3 87
3 88
3 89
3 89
3 90
2 91
2 92
2 93
2 93
2 94
1 95
1 96
1 96
0 97
0 98
0 98
0 99
0 99
0 100
0 100
0 100
1 99
1 98
2 97
2 96
3 95
4 94
4 93
5 92
6 91
6 90
7 89
7 88
8 87
9 86
9 85
10 84
10 83
11 82
12 81
12 80
13 79
14 78
14 77
15 76
15 75
16 74
17 73
17 72
18 71
18 70
19 69
20 68
20 67
21 66
22 65
22 64
23 63
23 62
24 61
24 61
23 60
22 60
22 60
21 60
21 60
21 60
21 59
21 59
21 59
20 59
20 59
20 59
20 59
20 59
20 59
21 59
21 59
21 59
22 59
23 59
23 59
24 58
25 58
25 58
26 57
27 57
27 57
28 56
29 55
30 54
30 54
31 53
31 52
32 51
32 51
33 50
34 49
35 48
35 48
35 47
36 46
36 45
36 45
37 44
38 43
38 43
37 42
37 41
36 40
36 39
35 38
35 37
34 36
34 35
33 34
33 34
33 33
32 32
32 31
32 31
31 30
31 30
31 30
31 30
31 31
31 31
31 32
31 33
31 33
30 34
30 35
30 35
30 36
30 37
30 38
30 39
30 39
30 40
30 41
30 42
30 43
30 43
30 44
30 45
29 46
29 47
29 48
29 48
29 49
28 50
28 51
28 52
27 53
27 54
27 54
27 55
27 56
26 57
26 58
26 59
26 59
26 60
26 61
26 62
26 63
26 64
26 65
26 65
26 66
26 67
26 68
26 69
26 70
26 70
26 71
26 72
26 73
26 74
26 74
26 75
27 76
27 77
27 78
27 78
27 79
28 80
28 81
28 81
29 82
29 83
29 83
30 84
30 85
30 85
31 86
32 86
32 86
33 86
33 86
33 85
34 84
34 83
35 82
35 81
35 80
36 79
36 78
37 77
37 76
37 76
37 76
37 76
37 76
37 76
37 76
37 76
37 76
36 77
36 77
36 77
36 78
36 78
36 78
36 78
37 79
37 79
37 79
37 79
38 78
38 78
39 77
40 76
40 76
41 75
42 74
42 74
43 73
44 72
45 71
45 71
46 70
47 69
47 69
47 68
48 67
48 66
48 66
48 65
49 64
49 63
49 63
49 62
49 61
49 61
49 60
49 60
49 59
49 59
48 59
47 59
47 59
46 60
45 61
45 61
44 62
43 63
43 63
43 64
42 65
42 66
42 66
42 67
41 68
41 69
41 69
41 70
40 71
40 72
40 73
40 73
40 74
41 75
41 76
41 77
41 77
41 78
42 79
42 80
42 81
42 81
43 82
43 83
43 83
44 84
44 85
44 85
45 85
45 85
46 85
47 85
47 85
48 85
49 85
49 85
49 84
50 83
50 82
50 81
50 80
51 79
51 78
51 77
52 76
52 75
52 74
52 73
53 72
53 71
53 70
54 69
54 68
54 67
54 66
55 65
55 64
55 64
55 63
55 62
55 62
55 62
55 63
55 63
56 64
56 65
56 65
56 66
56 67
56 67
56 68
57 69
57 70
57 70
57 71
57 72
57 73
57 73
57 74
58 75
58 76
58 77
58 77
58 78
59 79
59 80
59 81
59 81
59 82
59 83
59 83
60 84
60 85
60 85
61 86
61 86
61 86
62 85
62 85
63 84
63 83
63 83
63 82
64 81
64 80
64 80
64 79
65 78
65 77
66 76
66 75
66 75
66 74
67 73
67 72
67 71
67 71
67 70
68 69
68 68
68 67
68 67
69 66
69 65
69 65
69 64
69 63
69 63
70 62
70 62
70 63
70 64
71 65
71 66
71 67
71 68
72 69
72 70
72 71
72 72
73 73
73 74
73 75
73 76
74 77
74 78
74 79
74 79
75 80
75 80
76 81
76 81
76 81
77 81
78 81
78 81
79 80
80 80
80 80
81 79
82 78
82 78
83 77
83 76
84 75
84 75
85 74
86 73
87 72
87 72
88 71
88 70
89 69
89 68
89 68
89 67
90 66
90 65
90 64
90 64
91 63
91 62
92 61
92 61
92 60
92 59
92 58
92 58
91 57
91 57
90 56
89 56
89 56
88 56
88 56
87 57
87 58
86 59
86 59
85 60
85 61
84 62
84 62
84 63
83 64
83 65
82 66
82 67
82 67
82 68
81 69
81 70
80 71
80 72
80 72
80 73
80 74
79 75
79 76
79 77
79 77
79 78
79 79
79 80
79 81
79 82
79 82
79 83
80 84
80 85
80 86
80 86
81 87
82 88
82 88
83 89
84 89
85 90
85 90
86 90
87 91
88 91
88 91
89 91
90 90
91 90
91 90
92 90
93 89
94 89
94 89
95 89
96 88
97 88
97 88
98 88
99 87
100 87
