9 31
9 30
8 29
8 28
8 28
8 27
8 26
8 25
8 25
9 24
9 23
9 23
9 22
9 21
9 21
9 20
10 19
10 18
10 18
10 17
11 16
11 15
11 15
11 14
11 13
11 12
11 11
11 11
11 10
11 9
11 8
11 7
11 7
11 6
10 5
10 4
10 4
9 3
9 2
9 2
8 1
8 0
8 0
7 0
6 0
6 0
5 1
4 1
4 1
3 2
2 3
2 3
2 4
1 5
1 6
1 6
1 7
0 8
0 9
0 10
0 10
0 11
0 12
0 13
0 14
0 15
0 15
0 16
0 17
0 18
0 19
0 20
0 21
0 21
0 22
0 23
0 24
0 25
0 26
0 27
0 28
0 29
0 30
0 30
0 31
0 32
0 33
0 34
0 35
1 36
1 37
1 38
1 39
1 40
1 41
1 42
1 42
1 43
1 44
2 45
2 46
2 47
2 48
2 49
3 50
3 51
3 52
3 52
3 53
3 54
3 55
3 56
4 57
4 58
4 59
4 60
4 61
4 62
4 62
4 63
4 64
5 65
5 66
5 67
5 68
5 69
6 70
6 71
6 72
6 72
6 73
6 74
6 75
7 76
7 77
7 78
7 79
7 79
7 80
7 81
7 82
7 83
7 84
7 85
7 85
7 86
7 87
6 88
6 89
6 90
6 90
6 91
5 92
5 93
4 94
4 95
4 95
4 96
3 97
3 98
3 98
2 99
1 100
1 100
1 100
0 99
0 99
0 98
0 97
0 96
0 95
0 94
0 93
0 92
0 91
0 90
0 89
0 88
0 87
0 86
0 85
0 84
0 83
0 82
0 81
0 80
0 79
0 78
0 77
0 76
0 75
0 74
0 73
0 72
0 71
0 70
0 69
0 68
0 67
0 66
0 65
0 64
0 63
0 62
0 61
0 60
0 59
0 58
0 57
0 57
1 57
2 56
3 56
4 56
5 56
6 55
7 55
7 55
7 54
6 53
6 52
6 51
6 51
6 50
6 49
7 48
7 47
7 46
7 46
8 45
9 45
10 44
10 44
11 43
12 42
12 42
13 41
14 41
15 40
15 40
16 39
17 38
17 38
18 37
18 37
18 36
18 36
19 35
19 34
19 34
19 33
19 32
19 31
19 30
19 29
19 28
19 27
19 26
19 25
19 24
19 23
19 22
19 21
19 20
19 19
19 18
19 17
19 16
19 15
19 14
19 14
19 15
19 16
19 16
19 17
19 17
18 18
18 19
18 19
18 20
18 21
18 22
18 22
18 23
18 24
17 25
17 26
17 27
17 28
17 28
17 29
17 30
17 31
16 32
16 33
16 34
16 35
16 35
16 36
16 37
16 38
16 39
15 40
15 41
15 42
15 43
15 44
15 45
15 45
15 46
15 47
15 48
15 49
15 50
14 51
14 52
14 53
14 54
14 55
14 56
14 56
14 57
14 58
14 59
13 60
13 61
13 62
13 63
13 64
13 64
13 65
13 66
14 67
14 68
14 69
14 70
14 70
14 71
15 72
15 73
15 73
15 74
16 75
16 76
16 77
16 77
17 78
18 79
18 79
19 78
19 77
20 76
20 75
21 74
22 73
22 72
23 71
24 70
24 69
25 68
25 67
26 66
27 65
27 64
28 63
28 62
29 61
29 61
29 62
29 63
28 64
28 65
28 66
28 66
27 66
26 66
25 66
25 66
25 66
26 66
26 66
27 67
28 67
28 67
29 67
30 66
31 66
31 66
32 65
33 64
33 64
34 63
35 62
36 61
36 61
36 60
37 59
37 58
37 58
37 57
38 56
38 55
38 55
38 54
38 53
38 52
38 52
38 51
38 50
38 50
37 49
37 49
36 49
36 49
35 49
35 49
34 50
34 51
33 52
33 52
32 53
32 54
31 55
31 56
31 56
31 57
30 58
30 59
30 60
30 60
30 61
29 62
29 63
29 64
29 64
29 65
29 66
29 67
29 68
29 68
29 69
29 70
29 71
29 71
30 72
31 73
31 73
32 74
33 74
33 74
34 74
35 74
35 74
36 74
37 74
37 74
38 73
38 72
39 71
39 70
40 69
40 68
41 67
41 66
42 65
42 64
43 63
43 62
44 61
44 60
45 59
45 58
46 57
46 56
47 55
47 54
48 53
48 52
49 51
49 50
49 50
49 49
49 48
49 48
49 49
49 49
48 50
48 50
48 51
48 52
48 52
48 53
48 54
48 55
48 55
48 56
47 57
47 58
47 58
47 59
47 60
47 61
47 61
48 62
48 63
48 63
49 64
49 65
49 65
50 66
50 66
51 65
52 65
52 65
53 64
54 64
54 64
55 63
56 62
56 62
57 61
57 60
57 60
57 59
58 58
58 57
58 57
58 56
58 55
58 55
58 54
58 53
58 52
58 52
58 51
58 51
58 50
58 50
58 50
58 51
58 51
58 52
58 52
59 53
59 53
59 54
59 55
59 55
60 56
60 56
61 57
62 57
62 57
63 57
64 57
64 57
65 57
66 56
67 56
67 56
68 55
69 54
69 54
70 54
71 53
72 53
72 53
73 52
73 51
74 50
74 50
75 49
76 48
76 48
77 47
77 46
77 46
77 45
77 44
77 44
77 43
77 42
77 42
77 41
77 40
77 40
76 39
76 38
76 38
75 38
74 38
74 38
73 39
73 39
72 40
71 40
71 40
71 41
71 42
71 43
71 43
71 44
71 45
71 46
71 47
71 47
71 48
72 49
72 50
72 50
73 51
73 52
74 53
74 53
75 54
76 54
76 54
77 54
78 54
79 54
80 54
80 54
81 54
82 53
83 53
84 53
85 52
86 52
86 52
87 52
88 51
89 51
90 51
91 51
92 50
93 50
93 50
94 50
95 49
96 49
97 48
98 48
99 47
100 47
