13 17
13 18
13 19
12 20
12 21
12 22
12 23
12 23
11 24
11 24
11 23
11 22
11 22
11 22
11 22
12 21
12 21
12 20
13 19
13 18
13 18
14 17
15 16
15 15
16 14
16 14
17 13
17 12
18 11
18 10
18 10
18 9
19 8
19 7
19 6
19 6
19 5
19 4
19 4
19 3
19 2
19 2
19 1
19 1
18 0
18 0
17 1
16 1
16 1
15 2
14 3
14 3
14 4
13 5
13 6
12 7
12 8
12 8
12 9
11 10
11 11
11 12
10 13
10 14
10 14
10 15
9 16
9 17
9 18
9 19
8 20
8 21
8 22
8 22
8 23
8 24
8 25
8 26
8 27
8 28
8 29
8 30
8 31
8 32
8 32
8 33
8 34
7 35
7 36
7 37
7 38
7 39
7 40
6 41
6 42
6 43
6 44
6 44
6 45
6 46
6 47
6 48
6 49
6 50
6 51
6 52
6 53
6 54
6 55
6 56
6 56
6 57
6 58
6 59
6 60
6 61
7 62
7 63
7 64
7 65
7 66
7 67
7 68
7 68
7 69
7 70
7 71
7 72
8 73
8 74
8 75
8 76
8 77
8 78
8 78
8 79
8 80
8 81
8 82
8 83
8 84
8 85
8 86
8 86
8 87
8 88
8 89
8 90
8 91
8 92
8 92
8 93
8 94
8 95
8 96
8 96
8 97
7 98
7 99
7 100
7 100
7 99
6 98
6 97
6 96
5 95
5 94
5 93
4 92
4 91
3 90
3 89
3 88
2 87
2 86
2 85
1 84
1 83
1 82
0 81
0 80
0 80
0 79
1 78
1 77
1 76
1 75
2 74
2 73
2 73
2 72
3 71
3 70
3 70
4 69
4 68
5 67
5 66
5 66
6 65
7 64
8 63
8 63
9 62
10 61
10 60
11 59
11 59
12 58
13 57
14 56
15 55
15 55
16 54
17 53
18 53
19 52
19 52
20 51
20 50
21 49
21 49
21 48
22 47
22 46
22 45
23 44
23 43
23 42
24 41
24 40
25 39
25 38
25 37
26 36
26 35
26 34
27 33
27 32
27 31
28 30
28 29
28 29
28 28
28 27
28 26
28 26
28 25
28 24
28 24
28 23
28 23
27 23
27 23
27 23
26 24
26 25
26 25
26 26
25 27
25 28
25 28
25 29
25 30
24 31
24 32
24 33
24 34
24 34
24 35
23 36
23 37
23 38
23 39
22 40
22 41
22 41
22 42
22 43
22 44
22 45
21 46
21 47
21 48
21 49
21 50
21 50
21 51
21 52
21 53
20 54
20 55
20 56
20 57
20 57
20 58
20 59
20 60
20 61
20 62
20 63
20 64
20 64
20 65
20 66
21 67
21 68
21 69
21 69
21 70
22 71
22 72
22 73
22 73
22 74
23 75
23 76
23 76
24 75
25 74
26 73
27 72
28 71
28 70
29 69
30 68
31 67
32 66
32 66
33 67
33 68
33 68
33 68
32 68
32 68
33 68
33 68
34 67
34 66
34 66
35 65
35 64
35 64
36 63
37 62
37 62
38 61
38 60
39 59
39 59
40 58
41 57
41 57
41 56
42 55
42 54
42 54
43 53
43 52
43 52
43 51
43 50
43 50
43 49
43 49
42 48
42 48
41 48
41 48
40 48
40 48
39 49
39 50
39 50
38 51
38 52
38 52
38 53
37 54
37 55
37 55
37 56
37 57
37 58
37 59
37 59
37 60
37 61
37 62
37 62
38 63
38 64
38 64
39 65
40 66
40 66
41 66
41 66
42 65
42 64
43 63
44 62
44 61
45 60
46 59
46 58
47 57
47 56
48 55
49 54
49 53
50 52
51 51
51 50
52 49
52 49
52 48
53 47
53 46
53 46
53 45
53 45
53 45
53 45
53 46
53 47
53 47
53 48
52 49
52 50
52 50
52 51
51 52
51 53
51 54
51 54
51 55
51 56
51 57
51 58
51 58
51 59
51 60
51 61
51 62
51 62
52 63
52 64
52 64
53 65
54 66
54 66
55 66
55 66
56 66
57 66
57 66
58 65
59 65
59 65
60 64
60 63
61 62
61 62
62 61
62 60
62 60
63 59
63 58
63 58
63 57
63 56
63 55
63 55
63 54
63 54
63 54
63 54
63 55
63 55
64 56
64 56
65 57
65 58
65 58
66 59
66 59
67 59
67 59
68 59
69 59
69 59
70 58
71 58
71 58
72 57
73 57
74 56
74 56
75 55
76 54
77 53
77 53
78 52
79 51
79 51
80 50
81 49
81 49
81 48
81 47
81 47
81 46
81 46
80 45
80 45
79 45
79 45
78 46
78 46
77 47
77 48
77 48
77 49
77 50
77 50
78 51
78 52
78 52
78 53
79 54
79 55
79 55
80 55
81 56
82 56
82 56
83 56
84 56
85 57
86 57
87 57
87 57
88 57
89 57
90 57
91 57
92 57
93 57
93 57
94 57
95 57
96 57
97 57
98 57
99 57
100 57
