7 33
7 33
7 32
7 31
7 31
8 30
8 29
8 29
9 28
10 27
10 27
10 26
11 25
11 24
11 24
12 23
12 22
13 21
13 20
13 20
14 19
14 18
15 17
15 17
15 16
16 15
16 14
16 13
16 13
16 12
17 11
17 10
17 9
17 9
17 8
18 7
18 6
18 5
18 5
18 4
18 3
18 3
18 2
18 1
18 1
18 0
18 0
17 0
17 0
16 1
16 1
15 2
15 3
14 4
14 4
14 5
13 6
13 7
12 8
12 9
12 9
12 10
12 11
12 12
11 13
11 14
11 15
11 16
11 16
11 17
11 18
11 19
11 20
11 21
10 22
10 23
10 24
10 25
10 26
10 27
10 27
10 28
10 29
10 30
10 31
10 32
9 33
9 34
9 35
9 36
9 37
9 38
9 39
9 39
9 40
9 41
9 42
9 43
9 44
9 45
8 46
8 47
8 48
8 49
8 50
8 51
8 52
8 53
8 53
8 54
8 55
8 56
8 57
8 58
8 59
8 60
8 61
8 62
8 63
8 64
8 64
8 65
8 66
8 67
7 68
7 69
7 70
7 71
7 72
7 72
7 73
7 74
7 75
7 76
7 77
7 78
7 79
7 79
7 80
6 81
6 82
5 83
5 84
5 84
5 85
5 86
4 87
4 88
4 89
4 89
3 90
3 91
2 92
2 93
2 93
2 94
2 95
1 96
1 97
1 98
1 98
0 99
0 100
0 100
0 99
0 98
1 97
1 96
1 95
1 94
2 93
2 92
2 91
2 90
3 89
3 88
3 87
3 86
4 85
4 84
4 83
4 82
5 81
5 80
5 79
5 78
5 77
6 76
6 75
6 74
6 73
7 72
7 71
7 70
7 69
8 68
8 67
8 66
8 65
9 64
9 63
9 62
9 61
10 60
10 59
10 58
10 58
11 57
12 56
13 55
14 54
15 53
15 53
16 52
16 51
17 50
17 49
17 49
18 48
18 47
19 46
19 46
20 45
21 45
21 45
22 44
23 43
23 43
24 42
24 41
25 40
25 40
26 39
26 39
27 38
28 37
28 37
29 36
29 36
29 35
30 34
30 33
30 32
30 31
31 30
31 29
31 28
31 27
32 26
32 25
32 24
32 23
33 22
33 21
33 20
33 19
34 18
34 17
34 16
34 16
34 16
33 15
33 15
33 15
33 16
33 17
33 17
33 18
32 19
32 20
32 20
31 21
31 22
30 23
30 24
29 25
29 25
29 26
28 27
28 28
28 29
28 30
27 31
27 32
27 33
27 33
27 34
26 35
26 36
26 37
25 38
25 39
25 40
25 41
24 42
24 43
24 43
24 44
24 45
24 46
24 47
23 48
23 49
23 50
23 51
23 52
23 52
23 53
23 54
23 55
22 56
22 57
22 58
22 59
22 59
22 60
22 61
23 62
23 63
23 64
23 64
23 65
24 66
24 67
24 67
25 66
26 66
27 65
28 64
29 64
30 63
31 62
32 62
33 61
33 61
34 61
34 61
34 60
34 60
34 59
34 58
34 58
35 57
36 56
36 56
37 55
38 54
38 54
38 53
39 52
39 51
39 51
40 50
41 49
41 49
42 48
42 47
43 46
43 46
44 45
44 44
44 44
45 43
45 42
45 42
45 41
45 40
45 40
45 39
45 39
44 38
44 38
43 38
43 38
42 39
42 39
41 40
41 41
40 42
40 42
39 43
38 43
38 43
38 44
37 45
37 46
37 46
37 47
37 48
37 49
37 50
37 50
37 51
37 52
37 53
37 53
37 54
38 55
38 56
38 56
39 57
39 58
39 58
40 59
41 59
41 59
42 59
42 59
43 59
44 59
44 59
45 58
45 57
46 56
46 55
47 54
47 53
48 52
48 51
49 50
50 49
50 48
51 47
51 46
52 45
52 44
53 43
53 42
54 41
54 40
55 39
55 39
55 39
54 39
54 39
54 40
54 40
53 41
53 41
53 42
53 43
53 43
53 44
52 45
52 46
52 46
52 47
51 48
51 49
51 49
51 50
51 51
51 52
51 52
52 53
52 54
52 54
52 55
52 56
52 56
53 56
53 56
54 57
55 57
55 57
56 56
56 56
57 55
58 54
58 54
59 53
59 52
59 52
60 51
61 50
61 50
61 49
62 48
62 47
62 47
62 46
63 45
63 44
63 44
63 43
64 42
64 41
64 41
64 40
65 39
65 38
65 38
65 37
65 37
65 37
65 37
65 37
65 38
65 38
65 39
65 39
65 39
66 40
67 41
67 41
67 42
67 43
67 43
68 43
68 43
68 43
69 43
69 43
70 42
71 42
71 42
72 41
72 41
73 40
73 40
74 39
75 38
75 38
76 37
77 37
78 36
78 36
79 35
80 34
80 34
81 33
81 33
82 32
82 31
82 31
82 30
82 29
82 29
82 28
82 28
81 27
81 27
80 26
79 26
79 26
78 26
77 27
76 27
76 27
75 28
74 29
74 29
74 29
74 30
73 31
73 32
72 33
72 34
72 35
71 36
71 37
70 38
70 39
70 39
70 40
70 41
69 42
69 43
69 44
69 44
69 45
70 46
70 47
70 47
71 48
71 49
72 50
72 50
73 50
74 51
75 51
76 51
76 51
77 51
78 51
79 51
80 51
80 51
81 51
82 51
83 51
84 51
85 51
86 51
86 51
87 51
88 50
89 50
90 50
91 50
92 49
93 49
93 49
94 49
95 49
96 49
97 48
98 48
99 48
100 48
100 48
