5 33
5 34
5 34
5 34
5 33
5 33
6 32
6 32
7 31
8 30
8 30
9 29
9 28
10 27
10 27
11 26
11 25
12 24
12 23
12 23
13 22
13 21
14 20
14 20
15 19
15 18
16 17
16 16
16 16
17 15
17 14
18 13
18 12
18 12
18 11
18 10
18 9
18 8
18 8
18 7
18 6
18 5
18 5
18 4
18 3
18 3
17 2
17 1
17 1
16 0
16 0
15 1
14 1
14 1
13 2
13 3
12 4
12 5
12 5
12 6
11 7
11 8
10 9
10 10
10 10
10 11
9 12
9 13
9 14
9 15
8 16
8 17
8 17
8 18
7 19
7 20
7 21
7 22
6 23
6 24
6 25
6 25
6 26
6 27
5 28
5 29
5 30
5 31
5 32
4 33
4 34
4 35
4 35
4 36
4 37
4 38
4 39
4 40
3 41
3 42
3 43
3 44
3 45
3 46
3 47
3 47
3 48
3 49
3 50
3 51
3 52
2 53
2 54
2 55
2 56
2 57
2 58
2 58
2 59
2 60
2 61
2 62
2 63
1 64
1 65
1 66
1 67
1 68
1 69
1 69
1 70
1 71
1 72
1 73
1 74
1 75
1 76
1 77
1 78
1 79
1 80
1 80
1 81
1 82
1 83
1 84
0 85
0 86
0 87
0 88
0 89
0 89
0 90
0 91
0 92
0 93
0 94
0 95
0 95
0 96
0 97
0 98
0 99
0 99
0 100
0 100
1 100
1 100
1 99
1 98
1 97
1 96
2 95
2 94
2 93
2 92
2 91
2 90
2 89
2 88
3 87
3 86
3 85
3 84
3 83
3 82
3 81
3 80
4 79
4 78
4 77
4 76
4 75
4 74
4 73
4 72
4 71
5 70
5 69
5 68
5 67
5 66
5 65
5 64
5 63
6 62
6 61
6 60
6 59
6 58
6 58
6 59
5 60
5 61
4 62
4 63
4 63
4 63
3 63
3 63
4 63
4 63
5 62
6 61
6 61
7 60
8 59
8 59
9 58
10 57
10 56
11 55
12 54
12 54
13 53
14 53
15 52
16 51
17 51
18 50
18 50
19 49
20 48
21 47
22 47
23 46
24 45
24 45
25 44
26 44
27 43
28 43
29 42
30 42
30 42
31 41
32 41
33 40
34 40
34 40
35 39
36 39
37 38
37 38
36 37
35 36
34 35
33 34
32 33
31 32
30 32
29 31
28 30
27 29
26 28
25 27
24 26
24 26
24 26
23 25
23 25
23 26
23 26
23 27
23 28
23 29
23 29
23 30
23 31
23 32
23 33
23 33
23 34
23 35
22 36
22 37
22 38
22 39
22 39
22 40
22 41
22 42
22 43
22 44
22 45
22 46
22 47
22 47
22 48
22 49
22 50
22 51
22 52
22 53
22 54
22 55
22 56
22 57
22 57
22 58
22 59
22 60
22 61
21 62
21 63
21 64
21 65
21 66
21 66
21 67
21 68
21 69
20 70
20 71
20 72
20 73
20 74
20 74
20 75
20 76
20 77
20 78
20 79
20 80
20 81
20 81
20 82
20 83
20 84
20 85
20 85
20 86
20 87
20 87
21 86
22 85
22 84
23 83
24 82
25 81
25 80
26 79
27 78
28 77
28 76
29 75
30 74
31 73
31 72
32 71
32 71
32 72
32 72
32 71
32 71
31 71
31 71
30 72
30 72
31 72
31 72
31 72
32 71
32 71
33 70
33 69
34 68
34 68
35 67
35 66
36 65
36 64
36 64
37 63
37 62
38 61
38 60
38 60
38 59
39 58
39 57
39 56
39 56
39 55
40 54
40 53
40 53
40 52
40 51
40 50
40 50
40 49
40 49
39 48
39 48
38 48
38 48
37 48
37 48
37 49
36 50
36 51
36 51
36 52
35 53
35 54
35 55
35 55
35 56
35 57
34 58
34 59
34 60
34 61
34 61
34 62
34 63
33 64
33 65
33 66
33 66
33 67
33 68
33 69
33 70
33 71
33 72
33 72
33 73
33 74
33 75
33 75
34 76
34 77
34 77
35 78
36 78
36 78
37 77
38 77
38 77
39 76
40 76
41 75
41 75
42 74
43 73
43 72
44 71
44 71
45 70
46 69
46 68
47 67
47 67
48 66
48 65
49 64
49 63
50 62
50 62
50 61
51 60
51 59
51 59
52 58
53 57
53 57
53 56
53 55
53 55
53 55
53 55
53 56
53 56
53 57
52 58
52 59
52 59
52 60
52 61
52 62
52 62
52 63
52 64
52 65
52 65
52 66
52 67
52 67
53 68
53 69
53 69
53 69
54 68
54 67
54 67
55 66
55 65
55 65
56 64
56 63
57 62
57 62
58 61
58 60
58 60
59 59
59 58
59 58
60 57
60 57
60 57
61 57
61 57
61 58
61 58
61 59
61 59
61 60
61 61
61 61
61 62
61 62
62 63
62 64
62 64
63 65
63 65
64 65
65 65
65 65
66 65
67 65
67 65
68 64
69 64
69 64
70 63
71 63
72 62
72 62
73 61
74 60
74 59
75 58
75 58
76 57
76 56
77 55
77 54
78 53
78 52
78 52
79 51
80 50
80 49
81 48
81 48
81 47
82 46
82 45
82 45
82 44
82 43
82 43
82 42
82 42
81 42
81 42
80 42
80 42
79 42
79 42
79 43
79 43
78 44
78 45
78 45
77 46
77 47
77 47
76 48
75 49
75 49
75 50
75 51
74 52
74 53
74 54
74 54
74 55
73 56
73 57
73 58
72 59
72 60
72 60
72 61
72 62
72 63
72 64
72 65
72 66
72 66
72 67
72 68
72 69
72 70
72 71
72 71
73 72
74 72
74 72
75 72
76 71
77 71
78 71
78 71
79 70
80 70
81 69
82 68
83 68
84 67
84 67
85 66
86 65
87 64
88 64
89 63
90 62
91 61
91 61
92 60
93 59
94 59
95 58
96 57
97 56
98 56
99 55
100 54
