10 50
10 51
10 51
10 50
10 50
10 49
10 49
10 48
10 47
10 46
10 46
10 45
11 44
11 43
11 43
11 42
12 41
12 40
12 39
12 39
12 38
12 37
12 36
12 35
12 34
12 34
12 33
13 32
13 31
13 30
13 30
13 29
13 28
13 27
13 26
13 25
13 25
13 24
13 23
13 22
13 21
13 21
13 20
12 19
12 18
12 18
12 17
12 16
12 16
11 16
11 16
11 17
10 18
10 19
10 19
9 20
9 21
8 22
8 23
8 23
8 24
7 25
7 26
7 27
7 28
6 29
6 30
6 31
6 31
6 32
5 33
5 34
5 35
4 36
4 37
4 38
3 39
3 40
3 40
3 41
3 42
3 43
3 44
3 45
2 46
2 47
2 48
2 49
2 50
2 51
2 51
2 52
2 53
1 54
1 55
1 56
1 57
1 58
1 59
0 60
0 61
0 62
0 63
0 63
0 64
0 65
0 66
0 67
0 68
0 69
0 70
0 71
0 72
0 73
0 73
0 74
0 75
0 76
0 77
0 78
0 79
0 80
0 81
0 82
0 82
0 83
0 84
0 85
0 86
0 87
0 88
0 89
0 89
0 90
0 91
1 92
1 93
1 94
1 94
2 95
2 96
3 97
3 97
4 98
4 98
5 97
6 97
6 97
6 96
6 95
6 94
6 93
6 92
6 91
6 90
6 89
6 88
7 87
7 86
7 85
7 84
7 83
7 82
7 81
7 80
7 79
7 78
7 78
6 77
6 77
6 76
6 75
6 74
6 74
6 73
6 73
6 72
7 71
7 70
7 69
7 69
8 68
8 67
9 66
9 66
10 65
11 64
11 64
11 63
12 62
12 61
12 61
13 60
13 59
14 58
14 58
15 57
15 57
16 58
16 58
17 59
17 59
17 60
17 61
17 61
17 62
17 63
16 64
16 65
16 66
16 66
16 67
16 68
16 69
16 70
16 71
16 72
16 72
16 73
16 74
16 75
16 76
15 77
15 78
15 79
15 80
15 81
15 81
15 82
15 83
15 84
15 85
15 86
15 87
15 88
15 88
15 89
15 90
15 91
15 92
15 93
15 94
15 94
15 95
16 96
16 97
16 98
16 98
17 99
17 100
17 100
18 100
18 100
19 99
20 99
20 99
21 98
21 97
22 96
22 96
23 95
23 94
24 93
24 92
25 91
25 91
25 90
25 89
25 88
26 87
26 86
26 85
26 84
26 83
26 82
27 81
27 80
27 79
27 78
27 77
27 76
28 75
28 74
28 73
28 72
28 71
28 70
29 69
29 68
29 67
29 66
29 65
29 64
30 63
30 62
30 61
30 60
30 60
30 61
30 62
30 62
29 62
29 62
29 62
29 62
30 61
30 61
31 60
31 59
31 59
32 58
32 57
33 56
33 56
33 55
34 54
34 53
34 53
35 52
35 51
36 50
36 50
37 49
37 48
38 47
38 47
38 46
39 45
39 44
39 43
39 43
40 42
40 41
41 40
41 39
41 39
41 38
41 37
41 36
41 36
42 35
42 34
42 34
42 33
42 33
42 33
41 34
41 34
40 35
40 35
40 36
39 37
39 38
39 38
39 39
38 40
38 41
38 42
38 42
38 43
37 44
37 45
37 46
37 46
37 47
37 48
37 49
37 50
37 51
37 51
37 52
37 53
37 54
37 54
38 55
38 56
38 56
39 57
39 57
40 56
41 56
41 56
42 55
43 55
43 55
44 54
44 53
45 52
45 52
46 51
46 50
47 49
47 48
47 48
47 47
48 46
48 45
48 44
48 44
49 43
49 42
50 41
50 41
50 40
51 39
51 38
51 37
51 37
51 36
51 35
51 34
51 33
51 33
52 32
52 32
52 31
52 31
52 32
52 32
51 32
51 32
52 32
52 32
52 33
52 33
53 33
53 33
54 32
54 32
55 31
55 30
55 30
56 29
56 28
57 27
57 27
58 26
58 25
59 24
59 23
59 23
59 22
60 21
60 20
60 19
60 19
60 18
60 17
61 16
61 15
61 14
61 14
61 13
62 12
62 11
62 10
62 10
62 9
62 8
62 7
62 7
62 6
62 5
62 4
62 3
62 3
62 2
62 1
62 1
62 0
62 0
62 1
62 1
62 2
62 3
62 4
62 4
62 5
62 6
62 7
62 8
62 9
62 9
62 10
62 11
61 12
61 13
61 14
61 14
61 15
61 16
61 17
61 18
61 19
61 20
61 21
61 22
61 22
61 23
61 24
61 25
61 26
61 27
61 28
61 29
61 30
61 31
61 32
61 32
61 33
61 34
61 35
61 36
61 37
61 38
61 39
61 40
61 41
61 42
61 43
61 44
61 45
61 45
61 46
61 47
61 48
61 49
61 50
60 51
60 52
60 53
60 54
60 55
60 56
60 56
60 57
60 58
60 59
60 60
60 61
60 62
60 63
60 64
60 65
60 66
60 67
60 67
60 68
60 69
60 70
60 71
59 72
59 73
59 74
59 75
59 76
59 77
59 77
59 78
59 79
59 80
58 81
58 82
58 83
58 84
58 84
58 85
57 86
57 87
57 88
57 89
56 90
56 91
56 91
56 92
56 93
55 94
55 95
55 96
55 96
55 97
55 98
55 98
55 99
55 99
55 99
55 98
55 97
55 96
55 95
55 95
55 94
56 93
56 92
56 91
57 90
57 89
57 89
57 88
57 87
58 86
58 85
58 84
58 83
59 82
59 81
59 80
59 79
59 78
60 77
60 76
60 75
60 74
60 73
61 72
61 71
61 70
61 69
62 68
62 67
62 66
62 65
62 64
63 63
63 62
63 61
63 60
64 59
64 58
64 57
64 56
64 55
65 54
65 53
65 52
65 51
65 50
66 49
66 48
66 47
66 46
67 45
67 44
67 43
67 42
67 41
68 40
68 39
68 38
68 37
68 36
69 35
69 34
69 33
69 32
70 31
70 30
70 29
70 29
70 28
71 27
71 26
72 25
72 24
73 23
73 22
74 21
74 20
74 20
74 19
74 19
73 19
73 19
73 20
73 20
73 21
73 22
73 22
73 23
73 24
73 25
73 25
74 26
74 26
75 25
76 25
76 25
77 24
78 24
79 23
79 23
80 22
81 21
82 20
83 19
83 19
84 18
85 17
86 17
87 16
87 16
88 15
89 14
90 13
91 12
91 12
92 12
93 11
94 11
95 10
96 10
96 10
97 9
98 8
99 7
100 6
