11 32
12 33
13 33
13 33
13 32
13 32
13 31
13 30
13 29
13 29
14 28
14 27
15 26
15 25
15 25
15 24
16 23
16 22
16 21
16 21
17 20
17 19
18 18
18 17
18 17
18 16
19 15
19 14
19 13
19 13
19 12
19 11
20 10
20 9
20 8
20 8
20 7
21 6
21 5
21 5
21 4
21 3
21 2
21 2
21 1
21 1
20 0
20 0
19 0
19 0
18 1
18 2
18 2
17 3
16 4
15 5
15 5
14 6
14 7
13 8
13 9
12 10
12 10
12 11
11 12
11 13
11 14
11 15
10 16
10 17
10 18
10 18
10 19
9 20
9 21
9 22
8 23
8 24
8 25
7 26
7 27
7 27
7 28
7 29
6 30
6 31
6 32
6 33
6 34
6 35
5 36
5 37
5 38
5 38
5 39
5 40
5 41
4 42
4 43
4 44
4 45
4 46
4 47
4 48
3 49
3 50
3 51
3 52
3 52
3 53
3 54
3 55
2 56
2 57
2 58
2 59
2 60
2 61
2 62
1 63
1 64
1 65
1 66
1 66
1 67
1 68
1 69
1 70
1 71
1 72
1 73
0 74
0 75
0 76
0 77
0 78
0 79
0 80
0 81
0 81
0 82
0 83
0 84
0 85
0 86
0 87
0 88
0 89
0 90
0 91
0 92
0 92
0 93
0 94
1 95
1 96
1 97
1 98
1 98
2 99
3 100
3 100
4 100
5 100
5 100
6 100
7 100
8 100
8 100
9 99
10 99
11 98
11 98
11 97
11 96
11 95
11 94
11 93
11 92
11 91
11 90
11 89
11 88
11 87
11 86
11 85
11 84
11 83
11 82
11 81
11 80
11 79
11 78
11 77
11 77
10 78
10 79
10 79
9 78
9 78
9 77
9 77
10 76
10 75
11 74
11 74
12 73
12 72
13 71
13 70
13 70
14 69
14 68
15 67
15 66
16 65
16 65
17 64
17 63
18 62
18 61
18 61
19 60
20 60
21 59
21 59
22 58
22 57
22 57
23 56
24 56
24 56
25 56
25 56
25 57
25 57
24 58
24 59
24 59
24 60
24 61
23 62
23 63
23 64
23 64
23 65
23 66
22 67
22 68
22 69
22 70
22 70
22 71
22 72
21 73
21 74
21 75
21 76
21 76
21 77
21 78
20 79
20 80
20 81
20 82
20 82
20 83
20 84
19 85
19 86
19 87
19 87
19 88
19 89
19 90
19 91
19 91
20 92
20 93
20 93
21 94
22 94
22 94
23 94
24 94
24 94
25 93
26 93
27 92
27 92
27 91
28 90
28 89
29 88
29 87
30 86
30 85
31 84
31 83
32 82
32 81
33 80
33 79
34 78
34 77
34 76
35 75
35 74
36 73
36 72
37 71
37 70
38 69
38 68
39 67
39 66
40 65
40 64
40 64
39 65
38 65
38 65
37 64
37 64
37 64
37 64
38 64
38 64
39 63
39 63
40 62
41 61
41 61
42 60
42 59
43 58
43 58
44 57
45 56
45 55
46 54
46 54
47 53
47 52
48 51
48 50
48 50
49 49
49 48
49 48
49 47
50 46
50 45
50 45
51 44
51 43
51 43
51 42
51 42
50 41
50 40
50 40
49 40
49 40
48 41
48 42
48 42
47 43
47 44
46 45
46 46
46 46
45 47
45 47
45 48
44 49
44 50
44 50
44 51
43 52
43 53
43 54
43 54
43 55
43 56
43 57
43 58
43 58
43 59
44 60
44 61
44 61
45 62
45 63
45 63
46 64
46 64
47 64
48 64
48 64
49 63
50 63
50 63
51 62
51 61
52 60
52 60
53 59
54 58
55 57
55 57
56 56
56 55
57 54
57 53
57 53
57 52
58 51
58 50
58 49
58 49
58 48
59 47
59 46
59 46
59 45
59 44
59 43
59 43
59 42
59 41
59 41
59 40
59 39
59 39
59 39
58 39
58 39
58 40
58 41
58 41
58 42
58 43
58 43
58 44
58 44
59 45
59 45
60 45
61 45
61 45
62 44
62 43
62 43
63 42
64 41
64 41
65 40
65 39
66 38
66 37
66 37
67 36
67 35
68 34
68 33
68 33
69 32
69 31
70 30
70 29
70 29
70 28
70 27
71 26
71 25
71 24
71 24
71 23
72 22
72 21
72 20
72 20
72 19
72 18
72 17
72 17
72 16
72 16
72 15
72 15
73 15
73 15
73 14
73 14
73 15
73 15
73 16
73 16
73 17
73 18
73 18
73 19
73 20
73 21
73 22
73 23
73 23
73 24
73 25
73 26
73 27
73 28
73 29
73 30
73 30
73 31
73 32
73 33
73 34
72 35
72 36
72 37
72 38
72 39
72 39
72 40
72 41
71 42
71 43
71 44
71 45
71 46
71 47
70 48
70 49
70 50
70 50
70 51
70 52
70 53
70 54
70 55
70 56
70 57
70 58
70 59
70 60
70 61
70 62
70 63
70 63
70 64
70 65
70 66
70 67
69 68
69 69
69 70
69 71
69 72
69 72
69 73
68 74
68 75
68 76
68 77
67 78
67 79
67 80
67 80
67 81
67 82
67 83
66 84
66 85
66 86
66 87
66 87
66 88
65 89
65 90
65 91
64 92
64 93
64 93
63 94
63 95
62 96
62 96
62 97
62 98
62 98
62 98
62 97
63 96
63 95
63 95
63 94
64 93
64 92
64 91
65 90
65 89
65 89
65 88
66 87
66 86
66 85
67 84
67 83
67 82
68 81
68 80
68 80
68 79
69 78
69 77
69 76
70 75
70 74
71 73
71 72
71 71
72 70
72 69
72 69
72 68
73 67
73 66
73 65
73 64
74 63
74 62
74 61
74 60
75 59
75 58
75 57
75 56
76 55
76 54
76 53
77 52
77 51
77 50
77 49
78 48
78 47
78 46
78 45
79 44
79 43
79 42
79 41
80 40
80 39
80 38
80 37
81 36
81 35
81 35
81 34
82 33
82 32
82 31
83 30
83 29
83 28
83 27
84 26
84 25
84 25
84 24
84 24
84 25
84 25
84 26
84 27
83 28
83 29
83 30
83 30
83 31
82 32
82 33
82 34
82 34
82 35
82 36
82 36
83 37
84 37
84 37
85 36
86 36
87 35
87 35
88 34
89 34
90 33
90 33
91 32
92 31
93 30
94 29
95 28
95 28
96 27
97 26
98 26
99 25
100 24
