12 17
12 17
11 17
11 17
11 17
11 17
12 16
12 16
12 15
12 15
12 14
12 14
13 13
13 12
13 12
14 11
14 11
14 10
14 10
15 9
15 9
14 8
14 8
14 7
14 7
14 7
13 7
13 7
12 8
12 8
12 9
11 10
11 11
11 11
10 12
10 13
9 14
9 14
8 15
8 16
7 17
7 18
7 18
7 19
7 20
6 21
6 22
6 23
6 24
6 24
6 25
5 26
5 27
4 28
4 29
4 29
4 30
3 31
3 32
2 33
2 34
2 34
1 35
1 36
0 37
0 38
0 38
0 39
0 40
0 41
0 42
0 42
0 43
0 44
0 44
0 45
0 45
1 45
1 45
2 44
3 44
3 44
4 43
5 42
5 42
6 41
6 40
6 40
7 39
8 38
8 38
8 37
9 36
9 35
9 34
9 33
10 32
10 31
10 31
9 32
8 33
8 33
7 33
7 33
7 32
7 32
7 32
8 32
8 32
9 31
9 31
10 30
11 29
11 29
12 28
12 28
13 27
14 27
14 27
15 27
16 27
16 27
17 27
18 27
18 27
19 28
19 28
19 29
19 29
19 30
19 31
19 32
19 32
19 33
19 34
19 35
19 35
19 36
18 37
18 38
18 38
18 39
17 40
17 41
17 41
17 42
17 43
17 44
17 44
16 45
16 46
16 46
15 47
15 48
15 48
14 49
14 49
15 50
15 50
15 50
16 49
16 49
17 48
17 48
18 47
19 46
19 45
20 44
21 43
22 42
22 41
23 40
24 39
25 38
25 37
26 36
27 35
28 34
28 33
29 32
29 32
29 33
29 33
28 34
28 34
28 34
27 34
27 34
27 35
27 35
27 35
28 34
28 34
29 34
29 34
30 33
30 32
30 32
31 31
31 30
31 30
32 29
32 29
33 28
34 27
34 27
35 26
35 26
36 25
36 24
36 24
37 23
37 22
37 22
37 21
37 21
37 20
37 20
37 20
36 20
36 20
36 21
36 21
35 22
34 22
34 22
33 23
32 24
32 24
31 25
31 26
31 26
30 27
30 28
30 28
30 29
30 30
30 30
29 31
29 32
29 32
29 33
29 34
29 34
30 35
30 35
31 36
31 36
32 36
32 36
33 36
34 36
34 36
35 35
35 35
36 34
37 33
37 33
38 32
38 31
39 30
39 30
40 29
41 28
41 28
42 27
42 26
43 25
43 25
44 24
44 23
44 23
45 22
46 21
46 21
47 20
47 20
48 19
48 19
49 19
49 19
49 19
50 19
50 19
50 20
50 20
50 20
50 21
50 21
50 22
50 22
50 22
51 23
51 23
52 23
52 23
53 22
53 22
54 22
54 22
54 22
55 21
55 21
56 20
56 20
57 20
57 20
58 19
58 19
59 19
59 19
60 18
60 18
61 18
61 18
62 18
62 18
63 17
63 17
64 16
64 16
65 15
65 15
66 14
67 14
67 14
68 13
68 12
68 12
69 11
69 11
70 10
71 9
71 9
72 8
72 8
73 7
73 6
73 6
74 5
74 5
75 4
75 4
76 3
76 3
77 2
77 2
78 1
79 1
79 1
79 1
80 0
80 0
80 1
80 1
80 1
81 1
81 1
81 2
81 2
81 2
81 3
81 3
81 4
81 4
81 5
81 5
80 6
80 7
80 7
80 8
79 9
79 10
79 10
79 11
78 12
78 13
78 14
78 14
78 15
77 16
77 17
77 18
77 18
77 19
76 20
76 21
76 22
76 22
76 23
76 24
75 25
75 26
75 27
75 27
75 28
74 29
74 30
74 31
74 31
74 32
74 33
73 34
73 35
73 36
73 36
72 37
72 38
71 39
71 40
71 40
71 41
71 42
70 43
70 44
70 45
70 45
70 46
69 47
69 48
69 49
69 49
69 50
68 51
68 52
67 53
67 54
67 54
67 55
66 56
66 57
66 58
65 59
65 60
65 60
65 61
64 62
64 63
64 64
63 65
63 66
63 66
63 67
62 68
62 69
62 70
62 71
61 72
61 73
61 73
60 74
60 75
59 76
59 77
58 78
58 79
58 79
58 80
57 81
57 82
56 83
56 84
56 84
56 85
55 86
55 87
54 88
54 89
54 89
53 90
52 91
52 92
51 93
51 93
50 94
50 95
49 96
49 96
48 97
48 98
48 98
47 99
46 100
46 100
45 100
44 100
44 100
43 100
42 100
42 100
41 100
41 100
40 99
40 99
40 98
39 97
39 96
39 96
39 95
39 94
39 93
39 93
40 92
40 91
41 90
41 89
41 89
41 88
42 87
42 86
43 85
43 84
43 84
44 83
44 82
45 81
45 80
46 79
46 79
47 78
47 77
48 76
48 75
49 74
49 74
50 73
50 72
51 71
52 70
52 69
53 68
53 68
54 67
54 66
55 65
56 64
56 63
57 62
57 62
58 61
58 60
59 59
59 58
60 57
60 57
61 56
61 55
62 54
63 53
63 52
64 51
64 51
65 50
65 49
66 48
66 47
67 46
67 46
68 45
69 44
69 43
70 42
71 41
71 41
72 40
73 39
74 38
74 38
75 37
76 36
76 35
77 34
77 34
78 33
79 32
80 31
80 31
81 30
82 30
83 29
83 29
84 28
85 28
86 27
86 27
87 26
88 25
88 25
89 25
90 24
91 24
91 24
92 24
92 24
93 24
93 24
94 25
94 25
93 26
93 27
93 27
93 28
93 28
93 29
93 29
92 29
92 29
92 30
92 30
92 31
92 31
92 31
93 32
93 32
93 32
94 33
95 33
95 33
96 33
97 33
97 33
98 33
99 33
100 33
