13 34
14 35
14 36
14 36
14 35
14 34
14 33
14 32
14 32
14 31
14 30
14 30
14 29
15 28
15 27
15 27
15 26
15 25
15 24
15 24
15 23
16 22
16 21
16 21
16 20
16 19
16 18
16 18
16 17
16 16
16 15
16 15
16 14
16 13
16 13
15 12
15 11
15 11
15 10
15 10
14 10
14 10
13 11
13 11
13 12
12 13
12 14
12 14
12 15
11 16
11 17
11 18
10 19
10 20
10 20
10 21
9 22
9 23
9 24
9 25
8 26
8 27
8 27
8 28
7 29
7 30
7 31
6 32
6 33
6 34
6 35
5 36
5 37
5 37
5 38
5 39
5 40
5 41
5 42
4 43
4 44
4 45
4 46
4 47
4 48
4 48
4 49
4 50
3 51
3 52
3 53
3 54
2 55
2 56
2 57
2 57
2 58
2 59
2 60
2 61
2 62
1 63
1 64
1 65
1 66
1 67
1 68
1 68
1 69
1 70
1 71
1 72
1 73
0 74
0 75
0 76
0 77
0 78
0 79
0 79
0 80
0 81
0 82
0 83
0 84
0 85
0 86
0 87
0 87
0 88
0 89
0 90
0 91
0 92
0 92
0 93
1 94
1 95
1 95
2 95
2 95
3 95
4 95
5 95
5 95
6 94
7 93
7 93
7 92
7 91
7 90
7 89
7 88
7 87
8 86
8 85
8 84
8 83
8 82
8 81
8 80
8 79
8 78
8 77
8 76
8 75
8 74
8 73
9 72
9 71
9 70
9 69
9 68
9 67
9 66
9 66
9 65
10 64
10 63
10 63
10 62
10 61
10 60
10 60
10 59
10 58
10 58
11 57
11 56
11 56
12 55
12 54
13 53
13 53
14 52
14 51
14 51
15 51
15 51
16 51
16 51
16 52
16 52
17 53
17 54
17 54
17 55
17 56
17 57
17 58
17 58
17 59
17 60
17 61
17 62
17 63
17 64
17 64
17 65
17 66
17 67
16 68
16 69
16 70
16 71
16 71
16 72
16 73
16 74
16 75
16 76
16 77
16 78
16 79
16 79
16 80
16 81
16 82
16 83
16 83
16 84
16 85
16 86
16 87
16 87
16 88
16 89
16 90
16 90
17 91
18 91
18 91
19 90
19 90
20 89
21 89
22 88
22 88
22 87
23 86
23 85
24 84
24 83
24 82
25 81
25 80
25 79
26 78
26 77
27 76
27 75
27 74
28 73
28 72
29 71
29 70
29 69
30 68
30 67
31 66
31 65
31 64
32 63
32 62
32 61
33 60
33 59
34 58
34 57
34 57
33 58
33 59
33 59
33 59
33 59
34 58
34 58
35 57
35 56
35 56
35 55
36 54
36 53
36 53
37 52
37 51
38 50
38 50
38 49
39 48
39 47
39 47
40 46
40 45
41 44
41 43
41 43
41 42
42 41
42 40
42 40
42 39
42 38
42 37
42 37
42 36
42 35
42 35
42 35
41 34
41 34
41 35
41 35
40 36
40 36
39 37
39 38
39 38
39 39
39 40
39 41
39 41
39 42
39 43
39 44
39 44
39 45
39 46
39 47
39 48
39 48
39 49
39 50
39 51
39 51
40 52
40 52
41 53
41 53
42 52
43 52
43 52
44 51
44 50
45 49
45 49
46 48
46 47
47 46
47 46
48 45
48 44
49 43
49 42
49 42
50 41
50 40
51 39
51 39
51 38
52 37
52 36
52 36
52 35
53 34
53 33
53 33
53 32
53 31
53 31
53 30
53 29
53 29
53 29
53 29
53 30
53 30
53 31
53 31
53 32
53 32
53 33
53 33
54 33
54 33
55 32
56 32
56 32
57 31
57 30
58 29
58 29
59 28
59 27
60 26
60 26
61 25
62 24
62 23
63 22
63 22
64 21
64 20
65 19
65 18
65 18
65 17
66 16
66 15
66 14
66 14
66 13
67 12
67 11
67 11
67 10
68 9
68 8
68 8
68 7
68 6
68 5
68 5
69 4
69 3
69 3
69 2
69 1
69 1
69 0
69 0
69 1
69 1
69 2
69 3
69 4
69 4
69 5
68 6
68 7
68 8
68 8
68 9
68 10
67 11
67 12
67 13
67 14
67 14
67 15
67 16
67 17
66 18
66 19
66 20
66 21
66 22
66 22
66 23
66 24
66 25
66 26
65 27
65 28
65 29
65 30
65 31
65 31
65 32
65 33
65 34
65 35
65 36
65 37
65 38
64 39
64 40
64 41
64 42
64 43
64 44
64 45
64 46
64 46
64 47
64 48
64 49
64 50
64 51
64 52
63 53
63 54
63 55
63 56
63 57
63 58
63 59
63 60
63 60
63 61
63 62
63 63
63 64
63 65
63 66
63 67
62 68
62 69
62 70
62 71
62 72
62 73
62 74
62 75
62 75
62 76
62 77
61 78
61 79
61 80
61 81
61 82
60 83
60 84
60 85
60 85
60 86
60 87
60 88
59 89
59 90
59 91
59 92
59 92
59 93
59 94
59 95
59 96
59 97
59 97
59 98
58 99
58 100
58 100
58 100
58 100
58 99
59 98
59 97
59 97
59 96
60 95
60 94
60 93
60 92
61 91
61 90
61 90
61 89
61 88
62 87
62 86
62 85
62 84
62 83
63 82
63 81
63 80
63 80
63 79
63 78
64 77
64 76
64 75
64 74
64 73
64 72
65 71
65 70
65 69
65 68
65 68
65 67
66 66
66 65
66 64
66 63
67 62
67 61
67 60
67 59
68 58
68 57
68 57
68 56
68 55
69 54
69 53
69 52
69 51
69 50
70 49
70 48
70 47
70 47
70 46
70 45
71 44
71 43
71 42
71 41
71 40
72 39
72 38
72 37
72 37
72 36
73 35
73 34
73 33
73 32
74 31
74 30
74 30
74 29
75 28
75 27
75 27
76 26
76 25
76 25
76 25
76 26
76 26
76 26
76 27
76 27
77 27
77 27
78 27
79 27
79 27
80 26
81 25
82 24
82 24
83 23
84 22
85 22
86 21
86 21
87 20
88 20
89 19
90 19
91 18
91 18
92 17
93 16
94 16
95 15
95 15
96 14
97 14
98 13
99 13
100 12
