8 30
8 30
8 29
9 28
9 27
9 26
10 25
10 24
10 24
10 23
10 22
10 21
10 21
10 20
11 19
11 18
11 18
11 17
12 16
12 15
12 14
12 14
12 13
13 12
13 11
13 10
13 10
13 9
13 8
13 7
13 6
13 6
13 5
13 4
13 3
13 3
13 2
13 1
13 1
12 0
12 0
11 1
11 1
10 2
10 3
10 3
9 4
9 5
8 6
8 7
8 7
8 8
7 9
7 10
7 11
6 12
6 13
6 13
6 14
5 15
5 16
5 17
4 18
4 19
4 19
4 20
3 21
3 22
3 23
3 24
2 25
2 26
2 27
2 27
2 28
2 29
2 30
2 31
1 32
1 33
1 34
1 35
1 36
1 36
1 37
1 38
1 39
1 40
0 41
0 42
0 43
0 44
0 45
0 46
0 46
0 47
0 48
0 49
0 50
0 51
0 52
0 53
0 54
0 55
0 56
0 56
0 57
0 58
0 59
0 60
0 61
0 62
0 63
0 64
0 65
0 65
0 66
0 67
0 68
0 69
0 70
0 71
0 71
1 72
1 73
2 74
2 75
2 75
3 76
3 77
3 77
4 77
5 78
6 78
6 78
7 77
8 77
8 77
8 76
8 75
7 74
7 73
7 72
7 71
7 70
7 69
6 68
6 67
6 66
6 65
6 65
6 64
6 63
6 62
6 62
6 61
6 60
6 59
6 59
6 58
7 57
7 56
7 56
8 55
8 54
9 53
9 53
10 52
10 51
11 50
11 50
11 49
12 48
12 47
12 47
13 46
14 46
14 46
15 45
15 45
16 45
16 45
16 46
16 46
17 47
17 48
17 48
17 49
17 50
17 51
17 52
17 53
17 53
17 54
17 55
16 56
16 57
16 58
16 59
16 59
16 60
16 61
16 62
15 63
15 64
15 65
15 66
15 66
15 67
15 68
15 69
15 70
15 71
15 72
15 72
15 73
15 74
15 75
15 76
15 77
15 77
15 77
15 78
15 79
16 80
16 81
16 82
16 83
16 83
17 84
17 84
18 84
19 84
19 84
20 83
21 82
21 82
21 82
22 81
23 80
24 79
24 78
25 77
26 76
26 76
26 75
27 74
27 73
28 72
28 71
28 71
28 70
28 69
29 68
29 67
29 66
29 66
29 65
30 64
30 63
30 62
30 62
30 61
30 60
30 59
30 59
31 58
31 58
31 59
31 60
31 60
31 59
31 58
31 58
31 58
32 57
32 56
32 56
33 55
34 54
34 54
34 53
35 52
35 51
35 51
36 50
36 49
37 48
37 48
38 47
38 46
39 45
39 45
39 45
39 44
40 43
40 42
40 41
40 40
41 39
41 38
41 38
41 37
42 36
42 35
42 35
43 34
43 33
43 33
43 32
43 32
42 31
42 31
42 32
42 32
41 32
41 32
40 33
40 34
40 34
40 35
39 36
39 37
39 37
39 38
39 39
39 40
39 41
39 41
39 42
38 43
38 44
38 45
38 45
38 46
39 47
39 48
39 48
39 49
39 50
39 50
40 51
40 52
40 52
41 52
42 52
42 52
43 51
44 51
44 51
45 50
46 49
46 49
47 48
47 47
48 46
48 46
49 45
50 44
51 43
51 43
52 42
52 41
53 40
53 40
53 39
54 38
54 37
54 36
54 36
54 35
55 34
55 33
55 32
55 32
56 31
56 30
56 30
56 29
56 28
56 28
56 28
55 28
55 28
55 28
55 29
55 29
55 29
56 29
56 29
57 29
57 29
58 28
58 28
59 27
59 26
59 26
60 25
60 24
61 23
61 23
62 22
62 21
62 21
62 20
63 19
63 18
63 17
63 17
64 16
64 15
65 14
65 14
65 13
66 12
66 11
66 10
66 10
66 9
66 8
66 8
67 7
67 6
67 6
67 7
67 7
67 7
66 8
66 9
66 9
66 10
66 11
66 12
66 12
66 13
65 14
65 15
65 16
65 16
65 17
65 18
65 19
65 19
65 20
65 21
64 22
64 23
64 24
64 25
64 25
64 26
64 27
64 28
64 29
64 30
64 31
64 32
64 32
64 33
64 34
64 35
64 36
64 37
63 38
63 39
63 40
63 41
63 42
63 43
63 44
63 44
63 45
63 46
63 47
63 48
63 49
62 50
62 51
62 52
62 53
62 54
62 55
62 55
62 56
62 57
62 58
62 59
62 60
61 61
61 62
61 63
61 64
61 65
61 66
61 67
61 67
61 68
61 69
61 70
61 71
61 72
60 73
60 74
60 75
60 76
60 77
60 78
60 78
60 78
60 79
60 80
60 81
60 82
59 83
59 84
59 85
59 86
59 87
59 88
59 89
59 90
58 91
58 92
58 93
58 94
58 95
58 95
58 96
57 97
57 98
57 99
57 99
57 100
57 100
57 100
58 99
59 99
59 99
59 98
59 97
59 96
60 95
60 94
60 93
60 92
60 92
60 92
60 91
61 90
61 89
61 88
61 87
62 86
62 85
62 84
62 83
63 82
63 81
63 80
63 79
64 78
64 77
64 76
64 75
65 74
65 73
65 72
65 71
66 70
66 69
66 68
66 68
66 67
67 66
67 65
67 64
68 63
68 62
68 61
68 60
69 59
69 58
69 57
70 56
70 55
70 55
70 54
70 53
71 52
71 51
71 50
71 49
72 48
72 47
72 46
72 45
73 44
73 43
73 42
73 42
73 41
74 40
74 39
74 38
74 37
75 36
75 35
75 34
75 34
76 33
76 32
76 32
76 33
76 33
76 34
76 34
76 35
75 36
75 37
75 37
75 38
75 39
74 40
74 41
74 42
74 42
74 43
74 44
74 44
74 44
75 43
76 43
76 43
77 42
78 41
79 40
79 40
80 39
81 38
82 37
83 36
84 35
84 35
85 34
86 33
87 32
87 31
88 30
89 29
89 29
90 28
90 27
91 26
92 25
92 24
93 23
93 23
94 22
95 21
96 21
97 20
97 20
98 19
98 19
99 19
100 19
