4 31
4 31
4 31
4 31
4 31
4 31
5 31
5 31
6 30
6 29
6 29
7 28
7 27
7 27
8 26
8 25
8 25
9 24
9 23
10 22
10 22
10 21
11 20
11 19
11 19
12 18
12 17
13 16
13 15
13 15
13 14
14 13
14 12
14 12
14 11
15 10
15 9
15 9
15 8
15 7
15 6
15 6
15 5
15 4
15 4
14 3
14 2
14 2
13 1
13 1
12 0
12 0
11 0
11 0
10 1
10 1
9 2
9 2
8 3
8 4
8 4
8 5
7 6
7 7
7 7
7 8
6 9
6 10
6 10
6 11
5 12
5 13
5 14
5 14
5 15
5 16
4 17
4 18
4 19
4 20
4 20
4 21
3 22
3 23
3 24
3 25
2 26
2 27
2 27
2 28
2 29
2 30
1 31
1 32
1 33
1 34
1 34
1 35
1 36
0 37
0 38
0 39
0 40
0 40
0 41
0 42
0 43
0 44
0 45
0 46
0 47
0 47
0 48
0 49
0 50
0 51
0 52
0 52
0 53
0 54
1 55
1 56
1 57
1 57
1 58
2 59
2 60
2 61
2 61
3 62
3 63
4 64
4 64
5 65
6 66
6 66
7 67
8 68
8 68
9 69
10 69
10 69
11 69
12 69
12 69
13 69
14 69
14 69
14 68
14 67
14 66
14 65
15 64
15 63
15 62
15 61
15 60
15 59
15 58
15 57
15 56
15 55
16 54
16 53
16 52
16 51
16 50
16 49
16 49
15 49
15 49
14 50
14 50
14 50
14 50
14 49
14 49
15 48
15 48
16 47
17 46
17 46
18 45
19 44
20 43
20 43
21 42
22 41
23 40
23 40
24 39
24 38
25 37
25 37
26 36
27 35
28 34
28 34
29 33
29 32
30 31
30 31
31 30
31 30
32 30
32 30
32 30
32 30
31 31
31 32
31 32
31 33
31 34
31 34
31 35
31 36
31 37
31 37
31 38
32 39
32 40
32 40
32 41
32 42
32 43
32 44
32 45
32 45
32 46
32 47
33 48
33 49
33 50
33 50
33 51
33 52
33 53
33 54
33 55
33 55
33 56
34 57
34 58
34 59
34 59
34 60
35 61
35 62
35 63
35 63
35 64
35 65
35 66
35 66
35 67
36 68
36 69
36 69
36 70
36 70
37 71
37 72
37 72
38 73
38 73
39 74
39 74
40 74
40 74
40 74
41 74
41 74
41 73
41 72
41 71
41 70
41 69
41 68
41 67
41 66
41 65
41 64
42 63
42 62
42 61
42 60
42 59
42 58
42 57
42 56
42 55
42 54
42 53
42 53
42 54
42 55
42 56
42 56
41 56
41 56
41 57
41 57
41 57
41 56
41 56
42 55
42 55
43 54
43 53
43 53
43 52
44 51
44 50
44 50
44 49
45 48
45 47
45 47
46 46
46 45
47 44
47 44
48 43
48 42
49 41
49 40
49 40
49 39
50 38
50 37
50 37
50 36
50 35
50 34
50 34
50 33
50 32
50 32
50 31
50 30
50 30
49 29
49 29
48 30
48 30
47 31
46 31
46 31
46 32
45 33
45 34
45 35
45 35
45 36
44 37
44 38
44 39
44 39
44 40
44 41
44 42
44 43
44 43
44 44
44 45
44 46
44 47
44 48
44 48
44 49
44 50
44 51
44 52
44 52
44 53
44 54
44 55
44 55
45 56
45 57
45 57
46 58
46 58
47 58
47 58
48 57
49 57
49 57
50 56
50 55
50 55
50 54
51 53
51 52
51 52
51 51
52 50
52 49
52 49
53 48
53 47
54 46
54 46
54 47
54 48
54 49
54 50
55 51
55 52
55 53
55 54
55 55
55 55
54 55
54 55
54 56
54 56
53 56
53 56
53 56
53 56
53 56
53 55
53 55
54 54
54 54
55 53
55 53
55 52
56 51
56 50
56 50
57 49
58 48
58 48
59 47
59 46
60 45
60 45
61 44
61 43
62 42
62 42
62 41
63 40
63 39
63 39
64 38
65 37
65 37
66 36
66 35
66 35
66 34
66 33
66 33
66 32
66 32
66 32
66 32
66 33
66 33
66 34
66 34
66 35
66 36
66 36
66 37
66 38
66 38
66 39
66 40
66 40
66 41
66 42
66 43
66 43
67 44
67 45
67 45
67 46
67 47
67 48
67 48
67 49
67 49
68 50
68 50
68 51
68 51
69 51
69 51
70 50
70 50
71 49
71 49
71 48
71 47
71 47
72 46
72 45
72 45
73 44
73 43
73 43
73 42
74 41
74 40
74 40
74 39
74 39
75 38
75 37
75 37
75 37
75 37
75 37
75 37
75 37
75 38
75 38
76 38
76 38
76 39
76 39
76 39
77 40
77 40
77 41
77 41
78 41
78 41
78 40
78 40
79 40
79 40
80 39
80 39
80 38
80 37
80 37
81 36
81 36
81 35
81 35
82 34
82 33
82 33
82 32
82 32
83 31
83 31
84 31
84 31
84 31
85 32
85 32
85 33
85 33
85 34
85 34
85 35
85 35
85 36
85 36
85 37
85 37
86 38
86 38
86 39
86 39
86 40
86 40
86 40
86 40
87 40
87 40
87 40
87 40
87 40
87 41
87 42
87 42
87 43
86 44
86 45
86 45
86 46
86 47
86 48
86 48
86 49
85 50
85 51
85 52
85 52
85 53
85 54
85 55
85 56
85 56
85 57
84 58
84 59
84 60
84 60
84 61
84 62
84 63
84 64
84 65
84 65
84 66
84 67
84 68
84 69
84 70
84 71
84 71
84 72
84 73
84 74
84 75
84 76
84 76
84 77
84 78
83 79
83 80
83 81
83 81
83 82
83 83
83 84
83 85
83 85
83 86
83 87
83 88
83 89
83 89
82 90
82 91
82 91
82 92
82 93
82 94
82 94
81 95
81 96
81 96
80 97
80 98
80 98
79 99
79 99
78 100
77 100
77 100
76 100
75 100
74 100
74 100
73 100
72 100
71 100
71 100
70 100
69 100
68 100
68 100
68 100
68 99
68 98
68 98
68 97
68 96
68 95
68 94
68 94
68 93
69 92
69 91
69 90
70 89
70 88
70 88
70 87
71 86
71 85
72 84
72 83
72 82
73 81
73 80
73 80
73 79
74 78
74 77
75 76
75 75
75 74
76 73
76 72
77 71
77 70
77 70
78 69
78 68
79 67
79 66
80 65
81 64
81 63
82 62
82 61
83 60
83 60
84 59
85 58
85 57
86 56
87 55
88 54
88 53
89 52
89 52
90 51
91 50
91 49
92 48
93 47
94 46
94 45
95 44
95 44
96 43
97 42
98 42
99 41
100 40
