11 29
11 29
12 29
12 29
12 28
13 27
13 26
13 25
13 25
14 24
14 23
14 23
14 22
15 21
15 20
15 19
15 19
16 18
16 17
17 16
17 15
17 15
17 14
18 13
18 12
18 11
18 11
18 10
19 9
19 8
19 7
19 7
19 6
19 5
19 4
19 4
19 3
19 2
19 2
19 1
19 0
19 0
19 0
18 1
18 1
17 2
16 3
16 3
15 4
15 5
14 6
14 7
14 7
14 8
13 9
13 10
12 11
12 12
12 12
12 13
11 14
11 15
10 16
10 17
9 18
9 19
9 19
9 20
8 21
8 22
8 23
8 24
7 25
7 26
7 27
7 27
7 28
7 29
6 30
6 31
6 32
6 33
6 34
5 35
5 36
5 37
5 37
5 38
5 39
4 40
4 41
4 42
4 43
4 44
4 45
3 46
3 47
3 48
3 49
3 49
3 50
3 51
3 52
3 53
3 54
3 55
2 56
2 57
2 58
2 59
2 60
2 61
2 62
2 62
2 63
2 64
1 65
1 66
1 67
1 68
1 69
1 70
0 71
0 72
0 73
0 74
0 74
0 75
0 76
0 77
0 78
0 79
0 80
0 81
0 82
0 83
0 84
0 84
0 85
0 86
0 87
0 88
0 89
0 90
0 91
0 91
0 92
0 93
0 94
0 95
0 95
0 96
1 97
1 98
1 98
2 99
3 100
3 100
4 100
5 100
5 100
5 99
5 98
5 97
6 96
6 95
6 94
6 93
6 92
6 91
6 90
7 89
7 88
7 87
7 86
7 85
7 84
8 83
8 82
8 81
8 80
8 79
8 78
8 77
9 76
9 75
9 74
9 73
9 73
9 72
9 71
9 70
9 70
9 69
9 68
9 68
9 67
9 66
9 65
9 65
10 64
11 63
11 63
12 62
12 61
12 61
13 60
14 59
14 59
15 58
16 58
16 58
17 58
17 58
17 58
18 59
18 59
19 60
19 61
19 61
18 62
18 63
18 63
18 64
18 65
18 66
18 67
18 68
18 68
18 69
18 70
17 71
17 72
17 73
17 74
17 74
17 75
17 76
17 77
17 78
17 79
17 80
17 81
17 81
17 82
17 83
16 84
16 85
16 86
16 87
16 87
16 88
16 89
16 90
16 91
16 91
16 92
17 93
17 94
17 94
18 95
19 96
19 96
20 97
21 97
21 97
22 96
22 95
23 94
23 93
24 92
24 91
25 90
26 89
26 88
27 87
27 86
28 85
29 84
29 83
30 82
30 81
31 80
31 79
32 78
32 78
32 78
32 77
32 77
32 76
32 75
32 75
33 74
33 73
33 73
34 72
34 71
35 70
35 69
35 69
35 68
36 67
36 66
36 66
36 65
37 64
37 63
37 63
38 62
38 61
39 60
39 60
39 59
40 58
40 57
40 56
40 56
40 55
41 54
41 53
41 52
41 52
41 51
41 51
41 50
41 50
40 50
40 50
39 51
39 51
38 52
38 53
38 53
37 54
37 55
36 56
36 56
36 57
36 58
35 59
35 60
35 61
35 61
35 62
35 63
34 64
34 65
34 66
34 67
34 67
34 68
34 69
33 70
33 71
33 72
33 73
33 73
33 74
33 75
33 76
33 77
33 77
33 78
33 79
33 79
34 80
35 81
35 81
36 81
36 81
37 81
38 81
38 81
39 80
40 79
40 79
41 78
42 78
43 77
43 77
44 76
44 75
45 74
45 74
46 73
47 72
47 71
48 70
48 70
49 69
49 68
50 67
50 66
50 66
50 65
51 64
51 63
51 62
51 62
51 61
51 60
51 60
51 59
51 58
51 58
51 58
51 58
50 59
50 59
49 60
49 61
49 61
49 62
49 63
49 63
49 64
49 64
49 64
50 64
50 64
51 63
51 63
52 62
52 62
53 61
54 61
54 61
55 60
56 59
56 59
57 58
57 58
58 57
58 56
58 56
59 55
59 55
60 54
60 54
60 53
60 52
60 52
61 51
61 50
61 50
61 49
61 48
61 48
61 48
62 47
62 47
62 47
63 47
63 47
64 47
64 47
65 46
66 46
66 46
67 45
67 45
68 44
69 44
69 44
70 43
70 42
71 41
71 41
72 40
73 39
73 39
74 38
74 37
75 36
75 36
76 35
76 34
77 33
77 33
77 32
78 31
78 30
78 30
78 30
78 30
78 30
77 31
77 32
77 32
77 33
77 34
76 35
76 36
76 37
76 37
76 38
75 39
75 40
75 41
74 42
74 43
74 43
74 44
74 45
73 46
73 47
73 48
73 49
73 50
72 51
72 52
72 53
72 53
72 54
72 55
71 56
71 57
71 58
71 59
70 60
70 61
70 62
70 62
70 63
70 64
70 65
70 66
69 67
69 68
69 69
69 70
69 71
69 71
69 72
69 73
69 74
69 75
69 76
69 77
69 78
69 79
69 79
69 80
69 81
69 82
69 83
69 84
69 84
69 85
69 86
69 87
69 88
69 88
69 89
69 90
69 91
69 91
70 92
70 93
70 93
70 94
70 94
70 95
70 95
70 95
70 95
70 95
70 94
71 93
71 92
71 92
71 91
72 90
72 89
72 88
72 88
72 87
73 86
73 85
73 84
74 83
74 82
74 82
74 81
75 80
75 79
75 78
75 77
76 76
76 75
76 74
76 74
76 73
76 72
77 71
77 70
77 69
77 68
78 67
78 66
78 65
78 65
78 64
79 63
79 62
79 61
80 60
80 59
81 58
81 57
81 56
82 55
82 54
82 54
82 53
83 52
83 51
83 50
83 49
84 48
84 47
84 46
84 45
85 44
85 43
85 43
86 42
86 41
87 40
87 39
88 38
88 37
89 36
89 35
89 35
89 34
90 33
90 32
91 31
91 30
92 29
92 28
92 28
93 27
93 26
94 25
94 25
95 24
95 24
96 24
96 24
96 25
96 26
96 26
96 27
95 28
95 29
95 30
95 30
95 31
94 32
94 33
93 34
93 35
93 35
93 36
92 37
92 38
92 38
93 39
93 40
93 40
94 40
95 40
95 40
96 40
97 39
98 39
99 38
100 38
