10 30
10 31
10 32
10 33
10 33
10 32
10 32
10 31
10 31
10 30
10 30
11 29
11 28
11 28
11 27
12 26
12 25
12 24
12 24
13 23
13 22
14 21
14 20
14 20
14 19
15 18
15 17
15 16
15 16
15 15
15 14
16 13
16 12
16 11
16 11
16 10
17 9
17 8
17 8
17 7
17 6
17 5
17 4
17 4
18 3
18 2
18 2
17 1
17 1
16 0
16 0
15 1
15 2
15 2
14 3
13 4
12 5
12 5
11 6
11 7
10 8
10 9
10 9
10 10
9 11
9 12
8 13
8 14
7 15
7 16
7 16
7 17
7 18
6 19
6 20
6 21
6 22
5 23
5 24
5 25
5 25
5 26
5 27
4 28
4 29
4 30
4 31
4 32
3 33
3 34
3 35
3 35
3 36
3 37
2 38
2 39
2 40
2 41
2 42
2 43
1 44
1 45
1 46
1 46
1 47
1 48
1 49
1 50
1 51
0 52
0 53
0 54
0 55
0 56
0 57
0 57
0 58
0 59
0 60
0 61
0 62
0 63
0 64
0 65
0 66
0 66
0 67
0 68
0 69
0 70
0 71
0 72
0 73
0 74
0 74
0 75
1 76
1 77
1 78
1 78
1 79
2 80
2 81
2 81
3 82
4 83
5 84
5 84
6 85
7 85
7 85
7 84
7 83
7 82
7 81
7 80
7 79
7 78
7 77
7 76
7 75
8 74
8 73
8 72
8 71
8 70
8 69
8 68
8 67
8 66
8 65
8 64
8 63
8 63
7 62
7 61
7 61
6 60
6 59
6 59
6 58
6 58
7 57
7 56
7 56
8 55
8 54
8 54
9 53
10 52
10 52
11 51
12 50
12 50
13 49
13 49
14 48
15 48
15 48
16 48
16 48
17 48
17 48
17 49
17 49
18 50
18 51
18 51
18 52
18 53
17 54
17 55
17 56
17 56
17 57
17 58
16 59
16 60
16 61
16 62
16 62
16 63
16 64
16 65
15 66
15 67
15 68
15 69
15 70
15 70
15 71
15 72
14 73
14 74
14 75
14 75
14 76
14 77
14 78
14 79
14 80
14 80
14 81
15 82
15 83
15 83
16 84
16 84
17 85
17 86
17 86
18 86
19 86
20 86
20 86
21 85
21 84
22 83
22 82
23 81
24 80
24 79
25 78
26 77
26 76
27 75
27 74
28 73
29 72
29 71
30 70
30 69
31 68
31 68
31 68
31 67
31 67
31 66
31 66
32 65
32 65
32 64
33 63
33 62
33 62
33 61
34 60
34 59
34 59
35 58
35 57
36 56
36 55
36 55
36 54
37 53
37 52
37 51
37 51
38 50
38 49
39 48
39 48
39 47
40 46
40 45
40 44
40 44
41 43
41 42
41 42
41 41
41 40
41 39
41 39
41 39
40 39
40 39
40 39
39 40
39 41
39 41
38 42
38 43
37 44
37 44
37 45
36 46
36 47
36 48
36 48
36 49
36 50
35 51
35 52
35 53
35 53
35 54
35 55
35 56
35 57
35 57
35 58
35 59
35 59
36 60
36 61
36 61
37 62
37 62
38 62
39 62
39 62
40 61
41 61
41 61
42 60
43 59
43 59
44 58
44 57
45 56
45 56
46 55
46 54
47 53
47 53
48 52
48 51
48 51
48 50
49 49
49 48
49 48
50 47
50 47
50 47
50 47
50 47
50 48
50 48
50 49
50 49
51 50
51 50
52 49
52 49
53 48
54 48
54 48
55 47
56 47
57 46
57 46
58 45
59 44
59 44
60 43
60 42
61 41
61 41
62 40
62 39
63 38
63 38
64 37
64 36
64 36
64 35
64 34
64 34
65 33
65 32
65 32
65 31
66 30
66 29
66 29
66 28
66 27
66 26
66 26
66 25
67 24
67 23
67 22
67 22
68 21
68 20
68 20
68 19
68 19
68 19
68 20
68 20
68 21
68 21
69 22
69 23
69 23
69 24
69 25
69 25
69 26
70 27
70 28
70 28
70 29
71 30
71 31
71 31
71 32
71 33
72 34
72 35
72 36
72 36
72 37
72 38
72 39
72 40
72 41
72 42
72 43
72 44
72 44
72 45
72 46
72 47
72 48
71 49
71 50
71 51
71 52
71 53
71 53
71 54
71 55
71 56
70 57
70 58
70 59
70 60
70 61
70 61
70 62
70 63
70 64
69 65
69 66
69 67
69 68
69 68
69 69
68 70
68 71
68 72
68 73
67 74
67 75
67 76
67 76
67 77
67 78
66 79
66 80
66 81
66 82
66 83
65 84
65 85
65 86
65 86
65 87
64 88
64 89
64 90
64 91
63 92
63 93
63 93
63 94
62 95
62 96
62 97
62 97
62 98
61 99
61 100
61 100
61 100
61 100
62 99
62 99
62 98
62 97
63 96
63 95
63 94
63 94
64 93
64 92
65 91
65 90
66 89
66 88
67 87
67 86
67 86
67 85
68 84
68 83
68 82
69 81
69 80
70 79
70 78
70 77
71 76
71 75
71 75
71 74
72 73
72 72
73 71
73 70
73 69
74 68
74 67
74 66
75 65
75 64
76 63
76 62
76 62
76 61
77 60
77 59
78 58
78 57
78 56
79 55
79 54
79 53
80 52
80 51
81 50
81 49
81 49
81 48
82 47
82 46
83 45
83 44
84 43
84 42
85 41
85 40
86 39
86 38
87 37
87 36
87 36
88 35
88 34
89 33
89 32
90 31
90 30
91 29
91 28
91 28
92 27
93 26
93 25
94 24
94 24
94 23
94 22
94 22
95 22
95 22
94 22
94 22
94 22
95 23
95 23
96 24
96 24
97 24
98 24
99 24
100 24
