17 3
16 2
16 2
16 1
16 1
16 1
16 1
16 0
16 0
16 1
16 1
16 2
16 2
16 3
16 4
16 4
16 5
16 6
16 7
16 7
16 8
16 9
16 10
16 11
16 12
16 12
16 13
16 14
16 15
16 16
16 17
16 18
16 18
16 19
16 20
16 21
16 22
16 23
16 24
16 25
16 25
16 26
16 27
16 28
16 29
16 30
16 31
16 32
16 32
16 33
16 34
16 35
16 36
16 37
16 38
16 39
16 39
16 40
16 41
16 42
16 43
16 44
16 45
16 45
16 46
16 47
16 48
16 49
16 50
16 50
16 51
16 52
16 53
16 54
16 54
16 55
15 56
15 57
15 57
15 58
15 59
15 60
15 60
15 61
15 62
15 62
16 63
16 63
16 62
16 61
16 60
16 59
16 58
16 57
16 56
16 55
16 54
16 53
16 52
16 51
16 50
16 49
16 48
16 47
16 46
16 45
16 44
16 43
16 42
16 41
16 40
17 39
17 38
17 37
17 36
17 35
17 34
17 33
17 32
17 31
17 30
17 29
17 28
17 27
17 26
17 25
17 24
17 23
17 22
17 21
17 20
17 19
17 18
17 17
17 16
17 15
17 15
17 14
17 14
17 13
17 12
17 11
17 11
17 10
17 10
18 9
19 9
19 9
20 8
20 8
21 7
22 7
22 7
23 7
24 7
24 7
25 8
25 8
26 9
26 10
26 10
27 11
27 11
27 12
26 13
26 14
26 14
25 15
25 16
25 16
25 17
24 18
24 19
24 19
23 20
23 21
22 22
22 22
21 23
21 24
20 25
20 25
19 26
19 27
19 27
18 28
18 28
17 29
17 29
17 29
17 29
18 29
18 29
19 29
19 29
20 29
20 29
21 29
22 29
22 29
23 29
23 29
24 29
25 29
25 29
26 30
26 30
27 30
27 30
27 31
27 32
27 32
27 33
27 34
27 34
27 35
26 36
26 37
26 37
26 38
25 39
25 40
25 41
25 41
24 42
24 43
23 44
23 45
23 45
23 46
22 47
22 48
22 48
21 49
21 50
20 51
20 51
19 52
19 53
18 54
18 54
17 55
17 56
17 56
16 57
16 58
16 58
16 59
16 59
16 59
16 59
17 58
18 57
19 56
20 55
21 54
22 53
23 53
24 52
25 51
26 50
27 49
28 48
28 48
28 49
28 50
28 50
27 50
27 50
26 50
26 50
27 50
27 50
27 49
27 49
27 48
27 48
28 47
28 46
29 45
29 45
30 44
30 43
30 43
30 42
31 41
31 40
31 40
32 39
33 39
33 39
34 38
34 37
34 37
34 36
35 35
35 34
35 34
35 33
35 32
35 32
35 31
35 31
35 30
35 30
34 29
34 29
33 29
33 29
32 30
32 30
31 31
31 32
31 32
30 33
29 34
29 34
29 35
28 36
28 37
28 37
27 38
27 39
27 39
27 40
27 41
27 41
27 42
27 43
27 43
27 44
27 45
27 45
28 46
28 46
29 47
29 47
30 47
30 47
31 47
32 47
32 47
33 46
34 45
34 45
35 44
36 43
36 43
37 42
37 41
38 40
38 40
39 39
40 38
40 38
40 37
41 36
41 35
41 35
42 34
43 33
43 33
44 32
44 31
44 31
44 30
44 30
44 29
44 29
44 28
44 28
44 27
44 27
44 27
44 26
44 26
44 26
44 26
44 27
44 27
44 28
44 28
44 29
44 29
43 30
43 31
43 31
43 32
43 33
43 34
43 34
43 35
43 36
43 36
43 37
43 38
43 38
43 39
43 40
43 40
43 41
43 41
43 42
43 42
43 42
43 42
43 42
44 41
44 41
45 40
45 40
46 39
46 38
46 38
47 37
47 36
47 36
48 35
48 34
48 34
49 33
49 32
49 32
50 31
50 30
50 30
51 29
51 28
51 28
51 27
51 27
52 27
52 27
52 27
52 27
52 27
52 28
52 28
52 29
52 29
51 30
51 31
51 31
51 32
51 33
51 33
51 34
51 35
51 35
50 36
50 36
50 37
50 37
50 38
50 38
51 39
51 39
51 39
51 39
52 39
52 39
52 38
52 38
53 37
53 37
54 36
54 35
54 35
55 34
55 33
55 33
56 32
56 32
57 31
57 30
57 30
57 29
57 29
58 28
58 28
58 27
58 27
59 27
59 27
59 26
59 26
59 25
59 25
59 25
59 25
59 25
59 25
59 25
59 25
59 25
59 25
59 25
59 25
60 25
60 25
60 25
60 26
60 26
60 26
60 26
60 26
59 27
59 27
59 28
59 28
59 29
59 29
59 30
59 30
59 31
59 31
59 32
59 33
59 33
58 34
58 34
58 35
58 35
58 36
58 36
58 37
58 37
58 37
58 37
58 37
59 37
59 37
59 37
60 36
60 36
60 35
60 35
61 34
61 34
62 33
62 32
62 32
63 31
63 30
63 30
64 29
64 29
65 28
65 27
65 27
66 26
66 26
67 26
67 26
68 25
68 25
68 24
68 24
69 24
69 24
69 24
69 24
69 24
69 24
69 24
69 25
69 25
69 26
69 26
69 27
69 27
69 28
69 28
70 28
70 28
70 29
70 29
71 29
71 29
72 29
72 29
73 28
73 28
74 28
74 28
74 27
74 27
75 26
75 26
75 25
75 25
76 24
76 24
76 23
76 22
76 22
76 21
76 20
76 20
77 19
77 18
77 18
77 17
77 16
77 16
77 15
77 14
77 13
77 13
77 12
77 12
77 11
77 10
77 10
77 9
77 9
77 9
77 9
76 9
76 9
76 10
76 10
76 11
76 12
76 12
76 13
75 14
75 15
75 15
75 16
75 17
75 18
75 18
75 19
74 20
74 21
74 21
74 22
74 23
74 24
74 25
74 25
74 25
74 26
74 27
74 28
73 29
73 30
73 31
73 32
73 33
73 33
73 34
73 35
73 36
73 37
73 38
73 38
73 39
73 40
73 41
73 42
73 43
73 44
73 44
73 45
73 46
72 47
72 48
72 49
72 49
72 50
72 51
72 52
72 53
72 54
72 55
72 55
72 56
72 57
71 58
71 59
71 60
71 60
71 61
71 62
71 63
71 64
71 64
71 65
71 66
70 67
70 68
70 69
70 69
69 70
69 71
68 72
68 72
67 73
67 74
66 75
66 76
66 76
65 77
65 78
64 79
64 80
64 80
63 81
63 82
62 83
62 83
61 84
60 85
59 86
59 86
58 87
57 88
56 89
56 89
55 90
54 90
53 91
53 91
52 92
51 93
51 93
50 93
49 94
48 94
48 94
47 95
46 95
45 96
45 96
44 97
43 97
42 98
41 98
41 98
40 98
39 99
38 99
37 99
37 99
36 99
35 100
34 100
33 100
33 100
32 100
31 100
30 100
30 100
29 100
28 100
27 100
26 100
26 100
25 100
24 100
23 100
23 100
22 100
21 100
20 100
19 100
19 100
18 100
17 99
16 99
16 99
15 99
14 98
13 98
13 98
12 98
11 97
10 97
10 97
9 96
8 95
8 95
7 95
6 94
5 94
5 94
4 93
3 92
3 92
3 92
2 91
1 90
1 90
0 89
0 88
0 88
0 87
0 86
0 86
0 85
0 84
0 84
0 83
0 82
0 82
0 81
0 81
0 80
0 79
0 79
1 78
1 77
1 77
2 76
2 75
2 75
3 74
4 73
4 73
5 72
6 72
7 71
7 71
8 70
9 70
10 69
10 69
11 68
12 68
13 67
13 67
14 66
15 66
16 65
17 65
17 65
18 64
19 63
20 63
21 62
21 62
22 61
23 61
24 60
25 60
26 59
26 59
27 58
28 57
29 56
30 55
30 55
31 54
32 54
33 53
34 53
35 52
35 52
35 52
36 51
37 51
38 50
39 49
40 48
41 48
42 47
43 46
44 45
45 45
46 44
46 44
47 43
48 43
49 42
50 41
51 41
52 40
52 40
53 39
54 38
55 37
56 37
57 36
58 35
58 35
59 34
60 34
61 33
62 32
63 32
64 31
64 31
64 31
65 30
66 30
67 29
68 29
69 28
70 28
71 27
72 26
73 26
74 25
75 25
76 24
77 24
78 23
78 23
79 22
80 22
81 21
82 21
83 20
84 20
85 19
85 19
86 18
87 18
88 17
89 16
90 15
91 15
92 14
92 14
93 14
94 13
95 13
96 12
97 12
98 12
99 11
100 11
