17 5
17 4
17 4
17 4
17 4
17 4
17 4
17 4
17 4
17 4
17 5
17 6
17 6
17 7
17 8
17 9
17 9
17 10
17 11
17 12
17 13
17 13
17 14
17 15
17 16
17 17
17 18
17 18
17 19
17 20
17 21
17 22
17 23
17 24
17 24
17 25
17 26
17 27
17 28
17 29
17 30
17 31
17 31
17 32
17 33
17 34
16 35
16 36
16 37
16 38
16 39
16 39
16 40
16 41
16 42
16 43
16 44
16 45
16 45
16 46
16 47
16 48
16 48
16 49
16 50
16 50
16 51
16 51
16 50
16 50
16 49
16 48
16 47
16 46
15 45
15 44
15 43
15 42
15 41
15 40
15 39
15 38
14 37
14 36
14 35
14 34
14 33
14 32
14 31
14 30
13 29
13 28
13 27
13 26
13 25
13 24
13 23
13 22
12 21
12 20
12 19
12 18
12 17
12 16
12 15
12 14
11 13
11 12
11 11
11 10
11 9
11 8
11 7
11 6
10 5
10 4
10 3
10 2
10 1
10 1
9 2
9 2
8 2
8 2
8 3
8 3
8 3
9 3
9 3
10 4
11 4
11 4
12 4
13 4
13 4
14 4
15 3
16 3
17 3
17 3
18 3
19 2
20 2
20 2
21 2
22 1
23 1
24 1
24 1
25 1
26 1
27 1
28 1
28 1
29 1
30 0
31 0
31 0
32 0
33 1
34 1
34 1
35 1
36 1
37 1
37 1
38 2
39 2
39 2
40 3
40 4
40 4
40 5
40 6
40 6
40 7
40 8
40 8
40 9
39 10
39 11
39 12
39 12
39 13
38 14
38 15
38 16
38 16
37 17
36 18
35 19
35 19
34 20
34 21
33 22
33 23
33 23
32 24
32 25
31 26
31 26
30 27
29 28
29 28
28 29
28 30
28 30
28 31
28 31
28 31
28 30
28 30
28 30
29 29
30 29
30 29
31 28
31 28
32 28
33 27
34 27
34 27
35 26
36 25
36 25
37 25
37 25
38 24
39 24
39 24
40 24
40 24
41 25
41 25
41 26
41 26
41 27
41 28
41 29
41 29
41 30
40 31
40 32
40 32
39 33
39 34
38 35
38 36
38 36
38 37
37 38
37 39
37 40
36 41
36 42
36 42
35 43
35 44
34 45
33 46
33 47
32 48
32 48
31 49
31 50
30 51
29 52
29 53
28 54
28 54
27 55
26 56
25 57
25 58
24 59
23 60
23 60
22 61
21 62
21 63
20 64
19 65
19 65
18 66
18 67
17 68
17 69
16 70
16 71
16 71
15 72
15 73
14 74
14 75
14 75
13 76
13 77
12 78
12 78
11 79
11 80
11 80
10 81
10 81
10 80
10 80
11 80
12 80
12 80
13 79
14 78
14 78
15 77
16 77
17 76
17 76
18 75
19 74
20 73
20 73
21 72
21 71
22 70
22 69
23 68
23 68
24 67
25 66
26 66
27 65
28 64
28 64
29 63
30 62
30 61
31 60
32 59
32 59
33 58
34 57
35 56
36 55
36 55
37 54
38 53
39 52
40 51
40 51
41 50
42 49
43 49
44 48
44 48
45 47
46 46
47 45
47 45
48 44
48 43
49 42
49 42
50 41
51 40
51 40
52 39
52 39
53 38
53 38
53 38
52 38
52 38
51 37
51 37
50 37
50 37
49 37
48 37
48 37
47 38
46 38
46 38
45 39
45 39
44 40
43 40
43 40
42 41
42 42
42 42
41 43
41 44
41 44
41 45
41 46
41 46
41 46
42 46
42 46
42 46
43 47
44 47
44 47
45 46
45 46
46 45
46 44
46 44
47 43
48 43
48 43
49 42
49 42
49 42
50 42
50 42
50 42
50 43
50 44
50 44
50 45
50 46
50 46
50 46
50 46
50 46
50 46
51 46
51 46
52 46
52 46
52 45
52 45
53 44
53 44
54 44
54 44
54 45
54 45
55 46
55 46
55 47
55 47
56 48
56 48
56 49
56 49
57 48
57 48
57 48
58 47
58 46
58 46
59 45
60 45
60 45
61 44
61 43
61 43
62 42
62 42
63 42
63 42
64 42
64 42
64 42
65 43
65 44
65 44
65 45
65 45
66 46
66 46
67 46
67 46
67 46
68 46
68 46
69 45
70 44
70 44
71 43
71 43
72 42
72 42
73 41
74 41
74 41
75 40
75 40
76 41
76 41
77 41
77 41
78 41
78 41
79 42
79 42
79 42
80 42
80 42
80 43
80 43
80 43
80 43
80 43
80 43
80 44
80 44
80 45
80 45
80 46
80 47
80 48
80 48
80 49
79 50
79 51
79 51
79 52
78 53
78 54
78 55
78 55
78 56
77 57
77 58
77 59
77 59
77 60
76 61
76 62
75 63
75 64
75 64
75 65
74 66
74 67
74 68
73 69
73 70
73 70
73 71
72 72
72 73
72 74
71 75
71 76
71 76
70 77
70 78
69 79
69 80
68 81
68 82
68 82
67 83
67 84
66 85
66 86
65 87
65 88
65 88
64 89
63 90
63 91
62 92
62 92
61 93
60 94
60 95
59 96
59 96
58 97
57 97
56 98
56 98
55 99
54 99
53 100
53 100
52 100
51 100
50 100
49 100
49 100
48 100
47 100
46 100
45 100
45 100
44 100
43 100
42 99
41 99
40 99
40 99
39 99
38 98
37 98
36 98
36 98
35 97
34 97
33 96
32 96
32 96
31 96
30 95
29 95
28 94
27 94
27 94
26 94
25 93
24 93
23 93
23 93
22 93
21 92
20 92
19 91
18 91
18 91
17 90
16 90
15 89
14 89
14 89
13 88
12 88
11 87
10 87
10 87
9 86
8 86
7 85
6 85
6 85
5 85
4 84
3 84
3 84
2 83
1 83
1 83
0 83
0 83
0 82
0 82
0 81
0 81
0 80
0 79
0 79
1 78
1 77
2 76
2 76
3 75
4 75
5 74
5 74
6 73
7 73
8 72
8 72
9 71
10 71
11 70
12 70
13 69
13 69
14 69
15 68
16 68
17 67
18 67
18 67
19 67
20 66
21 66
22 65
23 65
23 65
24 65
25 64
26 64
27 64
28 63
29 63
29 63
30 63
31 63
32 62
33 62
34 62
35 62
35 62
36 62
37 61
38 61
39 61
40 60
41 60
41 60
42 60
43 59
44 59
45 59
46 58
47 58
47 58
48 58
49 58
50 57
51 57
52 57
53 57
53 57
54 57
55 57
56 56
57 56
58 56
59 56
59 56
60 56
61 55
62 55
63 55
64 54
65 54
65 54
66 54
67 54
68 54
69 54
70 54
71 54
72 54
72 54
73 54
74 54
75 53
76 53
77 53
77 53
78 53
79 53
80 52
81 52
82 52
82 52
83 52
84 52
85 51
86 51
87 51
87 51
88 51
89 50
90 50
91 50
91 50
92 50
93 49
94 49
94 49
95 49
96 48
97 48
97 48
98 48
98 48
99 48
99 48
100 48
100 48
99 48
99 48
99 48
99 48
99 48
99 48
99 48
98 48
