17 6
17 5
17 4
17 4
17 3
17 3
17 2
17 2
17 1
17 1
17 0
17 0
17 0
17 1
17 1
17 2
17 3
17 3
17 4
17 5
17 6
17 7
17 7
17 8
17 9
17 10
17 11
17 12
17 12
17 13
17 14
17 15
17 16
17 17
17 18
17 18
17 19
17 20
17 21
16 22
16 23
16 24
16 25
16 26
16 26
16 27
16 28
16 29
16 30
16 31
16 32
16 33
16 34
16 35
16 35
16 36
16 37
16 38
16 39
16 40
16 41
16 42
16 42
16 43
16 44
16 45
15 46
15 47
15 48
15 49
15 50
15 50
15 51
15 52
15 53
15 54
15 55
15 55
15 56
15 57
15 58
15 58
15 58
15 59
15 59
15 59
15 58
15 57
15 56
15 55
15 54
15 53
15 53
15 52
15 51
16 50
16 49
16 48
16 48
16 47
16 46
16 45
16 44
16 43
16 42
16 42
16 41
16 40
16 39
16 38
16 37
16 36
16 36
16 35
16 34
17 33
17 32
17 31
17 30
17 30
17 29
17 28
17 27
17 26
17 25
17 25
17 24
17 23
17 22
17 21
17 21
17 20
17 19
17 18
17 17
17 17
17 16
17 15
17 15
17 14
17 14
17 14
16 14
16 14
16 15
16 15
15 15
15 15
15 15
14 14
14 14
14 13
14 13
13 12
13 12
13 11
13 10
13 10
12 10
12 10
12 9
12 9
11 9
11 9
11 9
10 10
10 11
10 11
10 11
10 11
10 11
10 11
11 11
11 11
12 10
13 10
13 10
14 9
15 9
16 8
16 8
17 8
18 7
19 7
19 7
20 6
21 6
22 5
22 5
23 5
24 4
25 4
25 4
26 4
27 4
27 4
28 4
29 4
30 4
30 4
31 4
31 4
32 5
32 5
33 6
33 7
33 7
33 8
33 9
33 10
33 10
33 11
33 12
32 13
32 14
32 15
32 15
32 16
32 17
31 18
31 19
31 20
31 20
30 21
30 22
29 23
29 24
28 25
28 26
28 26
28 27
27 28
27 29
27 30
27 30
26 31
26 32
25 33
25 34
25 34
24 35
24 36
24 36
23 37
23 37
23 37
24 36
24 36
24 36
25 35
25 35
26 34
27 33
27 33
28 32
29 32
29 32
30 31
31 30
31 30
32 29
33 29
33 29
34 29
34 29
35 28
36 28
36 28
37 29
37 29
38 30
38 30
39 31
39 31
39 32
39 32
39 33
39 34
39 34
39 35
39 36
39 37
39 37
39 38
38 39
38 40
38 40
37 41
37 42
36 43
36 44
36 44
36 45
35 46
35 47
34 48
34 49
34 49
34 50
33 51
33 52
32 53
32 54
32 54
31 55
31 56
30 57
30 58
29 59
29 59
28 60
27 61
27 62
26 63
25 64
25 64
24 65
24 66
23 67
23 68
22 69
22 69
21 70
20 71
20 72
19 73
19 73
18 74
18 75
17 76
17 76
16 77
16 78
15 79
15 80
15 80
14 81
14 81
14 82
14 82
14 81
14 81
14 81
15 80
16 79
16 79
17 78
18 77
18 77
19 76
20 75
20 75
21 74
22 73
23 72
23 72
24 71
25 70
25 69
26 68
26 68
27 67
28 66
29 65
30 64
30 64
31 63
31 62
32 61
32 60
33 59
33 59
34 58
35 57
36 56
37 55
37 55
38 54
39 53
39 52
40 51
40 51
41 50
42 49
43 48
43 48
44 47
45 46
46 45
46 45
47 44
47 43
48 42
48 42
49 41
50 40
50 40
51 40
51 40
51 39
51 39
51 39
51 40
51 40
50 40
50 40
49 40
49 40
48 40
48 40
47 40
47 40
47 40
47 40
47 41
47 41
47 42
47 42
47 43
47 44
47 44
47 45
47 46
47 46
47 47
47 48
47 49
47 49
48 50
48 50
49 51
49 51
49 51
50 51
50 51
51 50
51 50
52 49
52 49
53 48
53 47
53 47
54 46
54 45
54 45
54 44
54 44
54 43
54 43
54 43
54 44
54 44
53 45
53 45
53 46
53 47
53 47
52 48
52 49
52 49
52 50
52 50
53 51
53 51
53 51
53 51
54 50
54 50
55 49
55 49
56 48
57 47
57 47
57 46
57 46
58 46
58 46
58 47
58 47
59 48
59 48
59 49
59 50
59 50
60 51
60 52
60 52
60 53
60 54
60 54
60 54
61 54
61 54
61 53
61 53
62 52
62 52
63 51
63 50
63 50
64 49
64 49
65 49
65 49
66 49
66 49
66 49
67 50
67 50
67 51
67 51
68 51
68 51
68 51
69 51
69 51
70 50
70 50
70 49
70 49
71 48
71 47
71 47
72 46
72 45
72 45
73 45
73 45
74 45
74 45
74 45
75 45
75 45
75 46
75 46
75 46
76 46
76 46
76 46
77 45
77 45
77 45
78 44
78 44
79 44
79 44
79 44
80 45
80 46
80 46
80 47
80 48
80 48
80 49
80 50
80 50
80 51
81 52
81 53
81 53
81 54
81 55
81 56
81 56
81 57
81 58
81 59
81 59
81 60
80 61
80 62
80 62
80 63
79 64
79 65
79 65
79 66
78 67
78 68
78 68
78 69
77 70
77 71
76 72
76 73
76 73
75 74
75 75
74 76
74 77
74 77
73 78
72 79
72 80
71 81
71 81
70 82
70 83
69 84
69 85
68 86
68 86
67 87
66 88
66 89
65 90
65 90
64 91
63 92
62 93
61 94
61 94
60 95
59 96
58 96
57 97
57 97
56 97
55 98
54 98
53 99
52 99
52 99
51 99
50 99
49 100
48 100
47 100
47 100
46 100
45 100
44 100
43 100
42 100
42 100
41 100
40 100
39 100
38 100
37 100
37 100
36 100
35 100
34 100
33 100
32 100
32 100
31 100
30 99
29 99
28 99
27 98
26 98
26 98
25 98
24 97
23 97
22 96
21 96
21 96
20 96
19 95
18 95
17 94
16 94
16 94
15 93
14 92
13 92
12 91
12 91
11 90
10 89
9 88
9 88
8 87
7 86
6 85
5 84
5 84
4 83
4 82
3 81
3 81
2 80
1 79
1 79
0 78
0 78
0 77
0 77
0 76
0 76
0 76
1 75
2 75
2 75
3 75
4 75
5 75
5 75
6 75
7 74
8 74
8 74
9 74
10 73
11 73
12 73
12 73
13 73
14 73
15 72
16 72
17 72
17 72
18 72
19 72
20 71
21 71
22 71
23 71
23 71
24 70
25 70
26 69
27 69
28 68
29 68
29 68
30 68
31 68
32 67
33 67
34 67
35 67
35 67
36 67
37 66
38 66
39 66
40 66
41 65
42 65
42 65
43 65
44 65
45 65
46 64
47 64
48 64
49 64
49 64
50 64
51 63
52 63
53 63
54 62
55 62
55 62
56 62
57 62
58 62
59 61
60 61
61 61
62 61
62 61
63 61
64 61
65 61
66 60
67 60
68 60
69 60
69 60
70 60
71 60
72 59
73 59
74 59
74 59
75 59
76 59
77 58
78 58
79 58
80 58
80 58
81 58
82 57
83 57
84 57
84 57
85 57
86 57
87 56
88 56
89 56
89 56
90 56
91 56
92 56
92 56
93 56
94 56
95 56
95 56
96 56
97 56
97 56
98 56
99 56
99 56
99 56
100 56
100 56
99 56
99 56
99 56
99 56
99 56
99 56
99 56
99 56
99 56
99 55
99 55
99 55
98 55
98 55
98 55
98 54
98 54
97 53
97 53
97 52
