2 13
2 13
2 13
2 13
3 14
3 15
3 15
3 16
3 17
3 17
3 18
3 19
3 20
3 20
3 21
3 22
3 23
3 24
3 25
3 25
3 26
3 27
4 28
4 29
4 30
4 31
4 31
4 32
4 33
4 34
4 35
4 36
4 37
4 38
4 38
4 39
4 40
4 41
4 42
4 43
4 44
4 45
4 45
4 46
4 47
4 48
4 49
4 50
4 51
4 52
4 53
4 53
4 54
4 55
4 56
4 57
4 58
4 59
4 60
4 60
4 61
4 62
4 63
4 64
4 65
4 66
4 66
4 67
4 68
4 69
4 70
4 70
4 71
5 72
5 73
5 73
5 74
5 74
5 74
5 74
5 73
5 72
5 72
5 71
5 70
5 69
5 68
5 67
5 66
5 65
4 64
4 63
4 62
4 61
4 60
4 59
4 58
4 57
4 56
4 55
4 54
4 53
4 52
4 51
3 50
3 49
3 48
3 47
3 46
3 45
3 44
3 43
3 42
3 41
3 40
3 39
3 38
3 37
3 36
2 35
2 34
2 33
2 32
2 31
2 30
2 29
2 28
2 27
2 26
2 25
2 24
2 23
2 22
1 21
1 20
1 19
1 18
1 17
1 16
1 15
1 14
1 14
1 13
1 12
1 11
1 10
1 9
1 9
0 8
0 7
0 7
0 6
0 6
0 6
0 5
0 5
1 5
2 4
3 4
3 4
4 3
5 3
6 2
6 2
7 2
8 1
9 1
9 1
10 1
11 0
12 0
12 0
13 1
14 1
14 1
15 2
15 3
15 3
15 4
16 5
16 6
16 6
16 7
16 8
16 9
16 10
16 11
16 11
16 12
16 13
15 14
15 15
15 16
15 17
15 17
15 18
14 19
14 20
14 21
14 22
13 23
13 24
13 25
13 25
13 26
12 27
12 28
12 29
11 30
11 31
11 31
11 32
10 33
10 34
10 35
9 36
9 37
9 37
8 38
8 39
7 40
7 41
6 42
6 42
6 43
5 44
5 45
5 45
5 46
5 47
5 47
5 48
5 49
5 50
5 50
5 51
6 52
6 53
6 53
6 54
7 55
7 56
7 56
8 57
8 58
8 58
8 59
9 60
9 61
9 61
9 62
10 63
10 64
10 65
10 65
10 66
11 67
11 68
11 68
11 69
11 70
11 71
11 72
11 73
11 73
11 74
11 75
10 76
10 77
10 78
10 78
10 79
9 80
9 81
9 82
9 82
9 83
8 84
8 85
8 85
7 86
6 87
6 87
5 88
5 89
4 90
4 90
3 91
2 91
2 91
1 92
1 92
0 92
0 92
0 92
0 92
0 92
0 92
0 92
0 92
0 92
1 92
1 92
1 92
2 92
2 92
2 92
2 91
2 91
2 91
3 90
3 90
3 90
4 89
4 89
4 88
4 88
5 87
5 87
6 86
6 86
7 85
7 84
7 84
8 83
9 82
9 82
10 81
10 80
11 79
11 79
12 78
12 77
13 76
13 75
13 75
14 74
14 73
15 72
15 71
15 71
15 70
16 69
16 68
17 67
17 66
17 66
18 65
18 64
19 63
19 62
19 62
20 61
21 60
22 59
22 59
23 58
23 57
24 56
24 55
24 55
25 54
25 53
26 52
26 51
26 51
27 50
27 49
28 48
28 48
28 47
29 46
29 45
29 44
29 44
30 43
30 42
30 42
31 41
31 40
31 40
31 39
32 38
32 37
32 37
32 37
32 36
32 36
32 35
32 34
32 34
32 34
32 33
32 33
32 32
32 32
32 31
32 31
32 30
32 30
31 30
31 30
31 30
31 30
31 29
31 29
30 29
30 29
30 29
29 29
29 29
28 30
28 31
28 31
27 32
27 32
27 33
26 34
26 35
26 35
25 36
25 37
25 37
24 38
24 39
24 39
24 40
23 41
23 42
23 42
23 43
22 44
22 45
22 46
22 46
22 47
22 48
22 49
22 50
22 50
22 51
22 52
22 52
22 53
22 54
22 55
22 55
22 56
22 57
22 58
22 58
23 59
23 60
23 60
23 61
23 61
24 62
24 62
25 63
25 63
26 63
27 63
27 63
28 62
28 62
29 61
30 61
31 60
31 60
32 59
33 58
33 58
34 57
34 56
35 55
35 55
36 54
37 53
37 52
38 51
38 51
38 50
39 49
39 48
40 47
40 46
40 46
41 45
41 44
42 43
42 42
42 42
43 41
43 40
44 39
44 38
44 38
44 37
45 36
45 35
45 35
46 34
46 33
46 33
46 32
46 32
46 31
46 31
45 31
45 31
45 31
44 31
44 31
43 32
43 33
43 33
42 34
41 35
41 35
41 36
40 37
40 38
40 39
40 39
39 40
39 41
38 42
38 42
38 43
37 44
37 45
37 46
37 46
37 47
36 48
36 49
36 49
36 50
36 50
36 51
36 52
36 52
36 53
36 53
37 53
37 53
38 52
39 52
39 52
40 51
40 51
41 50
42 49
43 48
43 48
44 47
45 46
46 45
46 45
47 44
48 43
49 42
49 42
50 41
51 40
51 40
52 39
52 38
52 38
53 38
53 38
53 38
53 38
53 39
53 39
53 40
53 40
53 40
54 41
54 41
54 41
54 42
54 42
55 42
55 42
56 42
56 42
57 42
58 42
58 42
59 41
59 41
60 40
60 40
61 39
62 39
62 39
63 38
63 38
64 38
64 38
64 38
65 37
65 37
66 36
66 36
67 36
67 36
68 35
68 35
69 34
69 34
70 33
70 33
71 32
71 32
72 31
72 31
73 30
73 30
74 29
74 28
74 28
75 27
75 26
75 26
76 25
76 24
76 24
77 23
77 23
78 22
78 22
79 21
79 21
79 20
79 20
80 20
80 20
80 19
80 19
80 19
80 20
80 20
80 20
79 21
79 21
78 22
78 23
78 23
78 24
78 25
78 26
78 26
77 27
77 28
76 29
76 30
76 30
76 31
76 32
75 33
75 34
75 35
75 35
75 36
74 37
74 38
73 39
73 40
73 40
73 41
72 42
72 43
71 44
71 45
70 46
70 47
70 47
70 48
69 49
69 50
69 51
69 52
68 53
68 54
68 55
68 55
67 56
67 57
66 58
66 59
65 60
65 61
64 62
64 63
64 63
64 64
63 65
63 66
62 67
62 68
62 69
61 70
61 71
61 71
60 72
60 73
59 74
59 75
58 76
58 77
57 78
57 78
56 79
55 80
55 81
54 82
53 83
53 83
52 84
52 85
51 86
50 87
50 88
49 89
49 89
48 90
47 91
46 92
45 93
44 94
44 94
43 95
42 95
41 96
40 97
39 97
38 98
38 98
37 98
36 99
35 99
34 100
33 100
33 100
32 100
31 100
30 100
29 100
28 100
28 100
27 100
26 100
25 100
24 100
24 100
23 100
22 99
21 99
20 99
20 99
19 99
18 98
17 98
16 98
16 98
15 97
14 96
14 96
13 95
13 94
13 94
12 93
12 92
12 92
12 91
12 90
12 89
12 89
12 88
12 87
12 87
13 86
13 85
14 84
14 84
15 83
15 82
16 81
16 81
17 80
18 79
19 78
19 78
20 77
21 76
22 75
23 74
23 74
24 73
25 72
26 72
27 71
28 70
28 70
29 69
30 68
31 67
32 67
33 66
34 65
34 65
35 64
36 64
37 63
38 62
39 62
40 61
40 61
41 60
42 60
43 59
44 58
45 58
46 57
46 57
47 57
48 56
49 56
50 55
51 55
52 54
53 54
53 54
54 53
55 53
56 52
57 52
58 51
59 51
60 50
60 50
61 50
62 49
63 49
64 48
65 48
66 47
67 47
67 47
68 47
69 46
70 46
71 46
72 45
73 45
73 45
74 45
75 44
76 44
77 43
78 43
79 42
80 42
80 42
81 41
82 41
83 40
84 40
85 39
86 39
86 39
87 39
88 38
89 38
90 37
91 37
92 36
93 36
93 36
94 36
95 35
96 35
97 34
98 34
99 33
100 33
