2 7
2 6
2 5
2 5
2 4
2 4
2 4
2 4
2 4
2 5
2 5
2 6
2 6
1 7
1 8
1 8
1 9
1 10
1 11
1 11
1 12
1 13
1 14
1 15
1 15
1 16
1 17
2 18
2 19
2 20
2 20
2 21
2 22
2 23
2 24
2 25
2 26
2 27
2 27
2 28
2 29
2 30
2 31
2 32
2 33
2 34
2 35
2 35
2 36
2 37
2 38
2 39
2 40
2 41
2 42
2 43
2 43
2 44
2 45
2 46
2 47
2 48
2 49
2 50
2 51
2 51
2 52
2 53
2 54
3 55
3 56
3 57
3 58
3 59
3 59
3 60
3 61
3 62
3 63
3 64
3 64
3 65
3 66
4 67
4 68
4 69
4 69
4 70
4 71
4 72
4 72
4 73
4 74
4 75
4 75
4 76
4 77
4 77
4 78
4 79
4 79
4 79
4 79
4 79
4 79
4 78
4 78
4 78
4 77
4 76
4 76
3 75
3 75
3 74
3 73
3 72
3 72
3 71
2 70
2 69
2 69
2 68
2 67
2 66
2 65
2 65
2 64
2 63
2 62
2 61
2 60
2 60
2 59
2 58
1 57
1 56
1 55
1 55
1 54
1 53
1 52
1 51
1 50
1 49
1 49
1 48
1 47
1 46
1 45
1 44
1 43
1 43
1 42
1 41
0 40
0 39
0 38
0 38
0 37
0 36
0 35
0 34
0 33
0 32
0 32
0 31
0 30
0 29
0 28
0 27
0 27
0 26
0 25
0 24
0 23
0 22
0 21
0 21
0 20
0 19
0 18
0 17
0 16
0 16
0 15
0 14
0 13
0 13
0 12
1 11
1 10
1 10
2 9
2 8
2 8
3 7
3 7
4 6
5 6
6 5
6 5
7 4
8 4
9 3
9 3
10 3
11 2
12 2
12 2
13 1
14 0
14 0
15 1
16 1
16 1
17 2
18 2
18 2
19 3
19 4
19 4
19 5
19 6
19 7
19 7
19 8
19 9
19 10
19 11
19 12
19 12
19 13
18 14
18 15
17 16
17 17
17 17
17 18
16 19
16 20
16 21
15 22
15 23
15 23
15 24
14 25
14 26
14 27
13 28
13 29
13 29
12 30
11 31
11 32
10 33
10 33
9 34
9 35
8 36
8 36
7 37
6 38
6 38
6 39
6 39
6 40
6 40
6 41
6 41
7 42
7 42
8 43
8 44
8 44
9 45
10 46
10 46
11 47
12 47
12 47
13 48
14 49
14 49
14 50
15 51
15 52
15 52
15 53
16 54
16 55
16 55
16 56
16 57
16 58
16 59
16 60
16 60
16 61
16 62
16 63
16 64
16 65
16 65
16 66
15 67
15 68
14 69
14 70
14 70
14 71
14 72
13 73
13 74
13 75
13 76
13 76
13 77
12 78
12 79
11 80
11 81
11 81
10 82
9 83
8 84
8 84
7 85
7 86
6 87
6 88
6 88
5 89
4 90
4 90
3 91
2 91
2 91
1 92
1 92
0 92
0 92
0 92
0 92
0 92
0 92
0 92
0 92
1 91
1 91
2 90
2 90
3 89
3 88
3 88
4 87
5 86
5 86
6 85
7 84
7 84
8 83
9 82
9 82
10 81
11 80
11 80
12 79
12 78
13 77
13 77
14 77
15 77
15 77
16 76
17 75
17 75
18 74
19 74
19 74
20 73
21 73
21 73
22 72
23 71
23 71
24 70
24 69
25 68
25 68
26 67
27 66
27 66
28 65
29 64
30 63
30 63
31 62
31 61
32 60
32 60
32 59
33 58
33 57
33 57
34 56
34 55
35 54
35 54
35 53
36 52
36 51
36 51
36 50
36 49
36 49
36 48
36 47
36 46
36 46
36 45
36 44
36 44
36 43
36 42
36 42
35 41
35 41
35 41
35 40
35 40
34 40
34 40
33 40
33 40
33 40
32 41
32 41
31 42
31 43
31 43
31 44
30 45
30 46
30 46
30 47
29 48
29 49
29 49
29 50
29 51
29 52
29 52
29 53
28 54
28 55
28 55
28 56
28 57
28 58
28 58
28 59
28 60
28 60
28 61
28 62
28 62
29 63
29 64
29 64
30 65
30 65
31 65
31 65
32 66
32 66
33 65
34 65
34 65
35 64
36 64
36 64
37 63
38 63
38 63
39 62
39 61
40 60
40 60
41 59
41 58
42 57
42 57
43 56
44 55
44 55
44 54
45 53
45 52
45 52
46 51
46 50
46 50
46 49
46 48
46 48
46 47
46 47
46 47
46 47
46 47
46 47
46 47
46 47
46 48
46 48
46 49
46 49
46 50
46 50
47 51
47 51
48 51
48 51
49 51
49 51
50 50
51 50
51 50
52 50
53 50
53 50
54 50
55 49
56 49
56 49
57 48
58 47
58 47
59 46
60 46
60 46
61 45
61 45
62 45
62 45
63 44
63 44
64 44
64 44
64 44
65 44
65 44
66 44
66 44
67 45
67 45
68 44
68 44
69 43
69 43
70 42
71 42
71 42
72 41
72 41
73 40
73 40
74 40
75 40
75 40
76 39
76 39
76 38
76 38
77 37
77 37
78 37
78 37
78 36
78 36
79 35
79 35
79 34
79 34
80 34
80 34
80 33
80 33
80 33
80 33
80 33
80 34
80 34
80 34
80 35
80 35
79 36
79 36
79 37
79 38
79 38
79 39
78 40
78 41
78 41
77 42
77 43
76 44
76 44
75 45
75 46
74 47
74 47
74 48
73 49
73 50
72 51
72 52
72 52
72 53
71 54
71 55
71 56
70 57
70 58
70 58
69 59
68 60
68 61
67 62
66 63
66 63
65 64
65 65
64 66
64 67
63 68
63 68
62 69
62 70
61 71
61 72
60 73
60 74
60 74
59 75
59 76
58 77
58 78
57 79
57 79
56 80
55 81
54 82
54 83
53 84
52 85
52 85
51 86
51 87
50 88
49 89
49 90
48 91
48 91
47 92
46 93
45 93
44 94
43 95
43 95
42 96
41 97
40 97
39 98
39 98
38 98
37 99
36 99
35 100
34 100
34 100
33 100
32 100
31 100
30 100
30 100
29 100
28 100
27 100
26 100
26 100
25 100
24 99
23 99
22 99
22 99
21 98
20 98
19 97
18 97
18 97
17 96
16 95
15 94
15 94
14 93
13 92
13 92
13 91
12 90
12 89
12 89
11 88
11 87
11 87
10 86
10 85
10 85
10 84
10 83
10 83
10 82
10 82
11 81
11 81
12 80
12 79
12 79
13 78
14 77
14 77
15 76
16 76
17 75
17 75
18 74
19 73
20 73
21 72
21 72
22 71
23 71
24 70
25 70
26 69
26 69
27 68
28 68
29 67
30 67
31 66
31 66
32 66
33 65
34 65
35 64
36 64
37 63
38 63
38 63
39 63
40 62
41 62
42 61
43 61
44 61
45 60
46 60
46 60
47 59
48 59
49 58
50 58
51 57
52 57
53 56
54 56
54 56
55 55
56 55
57 54
58 53
59 53
60 52
61 52
62 51
62 51
63 50
64 50
65 49
66 49
67 48
68 48
69 47
70 47
70 47
71 47
72 47
73 46
74 46
75 46
76 46
77 45
78 45
79 45
79 45
80 45
81 45
82 44
83 44
84 44
85 44
85 44
86 44
87 43
88 43
89 43
90 42
91 42
91 42
92 42
93 41
94 41
95 41
95 41
96 41
97 41
97 41
98 41
99 40
100 40
