10 4
10 3
10 2
10 2
10 2
10 3
10 4
10 4
10 5
10 6
10 7
10 7
10 8
10 9
10 10
10 11
10 12
10 12
10 13
10 14
11 15
11 16
11 17
11 18
11 18
11 19
11 20
11 21
11 22
11 23
11 24
11 25
11 25
11 26
11 27
11 28
12 29
12 30
12 31
12 32
12 33
12 33
12 34
12 35
12 36
12 37
12 38
12 39
12 40
12 41
12 41
12 42
12 43
12 44
12 45
12 46
12 47
12 48
12 49
12 49
12 50
12 51
12 52
12 53
12 54
12 54
12 55
12 56
12 57
12 57
12 58
12 59
12 59
12 60
12 60
12 59
12 59
12 59
12 58
12 57
12 56
11 55
11 54
11 53
11 52
11 51
11 50
11 49
10 48
10 47
10 46
10 45
10 44
10 43
10 42
9 41
9 40
9 39
9 38
9 37
9 36
8 35
8 34
8 33
8 32
8 31
8 30
8 29
7 28
7 27
7 26
7 25
7 24
7 23
7 22
6 21
6 20
6 19
6 18
6 17
6 16
6 15
5 14
5 13
5 12
5 11
5 11
4 12
3 13
3 13
3 13
3 14
3 14
3 14
3 14
4 13
5 12
5 12
6 11
7 11
7 11
8 10
8 9
9 8
9 8
10 7
11 6
12 5
12 5
13 4
14 4
15 3
15 3
16 2
17 2
18 1
18 1
19 0
20 0
20 0
21 0
22 1
23 1
23 1
24 2
24 3
24 3
24 4
25 5
25 6
25 6
25 7
25 8
25 9
25 9
25 10
24 11
24 12
24 13
24 13
24 14
24 15
23 16
23 17
23 18
23 18
23 19
22 20
22 21
22 22
22 22
22 23
21 24
21 25
21 25
20 26
20 27
19 28
19 29
19 29
18 30
18 31
18 31
17 32
17 33
17 33
17 33
17 32
17 32
17 32
18 31
18 31
19 30
19 30
20 29
20 28
21 27
21 27
22 26
22 25
23 24
23 24
24 23
24 22
25 21
25 21
26 20
27 19
27 19
28 18
29 18
29 18
30 18
31 18
31 18
32 18
32 18
33 19
33 20
33 20
33 21
33 22
33 22
33 23
33 24
33 25
33 25
33 26
32 27
32 28
32 29
32 29
32 30
32 31
31 32
31 33
31 34
31 34
31 35
30 36
30 37
29 38
29 39
29 39
29 40
28 41
28 42
28 43
27 44
27 45
27 45
26 46
26 47
25 48
25 49
24 50
24 51
24 51
24 52
23 53
23 54
22 55
22 56
22 56
21 57
20 58
20 59
19 60
19 60
19 61
18 62
18 63
18 63
17 64
17 65
16 66
16 66
15 67
15 67
15 67
16 67
16 67
16 66
16 66
17 65
17 64
17 64
18 63
18 62
19 61
19 60
19 60
20 59
21 58
22 57
22 57
23 56
24 55
24 54
25 53
25 53
26 52
26 51
27 50
27 49
27 49
28 48
29 47
30 46
30 46
31 45
32 44
32 43
33 42
33 42
34 41
34 40
35 39
35 39
36 38
37 37
38 36
38 36
39 35
40 34
40 34
41 33
41 32
41 32
42 31
43 30
43 30
43 29
43 29
44 28
44 28
44 28
44 28
44 28
44 28
44 28
43 28
43 28
42 29
42 29
41 29
41 29
40 30
39 30
39 30
38 31
38 31
38 32
38 33
38 33
37 34
37 34
37 35
37 36
37 36
37 37
37 37
38 38
38 39
38 39
39 40
39 40
40 41
40 41
41 41
41 41
42 41
43 41
43 41
44 40
44 40
45 39
45 38
45 38
46 37
46 37
46 36
46 35
46 35
46 34
46 33
46 33
46 32
46 32
46 32
46 32
46 33
46 33
45 34
45 34
45 35
45 36
45 37
45 37
45 38
45 39
45 39
45 39
45 39
46 40
46 40
46 39
46 39
47 38
47 38
47 37
48 36
48 35
48 35
49 34
49 33
49 33
49 32
49 31
49 31
50 31
50 31
50 31
51 32
51 32
52 33
52 34
52 34
52 35
52 36
52 36
52 37
52 37
53 38
53 38
53 38
54 37
54 37
55 36
55 36
55 35
56 34
56 33
56 33
57 32
57 31
57 31
57 30
58 29
58 28
58 28
59 27
59 27
60 27
60 27
61 27
61 27
62 28
62 28
63 29
63 29
63 30
63 30
64 31
64 31
64 31
64 31
65 31
65 31
65 30
65 30
66 30
66 30
67 29
67 29
67 28
67 28
68 27
68 27
69 27
69 27
69 27
70 27
70 27
70 28
70 28
71 28
71 28
71 28
72 27
72 27
72 27
72 26
72 26
73 25
73 25
73 25
73 25
73 25
73 25
74 26
74 27
74 27
74 28
74 29
74 29
74 30
75 31
75 32
75 32
75 33
75 34
75 35
75 35
75 36
75 37
75 38
75 38
75 39
75 40
75 41
75 42
75 42
75 43
74 44
74 45
74 46
74 46
74 47
73 48
73 49
73 50
73 50
73 51
73 52
72 53
72 54
72 55
72 55
72 56
71 57
71 58
71 59
70 60
70 61
70 61
70 62
69 63
69 64
68 65
68 66
68 66
68 67
67 68
67 69
67 70
66 71
66 72
66 72
65 73
65 74
64 75
64 76
63 77
63 78
63 78
62 79
61 80
61 81
60 82
60 82
59 83
58 84
58 85
57 86
56 87
56 87
55 88
54 89
54 90
53 91
53 91
52 92
51 92
50 93
49 93
48 94
48 94
47 95
46 95
45 96
44 96
43 97
43 97
42 97
41 98
40 98
39 98
38 99
37 99
37 99
36 99
35 99
34 99
33 100
32 100
31 100
30 100
30 100
29 100
28 100
27 100
26 100
25 100
24 100
24 100
23 100
22 100
21 100
20 100
19 100
18 100
17 100
17 100
16 100
15 99
14 99
13 99
12 99
11 98
10 98
10 98
9 97
8 96
7 96
6 95
6 95
5 94
4 94
3 93
3 93
2 92
2 91
1 90
1 90
1 89
0 88
0 87
0 86
0 86
0 85
0 84
0 83
0 82
0 82
0 81
0 80
0 79
0 78
0 77
0 77
0 76
1 75
1 74
2 73
2 72
2 72
3 71
4 70
4 69
5 68
5 68
6 67
7 66
8 65
8 65
9 65
10 64
11 64
12 63
13 63
13 63
14 63
15 62
16 62
17 61
18 61
18 61
19 61
20 61
21 60
22 60
23 60
24 60
24 60
25 60
26 59
27 59
28 59
29 58
30 58
30 58
31 58
32 57
33 57
34 57
35 56
36 56
36 56
37 56
38 55
39 55
40 55
41 54
42 54
42 54
43 54
44 54
45 53
46 53
47 53
48 53
48 53
49 53
50 52
51 52
52 52
53 51
54 51
54 51
55 51
56 50
57 50
58 50
59 50
60 49
61 49
61 49
62 49
63 48
64 48
65 47
66 47
66 47
67 47
68 46
69 46
70 45
71 45
71 45
72 44
73 44
74 43
75 43
76 42
76 42
77 41
78 40
79 40
80 39
81 38
81 38
82 37
83 36
84 36
85 35
85 35
86 34
87 33
88 33
89 32
89 32
90 31
91 30
92 29
93 28
93 28
94 27
95 27
96 26
96 26
97 25
98 25
98 25
99 24
99 24
100 23
100 23
100 23
100 23
100 23
100 23
100 23
99 23
