14 0
14 0
14 0
14 0
14 0
14 0
14 0
14 0
14 0
14 0
14 0
14 0
14 0
14 1
15 2
15 3
15 3
15 4
15 5
15 5
15 6
15 7
15 7
15 8
15 9
15 9
15 10
16 11
16 12
16 12
16 13
16 14
16 15
16 16
16 16
16 17
16 18
16 19
16 19
16 20
16 21
16 22
16 22
16 23
16 24
16 25
16 26
16 26
16 27
17 28
17 29
17 30
17 30
17 31
17 32
17 33
17 34
17 34
17 35
17 36
17 37
17 38
17 39
17 39
17 40
18 41
18 42
18 43
18 43
18 44
18 45
18 46
18 47
18 47
18 48
18 49
18 50
18 51
18 51
18 52
18 53
18 54
18 54
19 55
19 56
19 56
19 57
19 58
19 58
19 59
19 59
19 59
19 59
19 58
19 58
19 57
18 56
18 55
17 54
17 53
16 52
16 51
15 50
15 49
14 48
14 47
14 46
13 45
13 44
12 43
12 42
11 41
11 40
10 39
10 38
9 37
9 36
9 35
8 34
8 33
7 32
7 31
6 30
6 29
5 28
5 27
5 26
4 25
4 24
3 23
3 22
2 21
2 20
1 19
1 18
0 17
0 16
0 16
0 16
0 16
0 16
0 16
0 16
0 16
0 16
0 16
0 16
0 16
0 16
0 16
0 16
0 16
0 16
0 16
0 16
0 16
0 16
0 16
0 16
0 16
0 16
0 16
0 15
0 15
1 14
1 14
1 14
2 14
2 14
2 13
2 13
3 13
3 13
3 12
3 12
4 11
4 11
5 10
5 10
6 9
6 9
7 8
7 8
8 8
9 8
9 8
10 7
10 7
11 6
11 6
12 6
13 6
13 6
14 5
14 5
15 4
15 4
16 3
17 3
17 3
18 2
18 2
19 2
20 2
20 2
21 3
21 3
22 3
22 3
23 4
23 4
24 4
24 4
24 5
24 5
25 5
25 5
26 6
26 6
26 7
26 7
27 8
27 8
27 9
27 9
27 10
27 11
27 11
26 12
26 12
26 13
26 14
26 14
26 15
26 15
25 16
25 17
25 17
25 18
25 18
24 19
24 19
24 20
24 20
23 21
23 21
22 22
22 23
22 23
22 24
22 24
21 25
21 26
21 26
20 27
20 27
20 28
20 29
20 29
19 30
19 30
19 30
19 30
19 31
19 31
19 31
19 31
19 31
20 31
20 31
21 30
21 30
22 29
22 29
23 28
23 28
24 27
24 26
24 26
25 25
25 25
26 24
26 23
26 23
27 22
28 22
28 22
29 21
29 21
30 20
31 20
31 20
32 20
32 20
33 19
33 19
34 19
34 19
35 19
35 19
36 20
36 20
37 20
37 20
38 21
38 21
38 22
38 22
38 23
38 24
38 24
38 25
38 26
38 26
38 27
38 28
38 28
37 29
37 30
37 30
37 31
37 32
37 32
36 33
36 34
36 34
36 35
36 36
36 36
35 37
35 37
35 38
35 38
34 39
34 39
34 40
34 40
34 40
34 40
34 40
34 40
34 40
34 40
34 40
34 40
34 40
34 40
34 40
34 40
34 40
34 40
34 40
34 40
34 40
34 40
34 40
34 40
34 41
34 41
34 41
34 41
34 41
34 42
34 42
34 42
34 42
33 42
33 42
33 43
33 43
33 43
33 43
33 44
33 44
33 44
33 44
33 44
33 44
33 45
33 45
33 45
33 45
33 45
33 45
33 45
33 45
33 45
33 45
33 45
33 45
33 45
33 45
33 45
33 45
34 45
34 45
34 45
34 45
35 44
35 44
35 44
36 43
36 43
37 43
37 43
37 43
38 43
38 43
38 43
39 43
39 43
40 42
40 42
40 42
41 41
41 41
42 40
42 40
43 39
43 39
43 38
43 38
44 37
44 37
45 37
45 37
46 36
46 36
47 35
47 35
48 34
48 34
48 33
48 33
49 32
49 32
50 31
50 31
50 30
50 29
50 29
51 28
51 28
51 27
51 27
52 26
52 26
52 25
52 25
52 24
52 24
53 23
53 23
53 22
53 22
52 22
52 22
52 22
52 22
52 22
52 22
52 22
52 22
51 23
51 23
51 23
51 24
51 24
51 24
50 25
50 25
50 26
50 26
50 27
50 27
50 28
50 28
49 29
49 29
49 30
49 30
49 31
49 31
49 32
49 32
49 33
49 33
49 34
49 34
49 35
49 35
50 35
50 35
50 36
50 36
50 37
50 37
50 37
51 38
51 38
51 38
51 39
51 39
52 39
52 39
52 39
53 39
53 39
54 39
54 39
55 38
55 38
55 38
56 37
56 37
57 36
57 35
57 35
58 34
59 34
59 34
60 33
60 32
60 32
60 31
61 30
61 29
61 29
62 28
62 27
62 27
63 26
63 26
64 25
64 24
64 24
65 24
65 24
65 24
65 24
65 25
65 25
65 26
65 26
65 27
65 28
65 28
64 29
64 30
64 30
64 31
64 32
64 32
64 33
64 34
64 34
63 35
63 36
63 36
63 37
63 37
63 38
63 38
63 38
63 38
63 37
63 37
64 36
64 36
65 35
65 34
65 34
65 33
65 32
65 32
66 31
66 30
66 30
67 29
67 29
67 28
67 27
67 27
68 26
68 26
69 26
69 26
69 26
69 26
69 27
69 27
69 28
69 28
69 29
69 29
69 30
69 31
69 31
68 32
68 33
68 33
68 34
68 34
68 35
68 35
68 36
68 36
68 36
69 36
69 36
69 35
69 35
70 34
70 34
71 33
71 32
71 32
72 31
72 31
73 30
73 29
73 29
73 28
73 28
74 28
74 28
74 28
75 28
75 28
75 29
75 29
75 29
75 30
75 31
75 31
75 32
75 32
75 33
75 34
75 34
75 35
75 35
75 36
75 36
75 37
75 37
75 37
75 37
76 36
76 36
77 35
77 35
77 34
77 34
78 33
78 33
79 32
79 31
79 31
80 30
80 30
80 29
80 29
81 28
81 28
81 28
81 28
81 28
81 29
81 29
81 30
81 30
81 31
81 31
81 32
81 32
81 33
81 33
81 33
81 34
81 34
82 33
82 33
83 33
83 33
83 32
83 32
84 31
84 30
84 30
85 29
85 29
85 28
85 28
86 27
86 26
86 26
87 25
87 25
88 24
88 24
88 23
88 23
89 23
89 23
89 23
89 23
89 23
89 23
89 24
89 24
89 25
89 25
88 26
88 26
88 27
88 27
88 28
88 29
88 29
88 30
88 31
88 31
88 32
88 33
88 33
88 34
88 35
88 35
88 36
88 36
88 37
88 38
88 38
87 39
87 40
87 40
87 41
87 42
87 43
87 43
87 44
87 45
87 45
87 46
87 47
87 48
87 48
86 49
86 50
86 50
86 51
86 52
86 52
86 53
86 54
86 54
85 55
85 56
85 56
85 57
85 58
85 58
84 59
84 60
84 60
84 61
84 62
84 62
83 63
83 63
83 64
83 65
83 65
82 66
82 66
81 67
81 68
81 68
80 69
80 69
79 70
79 71
79 71
78 72
78 73
78 73
77 74
77 74
76 75
76 76
76 76
75 77
75 77
74 78
74 79
74 79
73 80
73 80
72 81
72 82
72 82
71 83
71 83
70 84
70 84
69 85
69 85
68 86
68 87
68 87
67 88
67 88
66 89
66 89
65 90
64 90
64 90
63 91
63 91
62 92
62 92
61 93
61 93
60 93
60 93
59 94
58 94
58 94
57 95
57 95
56 95
56 95
55 95
55 95
54 96
53 96
53 96
52 97
52 97
51 97
51 97
50 97
50 97
49 98
49 98
48 98
48 98
47 99
46 99
46 99
45 99
45 99
44 99
43 99
43 99
42 100
42 100
41 100
41 100
40 100
39 100
39 100
38 100
38 100
37 100
36 100
36 100
35 100
35 100
34 100
33 100
33 100
32 100
32 100
31 100
31 100
30 100
30 100
29 100
28 100
28 100
27 100
27 100
26 100
25 100
25 100
24 100
24 100
23 99
23 99
22 99
22 99
21 99
20 99
20 99
19 98
19 98
18 98
18 98
17 97
17 97
16 97
15 97
15 97
14 96
14 96
13 95
13 95
13 94
13 94
12 93
12 93
11 92
10 92
10 92
9 92
9 92
8 91
8 91
7 90
7 90
6 89
6 89
6 88
6 88
5 87
5 87
4 86
4 85
4 85
4 84
4 83
4 83
3 82
3 82
3 81
3 80
3 80
2 79
2 79
2 78
2 78
1 77
1 77
1 76
1 76
1 75
1 75
1 74
1 74
1 73
1 72
1 72
1 71
1 71
1 70
1 70
2 69
2 69
2 69
2 68
2 68
2 68
3 67
3 67
3 66
3 66
4 66
4 66
4 65
4 65
4 64
4 64
5 64
5 64
5 63
5 63
6 63
6 63
6 62
6 62
7 62
7 62
8 61
8 61
9 60
9 60
10 59
10 59
11 58
11 58
12 57
12 57
13 57
13 57
14 56
14 56
15 55
15 55
16 55
16 55
17 54
17 54
18 54
18 54
19 53
19 53
20 52
20 52
21 52
21 52
22 52
22 52
23 52
23 52
24 51
24 51
25 51
25 51
26 51
27 51
27 51
28 50
28 50
29 50
29 50
30 50
30 50
31 50
31 50
32 50
32 50
33 50
34 50
34 50
35 50
35 50
36 50
36 50
37 50
37 50
38 50
39 50
39 50
40 50
40 50
41 50
41 50
42 50
42 50
43 51
44 51
44 51
45 51
45 51
46 51
46 51
47 51
48 51
48 51
49 51
49 51
50 51
50 51
51 51
52 51
52 51
53 50
53 50
54 50
55 50
55 50
56 50
56 50
57 49
58 49
58 49
59 49
59 49
60 48
61 48
61 48
62 47
62 47
63 47
64 47
64 47
65 46
66 46
66 46
67 45
68 44
68 44
69 43
70 43
70 43
71 42
72 41
72 41
73 40
74 40
74 40
75 39
76 38
76 38
77 37
78 36
78 36
79 35
80 35
81 34
81 34
82 33
82 32
83 31
83 31
84 30
85 29
85 28
86 27
86 27
87 26
87 25
88 24
88 23
89 22
89 22
90 21
91 20
92 19
93 18
93 18
94 17
94 16
95 15
95 14
96 13
96 12
96 12
97 11
97 10
98 9
98 8
99 7
