0 1
0 1
0 0
0 0
0 0
0 1
0 1
0 2
0 3
0 3
0 4
0 5
0 5
0 6
0 7
0 8
0 8
0 9
0 10
0 11
0 12
0 13
0 14
0 14
0 15
0 16
0 17
0 18
0 19
0 20
0 21
0 21
0 22
0 23
0 24
0 25
0 26
0 27
0 28
0 29
0 29
0 30
0 31
0 32
0 33
0 34
0 35
0 36
0 37
0 37
0 38
0 39
0 40
0 41
0 42
0 43
0 44
0 45
0 45
0 46
0 47
0 48
0 49
0 50
0 51
0 51
0 52
0 53
0 54
0 55
0 56
0 56
0 57
0 58
0 59
0 60
0 61
0 61
0 62
0 63
0 64
0 64
0 65
0 66
0 66
1 67
1 67
1 68
1 68
1 67
1 66
1 65
1 64
1 63
1 62
2 61
2 60
2 59
2 58
2 57
2 56
2 55
2 54
2 53
2 52
2 51
2 50
2 49
3 48
3 47
3 46
3 45
3 44
3 43
3 42
3 41
3 40
3 39
3 38
3 37
3 36
3 35
4 34
4 33
4 32
4 31
4 30
4 29
4 28
4 27
4 26
4 25
4 24
4 23
4 22
5 21
5 20
5 19
5 18
5 17
5 16
5 15
5 15
5 14
5 13
5 12
5 11
5 11
5 10
5 9
5 9
5 8
5 7
5 7
5 7
6 6
7 6
7 6
8 6
8 6
9 6
9 6
10 7
10 7
10 8
10 9
10 9
11 10
11 11
11 11
11 12
11 13
11 13
11 14
10 15
10 16
10 16
10 17
9 18
9 19
9 19
8 20
8 21
8 21
8 22
7 23
7 24
7 24
6 25
6 25
5 26
5 26
5 26
6 26
6 26
6 27
6 27
7 28
7 28
8 29
8 29
9 29
9 29
10 30
11 30
11 30
12 30
13 30
13 30
14 31
14 31
15 32
15 32
16 33
16 34
16 34
16 35
16 36
16 37
16 38
16 38
16 39
15 40
15 41
15 41
15 42
14 43
14 44
14 45
14 45
13 46
13 47
12 48
12 48
11 49
11 50
10 51
10 52
10 52
9 53
9 54
8 55
8 55
8 56
7 57
7 58
7 58
6 59
6 60
6 60
5 61
5 62
5 62
5 63
5 63
6 62
7 61
8 60
9 59
10 58
11 57
12 56
13 55
14 54
15 53
16 52
17 51
18 50
19 49
20 48
21 47
22 46
22 46
22 47
21 48
21 49
21 49
21 50
21 50
20 50
20 50
20 50
20 50
21 49
21 49
21 48
21 47
21 47
22 46
23 45
23 45
24 44
24 43
24 43
25 42
25 42
26 41
26 40
27 39
27 39
27 38
28 37
28 36
28 36
28 35
28 34
28 34
28 33
28 32
28 32
28 31
28 31
27 31
27 31
26 32
26 32
25 33
25 33
24 34
24 35
24 35
23 36
23 37
22 38
22 38
22 39
21 40
21 41
21 42
21 42
21 43
20 44
20 45
20 45
20 46
20 47
20 48
20 48
20 49
20 50
20 50
21 51
21 51
22 52
22 52
23 52
23 52
24 51
25 51
25 51
26 50
27 49
27 49
28 48
29 47
29 47
30 46
31 45
31 45
32 44
33 43
33 43
34 42
34 41
34 41
35 40
35 40
35 39
35 38
35 38
35 37
35 37
35 36
35 36
35 36
35 36
35 36
35 36
34 37
34 38
34 38
34 39
34 40
34 40
34 41
34 42
34 42
34 43
33 44
33 45
33 45
33 46
33 47
33 48
33 48
33 49
33 50
33 50
33 51
33 52
33 52
34 53
34 53
34 53
35 53
35 53
35 52
35 52
36 51
36 51
36 50
37 49
37 48
37 48
38 47
39 46
39 46
39 45
40 44
40 43
40 43
41 42
41 41
41 41
42 40
42 40
42 40
43 39
43 39
43 39
43 39
43 40
43 40
43 40
43 41
43 42
43 42
42 43
42 43
42 44
42 44
42 45
42 45
42 46
42 46
43 46
43 46
43 46
43 46
44 45
44 45
45 44
45 43
45 43
46 42
46 41
46 41
47 40
48 40
48 40
48 39
48 39
49 39
49 39
49 38
49 38
49 38
49 38
49 39
49 39
49 39
49 40
49 40
49 41
49 41
49 42
49 42
49 43
49 43
49 44
49 44
49 44
50 45
50 45
50 45
51 44
51 44
52 44
52 44
53 43
53 43
54 42
54 42
55 41
55 41
55 41
56 40
56 40
57 39
57 39
57 38
57 38
58 37
58 36
58 36
58 35
58 35
59 34
59 34
59 34
59 33
59 33
59 33
59 33
59 32
59 32
59 32
59 32
59 32
59 32
59 32
59 33
59 33
59 34
59 34
58 35
58 35
58 36
58 37
58 37
58 38
58 38
58 39
58 40
58 40
58 41
58 42
58 42
57 43
57 43
57 44
57 45
57 45
57 46
57 46
57 47
57 47
58 48
58 48
58 48
58 48
58 48
59 48
59 48
60 47
60 46
60 46
61 45
61 45
62 44
63 44
63 44
64 43
64 42
64 42
65 41
65 41
66 40
66 40
67 39
67 38
67 38
67 37
67 37
68 36
68 35
68 35
68 34
68 33
68 33
68 32
68 31
68 31
68 30
68 29
68 29
68 28
68 28
68 27
68 27
68 27
67 27
67 27
67 27
67 27
67 28
67 28
66 29
66 30
66 30
66 31
66 32
66 32
66 33
66 34
66 34
66 35
65 36
65 37
65 38
65 38
65 39
65 40
65 41
65 42
65 42
65 43
65 44
65 45
65 46
65 46
65 47
65 48
64 49
64 50
64 51
64 51
64 52
64 53
64 54
64 55
64 55
64 56
64 57
64 58
64 59
64 60
64 60
64 61
63 62
63 63
63 64
63 64
63 65
62 66
62 67
62 68
62 68
62 69
62 70
62 71
62 72
62 72
62 73
61 74
61 75
61 76
61 76
60 77
60 78
59 79
59 79
58 80
58 81
57 82
57 82
56 83
56 84
55 85
55 85
54 86
53 86
52 87
52 87
51 88
50 89
49 90
49 90
48 91
47 91
46 92
46 92
45 93
44 93
43 94
43 94
42 95
41 95
40 96
40 96
39 96
38 97
37 97
37 97
36 98
35 98
35 98
34 98
33 99
32 99
32 99
31 99
30 100
29 100
28 100
28 100
27 100
26 100
25 100
25 100
24 100
23 100
22 100
21 100
21 100
20 100
19 99
18 99
18 99
17 98
16 98
16 98
15 97
14 96
14 96
14 95
14 94
14 93
14 93
13 92
13 91
13 91
13 90
13 89
13 89
13 88
13 87
13 86
13 86
13 85
13 84
13 84
14 83
14 82
14 82
15 81
15 80
15 80
16 79
16 78
16 78
17 77
18 77
19 76
19 76
20 75
20 74
21 73
21 73
22 72
23 71
24 70
24 70
25 69
26 68
27 67
27 67
28 66
29 66
30 65
31 65
31 65
32 64
33 63
34 63
35 62
35 62
36 61
37 61
38 60
39 60
39 60
40 59
41 59
42 58
43 58
43 58
44 57
45 57
46 56
47 56
47 56
48 55
49 54
50 54
51 53
51 53
52 52
53 51
54 51
55 50
56 49
56 49
57 48
58 48
59 47
60 47
61 46
62 46
62 46
63 45
64 45
65 44
66 44
67 43
67 43
68 42
69 42
70 41
71 41
72 40
72 40
73 39
74 39
75 38
76 38
77 37
77 37
78 36
79 36
80 35
81 35
82 34
82 34
83 33
84 33
85 32
86 32
86 32
87 31
88 30
89 30
90 29
90 29
91 28
92 28
93 27
94 27
94 27
95 26
96 26
97 25
97 25
98 24
99 24
100 23
