5 11
5 11
5 11
6 10
6 9
6 9
6 8
6 8
6 8
6 7
6 7
6 7
6 7
6 7
6 7
6 8
6 8
6 9
6 9
6 10
6 11
6 11
6 12
6 13
6 14
6 14
6 15
6 16
6 17
6 18
6 18
6 19
6 20
6 21
6 21
6 22
6 23
6 24
6 24
6 25
6 26
6 27
6 28
6 28
6 29
6 30
6 31
6 31
6 32
6 33
6 34
6 35
6 35
6 36
6 37
6 38
6 38
6 39
6 40
6 41
6 42
6 42
6 43
6 44
6 45
6 45
6 46
6 47
6 48
6 48
6 49
6 50
6 50
6 51
6 52
6 52
6 53
6 53
6 53
6 54
6 54
6 54
6 54
6 54
6 54
6 54
6 54
6 54
6 55
6 55
6 55
6 54
6 53
6 52
5 51
5 50
5 49
5 48
5 47
5 46
4 45
4 44
4 43
4 42
4 41
4 40
4 39
3 38
3 37
3 36
3 35
3 34
3 33
2 32
2 31
2 30
2 29
2 28
2 27
2 26
1 25
1 24
1 23
1 22
1 21
1 20
0 19
0 18
0 17
0 16
0 16
0 16
0 16
0 16
0 16
0 16
0 16
0 16
0 16
0 16
0 16
1 15
1 14
1 14
2 13
2 12
2 12
3 11
3 10
3 10
4 9
5 8
5 8
6 7
6 6
6 6
7 5
8 5
8 5
9 4
10 4
10 4
11 3
11 3
12 2
13 2
13 2
14 1
14 1
15 1
16 1
16 1
17 0
17 0
18 0
18 0
19 1
19 1
20 2
20 2
20 3
20 3
20 4
20 5
20 5
20 6
19 7
19 8
19 8
19 9
19 10
19 11
19 11
19 12
18 13
18 14
18 14
18 15
17 16
17 17
17 18
17 18
16 19
16 20
16 20
16 21
16 22
16 22
15 23
15 23
15 23
15 24
15 24
16 24
16 24
16 24
17 24
17 24
17 23
17 23
18 23
19 23
19 23
20 22
20 22
21 21
21 21
22 21
22 21
23 22
23 22
24 22
24 22
25 22
25 22
25 22
26 23
26 23
26 24
26 24
26 25
26 25
26 26
26 27
26 27
26 28
26 29
26 29
26 30
26 31
26 31
26 32
26 33
26 33
25 34
25 35
25 35
25 36
25 37
25 37
25 38
25 38
24 39
24 40
24 40
24 41
24 42
24 42
23 43
23 44
23 44
23 45
23 46
23 46
22 47
22 48
22 48
22 49
22 50
22 50
21 51
21 51
21 52
21 52
21 53
21 54
21 54
20 55
20 55
20 56
20 56
20 57
20 57
20 58
20 58
19 59
19 59
19 60
19 60
19 61
19 62
19 62
18 63
18 63
18 64
18 64
18 65
18 65
17 65
17 65
17 66
17 66
17 66
17 66
17 67
17 67
17 67
17 68
17 68
17 69
17 69
16 69
16 69
16 70
16 70
16 70
16 70
16 70
16 70
16 70
16 70
16 71
16 71
16 71
17 71
17 71
17 70
17 70
17 70
17 70
18 69
18 69
18 68
18 68
19 68
19 68
20 67
20 66
20 66
20 65
20 65
21 64
21 63
21 63
22 62
22 62
22 61
22 61
23 60
23 60
23 59
23 59
24 58
24 58
25 57
25 56
25 56
26 55
26 54
26 54
26 53
27 52
27 51
27 51
27 50
28 49
28 48
28 48
29 47
29 46
29 46
30 45
30 44
30 44
31 43
31 42
31 42
32 41
32 40
32 40
33 39
34 38
34 38
35 37
35 37
36 36
36 35
36 35
37 34
37 33
37 33
37 32
37 32
38 31
38 31
38 30
38 30
38 30
38 30
38 30
38 30
38 30
38 30
37 31
37 31
37 31
36 32
36 33
36 33
36 34
36 34
35 35
35 36
35 36
35 37
35 37
34 38
34 39
34 39
34 40
34 40
34 41
34 42
34 42
33 43
33 44
33 44
33 45
33 45
33 46
33 47
33 47
33 48
33 49
33 49
33 50
33 50
33 51
33 51
33 52
33 52
33 53
33 53
34 53
34 53
34 53
34 53
34 53
35 52
35 52
35 51
35 50
35 50
36 49
36 49
36 48
36 48
37 47
37 46
37 46
37 45
37 45
37 44
37 43
37 43
38 42
38 42
38 41
38 40
38 40
39 39
39 39
39 38
39 37
39 37
39 37
39 36
39 36
39 36
39 35
39 35
39 35
39 35
39 35
39 35
39 35
39 35
39 35
39 36
39 36
39 37
39 37
39 37
39 38
39 39
39 39
39 40
39 40
39 41
39 41
39 42
39 42
39 43
39 43
40 44
40 44
40 45
40 45
40 46
40 46
40 47
40 47
41 48
41 48
41 49
41 49
42 49
42 49
42 50
42 50
42 50
43 51
43 51
43 51
43 51
44 50
44 50
44 50
45 49
45 49
45 48
45 48
46 47
46 47
47 46
47 45
47 45
47 44
47 44
48 43
48 43
49 42
49 42
49 41
49 41
50 40
50 40
50 39
50 39
50 39
50 39
51 39
51 39
51 39
51 39
51 39
51 39
51 39
51 39
51 39
51 39
51 38
51 38
51 38
51 38
51 38
51 38
51 38
51 38
51 38
51 38
51 38
51 38
51 38
51 38
51 39
51 39
51 39
51 39
51 40
51 40
51 40
51 41
51 41
51 42
51 42
51 42
50 43
50 43
50 44
50 44
50 44
50 45
50 45
51 46
51 46
51 46
51 47
51 47
51 47
51 47
51 47
51 47
52 46
52 46
52 45
52 44
52 44
53 43
53 43
54 42
54 41
54 41
54 40
54 40
55 39
55 39
55 39
55 39
55 39
55 39
56 39
56 39
56 40
56 40
56 41
56 41
56 41
56 42
56 42
56 42
56 42
57 42
57 42
58 41
58 41
59 40
59 40
60 39
60 39
61 38
61 38
61 37
61 37
61 37
61 37
61 38
61 38
61 39
61 39
61 40
61 40
61 41
61 42
61 42
62 43
62 43
62 44
62 44
62 44
63 44
63 44
64 43
64 43
65 42
65 42
66 41
66 40
66 40
67 39
67 39
67 38
67 38
68 37
68 37
68 37
68 37
68 38
68 38
68 39
68 39
68 40
68 41
68 41
68 42
68 43
68 43
68 44
67 45
67 46
67 46
67 47
67 48
67 49
67 49
67 50
67 51
67 52
67 52
67 53
66 54
66 55
66 55
66 56
66 57
66 58
66 59
66 59
66 60
66 61
66 62
66 62
66 63
66 64
66 65
66 66
66 66
66 67
66 68
66 69
66 70
66 70
66 71
65 72
65 73
65 73
65 74
65 75
65 76
65 76
65 77
64 78
64 79
64 79
64 80
64 81
64 82
64 82
64 83
63 84
63 85
63 85
63 86
63 87
63 87
62 88
62 89
62 89
61 90
61 90
60 91
60 91
59 92
59 92
58 93
57 93
57 93
56 94
56 94
55 94
54 94
54 94
53 95
52 95
52 95
51 96
50 96
50 96
49 96
48 96
48 96
47 97
46 97
46 97
45 98
44 98
44 98
43 98
42 98
42 98
41 99
40 99
40 99
39 99
38 100
37 100
37 100
36 100
35 100
35 100
34 100
33 100
33 100
32 100
31 100
30 100
30 100
29 100
28 100
28 100
27 100
26 100
26 100
25 100
24 100
24 100
23 100
22 100
22 100
21 99
20 99
20 99
19 99
18 99
18 99
17 98
17 97
17 97
16 96
16 96
15 95
14 94
14 94
13 93
13 93
12 92
12 91
12 91
12 90
12 90
11 89
11 89
11 88
11 87
11 87
11 86
11 85
11 85
11 84
11 83
11 83
11 82
11 81
11 81
11 80
11 80
12 79
12 78
12 78
12 77
12 77
13 76
13 76
14 75
14 74
14 74
15 73
15 72
15 72
16 71
17 70
17 70
18 69
19 69
20 68
20 68
21 67
22 66
22 65
23 64
23 64
24 63
25 62
26 62
27 61
27 61
28 60
29 59
30 58
31 57
31 57
32 56
33 55
34 55
35 54
35 54
36 53
37 52
38 52
39 51
40 50
40 50
41 49
42 48
43 48
44 47
45 46
45 46
46 45
47 45
48 44
49 44
50 43
51 43
52 42
52 42
53 41
54 40
55 39
56 39
57 38
58 37
58 37
59 36
60 36
61 35
62 35
63 34
64 34
65 33
65 33
66 32
67 32
68 31
69 31
70 30
71 30
72 29
73 29
73 29
74 28
75 28
76 27
77 27
78 26
79 26
80 25
80 25
81 24
82 24
83 23
84 23
85 22
86 22
87 21
87 21
88 20
89 20
90 19
91 19
92 18
93 18
94 17
94 17
95 16
96 16
97 15
98 15
99 14
