11 17
11 16
11 15
11 14
11 14
11 13
11 13
11 13
11 13
11 13
11 13
11 14
11 15
11 16
11 16
11 17
11 18
12 19
12 20
12 21
12 21
12 22
12 23
12 24
13 25
13 26
13 27
13 28
13 28
13 29
13 30
13 31
14 32
14 33
14 34
14 35
14 36
14 36
14 37
14 38
14 39
14 40
14 41
14 42
14 43
14 44
14 45
14 45
14 46
14 47
14 48
14 49
14 50
14 51
14 52
14 53
14 53
14 54
15 55
15 56
15 57
15 57
15 58
15 59
15 60
15 60
15 61
15 61
15 61
15 60
15 59
14 58
14 57
14 56
14 55
14 54
14 53
13 52
13 51
13 50
13 49
13 48
12 47
12 46
12 45
12 44
12 43
12 42
11 41
11 40
11 39
11 38
11 37
10 36
10 35
10 34
10 33
10 32
10 31
9 30
9 29
9 28
9 27
9 26
9 25
8 24
8 23
8 22
8 21
8 20
7 19
7 18
7 17
7 16
7 15
7 14
6 13
6 12
6 11
6 11
6 11
6 11
6 12
6 12
7 12
8 12
8 12
9 11
10 11
10 11
11 11
12 10
13 10
13 10
14 9
15 9
16 8
16 8
17 7
18 7
19 6
19 6
20 5
21 5
22 4
22 4
23 3
24 3
25 2
25 2
26 1
27 0
27 0
28 0
28 0
29 1
29 2
29 2
30 3
30 4
30 4
30 5
30 6
30 7
30 8
30 8
30 9
30 10
29 11
29 12
29 13
29 13
29 14
29 15
28 16
28 17
28 18
28 18
28 19
27 20
27 21
27 22
27 22
26 23
26 24
25 25
25 26
25 26
25 27
24 28
24 29
24 30
24 30
23 31
23 32
22 33
22 33
22 34
22 34
21 34
21 34
21 34
22 34
22 34
22 33
22 32
22 32
23 31
24 30
24 30
25 29
26 28
26 28
27 27
28 26
28 26
29 25
30 24
30 24
31 23
32 23
32 23
33 22
34 22
34 22
35 21
36 21
36 21
37 22
37 22
37 23
37 23
37 24
38 25
38 26
38 26
38 27
38 28
38 29
38 29
38 30
37 31
37 32
37 33
37 33
37 34
37 35
37 36
37 37
37 38
37 38
37 39
36 40
36 41
35 42
35 43
35 43
35 44
34 45
34 46
34 47
33 48
33 49
33 49
32 50
32 51
31 52
31 53
30 54
30 55
30 55
29 56
29 57
28 58
28 59
27 60
27 60
27 61
26 62
26 63
26 64
25 65
25 66
25 66
24 67
23 68
23 69
22 70
22 70
21 71
21 72
20 73
20 74
20 74
20 75
19 76
19 77
19 77
18 78
18 78
19 77
19 77
19 77
19 76
19 76
20 75
21 75
21 75
22 74
22 73
23 72
23 72
24 71
25 70
26 69
26 69
27 68
28 67
28 66
29 65
29 65
30 64
31 63
32 62
33 61
33 61
34 60
35 59
35 58
36 57
36 57
37 56
38 55
38 54
39 53
39 53
40 52
41 51
41 50
42 49
42 49
43 48
44 47
45 46
45 46
46 45
46 44
47 43
47 42
47 42
48 41
49 40
49 40
50 39
50 38
51 37
51 37
52 36
52 35
52 35
52 34
52 33
52 33
53 33
53 33
52 33
52 33
52 33
51 33
51 33
50 33
50 33
49 34
49 34
48 34
47 34
47 34
46 35
46 35
46 35
45 36
45 36
44 37
44 37
44 38
44 38
43 39
43 40
43 40
44 41
44 41
44 42
44 43
44 43
45 44
45 44
45 45
45 45
46 45
46 45
47 45
47 45
48 44
48 43
48 43
49 42
49 42
50 41
50 40
50 40
51 39
51 38
51 38
52 37
52 37
52 37
52 37
52 37
52 38
52 38
53 39
53 39
53 40
53 40
53 41
53 41
53 41
53 41
53 41
53 40
53 40
54 39
54 39
55 38
55 38
56 37
56 37
56 36
56 36
57 37
57 37
57 37
58 38
58 38
58 39
58 39
59 40
59 40
59 40
59 40
60 39
60 39
61 38
61 38
62 37
62 37
63 36
63 36
63 35
63 35
64 35
64 35
64 35
65 36
65 36
65 36
66 36
66 36
67 36
67 36
67 36
68 35
68 35
69 35
69 35
69 34
69 34
70 34
70 34
71 34
71 34
71 34
71 35
71 35
72 35
72 35
72 35
73 35
73 35
73 35
74 34
74 34
75 33
75 33
75 32
75 31
75 31
75 30
75 30
76 30
76 30
76 30
76 30
76 30
76 30
77 31
77 31
77 32
77 32
77 33
77 34
77 34
77 35
78 36
78 37
78 37
78 38
78 39
78 40
78 40
78 41
78 42
78 43
78 44
78 44
78 45
78 46
78 47
78 48
78 48
78 49
78 50
78 51
78 52
78 52
78 53
77 54
77 55
77 56
77 56
77 57
76 58
76 59
76 60
76 60
76 61
76 62
75 63
75 64
75 65
75 65
74 66
74 67
73 68
73 69
72 70
72 70
71 71
71 72
70 73
70 74
70 74
69 75
69 76
68 77
68 78
67 79
67 79
66 80
65 81
64 82
63 83
63 83
62 84
61 85
60 85
59 86
58 87
58 87
57 88
56 89
55 90
54 91
54 91
53 92
52 92
51 93
50 93
49 94
48 94
48 94
47 95
46 95
45 96
44 96
43 97
43 97
42 97
41 98
40 98
39 98
38 98
37 99
36 99
36 99
35 99
34 99
33 99
32 100
31 100
30 100
29 100
29 100
28 100
27 100
26 100
25 100
24 100
23 100
23 100
22 100
21 100
20 100
19 100
18 100
17 100
16 100
16 100
15 100
14 100
13 99
12 99
11 99
10 99
10 99
9 99
8 98
7 98
6 98
6 98
5 97
4 97
3 96
3 96
2 95
2 94
1 93
1 93
1 92
0 91
0 90
0 90
0 89
0 88
0 87
0 87
0 86
0 85
0 84
0 83
0 83
1 82
1 81
2 80
2 79
2 79
3 78
3 77
4 76
4 76
5 75
6 74
7 73
8 72
8 72
9 71
10 70
11 70
12 69
12 69
13 69
14 68
15 68
16 68
17 67
18 67
18 67
19 67
20 67
21 66
22 66
23 66
23 66
24 66
25 65
26 65
27 65
28 65
29 64
30 64
30 64
31 64
32 63
33 63
34 63
35 62
36 62
36 62
37 62
38 62
39 61
40 61
41 61
42 61
42 61
43 61
44 60
45 60
46 60
47 60
48 59
49 59
49 59
50 59
51 58
52 58
53 57
54 57
55 56
56 56
56 56
57 56
58 55
59 55
60 55
61 54
62 54
62 54
63 53
64 53
65 52
66 52
67 51
68 51
68 51
69 50
70 50
71 49
72 49
73 48
74 48
74 48
75 47
76 46
77 46
78 45
79 44
79 44
80 43
81 43
82 42
83 42
84 41
84 41
85 40
86 39
87 39
88 38
88 38
89 37
90 36
91 36
92 35
92 35
93 34
94 34
95 33
95 33
96 32
97 31
97 31
98 30
99 30
99 30
99 29
99 29
99 29
99 29
99 29
99 29
