32 12
32 13
32 13
31 12
31 12
30 12
30 12
29 12
29 12
29 13
29 14
29 14
29 15
29 15
30 16
30 16
31 17
31 17
32 18
32 19
32 19
33 20
33 20
34 21
34 21
35 22
36 22
36 22
35 23
34 23
33 24
32 25
31 25
30 26
29 26
28 27
27 28
26 28
25 29
24 30
23 30
22 31
21 31
20 32
19 33
18 33
17 34
16 35
15 35
14 36
13 36
12 37
12 37
11 38
10 39
9 40
8 40
7 41
6 42
6 42
5 43
4 43
4 43
3 43
2 43
1 43
1 43
0 43
0 43
1 43
1 43
1 43
2 43
3 42
4 42
4 42
5 42
6 41
7 41
8 41
8 41
9 40
10 40
11 39
12 39
13 38
14 38
14 38
15 38
16 37
17 37
18 37
19 37
20 36
21 36
22 36
22 36
23 36
24 35
25 35
26 34
27 34
28 34
29 33
30 33
30 33
31 33
32 33
33 32
34 32
35 32
36 32
37 31
38 31
39 31
39 31
40 31
41 30
42 30
43 30
44 30
45 29
46 29
46 29
47 29
48 28
49 28
50 28
51 27
52 27
52 27
53 27
54 26
55 26
56 26
56 26
57 26
58 26
58 26
59 26
59 26
58 26
57 27
56 27
55 28
54 28
53 28
52 29
51 29
50 30
49 30
49 30
50 31
51 31
52 32
53 32
53 32
52 32
52 32
51 32
50 32
50 32
49 33
49 34
49 34
48 35
48 36
47 37
47 37
46 38
45 39
44 40
44 40
43 41
43 42
42 43
42 44
41 45
41 46
41 46
40 47
39 48
38 49
37 50
36 51
36 51
35 52
34 53
33 54
32 55
31 56
30 57
30 57
29 58
28 59
27 60
26 60
25 61
24 62
23 63
23 63
22 64
21 65
20 66
19 67
18 68
17 69
17 69
16 70
15 71
14 71
13 72
12 73
12 73
11 74
10 74
9 75
8 75
7 76
7 76
6 77
5 78
4 78
3 79
3 79
2 80
1 80
1 80
0 81
0 81
0 80
1 79
1 78
2 77
2 76
3 75
3 74
4 73
4 72
5 71
5 70
5 69
6 68
6 67
7 66
7 65
8 64
8 63
9 62
9 61
9 60
10 59
10 58
11 57
11 56
12 55
12 54
13 53
13 52
14 51
14 50
14 50
15 50
16 49
17 49
18 49
19 49
20 48
21 48
22 48
22 48
23 47
24 47
24 47
25 47
25 47
26 48
26 48
27 49
28 50
28 50
29 51
30 52
30 52
31 53
31 54
32 55
32 55
33 56
34 57
35 57
36 58
36 58
37 59
38 59
39 60
40 60
41 61
42 61
42 61
43 61
44 62
45 62
46 62
47 63
48 63
48 63
49 63
50 63
51 63
52 63
53 64
54 64
55 64
56 64
57 64
57 64
58 64
59 64
60 64
61 65
62 65
63 65
64 65
65 65
65 65
66 65
67 65
68 65
69 65
70 65
71 65
72 65
73 65
73 65
73 64
74 63
74 62
74 61
74 60
75 59
75 58
75 57
75 56
76 55
76 54
76 53
76 52
77 51
77 50
77 49
78 48
78 47
78 46
78 45
79 44
79 43
79 42
79 41
80 40
80 39
80 38
80 37
81 36
81 35
81 35
80 35
79 35
79 35
78 35
77 35
76 35
76 35
75 36
75 37
74 38
74 38
74 39
74 40
74 41
74 42
74 43
74 43
74 44
73 45
73 46
73 47
73 47
73 48
73 49
73 50
73 50
74 51
74 52
74 52
75 52
75 52
76 51
77 51
77 51
78 50
79 49
79 49
79 48
80 47
80 46
81 45
81 44
81 43
82 42
82 41
82 40
83 39
83 38
84 37
84 36
84 35
85 34
85 33
85 32
86 31
86 30
87 29
87 28
87 27
88 26
88 25
88 24
89 23
89 22
90 21
90 20
90 19
91 18
91 17
91 16
92 15
92 14
93 13
93 12
93 11
94 10
94 9
94 8
95 7
95 6
96 5
96 4
96 4
97 3
98 2
99 2
100 1
100 1
100 0
100 0
99 0
99 0
99 1
99 2
99 2
98 3
98 4
98 4
98 5
97 6
97 7
97 8
97 8
97 9
96 10
96 11
96 12
95 13
95 14
95 14
95 15
94 16
94 17
94 18
94 19
93 20
93 21
93 21
93 22
93 23
92 24
92 25
92 26
92 27
92 28
91 29
91 30
91 31
91 31
91 32
91 33
91 34
91 35
90 36
90 37
90 38
90 39
90 40
90 41
90 41
90 42
90 43
89 44
89 45
89 46
89 47
89 48
89 49
88 50
88 51
88 52
88 52
88 53
88 54
88 55
88 56
88 57
87 58
87 59
87 60
87 61
87 62
87 63
87 63
87 64
87 65
87 66
87 67
86 68
86 69
86 70
86 71
86 72
86 72
86 73
86 74
86 75
86 76
86 77
86 78
86 79
86 80
86 81
86 81
86 82
86 83
86 84
86 85
86 86
86 87
86 87
86 88
86 89
86 90
86 91
86 91
86 92
85 93
85 94
85 94
85 95
84 96
84 97
84 97
83 98
82 99
82 99
81 99
80 100
79 100
79 100
78 100
77 100
76 100
76 100
75 100
74 99
73 99
73 99
72 98
71 97
70 97
69 96
69 96
68 95
67 94
66 93
66 92
65 91
64 90
64 90
63 89
63 88
62 87
62 86
61 85
61 84
60 83
60 83
59 82
59 81
58 80
57 79
57 78
56 77
56 76
55 75
55 75
54 74
54 73
53 72
53 71
52 70
52 69
51 68
51 68
50 67
49 66
49 65
48 64
48 64
47 63
46 62
46 62
45 63
45 63
45 64
44 65
44 66
44 67
44 67
44 68
44 69
44 70
44 71
