17 6
18 6
19 7
20 7
21 7
21 7
20 6
20 5
20 5
19 5
19 5
20 5
20 5
20 6
20 6
21 7
21 8
21 8
21 9
21 10
21 11
21 11
22 12
23 13
23 13
24 14
24 15
24 15
25 16
26 16
26 16
27 17
27 17
27 17
26 17
25 18
24 18
23 18
22 19
21 19
20 19
19 20
18 20
18 20
17 21
16 21
15 22
14 22
13 23
12 23
11 24
10 24
10 24
9 24
8 25
7 25
6 26
5 26
5 26
4 26
3 26
2 26
2 26
1 27
0 27
0 27
0 27
1 27
2 27
2 27
3 27
4 26
5 26
6 26
6 26
7 26
8 25
9 25
10 25
11 25
12 24
13 24
13 24
14 24
15 23
16 23
17 23
18 23
19 22
20 22
20 22
21 22
22 22
23 21
24 21
25 21
26 21
27 20
28 20
29 20
29 20
30 20
31 19
32 19
33 19
34 19
35 18
36 18
37 18
37 18
38 18
39 18
40 18
41 17
42 17
43 17
44 17
44 17
45 17
46 16
47 16
48 16
48 16
47 16
46 17
45 17
44 18
43 18
43 18
43 19
42 20
42 21
42 22
41 23
41 24
41 24
40 25
39 26
38 27
38 27
37 28
37 29
36 30
36 30
36 31
35 32
35 33
35 34
34 35
34 36
34 36
34 37
33 38
33 39
32 40
32 41
32 41
31 42
31 43
30 44
30 45
29 46
29 46
28 47
27 48
27 49
26 50
26 50
25 51
24 52
24 53
23 54
23 54
22 55
21 56
20 57
20 57
19 58
18 59
17 60
17 60
16 60
15 61
14 61
14 61
13 62
12 62
12 62
11 61
10 61
10 61
10 60
10 59
10 59
10 58
10 57
10 56
10 56
10 55
11 54
11 53
11 52
11 52
11 51
12 50
12 49
12 49
13 48
13 47
14 46
14 46
15 45
15 44
15 44
16 43
17 43
18 42
18 42
19 42
20 41
21 41
22 41
22 41
23 41
24 40
25 40
26 40
26 40
27 40
28 40
29 40
30 40
31 40
31 40
32 40
33 40
34 40
35 40
36 40
36 40
37 40
38 40
39 40
40 40
40 40
41 40
42 40
43 41
44 41
45 41
45 41
46 41
47 41
48 41
48 41
49 42
50 42
50 42
51 43
51 43
51 43
51 43
51 42
52 41
52 40
53 39
53 38
54 37
54 36
55 35
55 34
55 33
56 32
56 31
57 30
57 29
58 28
58 27
58 27
59 27
60 27
61 27
62 27
63 27
64 27
64 27
65 27
65 27
64 27
64 27
64 27
65 28
65 28
66 29
66 29
66 30
66 30
67 31
68 31
68 31
69 31
69 31
70 32
71 32
71 32
72 31
73 31
73 31
74 30
75 29
75 28
76 27
76 27
77 26
77 25
78 24
79 23
79 22
80 21
80 21
81 20
82 19
82 18
83 17
83 17
84 16
85 15
86 14
86 14
87 13
87 12
88 11
88 10
89 9
89 9
90 8
91 7
91 6
92 5
92 5
92 4
93 3
93 2
93 2
93 1
93 0
93 0
93 1
93 1
93 1
92 2
92 3
92 3
92 4
92 5
92 6
92 6
92 7
92 8
93 9
93 10
93 11
93 12
93 12
93 13
93 14
93 15
93 16
94 17
94 18
94 19
94 20
94 21
94 21
94 22
95 23
95 24
95 25
95 26
96 27
96 28
96 29
96 30
97 31
97 32
97 32
97 33
97 34
97 35
98 36
98 37
98 38
98 39
98 40
98 41
98 42
98 43
99 44
99 45
99 46
99 47
99 47
99 48
99 49
99 50
99 51
99 52
99 53
100 54
100 55
100 56
100 57
100 58
100 59
100 60
100 61
100 61
100 62
100 63
100 64
99 65
99 66
99 67
99 68
99 69
99 70
98 71
98 72
98 73
98 74
98 74
98 75
98 76
97 77
97 78
97 79
97 80
97 81
96 82
96 83
96 84
96 84
96 85
95 86
95 87
95 88
95 89
94 90
94 91
94 91
94 92
93 93
93 94
93 95
92 96
92 97
92 97
91 98
90 99
89 100
89 100
88 100
87 100
86 100
86 100
85 100
84 100
83 100
83 100
82 100
81 100
80 99
79 99
78 99
78 99
77 99
76 98
75 98
74 98
