39 9
40 8
41 8
42 7
43 7
44 6
44 6
43 7
42 7
42 7
42 7
43 8
43 9
43 9
43 10
44 11
44 12
44 13
44 13
44 14
44 15
44 16
44 17
44 18
44 19
44 19
44 20
45 21
45 22
45 23
45 23
45 24
45 25
45 26
45 27
45 27
45 28
45 29
45 29
44 29
43 29
42 29
41 29
40 29
39 29
38 30
37 30
36 30
35 30
34 30
33 30
32 30
31 30
30 30
29 30
28 30
27 30
26 31
25 31
24 31
23 31
22 31
21 31
20 31
20 31
20 31
19 32
18 32
17 33
16 33
15 34
15 34
15 35
15 35
16 34
16 34
17 34
18 35
19 35
20 35
20 35
21 35
22 35
23 35
24 35
25 35
26 35
27 35
27 35
28 35
29 35
30 35
31 35
32 34
33 34
34 34
35 34
36 34
36 34
37 34
38 34
39 34
40 33
41 33
42 33
43 33
44 33
44 33
45 33
46 32
47 32
48 32
49 32
50 31
51 31
52 31
52 31
53 31
54 30
55 30
56 30
57 30
58 29
59 29
59 29
58 29
57 29
56 29
55 29
54 30
53 30
52 30
51 30
50 30
49 30
48 30
47 30
46 30
45 31
44 31
43 31
42 31
41 31
41 31
41 32
41 33
41 34
41 34
40 35
40 35
39 36
39 37
38 38
38 39
38 39
37 40
37 41
36 42
36 43
36 43
35 44
35 45
34 46
34 47
33 48
33 48
32 49
32 50
31 51
30 52
30 53
29 54
29 54
28 55
28 56
27 57
26 58
25 59
25 60
24 61
24 61
23 62
23 63
22 64
21 65
20 66
20 67
19 68
19 68
18 69
17 70
16 71
16 72
15 73
14 74
14 74
13 75
12 76
12 77
11 78
10 79
10 79
9 80
8 81
7 81
6 82
6 82
5 83
4 84
4 84
3 85
2 85
2 85
1 84
0 84
0 84
0 83
0 82
0 81
0 81
0 80
0 79
0 78
0 77
0 77
0 76
0 75
1 74
1 73
1 72
1 71
1 71
2 70
2 69
3 68
3 67
4 66
4 65
4 65
5 64
5 63
6 62
6 61
7 60
7 59
7 59
8 58
9 57
9 56
10 55
11 54
11 54
12 53
13 52
14 52
15 51
16 50
16 50
17 49
18 49
19 48
20 48
20 48
21 48
22 47
23 47
24 47
24 47
25 47
26 48
27 48
28 48
28 48
29 49
30 49
31 50
32 50
32 50
33 51
34 52
34 53
35 54
35 54
36 55
37 56
37 57
38 58
39 59
39 59
40 60
41 61
41 62
42 63
42 63
43 64
44 65
44 65
45 66
46 66
47 67
47 67
48 68
49 68
50 69
51 69
51 69
52 69
53 70
54 70
55 70
55 70
56 69
56 68
57 67
57 66
58 65
58 64
59 63
60 62
60 61
61 60
61 59
62 58
62 57
63 56
64 55
64 54
65 53
65 52
66 51
66 50
67 49
67 48
68 47
69 46
69 45
70 44
70 43
71 42
71 41
72 40
73 39
73 38
74 37
74 36
75 35
75 34
76 33
76 33
75 32
75 31
74 30
74 30
74 30
74 30
74 30
74 31
73 32
73 33
73 33
73 34
72 35
72 36
72 36
72 37
72 38
72 39
72 39
72 40
72 41
72 41
72 41
73 41
73 41
74 40
74 39
74 39
75 38
75 37
75 37
76 36
76 35
77 34
77 33
77 33
77 32
78 31
78 30
79 29
79 28
79 28
79 27
80 26
80 25
81 24
81 23
81 23
81 22
81 21
82 20
82 19
82 18
82 17
82 17
82 16
83 15
83 14
84 13
84 12
84 12
85 11
85 10
86 9
86 8
87 7
87 7
88 6
88 5
89 4
89 4
90 3
90 2
90 2
91 1
91 0
91 0
91 0
91 1
91 1
91 2
91 3
91 4
91 4
91 5
91 6
91 7
91 8
91 9
91 10
91 10
91 11
91 12
91 13
92 14
92 15
92 16
92 17
92 18
92 18
92 19
92 20
92 21
92 22
93 23
93 24
93 25
93 26
93 27
93 27
93 28
93 29
93 30
93 31
94 32
94 33
94 34
94 35
94 36
94 37
94 37
94 38
94 39
94 40
94 41
94 42
95 43
95 44
95 45
95 46
95 47
95 48
95 48
95 49
95 50
96 51
96 52
96 53
96 54
96 55
96 56
97 57
97 58
97 59
97 60
97 60
97 61
97 62
97 63
97 64
97 65
98 66
98 67
98 68
98 69
98 70
98 71
98 71
98 72
98 73
99 74
99 75
99 76
99 77
100 78
100 79
100 80
100 80
100 81
100 82
100 83
100 84
100 85
100 86
100 87
100 88
100 89
100 89
100 90
99 91
99 92
98 93
98 94
98 94
98 95
97 96
97 97
96 98
96 99
96 99
95 99
94 100
93 100
93 100
92 100
91 100
90 100
89 100
89 100
88 100
87 100
86 100
85 100
84 100
83 100
82 100
82 100
81 100
80 99
79 99
78 98
77 98
76 97
75 97
75 97
74 97
73 96
72 96
71 95
70 95
69 94
68 94
68 94
67 93
66 93
65 92
64 91
63 91
62 90
