22 2
22 2
22 1
22 0
22 0
22 1
22 1
22 2
22 3
22 4
22 4
22 5
22 6
22 7
22 7
23 8
23 9
23 9
23 10
23 11
23 12
23 12
23 13
24 14
24 15
24 15
25 16
26 17
26 17
27 18
27 18
26 19
25 19
24 20
23 20
22 21
21 22
20 22
19 23
18 23
17 24
16 24
15 25
14 26
13 26
12 27
11 27
10 28
10 28
9 28
8 29
7 29
6 29
6 29
5 29
4 29
3 29
3 29
2 29
1 29
1 29
0 30
0 31
0 31
0 31
1 32
2 32
2 32
3 32
4 31
5 31
5 31
6 31
7 31
8 30
9 30
10 30
11 30
11 30
12 30
13 29
14 29
15 28
16 28
17 27
18 27
18 27
19 27
20 26
21 26
22 25
23 25
24 24
25 24
25 24
26 24
27 23
28 23
29 22
30 22
31 22
32 21
33 21
33 21
34 21
35 20
36 20
37 20
38 19
39 19
39 19
40 19
41 19
42 18
43 18
44 18
44 18
45 18
46 19
47 19
47 19
48 20
48 20
49 21
49 21
48 22
48 22
47 23
46 24
46 24
45 24
44 25
43 25
43 25
42 26
41 26
40 27
40 27
39 28
38 28
38 28
37 29
36 30
35 31
35 31
35 32
34 33
34 34
34 34
34 35
34 36
33 37
33 38
33 39
33 39
33 40
33 41
32 42
32 43
32 44
32 45
32 45
32 46
31 47
31 48
31 49
30 50
30 51
30 51
30 52
30 53
30 54
29 55
29 56
29 57
29 58
29 58
28 59
28 60
27 61
27 62
26 63
26 63
25 64
25 65
24 66
24 67
23 68
23 68
22 69
22 70
21 71
21 72
21 72
20 73
19 74
18 75
18 75
17 76
16 76
16 76
15 77
14 77
14 77
13 76
12 76
12 76
11 75
10 75
10 75
9 74
9 73
8 72
8 72
8 71
8 70
7 69
7 68
7 67
7 67
7 66
7 65
7 64
7 63
7 62
7 62
7 61
7 60
8 59
8 58
8 57
8 57
9 56
9 55
10 54
10 53
11 52
11 52
12 51
13 50
13 49
14 48
14 48
15 47
16 47
17 46
17 46
18 46
19 46
20 45
21 45
22 45
22 45
23 45
24 45
25 45
26 45
26 45
27 45
28 45
29 44
30 44
31 44
31 44
32 44
33 45
34 45
35 45
35 45
36 45
37 46
38 46
39 46
39 46
40 47
41 47
42 48
43 48
43 48
44 49
45 50
46 51
47 52
47 52
48 53
48 54
49 55
49 56
50 57
50 57
51 58
51 59
52 60
52 61
53 62
53 63
53 63
54 64
54 65
54 65
55 66
55 66
55 65
55 65
55 64
55 63
56 62
56 61
56 60
56 59
57 58
57 57
57 56
57 55
58 54
58 53
58 52
58 51
59 50
59 49
59 48
59 47
60 46
60 45
60 44
60 43
61 42
61 41
61 40
61 39
62 38
62 37
62 36
62 35
63 34
63 33
63 32
63 31
64 30
64 29
64 28
64 28
65 28
66 27
67 27
67 27
66 27
65 27
65 27
64 26
63 26
63 26
63 27
63 28
63 28
63 29
63 29
63 30
63 31
63 31
64 32
64 33
64 33
65 34
66 34
66 34
67 35
68 35
68 35
69 35
70 35
70 35
71 34
71 34
72 33
73 33
73 33
74 32
74 31
74 31
75 30
75 29
76 28
76 27
76 27
77 26
78 25
78 24
79 23
79 23
80 22
80 21
81 20
81 19
82 18
82 17
82 17
83 16
83 15
84 14
84 13
84 13
85 12
85 11
86 10
86 9
86 9
87 8
87 7
87 7
87 6
87 6
87 6
87 6
87 7
87 7
88 8
88 8
89 9
89 10
89 10
89 11
90 12
90 13
91 14
91 15
91 15
91 16
92 17
92 18
92 19
92 20
93 21
93 22
93 22
93 23
94 24
94 25
94 26
95 27
95 28
95 29
96 30
96 31
96 31
96 32
96 33
97 34
97 35
97 36
97 37
97 38
98 39
98 40
98 41
98 41
98 42
98 43
98 44
98 45
98 46
99 47
99 48
99 49
99 50
99 51
99 52
99 52
99 53
99 54
99 55
99 56
99 57
100 58
100 59
100 60
100 61
100 62
100 63
100 63
100 64
100 65
100 66
100 67
100 68
100 69
100 70
100 71
100 71
100 72
100 73
99 74
99 75
99 76
99 76
99 77
99 78
98 79
98 80
98 81
98 81
98 82
97 83
97 84
96 85
96 86
96 86
95 87
95 88
94 89
94 90
94 90
93 91
92 92
91 93
91 93
90 94
89 95
88 96
87 97
87 97
86 98
85 98
84 99
83 99
83 99
82 99
81 100
80 100
79 100
79 100
78 100
77 100
76 100
76 100
75 99
74 99
73 98
73 98
72 97
71 96
70 96
69 95
