37 16
37 15
38 14
38 13
38 13
38 13
38 14
38 14
38 15
38 15
38 16
38 17
38 18
38 19
38 20
38 20
38 21
38 22
39 23
39 24
39 25
39 26
39 26
39 27
39 28
39 29
39 30
39 30
39 31
40 32
40 33
40 33
40 34
40 35
40 35
39 35
38 36
37 36
36 36
35 36
34 37
33 37
32 37
31 37
30 38
29 38
28 38
27 38
26 39
25 39
24 39
24 39
23 39
22 39
21 39
20 39
19 39
18 39
18 39
17 40
16 40
16 40
15 41
15 41
15 41
15 41
16 40
17 40
17 40
18 40
19 40
20 40
21 40
22 40
23 40
23 40
24 40
25 39
26 39
27 39
28 39
29 38
30 38
31 38
31 38
32 38
33 37
34 37
35 36
36 36
37 36
38 35
39 35
39 35
40 35
41 34
42 34
43 34
44 34
45 33
46 33
47 33
47 33
48 33
49 32
50 32
51 31
52 31
53 31
54 30
55 30
55 30
56 30
57 30
58 29
59 29
60 29
60 29
59 30
58 30
57 31
56 31
55 32
54 32
53 33
52 33
51 34
50 34
49 35
48 35
47 36
46 36
45 37
45 37
45 37
44 38
43 38
43 38
42 39
42 39
41 40
41 41
41 41
40 42
39 43
39 43
38 44
38 45
38 45
37 46
37 47
36 48
36 48
35 49
34 50
34 51
33 52
33 52
32 53
31 54
31 55
30 56
29 57
29 57
28 58
27 59
26 60
25 61
24 62
23 63
23 63
22 64
21 65
20 66
20 67
19 68
18 69
18 69
17 70
16 71
15 72
14 73
13 74
12 75
12 75
11 76
10 77
10 78
9 79
8 80
8 80
7 81
6 82
5 83
5 83
4 84
3 85
2 86
2 86
1 87
0 87
0 87
0 87
0 86
0 85
0 85
0 84
0 83
0 82
0 82
0 81
1 80
1 79
2 78
2 77
2 77
3 76
3 75
4 74
4 73
5 72
5 72
6 71
7 70
7 69
8 68
9 67
9 67
10 66
10 65
11 64
11 63
12 62
12 61
12 61
13 60
14 59
14 58
15 57
16 56
16 56
17 55
18 54
19 53
19 53
20 52
21 51
22 50
22 50
23 49
24 49
25 48
25 48
25 49
25 50
25 50
25 51
25 51
26 52
26 52
27 53
27 53
28 54
29 54
29 54
30 54
31 55
32 55
32 55
33 56
34 56
35 57
35 57
36 58
37 58
38 59
39 59
39 59
40 60
41 61
42 61
43 62
43 62
44 63
45 64
46 65
46 65
47 66
47 67
48 68
48 68
49 69
50 70
51 71
51 71
52 72
53 73
53 73
54 74
55 75
55 75
56 75
57 76
58 76
58 76
59 76
60 76
60 76
61 77
62 77
62 77
63 77
64 78
65 78
65 78
66 78
67 78
68 78
68 78
69 78
70 78
70 78
71 79
72 79
72 79
73 79
74 79
75 79
75 79
76 79
76 79
77 79
77 79
77 79
76 78
76 77
76 77
76 76
76 75
76 74
76 73
76 72
76 71
76 70
76 69
76 68
76 67
76 66
76 65
76 64
76 63
76 62
76 61
76 60
76 59
76 58
76 57
77 56
77 55
77 54
77 53
77 52
77 51
77 50
77 49
77 48
77 47
77 46
77 45
77 44
77 43
77 42
77 41
77 40
77 39
77 38
77 37
77 36
77 36
76 35
76 35
75 36
75 37
75 37
74 38
73 38
73 38
73 39
73 39
72 40
72 41
72 41
72 42
72 43
72 43
72 44
72 44
72 45
72 45
73 45
73 45
73 45
74 44
74 43
74 43
74 42
74 41
74 40
74 40
74 39
75 38
75 37
75 36
75 36
75 35
75 34
75 33
75 32
75 31
75 31
75 30
76 29
76 28
76 27
77 26
77 25
77 25
77 24
78 23
78 22
78 21
78 20
79 19
79 18
79 17
79 17
79 16
80 15
80 14
81 13
81 12
82 11
82 10
82 10
83 9
84 8
85 7
86 6
86 6
87 5
87 4
88 3
88 3
89 2
89 1
90 0
90 0
90 0
91 1
91 2
91 2
91 3
91 4
91 4
91 5
91 6
91 7
92 8
92 9
92 10
92 11
92 11
92 12
92 13
92 14
93 15
93 16
93 17
93 18
93 19
93 19
93 20
93 21
93 22
93 23
93 24
93 25
93 26
93 27
93 28
93 28
93 29
93 30
94 31
94 32
94 33
94 34
94 35
95 36
95 37
95 38
95 38
95 39
95 40
95 41
95 42
95 43
95 44
96 45
96 46
96 47
96 48
96 49
96 50
96 51
96 51
96 52
96 53
96 54
96 55
96 56
97 57
97 58
97 59
97 60
97 61
97 62
97 62
97 63
97 64
97 65
97 66
97 67
98 68
98 69
98 70
98 71
98 72
98 73
98 73
98 74
98 75
98 76
98 77
98 78
98 79
98 80
98 81
98 82
98 82
98 83
98 84
98 85
99 86
99 87
99 88
99 89
99 89
99 90
99 91
100 92
100 93
100 94
100 95
100 95
100 96
99 97
99 98
99 98
98 99
98 100
98 100
97 100
96 100
96 100
95 100
94 100
93 100
92 100
92 100
91 100
90 100
89 99
88 99
87 99
86 99
86 99
85 99
84 98
83 98
82 97
81 97
80 96
79 96
78 95
77 95
77 95
76 94
75 94
74 93
73 93
72 92
71 92
70 91
69 91
68 90
68 90
67 89
66 89
65 88
64 87
63 87
62 86
62 86
61 85
60 85
59 84
58 84
57 83
