28 15
29 14
30 13
31 13
32 12
32 12
33 12
34 12
34 12
34 12
35 12
35 12
36 13
36 13
37 14
38 15
38 15
38 16
39 17
39 18
39 19
39 19
39 20
39 21
39 22
39 22
39 23
39 24
39 25
39 25
39 26
39 27
39 27
38 27
37 28
36 28
35 28
34 29
33 29
32 29
31 30
30 30
29 30
28 30
27 31
26 31
25 31
24 32
23 32
23 32
22 32
21 32
20 32
19 32
18 32
17 32
16 32
15 32
14 32
14 32
13 32
12 31
11 31
10 31
10 31
9 31
9 31
9 31
9 31
10 31
10 31
11 31
12 31
13 31
14 31
15 31
15 31
16 31
17 31
18 31
19 30
20 30
21 30
22 30
22 30
23 30
24 30
25 30
26 29
27 29
28 29
29 29
29 29
30 29
31 28
32 28
33 28
34 27
35 27
35 27
36 27
37 27
38 27
39 26
40 26
41 26
42 26
42 26
43 26
44 26
45 25
46 25
47 25
48 25
48 25
49 25
50 25
51 25
52 25
53 25
53 25
52 25
51 25
50 26
49 26
48 26
47 26
46 27
45 27
44 27
43 27
42 28
41 28
40 28
40 28
39 29
39 30
39 30
38 31
37 31
37 31
36 32
36 33
36 33
35 34
35 35
34 36
34 36
33 37
32 38
31 39
31 39
30 40
30 41
29 42
29 43
28 44
28 44
27 45
26 46
25 47
24 48
24 48
23 49
22 50
22 51
21 52
20 53
20 53
19 54
18 55
17 56
16 57
15 58
15 58
14 59
13 60
12 61
11 62
11 62
10 63
9 64
8 65
7 66
7 66
6 67
5 67
4 68
4 68
3 68
2 68
2 68
1 68
0 68
0 68
0 67
0 67
0 66
0 65
1 64
1 63
1 62
1 61
2 60
2 59
2 58
2 57
3 56
3 55
3 54
3 54
4 53
4 52
5 51
5 50
6 49
6 48
7 47
7 47
8 46
9 45
10 44
10 44
11 43
12 42
12 42
13 42
14 42
14 42
15 42
16 42
16 42
17 43
18 44
18 44
19 45
20 46
21 46
22 47
22 47
23 48
24 49
25 50
26 51
26 51
27 52
28 53
29 54
30 55
30 55
31 56
32 57
32 58
33 59
34 60
34 60
35 61
36 62
37 62
38 63
38 63
39 64
40 64
41 65
42 65
42 65
43 66
44 66
45 67
46 67
46 67
47 67
48 67
49 67
50 67
51 67
51 67
52 67
53 67
54 67
54 67
55 66
56 66
56 66
57 65
57 64
58 63
58 62
59 61
60 60
60 59
61 58
61 57
62 56
62 55
63 54
64 53
64 52
65 51
65 50
66 49
67 48
67 47
68 46
68 45
69 44
69 43
70 42
71 41
71 40
72 39
72 38
73 37
74 36
74 35
75 34
75 33
76 32
76 31
77 30
77 30
77 29
77 28
77 27
77 27
77 27
77 27
76 28
76 28
75 29
75 29
75 30
75 31
75 32
75 32
74 33
74 33
74 34
74 34
74 35
74 35
74 35
75 35
75 35
76 34
76 34
76 33
77 32
77 31
77 31
77 30
78 29
78 28
78 27
78 27
78 26
79 25
79 24
79 23
79 23
79 22
79 21
80 20
80 19
80 18
80 18
80 17
80 16
80 15
80 14
80 13
80 12
80 12
80 11
80 10
80 9
80 8
80 7
80 6
80 6
80 5
81 4
81 3
81 3
82 2
83 1
83 1
84 0
84 0
85 0
85 0
85 1
85 1
86 2
86 3
87 4
87 4
87 5
87 6
88 7
88 8
88 9
88 9
88 10
89 11
89 12
89 13
89 14
90 15
90 16
90 16
90 17
90 18
91 19
91 20
91 21
91 22
92 23
92 24
92 25
92 25
92 26
92 27
93 28
93 29
93 30
93 31
93 32
94 33
94 34
94 35
94 35
94 36
94 37
95 38
95 39
95 40
95 41
95 42
95 43
96 44
96 45
96 46
96 46
96 47
96 48
96 49
96 50
96 51
97 52
97 53
97 54
97 55
97 56
97 57
97 57
97 58
97 59
97 60
97 61
97 62
98 63
98 64
98 65
98 66
98 67
98 68
98 68
98 69
99 70
99 71
99 72
99 73
100 74
100 75
100 76
100 76
100 77
100 78
100 79
100 80
100 81
100 82
100 83
100 84
100 84
100 85
100 86
99 87
99 88
99 89
99 90
99 90
99 91
99 92
98 93
98 94
98 95
98 95
97 96
97 97
96 98
96 98
95 99
94 99
93 100
93 100
92 100
91 100
90 100
89 100
89 100
88 100
87 100
86 100
85 99
84 99
83 99
82 99
82 99
81 99
80 99
79 98
78 98
77 98
76 98
75 97
74 97
73 97
73 97
72 96
71 96
70 95
69 95
68 94
67 94
66 93
65 93
64 92
