32 13
32 13
31 12
31 12
31 13
31 13
31 14
31 14
32 15
32 16
32 16
33 17
33 18
33 18
34 19
34 20
34 20
35 21
35 22
36 23
36 23
37 24
37 24
38 25
39 26
39 26
40 27
41 27
41 27
40 28
39 28
38 29
37 29
36 30
35 30
34 31
33 31
32 32
31 33
30 33
29 34
28 34
27 35
26 35
25 36
24 36
23 37
22 37
21 38
21 38
20 38
19 39
18 39
17 39
16 40
15 40
14 41
13 41
12 41
11 42
10 42
10 42
9 42
8 43
7 43
6 44
5 44
5 44
4 44
3 44
2 44
1 44
1 44
0 44
0 44
0 44
0 44
1 44
2 43
3 43
3 43
4 43
5 43
6 42
7 42
8 42
8 42
9 42
10 41
11 41
12 41
13 41
14 40
15 40
16 40
16 40
17 40
18 39
19 39
20 39
21 38
22 38
23 38
24 37
25 37
25 37
26 37
27 36
28 36
29 36
30 35
31 35
32 35
33 35
34 34
35 34
35 34
36 34
37 34
38 33
39 33
40 33
41 33
42 33
43 32
44 32
45 32
45 32
46 32
47 32
48 31
49 31
50 31
51 31
52 30
53 30
54 30
54 30
55 30
56 30
57 29
58 29
59 29
60 29
60 29
61 29
62 28
63 28
64 28
64 28
63 29
62 29
61 30
60 30
59 31
58 31
57 32
56 32
56 32
55 33
54 34
53 35
53 35
52 35
51 36
50 36
50 36
49 37
48 37
48 37
47 38
47 39
46 40
46 40
46 41
45 42
45 43
44 44
44 45
44 45
44 46
44 47
43 48
43 49
43 50
43 51
43 51
43 52
42 53
42 54
41 55
41 56
40 57
40 58
40 58
39 59
39 60
38 61
38 62
37 63
37 64
36 65
36 66
36 66
35 67
34 68
34 69
33 70
32 71
31 72
31 73
30 74
30 74
29 75
28 76
27 77
27 78
26 79
25 80
25 80
24 81
23 82
22 83
21 84
20 85
20 85
19 86
18 87
17 87
16 88
15 89
15 89
14 90
13 91
12 91
11 92
11 92
10 93
9 93
8 94
7 94
7 94
6 95
5 95
5 95
4 94
4 94
4 93
4 92
4 91
4 90
4 90
4 89
5 88
5 87
5 86
5 85
6 84
6 83
6 82
6 81
7 80
7 79
7 78
7 77
8 76
8 75
8 74
8 73
9 72
9 71
9 70
9 69
10 68
10 67
10 66
10 65
11 64
11 63
11 62
11 61
12 60
12 59
12 59
13 58
13 57
14 56
15 55
16 54
16 53
17 52
18 51
18 50
19 49
19 49
20 49
21 48
22 48
22 48
23 48
24 48
24 48
25 49
26 49
26 49
27 50
28 51
29 52
29 52
30 53
30 54
31 55
31 55
32 56
33 57
33 58
34 59
34 59
35 60
36 61
36 62
37 63
37 63
38 64
39 65
40 66
41 67
42 68
42 68
43 68
44 69
45 69
46 70
47 70
48 71
49 71
49 71
50 72
51 72
52 73
53 73
54 74
55 74
56 75
56 75
57 75
58 75
59 76
60 76
61 76
62 76
62 76
63 76
64 76
65 76
66 77
67 77
68 77
69 77
69 77
70 77
71 77
72 77
73 77
74 77
74 77
74 76
74 75
75 74
75 73
75 72
75 71
75 70
76 69
76 68
76 67
76 66
77 65
77 64
77 63
77 62
77 61
78 60
78 59
78 58
78 57
78 56
79 55
79 54
79 53
79 52
79 51
80 50
80 49
80 48
80 47
81 46
81 45
81 44
81 43
81 42
82 41
82 40
82 39
82 39
83 40
83 41
84 42
84 42
83 42
82 42
81 42
80 42
80 42
79 41
79 41
79 42
79 43
79 44
79 44
79 45
79 46
79 47
79 47
79 48
79 49
79 50
79 50
80 51
80 51
81 51
81 51
81 50
81 50
82 49
83 48
83 48
83 47
84 46
84 45
85 44
85 43
85 42
86 41
86 40
86 39
87 38
87 37
88 36
88 35
88 34
89 33
89 32
90 31
90 30
90 29
91 28
91 27
92 26
92 25
92 24
93 23
93 22
93 21
94 20
94 19
95 18
95 17
95 17
95 16
96 15
96 14
96 13
97 12
97 11
97 10
98 9
98 8
98 7
99 6
99 5
99 5
99 4
100 3
100 2
100 2
100 1
100 0
100 0
99 1
99 1
98 2
98 2
98 3
97 4
97 5
97 5
97 6
96 7
96 8
95 9
95 10
95 10
95 11
94 12
94 13
94 14
93 15
93 16
93 16
93 17
93 18
92 19
92 20
92 21
92 22
92 23
91 24
91 25
91 26
91 26
91 27
90 28
90 29
90 30
90 31
89 32
89 33
89 34
89 35
88 36
88 37
88 38
88 38
88 39
88 40
88 41
88 42
88 43
88 44
88 45
88 46
88 47
88 48
88 49
88 50
88 50
88 51
88 52
88 53
88 54
88 55
88 56
88 57
88 58
88 59
88 60
88 61
88 62
88 63
88 63
88 64
88 65
88 66
88 67
88 68
89 69
89 70
89 71
89 72
89 73
89 74
89 75
89 75
89 76
89 77
89 78
89 79
89 80
90 81
90 82
90 83
90 84
90 85
90 86
90 86
90 87
91 88
91 89
91 90
92 91
92 92
92 92
93 93
93 94
94 95
94 96
94 96
94 97
94 98
94 98
94 99
94 100
94 100
93 100
93 100
92 100
91 100
91 100
90 100
89 99
88 99
87 99
87 99
86 98
85 97
84 97
83 96
83 96
82 95
81 94
80 93
79 92
78 91
78 91
77 90
76 89
75 88
74 88
73 87
72 86
