19 20
19 19
18 18
18 17
18 16
18 16
19 16
19 16
19 17
19 17
20 18
21 18
21 18
22 19
23 19
24 20
24 20
24 21
25 22
25 23
25 24
25 24
25 25
26 26
26 27
27 28
27 29
27 29
27 30
28 31
28 32
28 33
28 33
28 34
28 35
28 35
28 36
28 37
28 38
28 38
27 38
26 38
25 38
24 38
23 38
22 38
21 38
20 38
19 38
18 39
17 39
16 39
15 39
14 39
13 39
12 39
11 39
10 39
9 39
9 39
8 39
7 39
6 39
5 39
4 39
4 39
3 39
3 39
4 39
4 39
4 39
5 39
6 39
7 39
8 39
8 39
9 39
10 39
11 38
12 38
13 38
13 38
14 38
15 38
16 38
17 37
18 37
19 37
20 37
20 37
21 37
22 36
23 36
24 35
25 35
26 34
27 34
27 34
28 34
29 33
30 33
31 33
32 33
33 32
34 32
35 32
35 32
36 32
37 31
38 31
39 30
40 30
41 29
42 29
42 29
43 29
44 28
45 28
46 27
47 27
47 27
48 27
49 26
50 26
50 26
50 26
49 26
48 27
47 27
46 27
45 28
44 28
44 28
43 29
42 29
41 30
40 30
39 31
38 31
37 32
36 32
35 33
34 33
34 33
33 34
32 35
31 35
30 36
30 36
29 37
28 37
27 38
27 38
26 39
25 40
25 40
24 41
24 41
23 42
23 42
23 43
23 44
23 44
22 45
22 46
22 46
22 47
22 48
22 49
22 50
22 51
22 51
22 52
21 53
21 54
20 55
20 56
20 56
19 57
19 58
18 59
18 60
17 61
17 62
17 62
16 63
16 64
15 65
15 66
14 67
14 68
14 68
13 69
12 70
12 71
11 72
11 72
10 73
9 74
8 75
8 75
7 76
6 77
6 77
5 77
4 77
4 77
3 77
3 77
2 76
2 75
2 75
1 74
1 73
0 72
0 72
0 71
0 70
0 69
0 68
0 67
0 67
0 66
0 65
0 64
0 63
0 62
0 62
0 61
1 60
1 59
2 58
2 57
2 57
3 56
4 55
5 54
6 53
6 53
7 52
8 51
9 50
10 49
10 49
11 49
12 48
13 48
14 48
14 48
15 48
16 48
17 48
17 48
18 49
19 49
20 50
20 50
21 51
22 51
23 52
23 52
24 53
25 54
25 55
26 56
26 56
27 57
28 57
29 58
29 58
30 59
31 59
32 60
32 60
33 61
34 61
35 62
35 62
36 63
37 63
38 64
38 64
39 64
40 65
41 65
41 65
42 65
43 66
44 66
45 66
45 66
46 66
47 65
48 65
48 65
49 64
49 63
50 62
50 61
51 60
52 59
52 58
53 57
53 56
54 55
54 54
55 53
56 52
56 51
57 50
57 49
58 48
58 48
59 47
59 46
60 45
60 44
61 43
61 42
62 41
62 41
62 40
63 39
63 38
63 38
64 37
64 37
64 37
64 37
64 38
64 39
64 39
64 40
64 41
64 42
64 42
65 43
65 44
65 44
65 45
65 46
65 46
66 47
66 47
67 47
67 47
67 47
68 46
68 45
68 45
69 44
69 43
70 42
70 41
70 41
70 40
70 39
71 38
71 37
71 36
71 35
71 35
71 34
71 33
71 32
72 31
72 30
72 29
72 28
72 28
72 27
72 26
73 25
73 24
73 23
73 22
74 21
74 20
74 19
74 19
74 18
75 17
75 16
75 15
75 14
76 13
76 12
76 12
77 11
77 10
78 9
78 8
79 7
79 7
80 6
80 5
81 4
81 3
82 2
82 2
83 1
84 0
84 0
84 1
84 1
84 2
84 2
84 3
84 4
85 5
85 6
85 7
85 7
85 8
85 9
85 10
85 11
85 12
85 13
85 14
85 15
85 15
85 16
85 17
85 18
85 19
84 20
84 21
84 22
84 23
84 24
84 24
84 25
84 26
84 27
84 28
84 29
84 30
84 31
84 32
84 33
84 34
84 35
84 36
84 36
84 37
84 38
85 39
85 40
85 41
85 42
85 43
85 44
86 45
86 46
86 47
86 48
86 48
86 49
86 50
87 51
87 52
87 53
87 54
88 55
88 56
88 57
88 58
89 59
89 60
89 61
89 61
89 62
90 63
90 64
90 65
91 66
91 67
91 68
92 69
92 70
92 71
93 72
93 73
93 73
93 74
94 75
94 76
95 77
95 78
95 79
96 80
96 81
96 81
96 82
97 83
97 84
97 85
97 86
98 87
98 88
98 88
98 89
99 90
99 91
99 92
99 93
100 94
100 95
100 95
100 96
100 97
100 98
100 98
99 99
98 100
98 100
97 100
96 100
95 100
94 100
94 100
93 100
92 100
91 99
90 99
89 99
88 99
88 99
87 99
86 98
85 98
84 98
83 97
82 97
81 97
80 97
79 96
78 96
78 96
77 95
76 95
75 94
74 94
73 93
72 93
71 92
70 92
69 91
69 91
68 90
67 90
66 89
65 88
64 88
63 87
62 87
61 86
