23 13
24 12
24 11
25 10
25 10
25 9
25 8
25 8
25 7
25 6
25 5
25 5
26 4
26 4
27 3
27 2
27 2
27 1
27 1
27 0
27 0
28 0
28 0
28 1
28 1
29 2
29 2
29 3
29 4
29 4
29 5
29 6
29 7
29 8
29 8
29 9
29 10
29 11
29 12
29 12
29 13
29 14
29 15
29 16
29 16
29 17
29 18
29 18
29 19
29 20
29 20
29 21
29 22
29 22
29 23
29 23
29 24
29 24
28 25
27 26
26 26
25 27
24 28
23 29
22 29
21 30
20 31
19 32
18 32
17 33
16 34
15 35
14 35
13 36
12 37
11 38
10 38
9 39
8 40
8 40
8 40
8 40
8 40
8 40
8 40
8 40
9 40
10 40
11 40
12 40
12 40
13 39
14 39
15 38
16 38
17 37
17 37
18 36
19 36
20 35
21 35
22 34
22 34
23 33
24 33
25 32
26 32
27 31
28 31
29 30
29 30
30 30
31 29
32 29
33 28
34 28
34 28
35 28
36 27
37 27
37 27
38 27
39 27
39 27
40 26
41 26
41 26
41 26
42 26
42 26
41 27
40 28
40 29
39 30
38 31
37 32
37 33
36 34
35 35
35 35
36 36
36 37
36 37
35 38
35 38
35 39
35 40
35 40
34 41
34 41
34 42
34 42
34 43
34 44
34 44
34 45
34 46
34 47
34 47
34 48
34 49
34 50
34 50
34 51
33 52
33 53
33 54
33 54
33 55
33 56
32 57
32 58
32 59
32 59
32 60
31 61
31 62
31 63
31 63
30 64
30 65
29 66
29 67
29 67
29 68
28 69
28 70
28 71
28 71
27 72
27 73
26 74
26 75
26 75
26 76
25 77
25 78
24 79
24 80
24 80
23 81
23 82
22 83
22 84
22 84
21 85
21 86
20 87
20 87
19 88
19 89
18 90
18 90
17 91
17 92
16 93
16 93
15 94
15 94
14 95
13 95
13 95
12 95
11 95
11 95
10 95
10 95
9 94
8 94
8 94
7 93
7 93
6 92
5 92
5 92
4 91
3 91
3 91
3 90
2 89
2 88
2 88
2 87
1 86
1 85
1 85
1 84
0 83
0 82
0 81
0 81
0 80
0 79
0 78
0 77
0 77
0 76
0 75
0 74
0 74
0 73
0 72
0 71
0 71
0 70
1 69
1 68
1 67
1 67
2 66
2 65
2 65
3 64
3 63
4 62
4 62
5 61
6 61
6 61
7 60
8 59
8 59
9 58
9 58
10 57
11 57
11 57
12 56
13 56
13 56
14 56
15 56
16 56
16 56
17 56
18 56
18 56
19 56
20 56
21 56
21 56
22 56
23 57
24 57
24 57
25 57
26 58
27 58
27 58
28 59
29 59
29 59
30 60
31 61
31 61
32 62
32 63
32 63
33 64
34 64
34 64
35 65
35 66
35 66
36 67
37 67
37 67
38 68
39 69
39 69
40 70
41 70
41 70
42 71
43 71
43 71
44 72
45 72
45 72
46 73
47 73
47 73
48 73
48 73
49 73
50 73
50 73
51 72
51 71
52 70
52 70
53 69
54 68
55 67
55 67
56 66
56 65
57 64
57 63
57 63
58 62
58 61
58 61
59 60
59 60
59 59
59 58
59 57
59 56
59 55
59 54
59 53
60 52
60 51
60 50
60 49
60 48
60 47
60 46
60 45
60 44
60 44
61 43
62 42
62 41
63 40
63 40
62 39
61 39
61 39
61 39
61 39
61 39
61 40
61 40
61 41
61 42
61 42
61 43
61 44
61 45
61 45
61 46
61 47
61 48
61 48
61 49
60 50
60 51
60 52
60 52
60 53
60 54
60 55
60 55
60 56
60 57
60 58
60 58
61 59
61 60
61 60
62 61
62 62
62 62
62 62
63 63
63 63
64 63
64 63
65 62
65 62
66 61
66 61
67 60
68 59
68 59
69 58
70 57
70 57
70 56
71 55
71 54
71 54
71 53
72 52
72 51
72 51
73 50
73 49
74 48
74 48
75 47
75 46
76 45
76 44
76 44
77 43
77 42
77 42
78 41
78 40
78 40
79 39
79 38
79 38
80 37
80 36
80 36
80 35
80 35
80 35
81 34
81 34
81 33
81 33
81 33
81 32
81 32
81 31
81 31
81 30
81 30
81 30
81 30
81 29
81 29
82 29
82 29
82 29
82 28
82 28
82 28
82 27
82 27
82 27
82 26
82 26
82 26
82 26
82 26
82 26
82 25
82 25
82 25
82 25
82 25
82 25
82 25
82 25
82 25
82 25
82 25
82 26
82 26
82 27
82 27
82 28
82 28
82 29
82 30
82 30
82 31
82 32
82 33
82 33
82 34
82 34
82 35
82 36
82 36
83 37
83 37
83 38
83 39
83 39
84 40
84 40
85 41
85 41
86 42
86 42
87 41
88 41
88 41
89 40
89 40
89 39
90 38
90 37
90 37
91 36
91 35
92 34
92 34
92 33
93 32
93 31
94 30
94 29
94 29
94 28
95 27
95 26
95 25
95 25
95 24
96 23
96 22
96 22
96 21
97 20
97 19
97 19
98 18
98 17
98 17
99 16
99 15
99 15
99 14
99 14
99 13
99 13
99 13
99 13
99 14
99 15
99 15
99 16
99 17
99 17
99 18
100 19
100 20
100 21
100 21
100 22
100 23
100 24
100 25
100 25
100 26
100 27
99 28
99 29
99 30
99 31
99 31
99 32
99 33
99 34
99 35
99 36
99 37
99 37
99 38
99 39
99 40
99 41
99 42
99 43
99 44
99 44
99 45
99 46
99 47
99 48
99 49
99 50
99 50
99 51
99 52
99 53
99 54
99 55
99 56
99 56
99 57
99 58
99 59
99 60
99 61
99 62
99 63
99 63
99 64
99 65
99 66
99 67
99 68
99 69
99 69
99 70
99 71
98 72
98 73
98 74
98 75
98 75
98 76
98 77
98 78
98 79
98 80
98 81
98 82
98 82
98 83
98 84
97 85
97 86
97 87
97 88
97 88
97 89
96 90
96 91
96 92
96 92
96 93
96 94
95 95
95 96
95 97
95 97
94 98
93 99
93 99
92 100
91 100
91 100
90 100
89 100
88 100
87 100
86 100
86 100
85 100
84 100
83 100
82 100
81 100
80 100
80 100
79 100
78 100
77 100
76 99
75 99
74 99
73 99
73 99
72 99
71 98
70 98
69 98
68 98
67 97
66 97
66 97
65 97
64 96
63 96
62 96
61 95
60 95
