27 6
28 6
29 5
30 5
30 5
30 6
30 6
30 7
30 8
30 8
30 9
30 10
30 11
30 11
30 12
30 13
30 14
30 15
30 16
30 16
30 17
30 18
30 19
30 20
30 21
30 21
30 22
31 23
31 24
31 25
31 25
30 25
29 25
28 26
27 26
26 26
25 26
24 27
23 27
22 27
21 27
20 28
19 28
18 28
17 28
16 29
15 29
14 29
13 29
12 30
11 30
10 30
10 30
9 30
8 30
7 30
6 30
6 30
5 30
4 30
4 30
4 31
4 31
4 31
4 31
5 31
6 30
7 30
8 30
8 30
9 30
10 30
11 30
12 30
13 30
13 30
14 30
15 30
16 30
17 30
18 29
19 29
20 29
21 29
22 29
22 29
23 29
24 29
25 29
26 29
27 28
28 28
29 28
30 28
31 28
32 28
32 28
33 28
34 28
35 28
36 27
37 27
38 27
39 27
40 27
40 27
41 27
42 26
43 26
44 26
45 26
46 25
47 25
47 25
48 25
49 25
50 24
51 24
52 24
52 24
53 24
54 23
55 23
56 23
56 23
55 23
54 23
53 23
52 23
51 24
50 24
49 24
48 24
47 24
46 24
45 24
44 24
43 24
42 24
41 25
40 25
39 25
38 25
37 25
36 25
36 25
35 25
34 26
33 26
33 26
32 26
32 26
31 27
31 27
30 28
30 29
30 29
29 30
29 31
28 32
28 32
28 33
27 34
27 35
27 36
27 36
27 37
26 38
26 39
26 40
25 41
25 42
25 42
25 43
24 44
24 45
23 46
23 47
22 48
22 49
22 49
21 50
21 51
20 52
19 53
19 54
18 55
18 55
17 56
17 57
16 58
15 59
15 60
14 61
14 61
13 62
13 63
12 64
12 65
11 66
11 66
10 67
9 68
8 68
7 69
7 69
6 70
5 70
4 71
4 71
3 72
2 72
2 72
1 72
1 72
1 71
1 71
1 70
0 69
0 68
0 67
0 67
0 66
0 65
0 64
0 63
0 62
0 62
0 61
0 60
0 59
0 58
0 57
0 57
1 56
1 55
2 54
2 53
2 53
2 52
3 51
3 50
4 49
4 48
4 48
5 47
6 46
7 45
7 45
8 44
9 44
10 43
10 43
11 43
12 43
13 43
13 43
14 44
15 44
15 44
16 45
17 46
18 47
18 47
19 48
20 49
21 50
21 50
22 51
23 52
23 53
24 54
24 54
25 55
26 56
27 57
28 58
28 58
29 59
30 60
30 61
31 62
31 62
32 63
33 63
34 64
34 64
35 64
36 64
37 64
37 64
38 64
39 64
40 64
41 64
41 64
42 63
43 63
44 62
45 62
45 62
46 61
47 60
47 59
48 58
49 57
50 56
51 55
52 54
52 53
53 52
54 51
55 50
56 49
57 48
57 47
58 46
59 45
59 45
59 44
60 43
60 42
60 41
61 40
61 39
61 39
61 38
61 37
61 36
61 36
61 35
61 35
61 34
61 34
62 33
62 33
62 33
62 34
62 35
62 35
63 36
63 37
63 37
63 38
64 39
64 40
64 41
64 41
64 42
64 43
64 43
64 44
64 44
64 44
65 44
65 44
65 43
65 42
65 41
65 41
65 40
66 39
66 38
66 37
66 37
66 36
66 35
66 34
66 33
66 32
66 32
66 31
66 30
66 29
66 28
66 27
66 26
66 25
66 25
66 24
66 23
66 22
65 21
65 20
65 19
65 18
65 18
65 17
66 16
66 15
66 14
66 13
67 12
67 11
67 11
67 10
68 9
68 8
68 7
68 7
69 6
69 5
70 4
70 3
70 3
71 2
72 1
72 1
72 0
72 0
72 1
72 1
72 1
73 2
74 3
74 3
75 4
75 5
76 6
76 7
76 7
76 8
76 9
77 10
77 11
77 12
77 13
77 13
77 14
78 15
78 16
78 17
78 18
79 19
79 20
79 21
79 21
79 22
79 23
80 24
80 25
80 26
80 27
81 28
81 29
81 30
81 30
81 31
81 32
82 33
82 34
82 35
82 36
82 37
82 38
83 39
83 40
83 41
83 41
83 42
84 43
84 44
84 45
84 46
85 47
85 48
85 49
85 50
86 51
86 52
86 52
86 53
86 54
87 55
87 56
87 57
87 58
87 59
88 60
88 61
88 62
88 62
88 63
89 64
89 65
89 66
90 67
90 68
90 69
91 70
91 71
91 71
91 72
92 73
92 74
93 75
93 76
93 77
94 78
94 79
94 79
94 80
95 81
95 82
95 83
95 84
96 85
96 86
96 87
96 87
96 88
97 89
97 90
97 91
98 92
98 93
98 93
98 94
99 95
99 96
100 97
100 98
100 98
100 99
100 100
100 100
99 100
99 100
98 100
98 100
97 100
96 100
95 99
94 99
93 99
93 99
92 98
91 98
90 97
89 96
88 95
87 95
86 94
86 94
85 94
84 93
83 93
82 92
81 92
80 91
79 91
78 90
77 90
77 90
76 89
75 89
74 88
73 88
72 87
71 87
70 86
69 86
