29 21
30 20
31 19
31 19
31 19
31 19
31 20
31 21
31 21
31 22
31 23
31 24
31 25
31 25
31 26
31 27
31 27
31 28
31 29
31 30
31 30
31 31
31 32
31 32
30 32
29 33
28 33
27 33
26 34
25 34
24 34
23 35
22 35
21 35
20 36
19 36
18 36
17 37
16 37
15 37
14 38
13 38
12 38
11 39
10 39
10 39
9 39
8 40
7 40
6 40
6 40
5 40
5 40
4 40
4 40
5 40
6 40
6 40
7 40
8 40
9 40
9 40
10 40
11 40
12 39
13 39
14 39
15 39
15 39
16 39
17 39
18 39
19 38
20 38
21 38
22 38
23 38
23 38
24 38
25 38
26 38
27 38
28 37
29 37
30 37
31 37
32 37
33 37
33 37
34 37
35 37
36 37
37 36
38 36
39 36
40 36
41 36
41 36
42 36
43 35
44 35
45 35
46 35
47 34
48 34
49 34
49 34
50 34
51 34
52 34
53 33
54 33
55 33
56 33
57 33
57 33
56 33
55 33
54 34
53 34
52 34
51 34
50 34
49 35
48 35
47 35
46 35
45 35
44 35
43 36
42 36
41 36
41 36
41 37
41 38
41 38
40 39
40 39
39 40
38 41
38 41
38 42
37 43
37 44
37 44
37 45
36 46
36 47
36 48
36 48
35 49
34 50
34 51
33 52
33 52
32 53
31 54
31 55
30 56
30 56
29 57
28 58
27 59
26 60
26 60
25 61
24 62
23 63
23 64
22 65
21 66
21 66
20 67
19 68
18 69
18 70
17 71
16 72
15 73
15 73
14 74
13 75
12 76
11 77
10 78
10 78
9 79
8 80
7 80
6 81
6 81
5 82
4 83
3 84
3 84
2 85
1 85
1 85
0 85
0 85
0 84
0 83
0 83
0 82
0 81
0 80
0 79
0 78
0 78
0 77
0 76
0 75
0 74
0 73
0 73
0 72
1 71
1 70
1 69
2 68
2 67
2 67
3 66
3 65
4 64
4 63
5 62
5 61
5 61
6 60
7 59
7 58
8 57
9 56
9 56
10 55
11 54
12 54
13 53
13 53
14 52
15 52
16 51
16 51
17 50
18 49
18 49
19 49
20 49
20 49
21 50
21 50
22 51
23 51
23 51
24 52
24 53
24 53
25 54
26 55
26 55
27 56
28 56
29 57
29 57
30 58
31 59
32 59
33 60
33 60
34 60
35 61
36 61
36 61
37 61
38 62
39 62
40 62
40 62
41 62
42 62
43 62
43 62
44 62
45 61
46 61
47 61
47 61
48 60
49 59
49 58
50 57
51 56
52 55
52 54
53 53
54 52
55 51
55 50
56 49
57 48
57 48
57 48
57 48
57 48
57 48
57 48
58 47
59 46
59 46
60 46
60 46
61 45
62 45
62 45
63 44
64 43
64 43
65 42
66 42
66 42
67 41
68 41
69 40
69 40
70 39
70 38
70 38
71 37
71 36
71 36
72 35
73 34
73 34
73 33
73 33
73 34
73 34
73 34
73 35
73 35
74 36
74 37
74 37
74 38
75 39
75 40
75 40
76 41
76 41
77 42
77 42
78 42
78 42
79 41
79 41
79 40
80 39
80 38
80 38
80 37
81 36
81 35
81 35
81 34
81 33
82 32
82 31
82 30
82 30
82 29
82 28
83 27
83 26
83 25
83 25
83 24
83 23
84 22
84 21
84 20
84 20
84 19
84 18
85 17
85 16
85 15
85 14
85 14
85 13
85 12
86 11
86 10
86 9
86 9
86 8
87 7
87 6
87 5
87 5
88 4
88 3
89 2
89 1
89 1
89 0
89 0
89 1
89 1
89 2
89 2
89 3
90 4
90 5
90 6
90 6
90 7
91 8
91 9
92 10
92 11
92 11
92 12
92 13
92 14
93 15
93 16
93 17
93 18
93 18
93 19
93 20
93 21
94 22
94 23
94 24
94 25
94 25
94 26
95 27
95 28
95 29
95 30
96 31
96 32
96 33
96 33
96 34
96 35
97 36
97 37
97 38
97 39
97 40
98 41
98 42
98 43
98 43
98 44
98 45
98 46
98 47
99 48
99 49
99 50
99 51
99 52
99 53
99 53
99 54
99 55
99 56
99 57
100 58
100 59
100 60
100 61
100 62
100 63
100 63
100 64
100 65
100 66
100 67
100 68
100 69
100 70
100 71
100 72
100 72
100 73
100 74
100 75
99 76
99 77
99 78
99 79
99 80
99 80
99 81
99 82
99 83
99 84
99 85
99 86
99 87
99 88
99 88
99 89
99 90
98 91
98 92
98 93
98 93
97 94
97 95
96 96
96 96
96 97
95 98
95 99
95 99
94 99
93 100
92 100
92 100
91 100
90 100
89 100
88 100
88 100
87 100
86 100
85 100
84 100
83 100
83 100
82 100
81 99
80 99
79 99
78 99
77 98
76 98
75 98
75 98
74 98
73 97
72 97
71 97
70 96
69 96
68 96
67 95
66 95
66 95
65 95
64 94
63 94
62 94
61 94
60 93
59 93
