2 53
2 54
2 55
2 55
1 55
1 55
0 56
0 56
0 56
0 56
0 55
0 55
1 54
2 53
2 53
3 52
3 51
4 50
4 49
5 48
5 47
6 46
6 46
6 45
7 44
7 43
8 42
8 41
9 40
9 39
10 38
10 37
10 37
11 36
11 35
12 34
12 33
13 32
14 31
14 30
15 29
15 28
16 27
16 27
17 26
17 25
18 24
18 23
19 22
20 21
20 20
21 19
21 18
22 17
22 17
22 16
23 15
23 14
24 13
24 12
25 11
25 10
26 9
26 8
26 8
27 7
28 6
29 5
30 4
31 3
31 3
31 2
32 1
32 0
32 0
32 1
32 1
32 2
31 3
31 4
31 4
31 5
31 6
30 7
30 8
30 9
30 9
30 10
30 11
30 12
30 13
30 14
29 15
29 16
29 17
29 18
29 19
29 20
29 20
29 21
29 22
28 23
28 24
28 25
28 26
28 27
27 28
27 29
27 30
27 31
27 32
26 33
26 34
26 35
26 35
26 36
26 37
25 38
25 39
25 40
25 41
25 42
25 43
24 44
24 45
24 46
24 47
24 48
24 49
23 50
23 51
23 52
23 52
23 53
23 54
23 55
22 56
22 57
22 58
22 59
22 60
22 61
21 62
21 63
21 64
21 65
21 66
21 67
20 68
20 69
20 70
20 71
20 71
20 72
20 73
20 74
19 75
19 76
19 77
19 78
19 79
19 80
19 81
18 82
18 83
18 84
18 85
18 85
18 86
18 87
18 88
18 89
17 90
17 91
17 92
17 93
17 94
17 94
17 95
17 96
18 97
18 98
18 99
18 99
18 100
18 100
19 100
19 100
20 99
20 98
21 97
21 97
21 96
22 95
22 94
23 93
23 92
23 91
24 90
24 89
24 89
24 88
25 87
25 86
25 85
25 84
26 83
26 82
26 81
26 80
27 79
27 78
27 78
27 77
27 76
27 75
27 74
27 73
27 72
27 71
27 70
27 69
27 68
27 68
27 67
27 66
27 65
27 64
27 63
27 62
27 61
27 60
27 60
27 59
27 58
26 57
26 56
26 55
26 54
26 54
25 53
24 52
24 51
23 50
23 50
22 49
21 49
20 48
19 48
19 48
18 48
17 48
16 48
16 48
15 48
14 49
13 49
13 49
12 50
12 51
11 52
11 52
10 53
10 54
9 55
9 55
9 56
10 57
10 58
10 58
10 59
11 60
11 61
11 61
12 62
13 63
14 64
14 64
15 64
16 63
17 63
18 63
18 63
19 62
20 62
21 61
22 60
23 60
24 59
24 59
25 58
26 57
27 56
28 56
29 55
30 54
31 53
31 53
32 52
33 51
34 51
35 50
36 49
37 48
38 48
39 47
39 47
40 46
41 45
42 44
43 43
44 42
45 41
46 40
46 40
47 39
48 38
49 37
50 36
51 35
51 35
52 34
53 33
53 32
54 31
54 31
55 30
55 29
55 29
54 28
54 28
53 28
53 28
52 28
52 28
51 29
50 29
49 30
49 30
48 31
47 32
46 33
46 33
45 34
45 35
44 36
43 37
43 38
42 39
42 39
41 40
41 41
40 42
40 43
39 44
39 44
39 45
38 46
38 47
38 48
37 49
37 50
37 50
37 51
37 52
36 53
36 54
36 55
36 55
36 56
36 57
36 58
36 58
36 59
36 60
36 60
37 60
38 61
39 61
39 61
40 60
41 59
41 59
42 58
43 57
44 57
45 56
45 56
46 55
46 54
47 53
47 52
48 51
48 51
49 50
49 49
50 48
50 47
51 46
51 46
52 45
52 44
53 43
53 42
53 42
54 41
54 40
55 39
55 39
55 38
55 38
55 39
55 39
55 39
55 40
54 41
54 42
54 42
54 43
54 44
54 45
54 45
54 46
53 47
53 48
53 48
53 49
53 50
53 51
53 51
53 52
53 53
53 53
54 54
54 54
55 54
56 54
56 54
57 53
58 53
58 53
59 52
60 51
60 50
61 49
61 49
62 48
63 47
63 46
64 45
64 45
65 44
65 43
66 42
66 41
66 41
67 40
67 40
67 40
67 40
67 41
67 41
67 42
67 43
67 44
67 44
67 45
67 46
67 47
67 47
67 48
67 48
67 49
67 50
67 50
68 50
68 50
69 50
69 50
70 49
71 48
71 48
72 47
73 47
74 46
74 46
75 45
76 44
77 43
77 43
78 42
79 42
80 41
80 41
81 41
82 41
82 41
83 42
83 42
83 43
83 43
83 44
83 45
83 45
84 46
84 47
84 47
84 48
84 48
85 48
86 48
87 48
87 48
88 48
89 48
90 48
91 48
91 48
92 47
93 47
94 46
95 45
96 45
97 44
98 43
99 43
100 42
