1 48
1 49
0 50
0 51
0 52
0 52
0 52
0 52
0 51
0 51
1 50
1 49
2 48
2 47
2 47
3 46
3 45
4 44
5 43
5 42
6 41
6 41
6 40
7 39
7 38
8 37
8 36
9 35
9 34
10 33
10 32
10 32
11 31
11 30
12 29
13 28
13 27
14 26
15 25
15 24
16 23
16 23
17 22
17 21
18 20
19 19
20 18
20 17
21 16
22 15
22 14
23 13
23 13
24 12
25 11
26 10
27 9
28 8
29 7
29 7
30 6
30 5
31 4
31 3
32 2
32 2
33 1
34 0
34 0
34 0
34 1
34 1
34 2
34 3
34 4
34 4
34 5
34 6
34 7
33 8
33 9
33 10
33 11
33 11
33 12
33 13
33 14
33 15
32 16
32 17
32 18
32 19
32 20
32 21
32 21
32 22
32 23
32 24
31 25
31 26
31 27
31 28
31 29
31 30
31 31
31 32
30 33
30 34
30 35
30 36
30 36
30 37
30 38
30 39
30 40
29 41
29 42
29 43
29 44
29 45
29 46
29 47
29 48
28 49
28 50
28 51
28 52
28 53
28 53
28 54
28 55
28 56
28 57
27 58
27 59
27 60
27 61
27 62
27 63
27 64
27 65
27 66
26 67
26 68
26 69
26 70
26 71
26 71
26 72
26 73
26 74
25 75
25 76
25 77
25 78
25 79
25 80
25 81
24 82
24 83
24 84
24 85
24 85
24 86
24 87
24 88
23 89
23 90
23 91
23 92
23 93
23 93
23 94
24 95
24 96
24 97
24 97
24 98
25 99
25 100
25 100
26 100
26 100
26 100
26 99
26 98
26 97
26 97
26 96
26 95
26 94
25 93
25 92
25 91
25 90
25 90
25 89
24 88
24 87
24 86
24 85
23 84
23 83
23 82
23 82
23 81
22 80
22 79
21 78
21 77
20 76
20 75
20 75
19 74
18 73
17 73
16 72
15 71
15 71
14 70
13 70
12 69
12 69
11 69
10 68
9 68
8 68
8 68
7 68
6 68
5 68
5 68
4 69
4 69
4 69
4 70
4 70
5 71
6 71
7 72
7 72
8 73
9 73
10 74
10 74
11 74
12 74
13 74
14 74
15 74
16 74
16 74
17 74
18 73
19 73
20 72
21 72
22 71
23 71
23 71
24 70
25 70
26 69
27 69
28 68
29 68
30 67
30 67
31 66
32 65
33 65
34 64
35 63
36 62
37 62
38 61
38 61
39 60
40 59
41 58
42 58
43 57
44 56
44 56
45 55
46 54
47 54
48 53
49 52
49 52
50 51
50 50
51 49
51 49
52 49
52 49
51 49
51 49
50 48
50 48
49 48
48 48
47 48
47 48
46 48
45 49
44 49
44 49
43 50
42 50
41 51
41 51
40 52
39 53
39 54
38 55
38 55
37 56
37 57
36 58
36 59
35 60
35 60
35 61
34 62
34 63
34 64
33 65
33 66
33 66
33 67
33 68
33 69
33 70
33 71
33 71
33 72
34 73
34 74
34 74
35 75
36 76
36 76
37 76
38 77
39 77
39 77
40 76
41 76
42 75
43 75
43 75
44 74
45 73
46 72
47 71
47 71
48 70
48 69
49 68
49 67
50 66
50 66
51 65
52 64
52 63
53 62
54 61
54 61
54 60
55 59
55 58
55 58
54 57
54 56
54 56
53 56
53 56
53 56
52 57
52 57
52 58
52 58
52 59
52 60
52 60
52 61
52 62
52 62
53 63
53 64
53 64
54 64
55 64
56 64
56 64
57 64
58 63
59 63
59 63
60 62
61 61
62 60
62 60
63 59
64 58
65 58
66 57
66 57
67 56
68 55
69 54
69 54
70 53
71 53
71 53
72 53
72 53
72 53
72 54
72 54
71 55
71 55
71 56
71 57
71 57
71 58
71 59
71 60
71 60
72 61
72 61
73 62
73 62
74 63
74 63
75 62
76 62
76 62
77 62
78 61
79 61
79 61
80 60
81 59
82 58
82 58
83 57
84 57
84 57
85 57
85 57
86 57
86 57
86 57
87 58
87 58
87 59
87 59
88 60
88 60
89 60
90 60
91 60
91 60
92 60
93 59
94 59
94 59
95 58
96 58
97 57
98 57
99 56
100 56
