0 58
0 58
0 58
0 58
0 58
0 58
0 58
1 57
1 57
2 56
2 55
2 55
3 54
4 54
4 54
5 53
5 52
6 51
6 50
6 50
6 49
7 48
7 47
7 46
8 45
8 44
8 44
9 43
9 42
10 41
10 40
11 39
11 38
11 38
12 37
12 36
13 35
13 34
14 33
14 32
14 32
14 31
15 30
15 29
15 28
16 27
16 26
16 26
16 25
17 24
17 23
18 22
18 21
18 21
18 20
19 19
19 18
20 17
20 16
20 16
21 15
21 14
22 13
22 12
22 12
23 11
24 10
24 9
25 8
25 8
25 7
26 6
26 5
26 5
27 4
27 3
27 3
28 2
28 2
28 1
28 1
28 0
28 0
28 0
28 0
28 0
28 0
28 1
28 1
27 2
27 2
27 3
27 4
27 5
27 5
26 6
26 7
26 7
26 8
26 9
26 10
26 10
26 11
25 12
25 13
25 14
25 14
25 15
25 16
25 17
25 18
25 19
25 19
25 20
24 21
24 22
24 23
24 23
24 24
24 25
24 26
24 27
24 28
24 28
24 29
24 30
24 31
24 32
24 33
24 34
24 34
24 35
24 36
24 37
23 38
23 39
23 40
23 41
23 41
23 42
23 43
23 44
23 45
23 46
23 47
23 47
23 48
23 49
23 50
23 51
23 52
23 53
23 54
23 54
23 55
23 56
23 57
23 58
23 59
23 60
23 60
23 61
23 62
23 63
23 64
23 65
23 66
23 66
23 67
23 68
23 69
23 70
23 71
23 72
23 72
23 73
23 74
23 75
23 76
23 77
23 77
23 78
23 79
23 80
23 81
23 82
23 83
23 83
23 84
23 85
24 86
24 87
24 88
24 88
24 89
24 90
24 91
24 91
24 92
24 93
24 94
24 95
24 95
24 96
24 97
24 98
24 98
24 99
24 100
24 100
24 100
24 100
24 100
24 100
24 99
24 99
24 98
24 98
24 97
24 96
24 95
24 95
24 94
24 93
24 92
24 92
24 91
24 90
24 89
24 88
24 88
24 87
24 86
24 86
24 85
23 84
23 83
23 83
23 82
23 81
23 80
23 80
23 79
22 78
22 77
22 77
22 76
21 75
21 74
21 74
21 73
20 72
20 71
20 71
19 70
19 69
19 69
18 68
18 68
17 67
17 67
16 67
16 67
15 67
15 67
14 67
13 67
13 67
12 67
12 67
12 66
12 66
12 66
12 66
12 65
12 65
12 65
12 64
12 64
12 64
12 64
12 64
12 64
12 63
12 63
13 62
13 62
14 62
14 62
15 61
16 61
16 61
17 60
18 60
18 60
19 60
20 59
21 59
21 59
22 59
23 58
24 58
24 58
25 58
26 57
27 57
28 57
28 57
29 57
30 57
31 57
31 57
32 57
33 57
34 57
34 57
35 57
36 56
37 56
37 56
38 55
39 55
40 54
41 54
41 54
42 53
43 53
44 52
44 52
45 51
46 50
46 49
47 48
47 48
48 47
49 46
50 45
50 45
51 44
51 43
52 42
52 42
53 41
53 40
54 39
54 39
55 38
55 37
55 37
56 36
57 35
57 35
58 34
58 34
58 33
58 33
58 33
58 33
58 33
58 33
57 33
57 33
56 33
56 33
55 33
55 33
55 34
55 34
54 35
53 36
53 36
52 37
52 38
52 38
52 39
51 40
51 41
51 41
50 42
50 43
49 44
49 44
49 45
48 46
48 47
48 48
48 48
48 49
47 50
47 51
47 51
47 52
46 53
46 54
46 54
46 55
45 56
45 57
45 58
45 58
45 59
44 60
44 61
44 62
44 62
44 63
44 64
44 65
44 65
44 66
44 67
44 68
44 68
45 69
45 69
45 69
46 69
46 69
47 68
47 67
47 67
48 66
48 65
48 65
48 64
49 63
49 62
49 61
49 61
49 60
50 59
50 58
50 58
50 57
51 56
51 55
51 54
51 54
51 53
52 52
52 51
52 51
53 50
53 49
54 48
54 47
54 47
54 46
55 45
55 44
55 43
55 43
55 42
55 41
55 40
55 39
55 39
56 38
56 37
56 37
56 36
56 36
56 36
56 37
56 37
56 38
56 38
56 39
56 40
56 41
56 41
56 42
56 43
56 44
56 44
56 45
56 46
56 47
56 47
56 48
57 49
57 50
57 50
57 51
57 52
57 53
57 53
58 54
58 55
58 55
59 56
59 56
60 57
60 57
61 57
61 57
62 57
62 57
63 56
63 55
63 55
63 54
63 53
63 53
63 52
64 51
64 50
64 50
65 49
65 48
66 47
66 46
66 46
66 45
67 44
67 43
67 42
67 42
68 41
68 40
68 40
69 39
69 38
69 38
70 38
70 38
70 38
71 39
71 39
71 40
71 41
71 41
72 42
72 43
72 43
72 44
72 45
72 46
72 46
72 47
73 48
73 49
73 49
73 50
73 51
73 51
74 52
74 53
74 53
74 54
74 55
74 55
74 55
74 55
74 55
75 54
75 53
75 53
75 52
75 51
75 50
75 50
76 49
76 48
77 47
77 47
77 46
78 45
78 44
78 44
79 43
79 42
79 42
80 41
81 40
81 40
82 40
82 40
83 40
83 40
84 41
84 41
85 41
85 41
86 42
87 42
87 42
88 42
89 42
89 42
90 41
91 41
91 41
92 41
93 40
94 40
94 40
95 39
96 39
96 39
97 38
98 38
99 37
100 37
