0 58
0 57
0 56
0 56
1 55
1 54
2 53
2 53
3 52
3 51
4 50
4 49
4 49
4 48
5 47
5 46
5 45
6 44
6 43
6 43
7 42
7 41
8 40
8 39
9 38
9 37
10 36
10 36
11 35
11 34
12 33
12 32
13 31
13 30
14 29
14 29
15 28
15 27
16 26
16 25
17 24
17 23
18 22
18 21
18 21
19 20
19 19
20 18
21 17
21 16
22 15
22 15
23 14
23 13
24 12
24 11
25 10
25 9
25 9
26 8
27 7
27 6
28 5
28 5
29 4
29 3
30 2
30 2
31 1
31 1
32 0
32 0
32 0
32 0
32 1
32 1
32 1
32 1
31 2
31 3
31 3
31 4
31 5
31 6
31 6
31 7
30 8
30 9
30 9
30 10
29 11
29 12
29 13
29 13
29 14
29 15
28 16
28 17
28 18
28 18
28 19
28 20
27 21
27 22
27 23
27 24
27 24
27 25
27 26
26 27
26 28
26 29
26 30
26 30
26 31
26 32
26 33
26 34
26 35
26 36
26 36
26 37
26 38
26 39
25 40
25 41
25 42
25 43
25 44
25 44
25 45
25 46
24 47
24 48
24 49
24 50
24 50
24 51
24 52
24 53
24 54
24 55
24 56
24 57
24 57
24 58
24 59
24 60
23 61
23 62
23 63
23 64
23 64
23 65
23 66
23 67
23 68
23 69
23 70
23 71
23 72
23 72
23 73
23 74
22 75
22 76
22 77
22 78
22 78
22 79
21 80
21 81
21 81
21 82
21 83
21 84
21 85
21 86
21 86
21 87
21 88
21 89
21 90
21 91
21 92
21 92
21 93
21 94
21 95
21 95
21 96
21 97
21 97
21 98
21 99
21 99
21 100
21 100
21 100
21 100
21 100
22 100
22 100
22 99
22 99
22 98
22 97
22 96
22 96
22 95
23 94
23 93
23 92
23 92
23 91
23 90
23 90
24 89
24 88
24 88
24 87
24 86
24 85
24 85
24 84
24 83
24 83
24 82
24 82
24 81
24 80
24 80
24 79
24 78
24 78
23 77
23 76
23 76
22 75
22 74
22 74
21 73
21 72
21 72
20 71
20 70
20 70
19 69
19 68
19 68
18 67
17 66
17 66
16 65
16 65
15 65
15 65
14 64
14 64
13 64
13 64
12 63
12 63
12 63
12 62
12 62
12 62
12 63
12 63
12 63
12 62
12 62
13 62
13 62
14 61
15 61
15 61
16 60
16 59
17 58
17 58
18 58
19 57
20 57
20 57
21 56
22 56
22 56
23 56
24 56
24 56
25 56
26 55
27 55
27 55
28 55
29 54
30 54
30 54
31 54
32 53
33 53
33 53
34 52
35 52
35 52
36 52
37 51
38 51
38 51
39 50
40 50
40 50
41 49
42 48
42 48
43 47
43 46
44 45
44 44
44 44
45 43
45 42
46 41
46 40
46 40
47 39
47 38
48 37
48 37
49 36
49 35
49 35
50 34
50 33
50 33
50 33
49 33
49 33
49 34
49 34
49 34
48 35
48 35
47 36
47 37
47 37
46 38
46 39
45 40
45 40
44 41
44 42
43 43
43 43
43 44
43 45
42 46
42 47
42 48
42 48
42 49
41 50
41 51
40 52
40 53
40 53
40 54
39 55
39 56
39 57
39 57
39 58
38 59
38 60
38 61
38 61
38 62
38 63
38 64
38 65
38 65
38 66
38 67
38 67
39 68
39 68
39 68
39 68
40 67
40 66
40 66
41 65
41 64
41 64
42 63
42 62
43 61
43 60
43 60
43 59
44 58
44 57
44 56
44 56
45 55
45 54
46 53
46 53
46 52
47 51
47 50
47 49
47 49
48 48
48 47
49 46
49 45
49 45
49 44
49 43
49 42
49 42
50 41
50 40
50 40
51 39
51 38
51 38
51 38
51 39
51 39
51 40
51 40
51 41
51 42
51 42
51 43
51 44
51 45
51 46
51 46
51 47
51 48
51 49
51 50
51 50
51 51
51 52
51 52
52 53
52 54
52 54
52 54
53 55
53 55
53 56
53 56
54 56
54 56
55 56
55 56
56 55
56 54
56 54
57 53
57 52
57 52
58 51
58 50
58 50
58 49
58 48
59 47
59 46
59 45
59 45
59 44
60 43
60 42
60 41
60 41
60 40
60 39
61 38
61 37
61 36
61 36
62 35
62 34
63 33
63 33
63 32
63 32
64 32
64 32
65 32
65 32
65 32
65 33
65 33
65 34
65 35
65 36
65 36
65 37
65 38
65 39
65 40
65 41
65 41
65 42
65 43
65 44
65 45
65 46
65 47
65 48
65 48
65 49
65 50
65 51
65 52
65 53
65 53
65 54
65 55
65 56
65 56
65 57
65 58
65 58
65 59
65 60
65 60
65 60
65 60
65 59
65 59
65 58
66 57
66 56
66 56
66 55
67 54
67 53
68 52
68 51
68 51
68 50
69 49
69 48
70 47
70 46
70 46
70 45
71 44
71 43
72 42
72 41
72 41
73 40
73 39
74 38
74 37
74 37
75 36
75 35
75 35
76 34
76 33
76 33
77 33
77 33
78 34
78 34
79 35
79 36
80 37
80 37
80 38
81 39
81 40
81 40
82 41
83 42
83 42
84 43
85 44
85 44
86 45
87 46
87 46
88 46
89 46
89 46
90 45
91 45
91 45
92 44
93 44
93 44
94 43
95 42
95 41
96 40
96 40
97 39
97 38
98 37
99 36
99 35
100 34
