0 44
0 44
0 44
0 44
0 44
0 44
0 43
0 42
0 41
0 41
1 40
1 39
2 38
2 38
2 37
3 36
3 35
4 34
4 33
4 33
5 32
5 31
6 30
6 29
7 28
7 27
7 27
8 26
8 25
9 24
9 23
10 22
10 21
10 21
11 20
11 19
12 18
12 17
13 16
13 15
13 15
14 14
14 13
15 12
15 11
16 10
16 10
17 9
18 8
18 7
19 6
19 6
20 5
20 4
21 3
21 3
22 2
22 2
23 1
23 1
24 0
24 0
24 0
24 0
24 1
24 1
24 2
23 3
23 4
23 5
23 5
23 6
22 7
22 8
22 9
21 10
21 11
21 11
21 12
21 13
20 14
20 15
20 16
20 17
20 18
20 19
19 20
19 21
19 22
19 23
19 23
19 24
19 25
18 26
18 27
18 28
18 29
18 30
17 31
17 32
17 33
17 34
17 35
16 36
16 37
16 38
16 38
16 39
16 40
15 41
15 42
15 43
15 44
15 45
15 46
14 47
14 48
14 49
14 50
14 51
14 52
13 53
13 54
13 55
13 56
13 56
13 57
13 58
12 59
12 60
12 61
12 62
12 63
11 64
11 65
11 66
11 67
11 68
10 69
10 70
10 71
10 71
10 72
9 73
9 74
9 75
8 76
8 77
8 78
7 79
7 80
7 81
6 82
6 83
6 83
6 84
5 85
5 86
5 87
4 88
4 89
4 90
4 91
3 92
3 93
3 93
3 94
3 95
2 96
2 97
2 98
2 98
2 99
2 100
2 100
2 100
3 100
3 100
4 100
5 100
5 100
6 100
7 99
8 99
8 99
9 98
10 98
11 97
11 97
12 96
12 95
13 94
13 93
13 93
13 92
14 91
14 90
14 89
15 88
15 87
15 87
15 86
16 85
16 84
16 83
16 82
17 81
17 80
17 79
17 79
17 78
17 77
17 76
17 75
18 74
18 73
18 72
18 71
18 70
18 70
18 69
18 68
18 67
19 66
19 65
19 64
19 63
19 62
19 62
19 61
19 60
19 59
20 58
20 57
20 56
20 55
20 54
20 54
20 53
20 52
21 51
21 50
21 49
21 48
21 48
21 47
21 46
21 46
21 45
21 44
21 43
21 43
20 42
20 42
19 41
19 41
18 40
17 40
17 40
16 40
15 40
14 40
14 40
13 40
12 40
11 40
10 40
10 40
9 41
8 41
7 42
7 42
6 42
5 43
4 43
4 43
3 44
3 45
3 45
2 46
2 46
2 46
3 46
3 46
3 46
4 47
4 47
5 48
6 48
7 49
7 49
8 49
9 49
10 49
10 49
11 49
12 49
13 49
13 49
14 49
15 48
16 48
16 48
17 47
18 46
19 46
20 45
20 45
21 44
22 44
23 43
24 43
24 43
25 43
26 43
27 43
27 43
28 43
29 43
29 43
30 43
31 43
32 43
32 43
33 42
33 42
34 41
35 41
35 41
36 40
36 39
36 39
37 38
37 37
37 37
37 36
38 35
38 34
38 34
38 33
39 32
39 31
39 31
39 30
39 29
39 29
39 28
39 27
39 27
39 26
39 25
39 25
39 24
39 23
39 22
39 22
39 21
39 20
39 19
39 19
39 18
38 17
38 16
38 16
38 15
38 15
37 15
37 15
36 15
36 15
35 16
35 17
35 17
34 18
34 19
33 20
33 21
33 21
33 22
33 23
32 24
32 25
32 26
32 27
32 27
32 28
31 29
31 30
30 31
30 32
30 32
30 33
30 34
30 35
30 35
30 36
30 37
30 38
30 39
30 39
30 40
30 41
30 42
30 42
30 43
31 44
31 45
31 45
32 46
32 46
33 47
34 47
34 47
35 46
36 46
36 46
37 45
38 45
39 44
39 44
40 43
40 42
41 41
41 40
41 40
42 39
42 38
43 37
43 36
43 36
43 35
44 34
44 33
45 32
45 31
45 31
45 30
46 29
46 28
46 27
46 27
46 26
47 25
47 24
47 24
48 23
48 23
48 23
48 24
48 24
48 24
48 25
48 25
47 26
47 27
47 27
47 28
47 29
47 29
47 30
47 31
47 32
47 32
46 33
46 34
46 34
46 35
46 36
46 36
47 36
47 36
47 36
48 37
48 37
49 36
50 36
50 36
51 35
52 34
52 34
53 33
53 32
54 31
54 31
55 30
56 29
56 29
57 28
58 27
58 27
59 26
60 26
60 26
61 25
61 25
62 26
62 26
63 27
63 27
63 28
63 28
63 29
63 30
63 30
63 31
63 31
64 31
64 31
64 31
64 31
65 30
65 30
66 30
66 30
67 29
67 28
67 28
68 28
68 28
69 27
70 27
70 27
71 27
72 27
72 27
73 27
74 27
74 27
75 27
75 27
76 27
76 27
77 27
77 27
77 27
77 27
78 28
78 28
78 29
78 29
79 30
80 31
80 31
81 32
81 33
81 33
81 34
82 35
82 36
82 36
83 36
84 37
85 37
85 37
86 36
87 36
87 36
88 35
89 34
89 34
90 33
90 32
91 31
91 30
92 29
92 28
92 28
93 27
94 26
94 25
95 24
96 23
96 23
97 22
98 21
98 20
99 19
100 18
