3 51
3 52
3 53
3 54
3 55
3 55
2 55
1 55
0 55
0 55
0 56
0 56
0 56
1 55
1 55
2 54
3 53
3 52
4 51
4 51
5 50
5 49
6 48
7 47
7 46
8 45
8 44
9 43
9 43
10 42
10 41
11 40
11 39
12 38
12 37
13 36
13 35
14 34
14 33
15 32
15 32
16 31
17 30
17 29
18 28
19 27
20 26
21 25
21 24
22 23
23 22
23 22
24 21
25 20
26 19
27 18
27 17
28 16
29 15
30 14
31 13
31 13
32 12
32 11
33 10
34 9
34 8
35 7
36 6
36 5
37 4
37 4
38 4
39 3
40 3
41 3
41 3
42 2
43 2
43 2
43 1
43 0
43 0
43 1
43 2
43 3
43 3
43 4
43 5
43 6
42 7
42 8
42 9
42 10
42 10
42 11
41 12
41 13
40 14
40 15
40 16
39 17
39 18
39 18
39 19
38 20
38 21
38 22
38 23
37 24
37 25
37 26
37 27
36 28
36 29
36 30
36 30
36 31
35 32
35 33
35 34
35 35
34 36
34 37
34 38
34 39
33 40
33 41
33 42
33 43
32 44
32 45
32 45
32 46
31 47
31 48
31 49
31 50
30 51
30 52
30 53
30 54
29 55
29 56
29 57
29 58
28 59
28 60
28 61
28 61
28 62
27 63
27 64
27 65
27 66
26 67
26 68
26 69
26 70
25 71
25 72
25 73
25 74
24 75
24 76
24 77
24 77
24 78
23 79
23 80
23 81
22 82
22 83
21 84
21 85
21 86
20 87
20 88
20 88
20 89
20 90
20 91
19 92
19 93
19 94
19 95
19 96
19 96
19 97
19 98
19 99
19 100
19 100
20 100
20 100
21 99
22 99
22 99
22 98
23 97
23 96
23 95
24 94
24 93
24 93
24 92
25 91
25 90
25 89
26 88
26 87
26 86
27 85
27 84
27 84
27 83
27 82
28 81
28 80
28 79
28 78
28 77
28 76
29 75
29 74
29 73
29 73
29 72
29 71
29 70
29 69
29 68
29 67
29 66
29 65
29 64
29 63
29 63
29 62
29 61
29 60
29 59
29 58
29 57
29 56
29 55
29 55
29 54
28 53
28 52
27 51
27 50
27 50
26 49
25 48
24 47
24 47
23 47
22 47
21 47
21 47
20 47
19 48
18 48
18 48
17 49
16 50
16 51
15 52
15 52
15 53
14 54
14 55
13 56
13 57
13 57
13 58
13 59
12 60
12 61
12 62
12 62
12 63
12 64
12 65
12 66
12 67
12 68
12 68
12 69
13 70
13 71
13 72
14 73
14 74
14 74
15 75
16 75
17 76
18 76
18 76
19 76
20 76
21 76
22 76
23 76
23 76
24 75
25 75
26 74
27 74
28 73
29 73
30 72
31 72
31 72
32 71
33 71
34 70
35 69
36 69
37 68
38 67
39 67
40 66
40 66
41 65
42 64
43 63
44 62
45 62
46 61
47 60
48 59
49 58
49 58
50 57
51 56
52 55
53 55
54 54
55 53
56 52
56 52
57 51
58 50
59 49
60 48
61 47
61 47
62 46
63 45
63 44
64 43
64 43
64 42
64 41
64 41
63 40
62 39
62 39
61 39
60 39
60 39
59 39
58 39
57 39
57 39
56 40
55 41
54 42
54 42
53 43
52 44
52 45
51 46
50 47
50 47
49 48
49 49
48 50
48 51
47 52
47 52
47 53
46 54
46 55
46 56
45 57
45 58
45 58
44 59
44 60
43 61
43 62
43 62
43 63
43 64
43 65
43 66
43 66
44 67
45 68
45 68
46 69
47 69
47 69
48 68
49 68
50 67
51 67
51 67
52 66
53 65
54 64
55 63
55 63
56 62
57 61
58 60
59 59
60 58
60 58
61 57
62 56
63 55
63 55
64 54
65 54
65 54
65 54
65 54
65 55
65 55
65 56
65 56
65 57
65 58
65 58
66 59
66 59
67 60
67 61
67 61
68 62
68 62
69 62
70 63
71 63
71 63
72 63
73 62
74 62
74 62
75 62
76 61
77 61
78 61
78 61
79 61
80 61
81 60
82 60
83 60
83 60
84 60
85 59
86 59
87 59
87 59
88 59
89 59
90 59
90 59
91 59
92 59
93 59
93 59
94 59
95 59
96 59
96 59
97 58
98 58
99 57
100 57
