5 39
4 40
4 41
3 42
3 43
2 44
2 44
2 45
1 46
1 47
1 47
0 48
0 49
0 49
0 50
0 51
0 51
0 51
0 50
0 50
1 49
1 48
2 47
2 47
3 46
3 45
4 44
4 43
5 42
5 41
5 41
6 40
6 39
7 38
7 37
8 36
8 35
9 34
9 33
10 32
10 31
10 31
11 30
11 29
12 28
12 27
13 26
13 25
14 24
14 23
15 22
15 22
16 21
16 20
17 19
18 18
18 17
19 16
19 15
20 14
20 14
21 13
21 12
22 11
23 10
23 9
24 8
24 7
25 6
25 6
26 5
27 4
27 3
28 2
28 2
29 1
30 0
30 0
30 1
30 1
30 2
29 3
29 4
29 4
29 5
28 6
28 7
28 8
28 9
27 10
27 11
27 11
27 12
27 13
27 14
27 15
26 16
26 17
26 18
26 19
26 20
26 20
26 21
26 22
25 23
25 24
25 25
25 26
25 27
24 28
24 29
24 30
24 31
24 32
23 33
23 34
23 35
23 35
23 36
23 37
22 38
22 39
22 40
22 41
22 42
21 43
21 44
21 45
21 46
21 47
21 48
20 49
20 50
20 51
20 51
20 52
20 53
19 54
19 55
19 56
19 57
19 58
19 59
18 60
18 61
18 62
18 63
18 64
18 65
17 66
17 67
17 68
17 69
17 69
17 70
17 71
17 72
16 73
16 74
16 75
16 76
16 77
16 78
15 79
15 80
15 81
15 82
15 82
15 83
15 84
15 85
15 86
14 87
14 88
14 89
14 90
14 91
14 91
14 92
14 93
14 94
14 95
14 96
14 97
14 98
14 98
15 99
15 100
15 100
16 100
17 100
17 100
18 99
19 98
19 98
19 97
20 96
20 95
20 94
20 93
21 92
21 91
21 91
21 90
21 89
22 88
22 87
22 86
22 85
23 84
23 83
23 82
23 82
23 81
23 80
23 79
23 78
23 77
24 76
24 75
24 74
24 73
24 72
24 71
24 70
24 70
24 69
24 68
24 67
24 66
24 65
24 64
24 63
24 62
24 61
24 60
24 60
24 59
24 58
24 57
23 56
23 55
23 54
23 53
23 53
23 52
22 51
22 50
21 49
21 48
21 48
20 48
19 47
18 47
17 47
17 47
16 47
15 47
14 47
14 47
13 47
12 48
11 48
11 48
10 49
10 50
9 51
9 51
8 52
8 53
7 54
7 55
7 55
7 56
7 57
7 58
7 59
7 59
7 60
8 61
8 62
9 63
9 64
9 64
10 65
10 66
11 67
11 68
11 68
12 68
13 69
14 69
15 69
15 69
16 69
17 69
18 69
19 68
20 68
21 68
22 68
22 68
23 67
24 67
25 66
26 65
27 65
28 64
29 64
30 63
30 63
31 62
32 61
33 61
34 60
35 59
36 58
37 58
38 57
38 57
39 56
40 55
41 55
42 54
43 53
44 52
45 52
46 51
46 51
47 50
48 49
49 48
50 48
51 47
52 46
53 45
53 45
54 44
54 43
55 42
56 41
57 40
57 39
58 38
58 38
59 37
59 36
60 35
60 35
60 34
60 33
60 33
59 32
58 32
58 32
57 32
56 33
55 33
55 33
54 33
53 34
52 34
51 34
51 34
50 35
49 36
48 37
47 38
47 38
46 39
45 40
45 41
44 42
44 42
43 43
43 44
42 45
42 46
41 47
41 47
41 48
41 49
40 50
40 51
40 52
40 52
40 53
40 54
40 55
40 55
40 56
40 57
40 57
41 57
42 58
43 58
43 58
44 58
45 57
46 57
46 57
47 57
48 56
49 56
50 55
51 55
51 55
52 54
53 53
54 52
55 51
55 51
56 50
57 49
58 48
58 48
59 47
60 46
61 45
61 45
62 44
62 43
62 43
63 43
63 43
63 43
63 44
63 45
63 45
63 46
63 46
63 47
63 48
63 48
62 49
62 50
62 50
63 51
63 52
63 52
64 52
64 52
65 52
66 52
67 52
67 52
68 52
69 51
70 51
70 51
71 50
72 50
73 49
73 49
74 48
75 47
76 47
77 46
77 46
78 45
79 45
79 45
80 44
81 44
81 44
81 45
81 45
82 46
82 46
82 47
82 48
82 48
82 49
82 49
83 50
83 50
84 50
85 50
85 50
86 49
87 49
87 49
88 49
89 49
90 48
91 48
92 48
93 48
93 48
94 47
95 47
96 46
97 45
98 44
99 44
100 43
