2 58
2 59
2 60
2 61
2 61
1 62
0 62
0 62
0 63
0 63
0 62
0 62
0 61
1 60
1 59
1 58
1 58
2 57
2 56
3 55
4 54
4 53
5 52
5 52
5 51
6 50
6 49
7 48
7 47
8 46
8 45
8 44
9 43
9 42
10 41
10 40
10 40
11 39
11 38
12 37
12 36
13 35
13 34
14 33
14 32
15 31
15 30
16 29
16 29
17 28
17 27
18 26
18 25
19 24
20 23
20 22
21 21
21 20
22 19
22 18
23 17
23 17
24 16
25 15
25 14
26 13
27 12
28 11
28 10
29 9
29 9
30 8
31 7
32 6
33 5
34 4
34 4
34 3
35 2
35 1
35 0
35 0
36 0
36 0
36 1
35 2
35 3
35 3
35 4
34 5
34 6
34 7
34 7
34 8
33 9
33 10
33 11
33 12
32 13
32 14
32 15
32 15
32 16
32 17
31 18
31 19
31 20
31 21
30 22
30 23
30 24
30 25
29 26
29 27
29 28
29 28
29 29
29 30
29 31
28 32
28 33
28 34
28 35
28 36
28 37
28 38
28 39
27 40
27 41
27 42
27 43
27 43
27 44
27 45
26 46
26 47
26 48
26 49
26 50
26 51
25 52
25 53
25 54
25 55
25 56
25 57
24 58
24 59
24 60
24 60
24 61
24 62
24 63
23 64
23 65
23 66
23 67
23 68
23 69
23 70
22 71
22 72
22 73
22 74
22 74
22 75
22 76
22 77
22 78
22 79
22 80
21 81
21 82
21 83
21 84
21 85
21 86
21 87
21 87
21 88
21 89
21 90
21 91
21 92
21 93
21 94
21 95
21 96
21 96
21 97
22 98
22 99
22 100
22 100
23 100
23 100
24 99
24 99
24 98
25 97
25 96
26 95
26 94
26 94
26 93
27 92
27 91
27 90
27 89
28 88
28 87
28 86
28 86
28 85
28 84
28 83
28 82
29 81
29 80
29 79
29 78
29 77
29 76
29 76
29 75
29 74
29 73
29 72
29 71
29 70
29 69
29 68
29 67
29 66
29 66
29 65
29 64
29 63
28 62
28 61
28 60
28 59
28 59
28 58
27 57
27 56
26 55
26 54
26 54
25 53
24 52
23 51
23 51
22 51
21 51
20 51
20 51
19 51
18 51
17 51
17 51
16 52
15 52
14 53
14 53
13 54
13 55
12 56
12 56
12 57
11 58
11 59
11 60
11 60
11 61
12 62
12 63
12 64
12 64
13 65
14 66
14 66
15 66
16 67
17 67
17 67
18 67
19 66
20 66
21 66
22 65
23 65
23 65
24 64
25 64
26 63
27 62
28 61
29 61
30 60
30 60
31 59
32 58
33 57
34 57
35 56
36 55
37 54
37 54
38 53
39 52
40 51
41 50
42 49
43 48
44 47
44 47
45 46
45 45
46 44
47 43
47 42
48 41
48 41
49 40
49 39
50 38
50 37
51 36
51 36
51 35
52 34
52 33
52 33
52 32
52 32
51 32
51 32
50 32
49 32
48 32
48 32
47 33
47 34
46 35
46 35
45 36
44 37
44 38
43 39
43 39
42 40
42 41
41 42
41 43
40 44
40 44
40 45
40 46
39 47
39 48
39 49
39 49
39 50
39 51
39 52
39 52
39 53
40 54
40 55
40 55
41 56
41 56
42 57
43 57
43 57
44 57
45 56
46 56
47 55
48 55
48 55
49 54
50 53
51 53
52 52
52 52
53 51
54 50
54 49
55 48
55 48
56 47
57 46
57 45
58 44
58 44
59 43
60 43
60 43
61 43
61 43
60 43
60 43
60 43
60 44
60 44
59 45
59 46
59 46
59 47
59 48
59 48
59 49
59 50
59 51
59 51
60 52
60 52
61 52
61 52
62 52
63 52
64 52
64 52
65 52
66 51
67 51
68 51
68 51
69 50
70 49
71 49
72 48
72 48
73 47
74 46
75 45
76 44
77 43
77 43
78 42
79 41
80 41
81 40
81 40
82 39
83 39
84 38
85 38
85 38
86 38
86 38
87 39
87 39
87 40
87 40
88 41
88 42
88 42
88 43
88 43
89 43
90 43
90 43
91 42
92 42
93 41
93 41
94 40
95 40
96 39
97 38
98 37
99 37
100 36
