17 31
18 32
18 33
18 33
17 33
16 33
16 33
16 34
16 34
15 35
15 35
14 36
14 36
13 36
13 36
12 36
12 36
11 36
10 36
10 36
9 35
8 35
8 35
7 34
6 34
6 34
5 34
4 33
3 33
3 33
2 32
1 32
1 32
0 31
0 31
0 30
0 30
1 29
1 29
2 28
3 27
4 26
4 26
5 25
6 24
7 23
7 23
8 22
8 21
9 20
9 19
10 18
10 18
11 17
12 16
12 15
13 14
13 14
14 13
15 12
15 11
16 10
16 10
16 9
17 8
17 7
18 6
18 5
18 5
19 4
20 3
20 3
21 2
22 1
22 1
22 0
22 0
23 0
23 0
23 1
23 1
24 2
24 3
24 3
24 4
23 5
23 6
23 6
23 7
23 8
23 9
23 10
23 10
23 11
22 12
22 13
22 14
22 15
21 16
21 17
21 18
21 18
21 19
21 20
21 21
21 22
20 23
20 24
20 25
20 26
20 27
20 28
20 28
20 29
20 30
20 31
19 32
19 33
19 34
19 35
19 36
19 37
18 38
18 39
18 40
18 41
18 41
18 42
18 43
18 44
17 45
17 46
17 47
17 48
17 49
17 50
17 51
16 52
16 53
16 54
16 55
16 55
16 56
16 57
16 58
16 59
16 60
16 61
15 62
15 63
15 64
15 65
15 66
15 67
15 68
15 69
15 69
15 70
15 71
14 72
14 73
14 74
14 75
13 76
13 77
13 78
13 79
12 80
12 81
12 82
12 82
12 83
12 84
12 85
12 86
11 87
11 88
11 89
11 90
11 91
11 91
11 92
10 93
10 94
10 95
10 96
9 97
9 98
9 98
8 99
8 100
8 100
7 100
7 100
6 99
5 99
5 99
4 98
3 97
2 96
2 96
1 95
1 94
0 93
0 93
0 92
0 91
0 90
0 90
1 89
1 88
2 87
3 86
3 85
4 84
4 83
5 82
6 81
6 80
7 79
8 78
8 77
9 76
9 75
10 74
11 73
11 72
12 71
13 70
13 69
14 68
14 67
15 66
16 65
16 64
17 63
18 62
18 61
19 60
19 59
20 58
21 57
21 56
22 55
23 54
23 53
24 52
24 51
25 50
26 49
26 48
27 47
28 46
28 45
29 44
29 43
30 42
31 41
31 40
32 39
32 39
31 40
31 41
31 41
30 42
30 42
30 43
30 44
30 44
30 45
30 46
30 47
30 47
30 48
30 49
30 50
30 51
30 51
30 52
31 53
31 54
31 55
31 55
31 56
31 57
31 58
31 58
31 59
32 60
32 61
32 62
32 62
33 63
33 64
33 64
33 64
34 64
34 64
35 63
35 62
35 62
35 61
36 60
36 59
36 59
37 58
37 57
38 56
38 55
38 55
39 54
39 53
40 52
40 51
40 51
40 50
41 49
41 48
42 47
42 46
42 46
42 45
43 44
43 43
44 42
44 41
44 41
44 40
44 39
45 38
45 37
45 36
45 36
45 35
46 34
46 33
46 32
46 32
46 31
47 30
47 29
47 29
47 29
47 29
48 30
49 31
50 32
51 33
52 34
53 35
53 36
54 37
55 38
56 39
57 40
58 41
58 41
58 42
58 43
58 43
58 43
58 42
58 42
59 41
59 41
60 40
60 39
60 39
60 38
60 38
61 37
61 36
61 36
61 35
61 35
60 34
60 34
59 34
59 34
58 35
58 35
57 36
56 36
56 36
55 37
54 38
54 38
53 39
53 40
52 41
52 41
52 42
51 43
51 44
51 45
51 45
50 46
50 47
49 48
49 48
49 49
49 50
48 51
48 52
48 53
48 53
48 54
47 55
47 56
47 57
47 57
47 58
47 59
47 60
47 60
48 61
48 61
49 61
49 61
50 60
51 60
51 60
52 59
53 58
54 57
54 57
55 56
55 55
56 54
56 53
56 53
57 52
57 51
58 50
58 50
58 49
59 48
59 47
60 46
60 45
60 45
61 44
61 43
62 42
62 42
62 41
62 40
62 40
62 40
62 40
61 41
61 42
61 42
61 43
61 44
61 45
61 45
61 46
60 47
60 48
60 48
61 49
61 50
61 50
62 51
62 51
63 52
63 52
64 52
65 52
65 52
66 52
67 52
68 52
68 52
69 52
70 52
70 52
71 52
71 52
72 51
73 51
73 51
74 50
74 50
75 49
76 48
76 48
77 47
77 46
77 46
77 45
77 44
77 44
78 44
78 44
78 45
78 45
78 46
78 47
78 47
79 48
80 49
80 49
81 50
81 51
82 52
82 52
83 52
84 51
85 51
86 51
86 51
87 50
88 49
89 48
90 47
91 46
92 45
92 45
93 44
94 43
95 42
96 41
96 40
97 39
98 38
99 37
100 36
