22 47
23 46
23 45
23 45
24 44
24 44
24 43
24 43
24 43
24 43
23 43
23 43
22 43
21 43
21 43
20 43
19 44
18 44
18 44
17 44
16 45
15 45
15 45
14 45
13 45
12 45
11 45
11 45
10 45
9 45
9 45
8 44
7 44
7 44
7 43
7 42
7 41
7 40
7 39
7 39
7 38
8 37
8 36
8 35
9 34
9 33
9 33
9 32
9 31
10 30
10 29
10 28
10 27
11 26
11 25
11 24
11 24
12 23
12 22
13 21
14 20
14 19
15 18
15 17
16 16
16 16
17 15
17 14
18 13
18 12
19 11
19 10
20 9
20 9
21 8
21 7
22 6
23 5
23 4
24 3
24 3
25 2
26 1
27 0
27 0
28 1
29 1
29 1
29 2
30 3
30 4
30 4
30 5
30 6
30 7
29 8
29 9
29 10
29 11
29 12
29 12
29 13
29 14
29 15
29 16
29 17
28 18
28 19
28 20
28 21
28 22
28 23
28 24
28 24
28 25
28 26
27 27
27 28
27 29
27 30
26 31
26 32
26 33
26 34
26 35
25 36
25 37
25 38
25 38
25 39
25 40
24 41
24 42
24 43
24 44
24 45
23 46
23 47
23 48
23 49
23 50
22 51
22 52
22 53
22 53
22 54
21 55
21 56
21 57
21 58
20 59
20 60
20 61
20 62
19 63
19 64
19 65
19 66
18 67
18 68
18 68
18 69
17 70
17 71
17 72
16 73
16 74
16 75
15 76
15 77
15 78
14 79
14 80
14 80
14 81
13 82
13 83
12 84
12 85
12 86
11 87
11 88
10 89
10 90
10 90
9 91
9 92
8 93
8 94
7 95
7 96
6 97
6 97
5 98
4 99
3 100
3 100
2 100
2 100
1 99
0 98
0 98
0 97
0 96
0 95
0 94
0 93
0 92
0 91
0 91
0 90
0 89
0 88
1 87
1 86
1 85
1 84
1 83
1 82
1 81
2 80
2 79
2 78
2 77
2 77
2 76
3 75
3 74
3 73
3 72
4 71
4 70
4 69
5 68
5 67
5 66
5 65
6 64
6 63
6 62
6 61
7 60
7 59
7 59
7 58
8 57
8 56
9 55
9 54
10 53
10 52
11 51
11 50
12 49
12 48
12 47
13 46
13 45
14 44
14 43
15 42
15 41
16 40
16 39
16 39
17 39
18 40
19 40
20 41
21 41
22 41
23 42
24 42
25 42
26 43
27 43
28 44
29 44
30 44
31 45
32 45
32 45
32 44
32 43
32 42
32 41
32 41
32 40
32 40
32 40
31 40
31 40
31 41
31 42
31 43
31 43
31 44
31 45
30 46
30 47
30 48
30 49
30 49
30 50
30 51
30 52
29 53
29 54
29 55
29 56
29 56
29 57
29 58
29 59
29 60
29 61
29 62
29 62
29 63
30 64
30 65
30 66
30 66
31 67
31 68
31 68
32 67
33 67
33 67
34 66
35 65
36 64
36 64
36 63
37 62
37 61
38 60
38 59
38 58
39 57
39 56
39 56
40 55
40 54
41 53
41 52
42 51
42 50
43 49
43 49
43 48
44 47
44 46
44 45
44 44
45 43
45 42
45 42
45 43
45 44
45 45
45 46
46 47
46 48
46 49
46 50
46 51
46 52
46 53
46 54
46 55
46 56
47 57
47 58
47 59
47 60
47 61
47 62
47 62
48 62
49 61
50 61
51 60
52 60
52 60
52 59
52 58
52 58
52 57
53 56
53 55
53 55
53 54
53 53
53 52
53 51
53 51
53 50
53 49
53 48
53 48
53 47
52 46
52 45
52 45
52 44
52 43
52 43
51 42
50 42
50 42
49 42
49 42
48 43
47 44
47 44
46 45
46 46
46 46
45 47
45 48
44 49
44 50
44 50
44 51
44 52
44 53
44 54
44 55
44 55
44 56
44 57
44 58
44 58
44 59
44 60
44 60
45 61
46 61
46 61
47 61
48 61
49 61
49 61
50 60
51 59
52 58
52 58
53 57
53 56
54 55
54 54
54 54
55 53
56 52
56 51
57 50
57 50
58 49
58 48
58 48
58 47
58 47
58 48
58 48
58 48
57 49
57 50
57 50
57 51
56 52
56 53
56 53
56 54
56 55
56 56
56 56
56 57
56 58
56 58
56 58
57 58
58 58
58 58
59 57
59 56
60 55
60 54
61 53
61 52
62 51
63 50
63 49
64 48
64 47
65 46
65 45
66 44
67 43
67 42
68 41
68 40
69 39
69 38
70 37
70 37
70 38
70 39
69 40
69 41
69 42
69 42
68 43
68 44
67 45
67 45
67 46
66 47
66 48
65 49
65 50
65 50
65 51
64 52
64 53
64 54
64 55
63 56
63 57
63 57
63 58
63 59
62 60
62 61
62 62
62 62
62 63
62 64
62 65
62 65
63 66
63 66
63 67
63 67
64 66
65 65
65 65
66 64
67 63
67 62
68 61
68 61
69 60
69 59
70 58
70 57
71 56
71 56
72 55
72 54
73 53
73 52
74 51
74 51
75 50
75 49
76 48
76 48
77 47
78 47
78 47
78 48
78 48
78 49
79 50
79 51
79 51
80 52
80 53
81 54
81 54
82 55
82 56
83 57
83 58
83 58
84 58
85 58
86 58
87 58
88 58
88 58
89 58
90 58
91 57
92 57
93 57
94 57
95 57
96 57
97 56
98 56
99 56
100 56
