15 53
15 53
14 54
14 54
13 55
13 55
12 56
11 57
11 57
10 58
9 59
9 59
8 59
7 60
6 60
6 60
5 60
4 60
4 60
3 60
2 60
2 60
1 59
1 58
1 58
1 57
1 56
1 55
1 54
1 53
1 53
1 52
2 51
2 50
2 49
2 48
3 47
3 46
3 46
3 45
4 44
4 43
5 42
5 41
6 40
6 39
7 38
7 37
7 37
7 36
8 35
8 34
9 33
9 32
9 31
10 30
10 29
11 28
11 27
11 27
12 26
12 25
13 24
13 23
14 22
14 21
15 20
15 19
16 18
16 17
17 16
17 16
18 15
18 14
19 13
20 12
20 11
21 10
21 9
22 8
22 8
23 7
24 6
25 5
26 4
27 3
27 3
28 2
28 1
29 0
29 0
30 1
30 1
30 2
31 3
31 4
31 5
31 5
31 6
31 7
31 8
30 9
30 10
30 11
30 12
30 12
30 13
30 14
30 15
30 16
30 17
30 18
29 19
29 20
29 21
29 22
29 23
29 24
29 25
29 26
29 26
29 27
29 28
28 29
28 30
28 31
28 32
27 33
27 34
27 35
27 36
26 37
26 38
26 39
26 40
25 41
25 42
25 43
25 43
25 44
25 45
24 46
24 47
24 48
24 49
24 50
23 51
23 52
23 53
23 54
22 55
22 56
22 57
22 58
22 59
21 60
21 61
21 62
21 62
21 63
20 64
20 65
20 66
19 67
19 68
19 69
18 70
18 71
18 72
17 73
17 74
17 75
16 76
16 77
16 77
16 78
15 79
15 80
14 81
14 82
14 83
13 84
13 85
12 86
12 87
12 87
12 88
11 89
11 90
10 91
10 92
9 93
9 94
9 94
8 95
7 96
7 97
6 98
5 99
5 99
4 100
3 100
3 100
2 99
1 99
1 99
1 98
1 97
0 96
0 95
0 94
0 94
0 93
0 92
0 91
0 90
0 89
0 88
0 87
0 86
0 85
0 84
0 84
0 83
0 82
0 81
0 80
0 79
0 78
0 77
0 76
0 75
0 74
0 73
0 72
0 72
0 71
1 70
1 69
1 68
2 67
2 66
2 65
2 64
3 63
3 62
3 61
4 60
4 59
4 59
5 59
6 59
7 59
8 59
9 59
10 59
11 59
12 59
13 59
14 60
15 60
16 60
17 60
18 60
19 60
20 60
21 60
22 60
23 60
23 60
23 59
23 58
23 57
23 56
23 56
23 55
23 55
23 55
24 56
24 56
24 57
24 58
24 59
24 59
24 60
24 61
24 62
24 63
24 64
24 64
24 65
24 66
24 67
24 68
24 69
24 70
24 70
24 71
25 72
25 73
25 73
26 74
26 74
27 74
28 74
28 74
29 73
29 72
30 71
30 71
31 70
32 69
32 68
33 67
34 66
34 66
34 65
35 64
35 63
35 62
36 61
36 60
36 59
37 58
37 57
37 57
38 56
38 55
39 54
39 53
40 52
40 51
40 51
40 52
41 53
41 54
41 55
42 56
42 57
42 58
43 59
43 60
43 60
44 61
45 62
46 62
47 63
48 64
48 64
49 64
49 64
49 64
49 63
49 63
49 62
49 62
49 61
49 60
49 60
48 59
48 58
48 58
47 57
47 56
47 56
46 55
45 55
45 55
44 56
43 56
43 56
42 57
41 58
41 58
40 59
40 60
39 61
39 61
39 62
38 63
38 64
38 65
38 65
38 66
38 67
38 68
38 69
38 69
38 70
38 71
38 71
39 72
40 72
40 72
41 72
42 72
42 72
43 71
44 70
45 70
46 69
46 69
47 68
48 67
49 66
50 65
50 65
51 64
52 63
52 62
53 61
53 61
54 60
54 59
55 58
55 58
55 57
55 57
55 57
54 58
54 59
54 59
53 60
53 61
53 61
53 62
53 63
53 64
53 64
52 65
52 66
52 66
52 67
52 68
52 69
52 69
53 70
53 70
54 70
55 70
55 70
56 70
57 70
57 70
58 69
59 69
60 68
60 68
61 67
62 66
62 66
63 65
63 64
64 63
64 62
64 62
65 61
66 60
66 60
66 60
65 60
65 60
64 61
64 62
64 62
63 63
62 63
62 63
62 64
61 65
61 66
61 66
61 67
61 68
61 69
61 69
61 70
61 71
61 71
62 72
62 73
62 73
63 73
64 73
65 73
65 73
66 72
67 72
68 71
69 71
69 71
70 70
71 70
72 69
73 68
74 67
75 67
76 66
76 66
77 65
78 64
79 64
80 63
81 62
82 61
83 60
84 59
85 59
86 58
87 57
87 57
88 56
89 56
90 55
91 54
92 54
93 53
94 52
95 51
96 51
97 50
98 49
99 49
100 48
