23 50
24 49
24 49
24 49
23 50
23 51
23 51
23 52
23 53
23 53
22 54
22 55
21 56
21 57
21 57
20 58
20 59
19 60
19 60
18 61
17 62
17 62
16 62
16 62
15 62
15 62
14 61
14 60
14 60
14 59
14 58
14 57
14 57
14 56
14 55
14 54
14 53
14 52
14 52
14 51
14 50
14 49
14 48
15 47
15 46
15 45
15 44
15 43
15 43
15 42
16 41
16 40
16 39
16 38
17 37
17 36
17 35
17 34
18 33
18 32
18 32
18 31
19 30
19 29
19 28
20 27
20 26
21 25
21 24
21 23
22 22
22 21
22 21
22 20
23 19
23 18
24 17
24 16
25 15
25 14
26 13
26 12
26 12
26 11
27 10
27 9
28 8
28 7
28 6
29 5
29 4
29 4
30 3
30 2
31 1
31 1
31 0
31 0
32 1
32 2
32 2
32 3
31 4
31 5
31 6
31 6
31 7
31 8
31 9
31 10
31 11
31 12
31 13
31 14
31 15
31 15
31 16
31 17
30 18
30 19
30 20
30 21
30 22
30 23
29 24
29 25
29 26
29 27
29 27
29 28
29 29
28 30
28 31
28 32
28 33
28 34
27 35
27 36
27 37
27 38
27 39
27 40
26 41
26 42
26 43
26 43
26 44
25 45
25 46
25 47
25 48
24 49
24 50
24 51
24 52
23 53
23 54
23 55
23 56
22 57
22 58
22 59
22 59
22 60
21 61
21 62
21 63
21 64
20 65
20 66
20 67
19 68
19 69
19 70
19 71
18 72
18 73
18 73
18 74
17 75
17 76
17 77
16 78
16 79
16 80
15 81
15 82
15 83
14 84
14 85
14 85
14 86
13 87
13 88
12 89
12 90
12 91
11 92
11 93
10 94
10 95
10 95
9 96
8 97
8 98
7 99
7 99
6 99
5 100
4 100
4 100
3 99
2 99
1 98
1 98
1 97
1 96
1 95
0 94
0 93
0 92
0 91
0 90
0 90
1 89
2 89
3 88
4 88
5 87
6 87
7 86
8 86
9 85
10 85
11 84
12 84
13 83
14 83
15 82
16 82
17 81
18 81
19 80
20 80
21 79
22 79
23 78
24 78
25 77
26 77
27 76
28 76
29 75
30 75
31 74
32 74
33 73
34 73
35 72
36 72
37 71
38 71
39 70
40 70
41 69
42 69
43 68
44 68
45 67
46 67
47 66
48 66
49 65
50 65
51 64
51 64
50 63
49 63
48 62
47 62
46 61
45 60
44 60
43 59
42 58
41 58
40 57
39 57
38 56
37 55
36 55
35 54
34 54
33 53
33 53
33 52
33 51
34 50
34 49
34 48
34 48
34 47
34 47
34 47
34 48
34 48
34 49
33 50
33 51
33 52
33 52
33 53
33 54
33 55
33 56
33 57
33 58
33 59
33 59
33 60
33 61
32 62
32 63
32 64
32 65
32 65
32 66
32 67
32 68
32 69
32 70
32 70
32 71
32 72
32 73
32 74
32 74
33 75
33 75
34 75
34 75
35 74
36 74
36 74
36 73
37 72
37 71
38 70
38 69
38 69
38 68
39 67
39 66
40 65
40 64
41 63
41 62
41 62
41 61
42 60
42 59
43 58
43 57
43 56
44 55
44 54
44 54
45 53
45 52
46 51
46 50
47 49
47 49
47 50
47 51
47 52
46 53
46 54
46 55
46 56
46 57
46 58
45 59
45 60
45 61
45 62
45 63
45 64
44 65
44 66
44 67
44 68
44 68
45 69
45 70
46 71
47 72
47 73
48 74
48 74
49 74
49 74
50 74
50 74
51 73
52 73
52 73
53 72
53 71
53 71
53 70
54 69
54 68
54 67
54 67
54 66
54 65
54 64
54 64
54 63
55 62
55 61
55 60
55 60
55 59
55 58
55 57
55 56
55 56
55 55
55 54
55 53
55 53
54 52
54 51
54 51
53 51
53 51
52 51
52 51
51 52
51 53
50 54
50 54
49 55
49 56
48 57
48 57
48 58
47 59
47 60
46 61
46 62
46 62
46 63
46 64
45 65
45 66
45 67
45 67
45 68
45 69
45 70
45 71
45 71
45 72
46 73
46 74
46 74
47 75
47 76
47 76
48 75
49 75
50 74
50 74
51 73
52 72
52 71
53 70
54 69
54 69
55 68
55 67
56 66
56 65
57 64
57 64
58 63
59 62
59 61
60 60
60 60
61 59
61 58
62 57
62 57
63 56
63 56
63 57
63 57
62 58
62 58
62 59
61 60
61 61
61 62
61 62
61 63
60 64
60 65
60 66
60 66
60 67
60 68
59 69
59 70
59 71
59 71
59 72
59 73
59 74
59 74
60 75
60 76
60 76
61 76
61 76
62 75
63 75
63 75
64 74
64 73
65 72
65 71
66 70
66 69
67 68
67 67
68 66
68 65
69 64
69 63
70 62
70 61
71 60
71 59
72 58
72 57
73 56
73 55
74 54
74 53
75 52
75 52
75 53
74 54
74 55
74 56
74 56
73 57
72 58
72 58
72 59
72 60
72 61
71 62
71 63
71 64
71 65
71 65
71 66
71 67
70 68
70 69
70 70
70 71
70 71
70 72
69 73
69 74
69 75
69 76
68 77
68 78
68 78
68 79
68 80
68 81
68 81
68 82
68 82
69 83
69 83
70 82
71 81
71 81
72 80
72 79
73 78
73 77
74 76
74 75
74 75
75 74
75 73
76 72
76 71
77 70
77 69
78 68
78 67
79 66
79 65
79 65
79 64
80 63
80 62
81 61
81 60
82 59
82 58
83 57
83 56
83 56
84 55
84 54
85 53
86 52
86 51
87 50
87 50
88 49
89 48
90 47
90 47
91 46
92 46
93 45
93 45
94 45
95 45
96 45
96 45
97 45
98 46
99 46
100 46
