25 49
25 49
24 50
24 50
23 51
23 52
23 52
22 53
22 54
21 55
21 55
20 56
20 57
19 58
19 59
19 59
18 60
18 61
17 62
17 63
17 63
16 64
16 64
15 65
14 65
14 65
13 65
13 65
13 64
12 63
12 62
12 62
12 61
11 60
11 59
11 58
11 58
11 57
11 56
12 55
12 54
12 53
12 52
12 52
12 51
12 50
12 49
12 48
13 47
13 46
13 45
13 44
13 43
13 43
13 42
13 41
14 40
14 39
14 38
14 37
14 36
15 35
15 34
15 33
15 33
15 32
16 31
16 30
16 29
16 28
17 27
17 26
17 25
17 24
18 23
18 22
18 21
18 21
18 20
19 19
19 18
19 17
20 16
20 15
20 14
21 13
21 12
21 12
21 11
22 10
22 9
23 8
23 7
24 6
24 5
24 5
25 4
26 3
26 2
27 1
27 1
28 0
28 0
29 1
29 1
29 2
29 3
29 4
29 5
29 5
29 6
29 7
29 8
29 9
29 10
29 11
29 12
29 13
29 14
29 14
29 15
29 16
29 17
29 18
29 19
28 20
28 21
28 22
28 23
28 24
28 25
28 26
28 26
28 27
28 28
28 29
27 30
27 31
27 32
27 33
27 34
27 35
27 36
26 37
26 38
26 39
26 40
26 40
26 41
26 42
25 43
25 44
25 45
25 46
24 47
24 48
24 49
24 50
24 51
23 52
23 53
23 54
23 54
23 55
22 56
22 57
22 58
22 59
21 60
21 61
21 62
20 63
20 64
20 65
20 66
19 67
19 68
19 68
19 69
18 70
18 71
18 72
18 73
17 74
17 75
17 76
17 77
16 78
16 79
16 79
16 80
15 81
15 82
15 83
14 84
14 85
14 86
13 87
13 88
13 88
12 89
12 90
11 91
11 92
10 93
10 94
10 94
9 95
8 96
7 97
6 98
6 98
5 99
4 99
3 100
3 100
2 99
1 99
1 99
1 98
0 97
0 96
0 96
0 95
0 94
0 93
0 92
0 92
1 91
2 90
2 89
3 88
4 87
5 86
5 85
6 84
7 83
8 82
8 81
9 80
10 79
11 78
12 77
12 76
13 75
14 74
15 73
15 72
16 71
17 70
18 69
18 68
19 67
20 66
21 65
21 64
22 63
23 62
24 61
25 60
25 59
26 58
27 57
28 56
28 55
29 54
30 53
31 52
31 51
32 50
33 49
33 49
33 48
33 48
33 47
33 46
33 46
32 46
32 46
32 46
32 47
32 47
32 48
33 49
33 50
33 51
33 51
33 52
33 53
33 54
33 55
33 56
33 57
33 57
33 58
33 59
33 60
33 61
33 62
33 63
33 64
33 64
33 65
34 66
34 67
34 68
34 68
34 69
34 70
34 71
34 71
35 71
35 71
36 70
36 70
37 69
38 69
38 69
38 68
39 67
39 66
39 65
39 64
40 63
40 62
40 62
40 61
41 60
41 59
41 58
41 57
42 56
42 55
42 54
42 54
42 53
43 52
43 51
43 50
43 49
44 48
44 47
44 46
44 46
44 45
45 44
45 43
46 42
46 41
46 41
46 42
47 43
47 44
47 45
47 46
48 47
48 48
48 49
48 50
49 51
49 52
49 53
49 54
50 55
50 56
50 57
50 58
51 59
51 60
51 61
51 61
52 61
53 60
54 60
54 60
53 59
53 58
53 58
52 57
52 57
52 56
52 55
52 54
52 54
52 53
52 52
52 51
52 50
52 49
52 49
52 48
53 47
53 46
53 46
53 45
52 44
52 43
52 43
52 42
52 42
51 42
51 42
50 43
50 44
50 44
50 45
49 46
49 47
49 48
49 48
49 49
48 50
48 51
47 52
47 53
47 53
47 54
47 55
47 56
46 57
46 58
46 59
46 60
46 61
46 61
46 62
46 63
45 64
45 65
45 66
45 66
45 67
45 68
45 69
45 70
45 71
45 71
45 72
45 72
46 72
47 72
47 72
48 71
49 71
49 71
50 70
50 69
51 68
51 67
51 67
52 66
52 65
53 64
53 63
53 63
54 62
54 61
55 60
55 59
55 59
55 58
56 57
56 56
56 56
57 55
57 55
57 55
56 56
56 56
56 57
56 57
56 58
56 59
56 60
56 60
56 61
56 62
56 63
56 63
56 64
57 65
57 66
57 67
57 67
57 68
57 69
57 69
58 70
59 70
59 70
60 69
61 69
61 69
62 68
63 67
64 66
64 66
65 65
65 64
66 63
66 62
67 61
67 61
67 60
68 59
68 58
69 57
69 56
69 56
70 55
71 54
71 54
72 53
72 53
72 54
72 54
72 55
72 55
72 56
72 57
72 57
72 58
72 59
72 60
72 60
72 61
73 62
73 63
73 63
74 64
75 65
75 65
76 65
77 64
78 64
78 64
79 63
80 63
81 62
82 61
83 61
84 60
84 60
85 59
86 58
86 57
87 56
88 55
89 54
89 53
90 52
90 52
91 51
92 50
93 49
94 48
95 47
96 46
97 45
98 44
99 43
100 42
