26 45
25 46
25 47
24 48
24 48
23 49
23 50
23 50
22 51
21 51
21 51
20 51
20 51
19 51
18 51
18 51
17 50
17 49
17 49
17 48
17 47
17 46
17 46
17 45
17 44
16 43
16 42
16 41
16 41
16 40
17 39
17 38
17 37
17 36
18 35
18 34
18 33
18 33
18 32
19 31
19 30
19 29
19 28
20 27
20 26
20 25
20 25
20 24
20 23
21 22
21 21
21 20
21 19
22 18
22 17
22 16
22 16
22 15
23 14
23 13
24 12
24 11
25 10
25 9
25 9
25 8
26 7
26 6
27 5
27 4
27 4
28 3
28 2
29 1
29 0
29 0
30 1
30 1
30 2
30 3
30 3
30 4
30 5
30 6
30 7
30 7
30 8
30 9
30 10
30 11
29 12
29 13
29 14
29 15
29 16
29 16
29 17
29 18
29 19
29 20
28 21
28 22
28 23
28 24
28 25
28 26
28 26
28 27
28 28
28 29
28 30
28 31
27 32
27 33
27 34
27 35
27 36
27 37
27 37
27 38
27 39
27 40
26 41
26 42
26 43
26 44
26 45
26 46
26 47
25 48
25 49
25 50
25 51
25 51
25 52
25 53
24 54
24 55
24 56
24 57
23 58
23 59
23 60
23 61
22 62
22 63
22 64
22 64
22 65
21 66
21 67
21 68
21 69
20 70
20 71
20 72
20 73
19 74
19 75
19 76
19 76
19 77
18 78
18 79
18 80
17 81
17 82
16 83
16 84
16 85
15 86
15 87
15 87
15 88
14 89
14 90
13 91
13 92
12 93
12 94
12 94
11 95
11 96
10 97
10 98
9 99
9 99
8 99
7 100
6 100
6 100
5 100
4 100
4 100
3 100
2 99
1 99
1 99
1 98
0 97
0 96
0 95
0 95
0 94
0 93
0 92
0 91
0 90
0 89
0 89
1 88
1 87
2 86
3 85
4 84
4 83
5 82
6 81
7 80
7 79
8 78
9 77
10 76
10 75
11 74
12 73
13 72
13 71
14 70
15 69
16 68
16 67
17 66
18 65
18 64
19 63
20 62
21 61
21 60
22 59
23 58
24 57
24 56
25 55
26 54
27 53
27 52
28 51
29 50
30 49
30 48
31 47
31 47
31 46
31 45
31 44
31 43
31 42
31 41
31 41
31 40
31 40
31 40
31 41
31 41
31 42
31 43
31 43
31 44
31 45
31 46
31 47
31 47
31 48
31 49
31 50
31 51
31 52
31 53
31 53
31 54
31 55
31 56
31 57
31 58
31 58
31 59
32 60
32 61
32 61
33 61
33 61
34 61
35 61
36 61
36 61
37 60
38 59
38 58
39 57
39 57
39 56
40 55
40 54
41 53
41 52
42 51
42 50
42 50
42 49
43 48
43 47
44 46
44 45
44 44
45 43
45 42
45 42
46 43
47 44
48 45
49 46
50 47
50 48
51 49
52 50
53 51
54 52
55 53
55 53
56 52
57 52
58 51
58 51
57 50
57 50
57 49
58 48
58 47
58 47
58 46
58 45
58 44
58 43
58 43
58 42
59 41
59 40
59 39
59 39
59 38
59 37
59 36
59 35
59 35
58 34
58 33
58 33
57 32
57 32
56 33
56 33
55 34
55 35
55 35
54 36
54 37
53 38
53 39
53 39
53 40
52 41
52 42
52 43
51 44
51 45
51 45
51 46
51 47
50 48
50 49
50 50
50 51
50 51
50 52
50 53
50 54
50 55
50 55
50 56
50 57
50 58
50 58
51 59
52 60
52 60
53 59
54 59
54 59
55 58
56 57
56 57
56 56
57 55
57 54
58 53
58 52
58 52
59 51
59 50
60 49
60 48
61 47
61 47
61 46
61 45
62 44
62 43
62 42
62 42
62 41
62 40
62 40
62 40
61 41
61 41
61 42
60 43
60 44
60 44
60 45
59 46
59 47
59 48
59 48
59 49
59 50
59 51
59 52
59 53
59 54
59 54
59 55
59 56
59 57
59 57
60 58
60 58
61 59
62 59
62 59
63 58
64 58
64 58
65 57
66 56
66 55
67 54
67 54
68 53
68 52
69 51
69 50
70 49
70 48
71 47
71 47
71 46
72 45
72 44
73 43
73 42
73 42
73 41
74 40
74 39
74 39
74 40
74 40
74 41
74 42
74 42
74 43
73 44
73 45
73 46
73 46
73 47
73 48
72 49
72 50
72 51
72 52
72 52
72 53
72 54
72 55
72 56
72 57
72 57
72 58
72 59
72 60
72 60
73 61
73 61
74 61
75 61
75 61
76 60
77 60
78 59
78 59
79 58
80 58
81 57
82 57
83 56
83 56
84 55
85 54
86 53
86 52
87 51
88 50
88 50
89 49
90 48
91 48
92 47
93 46
93 46
94 45
95 45
96 44
97 44
98 43
99 43
100 42
