22 31
22 31
22 31
21 30
21 29
20 28
20 28
20 27
20 27
21 27
21 27
21 26
21 26
21 25
21 25
22 24
22 24
22 24
22 24
21 25
21 26
21 26
21 27
20 28
20 29
20 29
19 30
19 31
18 32
18 33
18 33
17 34
17 35
16 36
16 37
16 37
15 38
14 39
13 40
13 40
13 41
12 42
12 43
12 43
11 44
10 44
10 44
10 44
10 43
10 43
10 42
10 41
10 40
10 40
10 39
10 38
10 37
10 37
10 36
10 35
10 34
10 34
10 33
9 32
9 31
9 31
9 30
9 29
9 28
9 27
9 27
9 26
9 25
9 24
9 23
9 23
9 22
10 21
10 20
10 19
10 19
11 18
11 17
12 16
12 15
12 15
13 14
13 13
14 12
14 11
15 10
15 10
16 9
17 8
18 7
18 7
19 6
20 6
21 5
21 5
22 4
23 3
24 3
25 2
25 2
26 1
27 0
27 0
28 0
29 0
30 0
30 0
31 1
31 1
32 2
32 2
32 3
32 4
32 4
32 5
32 6
32 6
32 7
31 8
31 9
31 9
31 10
30 11
30 12
30 12
30 13
30 14
29 15
29 16
29 17
29 17
29 18
29 19
28 20
28 21
28 22
28 23
28 23
28 24
27 25
27 26
27 27
27 28
26 29
26 30
26 30
26 31
26 32
26 33
26 34
25 35
25 36
25 37
25 38
25 39
25 39
25 40
25 41
24 42
24 43
24 44
24 45
24 46
23 47
23 48
23 49
23 49
23 50
23 51
23 52
23 53
22 54
22 55
22 56
22 57
22 58
22 59
22 59
22 60
22 61
22 62
22 63
21 64
21 65
21 66
21 67
21 68
21 69
21 69
21 70
21 71
21 72
21 73
20 74
20 75
20 76
20 77
20 78
20 78
20 79
20 80
20 81
19 82
19 83
19 84
19 85
19 85
19 86
19 87
18 88
18 89
18 90
18 90
18 91
18 92
18 93
18 94
18 94
18 95
17 96
17 97
17 98
17 98
16 99
16 100
16 100
15 100
14 100
14 100
13 100
13 100
12 99
11 99
11 99
10 98
10 98
9 97
9 96
8 95
8 95
7 94
7 93
6 92
6 92
6 91
5 90
5 89
4 88
4 87
4 87
4 86
3 85
3 84
2 83
2 82
2 82
2 81
1 80
1 79
1 78
0 77
0 76
0 76
0 75
0 74
0 73
0 72
0 71
0 71
0 70
0 69
0 68
0 67
0 67
1 66
1 65
2 64
2 63
2 63
3 62
3 61
4 60
4 59
4 59
5 58
6 58
7 57
8 57
9 56
10 56
11 55
12 55
13 54
14 54
15 53
16 53
17 52
18 52
19 51
20 50
21 50
22 49
23 49
24 48
25 48
26 47
27 47
28 46
29 46
30 45
31 45
32 44
33 44
34 43
35 43
36 42
36 42
36 42
36 41
36 40
36 39
36 39
35 38
35 38
35 38
35 38
35 38
35 38
35 39
35 40
35 40
35 41
35 42
35 42
35 43
35 44
35 45
35 46
35 46
35 47
35 48
35 49
35 50
35 50
35 51
35 52
35 53
35 54
35 55
35 55
35 56
34 57
34 58
34 59
34 59
34 60
34 61
34 62
34 62
35 63
35 64
35 64
36 65
36 65
37 64
37 64
38 63
38 62
38 62
39 61
39 60
40 59
40 59
40 58
41 57
41 56
41 56
41 55
42 54
42 53
42 52
42 52
42 51
43 50
43 49
43 48
43 48
43 47
43 46
43 45
43 44
43 44
43 43
44 42
44 41
44 40
44 40
44 39
44 38
44 38
45 37
45 37
45 36
45 36
45 35
45 35
45 35
45 35
45 35
45 35
44 35
44 35
44 36
44 36
45 36
46 37
47 37
48 38
49 38
49 38
49 38
49 38
49 38
49 37
50 36
50 35
50 35
51 34
51 33
51 33
52 32
52 32
52 31
52 31
53 30
53 30
52 30
52 30
52 31
52 32
52 32
51 33
51 34
51 34
50 35
50 36
49 37
49 38
49 38
48 39
48 40
47 41
47 42
47 42
46 43
46 44
45 45
45 45
44 46
44 47
44 47
44 48
44 48
45 48
45 48
46 48
46 48
47 47
48 47
48 47
49 46
49 45
49 45
50 44
51 43
51 43
52 42
52 41
52 41
52 40
52 39
52 39
53 38
53 37
53 37
53 36
53 35
53 35
54 34
54 34
54 34
54 34
54 34
55 35
55 35
55 36
55 36
56 37
56 37
56 38
56 38
56 39
56 39
57 39
58 39
58 39
59 38
60 38
60 38
61 37
62 37
62 37
63 36
64 35
65 34
65 34
66 33
67 32
67 32
68 31
69 30
69 30
70 29
70 28
70 28
71 28
71 28
71 28
70 29
70 29
69 30
69 31
69 31
68 32
68 32
68 33
68 34
68 34
68 35
68 35
69 35
69 35
70 35
71 35
71 35
72 34
73 34
74 33
74 33
75 32
76 32
77 31
77 31
78 30
79 30
80 29
81 29
81 29
82 29
83 28
84 28
84 28
85 27
86 27
86 27
87 27
88 26
89 26
89 26
90 26
91 26
91 26
92 27
92 27
93 27
94 27
94 27
95 27
96 27
97 27
97 27
98 27
99 27
100 27
