24 62
24 62
24 62
24 63
24 64
24 64
23 64
23 64
23 65
23 65
22 66
22 66
22 66
21 66
21 66
20 66
20 66
19 66
18 66
18 66
17 66
17 66
16 65
15 65
15 65
14 64
13 64
13 64
12 63
12 62
12 62
11 62
10 61
9 61
9 61
8 60
7 59
7 59
7 58
7 57
7 57
6 56
6 55
6 55
6 54
6 53
6 53
6 52
6 51
6 51
6 50
7 49
7 48
7 48
8 47
8 46
8 46
8 45
8 44
8 44
9 43
9 42
10 41
10 41
11 40
11 39
12 38
12 37
12 37
12 36
13 35
13 34
14 33
14 32
14 32
15 31
16 30
16 29
17 28
17 28
18 27
18 26
19 25
19 24
20 23
20 23
21 22
22 21
22 20
23 19
24 18
24 18
24 17
25 16
25 15
26 14
26 13
26 13
27 12
28 11
28 10
29 9
29 9
29 8
30 7
30 6
30 5
30 5
31 4
31 3
31 3
32 2
32 2
33 1
33 1
33 0
33 0
33 0
33 0
32 1
32 1
32 2
32 3
32 3
31 4
31 5
31 5
31 6
30 7
30 8
30 8
30 9
30 10
30 11
30 12
30 13
30 13
30 14
30 15
29 16
29 17
29 18
29 18
29 19
29 20
29 21
29 22
29 23
29 24
29 24
29 25
29 26
29 27
28 28
28 29
28 30
28 31
28 31
28 32
28 33
28 34
28 35
27 36
27 37
27 38
27 39
27 40
27 40
27 41
27 42
27 43
27 44
27 45
26 46
26 47
26 48
26 49
26 50
26 51
26 51
26 52
26 53
25 54
25 55
25 56
25 57
25 58
24 59
24 60
24 61
24 61
24 62
24 63
24 64
24 65
23 66
23 67
23 68
23 69
23 70
23 70
23 71
23 72
23 73
22 74
22 75
22 76
22 77
22 78
22 78
22 79
21 80
21 81
21 82
20 83
20 84
20 84
20 85
20 86
19 87
19 88
19 89
19 89
19 90
18 91
18 92
18 93
18 93
17 94
17 95
16 96
16 96
16 97
15 98
15 99
15 99
14 100
14 100
13 100
12 100
12 100
11 100
11 100
10 100
9 100
9 100
8 99
7 99
7 99
6 98
5 97
5 97
4 96
3 96
3 96
2 95
2 94
2 94
2 93
1 92
1 91
1 91
1 90
0 89
0 88
0 87
0 87
0 86
0 85
0 85
0 84
0 83
0 83
0 82
0 82
1 81
1 80
1 80
2 79
2 78
3 77
3 77
4 76
5 75
5 74
6 73
6 73
7 72
7 71
8 70
8 69
9 68
9 68
10 67
10 66
11 65
11 64
12 63
12 62
13 61
13 60
14 59
14 58
15 57
15 56
16 55
16 54
17 53
17 52
18 51
18 50
19 49
19 48
20 47
20 46
21 45
21 44
22 43
22 42
23 41
23 40
24 39
24 38
25 37
25 36
26 35
26 34
27 33
27 32
28 31
28 30
29 29
29 29
29 29
29 29
29 29
29 29
29 29
29 30
29 31
29 32
29 32
29 33
29 34
29 35
29 36
29 37
29 38
29 38
29 39
29 40
29 41
29 42
29 43
29 44
29 44
29 45
29 46
29 47
29 48
29 49
29 50
29 50
29 51
29 52
29 53
29 54
29 55
29 56
29 56
29 57
30 58
30 59
30 60
30 60
30 61
30 62
30 62
30 63
30 64
30 64
30 64
30 64
31 64
31 64
31 63
31 62
31 62
31 61
32 60
32 59
32 59
32 58
33 57
33 56
34 55
34 54
34 54
34 53
34 52
35 51
35 50
35 49
35 48
35 48
35 47
36 46
36 45
36 44
37 43
37 42
37 42
37 41
38 40
38 39
38 38
38 37
39 36
39 35
39 35
39 34
39 33
39 32
40 31
40 30
40 29
40 28
40 28
40 27
41 26
41 25
42 24
42 23
42 23
42 22
43 21
43 20
43 19
43 19
43 18
44 17
44 16
44 16
45 15
45 15
46 15
46 15
46 15
46 16
46 16
45 17
45 17
45 18
45 19
45 19
45 20
45 21
45 22
45 22
45 23
44 24
44 25
44 25
44 26
44 27
44 28
44 29
44 30
44 30
44 31
44 32
44 33
44 34
44 35
44 35
44 36
44 37
44 38
44 39
44 39
44 40
44 41
44 42
44 43
44 43
44 44
44 45
44 46
44 46
44 47
44 47
44 48
44 48
45 47
45 46
46 45
47 44
47 43
48 42
48 41
49 40
50 39
50 38
51 37
52 36
52 35
53 34
53 33
54 32
55 31
55 30
56 29
57 28
57 27
58 26
58 25
59 24
60 23
60 22
61 21
61 21
61 20
60 19
60 18
60 17
60 17
59 16
59 16
59 16
58 16
58 16
57 17
57 18
57 18
56 19
56 20
55 21
55 21
55 22
54 23
54 24
54 25
54 25
54 26
53 27
53 28
53 29
53 29
53 30
53 31
52 32
52 33
52 34
52 34
52 35
52 36
51 37
51 38
51 39
51 39
51 40
50 41
50 42
50 42
50 43
50 44
50 44
50 45
50 46
50 46
51 47
51 48
51 48
51 49
51 49
52 50
52 50
53 49
53 49
53 48
54 47
54 46
55 45
55 44
55 44
55 43
56 42
56 41
57 40
57 39
58 38
58 37
58 37
58 36
58 35
58 34
59 33
59 32
59 31
59 30
59 30
59 29
60 28
60 27
60 26
61 25
61 24
61 24
61 23
61 22
62 21
62 20
62 19
62 19
62 18
62 17
62 16
62 16
63 15
63 14
63 14
63 14
63 15
63 15
63 16
62 17
62 18
62 18
62 19
62 20
62 21
62 22
62 23
62 23
62 24
61 25
61 26
61 26
61 27
61 28
61 29
61 30
61 30
61 31
61 32
61 33
61 34
61 34
61 35
61 36
61 36
61 37
62 38
62 39
62 39
62 40
62 41
62 41
63 42
63 43
63 43
64 43
64 43
65 43
65 43
65 42
66 41
66 40
66 40
66 39
67 38
67 37
68 36
68 35
68 35
69 34
69 33
70 32
70 31
71 30
71 29
71 29
71 28
72 27
72 26
72 25
73 24
73 23
73 23
73 22
74 21
74 20
74 19
74 19
75 18
75 17
75 17
76 17
76 17
76 18
76 18
77 19
77 20
77 20
77 21
77 22
77 23
77 24
77 24
78 25
78 26
79 27
79 27
80 28
81 28
81 28
82 28
83 29
84 29
85 29
85 29
86 29
87 28
88 28
88 28
89 27
90 26
91 26
92 25
92 25
93 24
94 23
94 22
95 21
96 20
96 20
97 19
98 18
98 17
99 16
100 15
