21 64
21 65
21 66
21 66
21 66
20 65
20 65
19 64
19 64
19 63
19 63
18 62
18 61
18 61
18 60
17 59
17 58
17 58
16 57
16 56
15 55
15 55
14 54
14 53
14 53
13 52
12 52
12 52
11 51
10 50
10 50
9 49
9 48
9 48
8 47
7 47
7 47
6 46
5 45
5 45
5 44
4 43
4 42
4 42
3 41
3 40
3 40
2 39
2 39
2 38
2 38
2 37
2 36
2 36
2 36
3 35
3 34
3 34
4 33
4 32
5 31
5 31
6 30
6 29
7 28
7 28
8 27
9 26
10 25
10 25
11 24
12 24
13 23
13 23
14 22
15 21
15 20
16 19
16 19
17 18
18 17
18 16
19 15
20 14
20 14
21 13
22 12
22 11
23 10
23 10
23 9
24 8
24 7
24 7
25 6
25 5
26 4
26 4
27 3
27 3
27 2
27 2
27 1
27 1
27 1
27 0
27 0
27 0
27 0
27 0
27 0
27 1
27 1
27 2
27 3
27 3
27 4
26 5
26 6
26 7
26 7
26 8
26 9
26 10
26 11
26 12
26 12
26 13
26 14
26 15
26 16
26 17
26 18
26 18
26 19
26 20
26 21
26 22
26 23
26 24
26 25
26 25
26 26
26 27
26 28
25 29
25 30
25 31
25 32
25 32
25 33
25 34
25 35
25 36
25 37
25 38
25 39
25 40
25 40
25 41
25 42
25 43
24 44
24 45
24 46
24 47
24 47
24 48
24 49
24 50
24 51
24 52
24 53
24 53
24 54
24 55
23 56
23 57
23 58
23 58
23 59
23 60
22 61
22 62
22 63
22 64
22 64
22 65
22 66
21 67
21 68
21 69
21 70
21 70
21 71
21 72
21 73
20 74
20 75
20 76
20 77
20 77
20 78
19 79
19 80
19 81
19 82
18 83
18 84
18 84
18 85
18 86
18 87
17 88
17 89
17 90
17 91
17 91
16 92
16 93
15 94
15 95
15 95
15 96
14 97
14 98
14 98
13 99
13 100
13 100
12 100
12 100
11 100
11 100
11 100
10 99
10 99
9 98
9 98
8 97
8 97
7 96
6 96
6 96
5 95
4 94
4 94
3 93
2 93
2 93
1 92
1 91
1 91
1 90
0 89
0 88
0 88
0 87
0 86
0 85
0 85
0 84
0 83
0 82
0 82
0 81
1 80
1 79
1 79
1 78
2 77
2 76
3 75
3 74
3 74
4 73
4 72
5 71
5 70
6 69
6 69
7 68
7 67
8 66
8 65
9 64
10 63
10 62
11 61
11 60
12 59
13 58
13 57
14 56
14 55
15 54
15 53
16 52
17 51
17 50
18 49
18 48
19 47
20 46
20 45
21 44
21 43
22 42
23 41
23 40
24 39
24 38
25 37
26 36
26 35
27 34
27 33
28 32
28 31
29 30
30 29
30 28
31 27
31 26
32 25
32 25
32 26
31 27
31 28
31 28
31 29
31 30
31 30
31 31
30 32
30 33
30 33
30 34
30 35
30 36
30 37
30 37
30 38
29 39
29 40
29 41
29 41
29 42
29 43
29 44
29 45
29 45
29 46
29 47
29 48
29 49
29 50
29 50
29 51
30 52
30 53
30 53
30 54
30 55
30 55
30 56
30 56
31 57
31 57
31 58
31 58
31 58
31 57
31 57
32 56
32 56
33 55
33 54
33 54
33 53
34 52
34 51
35 50
35 49
35 49
35 48
36 47
36 46
36 45
36 45
36 44
37 43
37 42
37 42
37 41
37 40
38 39
38 38
38 37
38 36
38 36
38 35
38 34
39 33
39 32
39 31
39 31
39 30
40 29
40 28
40 27
40 26
41 25
41 24
41 24
41 23
42 22
42 21
43 20
43 19
44 18
44 17
44 17
44 16
45 15
45 14
45 13
46 12
46 11
46 11
46 10
47 9
47 8
47 7
47 7
48 6
49 6
49 6
49 6
49 6
49 7
49 7
49 8
49 9
49 10
49 10
49 11
49 12
48 13
48 14
48 15
48 16
48 16
48 17
47 18
47 19
47 20
46 21
46 22
46 22
46 23
46 24
46 25
45 26
45 27
45 28
45 29
45 29
45 30
45 31
45 32
44 33
44 34
44 35
44 36
44 36
44 37
43 38
43 39
43 40
43 41
42 42
42 43
42 44
42 44
42 45
42 46
42 47
42 48
42 49
42 49
42 50
42 51
42 52
42 53
42 53
42 54
42 55
42 56
42 56
42 57
42 57
42 57
43 57
43 57
43 57
44 56
44 56
44 55
45 54
45 53
45 53
45 52
46 51
46 50
46 49
47 48
47 47
48 46
48 45
48 44
49 43
49 42
49 41
50 40
50 39
51 38
51 37
51 36
52 35
52 34
52 33
53 32
53 31
54 30
54 29
54 28
55 27
55 26
55 25
56 24
56 23
57 22
57 21
57 20
58 19
58 18
58 17
59 16
59 15
60 14
60 13
60 12
61 11
61 10
61 10
61 10
61 10
60 10
60 10
60 11
59 12
59 13
59 14
59 14
58 15
58 16
57 17
57 18
57 18
57 19
56 20
56 21
56 22
56 22
55 23
55 24
54 25
54 26
54 26
54 27
54 28
53 29
53 30
53 31
53 32
53 32
53 33
52 34
52 35
52 36
51 37
51 38
51 38
51 39
51 40
51 41
51 41
51 42
51 43
51 43
52 44
52 45
52 45
52 46
52 46
53 46
53 46
53 46
54 45
54 45
54 44
55 43
55 42
55 42
55 41
56 40
56 39
57 38
57 37
57 37
57 36
57 35
57 34
58 33
58 32
58 31
58 30
58 30
58 29
59 28
59 27
59 26
60 25
60 24
60 24
60 23
60 22
61 21
61 20
61 19
61 19
61 18
62 17
62 16
62 15
62 15
62 14
62 14
62 13
62 13
63 13
63 13
63 14
63 14
63 15
63 16
63 17
63 18
63 18
63 19
63 20
62 21
62 22
62 23
62 23
62 24
62 25
62 26
62 27
62 28
62 29
62 30
62 30
62 31
62 32
62 33
62 34
62 35
62 35
62 36
62 37
62 38
62 39
62 39
62 40
62 41
62 42
62 43
62 43
63 44
63 45
63 45
63 46
63 47
63 47
63 48
63 48
64 49
64 49
64 48
64 48
65 48
65 48
65 47
65 46
66 45
66 44
66 43
66 43
66 42
67 41
67 40
67 39
67 38
68 37
68 36
68 36
68 35
69 34
69 33
69 32
69 31
70 30
70 29
70 28
70 28
70 27
71 26
71 25
71 24
71 23
72 22
72 21
72 20
72 20
72 19
72 18
72 17
73 16
73 15
73 14
73 13
73 13
73 12
74 11
74 10
75 9
75 8
75 8
76 7
76 7
76 8
76 8
76 9
77 10
77 11
77 11
77 12
77 13
77 14
77 15
77 16
77 17
77 17
77 18
77 19
78 20
78 21
78 22
78 22
78 23
78 24
79 25
79 26
79 27
79 28
79 28
79 29
80 30
80 31
80 32
80 32
81 33
82 33
82 33
83 34
83 34
84 34
85 33
86 33
86 33
87 32
88 31
89 30
89 30
90 29
91 28
91 27
92 26
92 26
93 25
94 24
94 23
95 22
96 21
96 21
97 20
97 19
98 18
98 17
99 16
99 15
