11 39
12 38
12 37
12 37
12 37
12 37
12 37
12 38
12 38
11 39
11 39
10 40
10 41
10 41
9 42
9 43
8 44
8 44
7 45
6 46
6 46
5 47
4 47
4 47
3 48
2 48
2 48
1 48
0 48
0 48
0 47
0 46
0 46
0 45
0 44
0 43
0 42
0 42
0 41
1 40
1 39
2 38
2 37
2 37
2 36
3 35
3 34
3 33
3 32
4 31
4 30
4 29
4 29
5 28
5 27
6 26
6 25
7 24
7 23
8 22
8 21
8 21
9 20
9 19
10 18
10 17
11 16
11 15
12 14
12 13
12 13
13 12
13 11
14 10
15 9
15 8
16 7
16 7
17 6
18 5
18 4
19 3
19 3
20 2
21 1
21 1
21 0
21 0
21 1
21 1
21 2
21 3
21 4
21 4
21 5
21 6
21 7
20 8
20 9
20 10
20 11
20 11
20 12
20 13
20 14
19 15
19 16
19 17
19 18
19 19
19 19
19 20
19 21
19 22
18 23
18 24
18 25
18 26
18 27
18 28
18 29
17 30
17 31
17 32
17 33
17 33
17 34
17 35
16 36
16 37
16 38
16 39
16 40
15 41
15 42
15 43
15 44
15 45
15 46
14 47
14 48
14 49
14 49
14 50
14 51
13 52
13 53
13 54
13 55
13 56
12 57
12 58
12 59
12 60
11 61
11 62
11 63
11 64
11 65
10 66
10 67
10 68
10 68
10 69
10 70
9 71
9 72
9 73
9 74
9 75
8 76
8 77
8 78
8 79
8 80
8 81
7 82
7 83
7 84
7 84
7 85
7 86
6 87
6 88
6 89
6 90
6 91
5 92
5 93
5 94
5 94
5 95
5 96
4 97
4 98
4 99
4 100
4 100
3 100
3 100
3 99
3 98
3 98
3 97
2 96
2 95
2 94
2 94
2 93
2 92
2 91
2 90
2 89
1 88
1 87
1 86
1 85
1 84
1 83
1 83
1 82
1 81
1 80
1 79
1 78
0 77
0 76
0 75
0 74
0 73
0 72
0 71
0 71
0 70
0 69
0 68
0 67
0 66
1 65
1 64
1 63
1 62
1 61
1 60
1 59
1 59
2 59
3 59
4 58
5 58
6 58
7 58
8 57
9 57
10 57
11 57
12 57
13 56
14 56
15 56
16 56
17 55
18 55
19 55
20 55
21 55
22 54
23 54
24 54
25 54
26 53
27 53
28 53
28 53
27 52
27 51
26 50
26 49
26 49
25 48
25 47
24 46
24 45
24 45
24 44
24 43
24 42
24 42
24 41
24 41
24 40
24 39
24 39
24 39
24 39
24 40
25 41
25 42
25 42
25 43
25 44
25 45
25 45
25 46
25 47
25 48
25 49
25 50
25 51
25 52
25 52
25 53
25 54
25 55
25 56
25 57
25 57
25 58
26 59
26 60
26 61
26 61
27 62
27 63
27 63
28 63
28 63
29 62
30 62
31 61
31 61
32 60
32 59
33 58
33 57
34 56
34 56
35 55
35 54
36 53
36 52
37 51
37 50
38 49
38 49
38 48
39 47
39 46
40 45
40 44
41 43
41 42
41 42
41 41
42 40
42 39
43 38
43 37
43 37
43 36
43 35
43 35
43 36
43 37
43 38
43 39
43 40
43 41
43 42
43 43
43 44
43 45
43 46
44 47
44 48
44 49
44 50
44 51
44 52
44 53
44 54
44 55
44 56
44 57
44 58
44 58
45 59
46 59
47 60
47 60
47 60
47 59
47 59
47 58
47 58
47 57
47 56
47 55
47 55
47 54
47 53
47 52
47 52
47 51
47 50
47 49
47 49
47 48
47 47
47 47
47 46
47 45
47 45
46 45
46 45
45 45
45 45
44 46
44 47
44 47
43 48
43 49
42 50
42 50
42 51
41 52
41 53
41 54
41 54
41 55
40 56
40 57
40 57
40 58
40 59
40 60
40 60
41 61
41 61
42 61
43 61
43 61
44 60
45 60
45 60
46 59
47 58
47 58
48 57
49 56
49 55
50 54
50 54
51 53
51 52
52 51
52 50
52 50
53 49
53 48
53 48
53 48
52 48
52 48
52 49
52 49
52 50
51 51
51 52
51 52
50 53
50 54
50 54
50 55
50 56
50 57
50 57
51 58
51 59
51 59
52 60
52 60
53 59
54 59
54 59
55 58
56 57
57 56
57 55
58 54
59 53
60 52
61 51
62 50
62 49
63 48
64 47
64 47
64 47
64 47
63 48
63 49
63 49
62 50
62 51
62 51
62 52
61 53
61 54
61 54
61 55
60 56
60 57
60 57
60 58
60 59
60 59
61 60
61 61
61 61
61 61
62 61
62 61
63 62
63 62
64 61
65 61
65 61
66 60
67 60
68 59
68 59
69 58
70 57
71 57
72 56
72 56
73 56
74 55
75 55
75 55
76 55
77 54
78 54
78 54
79 54
80 54
81 54
81 54
82 55
83 55
84 56
84 56
85 56
86 56
87 56
88 57
89 57
90 57
91 57
91 57
92 57
93 57
94 57
95 57
96 56
97 56
98 56
99 56
100 56
