22 45
21 46
21 47
21 47
21 48
21 49
21 49
21 50
21 50
21 50
21 51
21 51
20 52
20 52
20 53
20 53
19 54
19 54
18 55
18 55
17 56
17 56
16 57
16 57
15 56
14 56
14 56
13 56
12 56
12 56
11 55
11 55
10 55
9 55
9 55
8 54
8 54
7 53
6 53
6 53
5 53
5 53
5 52
5 52
5 51
5 51
5 50
5 49
5 49
6 48
6 47
6 47
6 46
7 45
7 44
7 44
7 43
8 42
8 41
8 41
8 40
9 39
9 38
9 38
10 37
10 36
11 35
11 34
11 34
12 33
13 32
13 31
14 30
14 30
15 29
16 28
16 27
17 26
18 25
18 25
19 24
19 23
20 22
20 21
21 20
21 20
22 19
23 18
23 17
24 16
24 16
25 15
25 14
26 13
26 12
26 12
27 11
28 10
28 9
29 8
29 8
30 7
30 6
30 6
31 5
32 4
32 4
33 3
33 2
33 2
33 1
33 1
33 0
33 0
33 0
33 0
33 1
33 1
33 2
33 2
32 3
32 4
32 4
32 5
32 6
32 7
32 8
32 8
32 9
31 10
31 11
31 12
31 12
31 13
31 14
30 15
30 16
30 17
30 17
30 18
30 19
30 20
30 21
30 22
30 23
30 23
30 24
30 25
29 26
29 27
29 28
29 29
29 29
29 30
29 31
29 32
28 33
28 34
28 35
28 36
28 36
28 37
28 38
28 39
27 40
27 41
27 42
27 43
27 44
27 44
27 45
27 46
27 47
26 48
26 49
26 50
26 51
26 52
26 52
26 53
26 54
26 55
25 56
25 57
25 58
25 59
25 59
25 60
25 61
25 62
24 63
24 64
24 65
24 66
24 66
24 67
24 68
24 69
23 70
23 71
23 72
23 73
23 73
23 74
23 75
22 76
22 77
22 78
22 78
22 79
21 80
21 81
20 82
20 83
20 83
20 84
20 85
19 86
19 87
19 88
19 88
18 89
18 90
17 91
17 92
17 92
17 93
16 94
16 95
16 95
15 96
14 97
14 97
13 98
12 99
12 99
11 100
10 100
10 100
9 100
8 100
8 100
7 100
6 100
5 100
5 100
4 99
3 99
3 99
2 98
2 97
2 97
1 96
0 95
0 95
0 94
0 93
0 92
0 91
0 91
0 90
0 89
0 88
0 87
0 86
0 85
0 85
0 84
0 83
0 82
0 81
0 81
0 80
1 79
1 78
1 77
1 77
1 76
1 75
1 74
1 73
1 73
1 72
2 71
2 70
3 69
3 68
3 68
3 67
4 66
4 65
4 64
5 63
5 62
5 62
5 61
6 60
6 59
7 58
7 57
8 56
8 55
8 55
9 54
10 53
10 52
11 51
11 51
12 50
13 49
14 48
15 47
15 47
16 47
17 47
18 46
19 46
20 46
21 46
22 45
23 45
24 45
25 45
26 44
27 44
28 44
28 44
27 45
26 45
26 45
25 45
25 45
25 45
25 45
25 45
25 45
25 45
25 45
26 46
26 46
26 46
26 46
27 46
27 46
28 46
28 46
29 45
29 45
30 44
31 43
31 43
32 42
32 41
33 40
33 40
33 39
34 38
34 37
34 37
35 36
36 35
36 35
36 34
37 33
37 32
37 32
37 31
38 30
38 29
38 29
38 28
39 27
39 26
39 26
40 25
40 24
40 24
41 23
41 22
41 22
42 21
42 21
42 20
42 20
42 20
42 21
42 21
42 21
42 22
41 23
41 24
41 24
41 25
40 26
40 27
40 27
40 28
39 29
39 30
39 31
39 31
39 32
39 33
38 34
38 35
38 36
38 36
38 37
38 38
37 39
37 40
37 41
37 41
37 42
37 43
37 44
37 45
37 46
37 46
37 47
36 48
36 49
36 50
36 50
36 51
36 52
36 53
36 53
37 54
37 55
37 55
37 56
37 56
38 56
38 56
39 56
39 56
39 56
40 55
40 54
40 54
40 53
41 52
41 51
42 50
42 49
42 49
42 48
43 47
43 46
44 45
44 44
44 44
44 43
44 42
45 41
45 40
45 39
45 39
45 38
46 37
46 36
46 35
47 34
47 33
47 33
47 32
47 31
48 30
48 29
48 28
48 27
48 27
48 26
48 25
48 25
49 24
49 24
49 24
48 25
48 25
48 26
48 27
48 27
48 28
47 29
47 30
47 31
47 31
47 32
47 33
47 34
47 34
47 35
46 36
46 37
46 37
46 38
46 39
46 40
46 40
46 41
46 42
46 43
46 44
46 44
46 45
47 46
47 47
47 47
47 48
47 49
47 49
48 50
48 51
48 51
49 51
49 51
49 50
49 50
50 49
50 49
50 48
51 47
51 46
51 46
52 45
53 44
53 43
54 42
54 42
54 41
55 40
55 39
55 38
56 37
56 36
56 36
57 35
57 34
58 33
58 32
58 32
58 31
58 30
59 29
59 28
59 27
59 27
59 26
60 25
60 24
60 24
60 23
60 22
60 22
60 22
59 22
59 22
58 23
57 24
57 24
57 25
56 26
56 27
56 27
56 28
55 29
55 30
55 30
55 31
54 32
54 33
54 34
54 34
54 35
53 36
53 37
53 38
53 38
53 39
53 40
53 41
53 41
53 42
53 43
53 43
53 44
53 45
53 45
54 45
54 45
54 45
55 44
55 44
56 43
56 42
56 42
56 41
57 40
57 39
57 39
57 38
58 37
58 36
58 36
58 35
59 34
59 33
59 33
60 32
60 31
60 31
61 30
61 29
61 29
61 29
61 29
61 30
61 31
61 32
61 33
61 33
61 34
61 35
61 36
61 37
61 37
61 38
62 39
62 40
62 40
62 41
62 42
62 42
62 43
62 43
63 44
63 44
64 43
64 43
65 42
65 41
65 41
66 40
67 39
68 38
68 38
69 37
69 36
70 35
70 34
70 34
70 33
71 32
71 31
71 30
71 30
71 29
71 28
72 27
72 26
72 25
72 25
73 24
73 23
73 23
74 22
74 21
74 21
74 20
74 20
74 20
75 20
75 20
75 21
75 22
75 23
75 24
75 24
75 25
75 26
76 27
76 28
76 29
76 29
76 30
77 31
77 32
78 33
78 34
78 34
79 35
79 36
80 37
80 37
81 38
82 38
83 39
83 39
84 39
85 39
86 39
86 39
87 38
88 37
89 37
90 36
90 36
91 35
91 34
92 33
93 32
93 31
94 30
94 30
95 29
95 28
96 27
96 26
97 25
97 24
98 23
98 22
99 21
99 20
