11 33
11 33
11 32
12 31
12 30
12 29
12 29
12 28
12 27
12 27
12 26
12 26
13 25
13 24
13 24
14 23
14 22
14 22
14 21
14 21
15 21
15 21
15 21
15 21
15 22
15 23
15 23
15 24
15 25
15 25
15 26
14 27
14 28
14 29
14 29
14 30
13 31
13 32
13 33
13 33
12 34
12 35
11 36
11 36
11 37
10 38
10 39
10 39
9 40
9 41
8 42
8 42
8 43
7 44
7 45
7 45
6 46
6 47
6 47
5 48
5 49
5 49
4 50
4 50
3 51
3 51
2 50
2 50
1 50
1 50
1 49
2 48
2 47
2 47
2 46
2 45
3 44
3 43
3 42
3 41
3 41
3 40
3 39
4 38
4 37
4 36
4 35
4 35
4 34
5 33
5 32
5 31
6 30
6 29
6 29
6 28
7 27
7 26
7 25
7 24
8 23
8 22
8 22
8 21
9 20
9 19
9 18
9 17
10 16
10 15
10 14
10 14
11 13
11 12
12 11
12 10
13 9
13 9
13 8
14 7
14 6
14 5
14 5
15 4
16 3
16 3
17 2
18 1
18 1
19 0
19 0
19 0
20 0
20 0
21 1
21 1
22 2
22 2
22 3
22 4
22 4
22 5
21 6
21 7
21 7
21 8
21 9
21 10
21 11
21 12
21 12
21 13
21 14
20 15
20 16
20 17
20 18
20 18
20 19
19 20
19 21
19 22
19 23
18 24
18 25
18 26
18 26
18 27
17 28
17 29
17 30
17 31
16 32
16 33
16 34
16 34
16 35
16 36
16 37
16 38
15 39
15 40
15 41
15 42
15 43
15 43
15 44
15 45
14 46
14 47
14 48
14 49
14 50
13 51
13 52
13 53
13 53
13 54
13 55
13 56
13 57
12 58
12 59
12 60
12 61
12 62
12 62
12 63
12 64
12 65
12 66
12 67
12 68
12 69
12 70
12 71
12 71
12 72
12 73
12 74
11 75
11 76
11 77
11 78
11 78
11 79
11 80
10 81
10 82
10 83
10 84
10 84
10 85
10 86
9 87
9 88
9 89
9 90
9 90
9 91
8 92
8 93
8 94
8 94
7 95
7 96
6 97
6 97
6 98
5 99
5 100
5 100
4 100
4 100
3 100
3 100
2 99
2 98
2 98
2 97
1 96
1 95
1 94
1 94
1 93
1 92
1 91
1 90
1 89
1 88
1 88
1 87
1 86
1 85
0 84
0 83
0 82
0 81
0 81
0 80
0 79
0 78
0 77
0 76
0 75
0 74
0 73
0 72
0 72
0 71
0 70
0 69
0 68
0 67
0 66
0 65
0 64
0 64
0 63
0 62
0 61
0 60
0 59
0 58
0 58
0 57
0 56
0 55
0 55
0 54
0 54
1 53
1 53
2 52
2 52
3 51
4 50
5 50
6 49
7 48
8 47
9 47
10 46
11 45
12 44
13 44
14 43
15 42
16 41
17 41
18 40
19 39
20 38
21 38
22 37
23 36
24 35
25 35
26 34
26 34
27 33
27 32
28 31
28 31
28 30
28 29
28 29
28 28
28 28
29 28
29 28
30 28
31 28
31 28
31 29
31 29
31 30
32 31
32 32
32 32
32 33
32 34
32 35
32 36
32 36
32 37
32 38
31 39
31 40
31 41
31 42
31 42
31 43
31 44
31 45
31 46
31 47
31 47
31 48
31 49
31 50
31 51
31 51
31 52
31 53
31 54
31 55
31 55
32 56
32 57
32 57
32 58
32 58
32 59
32 59
33 59
33 59
33 58
33 58
33 57
33 56
33 56
34 55
34 54
35 53
35 52
35 52
35 51
36 50
36 49
36 48
36 47
37 46
37 45
37 45
37 44
38 43
38 42
38 41
38 40
39 39
39 38
39 37
39 37
39 36
40 35
40 34
40 33
40 32
41 31
41 30
41 29
41 29
41 28
42 27
42 26
43 25
43 24
43 24
43 23
44 22
44 21
44 20
44 20
44 20
44 20
43 20
43 20
43 20
42 21
42 21
41 22
41 23
41 23
41 24
41 25
41 25
40 26
40 26
40 27
40 27
41 27
41 27
41 26
41 26
41 27
41 28
42 29
42 30
42 31
42 32
42 32
42 32
42 32
42 32
43 31
43 30
44 29
44 29
45 28
45 27
45 27
46 26
46 26
46 26
46 26
46 26
46 26
45 27
45 27
44 28
44 29
44 29
43 30
43 31
43 31
42 32
42 33
41 34
41 34
41 35
40 36
40 37
40 37
40 38
39 39
39 40
39 40
39 41
39 42
39 42
40 43
40 43
41 43
42 43
42 43
43 42
44 42
44 42
45 41
46 40
46 40
47 39
48 38
48 38
49 37
49 36
49 36
50 35
51 34
51 34
52 33
52 32
52 32
52 31
52 30
52 30
53 29
53 29
53 29
52 29
52 29
51 30
51 30
50 31
50 32
50 32
50 33
50 33
49 34
49 34
50 35
50 35
51 35
51 35
52 34
52 34
53 33
54 33
54 33
55 32
56 32
57 31
57 31
58 30
58 29
58 29
59 28
60 27
60 27
61 26
62 25
62 25
63 24
63 24
64 24
64 24
64 24
65 25
65 25
65 25
65 26
65 26
65 26
66 27
66 27
67 27
67 27
68 26
68 26
69 25
70 25
70 25
71 24
72 24
72 24
73 23
74 23
74 23
75 23
76 22
77 22
77 22
78 21
79 20
79 20
80 20
81 19
82 19
82 19
83 18
84 18
85 17
86 17
86 17
87 16
88 16
89 15
90 15
91 14
91 14
92 13
93 13
94 12
95 12
95 12
96 11
97 11
98 10
98 10
99 10
100 10
100 10
99 10
98 10
