27 25
27 25
27 25
26 24
26 23
26 23
26 22
26 22
27 22
27 22
27 21
27 21
27 20
27 20
28 20
28 20
28 20
28 20
28 20
28 20
28 21
28 22
28 22
27 23
27 24
27 24
26 25
25 26
25 26
25 27
24 28
24 29
24 29
23 30
22 31
22 31
21 32
20 32
20 32
19 33
19 34
19 34
18 34
18 34
17 35
17 35
17 34
17 34
17 34
16 33
16 33
16 32
16 31
16 30
16 30
16 29
17 28
17 27
17 27
17 26
18 25
18 24
18 24
18 23
18 22
19 21
19 20
19 19
19 19
19 18
19 17
20 16
20 15
20 14
20 14
20 13
21 12
21 11
22 10
22 9
22 9
23 8
23 7
24 6
24 5
24 5
24 4
25 3
25 2
25 2
26 1
27 1
27 1
28 0
28 0
29 0
29 0
29 1
29 1
30 2
30 2
30 3
30 4
30 4
31 5
31 6
31 6
31 7
31 8
31 9
31 9
31 10
31 11
31 12
31 13
31 13
31 14
31 15
31 16
31 17
31 18
31 19
31 19
31 20
31 21
31 22
30 23
30 24
30 25
30 26
30 26
30 27
29 28
29 29
29 30
29 31
28 32
28 33
28 34
28 34
28 35
28 36
28 37
28 38
28 39
27 40
27 41
27 42
27 43
27 44
27 45
27 45
27 46
27 47
26 48
26 49
26 50
26 51
26 52
26 53
25 54
25 55
25 56
25 57
25 57
25 58
25 59
24 60
24 61
24 62
24 63
24 64
24 65
23 66
23 67
23 68
23 68
23 69
23 70
23 71
23 72
23 73
22 74
22 75
22 76
22 77
22 78
22 79
22 79
22 80
21 81
21 82
21 83
21 84
20 85
20 86
20 86
20 87
20 88
19 89
19 90
19 91
19 91
19 92
18 93
18 94
18 95
18 95
18 96
17 97
17 98
17 98
16 99
16 100
16 100
15 100
14 100
14 100
13 99
12 99
11 98
11 98
10 97
10 96
9 95
9 95
9 94
8 93
8 92
7 91
7 90
6 89
6 88
6 88
6 87
5 86
5 85
5 84
4 83
4 82
4 81
4 80
3 79
3 78
3 78
3 77
2 76
2 75
2 74
2 73
1 72
1 71
1 70
1 69
0 68
0 67
0 67
0 66
0 65
0 64
0 63
0 62
0 61
0 60
0 59
0 59
1 58
2 58
3 57
4 56
5 56
6 55
7 55
8 54
9 53
10 53
11 52
12 51
13 51
14 50
15 50
16 49
17 48
18 48
19 47
20 46
21 46
22 45
23 45
24 44
25 43
26 43
27 42
28 41
29 41
30 40
31 40
32 39
33 38
34 38
35 37
36 36
37 36
38 35
39 35
40 34
41 33
42 33
43 32
43 32
43 32
43 32
43 32
44 31
44 30
44 30
44 29
44 29
45 28
45 28
45 28
45 28
45 29
45 30
45 30
45 31
45 32
45 32
45 33
45 34
45 35
45 36
45 37
45 37
45 38
45 39
44 40
44 41
44 42
44 43
44 43
44 44
44 45
44 46
44 47
44 48
44 49
44 49
44 50
44 51
43 52
43 53
43 54
43 54
43 55
43 56
43 57
43 58
43 58
43 59
43 60
43 60
44 61
44 61
45 61
45 61
46 61
46 61
47 60
47 60
47 59
48 58
48 57
48 57
49 56
49 55
49 55
49 54
49 53
49 52
49 52
49 51
50 50
50 49
50 48
50 48
50 47
50 46
51 45
51 44
51 43
51 43
51 42
51 41
51 40
51 39
51 38
51 38
51 37
51 36
52 35
52 34
52 33
52 32
52 32
52 31
53 30
53 29
53 29
54 28
54 27
54 27
54 27
54 27
54 27
54 28
54 28
53 29
53 30
53 30
52 31
52 32
52 32
53 32
54 32
55 32
56 32
57 32
58 32
59 32
60 32
60 32
61 31
61 31
61 30
61 30
61 29
61 28
61 28
61 27
61 27
61 27
61 26
61 26
61 26
61 26
61 26
61 26
61 26
61 27
61 27
61 28
60 29
60 30
60 30
59 31
59 32
58 33
58 34
58 34
57 35
57 36
56 37
56 38
56 38
56 39
56 40
55 41
55 42
55 43
55 43
55 44
55 45
55 46
55 46
55 47
55 48
55 48
56 48
56 48
57 47
57 47
58 46
58 46
59 45
59 44
59 44
59 43
60 42
60 41
60 41
61 40
61 39
61 39
61 38
62 37
62 36
62 36
62 35
62 34
62 34
63 33
63 32
63 32
63 32
63 33
63 33
63 34
63 35
63 35
63 36
63 37
63 38
63 38
63 39
63 40
63 40
64 41
64 41
64 42
64 42
65 42
66 42
66 42
67 41
68 40
68 40
69 39
70 38
70 38
71 37
72 37
73 36
73 36
74 35
74 34
74 34
75 33
76 32
76 32
77 31
77 30
77 30
78 29
78 29
78 28
78 28
78 29
78 29
79 29
79 29
79 30
79 30
80 30
80 30
81 31
81 31
82 32
83 32
83 32
84 33
85 33
85 33
86 34
86 34
87 34
87 34
88 34
89 34
90 34
90 34
91 33
92 33
93 32
93 32
94 31
95 31
96 30
97 30
98 29
99 29
100 28
