27 38
27 38
27 38
27 38
27 38
27 39
27 39
26 40
26 41
26 41
25 42
25 43
24 44
24 44
23 45
22 46
22 46
21 47
20 48
20 48
19 48
18 48
18 48
17 48
16 48
16 48
15 47
15 46
15 46
15 45
15 44
15 43
15 43
15 42
15 41
16 40
16 39
16 38
16 37
16 37
16 36
17 35
17 34
17 33
17 32
18 31
18 30
18 29
18 29
18 28
19 27
19 26
20 25
20 24
21 23
21 22
22 21
22 20
22 20
22 19
23 18
23 17
24 16
24 15
25 14
25 13
25 13
26 12
26 11
27 10
28 9
28 8
29 7
29 7
30 6
31 5
31 4
32 3
33 2
33 2
34 1
35 0
35 0
36 1
37 1
37 1
38 2
38 2
38 3
38 4
38 5
38 6
38 6
38 7
38 8
38 9
38 10
38 11
38 12
38 13
38 14
38 14
38 15
38 16
38 17
38 18
37 19
37 20
37 21
37 22
37 23
37 24
37 24
37 25
37 26
37 27
36 28
36 29
36 30
36 31
36 32
36 33
36 34
35 35
35 36
35 37
35 38
35 38
35 39
34 40
34 41
34 42
33 43
33 44
32 45
32 46
32 47
31 48
31 49
31 50
30 51
30 52
30 52
30 53
29 54
29 55
29 56
29 57
28 58
28 59
28 60
27 61
27 62
27 63
27 64
26 65
26 66
26 66
26 67
25 68
25 69
25 70
24 71
24 72
23 73
23 74
23 75
22 76
22 77
22 78
21 79
21 80
21 80
20 81
20 82
19 83
19 84
18 85
18 86
17 87
17 88
16 89
16 90
16 90
15 91
15 92
14 93
14 94
13 95
13 96
13 96
12 97
11 98
10 99
9 100
9 100
8 100
7 100
7 100
6 99
5 99
4 98
4 98
3 97
3 96
2 95
2 94
2 94
2 93
1 92
1 91
1 90
1 89
0 88
0 87
0 86
0 86
1 85
2 84
3 83
4 82
5 82
6 81
7 80
8 79
9 78
10 77
11 76
12 75
13 74
14 74
15 73
16 72
17 71
18 70
19 69
20 68
21 67
22 66
23 66
24 65
25 64
26 63
27 62
28 61
29 60
30 59
31 58
32 58
33 57
34 56
35 55
36 54
36 54
35 53
34 52
33 51
33 51
32 50
32 50
31 49
31 49
31 48
31 48
31 47
31 47
31 47
31 48
31 48
31 49
31 50
31 51
31 51
31 52
31 53
31 54
31 55
31 55
31 56
31 57
31 58
31 59
31 60
31 61
31 62
31 62
31 63
32 64
32 65
32 65
33 66
33 67
33 67
34 68
34 68
35 67
36 67
37 66
37 66
38 65
39 64
40 63
40 63
41 62
41 61
42 60
42 59
43 58
43 57
44 56
44 56
44 55
45 54
45 53
46 52
46 51
46 50
47 49
47 48
47 48
47 47
48 46
48 45
49 44
49 43
49 43
49 44
49 45
49 46
49 47
49 48
50 49
50 50
50 51
50 52
50 53
50 54
50 55
50 56
50 57
50 58
50 59
51 60
51 61
51 62
51 63
51 64
51 65
51 65
52 66
53 66
54 67
55 67
55 67
55 66
55 66
55 66
55 65
56 64
56 63
56 63
56 62
56 61
56 60
56 59
56 58
56 58
56 57
57 56
57 55
57 54
57 54
57 53
57 52
57 51
57 51
57 50
57 49
57 48
57 48
57 47
57 46
57 46
56 46
56 46
55 46
55 46
54 47
53 47
53 47
52 48
52 49
52 49
51 50
51 51
50 52
50 53
50 53
50 54
49 55
49 56
49 57
49 57
49 58
49 59
49 60
49 61
49 62
49 62
49 63
50 64
50 65
50 65
51 66
51 67
51 67
52 67
53 67
53 67
54 66
55 66
55 66
56 65
56 64
57 63
57 63
58 62
58 61
59 60
59 60
60 59
60 58
61 57
61 57
61 56
61 56
61 56
60 56
60 56
59 57
59 58
59 58
59 59
59 60
59 60
59 61
58 62
58 63
58 63
59 64
59 64
59 65
59 65
60 66
60 66
61 65
62 65
62 65
63 64
64 63
64 63
65 62
66 61
66 61
66 60
67 59
67 58
67 58
68 57
68 56
68 56
69 55
69 55
68 55
68 55
68 56
68 57
68 57
67 58
67 58
67 59
67 60
67 61
67 61
67 62
68 63
68 64
68 64
69 65
69 66
69 66
70 67
71 67
71 67
72 67
73 67
74 67
74 67
75 67
76 66
77 66
78 65
79 65
79 65
80 64
81 63
82 63
83 62
84 61
85 60
86 60
87 59
87 59
88 58
89 58
90 57
91 56
92 56
93 55
94 54
95 53
96 53
97 52
98 51
99 51
100 50
