22 46
22 46
22 46
22 46
22 46
22 46
22 46
22 46
22 46
22 47
21 48
21 49
21 49
20 50
20 51
20 51
19 52
19 53
19 53
18 54
18 55
18 55
17 56
17 56
17 57
17 58
17 58
16 59
16 59
15 59
15 59
15 60
15 60
14 60
14 60
13 59
13 59
12 58
12 58
11 57
11 56
11 56
10 55
9 54
8 53
8 53
8 52
7 51
7 50
7 50
7 49
6 48
6 47
6 47
6 46
5 45
5 44
5 43
5 43
5 42
4 41
4 40
4 40
4 39
4 38
4 37
4 37
4 36
4 35
4 34
4 34
4 33
4 32
4 32
4 31
4 31
4 30
4 30
5 29
5 28
5 28
6 27
7 26
7 26
8 25
9 25
10 24
10 24
11 23
12 22
13 22
14 21
14 21
15 20
16 19
17 19
18 18
19 17
19 17
20 16
21 15
22 15
23 14
23 14
24 13
25 12
26 11
27 10
27 10
28 9
29 8
30 7
30 7
31 6
32 5
33 4
33 4
34 3
35 2
35 2
36 1
37 1
37 1
37 0
37 0
37 0
37 1
37 1
36 1
36 1
35 2
35 3
35 3
34 4
33 5
33 5
33 6
32 7
32 8
32 8
32 9
31 10
31 11
31 11
31 12
30 13
30 14
30 14
30 15
30 16
30 17
30 17
30 18
29 19
29 20
29 20
29 21
28 22
28 23
28 24
28 24
28 25
28 26
27 27
27 28
27 29
27 29
27 30
27 31
26 32
26 33
26 34
26 34
26 35
26 36
25 37
25 38
25 39
25 40
25 40
25 41
25 42
25 43
24 44
24 45
24 46
24 47
24 48
24 48
24 49
23 50
23 51
23 52
23 53
22 54
22 55
22 56
22 56
22 57
22 58
22 59
21 60
21 61
21 62
21 63
21 64
21 64
21 65
21 66
20 67
20 68
20 69
20 70
20 70
20 71
19 72
19 73
19 74
19 75
18 76
18 77
18 77
18 78
18 79
17 80
17 81
17 82
17 82
17 83
16 84
16 85
16 86
16 86
15 87
15 88
14 89
14 90
14 90
14 91
13 92
13 93
13 93
13 94
12 95
12 96
12 96
11 97
11 98
11 98
10 99
10 99
9 100
8 100
8 100
7 100
7 100
6 100
6 100
5 100
4 100
4 100
3 100
3 100
3 100
2 99
1 99
1 99
0 98
0 97
0 97
0 96
0 96
0 95
0 94
0 94
0 93
0 92
0 92
0 91
0 90
0 90
0 89
0 88
0 88
1 87
1 86
1 86
1 85
1 84
1 83
1 83
1 82
2 81
2 80
2 80
3 79
3 78
4 77
4 77
5 76
5 75
6 74
6 73
6 73
7 72
8 71
8 70
9 69
9 69
10 68
11 67
11 66
12 65
13 64
13 64
14 63
14 62
15 61
16 60
16 59
17 58
18 57
19 56
19 55
20 54
21 53
21 52
22 51
23 50
23 49
24 48
25 47
26 46
26 45
27 44
28 43
28 42
29 41
30 40
30 39
31 38
32 37
33 36
33 35
34 34
35 33
35 32
36 31
36 31
36 30
37 29
37 28
37 28
38 28
38 28
38 27
38 27
38 27
38 26
38 26
38 26
38 26
38 26
38 27
38 27
37 28
37 28
37 29
36 30
36 31
36 31
36 32
35 33
35 34
35 34
34 35
34 36
33 37
33 38
33 38
33 39
32 40
32 41
31 42
31 43
31 43
31 44
31 45
30 46
30 47
30 48
30 48
30 49
30 50
29 51
29 52
29 53
29 54
29 54
29 55
28 56
28 57
28 58
28 58
28 59
28 60
28 61
28 62
28 62
28 63
28 63
28 64
28 65
28 66
28 66
28 67
28 67
28 67
28 68
28 68
28 68
29 68
29 68
30 67
30 67
30 66
31 65
31 64
31 64
31 63
31 62
32 61
32 60
32 59
32 59
32 58
33 57
33 56
34 55
34 54
34 54
34 53
35 52
35 51
35 50
35 50
35 49
35 48
36 47
36 46
36 45
36 45
36 44
37 43
37 42
37 41
37 41
38 40
38 39
39 38
39 38
39 37
40 36
40 35
40 35
41 34
42 33
42 33
43 32
43 32
44 31
44 31
45 30
45 30
45 29
45 29
46 29
46 29
46 29
46 29
46 29
46 29
46 29
46 29
46 29
46 29
46 29
46 29
46 29
46 29
46 29
46 29
46 29
46 29
46 29
46 29
46 29
46 29
45 29
45 29
45 30
45 31
45 31
44 32
44 32
44 33
44 33
43 34
43 35
43 35
43 36
43 37
43 38
43 38
42 39
42 40
42 40
42 41
42 42
42 43
42 43
42 44
41 45
41 46
41 47
41 47
41 48
41 49
41 50
41 51
41 51
41 52
41 53
41 54
41 55
41 55
40 56
40 57
40 57
40 58
40 59
40 59
41 60
41 60
41 61
41 62
41 62
42 63
42 63
42 64
42 64
43 64
43 64
44 65
44 65
44 65
45 64
45 64
45 63
45 63
45 62
46 61
46 60
46 60
46 59
47 58
47 57
47 57
48 56
48 55
49 54
49 54
49 53
49 52
49 51
49 50
49 50
49 49
50 48
50 47
50 47
50 46
51 45
51 44
51 44
51 43
50 42
50 41
50 41
50 40
50 39
50 38
50 38
49 37
49 37
48 36
48 36
47 36
47 36
46 36
46 36
45 36
45 36
45 35
45 35
45 35
46 35
46 35
46 35
47 34
47 34
48 33
49 33
49 33
50 32
51 32
51 32
52 31
53 31
54 30
54 30
55 29
56 29
57 28
57 28
58 27
59 27
59 27
60 27
61 27
61 27
62 27
62 27
62 28
62 28
62 29
62 30
62 31
62 31
62 32
62 33
62 34
62 35
62 35
62 36
62 37
62 38
62 39
62 39
62 40
62 41
62 42
62 43
62 43
62 44
63 45
63 46
63 46
63 47
63 48
63 49
63 49
63 50
63 50
63 51
63 51
64 52
64 52
64 53
64 53
64 53
65 53
65 53
66 52
66 51
66 51
66 50
67 49
67 48
67 47
67 47
67 46
68 45
68 44
68 43
68 43
68 42
69 41
69 40
69 39
69 39
69 38
70 37
70 36
70 36
71 35
71 34
71 34
71 33
71 33
72 33
72 33
72 33
72 34
72 34
72 35
72 36
72 37
72 37
72 38
72 39
73 40
73 41
73 42
73 42
73 43
74 44
74 45
74 45
75 46
75 47
76 48
76 48
77 49
78 49
79 50
79 50
80 51
81 52
81 52
82 52
83 52
84 52
84 52
85 52
86 51
87 51
87 51
88 50
89 50
90 49
91 49
91 49
92 48
93 47
94 46
95 45
95 45
96 44
97 43
98 43
99 42
100 41
