6 12
7 11
7 10
7 10
7 9
7 9
7 9
7 9
7 10
8 11
8 12
8 12
8 13
8 14
8 15
8 16
8 17
8 17
8 18
8 19
8 20
8 21
8 22
8 23
8 24
8 24
8 25
8 26
8 27
8 28
8 29
8 30
8 31
8 32
8 32
8 33
8 34
8 35
8 36
8 37
8 38
8 39
8 40
8 41
8 41
8 42
8 43
8 44
8 45
9 46
9 47
9 48
9 49
9 50
9 50
9 51
9 52
9 53
9 54
9 55
9 56
9 57
9 58
9 58
9 59
9 60
9 61
9 62
9 63
9 64
9 64
9 65
9 66
9 67
9 68
9 69
9 69
9 70
9 71
9 72
9 73
9 73
9 74
9 75
9 76
9 76
9 77
9 78
9 78
9 78
9 77
9 77
9 76
9 75
9 74
8 73
8 72
8 71
8 70
8 69
8 68
8 67
8 66
7 65
7 64
7 63
7 62
7 61
7 60
7 59
7 58
6 57
6 56
6 55
6 54
6 53
6 52
6 51
5 50
5 49
5 48
5 47
5 46
5 45
5 44
5 43
4 42
4 41
4 40
4 39
4 38
4 37
4 36
4 35
3 34
3 33
3 32
3 31
3 30
3 29
3 28
3 27
2 26
2 25
2 24
2 23
2 23
2 22
1 21
1 20
1 19
0 18
0 17
0 17
0 16
0 16
0 15
0 14
0 14
0 14
1 14
2 14
2 14
3 14
4 14
4 14
5 14
6 14
6 14
7 14
8 13
9 13
10 13
10 13
11 13
12 12
13 12
13 12
14 12
15 12
16 12
17 12
17 12
18 12
18 12
19 12
19 12
19 13
19 14
19 14
18 15
18 16
18 16
17 17
16 18
15 19
15 19
14 20
14 21
13 22
13 22
12 23
11 23
10 24
10 24
9 25
8 26
8 26
7 27
7 28
7 28
6 29
6 29
6 29
7 29
7 29
8 30
9 30
9 30
10 30
11 30
11 30
12 30
13 30
14 30
14 30
15 30
16 30
16 30
17 31
18 31
18 31
19 32
19 32
19 33
19 34
19 34
18 35
18 36
18 36
17 37
16 38
16 38
15 39
15 40
14 41
14 41
13 42
12 43
12 43
11 44
10 44
10 44
10 45
10 45
9 45
9 45
9 45
10 44
10 44
11 43
12 42
12 42
12 41
13 40
13 39
14 38
14 37
15 36
15 35
16 34
16 33
17 32
17 31
18 30
18 29
19 28
19 27
20 26
20 25
20 24
21 23
21 22
22 21
22 20
23 19
23 18
24 17
24 16
25 15
25 14
26 13
26 12
27 11
27 10
28 9
28 8
28 8
27 9
27 9
26 8
26 8
26 8
26 7
26 7
27 7
27 7
28 6
29 6
29 6
30 6
31 5
32 5
32 5
33 5
34 4
35 4
35 4
36 4
37 4
37 4
38 4
39 3
40 3
40 3
41 3
42 3
43 3
43 3
44 2
44 2
44 2
43 3
42 3
41 4
40 5
39 6
38 6
37 7
36 8
35 9
34 9
33 10
32 11
31 11
30 12
29 13
28 14
27 14
26 15
26 15
26 16
26 17
25 18
25 19
25 20
25 20
25 21
25 21
25 22
25 22
25 23
26 24
26 25
26 26
26 26
26 27
27 28
27 29
27 30
27 30
28 31
28 32
29 33
29 33
30 34
30 35
31 36
31 36
32 37
32 38
32 38
33 39
33 40
33 40
34 41
34 41
35 42
35 42
35 42
35 42
34 42
34 42
33 41
33 41
32 40
32 40
31 39
30 38
30 38
30 37
29 36
29 35
29 35
29 34
29 33
29 32
29 32
29 31
29 30
29 30
29 29
29 28
29 27
29 27
30 26
30 26
31 25
31 24
31 24
32 23
32 23
33 22
34 21
34 21
35 20
36 19
36 19
37 18
38 18
39 17
39 17
40 17
41 17
42 17
42 17
43 17
44 17
44 17
45 18
46 19
46 19
47 20
47 21
47 21
47 22
47 23
47 24
47 25
47 25
47 26
46 27
46 28
46 28
46 29
45 30
45 31
45 31
45 32
44 33
44 34
44 34
43 35
43 36
42 37
42 37
41 38
41 39
40 40
40 40
39 41
38 42
38 42
37 43
36 43
35 44
35 44
34 44
34 44
33 44
33 44
32 43
32 43
32 42
32 41
32 41
32 40
33 39
33 38
33 38
34 37
34 36
35 35
35 35
36 34
36 33
37 32
37 32
38 31
39 31
40 30
40 30
41 29
42 28
43 27
43 27
44 26
44 25
44 25
45 24
45 24
45 23
45 23
44 22
44 21
43 20
43 19
42 18
42 17
41 16
41 15
40 14
40 13
39 12
39 11
38 10
38 9
37 8
37 7
36 6
36 5
36 5
36 4
36 3
36 2
36 2
35 1
35 1
35 0
35 0
35 1
35 1
35 2
35 2
35 3
35 4
35 5
35 6
35 6
35 7
35 8
35 9
36 10
36 11
36 12
36 13
36 13
36 14
36 15
36 16
36 17
36 18
36 19
36 20
36 21
36 22
36 22
36 23
36 24
36 25
36 26
36 27
36 28
36 29
36 30
36 31
36 32
36 33
36 33
36 34
36 35
36 36
36 37
36 38
37 39
37 40
37 41
37 42
37 43
37 44
37 44
37 45
37 46
37 47
37 48
37 49
37 50
37 51
37 52
37 53
37 54
37 55
37 55
37 56
37 57
37 58
37 59
37 60
37 61
37 62
37 63
37 64
37 64
37 65
37 66
37 67
37 68
37 69
37 70
37 71
37 72
37 72
37 73
37 74
37 75
37 76
37 77
37 78
37 79
37 80
37 80
37 81
37 82
37 83
37 84
37 85
37 86
37 87
37 87
37 88
37 89
37 90
37 91
37 92
37 93
37 93
37 94
37 95
37 96
37 97
37 98
37 98
37 99
37 100
37 100
37 100
37 99
37 99
37 98
37 97
37 96
37 95
37 94
37 93
37 92
37 91
37 90
37 89
37 88
37 87
37 86
37 85
37 84
37 83
37 82
37 81
37 80
37 79
37 78
37 77
37 76
37 75
37 74
36 73
36 72
36 71
36 70
36 69
36 68
36 67
36 66
36 65
36 64
36 63
36 62
36 61
36 60
36 59
36 58
36 57
36 56
36 55
36 54
36 53
36 52
36 51
36 50
36 49
36 48
36 48
36 47
36 46
36 45
36 44
36 43
36 43
35 43
35 43
34 44
34 45
34 45
33 46
33 47
33 47
33 48
32 49
32 50
32 51
32 51
32 52
31 53
31 54
31 54
31 55
31 56
30 57
30 58
30 59
30 59
30 60
29 61
29 62
28 63
28 64
28 64
28 65
27 66
27 67
27 68
27 69
26 70
26 71
26 71
26 72
25 73
25 74
25 75
24 76
24 77
24 77
23 78
23 79
22 80
22 81
21 82
21 82
20 83
20 84
19 85
19 86
19 86
18 87
18 88
18 88
17 87
17 87
17 86
17 85
17 85
17 84
18 83
18 82
18 81
18 81
19 80
19 79
20 78
20 77
20 77
21 76
21 75
22 74
22 73
23 72
23 72
23 71
24 70
24 69
25 68
25 67
25 67
26 66
26 65
27 64
27 63
28 62
28 61
28 61
29 60
30 59
31 58
32 57
32 57
32 56
33 55
33 54
34 53
34 52
34 52
35 51
36 50
37 49
37 49
38 49
39 49
39 49
40 50
41 50
41 50
42 51
42 52
43 53
43 53
44 54
44 55
45 56
45 57
45 57
46 58
46 59
47 60
47 61
48 62
48 62
49 63
50 64
50 65
51 66
51 66
52 67
53 68
54 69
55 70
55 70
56 71
57 71
58 72
59 72
59 72
60 72
61 72
62 73
63 73
64 73
65 73
65 73
66 73
67 73
68 73
69 73
70 73
71 73
71 73
72 73
73 73
74 73
75 73
76 73
77 73
77 73
78 73
79 73
80 72
81 72
82 72
83 72
83 72
84 72
85 72
86 72
87 72
88 72
89 72
89 72
90 72
91 72
92 71
93 71
94 71
94 71
95 71
96 70
97 70
98 70
99 69
100 69
