0 9
1 8
1 8
1 8
1 8
1 9
1 9
1 10
1 11
1 11
1 12
1 13
1 14
1 15
1 15
1 16
1 17
1 18
1 19
1 20
1 20
1 21
1 22
1 23
2 24
2 25
2 26
2 27
2 28
2 28
2 29
3 30
3 31
3 32
3 33
4 34
4 35
4 36
4 36
4 37
4 38
4 39
4 40
5 41
5 42
5 43
5 44
5 45
5 46
5 46
5 47
6 48
6 49
6 50
6 51
7 52
7 53
7 54
7 54
7 55
7 56
7 57
7 58
7 59
7 60
7 61
7 61
7 62
7 63
8 64
8 65
8 66
8 66
8 67
8 68
7 69
7 70
7 71
7 71
7 72
7 73
7 74
7 74
7 75
7 76
7 76
7 77
7 77
7 76
7 76
7 75
7 75
7 74
7 73
7 72
7 71
7 70
7 69
7 68
7 67
7 66
7 65
7 64
7 63
7 62
7 61
6 60
6 59
6 58
6 57
6 56
6 55
6 54
6 53
6 52
6 51
6 50
6 49
6 48
6 47
6 46
6 45
6 44
6 43
6 42
6 41
6 40
6 39
6 38
6 37
6 36
6 35
6 34
6 33
6 32
6 31
5 30
5 29
5 28
5 27
5 26
5 25
5 24
5 23
5 22
5 21
5 20
5 19
5 18
5 17
5 16
5 15
5 15
5 14
6 13
6 12
6 12
5 11
5 11
4 11
3 11
3 11
2 11
2 11
1 10
1 10
0 10
0 10
0 10
0 10
1 9
1 9
2 9
3 9
3 9
4 9
5 9
5 9
6 9
7 10
8 10
8 10
9 10
10 10
11 10
12 10
12 10
13 10
14 10
14 10
15 10
15 10
16 11
16 11
16 12
16 12
15 13
14 13
14 13
13 14
12 15
12 15
11 16
10 17
9 18
9 18
8 19
7 20
6 21
6 21
5 22
4 22
3 23
3 23
2 24
1 24
1 24
1 25
1 25
1 25
2 25
2 25
3 26
4 26
4 26
5 26
6 26
7 26
7 26
8 26
9 26
10 26
11 26
11 26
12 27
13 27
13 27
14 28
15 28
15 28
16 29
17 29
17 29
16 30
16 31
16 31
15 32
15 33
15 33
14 34
14 35
13 36
13 36
12 37
12 38
11 39
11 39
10 40
10 41
9 42
9 42
8 43
7 43
7 43
6 44
5 44
5 44
5 44
6 43
7 42
8 41
8 40
9 39
10 38
11 37
12 36
13 35
14 34
15 33
15 32
16 31
17 30
18 29
19 28
20 27
21 26
21 25
22 24
23 23
24 22
25 21
26 20
27 19
28 18
28 17
29 16
30 15
31 14
31 14
31 15
31 16
31 16
30 16
30 16
30 15
30 15
30 15
30 14
30 14
31 13
32 13
32 13
33 12
34 11
34 11
35 10
36 10
37 9
37 9
38 9
39 8
40 8
40 8
41 8
42 7
43 7
44 7
44 7
45 7
46 6
47 6
47 6
48 6
49 5
50 5
50 5
51 5
51 5
51 5
51 5
50 6
49 6
48 7
47 7
46 8
45 9
44 9
43 10
42 10
41 11
40 11
39 12
38 13
37 13
36 14
35 14
34 15
33 16
32 16
31 17
30 17
29 18
28 18
27 19
27 19
26 20
26 21
25 22
25 22
25 21
25 21
26 22
26 22
27 23
27 24
27 24
28 25
29 25
30 26
30 26
31 27
31 28
32 29
32 29
33 30
33 31
34 32
34 32
35 33
36 34
37 35
37 35
38 36
38 37
38 37
39 38
40 38
40 38
41 39
41 39
41 40
41 40
41 40
40 40
40 40
39 40
39 40
38 40
38 40
37 39
37 38
37 38
36 37
36 37
36 36
36 35
36 35
36 34
36 33
36 33
36 32
35 31
35 30
35 30
36 29
36 28
36 28
36 27
37 26
37 25
37 25
38 24
38 23
38 23
39 22
40 22
41 21
41 21
42 20
43 20
44 19
44 19
45 19
46 18
47 18
48 18
48 18
49 18
50 18
51 18
52 18
52 18
53 18
54 19
55 19
55 19
56 19
57 20
58 20
58 20
59 21
60 22
60 22
61 23
61 24
61 24
61 25
60 26
60 27
60 27
60 28
59 29
59 30
59 30
58 31
58 32
57 33
57 33
56 34
55 35
54 36
54 36
53 37
52 37
51 38
51 38
50 39
49 40
48 41
48 41
47 42
46 42
45 43
44 43
44 43
43 43
42 44
41 44
41 44
40 44
39 44
39 44
38 43
38 43
37 42
37 42
38 41
38 40
38 40
39 39
39 38
39 38
40 37
41 36
41 36
42 35
43 34
44 33
44 33
45 32
46 32
47 31
48 31
48 31
49 30
50 30
51 29
52 29
52 29
53 29
54 28
55 28
55 28
56 28
57 27
58 27
58 27
59 27
59 27
59 27
59 27
58 28
57 28
57 28
57 27
56 26
56 25
55 24
55 23
54 22
54 21
53 20
53 19
52 18
52 17
51 16
51 15
50 14
50 13
49 12
49 11
48 10
48 9
47 8
47 7
46 6
46 5
45 4
45 3
44 2
44 1
44 1
44 1
44 0
44 0
43 1
43 1
43 2
43 2
44 3
44 3
44 4
44 5
44 5
44 6
45 7
45 8
45 8
45 9
45 10
45 11
45 12
45 13
45 13
45 14
45 15
45 16
45 17
46 18
46 19
46 20
46 21
46 22
46 22
46 23
46 24
47 25
47 26
47 27
47 28
47 29
48 30
48 31
48 32
48 32
48 33
48 34
48 35
48 36
48 37
49 38
49 39
49 40
49 41
49 42
49 43
49 44
49 44
49 45
49 46
49 47
49 48
49 49
50 50
50 51
50 52
50 53
50 54
50 55
50 56
50 56
50 57
50 58
50 59
50 60
50 61
49 62
49 63
49 64
49 65
49 66
49 67
49 68
49 68
49 69
49 70
49 71
48 72
48 73
48 74
48 75
48 76
48 76
48 77
48 78
47 79
47 80
47 81
47 82
47 82
47 83
47 84
46 85
46 86
46 87
46 88
46 88
46 89
46 90
45 91
45 92
45 93
45 93
45 94
45 95
45 96
45 97
45 97
45 98
45 99
45 100
45 100
45 100
46 100
46 100
46 99
46 98
46 97
46 96
46 95
46 94
46 93
46 92
46 91
46 90
46 89
46 88
46 87
46 86
46 85
46 84
46 83
46 82
46 81
46 80
46 79
46 78
46 77
46 76
46 75
47 74
47 73
47 72
47 71
47 70
47 69
47 68
47 67
47 66
47 65
47 64
47 63
47 62
47 61
47 60
47 59
47 58
47 57
47 56
47 55
47 54
47 53
47 52
47 51
47 50
47 49
47 48
47 48
47 47
47 46
47 46
47 45
47 45
46 45
46 45
45 46
45 46
44 46
43 46
43 46
42 47
42 48
42 48
41 49
41 50
40 51
40 51
39 52
39 53
38 54
38 54
38 55
37 56
37 57
37 58
36 59
36 60
36 60
36 61
35 62
35 63
35 64
35 65
34 66
34 67
34 67
33 68
33 69
32 70
32 71
31 72
31 73
31 73
30 74
29 75
29 76
28 77
28 77
28 78
27 79
27 80
27 81
27 81
26 82
25 82
25 82
24 82
23 82
23 82
23 81
23 81
23 80
24 79
24 78
24 78
24 77
25 76
25 75
25 75
26 74
26 73
27 72
27 72
28 71
29 70
29 69
30 68
30 68
31 67
31 66
32 65
32 64
32 64
33 63
34 62
34 61
35 60
35 60
36 59
37 58
37 57
38 56
38 56
39 55
40 54
41 53
41 53
42 52
43 51
44 50
44 50
45 50
46 49
47 49
47 49
48 49
49 50
50 50
50 50
51 50
52 51
53 51
53 51
54 52
55 53
56 54
56 54
57 55
58 56
59 56
60 57
60 57
61 58
62 59
63 59
64 60
64 60
65 61
66 61
67 62
68 62
69 63
69 63
70 64
71 65
72 65
73 66
73 66
74 67
75 67
76 68
77 68
78 69
78 69
79 70
80 71
81 71
82 72
82 72
83 73
84 74
85 75
85 75
86 76
87 76
88 77
89 77
89 77
90 77
91 78
92 78
92 78
93 78
94 79
95 79
95 79
96 78
97 78
97 78
98 78
99 77
100 77
