8 23
8 23
9 22
9 21
9 21
9 21
9 22
9 22
9 22
9 23
9 24
9 24
9 25
9 26
9 27
9 28
9 28
9 29
9 30
9 31
9 32
9 33
9 34
9 35
9 35
9 36
9 37
9 38
9 39
10 40
10 41
10 42
10 43
10 44
10 45
10 45
10 46
10 47
10 48
10 49
11 50
11 51
11 52
11 53
11 54
11 55
11 55
11 56
11 57
11 58
11 59
11 60
11 61
11 62
11 63
11 63
11 64
11 65
11 66
11 67
11 68
11 69
11 70
11 71
11 71
11 72
11 73
11 74
11 75
11 75
11 76
11 77
11 78
11 79
11 79
11 80
11 81
11 81
11 82
11 83
11 83
11 83
11 84
11 84
11 83
11 83
11 82
11 81
10 80
10 79
10 78
10 77
10 76
9 75
9 74
9 73
9 72
9 71
8 70
8 69
8 68
8 67
8 66
8 65
7 64
7 63
7 62
7 61
7 60
6 59
6 58
6 57
6 56
6 55
5 54
5 53
5 52
5 51
5 50
4 49
4 48
4 47
4 46
4 45
3 44
3 43
3 42
3 41
3 40
3 39
2 38
2 37
2 36
2 35
2 34
1 33
1 32
1 31
1 30
1 29
0 28
0 27
0 26
0 26
0 26
0 26
0 26
0 26
0 26
0 26
0 25
0 24
0 24
1 23
1 23
2 22
2 22
3 21
4 21
4 21
5 21
6 21
6 21
7 21
8 21
9 21
9 21
10 21
11 21
11 21
12 21
13 21
14 21
14 21
15 21
16 21
16 21
17 21
18 21
18 21
19 22
19 22
20 23
20 23
20 24
20 24
20 25
20 25
19 26
19 27
19 27
18 28
18 29
18 29
17 30
16 31
16 31
15 32
14 32
14 32
13 33
12 33
12 33
11 34
10 34
10 34
9 34
9 34
8 34
8 34
8 34
8 34
9 34
10 34
10 34
11 34
11 34
12 34
13 33
14 33
14 33
15 33
16 33
17 33
17 33
18 33
19 33
19 33
20 33
21 33
21 33
22 34
22 34
23 34
23 34
23 35
23 35
22 36
22 36
21 37
21 37
20 38
20 39
19 40
19 40
18 41
17 42
17 42
16 42
15 43
14 43
14 43
13 44
12 44
12 44
11 45
10 45
10 45
9 46
9 46
9 46
9 46
9 46
9 45
9 45
10 44
10 43
11 42
11 41
12 40
12 39
13 38
13 37
14 36
14 35
15 34
15 33
16 32
16 31
17 30
17 29
18 28
18 27
19 26
19 25
20 24
20 23
21 22
21 22
21 22
21 22
21 22
21 22
22 22
23 21
24 21
24 21
25 20
26 20
26 20
27 20
28 19
29 19
29 19
30 19
31 18
32 18
33 18
33 18
34 18
35 17
36 17
36 17
37 17
38 16
39 16
39 16
40 16
41 16
41 16
42 15
42 15
43 15
43 15
44 15
44 15
44 15
44 15
44 15
44 15
43 16
43 16
42 17
41 17
40 18
39 18
38 19
37 20
36 20
35 21
34 22
33 22
32 23
31 23
30 24
29 25
28 25
27 26
26 26
25 27
25 27
25 27
26 26
26 26
25 26
25 26
25 26
25 26
25 26
26 26
26 26
26 27
26 27
27 28
27 28
27 29
28 30
28 31
28 32
28 32
28 33
28 34
29 35
29 36
29 37
29 37
29 38
29 39
30 40
30 41
30 42
30 42
30 43
30 44
30 45
30 46
30 46
31 47
31 48
31 48
31 49
31 49
31 50
31 50
31 50
31 50
31 50
31 50
31 49
31 49
31 48
31 48
31 47
31 46
31 46
30 45
30 44
30 44
30 43
29 42
29 41
29 41
29 40
29 39
29 38
29 38
29 37
28 36
28 35
28 35
28 34
28 33
28 33
29 32
29 32
30 31
30 30
30 30
31 29
31 29
32 28
32 27
32 27
33 26
34 26
34 26
35 25
36 25
36 25
37 24
38 23
38 23
39 23
40 23
41 23
41 23
42 23
43 24
44 24
44 24
45 25
46 25
46 25
47 26
48 27
48 27
49 28
49 29
49 29
49 30
50 31
50 32
50 32
50 33
50 34
50 34
50 35
50 36
50 36
49 37
49 38
49 38
48 39
48 39
47 40
46 41
46 41
45 42
44 42
43 43
43 43
42 43
41 44
40 44
40 44
39 45
38 45
37 46
37 46
36 46
35 47
34 47
33 47
33 47
32 47
31 47
31 47
30 46
29 46
29 46
28 46
27 46
27 46
27 45
27 45
27 44
27 44
27 44
27 43
27 43
28 42
28 41
28 41
29 40
30 40
30 40
31 39
32 39
32 39
33 38
34 38
35 37
35 37
36 36
37 36
38 35
38 35
39 34
40 34
40 34
41 34
42 33
43 33
43 33
44 33
45 33
45 33
46 33
46 33
47 33
47 33
48 34
48 34
49 34
49 34
49 34
49 34
50 34
50 34
50 34
50 34
50 33
49 32
49 31
48 30
48 29
48 28
47 27
47 26
46 25
46 24
45 23
45 22
45 21
44 20
44 19
43 18
43 17
43 16
42 15
42 14
41 13
41 12
41 11
40 10
40 9
39 8
39 7
38 6
38 5
38 4
37 3
37 2
36 1
36 0
36 0
36 0
36 0
36 0
36 0
36 1
35 2
35 3
35 3
35 4
35 5
35 6
35 6
35 7
35 8
34 9
34 10
34 11
34 11
34 12
34 13
34 14
34 15
34 16
34 17
34 17
34 18
34 19
34 20
34 21
35 22
35 23
35 24
35 25
35 26
35 26
35 27
35 28
35 29
35 30
35 31
35 32
35 33
35 34
35 34
35 35
35 36
35 37
35 38
35 39
35 40
35 41
35 42
35 43
35 43
35 44
35 45
35 46
36 47
36 48
36 49
36 50
36 50
36 51
36 52
36 53
36 54
36 55
36 56
36 57
36 57
36 58
36 59
35 60
35 61
35 62
35 63
35 63
35 64
35 65
35 66
35 67
35 68
35 69
35 69
35 70
35 71
35 72
35 73
35 74
35 75
35 76
35 76
35 77
35 78
35 79
35 80
35 81
35 82
35 82
35 83
35 84
35 85
35 86
35 87
35 87
35 88
35 89
36 90
36 91
36 92
36 92
36 93
36 94
36 95
36 96
36 96
37 97
37 98
37 98
37 99
37 100
37 100
37 100
37 100
37 100
37 100
37 99
37 98
37 97
37 96
37 95
37 94
37 93
37 92
37 91
37 90
37 89
36 88
36 87
36 86
36 85
36 84
36 83
36 82
36 81
36 80
36 79
36 78
36 77
36 76
36 75
36 74
36 73
36 72
36 71
36 70
36 69
36 68
36 67
36 66
36 65
35 64
35 63
35 62
35 61
35 60
35 59
35 58
35 57
35 56
35 55
35 54
35 53
35 53
35 53
35 53
35 53
34 54
34 55
34 55
34 56
34 56
33 57
33 58
33 58
33 59
32 60
32 61
32 61
31 62
31 63
30 64
30 65
30 65
30 66
30 67
29 68
29 69
29 70
29 70
28 71
28 72
27 73
27 74
26 75
26 76
26 76
26 77
25 78
25 79
24 80
24 81
24 81
23 82
22 83
22 84
21 85
21 85
20 86
19 87
19 88
18 89
18 89
17 90
16 91
15 92
15 92
14 93
13 93
12 94
12 94
11 95
10 95
9 96
9 96
8 97
7 97
7 97
6 98
6 98
6 98
7 97
7 96
7 96
7 95
8 94
8 93
8 93
8 92
9 91
9 90
9 89
9 89
9 88
10 87
10 86
11 85
11 84
11 84
12 83
12 82
13 81
13 81
14 80
14 79
15 78
15 77
15 77
16 76
16 75
16 75
17 74
17 73
18 72
18 72
18 71
19 70
19 69
19 69
20 68
20 67
21 66
21 66
22 65
22 64
23 63
23 63
24 62
24 61
25 60
25 60
26 59
27 58
27 58
28 57
29 56
29 56
30 55
31 55
31 55
32 55
33 54
34 54
34 54
35 54
36 54
36 54
37 54
38 54
38 54
39 54
39 54
40 55
40 55
41 56
41 56
42 57
42 57
43 58
43 58
43 59
43 60
43 60
43 61
44 62
44 63
44 63
44 64
44 65
44 66
44 66
44 67
45 68
45 69
45 69
45 70
45 71
45 71
45 72
46 73
46 74
46 74
47 75
47 76
47 76
48 77
48 78
48 78
49 79
49 79
50 79
51 80
52 80
52 80
53 81
54 81
54 81
55 81
56 82
57 82
57 82
58 82
59 82
60 82
60 82
61 82
62 82
63 82
63 82
64 82
65 82
66 82
66 82
67 82
68 82
69 82
69 82
70 82
71 82
72 82
72 82
73 81
74 81
75 80
76 80
76 80
77 79
78 79
79 78
79 78
80 77
81 77
82 76
83 76
83 76
84 75
85 74
86 73
86 73
87 72
88 71
89 70
89 70
90 69
91 69
92 68
92 68
93 67
94 66
95 65
95 65
96 64
97 64
98 63
98 63
99 62
100 61
