8 19
8 18
8 17
8 17
9 16
9 16
9 16
9 15
9 15
9 16
9 16
9 16
9 17
9 18
9 19
9 20
9 20
9 21
9 22
9 23
9 24
9 25
9 25
9 26
9 27
9 28
8 29
8 30
8 31
8 32
8 33
8 33
8 34
8 35
8 36
8 37
8 38
8 39
8 40
8 41
8 41
8 42
8 43
8 44
8 45
8 46
8 47
8 48
8 49
8 50
8 50
8 51
8 52
8 53
8 54
8 55
8 56
8 57
8 58
8 59
8 60
8 60
8 61
8 62
8 63
8 64
8 65
8 66
8 67
8 68
8 68
8 69
8 70
8 71
8 72
8 73
8 74
8 75
8 75
8 76
8 77
8 78
8 79
8 80
8 81
8 81
8 82
8 83
8 84
8 85
8 85
8 86
9 87
9 88
9 88
9 89
9 90
9 90
9 89
9 89
9 88
9 87
9 86
9 85
9 84
9 83
9 82
9 81
8 80
8 79
8 78
8 77
8 76
8 75
8 74
8 73
8 72
8 71
8 70
8 69
8 68
8 67
8 66
8 65
8 64
7 63
7 62
7 61
7 60
7 59
7 58
7 57
7 56
7 55
7 54
7 53
7 52
7 51
7 50
7 49
7 48
7 47
7 46
6 45
6 44
6 43
6 42
6 41
6 40
6 39
6 38
6 37
6 36
6 35
6 34
6 33
6 32
6 31
6 30
6 29
5 28
5 27
5 26
5 25
5 24
5 23
5 22
5 21
5 20
5 20
4 19
4 18
3 17
3 17
2 16
1 15
1 15
0 14
0 14
0 14
0 14
0 14
1 14
1 14
2 14
3 14
4 14
4 14
5 14
6 14
7 14
7 14
8 14
9 15
10 15
10 15
11 15
12 15
13 15
14 15
15 15
15 15
16 15
17 15
18 15
18 15
19 15
20 15
21 15
22 15
22 15
23 15
24 15
24 15
25 16
25 16
24 17
24 18
24 18
23 19
23 20
22 21
22 22
22 22
21 23
20 24
20 25
19 26
19 26
18 27
17 28
16 28
15 29
15 29
14 30
13 31
12 32
11 33
11 33
10 34
10 35
9 36
9 36
8 37
7 38
7 38
7 38
8 39
8 39
9 39
10 39
10 39
11 39
12 38
13 38
13 38
14 38
15 38
16 38
16 38
17 38
18 38
19 38
19 38
20 39
21 39
21 39
22 40
22 40
22 41
22 42
22 42
22 43
21 44
21 45
21 45
21 46
20 47
20 48
20 48
19 49
18 50
17 51
17 51
16 52
16 53
15 54
15 54
14 55
13 56
13 56
12 57
11 58
11 58
11 59
11 59
11 58
11 58
11 57
11 57
12 56
13 55
13 55
13 54
14 53
14 52
15 51
15 50
16 49
16 48
17 47
17 46
18 45
18 44
19 43
19 42
20 41
20 40
21 39
21 38
22 37
22 36
23 35
23 34
24 33
24 32
25 31
25 30
26 29
26 28
27 27
27 26
28 25
28 24
29 23
29 22
30 21
30 20
31 19
31 18
32 17
32 16
33 15
33 14
34 13
34 12
35 11
35 10
35 10
34 9
34 9
33 8
32 8
32 8
32 8
32 8
32 8
33 8
33 8
34 7
35 7
35 7
36 6
37 6
38 5
38 5
39 4
40 4
41 3
41 3
42 2
43 2
44 1
45 1
45 1
46 1
47 1
47 1
48 0
48 0
47 1
46 2
45 2
44 3
43 4
42 5
41 5
40 6
39 7
38 8
37 9
36 9
35 10
34 11
33 12
32 12
31 13
30 14
30 14
30 15
29 16
29 17
28 18
28 19
28 19
28 20
28 20
28 21
28 22
28 23
28 24
28 24
28 25
29 26
29 27
29 28
29 28
29 29
29 30
30 31
30 32
30 33
30 34
30 34
30 35
31 36
31 37
31 38
31 38
32 39
32 40
33 41
33 42
33 42
33 43
34 44
34 45
34 46
34 46
35 47
35 48
35 48
36 48
36 48
36 48
36 48
35 47
35 47
34 46
34 45
34 45
33 44
33 44
32 43
31 42
31 42
31 41
31 40
31 40
31 39
31 38
31 38
31 37
32 36
32 35
32 34
32 34
32 33
33 32
33 31
33 31
34 30
34 29
35 28
35 28
36 27
37 26
37 26
38 25
39 25
39 25
40 24
41 24
41 24
42 24
43 23
44 23
44 23
45 23
46 23
46 23
47 24
48 24
48 24
49 25
49 25
49 26
49 26
49 27
48 28
48 29
48 29
48 30
48 31
48 32
48 32
47 33
47 34
46 35
46 36
46 36
46 37
45 38
45 39
45 40
45 40
44 41
44 42
43 43
43 44
43 44
42 45
42 46
41 47
41 47
40 48
40 49
39 50
39 50
38 51
37 51
37 51
36 51
36 51
35 51
35 51
35 50
35 49
35 49
35 48
35 47
35 47
35 46
36 45
36 44
36 44
37 43
37 42
37 42
38 41
38 40
39 39
39 38
39 38
40 37
41 36
41 35
42 34
42 34
43 33
43 32
44 31
44 31
45 30
45 29
46 28
46 28
47 27
47 27
48 26
48 25
48 25
48 24
47 23
47 22
47 21
47 20
46 19
46 18
46 17
45 16
45 15
45 14
44 13
44 12
44 11
44 10
43 9
43 8
43 8
43 7
44 6
44 5
44 4
44 4
44 3
44 3
43 2
43 2
42 2
42 2
42 2
42 3
41 4
41 5
41 5
41 6
41 7
41 8
41 9
41 10
41 10
41 11
41 12
41 13
42 14
42 15
42 16
42 17
42 18
42 18
42 19
42 20
42 21
42 22
42 23
42 24
42 25
42 26
42 27
42 28
42 28
42 29
42 30
42 31
42 32
42 33
42 34
42 35
42 36
42 37
42 38
42 39
42 40
42 40
42 41
42 42
42 43
42 44
42 45
42 46
42 47
42 48
42 49
42 50
42 50
42 51
42 52
42 53
42 54
41 55
41 56
41 57
41 58
41 59
41 59
41 60
41 61
41 62
41 63
41 64
41 65
41 66
41 67
41 67
41 68
41 69
41 70
41 71
41 72
41 73
41 74
41 74
41 75
41 76
40 77
40 78
40 79
40 80
40 80
40 81
40 82
39 83
39 84
39 85
39 86
39 86
39 87
39 88
38 89
38 90
38 91
38 91
38 92
38 93
38 94
38 95
38 95
38 96
37 97
37 98
37 99
37 99
37 100
37 100
37 100
37 99
37 98
37 98
37 97
36 96
36 95
36 95
36 94
36 93
36 92
37 91
37 90
37 89
37 88
37 87
37 86
37 85
38 84
38 83
38 82
38 81
38 80
38 79
38 78
39 77
39 76
39 75
39 74
39 73
39 72
39 71
40 70
40 69
40 68
40 67
40 66
40 65
40 64
41 63
41 62
41 61
41 60
41 59
41 58
41 57
42 56
42 55
42 54
42 53
42 53
42 52
43 51
43 50
43 49
43 48
44 47
44 46
44 45
44 45
43 44
43 44
42 45
42 45
41 46
41 47
40 48
40 48
40 49
39 50
39 51
38 52
38 53
38 53
37 54
37 55
36 56
36 57
35 58
35 59
35 59
35 60
34 61
34 62
33 63
33 64
32 65
32 66
32 66
32 67
31 68
31 69
30 70
30 71
30 72
29 73
29 74
29 74
28 75
28 76
27 77
27 78
26 79
26 80
25 81
25 82
25 82
24 83
24 84
23 85
22 86
22 87
21 88
21 88
20 89
20 90
19 91
19 92
18 93
18 93
17 94
16 95
16 96
15 97
15 97
14 98
13 99
13 99
12 100
12 100
12 99
12 98
12 98
12 97
13 96
13 95
13 95
13 94
14 93
14 92
15 91
15 90
15 90
16 89
16 88
17 87
17 86
18 85
18 85
19 84
19 83
20 82
20 81
21 80
21 79
21 79
22 78
22 77
23 76
23 75
24 74
24 73
24 73
25 72
25 71
26 70
27 69
27 68
28 67
28 67
29 66
29 65
30 64
30 63
31 62
31 62
32 61
33 60
33 59
34 58
34 58
35 58
36 57
37 57
38 57
38 57
39 58
40 58
41 59
42 59
42 59
43 60
44 61
45 62
46 63
46 63
47 64
48 65
49 66
50 67
50 67
51 68
52 69
52 70
53 71
54 72
54 72
55 73
56 74
57 75
58 76
59 77
59 77
60 78
61 79
62 79
63 80
64 81
64 81
65 82
66 82
67 83
68 83
69 84
69 84
70 84
71 84
72 85
73 85
74 85
75 85
75 85
76 85
77 85
78 85
79 85
80 85
81 85
82 85
82 85
83 85
84 85
85 85
86 84
87 84
88 84
89 84
89 84
90 84
91 84
92 83
93 83
94 83
95 83
95 83
96 83
97 83
98 82
99 82
100 82
