4 23
4 22
5 21
5 20
5 20
5 19
5 18
5 18
4 18
4 18
4 18
4 19
4 20
4 20
4 21
4 22
4 23
4 24
4 24
4 25
4 26
4 27
3 28
3 29
3 30
3 31
3 31
3 32
3 33
3 34
3 35
4 36
4 37
4 38
4 39
4 40
4 40
4 41
4 42
4 43
4 44
4 45
4 46
4 47
4 48
4 49
4 49
4 50
4 51
4 52
5 53
5 54
5 55
5 56
5 57
5 57
5 58
5 59
5 60
5 61
5 62
5 63
5 64
5 65
5 65
5 66
5 67
5 68
5 69
5 70
5 70
5 71
5 72
5 73
5 74
5 75
5 75
5 76
5 77
5 78
5 78
5 79
5 80
5 80
5 81
5 81
5 81
5 81
5 80
5 79
5 78
5 77
5 76
5 75
5 74
5 73
5 72
5 71
5 70
5 69
5 68
5 67
5 66
5 65
5 64
5 63
5 62
5 61
5 60
5 59
5 58
5 57
5 56
5 55
5 54
5 53
5 52
5 51
5 50
5 49
5 48
5 47
5 46
5 45
5 44
5 43
5 42
5 41
5 40
5 39
5 38
5 37
5 36
5 35
5 34
5 33
5 32
5 31
5 30
5 29
5 28
5 27
5 26
5 25
5 24
5 23
5 22
5 21
5 21
4 21
3 21
3 21
2 21
1 21
1 21
0 21
0 21
0 21
0 21
1 20
1 20
2 20
2 20
3 19
4 19
4 19
5 19
6 19
7 19
7 19
8 19
9 19
9 19
10 20
11 20
11 20
12 21
12 21
12 22
12 22
12 23
12 24
12 24
11 25
11 26
11 26
10 27
10 28
9 29
9 29
8 30
7 31
7 31
6 32
5 33
5 33
4 34
4 35
4 35
3 36
3 36
4 36
4 36
5 37
5 37
6 37
7 37
7 37
8 37
9 37
10 37
10 37
11 38
12 38
12 38
13 38
14 38
14 38
14 39
14 39
14 40
14 41
14 41
13 42
13 43
13 43
12 44
11 45
11 45
10 46
10 47
9 48
9 48
8 49
7 50
7 50
6 51
6 52
6 52
5 53
5 53
5 53
5 53
6 52
6 52
6 51
7 50
7 49
8 48
8 47
8 46
9 45
9 44
10 43
10 42
10 41
11 40
11 39
11 38
12 37
12 36
13 35
13 34
13 33
14 32
14 31
15 30
15 29
15 28
16 27
16 26
17 25
17 24
17 23
18 22
18 21
18 20
19 19
19 18
20 17
20 16
20 15
21 14
21 13
22 12
22 11
22 11
22 11
21 10
21 10
21 10
21 11
21 11
22 11
22 11
23 10
23 10
24 10
25 10
25 10
26 9
27 9
28 8
28 8
29 8
30 7
31 7
31 7
32 6
33 6
33 6
34 6
35 6
35 6
35 6
34 7
33 7
32 8
31 9
30 10
29 10
28 11
27 12
26 12
25 13
24 14
23 15
22 15
21 16
21 16
20 17
20 18
19 19
19 20
18 21
18 21
18 22
18 22
18 23
18 24
18 25
18 25
18 26
18 27
18 28
18 28
18 29
19 30
19 31
19 32
19 32
19 33
20 34
20 35
20 35
20 36
21 37
21 38
21 38
22 39
22 40
22 40
23 41
23 42
23 42
24 42
24 42
25 43
25 43
25 43
25 43
24 43
24 43
23 42
23 42
22 41
22 41
21 40
21 39
21 39
20 38
20 38
20 37
20 36
20 36
20 35
20 34
20 33
20 33
21 32
21 32
22 31
22 30
22 30
23 29
23 29
24 28
24 27
24 27
25 26
26 26
26 26
27 25
28 24
28 24
29 24
30 23
31 23
31 23
32 23
33 22
34 22
34 22
35 23
36 23
36 23
37 24
37 24
37 25
37 26
37 27
37 27
37 28
37 29
37 29
37 30
36 31
36 32
36 33
36 33
35 34
35 35
34 36
34 36
34 37
33 38
33 39
33 39
32 40
31 41
31 41
30 42
29 43
29 43
28 44
27 45
27 45
26 45
25 45
25 45
24 45
24 45
24 44
24 44
24 43
24 42
24 42
24 41
25 40
25 39
25 39
26 38
27 37
27 37
28 36
28 35
29 34
29 34
30 33
31 32
32 31
32 31
33 30
34 29
34 29
35 28
36 28
36 28
37 27
37 27
37 27
37 26
36 25
36 24
35 23
35 22
34 21
34 20
33 19
33 18
32 17
32 16
31 15
31 14
30 13
30 12
30 12
30 11
30 10
30 9
30 8
30 7
30 6
30 5
30 4
30 3
30 2
30 2
30 1
30 0
30 0
30 0
30 1
29 2
29 3
29 3
29 4
29 5
29 6
29 7
29 7
29 8
29 9
29 10
29 11
29 12
29 13
29 13
29 14
29 15
28 16
28 17
28 18
28 19
28 19
28 20
28 21
28 22
28 23
28 24
28 25
28 26
28 27
28 27
28 28
28 29
28 30
28 31
28 32
28 33
28 34
28 35
28 36
28 37
28 37
28 38
28 39
28 40
28 41
28 42
28 43
28 44
28 45
28 46
28 47
28 47
28 48
28 49
28 50
28 51
28 52
28 53
28 54
28 55
28 56
28 57
28 57
28 58
28 59
28 60
28 61
28 62
27 63
27 64
27 65
27 66
27 67
27 68
27 68
27 69
27 70
27 71
27 72
27 73
27 74
27 75
27 76
27 77
27 78
27 79
27 80
27 80
27 81
27 82
27 83
27 84
27 85
27 86
27 87
27 88
27 88
27 89
27 90
27 91
27 92
27 93
27 94
27 94
27 95
27 96
27 97
27 98
27 98
27 99
27 100
27 100
26 100
26 100
25 100
25 100
25 99
25 99
25 98
25 97
25 96
25 95
25 94
25 93
25 92
25 91
26 90
26 89
26 88
26 87
26 86
26 85
26 84
26 83
26 82
26 81
26 80
26 79
26 78
26 77
26 76
26 75
27 74
27 73
27 72
27 71
27 70
27 69
27 68
27 67
27 66
27 65
27 64
27 63
27 62
27 61
27 60
27 59
27 58
28 57
28 56
28 55
28 54
28 53
28 52
28 51
28 50
28 49
28 49
28 48
28 47
29 46
29 45
29 44
29 43
29 43
29 43
28 44
28 44
28 45
27 46
27 47
27 47
26 48
26 49
25 50
25 51
25 51
24 52
24 53
23 54
23 55
23 55
22 56
21 57
21 58
20 59
20 59
20 60
19 61
19 62
18 63
18 64
18 64
17 65
17 66
16 67
16 68
15 69
15 69
15 70
14 71
14 72
13 73
13 74
13 74
12 75
11 76
11 77
10 78
10 78
9 79
9 80
9 80
9 80
9 79
9 79
9 78
10 77
10 76
10 76
10 75
11 74
11 73
11 72
12 71
12 70
12 70
13 69
13 68
14 67
14 66
15 65
15 64
15 64
16 63
16 62
17 61
17 60
18 59
18 58
18 58
19 57
19 56
20 55
20 54
21 53
21 52
21 52
22 51
23 50
24 49
25 48
25 48
26 47
27 46
28 45
28 45
29 45
30 45
31 45
31 45
32 46
33 46
34 47
34 47
35 48
35 49
36 50
36 51
36 51
37 52
37 53
38 54
38 55
39 56
39 56
40 57
41 58
41 59
42 60
42 60
43 61
44 62
45 63
46 64
46 64
47 65
48 65
49 66
50 66
51 67
51 67
52 68
53 69
54 69
55 70
55 70
56 71
57 71
58 72
59 72
60 73
61 73
61 73
62 73
63 74
64 74
65 75
66 75
66 75
67 75
68 76
69 76
70 76
71 77
72 77
72 77
73 77
74 78
75 78
76 79
77 79
77 79
78 79
79 80
80 80
81 81
82 81
82 81
83 81
84 81
85 81
86 81
87 81
87 81
88 81
89 81
90 81
91 80
92 80
93 80
94 80
94 80
95 80
96 79
97 79
98 79
99 78
100 78
