6 13
5 12
5 12
5 12
5 12
5 12
5 13
5 13
5 14
5 15
5 16
5 16
5 17
5 18
5 19
5 20
5 21
5 21
5 22
5 23
5 24
5 25
5 26
5 27
5 28
5 28
5 29
5 30
5 31
5 32
5 33
5 34
5 35
5 36
5 36
5 37
5 38
5 39
6 40
6 41
6 42
6 43
6 44
6 44
6 45
6 46
6 47
7 48
7 49
7 50
7 51
7 51
7 52
7 53
7 54
7 55
7 56
7 57
7 58
7 59
7 59
7 60
7 61
7 62
7 63
7 64
7 65
7 65
7 66
7 67
7 68
7 69
7 70
7 70
7 71
7 72
7 73
7 74
7 74
7 75
7 76
7 76
7 76
7 75
7 75
7 74
7 73
7 72
7 71
7 70
7 69
6 68
6 67
6 66
6 65
6 64
6 63
6 62
6 61
6 60
6 59
6 58
6 57
5 56
5 55
5 54
5 53
5 52
5 51
5 50
5 49
5 48
5 47
5 46
5 45
4 44
4 43
4 42
4 41
4 40
4 39
4 38
4 37
4 36
4 35
4 34
4 33
4 32
3 31
3 30
3 29
3 28
3 27
3 26
3 25
3 24
3 23
3 22
3 21
3 20
2 19
2 18
2 17
2 16
2 15
2 14
2 13
2 13
1 12
1 12
0 12
0 12
0 12
0 12
1 12
1 12
2 13
3 13
3 13
4 13
5 12
6 12
6 12
7 12
8 12
9 12
9 12
10 12
11 11
12 11
12 11
13 11
14 10
15 10
16 10
16 10
17 10
18 10
19 10
19 10
20 11
20 11
20 12
20 12
20 13
19 14
19 15
19 15
18 16
18 17
17 18
17 18
16 19
15 20
15 21
14 22
14 22
13 23
12 23
11 24
11 24
10 25
10 26
9 27
9 27
8 28
7 29
7 29
6 30
6 30
6 30
7 30
7 30
8 31
8 31
9 31
10 31
10 31
11 31
12 31
13 31
13 31
14 31
15 30
16 30
17 30
17 30
18 31
19 31
19 31
20 32
21 32
21 32
21 33
21 34
21 34
20 35
20 36
20 36
20 37
19 38
19 39
19 40
19 40
18 41
18 42
17 43
17 44
17 44
16 45
16 46
15 47
15 47
14 48
14 49
13 50
13 51
13 51
12 52
11 53
11 53
11 54
11 54
10 55
10 55
11 55
11 55
12 54
12 53
12 53
13 52
13 52
13 51
14 50
14 49
15 48
15 47
15 46
16 45
16 44
17 43
17 42
17 41
18 40
18 39
19 38
19 37
19 36
20 35
20 34
21 33
21 32
22 31
22 30
22 29
23 28
23 27
24 26
24 25
24 24
25 23
25 22
26 21
26 20
26 19
27 18
27 17
28 16
28 15
28 14
29 13
29 12
30 11
30 10
30 10
30 10
30 10
29 9
29 9
29 9
29 9
29 9
30 8
30 8
31 7
32 7
32 7
33 6
34 6
34 6
35 5
36 5
37 4
37 4
38 3
39 3
39 3
40 2
41 2
41 2
42 2
42 2
41 3
40 4
39 4
38 5
37 6
36 7
35 7
34 8
33 9
32 10
31 10
30 11
29 12
29 12
28 13
28 14
27 15
27 16
26 17
26 18
26 18
26 19
26 20
26 20
26 21
26 21
26 22
26 23
27 24
27 25
27 26
27 26
27 27
27 28
28 29
28 30
28 31
28 31
28 32
29 33
29 34
29 35
29 35
29 36
29 37
30 38
30 39
30 40
30 40
31 41
31 42
32 43
32 43
32 44
33 45
33 46
33 46
34 47
34 47
34 48
34 48
34 48
34 47
34 47
33 46
33 45
33 45
32 44
32 43
32 43
31 42
31 41
31 41
30 40
30 39
30 39
30 38
29 37
29 36
29 36
29 35
29 34
29 33
29 33
29 32
30 31
30 30
30 30
30 29
31 28
31 27
31 27
31 26
32 25
32 24
32 24
33 23
34 22
34 22
35 21
36 21
37 20
37 20
38 19
39 19
40 18
40 18
41 18
42 18
42 18
43 18
44 18
45 18
45 18
46 19
46 19
46 20
47 21
47 22
47 22
47 23
46 24
46 25
46 25
46 26
46 27
46 28
46 29
46 29
45 30
45 31
44 32
44 33
44 33
44 34
43 35
43 36
43 37
43 37
42 38
42 39
41 40
41 40
40 41
40 42
39 43
39 44
39 44
38 45
37 46
37 46
36 47
36 48
36 48
35 48
34 48
34 48
33 48
33 48
33 47
33 47
33 46
33 45
33 44
33 44
34 43
34 42
34 42
35 41
35 40
36 39
36 39
37 38
37 37
38 36
38 36
39 35
39 34
40 33
40 33
41 32
42 31
43 30
43 30
44 29
45 28
45 28
46 27
46 26
46 26
45 25
45 24
44 23
44 22
43 21
43 20
42 19
42 18
41 17
40 16
40 15
39 14
39 13
38 12
38 11
37 10
37 9
36 8
36 8
36 7
36 6
35 5
35 4
35 3
35 2
35 2
35 1
35 0
35 0
35 1
35 1
35 1
35 2
35 2
35 3
35 4
35 4
35 5
35 6
35 7
35 8
35 8
35 9
35 10
35 11
35 12
35 13
35 13
35 14
35 15
35 16
36 17
36 18
36 19
36 20
36 20
36 21
36 22
36 23
36 24
36 25
36 26
36 27
36 28
36 29
36 30
36 30
36 31
36 32
36 33
36 34
36 35
37 36
37 37
37 38
37 39
37 40
37 41
37 42
37 42
37 43
37 44
37 45
37 46
37 47
37 48
37 49
37 50
37 51
37 52
37 53
37 54
37 54
37 55
37 56
37 57
37 58
37 59
36 60
36 61
36 62
36 63
36 64
36 65
36 65
36 66
36 67
36 68
36 69
36 70
36 71
36 72
36 73
36 74
36 74
36 75
36 76
36 77
36 78
36 79
36 80
36 80
36 81
36 82
35 83
35 84
35 85
35 86
35 86
35 87
34 88
34 89
34 90
34 90
34 91
34 92
34 93
34 94
34 94
34 95
33 96
33 97
33 97
33 98
33 99
33 99
32 100
32 100
32 100
32 100
32 99
32 98
32 97
32 96
32 95
32 94
32 93
32 92
32 91
33 90
33 89
33 88
33 87
33 86
33 85
33 84
33 83
33 82
33 81
33 80
33 79
33 78
33 77
33 76
33 75
33 74
33 73
33 72
33 71
34 70
34 69
34 68
34 67
34 66
34 65
34 64
34 63
34 62
34 61
34 61
34 60
35 59
35 58
36 57
36 56
36 55
37 54
37 53
37 53
37 52
37 51
37 51
36 50
36 50
35 50
35 50
34 51
34 52
34 52
33 53
33 54
32 55
32 56
32 56
32 57
31 58
31 59
30 60
30 61
30 61
30 62
29 63
29 64
29 65
29 66
28 67
28 68
28 68
28 69
27 70
27 71
26 72
26 73
26 74
25 75
25 76
25 76
24 77
24 78
23 79
23 80
22 81
22 82
22 82
22 83
21 84
21 85
20 86
20 87
20 87
19 88
18 89
18 89
17 90
16 90
16 90
16 90
16 89
16 88
16 88
16 87
16 86
16 85
16 85
17 84
17 83
18 82
18 81
18 81
18 80
19 79
19 78
20 77
20 76
20 76
21 75
21 74
22 73
22 72
23 71
23 70
23 70
24 69
24 68
25 67
25 66
26 65
26 64
27 63
27 63
28 62
29 61
29 60
30 59
31 58
31 58
32 57
33 56
33 55
34 54
35 53
35 53
36 52
37 52
38 51
39 51
39 51
40 51
41 52
42 52
43 52
43 52
44 53
45 54
46 54
47 55
47 55
48 56
49 57
50 58
51 59
51 59
52 60
53 61
54 61
55 62
55 62
56 63
57 64
58 65
59 66
59 66
60 67
61 67
62 68
63 68
64 69
64 69
65 70
66 70
67 71
68 71
69 72
69 72
70 72
71 73
72 73
73 74
74 74
74 74
75 74
76 75
77 75
78 75
79 76
80 76
80 76
81 76
82 76
83 77
84 77
85 77
85 77
86 77
87 77
88 78
89 78
90 78
90 78
91 78
92 78
93 78
94 78
95 78
95 78
96 78
97 78
98 78
99 78
100 78
