5 23
5 23
5 23
5 23
5 23
5 23
6 24
7 25
7 25
7 26
7 27
7 28
7 29
7 29
7 30
7 31
8 32
8 33
8 34
8 34
8 35
8 36
8 37
8 38
8 39
8 40
8 41
8 42
8 42
8 43
8 44
8 45
8 46
9 47
9 48
9 49
9 50
9 51
9 51
9 52
9 53
9 54
9 55
9 56
9 57
9 58
9 59
9 60
9 61
9 62
9 62
9 63
9 64
9 65
9 66
9 67
9 68
9 69
9 70
9 70
9 71
9 72
8 73
8 74
8 75
8 75
8 76
8 77
8 78
8 79
8 79
8 80
8 81
8 82
8 82
8 83
8 84
8 85
8 86
8 86
8 87
8 88
8 88
8 89
8 89
8 90
8 90
8 89
8 88
8 87
8 86
7 85
7 84
7 83
7 82
7 81
7 80
7 79
7 78
7 77
7 76
6 75
6 74
6 73
6 72
6 71
6 70
6 69
6 68
6 67
5 66
5 65
5 64
5 63
5 62
5 61
5 60
5 59
5 58
4 57
4 56
4 55
4 54
4 53
4 52
4 51
4 50
4 49
4 48
3 47
3 46
3 45
3 44
3 43
3 42
3 41
3 40
3 39
2 38
2 37
2 36
2 35
2 34
2 33
2 32
2 31
2 30
2 29
1 28
1 27
1 26
1 25
1 24
1 24
1 24
1 24
0 23
0 23
0 23
0 23
0 23
0 22
0 22
1 22
1 22
2 21
3 20
3 20
4 19
5 19
5 19
6 18
7 18
7 18
8 17
9 17
9 17
10 17
11 17
12 17
12 17
13 16
14 16
14 16
15 16
16 16
16 16
17 16
17 16
18 16
18 16
18 16
18 16
17 16
17 16
17 17
17 17
16 18
16 19
16 19
15 20
15 21
14 22
14 23
14 23
14 24
13 25
13 26
13 26
12 27
12 28
11 29
11 29
10 30
9 31
9 31
8 32
7 33
7 33
6 34
6 35
6 35
5 36
5 36
5 36
5 36
5 36
6 35
6 35
7 34
7 34
8 34
9 33
10 33
10 33
11 32
12 32
12 32
13 32
14 32
14 32
15 32
16 32
16 32
17 33
18 33
18 33
19 33
19 33
19 34
19 34
19 34
19 35
19 35
18 36
18 37
18 37
17 38
17 39
16 40
16 40
15 41
15 42
14 43
14 43
13 44
13 45
12 46
12 47
12 47
11 48
11 49
10 50
10 51
10 51
9 52
9 53
8 54
8 54
7 55
7 55
6 55
6 55
5 55
5 55
5 55
6 54
6 53
7 52
7 51
8 50
8 49
9 48
9 47
10 46
11 45
11 44
12 43
12 42
13 41
13 40
14 39
15 38
15 37
16 36
16 35
17 34
17 33
18 32
18 31
19 30
20 29
20 28
21 27
21 26
22 25
22 24
23 23
23 22
24 21
24 21
24 21
24 21
24 21
25 20
26 20
26 20
27 20
28 20
29 20
29 20
30 20
31 19
32 19
33 19
33 19
34 18
35 18
36 17
37 17
37 17
38 17
39 17
40 17
40 17
41 17
42 16
43 16
43 16
44 15
44 15
45 15
46 15
46 15
47 14
47 14
47 14
47 14
47 14
46 15
45 15
44 16
43 17
42 17
41 18
40 18
39 19
38 20
37 20
36 21
35 22
34 22
33 23
32 23
31 24
30 25
29 25
28 26
28 26
28 26
28 26
28 26
28 26
28 26
29 27
29 28
30 29
30 30
30 30
30 31
30 32
31 33
31 34
31 35
31 35
31 36
31 37
32 38
32 39
32 40
32 40
32 41
32 42
32 43
32 44
32 45
32 46
32 46
33 47
33 48
33 48
33 47
33 46
33 45
33 44
33 43
33 42
33 41
32 40
32 39
32 38
32 37
32 36
32 35
32 34
32 33
32 33
31 32
30 32
30 32
30 31
30 31
29 31
29 31
29 31
30 31
30 31
31 30
31 29
31 29
32 28
33 28
33 28
34 27
35 26
35 26
36 26
37 25
38 25
38 25
39 25
40 24
41 24
41 24
42 24
43 24
44 24
44 24
45 24
46 24
46 24
47 24
48 25
49 25
49 25
50 26
51 26
51 26
52 27
52 27
53 28
53 29
53 29
54 30
54 31
54 31
54 32
54 33
54 34
54 34
54 35
54 36
55 37
55 38
55 39
55 39
55 40
54 41
54 42
54 43
54 43
54 44
53 45
53 46
53 47
53 47
52 48
52 49
52 49
51 50
50 51
50 51
49 52
49 53
48 54
48 54
47 55
46 55
45 56
45 56
44 56
43 57
42 57
42 57
41 57
40 58
39 58
39 58
38 58
37 59
36 59
36 59
35 59
34 59
34 59
33 58
32 58
32 58
31 57
31 57
31 56
31 55
31 55
31 54
31 53
31 52
31 51
31 51
32 50
32 49
33 48
33 47
33 47
34 46
34 45
35 44
35 43
35 43
36 43
37 42
38 42
38 42
39 41
40 41
41 40
41 40
42 40
43 40
44 40
44 40
45 40
46 39
47 39
47 39
48 39
49 39
50 39
50 39
51 38
52 38
52 38
53 38
54 38
54 38
55 38
56 38
56 38
57 38
57 38
58 38
58 38
58 38
58 38
58 38
58 38
57 38
57 38
56 37
56 36
55 35
55 34
54 33
53 32
53 31
52 30
52 29
51 28
50 27
50 26
49 25
49 24
48 23
47 22
47 21
46 20
46 19
45 18
44 17
44 16
43 15
43 14
42 13
41 12
41 11
40 10
40 9
39 8
38 7
38 6
37 5
37 4
36 3
36 3
37 2
38 1
38 1
37 0
37 0
37 0
37 0
37 0
37 1
37 1
38 2
38 3
38 3
38 4
38 5
38 6
38 6
38 7
38 8
39 9
39 10
39 11
39 12
39 12
39 13
39 14
39 15
40 16
40 17
40 18
40 19
40 20
40 20
40 21
40 22
40 23
40 24
40 25
40 26
40 27
40 28
40 29
40 30
40 31
40 31
40 32
40 33
40 34
40 35
41 36
41 37
41 38
41 39
41 40
41 41
41 41
41 42
41 43
41 44
41 45
41 46
41 47
41 48
41 49
41 50
41 51
41 51
41 52
41 53
41 54
42 55
42 56
42 57
42 58
42 59
42 59
42 60
42 61
42 62
42 63
42 64
42 65
42 66
42 66
42 67
42 68
42 69
42 70
42 71
42 72
42 72
42 73
42 74
42 75
42 76
42 77
42 78
42 78
42 79
42 80
41 81
41 82
41 83
41 83
41 84
41 85
41 86
41 87
41 88
41 89
41 89
41 90
41 91
41 92
41 93
41 93
41 94
41 95
41 96
41 97
41 97
41 98
41 99
41 99
41 100
41 100
42 100
42 100
42 100
42 100
43 100
43 100
43 99
43 98
43 97
43 96
42 95
42 94
42 93
42 92
42 91
42 90
42 89
42 88
42 87
41 86
41 85
41 84
41 83
41 82
41 81
41 80
41 79
41 78
40 77
40 76
40 75
40 74
40 73
40 72
40 71
40 70
40 69
39 68
39 67
39 66
39 65
39 64
39 63
39 62
39 61
39 60
38 59
38 58
38 57
38 56
38 55
38 55
39 54
40 54
40 54
40 54
39 54
39 54
39 55
39 55
39 56
39 57
39 58
39 58
39 59
38 60
38 61
38 61
37 62
37 63
36 64
36 65
36 65
36 66
35 67
35 68
35 69
35 69
34 70
34 71
33 72
33 73
33 73
32 74
32 75
31 76
31 76
30 77
29 78
29 79
28 80
28 80
27 81
27 82
26 83
26 84
26 84
25 85
24 86
24 86
23 87
22 87
22 87
21 88
21 88
21 88
21 88
21 87
21 86
21 86
21 85
22 84
22 83
22 83
22 82
22 81
23 80
23 79
23 78
23 78
24 77
24 76
25 75
25 74
25 74
25 73
26 72
26 71
26 70
26 70
27 69
28 69
29 68
29 68
30 67
30 66
31 65
31 65
32 64
33 64
34 63
34 63
35 62
36 61
37 60
37 60
38 60
39 59
40 59
40 59
41 59
42 59
43 59
43 59
44 59
45 58
46 58
47 58
47 58
48 58
49 58
50 58
50 58
51 58
52 59
53 59
54 59
54 59
55 59
56 60
57 60
57 60
58 60
59 60
59 60
60 61
61 61
61 61
62 62
63 63
63 63
64 64
64 65
64 65
64 66
65 67
65 68
65 68
65 69
65 70
65 71
65 72
65 72
65 73
66 74
66 75
66 75
66 76
66 77
66 78
66 79
66 79
66 80
66 81
66 82
66 83
66 83
66 84
66 85
66 85
67 86
67 87
67 87
68 88
68 88
69 89
69 89
69 89
69 90
69 90
69 90
69 90
69 90
70 90
71 90
71 90
72 90
73 90
74 90
74 90
75 90
76 89
77 89
78 88
79 88
79 88
80 88
81 87
82 87
83 87
84 86
85 86
85 86
86 86
87 85
88 85
89 84
90 84
91 84
92 83
93 83
93 83
94 83
95 82
96 82
97 81
98 81
99 80
100 80
