4 11
3 12
2 13
2 13
1 12
1 12
0 12
0 12
0 13
0 13
0 14
0 14
0 14
1 13
1 13
2 12
2 12
3 11
4 11
5 10
5 10
6 9
7 9
8 8
8 8
9 7
10 7
11 6
12 6
12 6
13 5
14 4
15 4
16 3
16 3
17 2
18 2
19 1
19 1
20 1
21 0
22 0
22 0
23 1
24 1
24 1
25 2
25 2
25 3
25 4
25 4
25 5
24 6
24 7
24 7
24 8
23 9
23 10
22 11
22 12
22 12
21 13
20 14
20 15
19 16
19 16
18 17
17 18
17 19
16 20
16 20
15 21
14 22
14 23
13 24
13 24
12 25
11 26
11 27
10 28
10 28
9 29
8 30
8 30
7 31
7 31
6 32
6 32
6 32
6 31
6 31
7 30
7 29
7 29
8 28
8 27
8 27
9 26
9 26
10 25
10 24
10 24
11 23
12 23
12 23
13 22
14 22
14 22
15 21
16 21
16 21
17 21
18 21
18 21
19 21
20 21
20 21
21 22
22 22
22 22
23 23
23 23
23 24
24 25
24 26
24 26
24 27
24 28
24 28
24 29
25 30
25 31
25 31
24 32
24 33
24 33
24 34
24 35
24 36
24 36
23 37
23 38
22 39
22 39
21 40
21 41
20 42
20 42
19 43
18 44
18 44
17 45
16 45
15 46
15 46
14 47
13 48
13 48
12 48
11 49
10 49
10 49
9 49
8 49
8 49
7 49
7 49
6 48
6 48
6 47
6 47
6 46
6 46
6 45
6 45
6 44
6 43
6 42
6 41
6 40
6 39
6 38
6 37
6 36
6 35
6 34
6 33
6 32
6 31
6 30
6 29
7 28
7 27
7 26
7 25
7 24
7 23
7 22
7 21
7 20
7 19
7 18
7 17
7 16
7 15
7 14
7 13
7 12
7 11
7 11
7 11
7 11
7 11
8 10
9 10
9 10
9 10
9 11
9 12
9 12
10 13
10 13
10 14
10 15
10 16
10 17
10 17
10 18
10 19
9 20
9 21
9 22
9 23
9 23
9 24
9 25
9 26
9 27
9 28
9 29
9 30
9 30
9 31
9 32
9 33
9 34
9 35
9 36
9 37
9 37
9 38
9 39
9 40
8 41
8 42
8 43
8 44
8 45
8 45
8 46
8 47
8 48
8 49
8 50
8 51
8 52
8 53
8 54
8 54
8 55
8 56
8 57
8 58
7 59
7 60
7 61
7 62
7 63
7 63
7 64
7 65
7 66
7 67
7 68
7 69
7 69
7 70
7 71
7 72
7 73
7 73
7 74
7 75
7 76
7 77
7 77
7 78
7 78
8 79
8 79
8 79
8 78
8 78
7 77
7 77
7 76
8 75
8 74
8 73
9 72
9 71
9 70
10 69
10 68
10 67
11 66
11 65
11 64
12 63
12 62
12 61
13 60
13 59
13 58
14 57
14 56
14 55
15 54
15 53
15 52
16 51
16 50
16 49
17 48
17 47
18 46
18 45
18 44
19 43
19 42
19 41
20 40
20 39
20 38
21 37
21 36
21 35
22 34
22 33
22 32
23 31
23 30
23 29
24 28
24 27
24 26
25 25
25 24
25 23
26 22
26 21
26 20
27 19
27 18
27 17
28 16
28 15
28 15
28 15
28 15
28 15
28 15
28 15
28 15
28 15
28 15
29 14
29 13
30 12
30 12
31 11
32 11
33 10
33 10
34 9
35 8
35 8
36 7
37 7
38 6
38 6
39 5
39 5
40 4
40 4
40 4
40 4
40 4
40 4
40 4
40 3
40 3
39 3
39 3
38 4
37 5
37 6
36 7
35 8
34 9
34 10
33 11
32 12
31 13
31 14
30 15
29 16
28 17
28 18
27 19
26 20
25 21
25 22
24 23
23 24
23 24
23 24
22 23
22 22
22 22
21 21
21 21
22 21
22 21
23 21
23 21
24 22
24 23
24 23
24 24
24 25
24 25
24 26
25 27
25 28
25 29
25 29
25 30
25 31
25 32
25 33
25 34
25 34
25 35
25 36
25 37
25 38
25 39
25 39
25 40
25 41
25 42
25 43
25 44
25 45
25 45
25 46
25 47
25 48
25 49
25 49
25 50
25 51
25 52
25 53
25 53
25 54
26 55
26 56
26 56
26 57
26 58
26 58
27 59
27 59
27 58
27 58
27 57
27 57
27 56
28 55
28 54
28 54
28 53
28 52
28 51
28 51
28 50
28 49
28 48
28 48
28 47
28 46
28 45
28 44
28 44
28 43
28 42
29 41
29 40
29 39
29 39
29 38
29 37
29 36
29 36
30 35
30 34
31 33
31 33
32 32
32 31
33 30
33 30
34 29
35 28
35 28
36 27
37 26
37 26
38 26
39 25
40 25
40 25
41 25
41 25
42 25
43 25
43 25
43 26
43 26
43 27
43 27
43 28
43 29
43 29
42 30
42 31
42 31
41 32
40 33
40 33
39 34
39 35
38 36
38 36
37 37
36 38
36 38
35 39
34 40
34 40
33 41
32 41
32 41
31 42
31 42
31 41
31 41
31 40
31 39
31 39
31 38
32 37
32 36
32 36
32 35
33 34
33 33
33 33
34 32
34 32
35 31
36 30
36 30
37 29
37 29
38 28
38 28
39 27
39 27
40 26
40 26
41 26
41 26
42 26
42 26
42 27
42 27
43 28
43 28
42 29
42 30
42 30
42 31
41 32
41 33
41 33
41 34
40 35
40 36
40 36
39 37
39 38
38 39
38 40
38 40
37 41
36 42
36 43
35 44
35 44
34 45
34 46
33 47
33 47
32 48
32 49
31 50
31 50
30 51
30 52
30 52
30 52
30 52
31 51
31 51
32 51
32 51
33 50
33 50
34 50
34 50
34 49
34 49
35 49
35 49
36 48
36 48
37 48
37 48
38 47
38 47
39 46
40 46
40 46
41 45
41 45
41 45
42 44
42 44
42 44
42 44
42 44
42 44
42 44
42 44
41 44
41 44
41 44
41 44
41 44
41 44
41 44
41 44
41 44
41 44
41 44
41 44
41 44
41 44
41 44
41 43
41 43
40 42
40 42
39 41
39 41
38 40
38 39
38 39
38 38
37 37
37 36
37 36
37 35
36 34
36 33
36 33
36 32
36 31
36 30
36 29
36 29
36 28
36 27
35 26
35 25
35 24
35 24
35 23
35 22
35 21
35 20
35 19
35 19
35 18
35 17
35 16
35 15
35 14
35 14
35 13
36 12
36 11
36 10
36 10
36 9
36 8
37 7
37 6
37 5
37 5
37 4
37 3
37 2
37 2
38 1
38 1
38 1
38 1
38 1
38 2
38 3
38 3
37 4
37 5
37 5
37 6
37 7
37 8
37 9
37 10
37 10
37 11
37 12
36 13
36 14
36 15
36 15
36 16
36 17
36 18
35 19
35 20
35 21
35 22
35 22
35 23
35 24
35 25
34 26
34 27
34 28
34 29
34 29
34 30
34 31
34 32
34 33
33 34
33 35
33 36
33 37
33 38
33 38
33 39
33 40
33 41
33 42
33 43
33 44
33 45
33 46
33 47
33 47
33 48
33 49
33 50
33 51
33 52
33 53
33 54
33 55
33 56
33 56
33 57
33 58
33 59
33 60
32 61
32 62
32 63
32 64
32 65
32 65
32 66
32 67
32 68
32 69
31 70
31 71
31 72
31 73
31 74
31 74
31 75
31 76
31 77
30 78
30 79
30 80
30 81
30 81
30 82
30 83
30 84
29 85
29 86
29 87
29 88
29 88
29 89
29 90
28 91
28 92
28 93
28 94
28 94
28 95
27 96
27 97
27 98
27 98
27 99
27 100
27 100
27 100
27 99
27 99
27 98
27 97
27 96
27 95
27 94
27 93
28 92
28 91
28 90
28 89
28 88
28 87
28 86
28 85
28 84
28 83
28 82
28 81
28 80
28 79
29 78
29 77
29 76
29 75
29 74
29 73
29 72
29 71
29 70
29 69
29 68
29 67
29 66
29 65
30 64
30 63
30 62
30 61
30 60
30 59
30 58
30 57
30 56
30 55
30 54
30 53
30 52
30 51
31 50
31 49
31 48
31 47
31 46
31 45
31 44
31 44
32 43
32 42
32 42
32 42
33 41
33 41
34 40
34 40
35 40
35 40
36 39
36 39
35 39
35 39
35 39
35 40
35 40
35 41
35 42
35 43
35 43
35 44
34 45
34 46
34 46
34 47
34 48
33 49
33 50
33 51
33 51
33 52
32 53
32 54
32 55
31 56
31 57
31 57
31 58
30 59
30 60
30 61
29 62
29 63
29 63
28 64
28 65
27 66
27 67
26 68
26 69
26 69
25 70
25 71
24 72
24 73
24 73
23 74
23 75
22 76
22 77
22 77
21 78
20 79
19 80
19 80
18 81
17 82
17 82
16 83
15 83
15 83
14 83
13 83
13 83
12 82
12 82
11 81
10 80
10 80
10 79
9 78
9 77
9 76
9 76
9 75
9 74
9 73
9 72
9 72
9 71
9 70
9 69
9 68
9 67
9 67
9 66
10 65
10 64
10 63
10 63
11 62
11 61
12 60
12 59
13 58
13 58
14 57
14 56
15 55
15 54
15 54
16 53
16 52
17 51
17 50
18 49
18 49
19 48
20 47
21 46
21 46
22 45
23 45
24 44
24 44
25 44
26 45
27 45
27 45
28 46
29 46
29 46
30 47
31 48
31 48
32 49
32 50
32 50
33 51
33 52
33 52
34 53
34 54
34 54
34 55
34 56
34 57
34 57
35 58
35 59
35 59
35 60
36 61
36 62
36 62
37 63
38 63
38 63
39 64
40 65
40 65
41 66
42 67
42 67
43 68
44 69
44 69
45 70
45 71
46 72
46 72
47 73
47 74
48 75
48 75
49 76
49 77
50 78
50 78
51 79
52 79
53 80
53 80
54 80
55 81
56 81
57 81
57 81
58 81
59 81
60 81
61 81
61 81
62 81
63 81
64 81
65 81
66 81
67 81
67 81
68 81
69 80
70 80
71 79
72 79
72 79
73 79
74 79
75 78
76 78
77 78
78 78
78 78
79 78
80 78
81 78
82 78
83 78
84 78
84 78
85 78
86 78
87 77
88 77
89 77
90 77
90 77
91 77
92 76
93 76
94 75
95 75
95 75
96 75
97 75
98 74
99 74
100 74
