10 17
10 16
10 15
10 15
9 14
9 14
9 13
9 13
9 13
9 13
9 13
9 14
9 14
9 15
9 16
9 16
9 17
9 18
9 19
9 20
9 21
9 21
9 22
9 23
9 24
9 25
9 26
9 27
9 28
9 29
9 29
9 30
9 31
9 32
9 33
9 34
9 35
9 36
9 37
9 38
9 39
9 39
9 40
9 41
9 42
9 43
9 44
9 45
9 46
9 47
9 48
9 48
9 49
9 50
9 51
9 52
10 53
10 54
10 55
10 56
10 57
10 58
10 58
10 59
10 60
10 61
10 62
10 63
10 64
10 65
10 66
10 67
10 67
10 68
10 69
10 70
10 71
10 72
10 73
10 74
10 74
10 75
10 76
10 77
10 78
10 79
10 80
10 80
10 81
10 82
10 83
10 84
10 84
10 85
10 86
10 86
10 87
10 87
10 86
10 86
9 85
9 84
9 84
9 83
9 82
9 81
9 80
9 79
9 78
9 77
8 76
8 75
8 74
8 73
8 72
8 71
8 70
8 69
8 68
8 67
8 66
8 65
8 64
8 63
8 62
8 61
7 60
7 59
7 58
7 57
7 56
7 55
7 54
7 53
7 52
7 51
7 50
7 49
7 48
7 47
7 46
7 45
6 44
6 43
6 42
6 41
6 40
6 39
6 38
6 37
6 36
6 35
6 34
6 33
6 32
6 31
6 30
6 29
5 28
5 27
5 26
5 25
5 24
5 23
5 22
5 21
5 21
4 20
3 20
3 20
2 21
2 21
1 22
0 22
0 22
0 22
0 22
0 22
1 21
1 20
1 20
2 19
3 18
4 17
4 17
5 16
6 15
7 14
7 14
8 13
9 13
10 12
11 12
11 12
12 12
13 11
14 11
14 11
15 11
16 11
17 11
17 11
18 11
19 11
19 11
20 12
21 12
21 12
22 13
22 13
22 14
22 14
21 15
21 15
20 16
20 17
20 17
19 18
18 19
18 19
17 20
17 21
16 22
16 22
15 23
14 24
14 24
13 25
13 26
12 27
12 27
11 28
11 29
10 30
10 30
10 31
10 31
10 32
10 32
11 33
11 33
12 33
13 33
13 33
14 33
15 33
16 33
16 33
17 33
18 32
19 32
19 32
20 32
21 32
22 32
23 32
23 32
24 32
25 32
25 32
26 33
26 33
27 34
27 34
26 35
26 36
26 36
25 37
25 38
24 39
24 39
23 40
23 41
22 42
22 42
21 43
20 44
19 45
19 45
18 46
18 47
17 48
17 48
16 49
16 50
15 51
15 51
14 52
13 53
13 53
13 54
13 54
12 54
12 54
13 54
13 54
13 54
14 53
15 52
15 52
15 51
16 50
16 49
17 48
17 47
17 46
18 45
18 44
19 43
19 42
20 41
20 40
20 39
21 38
21 37
22 36
22 35
22 34
23 33
23 32
24 31
24 30
25 29
25 28
25 27
26 26
26 25
27 24
27 23
27 22
28 21
28 20
29 19
29 18
30 17
30 16
30 15
31 14
31 13
32 12
32 11
32 11
31 12
30 12
29 13
29 13
28 13
28 13
27 12
27 12
28 12
28 12
29 11
29 11
30 10
31 10
32 9
32 9
33 8
34 8
35 7
35 7
36 6
37 5
38 4
38 4
39 3
40 3
41 2
42 2
42 2
43 2
44 1
45 1
45 1
46 1
47 1
47 1
48 0
48 0
48 0
48 1
48 1
47 2
47 2
46 3
45 4
44 5
43 6
42 6
41 7
40 8
39 9
38 10
37 11
36 12
35 13
34 14
33 14
32 15
31 16
30 17
29 18
29 18
28 19
28 20
27 21
27 22
26 23
26 24
26 24
25 25
25 25
25 25
25 26
25 27
25 27
26 28
26 29
26 29
27 30
27 31
28 32
28 33
28 33
28 34
29 35
29 36
29 36
30 37
30 38
31 39
31 39
32 40
32 41
32 41
33 42
33 43
33 43
34 44
34 44
34 45
34 45
34 46
34 46
33 46
33 46
33 46
32 46
32 46
31 45
31 45
31 44
31 43
31 43
30 42
30 41
30 41
30 40
30 40
29 39
29 38
29 38
30 37
30 36
30 36
30 35
30 34
30 34
31 33
31 32
31 32
32 31
32 30
33 29
33 29
34 28
34 27
35 26
35 26
36 25
37 24
38 23
38 23
39 22
40 22
41 21
41 21
42 21
43 21
44 21
44 21
45 21
46 21
46 21
47 22
48 22
49 23
49 23
50 24
50 25
50 25
51 26
51 27
51 27
51 28
51 29
51 30
51 30
51 31
50 32
50 33
50 33
49 34
49 35
48 36
48 37
48 37
47 38
47 39
46 40
46 40
45 41
45 42
44 43
44 44
44 44
43 45
42 46
41 47
41 47
40 48
39 48
38 49
37 49
37 49
36 50
35 51
35 51
34 51
33 51
33 51
32 50
32 50
32 49
32 48
32 48
33 47
34 46
34 46
35 45
35 44
36 43
36 43
37 42
38 41
38 41
39 40
40 39
41 39
42 38
42 38
43 37
44 36
45 35
45 35
46 34
47 34
48 33
48 33
49 32
49 31
49 31
50 30
50 30
50 30
49 31
49 31
49 30
48 29
48 28
48 27
48 26
47 25
47 24
47 23
47 22
46 21
46 20
46 19
46 18
45 17
45 16
45 15
44 14
44 13
44 12
44 11
43 10
43 9
43 8
43 7
42 6
42 5
42 4
42 3
41 2
41 1
41 1
41 2
41 2
40 2
40 2
40 1
40 1
40 2
40 2
39 3
39 4
39 4
39 5
40 6
40 7
40 7
40 8
40 9
40 10
40 11
40 12
40 13
40 14
40 14
40 15
40 16
40 17
40 18
40 19
40 20
40 21
40 22
40 23
40 24
40 24
40 25
40 26
40 27
40 28
40 29
41 30
41 31
41 32
41 33
41 34
41 35
41 36
41 36
41 37
41 38
41 39
41 40
41 41
41 42
41 43
41 44
41 45
41 46
41 47
41 48
41 49
41 49
41 50
41 51
41 52
41 53
41 54
41 55
41 56
41 57
41 58
41 59
41 60
41 61
41 62
41 62
41 63
41 64
41 65
41 66
41 67
41 68
41 69
41 70
41 71
41 72
41 73
41 73
41 74
40 75
40 76
40 77
40 78
39 79
39 80
39 81
39 81
39 82
39 83
39 84
38 85
38 86
38 87
38 88
38 88
38 89
38 90
37 91
37 92
37 93
37 93
37 94
37 95
37 96
37 97
37 97
37 98
37 98
37 99
37 99
37 99
37 98
37 97
37 97
37 96
37 95
37 94
37 93
37 92
37 91
37 90
37 89
37 88
37 87
37 86
37 85
37 84
37 83
37 82
37 81
37 80
37 79
37 78
37 77
37 76
37 75
37 74
37 73
37 72
37 71
37 70
37 69
37 68
37 67
37 66
37 65
37 64
37 63
37 62
37 61
37 60
37 60
37 59
38 58
38 57
38 56
38 55
39 54
39 53
39 52
39 52
39 51
39 50
39 49
39 49
39 48
39 47
39 46
39 46
38 46
38 46
37 46
37 46
36 47
36 48
36 48
35 49
35 50
34 51
34 52
34 52
34 53
33 54
33 55
33 56
32 57
32 58
32 58
32 59
31 60
31 61
30 62
30 63
29 64
29 65
29 65
28 66
28 67
27 68
27 69
26 70
26 71
25 72
25 73
25 73
24 74
24 75
23 76
23 77
22 78
22 79
21 80
21 80
20 81
20 82
19 83
18 84
17 85
17 86
16 87
16 87
15 88
15 89
14 90
14 91
13 92
13 93
13 93
12 94
12 95
11 96
11 97
10 98
10 98
9 99
8 100
8 100
8 100
8 100
8 99
9 98
9 97
9 96
9 96
9 95
10 94
10 93
11 92
11 91
11 91
11 90
12 89
12 88
13 87
13 86
14 85
14 84
14 84
14 83
15 82
15 81
16 80
16 79
16 78
17 77
17 76
17 76
18 75
18 74
19 73
19 72
20 71
20 70
21 69
21 69
21 68
22 67
22 66
23 65
23 64
24 63
24 62
24 62
25 61
25 60
26 59
27 58
27 57
28 56
28 56
29 55
30 54
31 53
31 53
32 53
33 52
34 52
34 52
35 53
36 53
36 53
37 53
38 54
39 54
39 54
40 55
41 55
42 56
43 56
43 56
44 56
45 57
46 57
47 57
47 57
48 58
49 58
50 59
51 59
51 59
52 60
53 60
54 61
55 61
56 62
56 62
57 63
58 64
59 64
60 65
61 66
61 66
62 67
63 68
64 68
65 69
66 70
66 70
67 71
68 72
69 73
70 74
71 75
71 75
72 76
73 77
74 78
75 78
76 79
77 80
77 80
78 81
79 81
80 82
81 82
82 83
83 83
83 83
84 84
85 84
86 85
87 85
88 86
88 86
89 86
90 86
91 86
92 86
93 86
93 86
94 86
95 85
96 85
97 85
97 85
98 84
99 84
99 84
100 83
100 82
