4 13
4 12
4 11
4 11
4 10
4 10
4 10
4 10
4 11
4 11
4 12
4 13
4 14
4 14
4 15
4 16
4 17
4 18
4 18
4 19
4 20
4 21
4 22
4 23
4 24
4 24
4 25
4 26
4 27
4 28
5 29
5 30
5 31
5 32
5 33
5 34
5 34
5 35
5 36
5 37
5 38
6 39
6 40
6 41
6 42
6 43
6 44
6 44
6 45
6 46
6 47
6 48
6 49
6 50
6 51
6 52
6 53
6 54
6 55
6 55
6 56
6 57
6 58
7 59
7 60
7 61
7 62
7 63
7 63
7 64
7 65
7 66
7 67
7 68
7 69
7 70
7 70
7 71
7 72
8 73
8 74
8 75
8 75
8 76
8 77
8 78
8 79
8 79
8 80
8 81
8 82
8 82
9 83
9 84
9 84
9 84
8 83
8 82
8 82
8 81
8 80
8 79
8 78
8 77
8 76
7 75
7 74
7 73
7 72
7 71
7 70
7 69
7 68
7 67
7 66
7 65
7 64
7 63
7 62
6 61
6 60
6 59
6 58
6 57
6 56
6 55
6 54
6 53
6 52
6 51
6 50
6 49
5 48
5 47
5 46
5 45
5 44
5 43
5 42
5 41
5 40
5 39
5 38
5 37
5 36
4 35
4 34
4 33
4 32
4 31
4 30
4 29
4 28
4 27
4 26
4 25
4 24
4 23
4 22
3 21
3 20
3 19
3 18
3 17
3 16
3 15
3 15
2 16
2 16
1 16
1 16
0 16
0 16
0 15
0 15
0 14
0 14
0 13
0 13
1 13
1 13
2 12
3 12
3 12
4 11
5 11
5 11
6 12
7 12
7 12
8 12
9 12
9 12
10 13
11 13
11 13
12 13
12 13
13 14
13 14
12 15
12 15
11 16
11 17
11 17
10 18
10 19
10 19
9 20
8 20
7 21
7 21
6 22
6 23
5 24
5 24
4 25
3 26
3 26
2 27
2 27
2 28
2 28
3 29
3 29
4 30
5 30
5 30
6 30
7 30
8 30
8 30
9 30
10 31
11 31
11 31
12 32
13 32
13 32
14 33
14 34
14 34
14 35
14 35
14 36
14 37
14 37
13 38
12 39
12 39
11 40
10 41
10 41
9 42
9 42
8 43
7 43
7 43
6 44
6 44
6 44
7 44
7 44
8 43
8 42
9 41
10 40
10 39
11 38
12 37
12 36
13 35
14 34
14 33
15 32
16 31
16 30
17 29
18 28
18 27
19 26
19 25
20 24
21 23
21 22
22 21
23 20
23 19
24 18
25 17
25 16
26 15
27 14
27 13
28 12
29 11
29 10
30 9
30 9
29 10
29 11
28 12
28 12
28 11
28 11
27 10
27 10
28 10
28 10
29 10
30 10
30 10
31 10
32 10
32 10
33 10
34 9
35 9
35 9
36 9
37 9
38 9
38 9
39 9
40 8
41 8
41 8
42 8
43 8
43 8
44 9
44 9
44 9
43 10
43 10
42 10
41 11
40 11
39 11
38 12
37 12
36 13
35 13
34 13
33 14
32 14
31 14
30 15
29 15
28 16
27 16
26 16
25 17
24 17
24 17
23 18
22 19
21 20
20 21
20 21
20 22
20 22
19 22
19 22
20 23
20 24
20 24
21 25
21 26
21 26
22 27
22 28
23 29
23 29
23 30
24 31
24 32
24 32
25 33
26 34
26 34
27 35
28 36
28 36
29 37
29 38
29 38
30 39
30 39
30 39
30 40
30 40
30 40
30 40
29 39
29 39
28 38
28 38
28 37
28 37
27 36
27 35
27 35
27 34
27 33
27 33
28 32
28 31
28 31
29 30
29 29
30 28
30 28
31 27
32 26
32 26
33 25
34 24
34 24
35 24
36 23
37 23
37 23
38 23
39 22
40 22
40 22
41 22
42 22
43 22
43 22
44 22
45 22
45 22
46 23
47 23
47 23
48 24
48 24
48 25
48 25
48 26
48 27
48 27
48 28
47 29
47 30
47 30
46 31
46 32
45 33
45 33
44 34
44 35
43 36
43 37
43 37
42 38
42 39
41 40
41 40
40 41
39 42
38 43
38 43
37 44
36 44
35 45
35 45
34 46
33 46
33 46
32 46
32 46
31 45
31 45
31 44
31 44
31 43
31 42
31 42
32 41
33 40
33 40
34 39
35 38
35 38
36 37
37 36
37 36
38 35
39 35
40 34
40 34
41 33
42 33
43 32
44 32
44 32
45 31
46 31
47 30
47 30
48 29
49 28
49 28
50 27
51 27
51 27
51 27
50 26
50 25
49 24
49 23
48 22
48 21
47 20
47 19
46 18
45 17
45 16
44 15
44 14
43 13
43 12
42 11
41 10
41 9
40 8
40 7
39 6
39 5
38 4
38 3
37 2
37 2
37 1
37 1
37 0
37 0
37 1
37 1
37 2
37 3
37 3
37 4
37 5
37 6
37 7
37 7
37 8
37 9
37 10
37 11
37 12
37 12
37 13
37 14
37 15
37 16
37 17
37 18
37 18
37 19
37 20
37 21
37 22
37 23
37 24
37 25
37 25
37 26
37 27
37 28
37 29
37 30
37 31
37 32
37 33
37 34
37 34
37 35
37 36
37 37
37 38
37 39
37 40
37 41
37 42
37 43
37 43
37 44
37 45
37 46
37 47
37 48
37 49
37 50
37 51
37 51
37 52
37 53
37 54
37 55
36 56
36 57
36 58
36 59
36 60
36 60
36 61
36 62
36 63
35 64
35 65
35 66
35 67
35 68
35 68
35 69
35 70
35 71
35 72
35 73
35 74
35 75
35 76
35 76
35 77
35 78
35 79
34 80
34 81
34 82
34 83
34 83
34 84
34 85
34 86
34 87
34 88
34 89
34 89
34 90
35 91
35 92
35 93
35 93
35 94
35 95
35 96
35 97
35 97
35 98
35 99
35 99
35 100
35 100
35 100
35 100
35 100
35 99
35 98
35 97
35 96
35 95
35 94
35 93
35 92
35 91
35 90
36 89
36 88
36 87
36 86
36 85
36 84
36 83
36 82
36 81
36 80
36 79
36 78
36 77
36 76
36 75
36 74
36 73
36 72
36 71
36 70
36 69
36 68
37 67
37 66
37 65
37 64
37 63
37 62
37 61
37 60
37 59
37 58
37 57
37 56
37 56
36 57
36 57
36 57
35 56
35 56
35 56
35 57
35 57
34 57
34 57
34 58
33 59
33 60
33 60
33 61
32 62
32 63
31 64
31 65
31 65
31 66
30 67
30 68
30 69
29 70
29 71
29 71
28 72
28 73
27 74
27 75
26 76
26 77
26 77
26 78
25 79
25 80
25 81
24 82
24 83
24 83
23 84
23 85
22 86
22 87
21 88
21 88
20 89
19 90
19 91
18 92
18 92
17 93
17 94
16 95
16 95
15 96
14 97
14 97
13 97
13 97
13 96
13 95
13 95
13 94
13 93
13 93
13 92
14 91
14 90
14 89
14 89
14 88
15 87
15 86
15 85
15 85
16 84
17 83
17 82
18 81
18 81
18 80
19 79
19 78
20 77
20 76
20 76
21 75
21 74
22 73
22 72
23 71
23 71
24 70
24 69
25 68
25 67
26 66
26 66
27 65
28 64
28 63
29 62
29 62
30 61
31 60
31 59
32 58
32 58
33 57
34 56
35 55
35 55
36 55
37 54
38 54
38 54
39 54
40 55
41 55
41 55
42 55
43 56
44 56
44 56
45 56
46 57
47 57
48 57
48 57
49 58
50 59
51 60
51 60
52 61
53 61
54 62
54 62
55 63
56 64
57 65
57 65
58 66
59 67
60 68
60 68
61 69
62 70
63 71
64 72
64 72
65 73
66 74
66 75
67 76
68 77
68 77
69 78
70 79
71 80
72 81
73 82
73 82
74 83
75 84
75 85
76 86
77 87
77 87
78 88
79 88
80 89
81 89
82 90
82 90
83 91
84 92
85 93
86 94
86 94
87 95
88 95
89 96
90 96
90 96
91 96
92 96
93 96
93 96
94 96
95 97
96 97
96 97
97 97
98 97
98 97
99 97
100 97
