5 24
5 24
5 24
5 24
5 24
5 24
6 24
6 24
7 25
7 26
7 26
7 27
7 28
8 29
8 30
8 31
8 31
8 32
8 33
8 34
8 35
8 36
8 36
8 37
8 38
8 39
8 40
8 41
8 42
8 42
8 43
8 44
8 45
8 46
8 47
8 48
8 48
8 49
8 50
8 51
8 52
8 53
8 53
8 54
8 55
8 56
8 57
8 58
8 58
8 59
8 60
9 61
9 62
9 63
9 63
9 64
9 65
9 66
9 67
9 67
9 68
9 69
9 70
9 71
9 72
9 72
9 73
9 74
9 75
9 75
9 76
9 77
9 78
9 78
9 79
9 79
9 78
9 78
9 77
9 76
9 75
8 74
8 73
8 72
8 71
8 70
8 69
7 68
7 67
7 66
7 65
7 64
7 63
7 62
6 61
6 60
6 59
6 58
6 57
6 56
5 55
5 54
5 53
5 52
5 51
5 50
4 49
4 48
4 47
4 46
4 45
4 44
4 43
3 42
3 41
3 40
3 39
3 38
3 37
2 36
2 35
2 34
2 33
2 32
2 31
2 30
1 29
1 28
1 27
1 26
1 25
1 24
0 23
0 22
0 21
0 20
0 20
1 19
1 19
1 19
1 19
1 19
1 18
1 18
2 18
3 18
3 18
4 17
5 17
5 17
6 17
7 16
8 16
8 16
9 16
10 15
11 15
11 15
12 15
13 14
14 14
14 14
15 14
16 14
16 14
17 14
18 14
18 14
19 15
19 15
20 16
20 16
21 17
21 18
21 18
21 18
22 19
22 20
22 20
22 21
22 21
22 21
21 22
21 23
21 23
20 24
20 24
19 25
18 26
18 26
17 27
16 27
15 28
15 28
14 29
13 30
13 30
12 30
11 31
10 31
10 31
9 32
8 32
8 32
7 33
7 33
6 33
6 33
6 33
6 33
6 33
7 32
7 32
8 31
9 31
9 31
10 31
11 31
11 31
12 31
13 31
13 31
14 31
15 31
16 31
16 31
17 31
18 30
19 30
19 30
20 30
21 30
21 30
22 30
23 30
23 30
24 31
24 31
24 32
24 32
24 33
24 33
24 34
24 35
24 35
23 36
23 37
23 37
22 38
22 39
21 40
21 40
20 41
19 41
19 41
18 42
17 42
16 43
16 43
15 43
14 44
13 44
13 44
12 44
11 45
10 45
10 45
9 46
8 46
8 46
7 47
7 47
6 47
6 47
7 47
7 47
8 46
8 45
9 44
9 43
10 42
11 41
11 40
12 39
12 38
13 37
13 36
14 35
15 34
15 33
16 32
16 31
17 30
18 29
18 28
19 27
19 26
20 25
20 24
21 23
22 22
22 21
23 20
23 19
24 18
24 18
24 18
24 18
24 18
25 18
26 17
27 17
27 17
28 17
29 17
30 17
30 17
31 17
32 16
33 16
33 16
34 15
35 15
36 14
37 14
37 14
38 14
39 14
40 13
41 13
42 13
42 13
43 12
44 12
45 11
46 11
46 11
47 11
48 10
49 10
49 10
50 10
51 9
52 9
52 9
53 8
53 8
54 8
54 8
54 8
54 8
53 8
53 8
52 8
52 8
51 9
50 9
49 10
48 10
47 11
46 12
45 12
44 13
43 14
42 14
41 15
40 15
39 16
38 17
37 17
36 18
35 18
34 19
33 20
32 20
31 21
30 22
29 22
28 23
27 23
26 24
26 24
26 24
26 24
26 24
26 24
26 24
26 24
27 25
28 25
28 25
28 26
29 27
29 28
29 29
29 29
29 30
30 31
30 32
30 33
31 34
31 35
31 35
31 36
31 37
32 38
32 39
32 40
32 40
32 41
33 42
33 43
33 44
33 44
33 45
33 46
33 46
33 47
33 47
33 47
33 47
33 46
33 46
32 46
32 46
32 45
32 44
32 43
33 42
33 41
33 40
33 39
33 38
33 37
34 36
34 35
34 34
34 33
34 32
34 31
35 30
35 29
35 28
35 27
35 27
35 27
35 27
35 27
35 27
35 27
35 27
34 26
34 25
34 25
35 24
36 24
36 24
37 23
38 23
38 23
39 22
40 21
40 21
41 20
42 20
42 20
43 19
44 19
44 19
45 18
46 18
46 18
47 17
48 17
48 17
49 17
50 17
51 17
51 17
52 17
52 17
53 17
54 17
54 17
55 18
55 18
56 19
56 19
57 20
57 21
57 21
58 22
58 23
58 23
58 24
58 25
58 25
59 26
59 27
59 27
59 28
59 29
59 29
59 30
59 31
59 31
58 32
58 33
58 33
58 34
58 35
58 35
57 36
57 36
56 37
56 38
56 38
55 39
55 40
54 41
54 41
53 42
52 42
52 42
51 43
50 44
50 44
49 45
48 45
48 45
47 46
46 46
46 46
45 47
44 47
44 47
43 47
42 47
42 47
41 48
40 48
40 48
39 48
38 48
38 48
37 48
36 48
36 48
35 47
35 47
34 47
34 47
33 46
33 46
32 45
32 45
32 44
32 44
32 43
32 42
32 42
32 41
32 41
33 40
33 40
34 39
34 39
35 38
36 37
36 37
37 36
38 35
39 34
39 34
40 33
41 33
42 32
43 32
43 32
44 31
45 31
46 30
46 30
47 29
48 29
49 28
50 28
50 28
51 28
52 28
53 28
53 28
54 28
55 28
55 28
56 28
57 28
57 28
58 29
58 29
59 29
59 29
59 29
59 30
59 30
59 30
59 30
59 30
58 29
58 28
57 27
56 26
56 25
55 24
54 23
54 22
53 21
52 20
52 19
51 18
50 17
50 16
49 15
48 14
48 13
47 12
46 11
46 10
45 9
44 8
44 7
43 6
42 5
42 4
41 3
40 2
40 1
39 0
39 0
39 0
39 0
39 0
39 0
39 0
40 1
40 2
41 3
41 4
41 4
41 5
41 6
42 7
42 8
42 9
42 9
42 10
43 11
43 12
43 13
43 14
44 15
44 16
44 17
44 17
44 18
44 19
44 20
44 21
44 22
44 23
44 24
44 25
44 26
44 27
44 27
44 28
44 29
44 30
44 31
45 32
45 33
45 34
45 35
45 36
45 37
45 37
45 38
45 39
45 40
45 41
45 42
45 43
45 44
45 45
45 46
45 47
45 47
45 48
45 49
45 50
45 51
45 52
45 53
45 54
45 55
45 55
45 56
45 57
45 58
44 59
44 60
44 61
44 62
44 62
44 63
44 64
44 65
44 66
44 67
44 68
44 69
44 69
44 70
44 71
43 72
43 73
43 74
43 75
43 75
43 76
43 77
42 78
42 79
42 80
42 81
42 81
42 82
42 83
42 84
42 85
42 85
42 86
43 87
43 88
43 89
43 89
43 90
43 91
43 91
44 92
44 92
44 93
44 93
45 93
45 93
45 93
45 93
45 92
45 92
45 91
45 90
45 89
45 88
45 87
45 86
45 85
45 84
45 83
45 82
45 81
45 80
45 79
45 78
45 77
45 76
45 75
45 74
45 73
45 72
44 71
44 70
44 69
44 68
44 67
44 66
44 65
44 64
44 63
44 62
44 61
44 60
44 59
44 58
44 57
44 56
44 55
44 54
44 53
44 52
44 51
44 50
44 50
44 50
44 50
44 50
44 50
44 50
44 50
44 50
44 50
44 50
43 51
43 52
43 52
43 53
43 53
42 54
42 55
42 55
42 56
41 57
41 58
41 58
41 59
40 60
40 61
40 61
40 62
39 63
39 64
38 65
38 66
38 66
38 67
37 68
37 69
37 70
36 71
36 72
36 72
35 73
35 74
34 75
34 76
33 77
33 78
33 78
33 79
32 80
32 81
31 82
31 83
31 83
30 84
29 85
29 86
28 87
28 87
27 88
26 89
25 90
25 90
24 91
23 92
22 93
22 93
21 94
20 95
20 95
19 96
18 97
17 98
17 98
16 99
15 99
15 99
14 100
14 100
14 100
14 100
14 100
14 99
14 98
14 97
14 97
14 96
14 95
14 94
14 93
14 92
14 92
14 91
14 90
15 89
15 88
15 87
15 87
15 86
15 85
16 84
16 83
16 82
16 82
17 81
17 80
18 79
18 78
18 78
19 77
20 76
20 75
21 74
21 74
22 73
23 72
23 71
24 70
24 70
25 69
26 68
26 67
27 66
27 66
28 65
29 64
30 63
30 63
31 62
32 61
33 60
34 59
34 59
35 58
36 57
37 57
38 56
38 56
39 55
40 54
41 53
41 53
42 52
43 52
44 51
44 51
45 51
46 50
47 50
47 50
48 50
49 50
49 50
50 50
51 50
51 50
52 51
52 51
53 52
53 53
54 54
54 54
54 55
55 56
55 57
55 57
55 58
56 59
56 60
56 61
56 61
57 62
57 63
58 64
58 65
58 65
58 66
59 67
59 68
59 68
60 69
61 70
62 71
62 71
63 72
64 72
65 73
65 73
66 74
67 74
68 75
69 75
69 75
70 75
71 76
72 76
73 77
74 77
74 77
75 77
76 78
77 78
78 78
78 78
79 78
80 78
81 78
82 78
83 78
83 78
84 78
85 78
86 78
87 78
88 78
88 78
89 78
90 77
91 77
92 77
92 77
93 77
94 76
95 76
96 76
96 76
97 75
98 75
99 74
100 74
