12 13
12 12
12 12
12 11
11 10
11 9
11 9
11 8
11 8
11 7
11 7
12 6
13 5
13 5
14 4
15 4
16 3
16 3
17 2
18 2
19 1
19 1
20 1
21 1
22 1
22 1
23 1
24 0
25 0
26 0
26 0
27 0
28 1
29 1
29 1
30 1
31 2
32 2
32 2
33 3
34 4
34 4
35 5
35 6
35 6
35 7
36 8
36 9
36 9
36 10
36 11
36 12
36 13
36 13
36 14
35 15
35 16
35 16
35 17
34 18
34 19
34 20
34 20
34 21
33 22
33 23
32 24
32 25
32 25
32 26
31 27
31 28
30 29
30 30
30 30
29 31
29 32
28 33
28 34
28 34
28 35
27 36
27 37
26 38
26 39
26 39
25 40
25 41
24 42
24 43
24 43
23 44
23 45
22 46
22 47
22 47
21 48
20 49
20 49
20 48
20 47
20 46
20 45
19 44
19 43
19 42
19 41
19 40
19 39
19 38
19 37
18 36
18 35
18 34
18 33
18 32
18 32
18 31
19 30
19 29
20 28
20 27
20 27
20 26
20 25
20 25
20 24
20 24
20 25
20 25
20 25
19 26
19 27
19 27
19 28
18 29
18 30
18 30
17 31
17 32
16 33
16 34
16 34
15 35
15 36
14 37
14 38
14 38
13 39
13 40
12 41
12 41
12 42
11 43
11 44
11 45
11 45
10 46
9 47
9 47
8 48
8 49
8 49
8 50
8 51
8 51
8 52
8 52
9 53
9 53
10 52
10 52
11 52
12 52
12 52
13 51
14 51
15 50
15 50
16 50
17 49
18 49
18 49
19 49
20 48
21 48
21 48
22 48
23 47
24 47
24 47
25 47
26 47
27 47
27 47
28 47
29 48
30 48
30 48
31 49
31 49
32 50
33 51
33 51
33 52
34 53
34 54
34 54
34 55
35 56
35 57
35 57
35 58
36 59
36 60
36 61
36 61
36 62
37 63
37 64
37 65
37 65
37 66
37 67
37 68
37 69
37 69
37 70
37 71
37 72
37 73
37 73
37 74
36 75
36 76
36 77
36 77
36 78
35 79
35 80
35 81
35 81
35 82
34 83
34 84
34 85
34 85
33 86
33 87
32 88
32 89
32 89
31 90
31 91
30 92
30 92
29 93
29 94
28 95
28 95
27 96
27 97
26 98
26 98
25 99
24 99
24 99
23 100
22 100
22 100
21 100
21 100
20 100
20 100
19 99
19 99
18 98
18 98
17 97
16 96
16 96
15 95
15 94
15 94
14 93
14 92
14 92
13 91
13 90
12 89
12 88
11 87
11 86
10 85
9 84
9 83
8 82
8 81
7 80
6 79
6 78
5 77
5 76
4 75
4 74
3 73
3 73
2 74
2 74
1 73
0 73
0 73
0 72
0 72
0 72
0 72
1 72
2 72
2 72
3 71
4 71
4 71
5 71
6 71
7 71
7 71
8 71
9 70
10 70
10 70
11 70
12 69
13 69
14 69
14 69
15 69
16 68
17 68
18 67
19 67
19 67
20 66
21 66
22 65
23 65
23 65
24 64
25 63
26 63
27 62
28 61
29 60
30 60
31 59
32 58
33 57
34 56
35 56
36 55
37 54
38 53
39 53
40 52
41 51
42 50
43 49
44 49
45 48
46 47
47 46
48 45
49 45
50 44
51 43
52 42
53 42
54 41
55 40
56 39
57 38
58 38
59 37
60 36
61 35
62 35
63 34
64 33
65 32
66 31
67 31
68 30
69 29
70 28
71 28
72 27
73 26
73 26
74 27
75 28
75 28
74 27
74 26
74 26
73 27
73 27
73 28
73 29
73 30
73 30
73 31
73 32
72 33
72 34
72 35
72 35
72 36
72 37
72 38
72 39
72 40
72 40
72 41
72 42
71 43
71 44
71 45
71 46
71 46
71 47
71 48
71 49
71 50
71 51
71 51
71 52
71 53
70 54
70 55
70 56
70 57
70 57
70 58
70 59
69 60
69 61
69 62
69 62
69 63
68 64
68 65
68 65
68 66
68 67
68 68
68 69
68 69
67 70
67 71
67 71
67 72
67 73
67 73
67 74
67 75
67 75
67 76
67 76
67 75
67 74
67 73
67 72
68 71
68 70
68 69
68 68
68 67
68 66
68 65
68 64
69 63
69 62
69 61
69 60
69 59
69 58
69 57
69 56
70 55
70 54
70 53
70 52
70 51
70 51
71 51
72 52
73 52
73 52
74 52
75 52
75 52
75 51
74 50
74 49
74 49
75 50
75 50
76 50
77 50
77 50
78 51
79 51
79 51
80 51
81 51
81 51
82 52
83 52
83 52
82 53
81 54
80 55
79 56
78 56
77 57
76 58
75 59
74 60
73 61
72 62
71 63
70 64
69 65
68 65
67 66
66 67
65 68
64 69
63 70
62 71
61 72
60 73
59 73
58 74
57 75
56 76
55 77
55 77
54 78
54 79
53 80
53 81
53 81
53 80
53 79
53 79
54 80
54 80
55 80
56 80
56 80
57 80
58 79
59 79
60 79
60 79
61 79
62 79
63 79
64 79
65 79
65 79
66 79
67 79
68 78
69 78
70 78
70 78
71 78
72 78
73 78
74 78
75 78
75 78
76 78
77 78
78 78
79 78
79 78
80 78
81 77
82 77
83 77
83 77
84 77
85 77
86 77
87 77
87 77
88 77
89 77
89 77
90 77
91 78
92 78
92 78
93 78
94 78
94 78
95 78
96 78
96 78
97 78
98 78
98 78
99 78
99 78
100 78
