16 9
17 8
17 8
17 7
17 6
17 5
17 5
18 4
18 4
19 3
20 3
21 2
21 2
22 2
23 1
24 1
24 1
25 1
26 0
27 0
27 0
28 0
29 1
30 1
31 1
31 1
32 1
33 2
34 2
34 2
35 3
36 3
37 4
37 4
38 5
39 6
39 6
40 7
40 8
41 9
41 9
42 10
43 11
43 11
43 12
44 13
44 14
44 14
44 15
44 16
44 17
44 17
44 18
44 19
44 20
44 20
44 21
43 22
43 23
43 24
43 24
42 25
42 26
41 27
41 28
41 28
41 29
40 30
40 31
40 32
40 32
39 33
39 34
38 35
38 35
37 36
36 37
36 38
35 39
35 39
34 40
34 41
33 42
33 43
33 43
32 43
31 43
30 43
29 42
28 42
27 42
26 42
25 42
24 42
23 41
22 41
21 41
20 41
20 41
21 40
21 39
22 38
22 37
23 36
23 35
24 34
24 34
24 33
25 32
25 31
25 30
25 30
26 29
26 28
26 28
26 28
26 28
27 29
27 30
27 30
26 31
26 32
26 32
26 33
26 34
26 34
26 35
25 36
25 37
25 38
25 38
24 39
24 40
23 41
23 41
22 42
22 43
21 44
21 44
20 45
20 46
19 47
19 47
18 48
18 49
17 50
17 50
16 51
16 52
16 52
15 53
14 53
14 53
14 54
14 55
14 55
14 55
15 55
15 55
16 55
16 55
17 55
18 55
18 55
19 55
20 55
21 55
21 55
22 55
23 54
24 54
25 54
25 54
26 54
27 55
28 55
28 55
29 55
30 55
31 55
32 55
32 55
33 56
34 56
35 57
35 57
36 57
37 58
38 58
38 58
39 59
40 59
41 60
41 60
42 61
42 62
42 62
43 63
43 64
44 65
44 65
44 66
44 67
44 68
44 68
44 69
45 70
45 71
45 72
45 72
45 73
44 74
44 75
44 76
44 76
44 77
43 78
43 79
43 80
43 80
42 81
42 82
41 83
41 84
41 84
40 85
39 86
39 87
38 88
38 88
37 89
36 90
36 91
35 92
35 92
34 93
34 94
33 95
33 95
32 96
31 96
30 97
30 97
29 98
28 99
28 99
27 100
27 100
26 100
25 100
25 100
25 100
24 100
24 100
23 99
23 99
22 98
21 97
20 96
19 95
18 94
17 93
16 92
15 91
14 90
13 90
12 89
11 88
10 87
9 86
8 85
7 84
6 83
5 82
5 82
4 82
3 82
3 82
2 82
1 82
1 82
0 81
0 80
0 80
0 79
0 79
0 78
0 78
1 77
2 77
2 77
3 77
4 77
5 77
5 77
6 77
7 76
8 76
8 76
9 76
10 75
11 75
12 75
12 75
13 75
14 75
15 74
16 74
17 74
17 74
18 74
19 74
20 73
21 73
22 73
22 73
23 73
24 73
25 72
26 72
27 72
27 72
28 71
29 70
30 70
31 69
32 68
33 67
34 66
35 65
36 65
37 64
38 63
39 62
40 61
41 60
42 60
43 59
44 58
45 57
46 56
47 55
48 55
49 54
50 53
51 52
52 51
53 50
54 50
55 49
56 48
57 47
58 46
59 46
60 45
61 44
62 43
63 42
64 41
65 41
66 40
67 39
68 38
69 37
70 36
71 36
72 35
73 34
74 33
75 32
76 31
77 31
78 30
79 29
79 29
79 29
78 28
78 28
78 29
78 30
78 30
78 31
77 32
77 33
77 34
77 34
77 35
77 36
77 37
77 38
77 38
77 39
77 40
76 41
76 42
76 43
76 43
76 44
76 45
76 46
76 47
76 48
76 49
76 49
76 50
76 51
76 52
76 53
76 53
76 54
76 55
75 56
75 57
75 58
75 58
75 59
75 60
75 61
75 62
75 62
75 63
75 64
75 65
75 65
75 66
74 67
74 68
74 68
74 69
74 70
74 71
74 71
74 72
74 73
74 73
73 74
73 74
73 73
73 72
73 71
73 70
73 69
73 68
72 67
72 66
72 65
72 64
72 63
72 62
72 61
72 60
72 60
73 59
74 59
74 59
75 58
76 57
76 57
77 56
77 56
78 55
78 55
79 55
80 55
81 55
81 55
82 55
83 55
83 55
84 55
85 55
86 55
86 55
87 55
88 55
89 55
89 55
90 55
91 55
91 55
92 55
93 55
93 55
94 55
95 55
95 55
95 55
96 55
96 55
95 56
94 56
93 57
92 57
91 58
90 59
89 59
88 60
87 60
86 61
85 62
84 62
83 63
82 63
81 64
80 65
79 65
78 66
77 66
76 67
75 68
74 68
73 69
72 70
71 70
70 71
69 71
68 72
67 73
66 73
65 74
64 74
63 75
62 76
61 76
60 77
59 77
58 78
57 79
56 79
55 80
54 80
53 81
53 81
53 82
53 83
53 83
53 82
53 82
54 82
54 82
55 82
56 82
56 82
57 82
58 81
59 81
60 81
60 81
61 81
62 81
63 81
64 81
65 81
65 81
66 81
67 81
68 80
69 80
70 80
71 80
71 80
72 80
73 80
74 80
75 80
76 80
76 80
77 80
78 80
79 79
80 79
81 79
81 79
82 79
83 79
84 79
85 79
86 79
86 79
87 79
88 79
89 79
90 79
90 79
91 79
92 80
93 80
93 80
94 80
95 80
95 80
96 81
97 81
97 81
98 81
98 81
99 82
100 82
