9 14
8 13
8 12
7 11
7 11
7 10
7 9
7 8
7 8
7 7
7 6
7 6
8 5
9 5
10 4
10 4
11 4
12 3
13 3
14 3
14 3
15 3
16 2
17 2
17 2
18 1
19 1
20 0
21 0
21 0
22 0
23 1
24 1
24 1
25 1
26 1
27 1
27 1
28 2
29 3
29 3
30 4
30 5
31 6
31 6
31 7
31 8
31 9
31 9
31 10
31 11
31 12
31 13
31 13
31 14
31 15
30 16
30 17
30 18
30 18
30 19
30 20
29 21
29 22
29 23
29 24
29 24
29 25
28 26
28 27
27 28
27 29
27 29
27 30
27 31
26 32
26 33
26 34
26 34
25 35
25 36
24 37
24 38
24 38
23 39
23 40
22 41
22 42
22 42
21 43
21 44
20 45
20 46
20 46
20 45
19 44
19 43
18 42
18 41
17 40
17 39
16 38
16 37
15 36
15 35
14 34
14 33
13 32
13 31
12 30
12 29
12 29
13 28
13 27
14 26
14 25
15 24
15 24
15 23
15 23
15 24
15 24
15 25
15 25
15 26
15 27
15 27
15 28
15 29
15 30
15 30
15 31
14 32
14 33
14 33
14 34
14 35
14 35
14 36
13 37
13 38
13 38
13 39
12 40
12 41
12 41
12 42
11 43
11 44
11 44
10 45
10 46
9 47
9 47
9 48
9 48
9 49
9 49
10 50
10 50
11 50
12 50
12 50
13 50
14 49
15 49
15 49
16 49
17 49
17 49
18 49
19 48
20 48
21 48
21 48
22 48
23 49
24 49
24 49
25 49
26 49
26 49
27 50
28 50
29 51
29 51
30 52
31 53
31 53
31 54
32 55
32 56
32 56
33 57
33 58
34 59
34 59
34 60
35 61
35 62
35 62
35 63
35 64
35 65
35 66
35 67
35 67
35 68
35 69
34 70
34 71
34 72
34 72
34 73
34 74
33 75
33 76
33 77
33 78
33 78
33 79
32 80
32 81
32 82
31 83
31 84
31 84
30 85
30 86
29 87
29 88
28 89
28 90
28 90
27 91
27 92
26 93
26 94
26 94
25 95
25 96
24 97
24 98
24 98
23 99
22 100
22 100
21 100
21 100
20 100
20 100
19 99
19 99
18 98
17 98
17 98
16 97
16 96
16 96
15 95
14 94
13 93
12 92
11 91
10 90
9 89
8 88
7 87
6 86
6 86
5 85
4 84
3 83
3 83
2 82
1 82
1 82
0 81
0 80
0 80
0 79
0 79
0 78
0 78
0 78
1 77
2 76
2 76
3 75
4 75
4 75
5 74
6 74
7 73
8 73
8 73
9 72
10 72
11 71
12 71
12 71
13 70
14 70
15 69
16 69
16 69
17 69
18 68
19 68
20 67
21 67
21 67
22 67
23 66
24 66
25 66
26 65
27 65
27 65
28 65
29 65
30 64
31 64
32 64
32 64
33 63
34 62
35 61
35 60
36 59
37 58
38 57
39 56
40 55
41 54
41 53
42 52
43 51
44 50
45 49
46 48
47 47
47 46
48 45
49 44
50 43
51 42
52 41
53 40
53 39
54 38
55 37
56 36
57 35
58 34
59 33
59 32
60 31
61 30
62 29
62 29
63 28
63 27
64 26
64 26
63 26
63 26
63 25
63 25
63 26
63 27
63 28
63 29
63 29
63 30
63 31
62 32
62 33
62 34
62 35
62 35
62 36
62 37
62 38
63 39
63 40
63 41
63 42
63 42
63 43
63 44
63 45
63 46
63 47
63 47
63 48
63 49
63 50
63 51
63 52
63 53
63 53
63 54
63 55
63 56
63 57
63 57
63 58
63 59
63 60
63 61
63 61
63 62
63 63
63 64
63 65
63 65
63 66
62 67
62 68
62 68
62 69
62 70
62 70
62 69
62 68
62 67
62 66
62 65
63 64
63 63
63 62
63 61
63 60
63 59
63 59
64 58
65 58
66 57
67 57
68 56
68 56
69 55
70 55
70 55
71 54
71 54
72 54
73 54
73 54
74 54
75 54
76 54
76 54
77 54
78 53
79 53
79 53
80 53
81 53
81 53
82 53
83 53
83 53
84 53
84 53
83 54
82 54
81 55
80 56
79 56
78 57
77 58
76 59
75 59
74 60
73 61
72 61
71 62
70 63
69 63
68 64
67 65
66 65
65 66
64 67
63 67
62 68
61 69
60 70
59 70
58 71
57 72
56 72
55 73
54 74
53 74
52 75
52 75
51 76
50 77
50 78
49 79
49 79
48 79
48 79
49 79
49 79
50 79
51 80
52 80
52 80
53 80
54 80
55 80
56 80
57 80
57 80
58 80
59 80
60 79
61 79
62 79
63 79
63 79
64 79
65 78
66 78
67 78
68 78
69 77
70 77
70 77
71 77
72 76
73 76
74 76
75 76
76 75
77 75
77 75
78 75
79 75
80 75
81 75
82 75
83 75
83 75
84 75
85 75
86 74
87 74
88 74
88 74
89 74
90 74
91 74
92 74
92 74
93 74
94 75
95 75
95 75
96 75
97 75
98 75
98 75
99 76
100 76
