27 10
26 9
26 8
26 8
25 8
25 8
25 7
25 7
25 7
24 6
24 6
24 6
23 5
23 5
23 4
23 4
22 3
22 3
22 3
21 2
21 2
22 2
22 2
23 1
23 1
24 1
25 1
25 1
26 1
27 0
28 0
28 0
29 1
30 1
30 1
31 1
32 1
33 1
33 1
34 1
35 2
36 2
36 2
37 3
38 4
38 4
39 5
40 5
41 6
41 6
42 7
42 8
42 8
43 9
44 10
44 10
44 11
44 12
44 13
44 13
44 14
44 15
44 16
44 17
44 17
44 18
43 19
43 20
43 21
43 21
42 22
42 23
41 24
41 25
41 25
40 26
40 27
39 28
39 29
39 29
38 30
37 31
37 32
36 33
36 33
35 34
35 35
34 36
34 37
34 37
33 38
33 39
32 40
32 40
31 41
30 42
29 43
29 43
28 44
28 45
28 45
27 46
26 46
26 46
26 45
26 44
26 43
26 42
26 41
26 40
26 39
26 38
27 37
27 36
27 35
27 34
27 33
27 32
27 31
27 30
27 29
27 28
27 28
28 27
29 26
30 25
30 25
30 24
30 24
30 24
29 25
29 26
29 26
29 27
29 28
29 29
29 29
28 30
28 31
27 32
27 32
26 33
26 34
25 35
25 35
24 36
24 37
23 38
23 39
23 39
22 40
22 41
21 42
21 42
20 43
19 44
19 44
18 45
18 46
17 47
17 47
16 48
15 49
15 49
14 50
13 51
13 51
13 52
13 52
14 53
14 53
15 53
15 53
16 53
17 53
17 53
18 53
19 53
20 53
20 53
21 53
22 53
23 53
23 53
24 53
25 53
26 53
26 53
27 53
28 53
29 53
30 53
30 53
31 53
32 53
33 53
33 53
34 53
35 54
36 54
36 54
37 55
38 56
38 56
39 57
40 57
41 58
41 58
42 59
43 60
43 60
43 61
44 62
44 63
44 63
44 64
45 65
45 66
45 66
45 67
45 68
45 69
45 70
45 70
45 71
45 72
44 73
44 74
44 75
44 75
44 76
43 77
43 78
43 79
43 79
43 80
43 81
42 82
42 83
42 84
42 84
41 85
41 86
40 87
40 88
40 88
39 89
38 90
38 91
37 92
37 92
36 93
36 94
35 95
35 95
34 96
34 97
33 98
33 98
32 99
31 99
30 100
30 100
29 100
29 100
28 100
27 100
27 100
26 100
25 100
25 100
24 99
24 99
23 98
23 97
23 97
22 96
22 96
21 95
20 94
19 93
18 93
17 92
16 91
15 90
14 89
13 88
12 88
11 87
10 86
9 85
8 84
7 83
6 83
5 82
4 81
3 80
3 80
3 81
2 82
2 83
2 83
1 82
0 81
0 81
0 80
0 80
0 80
1 79
2 79
2 79
3 79
4 78
5 78
5 78
6 78
7 77
8 77
8 77
9 77
10 76
11 76
12 76
12 76
13 76
14 75
15 75
16 75
16 75
17 75
18 74
19 74
20 73
21 73
21 73
22 72
23 72
24 71
25 71
25 71
26 70
27 69
28 68
29 67
30 66
31 66
32 65
33 64
34 63
35 62
36 61
37 60
38 59
39 58
40 57
41 56
42 56
43 55
44 54
45 53
46 52
47 51
48 50
49 49
50 48
51 47
52 46
53 46
54 45
55 44
56 43
57 42
58 41
59 40
60 39
61 38
62 37
63 36
64 36
65 35
66 34
67 33
68 32
69 31
69 31
70 31
71 30
72 30
72 30
72 29
72 28
72 28
72 28
72 29
72 30
72 30
72 31
72 31
72 32
72 33
72 34
72 35
72 35
72 36
72 37
72 38
72 39
72 39
72 40
72 41
71 42
71 43
71 44
71 44
71 45
71 46
70 47
70 48
70 49
70 49
70 50
69 51
69 52
69 53
69 53
69 54
69 55
68 56
68 57
68 58
68 58
68 59
67 60
67 61
67 62
67 62
67 63
66 64
66 65
66 66
66 66
66 67
65 68
65 69
65 69
65 70
65 71
65 72
65 73
65 73
64 74
64 75
64 75
64 76
64 77
64 78
64 78
64 79
64 80
64 80
64 79
64 78
64 77
65 76
65 75
65 74
65 73
65 72
65 71
66 70
66 69
66 68
66 67
66 66
66 65
67 64
67 63
67 62
67 61
67 61
68 60
69 60
69 60
69 60
70 60
70 60
71 60
71 60
72 60
73 60
73 60
74 60
75 60
76 60
76 60
77 60
78 60
79 60
79 60
80 60
81 60
82 60
82 60
83 60
84 60
85 60
85 60
86 60
86 60
87 60
88 60
88 60
87 61
86 61
85 62
84 63
83 63
82 64
81 64
80 65
79 66
78 66
77 67
76 68
75 68
74 69
73 69
72 70
71 71
70 71
69 72
68 73
67 73
66 74
65 74
64 75
63 76
62 76
61 77
60 78
59 78
58 79
57 79
56 80
56 80
55 81
55 82
54 83
53 84
53 85
52 86
52 86
51 85
50 85
50 85
50 85
50 86
50 86
51 86
52 86
52 86
53 86
54 87
55 87
55 87
56 87
57 86
58 86
59 86
59 86
60 86
61 86
62 86
63 86
64 86
64 86
65 86
66 86
67 85
68 85
69 85
69 85
70 85
71 85
72 85
73 85
74 85
74 85
75 85
76 85
77 85
78 85
79 85
79 85
80 85
81 85
82 85
83 85
83 85
84 85
85 85
86 85
87 85
87 85
88 85
89 85
90 85
90 85
91 85
92 85
93 85
93 85
94 86
95 86
95 86
96 86
97 86
97 86
98 86
98 86
99 86
99 86
100 86
