4 5
4 4
4 4
4 5
4 5
4 5
4 5
4 5
5 5
6 5
6 5
7 4
8 4
8 4
9 3
10 2
10 2
11 2
12 1
13 1
13 1
14 1
15 0
16 0
16 0
17 0
18 0
19 0
19 0
20 1
21 1
21 1
22 2
23 2
23 2
24 3
24 3
24 4
25 5
25 6
25 6
25 7
26 8
26 9
26 9
26 10
26 11
26 12
26 13
26 13
26 14
25 15
25 16
25 17
25 17
25 18
25 19
24 20
24 21
24 22
24 22
24 23
23 24
23 25
23 26
23 26
23 27
23 28
22 29
22 30
22 31
22 31
21 32
21 33
20 34
20 35
20 35
20 36
19 37
19 38
19 38
18 39
18 40
18 40
18 41
18 41
17 40
17 40
17 39
17 38
17 37
17 36
17 35
17 34
17 33
17 32
17 31
17 30
17 29
17 28
17 27
17 26
17 25
17 24
17 23
17 22
17 21
17 20
17 19
17 18
17 18
17 17
16 16
16 15
16 15
16 14
16 14
15 14
15 14
15 15
15 15
15 16
15 16
15 17
14 18
14 19
14 19
14 20
14 21
13 22
13 23
13 24
13 24
13 25
13 26
12 27
12 28
12 29
12 29
12 30
12 31
11 32
11 33
11 34
11 35
11 35
11 36
11 37
10 38
10 39
10 40
10 40
10 41
10 42
9 43
9 44
9 45
9 45
9 46
8 47
8 48
8 49
8 49
8 50
7 51
7 52
7 52
7 53
7 54
7 54
7 55
7 55
8 56
8 56
9 56
9 56
10 56
10 56
11 55
12 55
12 55
13 55
14 55
15 55
15 55
16 55
17 54
18 54
18 54
19 53
20 53
21 52
21 52
22 52
23 51
24 51
24 51
25 51
26 50
27 50
27 50
28 50
29 50
30 50
30 50
31 50
32 50
32 50
33 51
33 52
33 52
34 53
34 54
34 54
34 55
35 56
35 57
35 57
35 58
35 59
35 60
35 61
35 61
35 62
35 63
35 64
35 65
35 65
35 66
35 67
34 68
34 69
34 70
34 70
34 71
33 72
33 73
33 74
32 75
32 76
32 76
32 77
32 78
31 79
31 80
31 81
31 81
31 82
30 83
30 84
29 85
29 86
29 86
29 87
28 88
28 89
28 90
28 90
28 91
27 92
27 93
27 94
27 94
26 95
25 96
25 96
24 97
24 98
24 98
23 99
23 100
23 100
22 100
21 100
21 100
20 99
19 98
18 98
17 97
16 96
15 95
14 95
13 94
12 93
11 92
10 92
9 91
8 90
7 89
6 89
5 88
4 87
3 86
2 86
1 85
1 85
0 86
0 86
0 85
0 85
0 84
0 84
0 84
1 83
1 83
2 82
3 82
3 82
4 81
5 81
5 81
6 81
7 80
8 80
8 80
9 80
10 79
11 79
11 79
12 78
13 78
14 77
14 77
15 77
16 76
17 76
18 76
18 76
19 75
20 75
21 74
21 74
22 73
23 72
24 71
25 70
26 69
27 68
28 67
29 66
30 65
31 64
32 63
33 62
34 61
35 60
36 59
37 58
38 57
39 56
40 55
41 54
42 53
43 52
44 51
45 50
46 49
47 48
48 47
49 46
50 46
51 45
52 44
53 43
54 42
55 41
56 40
57 39
58 38
59 37
60 36
61 35
62 34
63 33
64 32
65 31
66 30
67 29
68 28
69 27
70 26
71 25
72 24
73 23
74 22
75 21
76 20
77 19
77 19
77 19
77 19
76 20
76 21
76 21
76 22
76 23
76 23
76 24
76 25
76 26
76 27
76 27
76 28
76 29
76 30
76 31
76 32
76 32
76 33
76 34
75 35
75 36
75 37
75 38
75 38
75 39
75 40
75 41
75 42
75 43
75 44
75 45
75 45
75 46
75 47
74 48
74 49
74 50
74 51
74 51
74 52
74 53
73 54
73 55
73 56
73 56
73 57
73 58
73 59
73 60
73 61
73 61
73 62
73 63
73 64
73 65
73 66
73 66
73 67
73 68
73 69
73 70
73 70
73 71
73 72
73 73
73 73
73 74
73 75
73 75
73 76
73 76
73 76
73 75
73 74
73 73
73 72
73 71
73 70
73 69
73 68
73 67
73 66
73 65
73 64
73 63
73 62
73 61
73 60
73 60
74 59
74 59
74 58
74 58
74 57
74 57
75 56
75 56
76 55
76 55
77 55
77 55
78 54
79 54
79 54
80 54
80 54
81 54
82 54
82 54
83 54
83 54
84 54
84 54
83 55
82 56
81 57
81 58
80 59
79 60
78 61
77 62
76 63
76 64
75 65
74 66
73 67
72 68
71 69
70 70
70 71
69 72
68 73
67 74
66 75
65 76
65 77
64 78
63 79
62 80
61 81
60 82
60 83
59 84
58 85
57 86
57 86
56 87
56 88
56 88
55 88
55 88
55 89
55 89
55 90
55 91
55 91
55 92
55 93
55 93
55 94
55 94
55 95
55 95
56 95
56 95
57 95
57 95
58 95
59 95
59 95
60 95
61 95
61 95
62 95
63 94
64 94
64 94
65 94
66 93
67 93
68 93
68 93
69 92
70 92
71 91
72 91
72 91
73 91
74 91
75 90
76 90
77 90
77 90
78 90
79 89
80 89
81 88
82 88
82 88
83 88
84 88
85 88
86 88
86 88
87 88
88 88
89 88
90 88
90 88
91 88
92 88
93 88
93 88
94 88
95 89
96 89
96 89
97 89
98 89
98 89
99 89
100 89
