7 6
7 5
7 5
7 5
7 5
7 5
8 5
8 5
9 4
9 4
10 4
11 4
11 4
12 4
13 4
13 4
14 3
15 2
16 1
16 1
17 1
18 0
19 0
19 0
20 0
21 0
22 0
22 0
23 0
24 1
25 1
25 1
26 1
27 1
27 1
28 2
29 3
29 3
30 4
30 5
30 5
30 6
30 7
30 8
30 8
30 9
30 10
30 11
30 11
30 12
30 13
29 14
29 15
29 16
29 16
28 17
28 18
27 19
27 20
27 20
27 21
26 22
26 23
25 24
25 25
25 25
25 26
24 27
24 28
23 29
23 30
23 30
23 31
22 32
22 33
21 34
21 35
21 35
20 36
20 37
19 38
19 38
19 39
18 40
18 41
18 41
17 42
17 43
17 43
17 42
17 41
17 40
17 39
17 38
17 37
17 36
17 35
17 34
17 33
17 32
17 31
17 30
17 29
17 28
17 27
17 26
17 25
17 24
17 23
17 22
17 21
17 21
18 20
18 19
18 19
18 18
18 18
18 19
18 19
18 20
18 21
18 21
18 22
18 23
18 24
18 25
18 25
18 26
17 27
17 28
17 29
17 29
17 30
16 31
16 32
16 33
16 33
16 34
15 35
15 36
14 37
14 38
14 38
14 39
14 40
13 41
13 42
13 43
13 44
13 44
13 45
12 46
12 47
11 48
11 49
11 49
11 50
10 51
10 52
9 53
9 54
9 54
9 55
8 56
8 57
8 58
8 58
8 59
7 60
7 61
7 62
7 62
7 63
7 64
7 64
7 65
7 65
8 65
8 65
9 65
9 65
10 64
11 64
12 63
12 63
13 63
14 62
15 62
15 62
16 61
17 61
18 60
19 60
19 60
20 60
21 59
22 59
23 59
23 59
24 59
25 58
26 58
27 58
27 58
28 58
29 57
30 57
30 57
31 57
32 57
33 57
33 57
34 57
35 57
36 57
36 57
37 57
38 57
38 57
39 58
39 58
40 59
40 60
40 60
40 61
41 62
41 63
41 63
41 64
41 65
41 66
41 67
41 67
41 68
40 69
40 70
40 70
40 71
39 72
39 73
38 74
38 75
38 75
38 76
38 77
37 78
37 79
37 80
37 80
36 81
36 82
35 83
35 84
35 84
34 85
34 86
33 87
33 88
33 88
33 89
32 90
32 91
32 92
32 92
32 93
31 94
31 95
31 95
30 96
30 97
30 97
29 98
28 99
28 99
27 100
27 100
26 99
25 99
24 98
23 98
22 97
21 96
20 96
19 95
18 94
17 94
16 93
15 93
14 92
13 91
12 91
11 90
10 90
9 89
8 88
7 88
6 87
5 86
4 86
3 85
2 85
1 84
1 84
0 85
0 85
0 84
0 84
0 84
1 84
1 84
2 83
3 83
3 83
4 82
5 82
6 81
6 81
7 81
8 80
9 80
9 80
10 79
11 79
12 78
12 78
13 77
14 76
15 76
16 75
16 75
17 74
18 73
19 73
20 72
20 72
21 71
22 71
23 70
24 70
25 69
25 69
26 68
27 67
28 66
29 65
30 64
31 63
32 62
33 61
34 60
35 59
36 58
37 57
38 56
38 55
39 54
40 53
41 52
42 51
43 50
44 49
45 48
46 47
47 46
48 45
49 44
50 43
51 42
52 41
53 40
54 39
55 38
56 37
57 36
58 35
59 34
60 33
61 32
62 31
63 30
63 29
64 28
65 27
66 26
67 25
68 24
69 23
70 22
71 21
72 20
73 19
74 18
75 17
75 17
76 18
77 18
77 18
76 17
76 17
76 18
76 18
76 19
76 20
76 21
76 21
76 22
76 23
76 24
76 24
76 25
76 26
76 27
76 28
76 29
76 29
76 30
76 31
76 32
76 33
76 34
76 34
76 35
76 36
76 37
76 38
76 39
76 39
76 40
76 41
75 42
75 43
75 44
75 44
75 45
75 46
75 47
75 48
75 49
75 50
75 50
75 51
75 52
74 53
74 54
74 55
74 55
74 56
74 57
73 58
73 59
73 60
73 60
73 61
73 62
73 63
73 64
73 64
73 65
72 66
72 67
72 68
72 68
72 69
72 70
72 71
72 71
72 72
71 73
71 74
71 74
71 75
71 76
71 76
71 77
71 78
71 78
71 77
71 76
71 75
72 74
72 73
72 72
72 71
72 70
72 69
72 68
72 67
73 66
73 65
73 64
73 63
73 62
73 61
73 60
73 59
74 58
74 57
74 56
74 55
74 55
73 54
73 54
73 54
73 54
74 54
74 54
75 53
76 53
76 53
77 52
78 52
78 52
79 52
80 51
81 51
81 51
82 50
83 50
83 50
84 50
85 50
85 50
86 51
87 51
87 51
88 52
88 52
87 53
86 54
85 55
84 56
83 57
82 58
82 59
81 60
80 61
79 62
78 63
77 64
76 65
75 66
74 67
73 68
72 69
71 70
71 71
70 72
69 73
68 74
67 75
66 76
65 77
64 78
63 79
62 80
61 81
60 82
60 83
59 84
58 85
57 86
56 87
55 88
54 89
54 89
53 90
53 91
52 92
52 93
51 94
51 95
51 95
50 95
50 95
50 96
50 96
50 97
50 97
51 97
51 97
52 98
52 98
53 98
54 98
54 98
55 98
56 97
57 97
57 97
58 97
59 96
60 96
60 96
61 96
62 95
63 95
64 95
64 95
65 95
66 94
67 94
68 93
69 93
69 93
70 93
71 92
72 92
73 92
74 91
75 91
75 91
76 91
77 90
78 90
79 90
80 89
81 89
81 89
82 89
83 88
84 88
85 87
86 87
86 87
87 87
88 87
89 87
90 87
91 87
91 87
92 87
93 87
94 87
94 87
95 87
96 87
97 87
97 87
98 87
99 88
100 88
