6 7
5 6
5 6
4 5
4 5
4 5
4 5
4 5
5 5
5 5
6 4
6 4
7 3
7 3
8 2
9 2
9 2
10 1
11 1
11 1
12 1
13 1
13 1
14 0
14 0
15 0
16 0
16 0
17 1
18 1
18 1
19 2
19 2
19 3
20 4
20 5
20 5
20 6
21 7
21 8
21 8
21 9
21 10
21 11
21 12
21 13
21 14
21 14
21 15
21 16
21 17
21 18
21 19
21 20
21 20
21 21
21 22
21 23
21 24
21 25
21 26
21 27
21 27
21 28
21 29
21 30
20 31
20 32
20 33
20 34
20 34
20 35
20 36
20 37
19 38
19 39
19 40
19 41
19 41
19 42
19 43
18 44
18 45
18 46
18 46
18 47
18 48
18 49
18 50
18 51
18 51
18 52
17 53
17 54
17 55
17 55
17 56
17 57
17 58
17 58
16 59
16 60
16 60
16 61
16 61
16 60
16 60
16 59
16 58
16 57
16 56
15 55
15 54
15 53
15 52
15 51
15 50
15 49
15 48
15 47
15 46
14 45
14 44
14 43
14 42
14 41
14 40
14 39
14 38
14 37
14 36
13 35
13 34
13 33
13 32
13 31
13 30
13 29
13 28
13 27
13 26
12 25
12 24
12 23
12 22
12 21
12 21
12 21
11 21
11 21
11 22
11 23
11 23
11 24
11 25
11 25
11 26
10 27
10 28
10 28
10 29
9 30
9 31
9 32
9 32
9 33
9 34
9 35
9 36
9 36
9 37
8 38
8 39
7 40
7 41
7 41
7 42
7 43
7 44
7 45
7 45
7 46
6 47
6 48
6 48
6 49
6 50
6 51
6 51
6 52
6 53
6 54
6 54
6 55
6 56
6 57
6 57
6 58
6 58
7 59
7 59
8 59
8 59
9 58
9 58
10 57
11 56
11 56
12 55
12 54
12 54
13 53
14 52
15 51
15 51
16 50
17 49
17 49
18 48
19 47
19 47
20 46
21 46
21 46
22 46
23 46
23 46
24 45
25 45
25 45
26 45
26 45
27 46
28 46
28 46
29 47
29 48
29 48
30 49
30 50
30 50
30 51
31 52
31 53
31 53
31 54
31 55
31 56
31 57
31 57
31 58
31 59
32 60
32 61
32 62
32 62
32 63
32 64
31 65
31 66
31 67
31 68
31 68
31 69
31 70
31 71
31 72
31 73
31 73
31 74
31 75
30 76
30 77
30 78
30 79
30 79
30 80
30 81
29 82
29 83
29 84
29 84
29 85
29 86
28 87
28 88
28 89
28 89
28 90
28 91
27 92
27 93
27 94
27 94
27 95
26 96
26 97
26 97
26 98
26 99
26 99
25 100
24 100
24 100
23 100
23 100
22 100
21 100
21 100
20 99
20 98
20 98
19 97
19 96
18 95
18 95
17 94
16 94
15 93
14 92
13 92
12 91
11 91
10 90
9 89
8 89
7 88
6 87
5 87
4 86
3 86
2 85
2 85
1 86
0 87
0 87
0 87
0 86
0 86
0 86
1 85
2 85
2 85
3 84
4 83
4 83
5 82
6 82
6 82
7 81
8 80
9 79
9 79
10 78
11 77
12 77
13 76
13 76
14 75
15 74
16 74
17 73
17 73
18 72
19 71
20 71
21 70
21 70
22 69
23 68
24 67
25 66
25 66
26 65
27 64
28 64
29 63
29 63
30 62
31 61
32 60
33 59
33 59
34 58
35 57
36 57
37 56
37 56
38 55
39 54
39 53
40 52
40 52
41 51
41 50
42 49
42 48
43 47
44 46
44 45
45 44
45 43
46 42
47 41
47 40
48 39
49 38
49 37
50 36
50 35
51 34
52 33
52 32
53 31
53 30
54 29
55 28
55 27
56 26
56 25
57 24
58 23
58 22
59 21
60 20
60 19
61 18
61 17
62 16
63 15
63 14
64 13
64 12
65 11
65 11
66 10
67 9
68 8
68 8
68 8
69 8
69 8
69 9
69 9
69 10
69 11
69 11
69 12
70 13
70 14
70 14
70 15
70 16
70 17
70 18
70 19
70 19
70 20
70 21
70 22
70 23
70 24
70 24
70 25
70 26
70 27
70 28
70 29
70 30
70 31
70 31
70 32
70 33
70 34
69 35
69 36
69 37
69 38
69 39
69 39
69 40
69 41
69 42
69 43
69 44
69 45
69 46
69 46
69 47
69 48
69 49
69 50
69 50
69 51
69 52
70 53
70 54
70 55
70 55
70 56
70 57
70 58
70 59
70 59
71 60
71 60
71 60
71 59
71 59
72 58
72 57
72 57
72 56
72 55
72 54
72 54
72 53
72 52
72 51
72 50
72 50
72 50
72 49
72 48
72 47
72 46
72 45
72 44
72 43
72 42
72 41
72 40
72 40
72 39
72 38
72 38
73 37
73 37
74 36
74 35
74 35
75 34
75 34
76 33
76 32
76 32
77 31
78 31
78 31
79 30
80 30
80 30
81 29
82 29
82 29
83 28
84 28
84 28
85 27
86 27
86 27
87 26
87 26
88 25
89 25
89 25
89 25
88 26
87 27
86 28
86 29
85 30
84 31
83 32
82 33
81 34
81 35
80 36
79 37
78 38
77 39
76 40
75 41
75 42
74 43
73 44
72 45
71 46
70 47
70 48
69 49
68 50
67 51
66 52
65 53
65 54
64 55
63 56
62 57
62 57
61 58
60 59
59 60
58 61
58 61
58 61
58 62
58 62
58 62
59 62
59 62
60 61
61 61
61 61
62 61
63 61
63 61
64 61
65 60
66 60
66 60
67 59
68 59
69 58
70 58
70 58
71 57
72 57
73 56
74 56
74 56
75 55
76 55
77 54
78 54
78 54
79 54
80 53
81 53
82 52
83 52
83 52
84 52
85 51
86 51
87 50
88 50
88 50
89 50
90 49
91 49
92 49
92 49
93 48
94 48
95 47
96 47
96 47
97 47
98 47
99 47
100 47
