16 7
15 8
15 8
14 7
14 7
14 7
14 7
15 6
15 6
16 5
16 5
17 4
17 4
18 3
18 3
19 2
20 2
20 2
21 1
22 1
22 1
23 0
24 0
24 0
25 1
26 1
26 1
27 2
27 2
28 3
28 3
29 4
29 5
29 5
29 6
29 7
29 8
29 8
29 9
30 10
30 11
30 12
30 12
30 13
30 14
30 15
30 16
30 17
30 17
30 18
30 19
30 20
30 21
30 22
30 23
30 23
30 24
30 25
29 26
29 27
29 28
29 28
29 29
29 30
29 31
29 32
29 33
29 33
29 34
29 35
28 36
28 37
28 38
28 38
28 39
27 40
27 41
27 42
27 42
27 43
27 44
27 44
27 45
27 45
27 45
26 45
26 45
26 44
26 43
26 42
25 41
25 40
25 39
25 38
25 37
25 36
24 35
24 34
24 33
24 32
24 31
24 30
24 29
23 28
23 27
23 26
23 25
23 24
23 23
22 22
22 21
22 20
22 19
22 19
21 19
21 19
21 19
20 19
20 19
20 20
20 20
19 21
19 22
19 22
19 23
18 24
18 25
18 25
18 26
17 27
17 28
17 29
17 29
17 30
16 31
16 32
16 33
16 33
16 34
16 35
15 36
15 37
15 38
15 38
15 39
14 40
14 41
14 42
14 42
13 43
13 44
12 45
12 45
12 46
12 47
12 48
12 48
12 49
11 50
11 51
11 51
11 52
11 53
11 53
12 54
12 54
12 55
12 56
12 56
13 56
13 56
14 57
14 57
15 56
15 56
16 55
16 55
17 54
18 53
18 53
19 52
20 52
21 51
21 51
22 50
23 49
23 49
24 48
25 48
26 47
26 47
27 47
28 46
29 46
29 46
30 46
31 45
32 45
32 45
33 44
34 44
34 44
35 44
36 44
36 44
37 44
38 44
38 44
39 45
40 45
40 45
41 46
42 46
42 46
43 47
44 48
44 48
45 49
45 50
45 50
45 51
46 52
46 53
46 53
46 54
47 55
47 56
47 57
47 57
47 58
47 59
47 60
47 61
47 62
47 62
47 63
47 64
46 65
46 66
46 67
46 67
46 68
46 69
45 70
45 71
45 72
45 73
45 73
45 74
45 75
44 76
44 77
44 78
44 78
44 79
44 80
43 81
43 82
43 83
43 83
43 84
42 85
42 86
42 87
42 87
42 88
41 89
41 90
41 91
41 91
41 92
40 93
40 94
40 94
40 95
39 96
39 97
39 97
38 98
37 99
37 99
36 100
36 100
35 100
35 100
34 100
33 100
33 100
32 99
32 98
31 97
31 97
30 96
29 95
28 95
27 94
26 93
25 92
24 92
23 91
22 90
21 89
20 89
19 88
18 87
17 86
16 86
15 85
14 84
13 83
12 83
11 82
10 81
9 80
8 80
7 79
6 78
5 77
4 77
3 76
3 76
2 77
2 78
1 79
1 79
0 78
0 78
0 79
0 79
0 79
1 79
1 79
2 78
2 78
3 77
4 77
4 77
5 77
6 76
7 76
8 76
8 76
9 75
10 75
11 74
11 74
12 73
13 73
14 72
15 72
16 71
16 71
17 70
18 70
19 69
20 69
20 69
21 68
22 68
23 67
24 67
25 66
25 66
26 65
27 65
28 64
29 64
29 64
30 63
31 63
32 62
33 62
34 61
34 61
35 60
36 60
37 59
37 59
38 58
39 57
40 57
41 56
41 56
42 55
43 55
44 54
44 54
45 53
46 52
47 51
47 50
48 49
49 48
50 47
51 46
52 45
53 44
53 43
54 42
55 41
56 40
57 39
58 38
59 37
60 36
60 35
61 34
62 33
63 32
64 31
65 30
66 29
66 28
67 27
68 26
69 25
69 25
70 24
71 24
71 24
71 24
71 24
71 25
71 25
72 26
72 27
72 27
72 28
72 29
72 29
72 30
72 31
72 32
72 33
72 33
72 34
73 35
73 36
73 37
73 37
73 38
73 39
73 40
73 41
73 42
73 43
73 43
73 44
73 45
73 46
73 47
73 48
73 48
73 49
73 50
73 51
73 52
73 53
73 53
73 54
73 55
73 56
73 57
73 58
73 58
73 59
73 60
73 61
73 62
73 62
73 63
73 64
73 65
73 65
74 66
74 67
74 67
74 68
74 68
74 68
74 67
74 66
74 65
74 64
74 63
74 62
74 61
74 60
74 59
74 58
74 57
74 56
74 55
74 54
74 53
74 52
74 51
74 51
75 50
75 49
75 49
76 48
76 48
77 47
77 46
77 46
78 45
79 45
79 45
80 44
81 43
81 43
82 42
83 42
83 42
84 41
85 41
85 41
86 41
87 40
88 40
88 40
89 39
90 38
90 38
91 37
91 37
92 36
92 36
93 36
93 36
92 37
91 38
90 39
89 40
88 41
87 41
86 42
85 43
84 44
83 45
82 46
81 47
80 48
79 49
78 50
77 51
76 51
75 52
74 53
73 54
72 55
71 56
70 57
69 58
68 59
67 60
66 61
65 61
64 62
63 63
62 64
61 65
60 66
60 66
60 67
60 68
60 69
60 69
59 69
59 69
59 68
59 68
60 68
60 68
61 67
62 67
62 67
63 67
64 67
65 67
65 67
66 67
67 66
68 66
68 66
69 65
70 65
71 64
72 64
72 64
73 64
74 63
75 63
76 63
76 63
77 63
78 62
79 62
80 61
81 61
81 61
82 61
83 60
84 60
84 60
85 60
86 59
87 59
88 59
88 59
89 59
90 58
91 58
92 58
92 58
93 58
94 57
95 57
95 57
96 57
97 57
97 57
98 57
99 56
100 56
