6 10
5 10
5 10
5 9
5 9
4 9
4 9
5 8
5 8
6 7
6 7
7 6
7 6
8 5
9 5
9 5
10 5
11 4
12 4
12 4
13 4
14 3
15 3
15 3
16 3
17 2
18 2
18 2
19 2
20 1
21 1
21 1
22 1
23 0
24 0
25 0
25 0
26 0
27 1
28 1
28 1
29 1
30 1
31 1
31 1
32 2
33 2
33 2
34 3
35 4
35 4
36 5
36 6
36 6
37 7
38 7
38 7
38 8
38 9
38 9
39 10
39 11
39 11
39 12
39 13
39 14
39 14
39 15
38 16
38 17
38 17
38 18
37 19
37 20
37 20
37 21
36 22
36 23
36 24
36 24
36 25
35 26
35 27
35 28
35 28
35 29
34 30
34 31
33 32
33 33
33 33
32 34
32 35
31 36
31 37
31 37
30 38
30 39
29 40
29 41
29 41
29 42
28 43
28 44
28 45
28 45
27 46
27 47
26 48
26 48
26 49
26 50
26 50
25 51
25 51
25 52
25 52
25 52
25 51
24 50
24 49
24 48
24 47
23 46
23 45
23 44
23 43
22 42
22 41
22 40
22 39
21 38
21 37
21 36
21 35
20 34
20 33
20 33
20 33
20 33
19 33
19 33
19 33
19 34
19 34
18 35
18 36
18 36
17 37
17 38
17 38
17 39
16 40
16 41
16 41
16 42
15 43
15 44
15 45
15 45
14 46
14 47
13 48
13 48
13 49
12 50
12 51
12 52
12 52
12 53
11 54
11 55
11 55
11 56
10 57
10 58
10 58
9 59
9 60
9 60
9 61
9 61
9 62
9 62
10 62
10 62
11 63
11 63
12 62
12 62
13 62
14 61
15 61
15 61
16 60
17 60
17 60
18 60
19 59
20 59
21 59
21 59
22 58
23 58
24 57
24 57
25 56
26 56
27 55
28 55
28 55
29 55
30 54
31 54
32 54
32 54
33 54
34 54
35 54
36 54
36 54
37 54
38 54
39 54
40 54
40 54
41 55
42 55
42 55
43 56
44 57
44 57
45 58
46 58
46 58
47 59
47 60
47 60
48 61
48 62
48 62
49 63
49 64
49 64
49 65
49 66
49 66
49 67
49 68
49 69
49 69
49 70
49 71
49 72
49 72
49 73
48 74
48 75
48 75
48 76
47 77
47 78
47 79
47 79
47 80
46 81
46 82
46 82
45 83
45 84
44 85
44 85
43 86
43 87
42 88
42 89
42 89
42 90
41 91
41 92
41 92
40 93
40 94
39 95
39 95
38 96
38 97
38 97
37 98
37 99
37 99
36 100
36 100
35 100
35 100
35 100
35 100
34 100
34 100
34 99
34 99
33 99
32 99
31 99
30 99
29 99
28 99
27 99
26 99
25 99
24 99
23 99
22 99
21 99
20 99
19 99
18 99
17 99
16 99
15 99
14 99
13 99
12 99
11 99
10 99
9 99
8 99
7 99
6 99
5 99
4 99
3 99
2 99
2 99
1 99
0 99
0 99
0 99
0 98
0 98
0 98
0 97
0 97
1 96
1 96
2 95
2 95
3 95
4 94
5 94
5 94
6 93
7 92
7 92
8 92
9 91
10 91
10 91
11 91
12 90
13 90
14 90
14 90
15 89
16 89
17 88
17 88
18 88
19 87
20 87
21 87
21 87
22 87
23 86
24 86
25 86
25 86
26 85
27 84
28 83
29 83
30 82
31 81
32 80
33 79
34 78
35 77
36 77
37 76
38 75
39 74
40 73
41 72
42 72
43 71
44 70
45 69
46 68
47 67
48 66
49 66
50 65
51 64
52 63
53 62
54 61
55 60
56 60
57 59
58 58
59 57
60 56
61 55
62 55
63 54
64 53
65 52
66 51
67 50
68 49
69 49
70 48
71 47
72 46
72 46
72 45
73 44
73 43
73 43
73 42
73 41
73 41
73 40
73 40
73 40
73 40
73 40
73 41
73 41
74 42
74 43
74 43
74 44
74 45
74 46
74 47
74 47
74 48
74 49
74 50
74 51
74 51
74 52
74 53
74 54
74 55
74 56
74 56
74 57
74 58
74 59
74 60
74 60
74 61
74 62
74 63
74 64
74 65
74 65
74 66
75 67
75 68
75 69
75 69
75 70
75 71
75 72
75 72
75 73
75 74
75 74
75 75
75 76
75 76
75 75
75 74
75 73
75 72
75 71
75 70
76 69
76 68
76 67
76 66
76 65
76 64
76 63
76 63
76 63
76 62
76 62
77 61
77 61
77 60
77 60
78 60
78 60
79 59
79 59
80 59
81 59
81 59
82 58
82 58
83 58
83 58
84 58
84 58
85 59
85 59
85 59
86 59
86 59
85 60
84 61
84 62
83 63
82 64
81 65
81 66
80 67
79 68
78 69
78 70
77 71
76 72
75 73
74 74
74 75
73 76
72 77
71 78
71 79
70 80
69 81
68 82
67 83
67 84
66 85
65 86
64 87
64 88
63 89
62 90
61 91
61 92
60 93
59 94
59 94
58 95
57 96
56 97
56 97
56 97
56 98
56 98
57 97
57 97
58 97
59 97
59 97
60 96
61 96
61 96
62 96
63 95
64 95
64 95
65 95
66 94
67 94
67 94
68 94
69 93
70 93
70 93
71 93
72 92
73 92
74 92
74 92
75 92
76 91
77 91
77 91
78 91
79 90
80 90
81 90
81 90
82 90
83 89
84 89
85 89
85 89
86 89
87 88
88 88
88 88
89 88
90 87
91 87
91 87
92 87
93 87
94 87
94 87
95 87
96 87
96 87
97 87
97 87
98 86
99 86
99 86
100 86
