4 9
3 9
3 9
2 9
2 9
1 9
1 9
0 8
0 8
0 8
0 8
0 8
0 8
0 8
1 7
1 7
2 6
3 6
3 6
4 6
5 5
6 5
6 5
7 5
8 4
9 4
9 4
10 3
11 3
12 2
13 2
13 2
14 2
15 1
16 1
16 1
17 1
18 0
19 0
20 0
20 0
21 0
22 0
23 0
23 0
24 0
25 1
26 1
26 1
27 2
28 2
28 2
29 3
30 4
30 4
31 5
31 5
32 6
32 7
32 7
33 8
33 9
33 9
33 10
33 11
33 12
33 12
33 13
33 14
33 15
33 15
33 16
32 17
32 18
32 19
32 19
32 20
32 21
31 22
31 23
31 24
31 24
31 25
30 26
30 27
29 28
29 29
29 29
29 30
28 31
28 32
28 33
28 33
27 34
27 35
26 36
26 37
26 37
26 38
25 39
25 40
25 40
24 41
24 42
24 42
24 43
24 44
24 44
24 45
24 45
24 44
23 43
23 42
23 41
22 40
22 39
22 38
21 37
21 36
21 35
21 34
20 33
20 32
20 31
19 30
19 29
19 29
19 29
19 28
19 28
19 28
19 29
19 29
18 30
18 30
18 31
18 32
18 32
18 33
17 34
17 35
17 35
16 36
16 37
15 38
15 39
15 39
15 40
14 41
14 42
14 43
14 43
13 44
13 45
12 46
12 47
12 47
12 48
11 49
11 50
11 51
11 51
11 52
10 53
10 54
10 55
10 55
10 56
9 57
9 58
9 58
9 59
8 60
8 61
8 61
8 62
8 63
8 63
8 64
8 65
8 65
9 66
9 66
10 67
10 67
11 67
11 67
12 66
13 66
13 66
14 66
15 65
16 65
16 65
17 64
18 64
19 63
19 63
20 62
21 62
22 61
22 61
23 61
24 60
25 60
26 60
26 60
27 60
28 59
29 59
30 59
30 59
31 59
32 58
33 58
33 58
34 58
35 58
36 58
36 58
37 58
38 58
39 58
39 58
40 58
41 58
41 58
42 59
43 60
43 60
44 61
45 61
45 61
46 62
46 63
46 63
46 64
46 65
46 66
46 66
46 67
46 68
46 69
46 69
46 70
46 71
46 72
46 72
46 73
46 74
46 75
46 75
46 76
45 77
45 78
45 78
45 79
44 80
44 81
44 82
44 82
43 83
43 84
42 85
42 85
42 86
41 87
41 88
41 88
40 89
40 90
39 91
39 91
39 92
38 93
38 94
38 94
37 95
37 96
37 96
36 97
36 97
36 98
36 98
35 98
35 98
35 98
35 98
34 98
34 98
34 97
34 97
33 96
33 96
32 96
31 96
30 96
29 96
28 96
27 96
26 96
25 96
24 96
23 96
22 96
21 96
20 96
19 97
18 97
17 97
16 97
15 97
14 97
13 97
12 97
11 97
10 97
9 97
8 97
7 97
6 97
5 97
5 97
4 98
4 98
3 98
3 98
3 98
3 98
3 97
3 97
4 96
4 96
5 95
5 95
6 95
7 94
8 94
8 94
9 93
10 93
11 92
11 92
12 91
13 91
14 90
14 90
15 89
16 89
17 88
18 88
18 88
19 87
20 87
21 86
22 86
22 86
23 86
24 85
25 85
26 85
26 85
27 84
28 83
29 82
29 81
30 80
31 79
32 78
33 77
34 76
34 75
35 74
36 73
37 72
38 71
39 70
40 69
40 68
41 67
42 66
43 65
44 64
45 63
46 62
46 61
47 60
48 59
49 58
50 57
51 56
51 55
52 54
53 53
54 52
55 51
56 50
57 49
57 48
58 47
59 46
60 45
61 44
62 43
63 42
63 41
64 40
65 39
66 38
67 37
68 36
68 35
69 34
70 33
71 32
71 32
71 31
71 30
71 30
71 30
71 29
71 29
71 29
72 30
72 30
72 31
72 31
72 32
72 33
72 34
72 34
72 35
72 36
72 37
72 38
72 38
72 39
72 40
72 41
72 42
72 43
72 43
72 44
72 45
72 46
72 47
72 48
72 49
72 49
72 50
72 51
72 52
72 53
72 54
72 55
72 55
72 56
72 57
72 58
72 59
72 60
72 61
72 62
72 62
72 63
72 64
72 65
72 66
72 67
72 67
72 68
72 69
72 70
72 71
72 71
72 72
72 73
72 74
72 74
72 75
72 75
72 74
72 73
72 72
72 71
72 70
72 69
72 68
73 67
73 66
73 65
73 64
73 63
73 62
73 61
73 60
73 59
73 59
74 58
74 57
74 57
74 56
74 56
75 55
75 55
76 54
76 54
77 53
78 53
78 53
79 52
79 52
80 52
80 52
81 52
82 52
82 52
83 52
83 52
83 52
83 53
83 53
84 54
84 54
83 55
83 56
82 57
81 58
80 59
80 60
79 61
78 62
77 63
77 64
76 65
75 66
74 67
74 68
73 69
72 70
71 71
71 72
70 73
69 74
68 75
68 76
67 77
66 78
65 79
65 80
64 81
63 82
62 83
62 84
61 85
61 85
60 86
60 87
59 88
59 89
58 90
58 91
57 92
57 93
56 94
56 95
56 95
55 96
54 96
54 96
53 97
53 97
52 98
52 99
52 99
52 100
52 100
52 100
53 100
53 100
54 100
55 100
55 100
56 99
57 99
57 99
58 99
59 98
60 98
60 98
61 98
62 97
63 97
64 97
64 97
65 96
66 96
67 95
67 95
68 95
69 95
70 94
71 94
72 94
72 94
73 94
74 93
75 93
76 93
76 93
77 92
78 92
79 91
80 91
80 91
81 91
82 90
83 90
84 90
84 90
85 90
86 89
87 89
88 89
88 89
89 89
90 88
91 88
91 88
92 88
93 87
94 87
94 87
95 87
96 87
96 87
97 86
98 86
98 86
99 86
99 86
100 86
