16 10
15 9
14 8
14 8
13 7
13 7
13 6
13 6
13 5
13 5
14 4
14 4
15 3
16 3
16 3
17 2
18 2
19 1
19 1
20 1
21 0
22 0
22 0
23 0
24 1
25 1
25 1
26 1
27 1
28 1
28 1
29 2
30 3
30 3
31 4
32 5
32 5
33 6
33 7
33 7
33 8
34 9
34 10
34 10
34 11
33 12
33 13
33 14
33 14
33 15
33 16
32 17
32 18
32 19
32 19
32 20
31 21
31 22
30 23
30 24
30 24
30 25
29 26
29 27
28 28
28 29
28 29
27 30
27 31
26 32
26 33
25 34
25 35
25 35
24 36
24 37
23 38
23 39
22 40
22 41
22 41
21 42
21 43
20 44
20 45
19 46
19 46
18 47
18 48
17 49
17 49
16 50
16 51
15 52
15 52
14 53
14 54
14 54
14 53
14 52
14 51
14 50
14 49
14 48
14 47
15 46
15 45
15 44
15 43
15 42
15 41
15 40
15 39
15 38
15 37
15 36
15 35
15 34
15 33
16 32
16 31
16 30
16 29
16 28
16 27
16 26
16 25
16 25
17 25
17 25
16 26
16 26
16 27
16 27
16 28
15 29
15 30
15 30
15 31
14 32
14 33
14 34
14 34
14 35
14 36
14 37
14 38
14 38
14 39
13 40
13 41
12 42
12 43
12 43
12 44
11 45
11 46
11 47
11 47
11 48
11 49
10 50
10 51
10 52
10 52
9 53
9 54
8 55
8 55
8 56
8 57
8 57
7 58
7 58
7 58
8 58
8 58
9 57
10 57
10 57
11 56
12 56
12 56
13 56
14 55
15 55
15 55
16 54
17 54
18 53
18 53
19 53
20 52
21 52
22 52
22 52
23 52
24 52
25 52
25 52
26 52
27 51
28 51
28 51
29 51
30 51
31 51
31 51
32 51
33 52
34 52
34 52
35 53
36 54
36 54
37 55
38 56
38 56
38 57
39 58
39 59
39 60
39 60
39 61
39 62
39 63
39 64
39 65
39 65
39 66
39 67
39 68
39 69
39 70
39 70
39 71
39 72
39 73
39 74
39 75
39 76
39 76
39 77
38 78
38 79
37 80
37 81
37 81
37 82
37 83
36 84
36 85
36 86
36 86
35 87
35 88
34 89
34 90
33 91
33 91
33 92
32 93
32 94
32 94
31 95
31 96
30 97
30 97
29 98
28 99
28 99
27 100
27 100
26 100
25 100
25 100
24 100
24 100
23 100
22 100
22 100
21 99
20 99
19 98
18 98
17 97
16 96
15 96
14 95
13 94
12 94
11 93
10 93
9 92
8 91
7 91
6 90
5 89
4 89
3 88
2 88
1 87
1 87
0 88
0 88
0 87
0 87
0 87
1 86
2 86
2 86
3 85
4 84
4 84
5 83
6 83
7 82
8 82
8 82
9 81
10 81
11 80
12 80
12 80
13 79
14 78
15 78
16 77
16 77
17 76
18 76
19 75
20 75
20 75
21 74
22 73
23 72
24 71
25 70
26 69
27 68
28 67
29 66
30 65
31 64
32 63
33 62
34 61
35 60
36 59
37 58
38 57
39 56
40 55
41 54
42 53
43 52
44 51
45 50
46 49
46 48
47 47
48 46
49 45
50 44
51 43
52 42
53 41
54 40
55 39
56 38
57 37
58 36
59 35
60 34
61 33
62 32
63 31
64 30
65 29
66 28
67 27
68 26
69 25
70 24
71 23
71 23
72 22
73 21
74 20
74 20
73 19
73 19
72 18
72 18
73 19
73 19
73 20
73 21
73 21
73 22
73 23
73 24
73 25
73 25
73 26
73 27
74 28
74 29
74 30
74 30
74 31
74 32
74 33
74 34
74 35
74 36
74 36
74 37
74 38
74 39
74 40
74 41
74 42
74 42
74 43
74 44
74 45
74 46
74 47
74 47
74 48
74 49
74 50
74 51
74 52
74 53
74 53
74 54
74 55
74 56
74 57
74 58
74 59
74 59
74 60
74 61
73 62
73 63
73 64
73 64
73 65
73 66
73 67
73 68
73 68
73 69
73 70
73 71
73 71
73 72
73 73
73 74
73 74
73 75
73 75
73 74
73 73
73 72
73 71
73 70
74 69
74 68
74 67
74 66
74 65
74 64
74 63
74 62
74 61
74 60
75 59
75 58
75 57
75 56
75 55
75 54
75 54
76 53
77 53
78 52
78 52
77 51
77 50
77 50
78 50
78 50
79 50
79 50
80 50
81 50
82 50
82 50
83 49
84 49
84 49
85 49
86 48
87 48
87 48
88 48
89 48
89 48
90 47
91 47
91 47
92 47
93 47
93 47
92 48
91 49
90 50
89 51
88 51
87 52
86 53
85 54
84 55
83 56
82 57
81 58
80 58
79 59
78 60
77 61
76 62
75 63
74 64
73 65
72 66
71 66
70 67
69 68
68 69
67 70
66 71
65 72
64 73
63 73
62 74
61 75
60 76
59 77
59 77
58 78
57 79
56 80
56 81
55 82
54 83
54 83
53 84
52 84
52 84
52 85
52 86
52 86
52 86
53 86
54 86
55 86
55 86
56 86
57 85
58 85
59 85
59 85
60 85
61 85
62 84
63 84
64 84
64 84
65 84
66 83
67 83
68 82
69 82
69 82
70 82
71 81
72 81
73 80
74 80
74 80
75 80
76 80
77 79
78 79
79 79
79 79
80 79
81 79
82 79
83 79
83 79
84 79
85 79
86 79
87 79
87 79
88 79
89 80
90 80
90 80
91 80
92 80
92 80
93 80
94 81
95 81
95 81
96 81
97 81
97 81
98 82
98 82
99 82
99 82
100 81
