4 10
3 10
3 10
2 9
1 9
1 9
0 8
0 8
0 8
0 7
0 7
0 7
0 6
0 6
1 5
2 5
2 5
3 4
4 4
4 4
5 3
6 3
6 3
7 3
8 2
9 2
9 2
10 2
11 1
12 1
13 1
13 1
14 1
15 0
16 0
16 0
17 0
18 0
19 0
19 0
20 0
21 1
22 1
22 1
23 2
24 2
24 2
24 3
24 4
24 5
24 5
24 6
25 7
25 8
25 8
25 9
25 10
24 11
24 12
24 13
24 13
24 14
24 15
23 16
23 17
23 18
23 18
23 19
22 20
22 21
22 22
21 23
21 24
21 24
21 25
20 26
20 27
20 28
19 29
19 30
19 30
18 31
18 32
17 33
17 33
16 34
15 35
15 35
14 34
14 33
13 32
12 31
12 30
11 29
11 28
10 27
9 26
9 25
8 24
8 24
9 25
10 26
10 26
9 25
9 25
9 26
8 27
8 28
8 28
8 29
8 30
7 31
7 32
7 33
7 34
7 34
7 35
7 36
7 37
6 38
6 39
6 40
6 41
6 41
6 42
5 43
5 44
4 45
4 46
4 46
4 47
3 48
3 49
3 50
3 50
3 51
3 52
2 53
2 54
2 55
2 55
2 56
2 57
2 57
3 58
3 58
4 58
4 58
5 58
6 58
6 58
7 57
8 57
9 56
9 56
10 55
11 55
12 54
13 54
13 54
14 53
15 53
16 52
17 52
17 52
18 51
19 51
20 50
20 50
21 50
22 50
23 50
24 50
24 50
25 50
26 50
27 50
27 50
28 51
29 52
29 52
30 53
31 54
31 54
31 55
32 56
32 57
32 58
32 58
32 59
32 60
33 61
33 62
33 63
33 63
33 64
33 65
33 66
33 67
33 68
33 69
33 69
33 70
33 71
33 72
32 73
32 74
32 75
32 76
32 76
32 77
32 78
31 79
31 80
31 81
31 82
31 82
31 83
31 84
31 85
30 86
30 87
30 88
30 89
30 89
30 90
29 91
29 92
28 93
28 94
28 94
27 95
27 96
26 97
26 98
26 98
25 99
24 100
24 100
23 100
22 100
21 100
21 100
20 100
19 100
19 100
18 99
17 98
16 97
15 96
14 95
13 94
12 93
11 92
10 92
9 91
8 90
7 89
6 88
5 87
4 86
3 85
3 85
2 84
2 84
2 83
2 83
2 82
2 82
3 82
3 82
4 81
4 81
5 80
6 80
6 80
7 79
8 79
9 78
9 78
10 77
11 77
12 76
12 76
13 76
14 75
15 75
15 75
16 74
17 73
18 72
18 71
19 70
20 69
21 68
22 67
23 66
24 65
24 64
25 63
26 62
27 61
28 60
29 59
30 58
30 57
31 56
32 55
33 54
34 53
35 52
36 51
36 50
37 49
38 48
39 47
40 46
41 45
42 44
42 43
43 42
44 41
45 40
46 39
47 38
48 37
48 36
49 35
50 34
51 33
52 32
53 31
54 30
54 29
55 28
56 27
57 26
58 25
59 24
60 23
60 22
61 21
62 20
63 19
63 19
63 18
62 17
62 16
62 16
62 15
62 15
62 14
62 14
62 14
62 15
62 16
62 17
62 17
62 18
62 19
63 20
63 21
63 22
63 22
63 23
63 24
63 25
63 26
63 27
63 28
63 29
63 29
63 30
63 31
63 32
63 33
63 34
63 35
63 36
63 36
63 37
63 38
63 39
63 40
63 41
63 42
63 43
63 44
63 44
63 45
63 46
63 47
63 48
63 49
63 50
63 51
63 52
63 52
63 53
63 54
63 55
63 56
63 57
63 58
63 58
63 59
63 60
63 61
63 62
63 62
63 63
63 64
63 65
63 66
63 66
63 67
63 68
63 69
63 69
63 70
63 70
64 71
64 71
64 70
64 69
64 68
64 67
64 66
65 65
65 64
65 63
65 62
65 61
65 60
65 59
65 58
65 57
65 56
65 55
65 54
66 53
66 52
66 51
66 50
66 49
66 48
66 48
67 47
68 46
68 46
69 45
69 45
70 45
70 45
71 44
72 44
72 44
73 44
74 44
74 44
75 44
76 44
77 44
77 44
78 44
79 44
79 44
80 44
80 44
81 43
81 43
81 43
81 44
81 44
80 45
79 46
78 46
77 47
76 48
75 49
74 50
73 50
72 51
71 52
70 53
69 54
68 54
67 55
66 56
65 57
64 58
63 59
62 59
61 60
60 61
59 62
58 63
57 63
56 64
55 65
54 66
53 67
52 67
51 68
50 69
49 70
48 71
47 71
46 72
45 73
45 73
44 74
43 75
43 76
42 77
41 78
41 78
40 78
39 78
39 78
38 77
38 77
38 77
39 76
40 76
40 76
41 76
42 75
43 75
44 75
44 75
45 75
46 74
47 74
48 74
48 74
49 74
50 73
51 73
52 72
53 72
53 72
54 72
55 71
56 71
57 70
58 70
58 70
59 70
60 69
61 69
62 68
63 68
63 68
64 68
65 68
66 67
67 67
68 67
68 67
69 67
70 67
71 66
72 66
73 66
73 66
74 66
75 66
76 66
77 66
78 66
78 66
79 66
80 66
81 65
82 65
83 65
84 65
84 65
85 65
86 65
87 65
88 65
89 65
89 65
90 65
91 65
92 65
93 65
93 65
94 65
95 65
96 65
96 65
97 65
98 66
99 66
99 66
100 67
100 67
100 68
100 68
99 68
99 68
98 69
98 69
97 69
