1 4
2 4
3 4
4 3
5 3
6 3
7 3
7 3
8 2
8 2
9 2
9 2
10 2
11 2
11 2
12 2
13 2
14 2
14 2
15 2
16 2
17 2
18 2
18 2
19 1
20 1
21 0
22 0
22 0
23 0
24 0
25 0
26 0
26 0
27 1
28 1
29 2
29 2
30 3
31 4
31 4
31 5
32 6
32 7
32 7
32 8
32 9
33 10
33 11
33 12
33 12
33 13
33 14
33 15
33 16
33 17
33 17
33 18
33 19
32 20
32 21
32 22
32 23
32 23
32 24
32 25
31 26
31 27
31 28
31 28
31 29
31 30
30 31
30 32
30 33
30 33
30 34
29 35
29 36
29 37
29 37
28 38
28 39
27 40
27 41
27 41
26 42
26 43
25 44
25 44
24 43
23 42
23 41
22 40
21 39
20 38
20 37
19 36
18 35
17 34
17 33
16 32
16 32
17 31
17 31
17 31
16 31
16 31
16 32
16 32
16 33
16 34
16 34
16 35
15 36
15 37
15 38
15 38
15 39
14 40
14 41
14 42
14 42
14 43
13 44
13 45
13 46
13 46
13 47
12 48
12 49
12 50
12 50
11 51
11 52
10 53
10 53
9 54
9 55
9 55
9 55
9 55
9 55
10 55
10 55
11 54
11 54
12 54
13 54
14 54
14 54
15 53
16 53
16 53
17 53
18 53
19 53
20 53
20 53
21 53
22 52
23 52
23 52
24 52
25 52
26 52
26 52
27 52
28 52
29 52
30 52
30 52
31 53
32 53
32 53
33 54
34 55
34 55
34 56
34 57
35 58
35 59
35 60
35 60
35 61
35 62
35 63
35 64
35 65
35 65
35 66
35 67
34 68
34 69
34 70
34 71
34 71
34 72
34 73
33 74
33 75
33 76
33 76
33 77
33 78
32 79
32 80
32 81
32 82
32 82
32 83
32 84
31 85
31 86
31 87
31 87
31 88
30 89
30 90
30 91
30 91
29 92
29 93
28 94
28 94
28 95
27 96
27 97
27 97
26 98
25 98
25 98
24 99
24 99
23 100
22 100
22 100
21 100
20 100
20 100
19 100
18 100
17 100
17 100
16 99
15 98
14 97
13 96
12 95
11 94
10 93
9 92
8 92
7 91
6 90
5 89
4 88
3 87
2 86
1 85
0 84
0 84
0 83
0 83
0 82
0 82
0 82
1 81
1 81
2 80
3 80
3 80
4 80
5 79
6 79
6 79
7 78
8 78
9 77
10 77
10 77
11 76
12 76
13 75
14 75
14 75
15 74
16 73
17 72
18 71
19 70
20 69
21 68
22 67
23 66
24 65
25 64
26 63
27 62
28 61
29 61
30 60
31 59
32 58
33 57
34 56
35 55
36 54
37 53
38 52
39 51
40 50
41 49
42 48
43 47
44 46
45 45
46 44
47 43
48 42
49 41
50 40
51 39
52 38
53 37
54 36
55 35
56 34
57 33
58 33
59 32
60 31
61 30
62 29
63 28
64 27
65 26
66 25
67 24
68 23
69 22
70 21
71 20
72 19
72 19
72 18
72 17
72 16
72 15
72 14
72 13
72 12
72 12
72 11
72 10
72 10
71 9
71 9
71 10
71 11
71 11
71 12
71 13
71 14
71 15
71 15
71 16
71 17
71 18
72 19
72 20
72 21
72 22
72 22
72 23
72 24
72 25
72 26
72 27
72 28
72 29
72 30
72 30
72 31
72 32
72 33
73 34
73 35
73 36
73 37
73 38
73 38
73 39
73 40
73 41
73 42
73 43
73 44
73 45
73 46
73 47
73 47
73 48
73 49
73 50
73 51
73 52
73 53
73 54
73 55
73 55
73 56
73 57
73 58
73 59
73 60
73 61
73 62
73 63
73 63
73 64
73 65
73 66
73 67
73 68
73 69
73 70
73 70
73 71
73 72
72 73
72 74
72 75
72 75
72 76
72 77
72 78
72 79
72 80
72 80
72 79
72 78
72 77
72 76
72 75
73 74
73 73
73 72
73 71
73 70
73 69
73 68
73 67
73 66
73 65
74 64
74 63
74 62
74 61
74 60
74 59
74 59
75 58
75 57
76 56
77 55
77 54
78 53
78 53
78 52
79 51
79 50
79 50
79 49
79 49
80 50
81 50
81 50
82 50
83 50
83 50
84 50
85 50
86 50
86 50
87 50
88 51
89 51
89 51
90 51
91 51
92 51
92 51
93 51
94 51
94 51
95 52
95 52
96 52
96 52
96 52
95 53
94 54
93 54
92 55
91 56
90 57
89 58
88 59
87 59
86 60
85 61
84 62
83 63
82 64
81 64
80 65
79 66
78 67
77 68
76 69
75 69
74 70
73 71
72 72
71 73
70 73
69 74
68 75
67 76
66 77
65 78
64 78
63 79
62 80
61 81
60 82
59 83
58 83
57 84
56 85
56 85
55 86
55 87
54 88
53 89
53 90
52 91
52 91
51 92
50 92
50 92
50 92
51 93
52 93
52 93
53 93
54 93
55 93
55 93
56 93
57 92
58 92
59 92
60 91
61 91
61 91
62 91
63 90
64 90
65 90
66 90
67 89
68 89
68 89
69 89
70 89
71 88
72 88
73 88
74 88
74 88
75 88
76 88
77 87
78 87
79 87
80 87
80 87
81 87
82 87
83 87
84 87
85 87
85 87
86 87
87 87
88 87
89 87
89 87
90 87
91 88
92 88
92 88
93 89
94 90
94 90
95 91
96 91
96 91
97 91
98 91
98 91
99 90
100 90
