8 9
9 8
10 8
10 8
10 7
10 6
10 6
11 5
11 5
12 4
13 4
13 4
14 4
15 3
16 3
16 3
17 2
18 2
19 1
19 1
20 1
21 0
22 0
22 0
23 0
24 0
25 0
26 0
26 0
27 0
28 1
29 1
29 1
30 2
31 2
32 3
32 3
32 4
33 5
33 6
33 6
33 7
34 8
34 9
34 9
34 10
34 11
34 12
34 13
34 14
34 14
34 15
33 16
33 17
33 18
33 18
33 19
33 20
32 21
32 22
32 23
32 23
32 24
32 25
31 26
31 27
31 28
31 28
30 29
30 30
29 31
29 32
29 32
29 33
28 34
28 35
28 36
28 36
27 37
27 38
26 39
26 40
26 40
25 41
25 42
24 43
24 43
23 44
23 45
23 45
23 44
22 43
22 42
21 41
21 40
20 39
20 38
20 37
19 36
19 35
18 34
18 33
18 33
18 32
18 32
18 31
18 31
17 31
17 31
17 31
16 32
16 33
16 33
16 34
16 35
16 36
16 36
16 37
16 38
16 39
16 40
16 40
16 41
15 42
15 43
15 44
15 44
15 45
14 46
14 47
14 47
13 48
13 49
13 49
12 50
11 51
11 51
10 52
10 52
10 52
10 52
11 52
11 52
12 51
12 51
13 51
14 51
14 51
15 50
16 50
16 50
17 50
18 49
19 49
19 49
20 49
21 49
22 49
22 49
23 49
24 48
25 48
25 48
26 49
27 49
27 49
28 49
29 50
30 50
30 50
31 51
31 52
31 52
31 53
32 54
32 55
32 56
32 56
32 57
32 58
32 59
32 60
32 60
32 61
32 62
32 63
32 64
32 65
32 65
32 66
32 67
32 68
32 69
32 70
32 70
32 71
32 72
32 73
32 74
32 75
32 76
32 76
32 77
32 78
31 79
31 80
31 81
31 81
31 82
31 83
30 84
30 85
30 86
30 86
30 87
29 88
29 89
28 90
28 91
28 91
28 92
27 93
27 94
27 95
27 95
26 96
25 97
25 97
24 98
24 99
23 100
23 100
22 100
21 100
21 100
20 100
20 100
19 100
18 100
18 100
17 99
16 98
16 97
15 96
14 95
13 94
13 93
12 92
11 91
10 90
9 89
9 88
8 87
7 86
6 85
5 84
5 83
4 82
3 81
2 80
2 79
1 78
0 77
0 77
1 76
2 76
2 76
2 75
2 75
2 75
3 74
4 74
4 74
5 74
6 74
7 74
8 74
8 74
9 73
10 73
11 72
12 72
12 72
13 72
14 71
15 71
16 70
17 70
17 70
18 69
19 68
20 68
21 67
22 66
23 65
24 64
25 63
26 63
27 62
28 61
29 60
30 59
31 58
32 58
33 57
34 56
35 55
36 54
37 54
38 53
39 52
40 51
41 50
42 49
43 49
44 48
45 47
46 46
47 45
48 44
49 44
50 43
51 42
52 41
53 40
54 39
55 39
56 38
57 37
58 36
59 35
60 35
61 34
62 33
63 32
64 31
65 30
66 30
67 29
68 28
69 27
70 26
71 25
72 25
73 24
74 23
74 23
74 22
74 21
74 20
74 19
74 18
74 18
74 17
74 16
74 16
73 16
73 16
74 17
74 17
74 18
75 19
75 20
75 20
75 21
75 22
76 23
76 24
76 25
76 26
76 26
76 27
76 28
77 29
77 30
77 31
77 31
77 32
77 33
77 34
77 35
77 36
77 37
77 37
77 38
77 39
78 40
78 41
78 42
78 43
78 43
78 44
78 45
78 46
78 47
78 48
78 49
78 49
78 50
78 51
79 52
79 53
79 54
79 55
79 55
79 56
79 57
79 58
79 59
79 59
79 60
79 61
79 62
79 63
79 63
80 64
80 65
80 65
80 64
79 63
79 62
78 61
78 60
78 59
77 58
77 57
77 56
76 55
76 54
75 53
75 52
75 52
76 51
77 51
78 50
79 50
79 50
80 49
80 48
80 48
81 48
81 48
82 48
83 48
83 48
84 48
85 47
86 47
86 47
87 47
88 46
89 46
90 46
90 46
91 46
92 45
93 45
93 45
94 45
95 45
96 45
96 45
97 44
98 44
98 44
97 45
96 46
95 47
94 47
93 48
92 49
91 50
90 51
89 52
88 53
87 53
86 54
85 55
84 56
83 57
82 58
81 59
80 60
79 60
78 61
77 62
76 63
75 64
74 65
73 66
72 66
71 67
70 68
69 69
68 70
67 71
66 72
65 72
64 73
63 74
62 75
62 75
61 76
61 77
60 78
60 78
60 79
60 80
60 80
60 81
60 81
61 82
62 83
62 83
63 83
64 84
65 84
66 84
66 84
67 84
68 83
69 83
70 83
70 83
71 83
72 82
73 82
74 82
75 82
76 81
77 81
77 81
78 80
79 80
80 79
81 79
82 78
82 78
83 78
84 77
85 77
86 76
87 76
87 76
88 76
89 76
90 75
91 75
92 75
92 75
93 75
94 76
95 76
95 76
96 77
97 77
97 77
98 78
98 78
99 79
99 79
99 80
99 80
100 80
100 80
99 80
