21 33
21 33
21 33
21 33
21 33
21 33
21 33
21 33
21 33
20 34
19 34
19 34
18 34
17 34
17 34
16 34
15 34
15 34
14 34
13 34
13 34
12 34
11 34
10 34
10 34
9 34
8 33
7 33
7 33
6 33
5 32
4 32
4 32
3 31
3 31
3 31
3 31
4 30
4 29
5 28
5 28
5 27
6 26
6 25
6 24
6 24
7 23
7 22
8 21
8 20
9 19
9 18
9 18
10 17
11 16
11 15
12 14
12 14
13 13
14 12
14 11
15 10
15 10
16 9
17 8
18 7
18 7
19 6
20 5
21 4
21 4
22 3
23 2
23 2
24 1
25 1
25 1
26 0
27 0
27 0
28 1
28 1
29 1
29 1
30 2
30 2
31 2
31 2
31 2
32 3
32 3
32 4
32 4
31 5
31 6
31 6
30 7
30 8
29 9
29 10
29 10
29 11
28 12
28 13
28 14
28 15
27 16
27 17
27 17
27 18
27 19
27 20
27 21
26 22
26 23
26 24
26 25
26 26
26 26
26 27
26 28
26 29
26 30
26 31
25 32
25 33
25 34
25 35
25 36
25 37
25 37
25 38
25 39
24 40
24 41
24 42
24 43
24 44
24 45
23 46
23 47
23 48
23 49
23 49
23 50
22 51
22 52
22 53
22 54
21 55
21 56
21 57
21 58
20 59
20 60
20 60
20 61
19 62
19 63
19 64
19 65
18 66
18 67
18 68
18 68
18 69
17 70
17 71
16 72
16 73
15 74
15 75
15 75
14 76
14 77
13 78
12 79
12 80
11 81
11 81
10 82
9 83
8 84
7 85
7 85
6 86
6 87
5 88
5 89
4 90
4 90
3 91
2 92
2 92
1 93
0 93
0 93
0 93
0 93
0 92
0 91
0 91
0 90
0 89
0 88
0 88
0 87
0 86
0 85
0 84
0 83
0 82
0 82
0 81
0 80
0 79
0 78
0 77
0 76
0 76
0 75
0 74
0 73
1 72
1 71
1 70
1 69
1 69
1 68
2 67
2 66
3 65
3 64
4 63
4 62
4 62
5 61
5 60
6 59
6 58
7 57
7 56
7 56
8 55
8 54
9 53
9 52
10 51
10 50
11 49
11 49
12 49
13 48
14 48
15 48
16 47
17 47
18 47
19 46
20 46
21 46
22 45
23 45
24 45
25 44
26 44
27 44
28 43
29 43
30 43
31 42
32 42
33 42
34 41
35 41
35 41
35 41
35 41
35 41
35 41
35 41
35 41
36 40
36 39
37 38
37 37
37 37
37 36
37 36
38 35
38 35
38 34
38 34
38 33
38 33
37 32
37 32
37 31
37 31
36 31
36 31
35 31
35 31
34 31
34 31
34 31
33 32
32 33
32 33
31 34
31 35
30 36
30 36
30 37
29 38
29 39
29 40
29 40
28 41
28 42
27 43
27 44
27 44
27 45
26 46
26 47
26 48
26 48
26 49
26 50
26 50
25 51
25 51
25 51
26 52
26 52
27 52
27 52
28 53
28 53
29 53
30 53
30 53
31 53
32 53
32 53
33 52
34 51
34 51
35 50
35 49
36 48
36 48
37 47
37 46
38 45
38 45
38 44
39 43
39 42
39 42
40 41
40 40
40 40
41 39
41 38
41 38
42 37
42 37
42 36
42 36
42 37
42 37
42 37
42 38
42 39
42 39
42 40
41 41
41 42
41 42
41 43
40 44
40 45
40 46
40 46
40 47
40 48
40 48
40 49
40 49
40 49
40 50
40 50
41 51
41 51
42 51
42 51
43 51
43 51
44 51
45 51
45 51
45 50
45 49
45 48
45 47
45 46
45 45
45 44
45 43
45 42
45 41
45 40
46 39
46 38
46 37
46 36
46 35
46 34
46 33
46 32
46 31
46 30
46 29
46 28
46 27
46 27
46 27
46 27
46 27
46 27
46 27
46 27
46 27
47 28
48 28
49 29
49 29
49 30
50 31
50 32
50 32
50 33
51 34
51 35
51 35
51 36
51 37
51 37
51 38
51 39
51 40
51 40
51 41
51 42
51 43
51 44
51 44
51 45
50 46
50 47
50 48
50 48
49 49
49 50
49 50
48 51
48 52
48 52
48 52
48 52
49 52
49 52
50 51
50 50
50 50
51 49
51 48
52 47
52 47
52 46
53 45
53 44
53 43
53 43
53 42
54 41
54 40
54 40
55 39
55 38
56 37
56 37
56 36
57 35
57 34
57 34
58 33
58 33
59 32
59 32
60 32
60 32
60 32
60 32
60 32
60 32
60 33
60 33
59 34
59 35
59 35
59 36
59 37
59 38
59 39
59 39
59 40
58 41
58 42
58 42
58 43
57 44
57 45
57 46
57 46
57 47
57 48
57 48
57 49
57 49
57 50
57 50
57 50
57 50
57 49
57 49
58 49
58 49
59 48
59 47
59 47
60 46
60 45
60 45
60 44
61 43
61 42
61 42
62 41
63 40
63 40
63 39
64 38
64 37
64 37
65 36
65 36
66 36
66 36
66 36
66 36
65 37
65 37
65 38
65 38
65 39
65 40
65 40
64 41
64 42
64 42
64 43
64 44
64 44
64 45
64 46
64 46
64 47
64 48
64 48
64 48
65 49
65 49
65 49
66 49
66 49
67 48
68 48
68 48
69 47
69 47
70 46
70 46
71 45
71 44
71 44
72 43
73 43
73 43
74 42
74 41
74 41
75 40
76 39
76 39
77 38
77 37
77 37
77 36
78 35
78 34
78 34
79 33
79 32
79 32
79 31
79 30
79 29
79 29
79 28
79 28
79 28
79 28
79 28
78 27
78 27
78 27
77 26
77 26
76 26
76 26
75 26
75 26
75 27
75 27
74 28
74 28
73 28
73 28
72 29
72 29
72 30
72 31
72 31
71 32
71 32
71 33
71 33
70 34
70 34
70 35
70 35
70 36
69 37
69 38
69 38
69 39
69 40
69 41
69 41
69 42
69 43
69 44
69 44
69 45
69 46
69 46
69 47
69 47
69 48
69 48
69 48
69 48
69 48
69 49
69 49
69 49
69 49
70 49
70 49
70 50
70 50
70 50
70 50
71 51
71 51
71 51
71 51
71 51
71 52
71 52
72 53
72 53
72 53
73 53
73 53
74 53
74 53
75 53
76 53
76 53
77 52
77 52
78 51
78 51
79 50
80 49
80 49
81 48
81 48
82 47
82 46
82 46
83 45
84 44
84 44
85 43
85 42
85 42
86 41
87 40
87 40
88 39
88 38
88 38
89 37
90 36
90 36
91 35
91 34
91 34
91 33
91 33
92 32
92 32
92 32
93 31
93 31
93 30
93 30
94 29
94 28
94 28
95 27
95 26
95 26
95 25
95 25
95 24
95 23
95 23
95 23
95 23
94 23
94 23
94 23
93 23
93 23
92 23
91 23
91 23
90 24
90 24
89 24
88 24
88 24
87 25
87 25
86 26
86 26
85 27
85 27
85 27
84 28
84 28
83 29
83 30
83 30
82 31
82 31
81 32
81 32
80 33
80 33
80 34
80 34
80 34
80 35
80 36
80 36
80 37
80 37
80 38
80 39
80 39
80 40
80 40
81 41
81 42
81 42
82 43
82 43
83 44
84 44
84 44
85 45
86 45
86 45
87 45
88 45
88 45
89 44
89 44
90 44
91 44
91 44
92 43
93 43
93 43
94 43
95 43
95 43
96 43
97 43
97 43
98 43
98 43
99 44
99 44
100 45
100 45
99 46
99 46
99 47
99 48
99 49
99 49
98 50
98 51
97 52
97 53
97 53
96 54
95 55
95 56
94 57
94 57
93 58
92 59
92 60
91 61
91 61
90 62
89 63
89 64
88 65
87 66
87 66
86 67
85 68
84 69
83 70
83 70
82 71
81 72
80 72
79 73
78 74
78 74
77 75
76 76
75 77
74 78
74 78
73 79
72 80
71 81
70 82
70 82
69 83
68 84
68 85
67 86
66 87
66 87
65 88
64 89
63 89
62 90
62 90
61 91
60 92
59 92
58 93
58 93
57 94
56 94
55 95
55 95
54 96
53 97
52 98
52 98
51 99
50 99
50 99
49 100
49 100
48 100
48 100
49 100
49 100
