12 42
12 43
12 43
12 43
12 43
12 43
11 43
11 43
11 43
11 42
11 42
10 41
10 41
9 40
9 40
8 39
7 39
7 39
6 38
6 38
5 37
5 37
4 36
3 36
3 36
2 36
2 36
1 35
0 35
0 35
0 35
0 34
0 34
0 33
0 33
1 32
1 31
1 31
2 30
2 29
3 28
3 27
3 27
4 26
5 25
6 24
7 23
7 23
8 22
8 21
9 20
10 19
10 18
11 17
11 17
12 16
13 15
13 14
14 13
15 12
15 12
16 11
17 10
17 9
18 8
19 7
19 7
20 6
21 5
22 5
23 4
23 4
24 3
25 2
25 2
26 1
27 0
27 0
28 1
28 1
28 2
28 3
28 3
28 4
28 5
28 5
28 6
28 7
27 8
27 9
27 10
27 10
27 11
26 12
26 13
26 14
25 15
25 16
25 16
25 17
24 18
24 19
24 20
24 21
23 22
23 23
23 23
23 24
22 25
22 26
22 27
22 28
21 29
21 30
21 30
21 31
21 32
20 33
20 34
20 35
20 36
19 37
19 38
19 39
19 39
19 40
19 41
18 42
18 43
18 44
18 45
17 46
17 47
17 48
17 48
17 49
17 50
16 51
16 52
16 53
16 54
16 55
16 56
15 57
15 58
15 59
15 59
15 60
15 61
14 62
14 63
14 64
14 65
14 66
13 67
13 68
13 69
13 69
13 70
12 71
12 72
11 73
11 74
11 75
10 76
10 77
10 77
10 78
10 79
10 80
9 81
9 82
9 83
9 84
9 85
9 85
9 86
8 87
8 88
7 89
7 90
7 90
7 91
6 92
6 93
6 94
6 94
6 95
5 96
5 97
5 98
5 98
4 99
4 99
3 100
3 100
2 100
2 100
1 100
1 100
1 99
1 99
0 98
0 97
0 97
0 96
0 95
0 94
0 93
0 93
0 92
0 91
1 90
1 89
1 88
1 88
1 87
1 86
2 85
2 84
2 83
2 83
2 82
3 81
3 80
3 79
3 78
4 77
4 76
4 75
4 75
4 74
5 73
5 72
6 71
6 70
6 69
7 68
7 67
7 67
7 66
8 65
8 64
8 63
9 62
9 61
9 60
10 59
10 58
10 58
10 57
11 56
11 55
12 54
12 53
13 52
13 51
13 51
14 50
14 49
15 48
15 47
16 46
16 45
16 45
16 44
17 43
17 42
17 41
18 40
18 39
18 39
18 38
19 37
19 36
19 35
19 35
20 34
20 33
21 32
21 31
21 31
21 30
21 29
21 28
21 28
22 27
22 26
22 26
22 26
23 27
24 28
25 29
26 29
27 30
28 31
29 32
30 33
31 34
32 35
33 36
34 36
35 37
36 38
37 39
37 39
38 39
38 39
38 39
38 38
38 38
38 38
37 37
37 37
37 36
37 36
37 35
37 35
37 34
37 33
37 33
37 32
37 31
37 31
37 30
37 30
37 29
37 29
37 28
37 28
37 29
37 29
36 30
36 30
36 31
36 32
36 33
36 33
36 34
35 35
35 36
35 36
35 37
34 38
34 39
34 39
34 40
33 41
33 42
33 42
32 43
32 44
32 44
32 45
32 46
32 46
32 47
32 47
32 47
33 47
33 47
34 46
34 46
35 45
35 44
35 44
36 43
36 42
37 41
37 41
37 40
38 39
38 38
38 38
39 37
39 36
39 36
39 35
39 35
40 35
40 35
40 35
40 36
40 36
39 37
39 37
39 38
39 39
39 39
39 40
38 41
38 42
38 42
38 43
38 44
38 44
38 45
38 45
39 46
39 46
39 46
40 46
40 46
41 45
41 45
42 44
42 44
43 43
44 42
44 42
45 41
45 40
45 40
46 39
47 39
47 39
48 38
49 38
49 38
50 37
50 37
50 38
50 38
50 38
49 39
49 40
49 40
49 41
49 42
49 42
48 43
48 43
47 44
47 45
47 45
47 46
47 47
47 47
47 47
47 48
47 48
47 48
48 47
48 46
48 46
49 45
49 45
49 44
50 43
50 42
50 42
51 41
51 40
52 39
52 39
53 38
53 37
54 36
54 36
55 35
55 35
56 34
56 34
57 34
57 34
57 35
57 35
57 36
57 36
57 37
57 37
57 38
57 38
56 39
56 40
56 40
56 41
56 41
55 42
55 43
55 43
55 44
55 44
55 44
55 44
55 43
55 43
56 42
56 41
56 41
57 40
57 39
57 39
58 38
59 37
59 37
60 36
60 35
60 35
61 34
62 34
62 34
63 33
63 33
63 33
63 33
63 34
63 34
63 35
63 35
63 36
63 37
63 37
63 38
63 39
63 39
62 40
62 40
62 41
62 42
62 42
62 43
62 43
62 44
62 44
63 44
63 44
64 44
64 44
65 43
65 43
66 42
67 41
67 41
68 40
69 39
69 39
70 38
70 37
71 36
71 36
72 35
73 34
73 34
74 33
74 32
75 31
75 31
76 30
77 29
78 28
78 28
79 27
80 26
80 26
81 25
81 25
82 24
82 24
82 23
82 23
82 23
81 24
81 24
80 25
80 25
79 26
78 27
78 27
77 28
77 29
76 30
76 30
75 31
75 32
74 33
74 33
73 34
72 35
72 35
71 36
71 37
71 37
71 38
71 39
71 40
71 40
71 41
71 42
71 42
71 43
71 44
71 44
72 45
73 46
73 46
74 47
74 47
75 47
76 47
76 47
77 46
78 46
78 46
79 45
80 45
81 44
81 44
82 43
83 42
83 42
84 41
85 40
85 40
86 39
86 38
86 38
87 37
87 37
88 36
88 35
88 35
89 34
90 33
90 33
91 32
91 31
91 31
92 30
92 29
92 29
93 28
93 28
94 27
94 27
94 27
94 26
94 26
93 26
93 26
93 26
92 27
92 27
91 27
91 27
90 28
90 28
89 29
89 29
88 30
87 31
87 31
86 32
85 33
85 33
84 34
84 35
84 35
84 36
84 36
84 36
85 36
86 36
86 36
87 35
88 35
88 35
89 35
90 34
91 34
91 34
92 34
93 33
94 33
94 33
95 33
96 33
96 33
97 33
98 33
98 33
99 33
99 33
100 34
100 34
99 34
99 34
99 35
99 36
99 36
98 37
98 37
97 38
96 39
96 39
95 40
94 41
94 41
93 42
92 43
92 43
91 44
90 45
89 46
89 46
88 47
87 48
87 49
86 50
86 50
85 51
84 52
83 53
82 54
82 54
81 55
80 56
79 57
78 58
77 59
77 59
76 60
75 61
74 62
74 63
73 64
72 65
72 65
71 66
70 67
69 68
68 69
67 70
67 70
66 71
65 72
64 73
63 74
62 75
61 76
61 76
60 77
59 78
58 79
57 80
56 81
55 82
55 82
54 83
53 84
53 85
52 86
51 87
51 87
50 88
49 89
48 89
47 90
47 90
46 91
45 91
45 91
44 91
44 91
