13 42
13 42
12 43
12 43
12 43
12 43
12 42
12 42
11 41
11 41
10 40
10 40
9 40
9 40
8 39
8 39
7 38
7 38
6 37
6 37
5 36
5 36
4 36
4 36
4 35
4 35
4 34
4 33
4 33
5 32
5 31
5 31
5 30
6 29
6 28
6 27
6 27
7 26
7 25
8 24
8 23
8 23
9 22
10 21
10 20
11 19
11 19
12 18
12 17
13 16
13 15
14 14
14 14
15 13
15 12
16 11
16 10
16 10
17 9
17 8
18 7
18 6
18 6
19 5
19 4
20 3
20 3
21 2
21 1
21 1
22 0
22 0
22 1
22 1
22 1
22 2
22 3
22 3
22 4
21 5
21 6
21 6
21 7
21 8
20 9
20 10
20 11
20 11
20 12
20 13
19 14
19 15
19 16
19 17
19 17
19 18
19 19
19 20
18 21
18 22
18 23
18 24
18 24
18 25
18 26
18 27
17 28
17 29
17 30
17 31
17 32
17 32
17 33
17 34
16 35
16 36
16 37
16 38
16 39
15 40
15 41
15 42
15 42
15 43
15 44
15 45
15 46
14 47
14 48
14 49
14 50
14 51
14 52
14 52
14 53
14 54
14 55
14 56
13 57
13 58
13 59
13 60
13 61
13 61
13 62
13 63
13 64
13 65
12 66
12 67
12 68
12 69
12 70
12 70
12 71
12 72
12 73
11 74
11 75
11 76
11 77
11 78
11 78
11 79
10 80
10 81
10 82
10 83
9 84
9 85
9 85
9 86
9 87
8 88
8 89
8 90
8 91
8 91
8 92
8 93
7 94
7 95
7 96
7 96
6 97
6 98
5 99
5 99
4 100
4 100
3 100
2 100
2 100
1 100
1 100
0 99
0 99
0 98
0 97
0 97
0 96
0 95
0 95
0 94
0 93
0 92
0 91
0 91
0 90
0 89
0 88
0 87
0 86
0 86
0 85
1 84
1 83
1 82
1 81
2 80
2 79
2 79
2 78
3 77
3 76
3 75
3 74
4 73
4 72
4 71
4 71
4 70
5 69
5 68
6 67
6 66
6 65
7 64
7 63
7 63
7 62
8 61
8 60
9 59
9 58
10 57
10 56
10 56
11 55
11 54
12 53
12 52
13 51
13 50
13 50
14 49
14 48
15 47
15 46
16 45
16 45
17 44
17 43
18 42
18 41
18 41
18 40
19 39
19 38
19 38
20 37
21 36
21 36
22 35
22 34
22 34
22 33
22 32
22 32
23 33
24 34
25 35
26 36
27 37
28 38
29 39
30 40
30 40
31 41
32 42
32 42
32 43
32 43
32 43
32 43
31 44
31 44
31 43
31 43
31 42
31 42
31 41
31 41
31 40
31 39
31 38
31 38
32 37
32 36
32 36
32 35
32 34
32 33
32 33
32 32
32 31
32 31
33 30
33 29
33 29
32 28
32 28
32 28
32 29
32 29
31 30
31 30
31 31
31 32
31 33
31 34
31 34
31 35
30 36
30 37
30 37
30 38
29 39
29 40
29 41
29 41
29 42
28 43
28 44
28 45
28 45
28 46
28 47
28 48
28 48
28 49
27 50
27 51
27 51
27 52
27 52
28 53
28 53
29 53
29 53
30 52
30 52
31 51
32 50
32 50
33 49
33 48
33 48
33 47
34 46
34 45
34 45
34 44
35 43
35 42
35 42
35 41
36 40
36 39
36 39
37 38
37 38
37 38
37 38
37 39
37 39
36 40
36 41
36 41
36 42
36 43
36 43
36 44
35 45
35 46
35 46
35 47
35 48
35 48
35 49
35 50
35 50
35 50
35 51
35 51
36 51
36 51
36 50
36 50
37 49
37 49
38 48
38 47
38 47
39 46
39 46
40 45
41 44
41 44
41 43
42 42
42 41
42 41
43 40
43 39
43 39
44 38
44 37
44 37
44 36
44 36
45 36
45 36
45 37
45 37
45 38
45 38
45 39
45 40
45 41
45 41
45 42
44 43
44 44
44 44
44 45
44 46
44 46
44 47
44 47
44 48
44 48
44 48
45 47
45 47
46 46
46 45
46 45
47 44
47 43
47 43
47 42
48 41
48 40
48 40
49 39
50 38
50 38
51 37
51 36
51 36
52 35
52 34
52 34
53 33
53 33
54 33
54 33
54 34
54 34
55 35
55 35
55 36
55 37
55 37
54 38
54 38
54 39
54 40
54 40
54 40
54 41
54 41
54 41
54 40
54 40
55 39
55 39
56 38
56 38
57 37
57 36
57 36
58 35
59 35
59 35
60 34
60 33
60 33
61 32
61 32
62 32
62 32
63 32
63 32
63 33
63 33
63 34
63 35
63 35
63 36
63 37
63 37
63 38
63 39
63 39
63 40
63 40
64 41
64 42
64 42
64 43
64 43
65 44
65 44
66 44
66 44
67 44
68 44
68 44
69 43
69 43
70 42
71 41
71 41
72 40
73 39
73 39
74 38
74 37
75 36
75 36
76 35
76 34
77 33
77 32
77 32
78 31
78 30
79 29
79 29
80 28
80 27
80 27
81 26
81 25
81 25
81 24
81 24
81 24
81 24
80 25
80 25
79 26
79 27
79 27
78 28
77 29
77 29
77 30
76 31
76 32
76 32
76 33
75 34
75 35
75 35
75 36
74 37
74 38
74 39
74 39
74 40
73 41
73 42
73 42
73 43
73 44
73 44
73 45
73 46
73 47
73 47
73 48
73 48
74 48
74 48
75 48
76 48
76 48
77 47
78 46
78 46
79 45
80 44
80 44
81 43
82 42
83 41
83 41
84 40
84 39
85 38
85 38
86 37
87 36
88 35
88 35
88 34
89 33
89 32
89 32
90 31
91 30
91 30
92 29
92 28
92 28
93 27
93 26
93 26
93 25
93 24
93 24
93 23
93 23
93 23
92 24
92 24
91 25
90 25
90 25
89 26
89 27
89 27
88 27
87 28
86 28
86 28
85 29
84 30
84 30
83 31
83 32
83 32
82 33
81 34
81 34
81 35
81 35
81 35
81 35
82 36
82 36
83 35
84 35
84 35
85 35
86 35
86 35
87 35
88 34
89 34
89 34
90 34
91 34
92 34
92 34
93 34
94 34
95 34
95 34
96 33
97 33
97 33
98 34
99 34
99 34
100 34
100 34
99 35
99 35
99 36
99 37
99 37
98 38
98 39
97 40
97 40
96 41
96 42
95 43
95 43
94 44
93 45
93 46
92 47
92 47
91 48
90 49
89 50
88 51
88 51
87 52
86 53
86 54
85 55
84 56
84 56
83 57
82 58
81 59
80 60
79 61
79 61
78 62
77 63
76 64
75 65
74 66
74 66
73 67
72 68
71 68
70 69
70 69
69 70
68 71
67 72
67 72
66 73
65 74
65 74
64 75
64 75
64 75
64 75
64 75
65 75
