12 39
13 39
13 39
13 39
13 39
13 39
13 39
13 39
13 39
13 38
13 38
12 38
12 38
11 37
11 37
10 36
10 36
9 36
9 36
8 36
7 36
7 36
6 35
6 35
5 35
4 35
4 35
3 35
3 35
2 35
2 35
1 34
1 34
1 33
1 32
1 32
2 31
2 30
2 30
2 29
3 28
3 27
3 27
4 26
4 25
5 24
5 24
6 23
6 22
7 21
7 20
7 20
8 19
9 18
9 17
10 16
10 16
11 15
11 14
12 13
12 12
13 11
13 11
14 10
15 9
16 8
16 8
17 7
18 6
19 5
19 5
20 4
21 3
21 3
22 2
23 1
23 1
24 0
24 0
25 0
25 0
26 1
26 2
26 2
26 3
26 3
26 4
26 5
26 6
26 6
26 7
26 8
26 9
26 10
26 10
26 11
26 12
25 13
25 14
25 15
25 15
25 16
24 17
24 18
24 19
23 20
23 21
23 21
23 22
23 23
23 24
22 25
22 26
22 27
22 28
22 28
22 29
21 30
21 31
21 32
21 33
20 34
20 35
20 36
20 36
20 37
20 38
19 39
19 40
19 41
19 42
19 43
18 44
18 45
18 46
18 46
18 47
17 48
17 49
17 50
17 51
16 52
16 53
16 54
16 54
16 55
15 56
15 57
14 58
14 59
14 60
13 61
13 62
13 62
13 63
13 64
13 65
12 66
12 67
12 68
12 69
12 69
12 70
11 71
11 72
11 73
10 74
10 75
10 75
10 76
10 77
9 78
9 79
9 80
9 81
9 81
9 82
8 83
8 84
8 85
8 85
8 86
8 87
7 88
7 89
7 90
7 90
6 91
6 92
5 93
5 93
5 94
4 95
4 96
4 96
3 97
2 98
2 98
1 99
1 100
1 100
0 100
0 100
0 100
0 99
0 98
0 98
0 97
0 96
0 95
0 95
0 94
0 93
1 92
1 91
1 90
1 89
1 89
1 88
1 87
2 86
2 85
2 84
2 83
2 83
2 82
3 81
3 80
3 79
3 78
4 77
4 76
4 75
4 75
4 74
5 73
5 72
6 71
6 70
6 69
7 68
7 67
7 67
7 66
8 65
8 64
8 63
8 62
9 61
9 60
9 60
9 59
10 58
10 57
11 56
11 55
11 54
12 53
12 52
12 52
13 51
13 50
14 49
14 48
15 47
15 46
15 46
16 45
16 44
17 43
17 42
18 41
18 41
19 40
19 39
20 38
20 37
21 36
21 36
22 35
22 34
23 33
23 32
23 32
24 31
24 30
25 29
25 29
26 28
27 27
27 27
28 26
28 26
29 27
29 28
30 29
31 30
32 31
32 32
33 33
34 34
35 35
35 36
36 37
36 37
36 38
36 38
36 38
36 37
36 37
36 36
36 36
36 35
36 35
36 34
36 33
36 33
36 32
36 32
36 31
36 30
36 30
36 29
36 28
36 28
36 27
36 27
36 26
36 26
36 25
36 25
35 26
35 26
35 26
35 27
34 28
34 29
34 29
34 30
33 31
33 32
33 32
32 33
32 34
31 35
31 36
31 36
31 37
30 38
30 39
30 39
30 40
30 41
30 42
30 42
30 43
29 44
29 45
29 45
29 46
29 46
30 47
30 47
30 47
31 46
31 46
32 45
32 45
33 44
33 43
33 43
34 42
35 41
35 41
35 40
36 39
36 38
36 38
37 37
37 36
37 36
37 35
37 35
37 35
37 35
37 35
37 36
37 37
37 37
37 38
36 39
36 40
36 40
36 41
36 42
36 43
36 43
35 44
35 45
35 45
35 46
35 46
36 47
36 47
36 48
36 48
37 47
37 47
38 46
39 46
39 46
40 45
40 44
40 44
41 43
41 42
41 42
42 41
43 40
43 40
43 39
44 38
44 37
44 37
45 36
46 36
46 36
46 35
46 35
47 35
47 35
47 36
47 36
46 37
46 38
46 38
46 39
46 40
46 40
46 41
45 42
45 43
45 43
44 44
44 45
44 45
44 46
44 46
44 47
44 47
44 47
45 46
45 46
45 45
45 45
46 44
46 43
46 43
47 42
47 41
47 41
48 40
48 39
49 38
49 38
50 37
50 36
50 36
51 35
52 34
52 34
53 33
53 32
53 32
54 31
54 31
55 32
55 32
55 32
55 33
55 33
55 34
55 35
55 35
54 36
54 37
54 37
54 38
54 38
53 39
53 39
53 40
53 40
53 40
53 39
53 39
54 39
54 39
55 38
55 38
56 37
56 36
56 36
57 35
58 34
58 34
59 33
59 33
60 32
61 32
61 32
62 31
62 31
63 31
63 31
64 31
64 31
64 32
64 32
64 33
64 34
64 34
64 35
64 36
64 36
64 37
64 38
64 39
64 39
64 40
64 41
64 41
64 42
64 43
64 43
64 44
64 44
65 45
65 46
65 46
66 46
66 46
67 46
68 46
68 46
69 46
70 46
70 46
71 45
72 44
72 44
73 43
74 42
74 42
75 41
76 40
77 39
77 39
78 38
78 37
79 36
79 36
80 35
80 34
80 34
80 33
81 32
81 31
81 31
82 30
82 29
82 29
82 28
82 27
82 27
82 26
82 26
81 26
81 26
80 27
80 27
79 28
79 29
79 29
78 30
78 31
78 31
77 32
77 33
76 34
76 34
75 35
75 36
74 37
74 37
73 38
73 39
73 39
72 40
72 41
72 41
72 42
72 43
72 43
72 44
72 45
72 45
73 46
73 46
74 46
74 46
75 45
76 45
76 45
77 44
78 44
78 44
79 43
80 43
81 42
81 42
82 41
83 40
83 40
84 39
85 38
86 37
86 37
87 36
88 35
89 34
89 34
90 33
90 32
91 31
91 31
92 30
93 30
94 29
94 29
95 28
96 27
96 27
97 26
97 26
98 25
98 25
98 25
97 25
97 25
96 25
96 25
95 26
94 26
94 26
93 27
92 27
92 27
91 28
90 28
90 28
89 29
88 29
88 29
87 30
87 30
86 31
86 31
85 32
85 32
84 33
84 33
85 34
85 34
85 34
86 35
86 35
87 35
88 35
88 35
89 35
90 34
91 34
91 34
92 35
93 35
93 35
94 35
95 35
96 35
96 35
97 36
98 36
98 36
99 37
99 37
100 38
100 38
100 39
100 40
100 40
99 41
99 42
99 42
98 43
97 44
97 44
96 45
96 46
95 47
95 47
94 48
93 49
92 49
91 50
91 50
90 51
89 52
88 53
87 54
87 54
86 55
85 56
84 56
83 57
82 58
82 58
81 59
80 60
79 61
78 61
77 62
76 63
76 63
75 64
74 65
73 66
72 66
71 67
70 68
70 68
69 69
68 70
67 71
66 71
65 72
64 73
64 73
63 74
62 75
61 76
60 77
60 77
59 78
58 79
57 80
56 81
56 81
55 82
54 82
53 83
53 83
52 84
51 84
51 84
50 85
50 85
