30 20
29 21
29 21
28 22
28 23
28 23
27 24
27 25
27 25
26 26
26 27
25 28
25 28
24 29
24 29
24 29
24 29
24 28
24 27
24 26
24 26
24 25
24 24
24 23
24 22
24 22
24 21
25 20
25 19
25 19
25 18
26 17
26 16
26 15
26 15
27 14
27 13
28 12
28 11
28 11
28 10
29 9
29 8
29 7
29 7
30 6
30 5
31 4
31 4
32 3
32 2
33 1
33 1
34 0
34 0
34 1
34 1
35 2
35 2
35 3
35 4
35 4
35 5
36 6
36 7
36 7
36 8
35 9
35 10
35 11
35 11
35 12
35 13
35 14
34 15
34 16
34 17
34 18
34 18
34 19
34 20
34 21
33 22
33 23
33 24
33 25
33 25
33 26
32 27
32 28
32 29
32 30
31 31
31 32
31 33
31 33
31 34
30 35
30 36
29 37
29 38
29 39
28 40
28 41
28 41
27 42
27 43
26 44
26 45
25 46
25 47
24 48
24 49
24 49
23 50
23 51
22 52
22 53
21 54
21 55
21 55
20 56
19 57
19 58
18 59
17 60
17 60
16 61
15 62
14 63
13 64
13 64
12 65
11 65
10 66
9 66
9 66
8 66
7 67
6 67
5 67
5 67
4 67
3 66
2 66
2 66
1 65
1 64
1 64
1 63
0 62
0 61
0 61
1 61
2 61
3 60
4 60
5 60
6 60
7 59
8 59
9 59
10 59
11 58
12 58
13 58
14 58
15 57
16 57
17 57
18 57
19 57
20 56
21 56
22 56
23 56
24 55
25 55
26 55
27 55
28 54
29 54
30 54
31 54
32 54
33 53
34 53
35 53
36 53
37 52
38 52
39 52
40 52
41 51
42 51
43 51
44 51
45 50
46 50
47 50
47 50
47 49
47 48
47 47
47 46
47 45
47 44
47 44
48 43
48 43
48 42
48 42
48 41
48 40
48 40
49 39
49 38
49 38
49 37
49 36
49 36
49 35
49 34
49 34
49 33
49 33
48 32
48 32
47 32
47 32
46 32
46 32
45 33
45 34
45 34
44 35
44 36
43 37
43 37
42 38
42 39
41 40
41 41
41 41
41 42
40 43
40 44
40 44
40 45
40 46
40 47
40 47
40 48
40 49
40 49
40 50
40 51
40 51
41 52
41 52
42 52
43 52
43 52
44 51
44 50
45 49
45 49
46 48
46 47
47 46
47 46
48 45
49 44
49 43
50 42
50 42
51 41
51 40
52 39
52 39
53 38
53 38
53 38
53 38
52 38
52 38
52 39
52 40
52 40
51 41
51 42
51 42
51 43
51 44
51 45
51 45
50 46
50 47
50 47
51 48
51 48
51 49
51 49
52 49
52 49
53 49
54 49
54 49
55 48
56 47
56 47
57 46
58 45
58 45
59 44
59 43
60 42
60 42
61 41
61 40
61 40
62 39
63 39
63 39
63 38
63 38
63 38
62 39
62 39
62 40
62 41
62 41
61 42
61 43
61 43
60 44
60 45
60 45
60 46
59 47
59 48
59 48
58 49
58 50
58 50
58 51
58 51
58 52
58 52
58 52
58 51
58 51
59 50
59 50
60 49
60 48
60 48
61 47
61 46
61 46
62 45
62 44
63 43
63 43
64 42
64 42
65 41
65 41
66 41
66 41
66 42
66 42
65 42
65 42
65 43
65 44
65 44
65 45
65 45
64 46
64 47
64 47
64 48
64 48
64 49
64 49
64 50
64 50
65 50
65 50
66 49
66 49
67 48
67 47
67 47
68 46
69 46
69 46
70 45
70 44
70 44
71 43
72 43
72 43
72 43
72 43
72 43
72 44
72 44
72 45
72 45
73 46
73 46
73 47
73 47
73 48
73 48
74 49
74 49
75 50
75 50
76 50
77 50
77 50
78 49
78 49
79 49
80 48
81 48
81 48
82 47
83 46
83 46
84 45
85 44
85 44
86 43
87 42
87 42
88 41
88 40
88 40
88 39
88 39
88 38
88 37
88 37
87 36
87 36
86 36
86 36
85 36
85 36
84 37
84 37
83 38
83 38
82 39
81 40
81 40
80 41
80 41
79 42
79 43
79 43
78 44
78 45
78 45
78 46
78 46
78 47
78 48
78 48
79 49
79 49
80 50
80 50
81 50
81 50
82 49
83 49
83 49
84 49
85 49
85 49
86 49
87 48
88 48
88 48
89 47
90 47
91 46
91 46
92 45
93 44
93 44
94 43
95 42
95 42
96 41
96 40
96 40
97 39
97 38
97 38
98 37
98 37
98 36
98 35
98 35
98 34
98 33
98 33
98 32
98 32
97 31
97 30
97 30
96 30
96 30
95 29
95 29
94 30
94 30
93 31
92 31
92 31
91 32
91 32
90 33
89 34
89 34
88 35
88 36
88 36
87 37
87 38
87 38
86 39
86 40
86 40
86 41
86 41
86 42
86 42
87 43
87 43
88 44
88 44
89 44
90 44
90 44
91 44
92 44
92 44
93 44
94 44
94 44
95 45
96 45
96 45
97 45
98 45
98 45
99 46
99 47
99 47
99 48
99 48
100 49
100 49
99 50
99 51
99 51
99 52
99 53
99 53
98 54
98 55
98 55
97 56
97 57
96 58
96 58
95 59
95 60
94 61
94 61
94 62
93 63
93 64
92 65
92 66
92 66
91 67
90 68
90 69
89 70
88 71
88 71
87 72
86 73
86 74
85 75
84 76
84 76
83 77
83 78
82 79
81 80
81 81
80 82
80 82
79 83
78 84
77 85
77 86
76 87
75 88
75 88
74 89
73 90
72 91
71 92
70 93
70 93
69 94
68 95
67 96
66 97
66 97
65 98
64 99
64 99
63 100
62 100
62 100
61 100
61 100
62 99
62 98
62 98
62 97
63 96
63 95
