15 43
14 43
14 43
14 43
13 44
13 44
13 44
12 44
12 44
12 45
12 45
11 44
11 44
10 44
10 44
9 43
9 43
8 42
8 42
7 41
7 41
6 41
6 41
5 40
4 40
4 40
3 39
3 39
2 39
1 39
1 39
0 38
0 37
0 37
0 36
0 36
0 35
0 35
1 34
1 33
1 33
2 32
3 31
4 30
4 30
5 29
6 28
7 27
8 26
8 26
9 25
10 24
11 23
12 22
13 21
13 21
14 20
15 19
16 18
17 17
18 16
18 16
19 15
20 14
21 13
22 12
23 11
23 11
24 10
25 9
25 8
26 7
27 6
27 6
28 5
29 4
30 4
31 3
31 3
32 2
33 1
33 1
34 0
34 0
35 1
35 1
34 2
34 3
34 3
34 4
33 5
33 6
33 6
33 7
33 8
32 9
32 10
32 11
32 11
32 12
31 13
31 14
31 15
31 16
30 17
30 18
30 18
30 19
29 20
29 21
28 22
28 23
27 24
27 25
27 25
27 26
26 27
26 28
26 29
25 30
25 31
25 32
25 33
24 34
24 35
24 35
24 36
23 37
23 38
23 39
22 40
22 41
22 42
22 43
21 44
21 45
21 45
21 46
20 47
20 48
20 49
19 50
19 51
19 52
19 53
18 54
18 55
18 55
18 56
17 57
17 58
17 59
17 60
16 61
16 62
16 63
16 64
15 65
15 66
15 66
15 67
14 68
14 69
14 70
13 71
13 72
13 73
12 74
12 75
12 75
12 76
12 77
11 78
11 79
11 80
11 81
10 82
10 83
10 84
10 84
10 85
9 86
9 87
9 88
9 89
8 90
8 91
8 91
8 92
8 93
7 94
7 95
7 96
7 96
7 97
6 98
6 99
6 99
5 100
5 100
4 100
4 100
4 99
4 99
4 98
3 97
3 96
3 96
3 95
3 94
3 93
3 92
3 91
3 91
3 90
3 89
3 88
3 87
3 86
3 86
3 85
3 84
4 83
4 82
4 81
4 80
4 80
4 79
5 78
5 77
5 76
5 75
6 74
6 73
6 73
6 72
6 71
6 70
7 69
7 68
7 67
7 66
7 66
7 65
8 64
8 63
9 62
9 61
10 60
10 59
10 59
11 58
11 57
12 56
12 55
13 54
13 53
14 52
14 52
15 51
15 50
16 49
17 48
17 47
18 46
18 46
19 45
19 44
20 43
20 42
21 41
21 41
22 40
23 39
24 38
25 37
25 37
26 36
27 35
28 34
28 34
29 35
30 36
31 36
32 37
33 38
34 39
35 40
36 40
37 41
38 42
38 42
38 43
38 43
39 42
39 42
39 42
39 41
39 41
39 40
39 40
39 39
39 39
40 38
40 37
40 37
40 36
40 35
40 35
40 34
40 33
40 33
40 32
40 31
40 31
40 30
40 30
40 29
40 29
40 29
40 29
39 30
39 30
38 31
38 31
38 32
37 33
37 34
37 34
37 35
37 36
37 37
37 37
37 38
36 39
36 40
36 41
36 41
35 42
35 43
35 43
35 44
35 45
35 46
35 46
34 47
34 48
34 48
35 49
35 49
35 49
36 49
36 49
37 48
38 48
38 48
38 47
39 46
39 45
39 45
40 44
40 43
41 42
41 42
41 41
42 40
42 39
42 39
42 38
42 38
43 37
43 37
43 37
42 38
42 39
42 39
42 40
42 41
42 41
41 42
41 43
41 43
40 44
40 45
40 45
40 46
40 47
40 47
40 48
40 49
40 49
40 49
40 49
41 49
41 49
42 48
42 47
42 47
43 46
43 45
43 45
44 44
44 43
44 43
45 42
45 41
45 41
46 40
46 39
46 39
47 38
47 38
47 37
47 37
48 37
48 37
48 38
48 38
48 39
48 39
47 40
47 41
47 41
47 42
47 43
47 43
46 44
46 45
46 45
46 46
46 46
46 47
46 47
46 47
46 47
47 46
47 46
48 45
48 44
48 44
49 43
49 42
49 42
50 41
50 40
50 40
51 39
52 38
52 38
53 37
53 36
53 36
54 35
54 35
55 35
55 35
55 35
55 36
55 36
55 37
55 37
55 38
55 38
55 39
55 40
55 40
54 41
54 41
54 42
54 42
54 43
54 43
54 43
54 43
54 43
54 42
54 42
55 41
55 40
55 40
56 39
56 38
56 38
57 37
57 36
57 36
58 35
58 34
58 34
59 33
60 33
60 33
61 32
61 32
61 32
61 33
61 33
61 33
61 34
61 35
61 35
61 36
61 36
61 37
61 38
61 39
61 39
60 40
60 41
60 41
60 42
60 42
60 43
60 43
60 44
60 44
61 45
61 45
62 45
62 45
63 44
63 44
64 43
65 43
65 43
66 42
66 41
66 41
67 40
68 39
68 39
69 38
70 37
71 36
71 36
72 35
72 34
73 33
73 32
73 32
74 31
75 30
76 29
76 29
77 28
77 28
78 27
78 26
78 26
77 26
77 26
77 26
76 26
76 26
75 27
74 28
74 28
73 29
73 29
72 30
71 31
71 31
71 32
70 33
70 34
70 34
70 35
69 36
69 37
69 37
69 38
68 39
68 40
68 40
68 41
68 42
68 42
68 43
68 44
68 45
68 45
68 46
68 46
69 47
69 47
70 48
70 48
71 47
72 47
72 47
73 47
74 46
75 46
75 46
76 45
76 44
77 43
77 43
78 42
79 41
79 41
80 40
81 40
82 39
82 39
83 38
83 37
84 36
84 36
85 35
85 34
86 33
86 33
86 32
87 31
87 30
87 30
88 29
88 28
89 27
89 27
90 26
90 26
90 25
90 25
90 25
89 26
89 26
88 27
88 27
87 28
86 28
86 28
85 29
84 29
84 29
83 30
83 30
82 31
81 31
81 31
80 32
80 32
79 33
79 33
78 34
78 34
78 34
78 35
78 35
79 35
79 35
80 35
80 35
81 35
82 34
83 34
83 34
84 33
85 33
86 32
86 32
87 32
88 31
89 31
90 31
90 31
91 31
92 30
93 30
93 30
94 30
95 30
96 30
96 30
97 30
98 30
99 30
99 30
100 31
100 32
100 32
99 33
99 33
99 34
99 35
99 36
99 36
98 37
98 38
97 39
97 39
96 40
95 41
94 42
94 42
93 43
92 44
91 45
90 46
90 46
89 47
88 48
87 48
86 49
85 50
85 50
84 51
83 51
82 52
81 53
80 54
79 54
78 55
78 55
77 56
76 56
75 57
74 58
73 59
72 59
71 60
71 60
70 61
69 62
68 62
67 63
66 64
65 65
64 65
63 66
63 66
62 67
61 68
60 68
59 69
58 70
57 71
56 71
55 72
55 72
54 73
53 74
52 75
51 76
50 77
49 78
49 78
48 79
47 80
46 81
45 81
44 82
43 83
43 83
42 84
41 85
40 85
39 86
38 87
38 87
37 88
36 89
35 90
35 90
34 91
33 91
33 91
32 92
32 92
32 93
