15 5
16 4
17 3
17 2
18 1
18 1
18 0
18 0
17 1
17 1
17 2
16 3
16 4
16 4
16 5
15 6
15 7
15 8
14 9
14 10
14 10
14 11
14 12
13 13
13 14
13 15
13 16
13 17
12 18
12 19
12 20
12 20
12 21
11 22
11 23
11 24
11 25
10 26
10 27
10 28
10 28
10 29
10 30
9 31
9 32
9 33
9 34
8 35
8 36
8 37
8 37
8 38
7 39
7 40
7 41
7 42
6 43
6 44
6 45
6 45
6 46
5 47
5 48
5 49
4 50
4 51
4 51
3 52
3 53
2 54
2 55
2 55
2 56
1 57
1 58
1 59
1 59
0 60
0 61
0 61
0 62
0 62
0 61
1 60
1 59
1 58
1 57
2 56
2 55
2 54
3 53
3 52
3 51
4 50
4 49
4 48
4 47
5 46
5 45
5 44
6 43
6 42
6 41
6 40
7 39
7 38
7 37
8 36
8 35
8 34
9 33
9 32
9 31
9 30
10 29
10 28
10 27
11 26
11 25
11 24
11 23
12 22
12 21
12 20
13 19
13 18
13 17
13 16
14 15
14 14
14 13
15 12
15 11
15 10
16 9
16 8
16 7
16 6
17 5
17 4
17 4
18 4
19 4
20 3
21 3
22 3
22 3
21 2
21 2
20 3
20 3
20 4
20 5
19 6
19 7
19 8
19 8
19 9
19 10
19 11
19 12
19 13
19 14
19 15
19 15
19 16
19 17
19 18
19 19
19 20
19 21
19 21
19 22
19 23
19 24
20 25
20 26
20 27
20 28
20 28
20 29
20 30
21 31
21 32
21 33
21 33
21 34
21 35
21 36
21 37
21 38
21 38
21 39
21 40
21 41
21 42
21 43
21 43
21 44
21 45
21 46
21 46
21 47
21 48
21 48
20 49
20 50
20 50
20 51
20 51
20 51
20 50
21 49
21 48
21 47
22 46
22 45
22 44
23 43
23 42
23 41
24 40
24 39
24 38
25 37
25 36
25 35
26 34
26 33
26 32
27 31
27 30
27 29
27 28
28 27
28 26
28 25
29 24
29 23
29 22
30 21
30 20
30 19
31 18
31 17
31 16
32 15
32 14
32 13
33 12
33 11
33 11
34 10
35 10
35 10
34 10
34 10
33 11
33 12
32 13
32 13
32 14
31 15
31 16
30 17
30 18
30 18
30 19
29 20
29 21
29 22
29 23
28 24
28 25
28 25
28 26
28 27
27 28
27 29
27 30
27 30
27 31
26 32
26 33
25 34
25 35
25 35
25 36
25 37
25 38
25 39
25 39
25 40
24 41
24 42
24 42
23 43
23 44
23 44
22 45
22 46
22 46
22 45
23 44
23 43
23 42
23 41
24 40
24 39
24 38
24 37
25 36
25 35
25 34
26 33
26 32
26 31
26 30
27 29
27 28
27 27
27 26
28 25
28 24
28 23
28 22
29 21
29 20
29 20
30 20
31 19
32 19
33 18
34 18
34 18
34 18
34 19
34 20
34 20
34 21
35 22
35 23
35 24
35 24
35 25
35 26
35 27
35 28
35 29
35 29
36 30
36 31
37 32
37 32
37 33
38 34
38 35
38 36
38 36
39 37
39 38
40 39
40 39
40 40
41 41
41 42
41 42
42 43
43 44
43 44
44 45
44 45
45 46
45 46
46 46
47 46
47 46
48 46
48 46
49 45
50 45
50 45
51 44
52 43
52 43
53 42
54 41
54 41
55 40
55 39
56 38
56 37
56 37
56 36
57 35
57 34
57 34
57 33
58 32
58 31
58 31
57 30
57 29
57 29
56 28
56 28
55 28
55 28
54 29
54 30
54 30
53 31
52 32
52 32
52 33
51 34
51 35
51 36
51 36
51 37
50 38
50 39
50 39
49 40
49 41
49 41
50 42
50 42
50 43
50 43
51 44
51 44
52 43
52 43
53 42
53 42
53 41
54 40
54 39
54 39
55 38
55 37
56 36
56 36
57 35
57 34
58 33
58 33
59 32
59 31
59 31
60 31
60 31
60 31
60 31
61 32
61 32
61 33
61 33
61 34
61 35
61 35
61 36
61 37
61 37
62 38
62 38
62 39
62 39
62 39
63 38
63 38
64 37
64 36
64 36
65 35
66 34
66 34
67 33
67 32
67 32
68 31
68 31
69 30
69 30
70 30
70 30
70 31
70 31
70 32
70 32
70 33
70 34
70 35
70 35
70 36
70 37
70 37
70 38
70 39
70 39
69 40
69 40
69 41
69 42
69 42
69 42
69 42
69 42
69 41
69 41
70 40
70 39
70 39
70 38
71 37
71 36
71 36
71 35
72 34
72 33
72 33
73 32
74 32
74 32
75 31
75 31
76 31
76 31
76 31
77 32
77 32
78 33
78 33
79 34
79 34
80 35
80 35
81 35
81 35
82 34
83 34
83 34
84 33
85 32
85 32
86 31
86 30
86 30
87 29
87 28
87 28
88 27
88 27
88 27
88 28
88 29
88 29
88 30
88 31
88 32
88 32
88 33
88 34
88 35
88 35
88 36
88 37
88 38
88 39
88 39
88 40
88 41
88 41
89 42
89 43
89 43
90 43
90 43
91 43
91 43
92 43
93 43
93 43
94 42
94 41
94 41
94 40
95 39
95 38
95 38
96 37
96 36
96 36
97 35
97 34
98 33
98 33
99 32
99 32
99 31
99 31
100 31
100 31
99 32
99 32
99 33
99 34
99 34
99 35
98 36
98 37
97 38
97 39
97 39
96 40
96 41
95 42
95 43
94 44
94 45
94 45
94 46
93 47
93 48
92 49
92 50
91 51
91 52
91 52
91 53
90 54
90 55
89 56
89 57
88 58
88 59
87 60
87 61
87 61
86 62
86 63
85 64
85 65
84 66
84 67
83 68
83 69
82 70
82 71
82 71
82 72
81 73
81 74
80 75
80 76
80 77
79 78
79 79
78 80
78 81
78 81
77 82
77 83
76 84
76 85
75 86
75 87
74 88
74 89
74 89
73 90
73 91
72 92
71 93
71 94
70 95
70 95
69 96
69 97
68 98
68 98
67 99
67 100
67 100
66 100
66 100
66 100
67 100
67 100
