10 14
11 13
11 12
11 12
11 12
11 11
11 11
11 11
11 11
12 10
12 10
12 9
12 9
13 8
13 8
14 7
14 7
15 6
15 5
15 5
16 4
16 3
16 3
17 2
17 2
17 1
17 1
17 0
17 0
17 1
17 1
17 2
16 3
16 4
16 4
15 5
15 6
14 7
14 8
14 8
14 9
14 10
13 11
13 12
13 13
13 13
13 14
12 15
12 16
12 17
11 18
11 19
11 19
11 20
11 21
10 22
10 23
10 24
10 25
10 25
10 26
9 27
9 28
8 29
8 30
8 30
8 31
7 32
7 33
7 34
6 35
6 36
6 36
6 37
5 38
5 39
5 40
5 40
4 41
4 42
3 43
3 44
3 44
3 45
2 46
2 47
2 47
2 48
1 49
1 50
1 50
0 51
0 51
0 51
0 51
0 50
0 49
0 49
0 48
1 47
1 46
1 46
2 45
2 44
3 43
3 42
3 42
3 41
4 40
4 39
4 39
5 38
5 37
6 36
6 35
6 35
6 34
7 33
7 32
8 31
8 30
8 29
9 28
9 27
10 26
10 25
10 24
11 23
11 22
11 21
12 20
12 19
13 18
13 17
13 16
14 15
14 14
15 13
15 12
15 12
16 11
17 10
17 9
18 8
18 8
19 8
19 8
19 9
19 9
19 10
19 11
19 11
19 12
19 13
19 14
19 15
19 15
19 16
19 17
19 18
19 18
19 19
19 20
19 21
19 22
19 22
19 23
19 24
19 25
19 26
19 26
19 27
19 28
19 29
19 30
19 30
19 31
19 32
19 33
19 34
19 34
19 35
19 36
19 37
19 37
19 38
18 39
18 40
18 40
18 41
18 42
18 42
18 43
18 43
18 43
18 43
19 42
19 41
19 41
19 40
20 39
20 38
20 37
21 36
21 35
21 34
22 33
22 32
23 31
23 30
23 29
24 28
24 27
24 26
25 25
25 24
25 23
26 22
26 21
26 21
27 20
27 19
28 18
28 17
29 16
29 15
30 14
30 13
31 12
31 11
31 11
32 10
32 9
32 9
33 8
33 8
33 8
33 9
33 9
33 10
32 11
32 12
32 12
32 13
32 14
31 15
31 16
31 17
31 17
30 18
30 19
29 20
29 21
29 21
28 22
28 23
27 24
27 25
27 25
26 26
26 27
25 28
25 29
24 30
24 30
23 31
23 32
22 33
22 34
22 34
21 35
20 36
20 37
19 38
19 38
18 39
18 40
17 41
17 41
17 42
16 43
16 44
16 44
15 45
15 45
16 44
16 43
17 42
17 41
18 40
18 39
19 38
19 37
20 36
20 35
21 34
21 33
22 32
22 31
23 30
23 29
24 28
25 27
25 26
26 25
26 24
27 23
27 22
28 21
28 20
29 19
29 18
30 17
30 16
31 15
31 14
32 13
32 12
33 11
33 11
34 11
35 12
36 12
37 12
37 12
38 12
38 12
38 13
38 14
38 15
38 15
38 16
39 17
39 18
39 18
39 19
39 20
39 21
39 21
39 22
39 23
39 24
39 25
39 25
39 26
39 27
39 28
39 28
39 29
39 30
39 31
39 31
39 32
39 33
39 34
39 35
39 35
39 36
39 37
39 38
39 38
38 39
38 40
38 40
38 41
38 41
38 42
38 42
39 42
39 42
40 42
40 42
41 42
42 42
42 42
43 41
44 41
44 41
45 40
46 40
47 39
47 39
48 38
49 37
49 37
50 36
51 35
52 34
53 33
54 32
54 32
55 31
56 30
56 29
57 28
58 27
58 27
58 26
58 25
58 25
58 24
58 24
57 24
57 24
57 24
56 24
56 24
55 25
54 25
54 25
53 26
52 27
52 27
51 28
50 28
50 28
49 29
49 30
48 31
48 31
47 32
46 33
46 33
46 34
45 35
45 36
45 36
45 37
44 38
44 39
44 39
43 40
43 41
43 41
44 42
44 42
45 43
45 43
46 43
46 43
47 42
47 42
48 41
49 40
49 40
50 39
51 38
51 38
52 37
52 36
53 35
53 35
54 34
55 33
55 33
56 32
56 31
57 30
57 30
58 29
58 28
58 28
59 27
59 26
59 26
60 26
60 26
61 26
61 26
60 27
60 27
60 28
60 28
60 29
59 30
59 31
59 31
59 32
59 33
59 33
58 34
58 35
58 35
58 36
58 37
58 37
57 38
57 38
57 39
57 39
57 40
57 40
58 40
58 40
58 40
59 39
60 38
60 37
61 36
62 35
63 34
63 33
64 32
65 31
66 30
66 29
67 28
68 27
68 27
69 27
70 26
71 26
71 26
71 26
71 27
71 27
70 28
70 28
70 29
70 30
70 30
69 31
69 32
69 32
69 33
68 34
68 35
68 35
67 36
67 37
67 37
66 38
66 39
66 39
65 40
65 40
65 41
65 41
64 41
64 41
64 41
64 41
64 40
64 40
65 39
65 38
65 38
66 37
67 36
67 36
68 35
68 34
69 33
69 33
70 32
70 31
71 30
71 30
72 29
73 29
73 29
74 28
75 28
75 28
76 28
77 28
77 28
78 29
78 29
78 30
78 31
78 31
79 32
79 32
79 33
79 34
79 34
80 34
80 34
80 35
80 35
81 35
81 35
81 34
81 34
82 33
82 33
83 32
83 31
83 31
84 30
84 30
85 29
85 29
86 29
86 29
86 30
86 30
87 31
87 31
87 32
87 33
87 34
87 34
87 35
87 36
87 37
87 37
87 38
87 39
87 40
87 40
87 41
86 42
86 43
86 43
86 44
85 45
85 46
85 47
85 47
85 48
85 49
85 49
85 50
84 51
84 52
84 52
84 52
84 52
85 51
85 51
85 50
86 49
86 48
86 48
87 47
87 46
88 45
88 45
89 44
89 43
90 42
90 41
90 41
91 40
92 39
93 38
93 38
94 37
94 36
95 35
95 35
96 34
97 34
98 33
98 33
99 33
99 33
100 33
100 33
100 34
100 35
100 35
100 36
99 37
99 38
99 38
98 39
98 40
97 41
97 42
97 42
96 43
96 44
95 45
95 46
94 47
94 47
93 48
93 49
92 50
91 51
91 52
90 53
90 53
89 54
89 55
88 56
87 57
87 58
86 59
86 60
85 61
85 61
84 62
83 63
82 64
82 65
81 66
80 67
79 68
79 68
78 69
77 70
76 71
76 72
75 73
74 74
73 75
73 75
72 76
72 77
71 78
70 79
70 80
69 81
69 82
68 83
68 83
67 84
66 85
65 86
64 87
63 88
62 89
62 89
61 90
60 91
60 92
59 93
58 94
58 94
57 95
56 96
56 97
55 98
55 98
54 99
53 99
52 100
52 100
51 100
51 100
51 100
52 100
