24 2
25 1
25 1
25 0
25 0
24 1
24 1
23 2
22 3
22 3
22 4
22 5
21 6
21 7
21 8
21 8
21 9
20 10
20 11
19 12
19 13
19 13
19 14
18 15
18 16
18 17
17 18
17 19
17 19
16 20
16 21
15 22
15 23
14 24
14 25
14 25
14 26
13 27
13 28
13 29
13 30
12 31
12 32
12 32
11 33
11 34
10 35
10 36
9 37
9 37
8 38
8 39
7 40
7 41
7 41
6 42
5 43
5 44
4 45
4 45
3 46
3 47
2 48
2 49
2 49
1 50
0 51
0 51
0 52
0 52
0 52
0 51
1 50
1 49
2 48
2 47
2 46
3 45
3 44
4 43
4 42
5 41
5 40
5 39
6 38
6 37
7 36
7 35
7 34
8 33
8 32
9 31
9 30
10 29
10 28
10 27
11 26
11 25
12 24
12 23
12 22
13 21
13 20
14 19
14 18
15 17
15 16
15 15
16 14
16 13
17 12
17 11
17 11
18 10
19 9
19 8
20 7
21 6
21 6
22 5
22 4
22 4
23 5
23 5
24 6
24 7
24 7
24 8
24 9
24 10
24 11
24 11
24 12
24 13
25 14
25 15
25 16
25 16
25 17
25 18
26 19
26 20
26 21
26 21
26 22
26 23
26 24
26 25
26 26
26 26
26 27
26 28
25 29
25 30
25 31
25 31
25 32
24 33
24 34
24 35
24 35
24 36
24 37
24 38
24 39
24 39
24 40
23 41
23 42
23 42
22 43
22 44
22 44
21 45
21 46
21 46
21 46
21 46
22 45
22 45
23 44
23 43
24 42
24 41
25 40
25 39
26 38
26 37
27 36
27 35
28 34
28 33
29 32
29 31
29 31
30 30
30 29
31 28
31 27
32 26
32 25
33 24
33 23
34 22
34 21
35 20
35 19
35 19
35 18
36 17
36 16
37 15
37 14
37 14
38 13
38 12
39 11
39 11
39 10
39 9
39 9
39 9
39 10
39 10
38 11
38 12
38 12
37 13
37 14
36 15
36 16
36 16
35 17
35 18
34 19
34 20
33 21
33 21
32 22
32 23
31 24
31 25
30 26
30 26
29 27
29 28
28 29
28 30
27 31
27 32
27 32
26 33
25 34
25 35
24 36
24 36
23 37
22 38
22 39
21 40
21 40
20 41
20 42
19 43
19 44
19 44
18 45
18 46
18 46
17 47
17 47
17 46
18 45
18 44
19 43
19 42
20 41
20 40
21 39
21 38
22 37
22 36
23 35
23 34
24 33
24 32
25 31
25 30
26 29
26 28
27 27
27 26
28 25
28 24
29 23
29 22
30 21
30 20
30 20
31 19
32 18
33 17
34 16
35 15
36 14
36 14
37 13
37 12
37 12
38 13
39 14
39 14
39 15
40 16
40 17
40 17
40 18
41 19
41 20
41 20
41 21
41 22
41 23
41 24
41 25
41 25
41 26
41 27
41 28
41 29
41 29
41 30
41 31
41 32
41 33
41 33
41 34
41 35
41 36
41 37
41 37
41 38
41 39
41 40
41 40
41 41
40 42
40 43
40 44
40 44
39 45
39 46
39 46
40 45
41 45
42 44
43 43
44 43
45 42
46 41
47 41
48 40
49 39
50 38
51 38
52 37
53 36
54 36
55 35
56 34
57 34
58 33
58 33
59 32
60 31
61 30
61 30
61 29
61 28
61 28
60 28
60 28
59 27
59 27
59 27
58 27
57 27
57 27
56 28
56 28
55 29
54 29
54 29
53 30
52 30
51 31
51 31
50 32
50 33
49 34
49 34
48 35
48 36
47 37
47 37
46 38
46 39
45 40
45 41
45 41
44 42
44 43
44 43
44 44
44 45
44 45
44 46
44 46
45 47
45 47
46 46
46 46
47 45
48 45
48 45
49 44
50 43
50 43
51 42
51 41
52 40
52 40
53 39
53 38
54 37
54 37
55 36
56 35
57 34
57 34
58 33
59 32
59 32
60 31
60 30
60 30
61 29
61 29
62 28
62 28
62 28
62 29
62 29
61 30
61 31
61 31
61 32
61 33
61 33
60 34
60 35
60 35
59 36
59 36
58 37
58 38
58 38
58 39
58 40
58 40
57 41
57 41
57 42
57 42
57 42
58 41
59 40
60 39
61 38
62 37
63 37
64 36
65 35
66 34
67 33
67 33
68 32
69 31
70 30
71 29
71 29
72 28
73 28
73 28
73 28
72 29
72 29
72 30
72 30
72 31
72 32
72 33
72 33
72 34
71 35
71 36
71 36
70 37
70 38
69 39
69 39
69 40
68 41
68 42
68 42
67 43
67 44
67 44
66 45
65 45
65 45
65 46
65 46
64 46
64 46
64 46
64 45
64 45
65 44
65 44
65 43
66 42
66 41
66 41
67 40
68 39
68 39
69 38
70 37
70 37
71 36
72 35
72 35
73 34
74 34
75 33
75 33
76 33
77 32
78 32
78 32
79 31
80 31
80 31
81 31
82 30
83 30
83 30
84 29
85 29
85 29
86 28
86 28
87 28
87 28
87 28
87 28
87 29
87 29
87 29
87 30
87 30
87 30
87 30
87 30
87 31
87 31
87 31
87 31
87 31
87 31
87 31
87 31
87 31
87 31
87 31
87 31
87 31
87 31
87 31
87 31
87 31
86 31
86 31
86 31
86 32
86 32
86 33
86 34
86 34
86 35
86 36
86 37
86 37
86 38
85 39
85 40
85 41
85 41
85 42
85 43
85 44
85 45
85 45
85 46
85 47
85 48
85 48
85 49
85 50
85 50
85 51
85 52
85 52
85 53
85 53
85 53
85 53
86 52
86 52
86 51
86 50
86 50
87 49
87 48
88 47
88 47
89 46
90 45
91 44
91 44
92 43
92 42
93 41
93 41
94 40
95 39
95 38
96 37
96 37
97 36
98 35
98 35
99 34
99 34
100 34
100 34
100 35
100 35
100 36
99 37
99 38
99 38
99 39
98 40
98 41
98 42
98 42
97 43
97 44
96 45
96 46
95 47
95 47
94 48
94 49
93 50
93 51
92 52
92 53
92 53
91 54
90 55
89 56
89 57
88 58
87 59
87 59
86 60
86 61
85 62
84 63
83 64
83 65
82 66
82 66
81 67
80 68
79 69
79 70
78 71
77 72
76 73
76 73
75 74
74 75
74 76
73 77
72 78
71 79
71 80
70 81
70 81
69 82
68 83
67 84
67 85
66 86
65 87
64 88
64 88
63 89
62 90
61 91
61 92
60 93
59 94
58 95
58 95
57 96
56 97
55 98
54 98
53 99
52 100
