11 0
11 1
11 2
11 2
10 3
10 3
10 4
9 5
9 6
9 6
9 7
9 8
9 9
9 10
9 11
9 11
9 12
9 13
8 14
8 15
8 16
8 16
8 17
8 18
8 19
7 20
7 21
7 22
7 23
7 24
7 24
7 25
6 26
6 27
6 28
6 29
5 30
5 31
5 32
5 32
5 33
5 34
4 35
4 36
4 37
4 38
3 39
3 40
3 41
3 41
3 42
3 43
2 44
2 45
2 46
2 47
2 48
1 49
1 50
1 51
1 51
1 52
1 53
0 54
0 55
0 56
0 56
0 57
0 58
0 59
0 60
0 60
0 61
0 62
0 63
0 64
0 64
0 65
0 66
0 66
0 66
0 65
0 65
0 64
0 63
0 62
0 62
0 61
1 60
1 59
1 58
1 58
1 57
1 56
1 55
1 54
2 53
2 52
2 51
2 50
2 49
2 48
2 47
2 46
2 45
3 44
3 43
3 42
3 41
3 40
3 39
3 38
3 37
4 36
4 35
4 34
4 33
4 32
4 31
4 30
4 29
4 28
5 27
5 26
5 25
5 24
5 23
5 23
5 22
6 21
6 20
6 19
6 18
7 17
7 16
7 15
7 15
7 14
7 13
7 13
8 12
8 12
8 12
8 13
8 13
8 14
8 14
8 15
8 16
8 16
8 17
8 18
9 19
9 20
9 21
9 21
9 22
9 23
9 24
9 25
9 26
9 26
9 27
9 28
10 29
10 30
10 31
10 31
10 32
10 33
11 34
11 35
11 36
11 37
11 37
11 38
11 39
11 40
12 41
12 42
12 43
12 44
12 44
12 45
12 46
13 47
13 48
13 49
13 50
13 50
13 51
14 52
14 53
14 54
14 54
14 55
15 56
15 57
15 58
15 58
15 59
16 60
16 61
16 61
17 62
17 62
17 62
18 61
18 61
19 60
19 59
19 59
19 58
20 57
20 56
20 55
20 55
20 54
20 53
21 52
21 51
21 50
21 49
22 48
22 47
22 46
22 45
22 44
23 43
23 42
23 41
23 40
23 39
24 38
24 37
24 36
24 35
25 34
25 33
25 32
25 31
25 30
26 29
26 28
26 27
26 26
26 25
27 24
27 23
27 22
27 21
28 20
28 19
28 18
28 17
28 16
29 15
29 14
29 13
29 13
30 12
30 11
31 10
31 9
31 9
32 9
32 9
32 9
31 9
31 9
31 10
31 11
31 11
31 12
30 13
30 14
30 14
30 15
30 16
29 17
29 18
29 19
29 19
29 20
29 21
28 22
28 23
28 24
28 24
28 25
27 26
27 27
27 28
27 29
26 30
26 31
26 31
26 32
26 33
26 34
25 35
25 36
25 37
25 38
25 38
25 39
24 40
24 41
23 42
23 43
23 44
22 45
22 46
22 46
22 47
21 48
21 49
21 50
20 51
20 52
20 52
20 53
20 54
19 55
19 56
19 57
19 57
19 58
18 59
18 60
18 61
18 61
18 62
18 63
18 63
18 63
18 63
18 62
18 61
18 60
18 60
18 59
19 58
19 57
19 56
19 56
19 55
19 54
20 53
20 52
20 51
20 51
20 50
20 49
21 48
21 47
21 46
21 45
21 45
21 44
21 43
21 42
22 41
22 40
22 39
22 38
22 38
22 37
22 36
23 35
23 34
23 33
23 32
23 32
23 31
24 30
24 29
24 28
24 27
25 26
25 25
25 24
25 23
26 22
26 21
26 20
26 19
27 18
27 17
27 17
27 16
27 15
28 14
28 13
28 12
28 12
29 12
29 12
29 11
29 11
29 11
30 12
30 13
30 13
31 14
31 15
31 15
31 16
31 17
31 18
31 19
31 19
31 20
31 21
32 22
32 23
32 24
32 24
32 25
33 26
33 27
34 28
34 29
34 29
34 30
34 31
34 32
35 33
35 34
35 35
35 36
35 36
35 37
35 38
35 39
35 40
35 41
35 42
35 43
35 43
35 44
35 45
36 46
36 47
36 48
36 48
36 49
36 50
37 51
37 52
37 53
37 53
37 54
38 55
38 56
38 56
38 57
38 58
38 59
38 59
39 60
39 60
40 61
40 61
41 60
41 60
42 60
42 60
43 59
44 59
44 59
45 58
45 57
46 56
47 55
47 54
48 53
48 53
48 52
48 51
49 50
49 49
49 48
49 48
49 47
49 46
49 45
49 44
49 44
48 43
48 42
48 42
48 41
48 40
48 39
48 39
48 38
48 38
47 38
47 38
46 37
46 37
46 38
46 38
45 39
45 39
44 40
44 40
44 41
43 42
43 43
43 43
43 44
43 45
43 46
43 46
43 47
43 48
43 49
43 50
43 50
43 51
43 52
43 53
43 54
43 54
43 55
43 56
43 57
43 57
43 58
44 59
44 60
44 60
44 61
44 61
45 62
45 62
46 62
46 62
47 61
47 60
47 60
48 59
48 58
48 58
48 57
49 56
49 55
49 55
49 54
49 53
49 52
49 51
49 51
49 50
50 49
50 48
50 48
51 47
51 46
51 46
51 45
51 44
51 44
51 44
51 44
51 45
51 45
51 46
51 46
52 47
52 48
52 48
52 49
52 50
52 50
53 51
53 51
54 52
54 53
54 53
55 54
55 54
56 54
56 54
57 54
57 54
58 54
58 54
59 53
60 52
60 52
61 51
61 51
62 50
62 49
62 49
62 48
63 47
63 46
63 46
63 45
63 44
63 44
64 43
64 42
64 42
64 41
64 40
64 40
64 40
64 41
64 41
64 42
64 42
64 43
64 44
64 44
64 45
64 46
64 46
64 47
64 48
64 49
64 49
64 50
64 51
64 51
64 52
64 52
65 53
65 54
65 54
65 55
65 55
65 55
66 55
66 55
66 54
66 54
67 53
67 53
67 52
67 51
67 50
67 50
68 49
68 48
68 48
68 47
69 46
69 45
69 45
69 44
70 43
70 42
70 42
71 41
72 41
72 41
72 40
72 40
73 40
73 40
74 41
74 41
75 42
75 42
76 43
76 44
76 44
76 45
76 45
77 46
77 46
78 47
78 47
79 48
79 48
80 47
80 47
81 47
82 47
82 47
83 46
83 45
83 45
84 44
84 43
84 43
85 42
85 41
86 40
86 40
87 39
87 38
87 38
88 37
88 37
89 37
89 37
89 37
89 38
89 39
89 39
89 40
89 41
89 42
89 42
89 43
89 44
89 44
89 45
89 46
89 47
89 47
89 48
89 49
89 50
89 50
89 51
89 52
89 52
89 53
89 54
89 54
90 55
90 55
90 55
91 54
91 54
92 53
92 53
93 52
94 51
94 51
94 50
95 49
95 48
95 48
96 47
97 46
97 46
97 45
98 44
98 43
98 43
98 42
99 41
99 40
99 40
100 39
100 38
100 38
100 38
99 38
99 38
98 39
98 40
98 40
97 41
97 42
97 42
97 43
96 44
96 45
95 46
95 47
95 47
95 48
94 49
94 50
94 51
93 52
93 53
93 53
93 54
92 55
92 56
92 57
91 58
91 59
91 59
91 60
90 61
90 62
89 63
89 64
88 65
88 66
88 66
87 67
87 68
86 69
86 70
85 71
85 72
84 73
84 74
84 74
84 75
83 76
83 77
82 78
82 79
81 80
81 81
81 81
80 82
80 83
79 84
79 85
78 86
78 87
77 88
77 88
76 89
76 90
75 91
75 92
74 93
74 93
73 94
72 95
72 96
71 97
70 98
70 98
69 99
68 99
67 100
