9 0
9 1
9 2
9 2
8 3
8 3
7 4
7 5
7 5
7 6
7 7
7 8
7 9
7 9
7 10
6 11
6 12
6 13
6 13
6 14
6 15
5 16
5 17
5 18
5 19
5 19
5 20
5 21
4 22
4 23
4 24
4 25
4 25
4 26
4 27
3 28
3 29
3 30
3 31
3 31
3 32
3 33
2 34
2 35
2 36
2 37
2 37
1 38
1 39
0 40
0 41
0 41
0 42
0 43
0 44
0 45
0 45
0 46
0 47
0 47
0 48
0 49
0 49
0 49
0 48
0 48
0 47
0 46
0 46
0 45
0 44
0 43
1 42
1 41
1 40
1 39
1 38
1 37
2 36
2 35
2 34
2 33
2 32
2 31
2 30
3 29
3 28
3 27
3 26
3 25
3 24
3 23
4 22
4 21
4 20
4 19
4 18
4 17
5 16
5 15
5 14
5 13
5 13
5 12
6 11
6 10
7 9
7 8
7 8
7 7
7 7
8 7
8 7
8 7
8 8
8 8
8 9
8 9
8 10
8 11
8 12
8 12
8 13
8 14
8 15
8 16
8 16
8 17
9 18
9 19
9 20
9 20
9 21
9 22
9 23
9 24
9 25
9 25
9 26
9 27
10 28
10 29
10 30
10 30
10 31
10 32
11 33
11 34
11 35
11 35
11 36
11 37
12 38
12 39
12 40
12 40
13 41
13 42
13 42
14 43
14 44
14 44
14 45
14 46
14 46
15 46
15 46
15 46
16 45
16 45
16 44
17 43
17 42
17 41
17 40
18 39
18 38
18 37
18 36
19 35
19 34
19 33
19 32
20 31
20 30
20 29
21 28
21 27
21 26
21 25
22 24
22 23
22 22
22 21
23 20
23 19
23 18
24 17
24 16
24 15
24 14
25 13
25 12
25 11
25 10
26 9
26 8
26 7
26 6
27 5
27 4
27 4
28 3
28 3
28 4
28 4
28 5
28 5
28 6
27 7
27 8
27 8
27 9
26 10
26 11
26 11
26 12
25 13
25 14
24 15
24 16
24 16
24 17
24 18
23 19
23 20
23 21
23 21
23 22
22 23
22 24
22 25
21 26
21 27
21 27
21 28
21 29
20 30
20 31
20 32
20 32
20 33
19 34
19 35
18 36
18 37
18 37
18 38
18 39
18 40
18 41
18 41
17 42
17 43
17 43
17 44
17 44
17 44
18 43
18 43
18 42
18 42
18 41
19 40
19 39
19 38
20 37
20 36
20 35
20 34
21 33
21 32
21 31
22 30
22 29
22 28
23 27
23 26
23 25
23 24
24 23
24 22
24 21
25 20
25 19
25 18
26 17
26 16
26 15
26 14
27 13
27 12
27 11
28 10
28 9
28 9
29 8
30 7
30 6
31 5
31 5
32 5
32 5
32 4
32 4
33 4
33 4
33 5
33 5
34 6
34 7
34 7
34 8
34 9
34 9
34 10
35 11
35 12
35 13
35 13
35 14
35 15
35 16
35 17
35 17
35 18
35 19
36 20
36 21
36 22
36 23
36 23
36 24
36 25
37 26
37 27
37 28
37 28
37 29
37 30
37 31
37 32
37 33
37 34
37 34
37 35
37 36
38 37
38 38
38 39
38 39
38 40
39 41
39 42
39 42
39 43
39 44
39 44
40 45
40 46
40 46
41 47
41 47
42 46
43 45
43 44
44 43
45 42
46 41
47 40
47 39
48 38
49 37
50 36
51 35
51 34
52 33
53 32
53 32
54 32
55 32
55 32
54 31
54 31
54 30
54 29
54 29
53 28
53 27
53 27
53 26
53 26
52 25
52 25
51 25
51 25
50 26
50 26
49 27
49 27
49 28
48 29
48 30
48 30
47 31
47 32
47 32
47 33
46 34
46 35
46 35
46 36
45 37
45 38
45 39
45 39
45 40
45 41
45 42
45 42
45 43
45 44
45 45
45 45
45 46
45 47
45 47
46 48
46 48
46 48
47 48
47 48
48 47
48 46
48 46
49 45
50 44
50 44
51 43
51 42
51 42
51 41
52 40
52 39
52 39
53 38
53 37
53 37
53 36
53 35
53 34
53 34
54 34
54 34
54 33
54 33
54 34
54 34
54 35
54 35
54 36
54 36
55 37
55 38
55 38
55 39
55 40
55 40
56 41
56 42
56 42
56 43
56 43
57 44
57 45
57 45
58 45
58 45
59 45
59 45
60 44
61 44
61 44
62 43
62 42
62 42
63 41
63 40
63 40
63 39
64 38
64 37
64 37
64 36
65 35
65 34
65 34
65 33
66 32
66 31
66 31
66 30
66 30
67 29
67 29
67 30
67 30
67 31
67 31
67 32
67 33
67 33
67 34
67 35
67 35
67 36
67 37
67 37
67 38
67 39
67 40
67 40
66 41
66 42
66 42
66 43
66 44
66 44
67 45
67 45
67 45
67 45
68 44
68 44
69 43
69 43
69 42
70 41
70 40
70 40
71 39
71 38
71 38
71 37
72 36
72 35
72 35
73 34
73 34
73 34
73 34
74 35
74 35
74 36
74 36
75 37
75 37
76 38
76 38
76 39
76 39
77 40
77 40
78 40
78 40
79 39
79 39
80 38
80 38
81 37
82 37
82 37
83 36
84 35
84 35
85 34
85 33
85 33
86 32
86 31
86 31
87 31
87 31
87 31
88 32
88 32
88 33
88 34
88 34
88 35
87 36
87 37
87 37
87 38
87 39
87 40
87 40
87 41
87 42
87 42
87 43
87 44
87 44
87 45
87 46
87 46
88 47
88 47
88 48
88 48
89 48
89 48
90 47
90 47
91 46
92 46
92 46
92 45
93 44
93 43
93 43
94 42
94 41
95 40
95 40
96 39
96 38
97 37
97 37
97 36
98 35
98 34
98 34
99 33
99 32
99 32
100 31
100 30
100 30
99 30
99 30
99 31
99 31
98 32
98 33
98 33
98 34
97 35
97 36
97 36
96 37
96 38
95 39
95 40
95 40
94 41
94 42
93 43
93 44
92 45
92 45
92 46
91 47
91 48
90 49
90 50
89 51
89 52
89 52
88 53
88 54
87 55
87 56
86 57
86 58
85 59
85 59
85 60
84 61
84 62
83 63
83 64
83 65
82 66
82 67
82 67
81 68
81 69
80 70
80 71
79 72
79 73
78 74
78 75
78 75
77 76
77 77
76 78
76 79
75 80
75 81
74 82
74 83
74 83
73 84
73 85
72 86
72 87
71 88
71 89
71 89
71 90
70 91
70 92
69 93
69 94
69 94
68 95
68 96
67 97
67 98
67 98
66 99
66 100
66 100
65 100
