12 2
12 1
12 1
12 0
12 0
12 1
12 1
11 2
11 2
11 3
11 4
11 5
11 5
11 6
10 7
10 8
10 8
10 9
9 10
9 11
9 12
8 13
8 14
8 14
8 15
7 16
7 17
7 18
6 19
6 20
6 20
6 21
5 22
5 23
4 24
4 25
4 25
4 26
4 27
3 28
3 29
3 30
3 30
3 31
2 32
2 33
1 34
1 35
1 35
1 36
0 37
0 38
0 38
0 39
0 40
0 40
0 41
0 41
0 42
0 42
0 41
0 41
0 40
1 39
1 38
1 37
1 36
2 35
2 34
2 33
3 32
3 31
3 30
3 29
4 28
4 27
4 26
5 25
5 24
5 23
5 22
6 21
6 20
6 19
7 18
7 17
7 16
7 15
8 14
8 13
8 13
8 12
9 11
9 10
9 9
9 9
10 10
10 10
10 11
10 11
11 12
11 13
11 13
11 14
11 15
11 16
11 16
11 17
12 18
12 19
12 20
12 20
12 21
12 22
12 23
12 24
12 24
12 25
13 26
13 27
13 28
13 28
13 29
13 30
13 31
13 31
13 32
13 33
13 34
13 35
13 35
13 36
14 37
14 38
14 38
15 39
15 40
15 40
15 41
15 42
15 42
16 43
16 43
17 44
17 44
18 43
18 42
19 41
19 40
20 39
20 38
21 37
21 36
22 35
22 34
23 33
24 32
24 31
25 30
25 29
26 28
26 27
27 26
27 25
28 24
28 23
29 22
29 21
30 20
30 20
30 19
31 18
31 17
31 16
32 15
32 14
32 14
33 13
33 13
33 12
33 12
33 13
33 13
32 13
32 13
32 14
32 15
32 16
32 16
31 17
30 18
30 18
30 19
29 20
29 21
29 22
29 22
28 23
28 24
27 25
27 26
27 26
26 27
26 28
25 29
25 30
25 30
24 31
24 32
23 33
23 34
23 34
22 35
22 36
21 37
21 37
20 38
20 39
20 39
19 40
19 40
19 41
19 41
19 40
19 40
19 39
20 38
20 37
21 36
21 35
22 34
22 33
23 32
23 31
23 30
24 29
24 28
25 27
25 26
26 25
26 24
27 23
27 22
27 21
28 20
28 19
29 18
29 17
30 16
30 15
31 14
31 13
31 13
31 12
32 11
32 10
32 10
32 9
32 9
33 10
33 10
33 11
33 12
33 12
33 13
33 14
33 15
33 15
33 16
33 17
33 18
33 19
33 19
33 20
33 21
33 22
33 23
33 23
33 24
33 25
32 26
32 27
32 28
32 28
32 29
32 30
32 31
32 31
32 32
33 33
33 34
33 34
33 35
33 36
33 37
33 37
34 38
34 39
34 39
34 39
35 40
35 40
36 39
36 39
37 38
38 38
38 38
39 37
40 36
40 36
41 35
42 34
42 34
43 33
44 33
44 33
45 32
46 31
46 31
47 30
48 29
48 29
49 28
50 28
50 28
50 27
50 27
51 26
51 26
50 25
50 25
50 24
50 24
49 23
49 23
48 24
48 24
47 25
47 25
46 26
45 26
45 26
45 27
44 28
44 29
44 29
44 30
43 31
43 32
43 32
43 33
42 34
42 35
42 35
42 36
42 37
42 37
41 38
41 38
41 39
41 39
42 39
42 39
43 39
43 39
44 38
44 38
45 37
46 36
46 36
47 35
47 34
48 33
48 33
49 32
50 31
50 31
51 30
52 29
52 29
52 28
52 28
53 28
53 28
53 29
53 29
53 30
53 31
53 31
53 32
53 32
53 33
53 34
53 34
53 35
53 36
53 36
54 37
54 37
54 38
54 38
55 38
55 38
56 37
57 37
57 37
58 36
58 36
59 35
60 34
60 34
61 33
61 32
62 31
62 31
63 30
64 29
64 29
65 28
65 27
65 27
66 26
67 26
67 26
68 26
68 26
68 27
68 27
68 27
68 28
68 29
68 29
67 30
67 31
67 31
67 32
67 33
67 33
66 34
66 35
66 35
66 36
66 36
65 37
65 37
65 38
65 38
65 38
66 38
66 38
66 37
66 37
67 36
67 35
67 35
68 34
69 33
69 33
70 32
70 31
70 31
71 30
72 29
72 29
73 29
74 28
75 28
75 28
76 27
77 26
77 26
78 25
79 25
79 25
80 24
80 24
81 24
82 24
82 24
83 24
83 24
83 23
83 23
84 23
84 23
84 23
84 23
84 24
84 24
84 25
84 25
83 26
83 26
83 27
83 27
82 28
82 29
82 29
82 30
82 31
82 31
82 32
82 33
82 33
82 34
82 34
82 35
82 35
83 36
83 36
84 36
84 36
85 35
85 35
86 34
87 34
87 34
88 33
89 33
90 32
90 32
91 31
91 30
92 29
92 29
93 28
94 28
95 27
95 27
96 26
97 25
97 25
98 24
98 23
98 23
99 22
99 22
100 22
100 22
100 22
99 22
99 22
98 23
98 24
98 24
97 25
97 26
97 26
97 27
96 28
96 29
96 29
96 30
96 31
95 32
95 33
95 34
95 34
95 35
94 36
94 37
93 38
93 39
93 39
93 40
92 41
92 42
92 43
91 44
91 45
91 45
91 46
90 47
90 48
89 49
89 50
88 51
88 52
88 52
87 53
87 54
86 55
86 56
85 57
85 58
85 58
85 59
84 60
84 61
83 62
83 63
83 64
82 65
82 66
82 66
81 67
81 68
80 69
80 70
79 71
79 72
79 72
79 73
78 74
78 75
77 76
77 77
76 78
76 79
76 79
75 80
75 81
74 82
73 83
73 84
72 85
72 85
71 86
71 87
70 88
69 89
69 90
68 91
68 91
67 92
67 93
66 94
66 95
65 96
65 96
64 97
63 98
63 99
62 100
