12 1
13 1
13 1
12 1
12 1
12 0
12 0
12 1
11 2
11 3
11 4
11 4
11 5
10 6
10 7
10 8
10 8
10 9
9 10
9 11
8 12
8 13
8 13
8 14
7 15
7 16
7 17
7 18
6 19
6 20
6 20
6 21
5 22
5 23
5 24
4 25
4 26
4 26
4 27
3 28
3 29
3 30
2 31
2 32
2 32
2 33
1 34
1 35
1 36
1 36
0 37
0 38
0 38
0 39
0 39
0 39
0 38
0 38
1 37
1 36
1 36
1 35
1 34
2 33
2 32
2 31
2 30
3 29
3 28
3 27
3 26
4 25
4 24
4 23
4 22
4 21
5 20
5 19
5 18
5 17
6 16
6 15
6 14
6 14
6 13
7 12
7 11
7 10
8 9
8 8
8 8
9 7
9 7
10 8
10 8
10 9
10 9
10 10
10 11
10 12
10 12
10 13
11 14
11 15
11 16
11 16
11 17
11 18
11 19
11 20
11 21
11 21
11 22
11 23
11 24
11 25
11 25
11 26
12 27
12 28
12 29
12 29
12 30
12 31
12 32
12 33
12 34
12 34
12 35
13 36
13 37
13 37
13 38
14 39
14 40
14 40
14 41
14 42
14 42
15 41
15 40
16 39
16 38
17 37
18 36
18 35
19 34
20 33
20 32
21 31
21 30
22 29
23 28
23 27
24 26
24 25
25 24
26 23
26 22
27 21
27 20
28 19
29 18
29 17
30 16
31 15
31 14
32 13
32 12
33 11
33 11
34 10
35 9
35 9
35 9
35 9
35 10
35 10
34 11
34 12
34 12
34 13
33 14
33 15
33 15
32 16
32 17
31 18
31 19
31 19
30 20
30 21
29 22
29 23
29 23
28 24
28 25
27 26
27 27
27 27
26 28
26 29
25 30
25 31
25 31
24 32
24 33
23 34
23 34
23 35
22 36
22 37
22 37
22 38
22 38
21 39
21 39
21 39
21 38
22 37
22 36
22 35
23 34
23 33
24 32
24 31
24 30
25 29
25 28
25 27
26 26
26 25
26 24
27 23
27 22
27 21
28 20
28 19
29 18
29 17
29 16
30 15
30 14
30 14
31 13
32 12
33 11
33 11
34 11
34 11
34 11
34 12
34 13
34 14
34 14
34 15
34 16
34 17
34 17
34 18
34 19
34 20
34 20
34 21
34 22
34 23
34 23
34 24
34 25
34 26
34 26
34 27
35 28
35 29
35 29
35 30
35 31
35 32
35 32
36 33
36 34
36 34
37 35
37 36
37 36
38 36
38 36
39 37
39 37
40 36
40 36
41 35
42 35
42 35
43 34
43 33
44 32
44 32
45 31
45 30
46 29
46 29
47 28
48 27
49 26
49 26
50 25
51 24
51 24
52 23
52 23
53 22
54 22
54 22
55 21
55 21
56 20
56 20
57 19
57 19
57 18
57 18
56 17
56 17
55 16
55 16
54 17
54 17
53 18
53 18
52 19
52 20
52 20
51 21
51 22
50 23
50 23
50 24
49 25
49 26
49 27
49 27
49 28
48 29
48 30
48 30
48 31
47 32
47 33
47 33
47 34
47 34
47 35
47 35
48 35
48 35
49 35
49 35
50 34
51 33
51 33
51 32
52 31
52 30
52 30
53 29
53 28
54 27
54 27
55 26
55 25
55 25
55 24
55 24
55 24
56 25
56 25
56 26
56 26
56 27
56 28
56 28
55 29
55 30
55 30
55 31
55 32
55 32
56 33
56 33
56 34
56 34
57 34
57 34
58 34
58 34
59 34
59 34
60 33
61 33
61 33
62 32
63 31
63 31
64 30
65 29
65 29
65 28
66 27
66 26
66 26
67 25
67 24
68 23
68 23
69 22
69 21
69 21
70 20
70 20
70 19
70 19
70 19
70 20
70 20
71 21
71 21
71 22
71 23
71 23
70 24
70 25
70 25
70 26
70 27
70 28
70 28
70 29
70 30
70 30
69 31
69 32
69 32
69 33
69 33
69 34
69 34
69 34
69 34
69 33
69 33
70 32
70 31
70 31
71 30
71 29
71 29
72 28
72 27
72 27
73 26
73 25
73 25
74 24
75 23
75 23
76 22
76 21
76 21
77 20
78 19
78 19
79 18
79 18
80 18
81 18
81 18
82 18
82 18
83 17
84 17
84 17
85 17
85 17
86 17
87 17
87 17
88 16
88 16
89 16
89 16
90 15
90 15
91 15
91 15
91 15
90 16
90 16
90 16
89 17
89 17
88 18
88 19
88 19
88 20
88 20
87 21
87 21
87 22
87 23
87 23
87 24
87 24
88 24
88 24
88 25
88 25
89 24
89 24
90 24
90 24
91 23
91 22
91 22
92 21
93 21
93 21
94 20
95 19
95 19
96 18
97 17
97 17
98 16
98 15
98 15
99 15
99 15
99 14
99 14
100 15
100 15
100 15
99 16
99 17
99 17
99 18
99 19
99 20
99 20
99 21
98 22
98 23
98 23
98 24
97 25
97 26
97 27
97 27
97 28
97 29
96 30
96 31
96 32
96 32
96 33
95 34
95 35
94 36
94 37
94 37
94 38
94 39
93 40
93 41
93 42
93 42
93 43
92 44
92 45
92 46
91 47
91 48
91 48
91 49
90 50
90 51
89 52
89 53
88 54
88 55
88 55
88 56
87 57
87 58
87 59
87 60
86 61
86 62
86 63
86 63
86 64
85 65
85 66
84 67
84 68
84 69
83 70
83 71
83 71
82 72
82 73
81 74
81 75
80 76
80 77
79 78
79 79
79 79
79 80
78 81
78 82
77 83
77 84
76 85
76 86
76 86
75 87
75 88
74 89
74 90
73 91
73 91
73 92
72 93
72 94
71 95
71 96
71 96
70 97
70 98
69 99
69 99
68 100
68 100
67 100
67 100
67 99
