8 0
8 1
9 2
9 3
9 4
9 4
9 5
9 5
8 6
7 6
7 6
7 7
6 8
6 9
6 10
6 10
6 11
6 12
6 13
5 14
5 15
5 16
5 17
5 17
5 18
5 19
5 20
5 21
4 22
4 23
4 24
4 25
4 26
4 26
4 27
3 28
3 29
3 30
2 31
2 32
2 32
2 33
2 34
1 35
1 36
1 37
1 38
1 38
1 39
1 40
0 41
0 42
0 43
0 43
0 44
0 45
0 45
0 46
0 46
0 46
1 46
1 46
1 45
1 44
1 43
2 42
2 41
2 40
2 39
2 38
2 37
3 36
3 35
3 34
3 33
3 32
3 31
4 30
4 29
4 28
4 27
4 26
4 25
5 24
5 23
5 22
5 21
5 21
5 20
5 19
5 18
5 17
5 17
6 17
6 17
6 17
7 18
7 18
7 19
8 20
8 21
8 21
8 22
9 23
9 24
9 24
10 25
10 26
11 27
11 27
12 28
12 29
13 30
13 30
14 31
15 32
15 32
16 33
16 34
16 34
17 35
18 35
18 35
19 36
20 36
20 36
21 36
21 36
22 36
23 36
23 36
23 35
24 34
24 33
24 32
24 31
25 30
25 29
25 28
26 27
26 26
26 25
26 24
27 23
27 22
27 21
27 20
28 19
28 18
28 18
28 17
29 16
29 15
30 14
30 13
30 13
30 12
30 12
30 11
30 11
30 11
31 12
31 12
30 13
30 14
30 14
29 15
29 16
29 16
28 17
28 18
27 19
27 19
26 20
25 21
25 22
24 23
24 23
23 24
23 25
22 26
22 27
21 28
21 28
20 29
20 30
19 31
19 32
19 32
19 33
18 34
18 35
18 35
17 36
17 37
17 37
17 37
18 37
19 37
19 37
19 36
20 35
20 34
21 33
21 32
22 31
22 30
22 29
23 28
23 27
24 26
24 25
24 24
25 23
25 22
26 21
26 20
27 19
27 18
27 17
28 16
28 15
29 14
29 13
29 13
30 12
30 11
30 11
30 11
30 11
30 11
30 12
30 12
30 12
30 12
30 13
30 13
30 13
30 14
30 14
31 15
31 16
31 16
31 17
32 18
32 19
32 19
32 20
33 21
33 22
33 23
33 23
33 24
34 25
34 26
34 27
34 27
34 28
35 29
35 30
35 31
35 31
35 32
35 33
35 34
35 35
35 36
35 36
35 37
35 38
36 39
36 40
36 41
36 41
36 42
36 43
36 44
36 45
36 45
37 46
37 47
37 47
37 48
37 49
37 49
38 50
38 50
38 51
38 51
39 51
40 50
41 50
42 49
43 49
44 48
45 48
46 47
47 47
48 46
49 46
50 46
51 45
52 45
53 44
54 44
55 43
56 43
57 42
58 42
58 42
59 41
59 41
58 40
58 40
58 39
58 39
58 38
58 38
58 37
58 36
58 36
58 35
58 35
58 34
58 34
57 33
57 32
57 32
57 32
56 31
56 31
55 31
55 31
54 32
53 33
53 33
53 34
52 35
52 36
52 36
52 37
51 38
51 39
50 40
50 41
50 41
50 42
49 43
49 44
49 45
49 45
48 46
48 47
48 47
48 48
48 49
48 49
49 50
49 50
50 49
50 49
51 49
52 49
52 49
53 48
54 47
54 47
55 46
56 45
56 45
57 44
58 43
58 43
58 42
59 41
59 40
59 40
60 39
60 38
60 38
60 38
61 38
61 38
61 38
61 39
61 40
61 40
61 41
61 42
61 42
61 43
60 44
60 45
60 45
60 46
60 46
60 47
60 48
60 48
60 48
60 49
60 49
60 49
61 48
61 48
62 47
62 47
63 46
63 46
64 45
64 44
65 43
66 42
66 41
67 40
68 39
68 38
69 37
69 37
70 37
71 37
71 37
71 36
71 36
71 36
71 36
71 36
71 36
71 35
71 35
72 35
72 35
72 35
73 36
73 36
73 37
73 38
73 38
73 39
73 40
73 40
73 41
72 42
72 43
72 43
72 44
71 45
71 46
71 46
71 47
71 48
71 48
71 49
71 49
71 49
71 49
71 49
72 48
72 48
73 47
73 47
74 46
75 45
75 45
76 44
77 43
77 43
78 42
78 41
78 41
79 40
79 39
80 38
80 38
81 37
81 36
81 36
82 35
82 35
82 35
82 35
82 35
82 35
82 35
82 36
82 36
82 36
83 36
84 35
85 35
86 35
87 35
88 34
89 34
90 34
90 34
89 35
89 35
90 35
90 35
89 36
89 36
89 37
89 37
89 38
88 39
88 40
88 41
88 41
88 42
87 43
87 44
87 44
86 45
86 46
85 47
85 47
85 48
84 49
84 50
84 50
84 51
84 51
84 52
84 52
85 51
85 51
86 50
87 50
87 50
88 49
89 49
90 48
90 48
91 47
92 46
92 46
93 45
94 44
94 44
95 43
95 42
96 41
96 41
97 40
98 39
98 39
99 38
99 37
99 37
99 36
99 35
99 35
100 34
100 34
100 33
100 33
99 33
99 33
99 33
99 33
99 33
98 34
98 34
97 35
97 35
97 36
97 37
97 37
97 38
96 39
96 40
96 40
95 41
95 42
94 43
94 43
93 44
93 45
92 46
92 47
92 47
92 48
91 49
91 50
90 51
90 52
90 52
90 53
89 54
89 55
88 56
88 57
88 57
88 58
87 59
87 60
86 61
86 62
86 63
85 64
85 65
85 65
85 66
84 67
84 68
84 69
84 70
83 71
83 72
83 72
83 73
82 74
82 75
81 76
81 77
80 78
80 79
80 79
79 80
79 81
78 82
78 83
77 84
77 84
76 85
76 86
75 87
75 88
74 89
74 89
73 90
72 91
71 92
70 93
69 94
69 94
68 95
67 96
66 97
65 98
65 98
64 98
63 99
62 99
61 99
60 100
59 100
