7 6
7 5
8 4
8 3
8 2
8 2
8 1
8 1
8 0
8 0
8 0
8 1
8 2
8 3
8 3
8 4
7 5
7 6
7 7
7 7
7 8
7 9
7 10
7 11
7 12
7 12
7 13
7 14
7 15
7 16
7 17
7 18
7 19
7 20
7 20
7 21
7 22
7 23
7 24
6 25
6 26
6 27
6 28
6 29
6 29
6 30
6 31
6 32
6 33
5 34
5 35
5 36
5 37
5 38
5 39
5 39
5 40
5 41
5 42
5 43
5 44
4 45
4 46
4 47
4 48
4 49
4 50
4 50
4 51
4 52
4 53
4 54
3 55
3 56
3 57
3 58
3 59
3 59
3 60
3 61
3 62
2 63
2 64
2 65
2 66
2 67
2 67
2 68
2 69
1 70
1 71
1 72
1 72
1 73
0 74
0 75
0 76
0 76
0 77
0 78
0 79
0 79
0 80
0 81
0 81
0 81
0 81
0 80
0 79
0 78
1 77
1 76
1 75
1 74
1 73
1 72
1 71
1 70
2 69
2 68
2 67
2 66
2 65
2 64
2 63
2 62
3 61
3 60
3 59
3 58
3 57
3 56
3 55
3 54
4 53
4 52
4 51
4 50
4 49
4 48
4 47
4 46
5 45
5 44
5 43
5 42
5 41
5 40
5 39
5 38
6 37
6 36
6 35
6 34
6 33
6 32
6 31
6 30
7 29
7 28
7 27
7 26
7 25
7 24
7 23
7 22
8 21
8 20
8 19
8 18
8 17
8 16
8 15
8 14
9 13
9 12
9 11
9 10
9 10
10 9
11 8
11 7
12 6
12 6
12 5
12 5
11 4
11 4
11 5
11 5
11 6
11 7
11 7
11 8
11 9
12 10
12 11
12 12
12 12
12 13
12 14
12 15
13 16
13 17
13 18
13 19
13 19
13 20
13 21
13 22
14 23
14 24
14 25
14 26
14 27
14 27
14 28
14 29
14 30
14 31
14 32
14 33
14 34
14 34
14 35
14 36
14 37
14 38
15 39
15 40
15 41
15 42
15 43
15 43
15 44
15 45
15 46
15 47
16 48
16 49
16 50
16 51
16 52
16 52
16 53
16 54
16 55
16 56
16 57
16 58
16 59
16 59
16 60
16 61
17 62
17 63
17 64
17 64
17 65
17 66
17 67
17 68
17 68
17 69
18 70
18 71
18 71
18 72
18 73
18 73
18 74
18 74
19 75
19 75
19 75
19 75
19 74
19 73
20 72
20 71
20 70
20 69
20 68
21 67
21 66
21 65
21 64
21 63
22 62
22 61
22 60
22 59
22 58
23 57
23 56
23 55
23 54
23 53
24 52
24 51
24 50
24 49
24 48
25 47
25 46
25 45
25 44
25 43
25 42
26 41
26 40
26 39
26 38
26 37
27 36
27 35
27 34
27 33
27 32
28 31
28 30
28 29
28 28
28 27
29 26
29 25
29 24
29 23
29 22
30 21
30 20
30 19
30 18
30 17
31 16
31 15
31 14
31 14
32 13
33 12
34 11
34 11
34 10
34 9
34 9
34 10
34 10
33 11
33 11
33 12
33 13
32 14
32 15
32 16
32 17
32 17
32 18
32 19
32 20
31 21
31 22
31 23
31 24
31 25
31 25
31 26
30 27
30 28
30 29
30 30
29 31
29 32
29 33
29 33
29 34
29 35
28 36
28 37
28 38
28 39
27 40
27 41
27 42
27 42
27 43
26 44
26 45
26 46
26 47
25 48
25 49
25 49
25 50
24 51
24 52
24 53
24 54
23 55
23 56
23 56
23 57
22 58
22 59
21 60
21 61
21 61
21 62
20 63
20 64
20 65
20 65
20 66
19 67
19 68
19 68
18 69
18 70
18 70
18 70
18 70
19 70
19 70
19 69
19 68
19 67
19 67
19 66
19 65
20 64
20 63
20 62
20 61
20 60
21 59
21 58
21 57
21 56
21 55
22 54
22 53
22 52
22 51
22 50
23 49
23 48
23 47
23 46
24 45
24 44
24 43
24 42
24 41
25 40
25 39
25 38
25 37
25 36
26 35
26 34
26 33
26 32
26 31
27 30
27 29
27 28
27 27
27 26
28 25
28 24
28 23
28 23
28 22
29 21
29 20
29 19
29 18
30 17
30 16
30 15
30 15
30 14
30 13
30 12
30 12
30 11
30 10
30 10
30 10
30 10
30 11
30 12
30 12
30 13
31 14
31 15
31 16
31 16
31 17
31 18
31 19
31 20
31 21
31 22
31 22
31 23
31 24
31 25
31 26
31 27
31 28
31 29
31 30
31 30
31 31
31 32
31 33
31 34
31 35
31 36
31 37
31 38
31 39
31 39
31 40
31 41
31 42
31 43
31 44
31 45
31 46
31 47
31 48
31 49
31 49
31 50
31 51
31 52
31 53
31 54
31 55
31 56
31 57
31 58
31 58
31 59
31 60
31 61
32 62
32 63
32 64
32 65
32 65
32 66
32 67
32 68
32 69
32 70
32 70
32 71
32 72
32 73
32 73
32 74
32 75
32 76
32 76
32 77
32 78
32 78
32 79
32 79
33 79
33 79
33 79
33 79
33 78
33 78
34 77
34 76
35 75
36 74
36 73
37 72
38 71
38 70
39 69
40 68
40 67
41 66
42 65
42 64
43 63
44 62
44 61
45 60
45 59
46 58
47 57
47 56
48 55
49 54
49 53
50 52
51 51
51 50
52 49
53 48
53 47
54 46
55 45
55 44
56 43
56 43
57 42
57 42
57 41
57 40
57 40
57 39
57 38
57 38
57 37
57 36
57 36
57 35
57 35
56 34
56 33
56 33
55 33
55 33
54 33
54 33
53 34
53 34
52 35
52 36
51 37
51 38
51 38
51 39
51 40
50 41
50 42
50 43
50 43
50 44
49 45
49 46
48 47
48 48
48 48
48 49
48 50
47 51
47 52
47 53
47 54
47 54
47 55
46 56
46 57
46 58
46 58
46 59
46 60
46 61
46 62
46 62
46 63
46 63
47 64
47 65
47 65
47 65
48 65
48 65
49 64
50 63
50 63
51 62
51 61
51 61
52 60
52 59
53 58
53 57
53 57
53 56
53 55
54 54
54 53
54 52
54 52
54 51
55 50
55 49
56 48
56 47
56 47
56 46
56 45
56 44
56 44
57 43
57 43
57 42
57 42
57 43
57 43
57 44
57 44
57 45
57 46
57 47
57 47
57 48
57 49
57 50
57 51
57 51
57 52
57 53
57 54
57 54
57 55
57 56
57 57
57 58
57 58
57 59
57 60
57 60
57 61
57 61
57 62
57 62
58 63
58 63
58 62
59 61
59 60
59 59
60 58
60 57
60 56
61 55
61 54
61 53
62 52
62 51
62 50
63 49
63 48
63 47
64 46
64 45
64 44
65 43
65 42
65 41
66 40
66 39
66 38
67 37
67 36
67 36
68 35
69 35
69 35
69 35
69 36
69 37
69 37
69 38
69 39
69 40
69 40
69 41
69 42
69 43
69 44
69 45
69 45
69 46
69 47
69 48
69 49
69 49
69 50
69 51
69 52
69 53
69 53
69 54
69 55
69 56
69 56
68 57
68 58
68 58
68 59
68 60
68 60
68 61
68 62
68 62
67 62
67 62
67 62
67 62
68 61
68 61
68 60
69 59
69 58
69 58
69 57
69 56
70 55
70 54
70 53
70 53
70 52
71 51
71 50
71 49
71 49
72 48
72 47
73 46
73 45
73 45
74 44
74 43
75 42
75 41
75 41
76 40
77 39
77 39
78 38
78 37
78 37
79 37
80 37
80 37
81 36
82 36
82 36
83 36
83 36
84 35
85 35
85 35
86 35
86 35
87 35
87 35
87 35
88 36
88 36
88 37
88 38
88 38
88 39
88 40
88 40
88 41
88 42
88 42
88 43
88 44
88 44
89 45
89 45
89 45
89 45
90 45
90 45
91 44
91 43
91 43
92 42
93 41
93 41
93 40
94 39
94 38
94 37
94 37
95 36
95 35
96 34
96 33
96 33
97 32
97 31
98 30
98 29
98 29
98 28
99 27
99 26
99 26
100 25
100 24
100 24
99 25
99 25
99 25
99 26
99 27
99 28
99 28
99 29
98 30
98 31
98 32
98 32
98 33
98 34
98 35
97 36
97 37
97 38
97 39
97 39
97 40
97 41
96 42
96 43
96 44
96 45
95 46
95 47
95 48
95 48
95 49
95 50
94 51
94 52
94 53
94 54
94 55
93 56
93 57
93 58
93 58
93 59
93 60
93 61
93 62
92 63
92 64
92 65
92 66
92 67
92 67
92 68
92 69
91 70
91 71
91 72
91 73
91 74
90 75
90 76
90 77
90 77
90 78
89 79
89 80
89 81
89 82
88 83
88 84
88 85
88 85
88 86
88 87
88 88
87 89
87 90
87 91
87 92
87 92
87 93
86 94
86 95
85 96
85 97
85 97
84 98
83 99
83 99
82 99
81 100
80 100
