11 9
12 8
12 7
12 7
13 6
13 5
13 5
13 4
13 3
13 3
13 2
13 1
13 1
13 1
13 0
13 0
13 0
13 1
13 2
13 2
12 3
12 3
12 4
11 5
11 6
11 7
11 7
11 8
11 9
10 10
10 11
10 12
10 13
10 13
10 14
9 15
9 16
9 17
8 18
8 19
8 19
8 20
8 21
8 22
7 23
7 24
7 25
7 26
7 27
7 27
7 28
6 29
6 30
5 31
5 32
4 33
4 34
4 34
4 35
3 36
3 37
3 38
3 39
2 40
2 41
2 41
2 42
2 43
1 44
1 45
1 46
1 46
1 47
0 48
0 49
0 49
0 50
0 50
0 50
0 49
0 48
1 47
1 46
1 45
1 44
1 43
2 42
2 41
2 40
2 39
2 38
2 37
3 36
3 35
3 34
3 33
3 32
4 31
4 30
4 29
4 28
4 27
5 26
5 25
5 24
5 23
5 22
5 21
6 20
6 19
6 18
6 17
6 16
7 15
7 14
7 13
7 13
8 12
8 11
9 10
9 9
10 8
10 8
10 7
10 6
10 5
10 5
10 4
10 4
10 5
10 5
10 6
10 6
11 7
11 8
11 8
11 9
11 10
11 11
11 12
11 12
11 13
11 14
11 15
11 16
11 16
11 17
11 18
12 19
12 20
12 21
12 21
12 22
13 23
13 24
13 25
13 25
13 26
13 27
14 28
14 29
14 30
14 30
14 31
14 32
14 33
14 34
14 35
14 35
14 36
14 37
15 38
15 39
15 40
15 40
15 41
15 42
16 43
16 44
16 45
16 45
16 46
17 47
17 48
17 48
17 49
17 50
17 51
17 51
18 52
18 53
18 53
19 53
19 53
20 53
20 53
20 52
21 51
21 50
21 49
22 48
22 47
22 46
22 45
23 44
23 43
23 42
24 41
24 40
24 39
25 38
25 37
25 36
26 35
26 34
26 33
27 32
27 31
27 30
27 29
28 28
28 27
28 26
29 25
29 24
29 23
30 22
30 21
30 20
31 19
31 18
31 17
31 16
32 15
32 14
32 13
33 12
33 11
33 11
33 10
32 9
32 8
32 8
31 7
31 7
31 7
30 8
30 9
30 9
30 10
29 11
29 12
29 12
28 13
28 14
27 15
27 15
27 16
26 17
26 18
25 19
25 20
25 20
24 21
24 22
23 23
23 24
22 25
22 26
22 26
22 27
21 28
21 29
21 30
21 31
20 32
20 33
20 33
19 34
19 35
18 36
18 37
17 38
17 39
17 39
17 40
16 41
16 42
16 43
16 44
15 45
15 46
15 47
15 47
15 48
14 49
14 50
13 51
13 52
13 52
13 53
12 54
12 55
12 55
11 56
11 56
12 57
12 57
12 56
13 55
13 54
13 53
13 52
14 51
14 50
14 49
14 48
15 47
15 46
15 45
16 44
16 43
16 42
16 41
17 40
17 39
17 38
18 37
18 36
18 35
18 34
19 33
19 32
19 31
19 30
20 29
20 28
20 27
21 26
21 25
21 24
21 23
22 22
22 21
22 20
23 19
23 18
23 17
23 16
24 15
24 14
24 13
24 12
25 11
25 10
25 10
26 11
26 11
26 10
26 10
26 9
26 8
26 8
26 8
26 9
26 10
26 10
26 11
27 12
27 13
27 13
27 14
27 15
27 16
27 17
27 17
27 18
27 19
27 20
28 21
28 22
28 23
28 24
28 24
28 25
28 26
28 27
28 28
28 29
28 30
28 31
28 32
28 32
28 33
28 34
28 35
28 36
28 37
28 38
28 39
28 40
28 41
28 41
28 42
28 43
28 44
29 45
29 46
29 47
29 48
29 49
29 49
29 50
29 51
29 52
29 53
29 54
29 55
29 56
29 56
29 57
30 58
30 59
30 60
30 60
30 61
31 62
31 63
31 63
32 62
32 61
33 60
34 59
34 58
35 57
36 56
36 55
37 54
38 53
38 52
39 51
40 50
40 49
41 48
42 47
42 46
43 45
44 44
44 43
45 42
46 41
46 40
47 39
48 38
48 37
49 36
49 36
49 35
49 34
49 33
49 32
49 31
49 31
48 30
48 30
47 30
47 30
46 31
46 31
45 32
45 33
44 34
44 34
44 35
43 36
43 37
43 37
43 38
42 39
42 40
41 41
41 42
41 42
41 43
41 44
40 45
40 46
40 47
40 47
40 48
40 49
39 50
39 51
39 52
39 52
39 53
39 54
39 55
39 56
39 56
39 57
40 58
40 59
40 59
41 60
41 60
42 60
42 60
43 59
43 58
43 58
43 57
44 56
44 55
44 55
44 54
45 53
45 52
45 51
46 50
46 49
46 49
46 48
46 47
47 46
47 45
47 44
47 44
47 43
48 42
48 41
48 40
48 40
48 39
49 38
49 37
49 36
49 36
49 35
49 34
49 34
49 33
49 33
49 33
49 34
49 35
49 36
49 36
49 37
49 38
49 39
49 40
49 40
49 41
49 42
48 43
48 44
48 45
48 45
48 46
48 47
48 48
48 49
48 50
48 50
48 51
48 52
48 53
48 54
48 55
48 55
48 56
48 57
48 58
48 58
49 59
49 59
50 60
50 60
51 60
52 60
52 60
53 59
54 59
54 59
54 58
55 57
55 56
56 55
56 54
57 53
57 52
58 51
58 50
59 49
59 48
60 47
60 46
61 45
61 44
62 43
62 42
63 41
63 40
64 39
64 38
65 37
65 36
66 35
66 34
66 34
67 33
67 33
67 33
66 33
66 33
67 34
67 35
67 35
67 36
67 37
67 38
67 39
67 39
67 40
67 41
67 42
67 43
67 43
67 44
66 45
66 46
66 47
66 47
66 48
66 49
66 50
66 51
66 52
66 52
66 53
65 54
65 55
65 55
65 56
65 56
64 57
64 57
64 56
64 56
64 55
64 55
64 54
65 53
65 52
65 52
65 51
66 50
66 49
66 48
66 48
66 47
66 46
66 45
66 45
67 44
67 43
68 42
68 41
68 41
68 40
69 39
69 38
69 38
70 37
70 36
71 35
71 35
72 34
72 33
72 33
73 32
73 31
73 31
74 30
75 30
75 30
76 29
76 29
77 29
77 29
77 29
78 29
79 29
80 29
81 29
82 29
83 29
84 29
85 29
86 29
87 29
87 29
86 28
86 27
86 27
86 26
86 25
86 25
86 24
86 24
86 24
86 25
86 25
86 26
86 26
86 27
86 27
86 28
86 29
86 29
86 30
86 31
86 31
87 32
87 32
87 33
87 34
87 34
88 35
88 35
88 36
88 37
88 37
89 38
89 39
89 39
90 40
90 41
90 41
90 42
90 42
91 43
91 43
92 43
92 43
92 42
92 42
93 41
93 41
93 40
93 39
93 39
94 38
94 38
95 37
95 36
95 36
95 35
95 35
95 34
95 33
95 33
96 32
96 32
96 31
96 31
97 30
97 30
97 29
97 28
97 28
98 27
98 27
99 26
99 25
99 25
99 24
99 24
100 23
100 23
100 23
100 23
99 24
99 25
99 25
99 26
98 27
98 28
98 29
98 29
98 30
97 31
97 32
97 32
96 33
96 34
95 35
95 36
95 36
95 37
95 38
94 39
94 40
94 41
94 42
94 42
94 43
93 44
93 45
93 46
92 47
92 48
92 48
92 49
92 50
92 51
91 52
91 53
91 54
91 55
91 55
91 56
90 57
90 58
90 59
90 60
89 61
89 62
89 62
89 63
88 64
88 65
88 66
88 67
87 68
87 69
87 70
87 70
87 71
87 72
87 73
86 74
86 75
86 76
86 77
86 77
86 78
86 79
86 80
85 81
85 82
85 83
85 84
85 84
85 85
85 86
84 87
84 88
84 89
84 89
83 90
83 91
82 92
82 93
82 93
82 94
81 95
81 96
81 97
81 97
80 98
80 99
80 99
79 100
79 100
79 100
79 99
