18 0
18 0
18 0
18 0
18 0
18 0
18 0
17 1
17 2
17 2
16 3
15 4
15 4
15 5
14 6
14 7
14 8
14 8
14 9
13 10
13 11
12 12
12 13
12 13
12 14
11 15
11 16
11 17
10 18
10 19
10 19
10 20
9 21
9 22
8 23
8 24
7 25
7 26
7 26
7 27
6 28
6 29
5 30
5 31
4 32
4 33
4 33
3 34
2 35
2 36
1 37
1 37
1 38
0 39
0 40
0 41
0 41
0 42
0 43
0 44
0 44
0 45
0 46
0 46
0 47
0 47
1 48
1 48
1 47
1 47
1 46
2 45
2 44
2 43
3 42
3 41
3 40
4 39
4 38
4 37
5 36
5 35
5 34
6 33
6 32
6 31
7 30
7 29
7 28
7 27
8 26
8 25
8 24
9 23
9 22
9 21
10 20
10 19
10 18
11 17
11 16
11 15
12 14
12 13
12 12
13 11
13 10
13 10
14 9
14 9
14 8
14 8
14 8
14 8
14 7
14 7
14 8
14 8
14 9
14 9
15 10
15 11
15 11
15 12
15 13
15 13
15 14
16 15
16 16
16 17
16 17
16 18
16 19
16 20
16 21
16 21
16 22
17 23
17 24
17 24
17 25
18 26
18 27
18 28
18 28
18 29
18 30
18 31
18 31
19 32
19 33
19 33
20 34
20 35
20 35
20 36
20 36
20 36
20 37
20 37
20 37
20 36
20 36
20 35
21 34
21 33
21 32
22 31
22 30
22 29
22 28
23 27
23 26
23 25
24 24
24 23
24 22
25 21
25 20
25 19
25 18
26 17
26 16
26 15
27 14
27 13
27 12
28 11
28 10
28 9
28 8
29 7
29 6
29 6
30 5
30 5
30 5
30 5
30 6
30 6
29 7
29 7
29 8
29 9
29 9
29 10
28 11
28 12
28 12
27 13
27 14
26 15
26 15
26 16
26 17
25 18
25 19
25 20
25 20
25 21
24 22
24 23
23 24
23 25
23 25
22 26
22 27
21 28
21 29
20 30
20 31
20 31
19 32
19 33
18 34
18 35
18 35
17 36
17 37
17 37
17 38
17 38
17 38
17 37
18 36
18 35
18 34
19 33
19 32
20 31
20 30
20 29
21 28
21 27
21 26
22 25
22 24
23 23
23 22
23 21
24 20
24 19
24 18
25 17
25 16
26 15
26 14
26 13
27 12
27 11
27 10
28 9
28 8
29 7
29 6
29 5
30 4
30 3
30 3
31 3
32 3
32 3
32 2
32 2
31 2
31 2
32 2
32 2
32 2
32 2
32 2
32 2
33 3
33 3
33 4
33 4
33 5
33 6
33 7
33 7
33 8
33 9
33 10
33 10
33 11
33 12
33 13
33 14
33 14
33 15
33 16
33 17
33 18
33 19
33 19
33 20
33 21
32 22
32 23
32 24
32 24
32 25
32 26
32 27
32 28
32 29
32 29
32 30
32 31
32 32
32 33
32 33
32 34
32 35
32 36
32 37
32 38
32 38
32 39
32 40
32 41
32 42
32 43
32 43
32 44
32 45
32 46
32 47
32 47
32 48
32 49
33 50
33 51
33 52
33 52
33 53
33 54
33 54
34 55
34 56
34 56
34 57
34 58
34 58
34 59
34 59
34 59
34 59
35 58
36 57
37 56
38 55
39 54
40 53
41 52
42 51
43 50
44 49
45 48
45 47
46 46
47 45
48 44
49 43
50 42
51 41
52 40
53 39
54 38
55 37
55 37
56 37
56 37
55 36
55 36
55 36
55 35
55 35
56 34
56 34
56 33
56 33
56 32
56 32
56 31
56 30
56 30
56 29
56 29
56 28
56 28
56 27
56 27
55 27
55 27
55 27
54 27
54 27
53 27
53 27
52 28
52 28
52 29
51 30
51 31
51 31
50 32
50 33
49 34
49 35
49 35
49 36
48 37
48 38
48 39
48 39
48 40
47 41
47 42
47 42
46 43
46 44
46 44
46 45
46 45
47 46
47 46
48 46
48 46
49 45
50 45
50 45
51 44
52 43
52 43
53 42
54 41
54 41
55 40
55 39
55 39
56 38
56 37
56 37
56 36
57 35
57 34
57 34
58 33
58 33
58 33
58 33
58 33
58 34
58 34
58 35
58 36
58 36
58 37
58 38
58 38
58 39
58 40
58 41
58 41
58 42
58 43
58 43
58 44
58 44
58 45
58 45
58 45
58 46
58 46
59 46
59 46
60 46
60 46
61 45
61 45
62 44
62 43
63 42
63 41
64 40
65 39
65 38
66 37
66 36
67 35
67 34
68 33
68 33
69 32
70 32
70 32
70 32
70 32
70 32
70 33
70 33
70 33
71 34
71 34
71 35
71 35
71 36
71 37
71 38
71 38
71 39
71 40
71 40
71 41
70 42
70 43
70 43
69 44
69 45
69 45
69 46
69 46
69 46
69 46
69 46
69 46
70 45
70 45
71 44
72 44
72 44
73 43
73 42
73 42
74 41
75 41
75 41
76 40
76 39
76 39
77 38
77 38
78 37
78 36
78 36
79 35
79 35
80 34
80 33
80 33
81 32
81 32
81 31
81 31
81 31
81 31
81 31
81 31
81 31
81 31
81 32
81 32
81 32
81 32
81 32
82 32
82 32
82 31
82 31
82 31
82 31
82 31
82 31
82 32
82 32
82 32
82 32
83 31
84 31
85 30
86 30
86 30
86 30
86 30
86 30
87 30
87 30
86 31
86 31
86 32
86 32
85 33
85 34
85 34
84 35
84 36
83 37
83 37
83 38
82 39
82 40
82 41
82 41
82 42
81 43
81 44
81 44
81 45
81 46
81 46
82 46
82 46
82 47
82 47
83 46
84 46
84 46
85 45
86 45
86 45
87 44
88 44
88 44
89 43
89 42
89 42
90 41
90 40
91 39
91 38
92 37
93 36
93 35
94 34
94 33
95 32
96 31
96 30
97 29
97 28
98 27
98 27
99 26
99 26
99 25
99 25
100 25
100 25
100 25
100 25
99 25
99 25
99 25
99 25
99 25
99 25
99 26
99 26
98 27
98 27
97 28
97 28
96 29
96 30
96 30
95 31
95 31
94 32
94 33
94 33
94 34
93 35
93 36
93 36
92 37
92 38
91 39
91 39
90 40
90 41
89 42
89 43
89 43
89 44
88 45
88 46
87 47
87 48
87 48
86 49
86 50
85 51
85 52
84 53
84 54
84 54
83 55
83 56
82 57
82 58
81 59
81 60
80 61
80 61
79 62
79 63
78 64
78 65
77 66
77 67
76 68
76 68
75 69
75 70
74 71
74 72
73 73
73 74
72 75
72 76
72 76
71 77
71 78
70 79
69 80
69 81
68 82
68 82
67 83
67 84
66 85
66 86
65 87
65 87
64 88
64 89
63 90
63 91
62 92
62 92
61 93
61 94
60 95
60 95
59 96
59 97
58 98
58 98
57 99
57 100
57 100
56 100
