10 0
11 1
11 2
11 2
10 1
10 1
10 2
10 2
9 3
9 3
9 4
9 5
9 6
9 7
9 7
9 8
9 9
9 10
8 11
8 12
8 13
8 14
8 14
8 15
7 16
7 17
7 18
7 19
6 20
6 21
6 21
6 22
6 23
6 24
6 25
5 26
5 27
5 28
5 29
5 30
5 30
5 31
4 32
4 33
4 34
4 35
3 36
3 37
3 37
3 38
3 39
2 40
2 41
2 42
2 43
2 43
1 44
1 45
0 46
0 46
0 47
0 47
0 47
0 46
0 45
1 44
1 43
1 42
1 41
2 40
2 39
2 38
2 37
3 36
3 35
3 34
3 33
4 32
4 31
4 30
4 29
5 28
5 27
5 26
5 25
5 24
6 23
6 22
6 21
6 20
7 19
7 18
7 17
7 16
8 15
8 14
8 13
8 12
9 11
9 10
9 9
9 9
10 10
10 11
10 11
10 11
9 12
9 12
9 13
9 13
9 14
10 15
10 16
10 16
11 17
11 18
11 18
12 19
12 20
13 21
13 21
13 22
14 23
14 24
14 25
14 25
15 26
15 27
16 28
16 28
17 29
17 30
18 31
18 31
19 32
20 32
20 32
21 33
21 33
22 33
22 33
22 32
22 31
23 30
23 29
23 28
23 27
24 26
24 25
24 24
24 23
25 22
25 21
25 20
25 19
25 18
26 17
26 16
26 15
26 14
27 13
27 12
27 11
27 11
28 10
29 10
30 9
30 9
31 9
31 9
31 9
30 10
30 11
30 11
30 12
29 13
29 14
29 14
28 15
28 16
27 17
27 18
27 18
26 19
25 20
24 21
24 21
23 22
23 23
22 24
22 25
22 25
21 26
20 27
19 28
19 28
18 29
18 30
17 31
17 31
17 32
17 33
17 33
17 32
18 31
18 30
19 29
19 28
20 27
20 26
21 25
21 24
22 23
22 22
23 21
23 20
23 19
24 18
24 17
25 16
25 15
26 14
26 13
27 12
27 11
28 10
28 9
28 9
29 9
30 9
30 9
29 8
29 8
29 7
29 7
29 7
30 8
30 8
30 9
30 9
30 10
30 11
30 11
30 12
30 13
30 14
30 14
30 15
30 16
31 17
31 18
31 19
31 19
31 20
31 21
32 22
32 23
32 24
32 25
32 25
32 26
32 27
33 28
33 29
33 30
33 31
33 31
33 32
33 33
33 34
33 35
33 36
33 37
33 37
33 38
33 39
34 40
34 41
34 42
34 42
34 43
35 44
35 45
35 45
36 46
36 47
37 48
37 48
38 49
38 49
39 49
40 48
41 48
42 48
43 47
44 47
45 47
46 47
47 46
48 46
49 46
50 45
51 45
52 45
53 44
54 44
55 44
56 44
57 43
58 43
59 43
60 42
61 42
61 42
60 43
60 43
60 42
60 42
60 41
60 41
60 40
60 40
61 39
61 39
62 38
62 37
62 37
62 36
62 35
62 35
62 34
62 34
62 33
62 32
62 32
61 31
61 31
60 30
60 30
59 30
59 30
58 31
58 31
57 32
56 33
56 33
55 34
55 35
54 36
54 37
54 37
53 38
53 39
52 40
52 41
52 41
52 42
51 43
51 44
51 44
51 45
51 46
51 47
51 47
51 47
51 47
52 47
53 47
53 47
54 46
55 46
55 46
56 45
57 45
58 44
58 44
58 43
59 42
59 41
59 41
60 40
61 39
61 39
62 38
62 38
63 38
63 38
63 38
64 39
64 39
64 40
64 41
64 42
64 42
64 43
64 44
64 44
63 45
63 46
63 46
63 47
63 47
63 47
64 47
64 47
65 47
65 47
66 46
66 45
66 45
67 44
68 43
68 43
69 42
70 41
70 41
71 40
71 39
72 38
72 38
73 37
73 36
74 35
74 35
75 34
76 33
76 33
77 32
77 32
77 32
77 33
77 33
77 34
77 35
77 35
77 36
77 37
77 38
77 38
77 39
76 40
76 41
76 41
75 42
75 43
75 43
75 44
74 45
74 46
74 46
74 46
74 47
74 47
75 47
75 47
76 46
76 46
77 45
78 45
78 45
79 44
80 43
80 43
81 42
82 41
82 41
83 40
84 39
84 39
85 38
85 37
85 37
86 36
86 35
86 35
87 34
87 34
87 34
87 34
87 35
87 36
87 36
86 37
86 38
86 38
86 39
85 40
85 41
85 41
85 42
84 43
84 44
84 44
84 45
84 46
84 46
84 47
84 47
85 47
85 47
86 46
87 46
87 46
88 46
89 45
90 45
90 45
91 44
92 43
92 43
92 42
93 41
93 40
94 39
94 38
95 37
95 36
95 35
96 34
96 33
97 32
97 31
98 30
98 29
98 29
99 28
99 28
99 27
99 27
99 27
99 27
100 28
100 28
99 28
99 28
99 29
99 29
99 30
99 30
98 31
98 31
98 32
97 33
97 34
97 34
97 35
96 36
96 37
96 37
96 38
95 39
95 40
95 40
95 41
94 42
94 43
93 44
93 45
93 45
93 46
92 47
92 48
92 49
91 50
91 51
91 51
91 52
90 53
90 54
89 55
89 56
88 57
88 58
88 58
88 59
87 60
87 61
86 62
86 63
86 64
85 65
85 66
85 66
84 67
84 68
83 69
83 70
82 71
82 72
81 73
81 74
81 74
81 75
80 76
80 77
79 78
79 79
78 80
78 81
78 81
77 82
77 83
76 84
76 85
75 86
75 87
75 87
74 88
73 89
73 90
72 91
71 92
71 92
70 93
69 94
69 95
68 96
67 97
67 97
66 98
65 98
64 99
63 99
62 100
