14 7
15 6
16 5
16 4
17 3
18 2
18 2
17 1
17 1
16 0
16 0
16 1
15 2
15 3
15 3
15 4
14 5
14 6
14 7
14 7
14 8
13 9
13 10
13 11
13 12
12 13
12 14
12 14
12 15
11 16
11 17
11 18
10 19
10 20
10 20
10 21
10 22
9 23
9 24
9 25
9 26
9 26
9 27
8 28
8 29
8 30
8 31
7 32
7 33
7 33
7 34
6 35
6 36
5 37
5 38
5 38
5 39
4 40
4 41
3 42
3 43
3 43
2 44
2 45
1 46
1 47
1 47
1 48
0 49
0 50
0 50
0 51
0 51
0 52
0 52
0 51
1 50
1 49
1 48
2 47
2 46
2 45
2 44
3 43
3 42
3 41
4 40
4 39
4 38
5 37
5 36
5 35
6 34
6 33
6 32
7 31
7 30
7 29
7 28
8 27
8 26
8 25
9 24
9 23
9 23
9 22
10 21
10 20
11 19
11 18
11 17
12 16
12 15
13 14
13 13
13 13
14 12
14 11
14 11
14 12
14 12
15 13
15 13
15 14
16 15
16 16
16 16
16 17
17 18
17 19
17 20
17 20
17 21
17 22
18 23
18 24
18 25
18 25
18 26
18 27
18 28
18 29
18 29
18 30
18 31
18 32
18 33
18 34
18 34
18 35
17 36
17 37
17 38
17 38
17 39
17 40
17 41
17 42
17 42
17 43
16 44
16 45
16 45
16 46
16 46
16 46
17 46
17 46
18 45
18 44
18 44
19 43
19 42
20 41
20 40
20 40
20 39
21 38
21 37
22 36
22 35
23 34
23 33
23 32
24 31
24 30
25 29
25 28
25 28
25 27
26 26
26 25
27 24
27 23
28 22
28 21
28 20
29 19
29 18
30 17
30 16
30 16
30 15
31 14
31 13
31 13
31 12
31 12
31 12
31 13
31 14
31 14
31 15
30 16
30 17
30 17
30 18
29 19
29 20
29 21
29 21
29 22
28 23
28 24
28 25
27 26
27 27
27 27
27 28
26 29
26 30
25 31
25 32
25 32
24 33
23 34
23 35
22 36
22 36
22 37
21 38
21 39
20 40
20 41
20 41
19 42
19 43
18 44
18 44
18 45
17 46
17 47
17 47
16 48
16 48
16 48
17 47
17 47
17 46
18 45
18 44
19 43
19 42
19 41
20 40
20 39
20 38
21 37
21 36
22 35
22 34
22 34
23 33
23 32
24 31
24 30
25 29
25 28
26 27
26 26
27 25
27 24
28 23
28 23
29 22
29 21
30 20
30 19
30 19
31 18
31 18
32 19
32 19
33 19
33 19
33 20
34 21
34 22
34 22
34 23
35 24
35 25
35 25
35 26
35 27
35 28
35 28
35 29
36 30
36 31
36 31
36 32
36 33
36 34
36 35
36 35
36 36
36 37
36 38
36 38
36 39
36 40
36 41
36 41
36 42
36 43
36 43
36 44
36 44
36 45
36 45
37 45
37 45
38 44
39 44
39 44
40 43
41 42
41 42
42 41
43 40
44 39
44 39
45 38
45 37
46 36
46 35
46 35
47 34
47 33
48 32
48 32
48 31
49 30
49 29
49 29
49 28
49 27
49 27
49 27
49 27
48 27
48 27
48 28
48 28
47 29
47 30
47 30
46 31
46 32
46 32
45 33
45 34
45 34
44 35
44 36
44 36
43 37
43 37
43 38
43 39
43 39
43 40
43 40
43 41
43 41
43 41
44 41
44 41
45 41
45 41
46 40
46 39
46 39
47 38
48 37
48 37
49 36
49 35
49 35
50 34
51 33
51 33
52 32
52 31
52 31
53 30
53 30
54 29
54 29
54 28
54 28
54 27
54 27
54 27
54 26
54 26
54 26
54 26
54 26
54 26
54 26
54 27
54 27
54 27
54 28
54 28
54 28
54 29
54 29
54 30
54 30
54 31
54 31
54 32
54 33
54 33
54 34
54 34
54 35
54 36
54 36
54 37
54 37
54 38
54 38
55 39
55 39
55 39
56 39
56 39
57 39
57 39
58 38
58 38
59 37
59 37
60 36
61 36
61 36
62 35
62 35
63 34
63 33
63 33
64 32
64 31
64 31
65 30
65 30
66 29
66 28
66 28
67 27
67 27
67 26
67 26
67 26
67 26
67 26
67 27
67 28
67 28
66 29
66 30
66 30
66 31
66 32
66 32
66 33
66 34
66 35
66 35
66 36
65 37
65 38
65 38
65 39
65 40
65 40
65 41
65 41
65 42
65 43
65 43
65 43
65 43
65 43
65 42
65 42
65 41
65 41
65 40
66 39
66 38
66 38
67 37
67 36
68 35
68 35
69 34
69 33
70 32
70 32
71 31
71 30
72 29
72 29
73 28
74 27
74 27
75 27
75 27
76 27
77 27
77 27
78 27
78 27
79 28
79 28
79 29
79 30
79 30
80 31
80 31
80 32
80 33
80 33
80 34
80 34
81 35
81 35
81 35
82 35
82 35
82 34
82 34
83 33
83 33
84 32
84 31
84 31
85 30
85 30
86 30
86 30
86 30
87 31
87 32
87 32
87 33
87 33
88 34
88 35
88 35
88 36
89 37
89 38
89 38
90 39
90 40
90 40
90 41
90 41
91 42
91 42
92 42
92 42
92 42
93 41
93 41
94 40
94 39
95 38
95 38
96 37
96 36
96 36
97 35
97 34
98 33
98 33
99 32
99 31
99 31
99 30
99 30
99 30
99 30
99 31
98 32
98 33
98 33
98 34
97 35
97 36
97 36
97 37
96 38
96 39
95 40
95 41
95 41
95 42
94 43
94 44
93 45
93 46
93 46
93 47
92 48
92 49
91 50
91 51
90 52
90 53
90 53
89 54
89 55
88 56
88 57
87 58
87 59
86 60
86 61
86 61
86 62
85 63
85 64
84 65
84 66
84 67
83 68
83 69
83 69
82 70
82 71
81 72
81 73
80 74
80 75
79 76
79 76
78 77
78 78
77 79
76 80
76 81
75 82
75 82
74 83
74 84
73 85
73 86
72 87
72 87
71 88
70 89
69 90
68 91
68 91
67 92
66 93
66 94
65 95
65 95
64 96
64 97
63 98
63 98
62 99
62 100
62 100
61 100
