6 12
6 11
6 11
6 12
6 12
5 13
5 13
5 14
4 15
4 16
4 17
4 17
4 18
4 19
4 20
4 21
4 22
4 23
4 23
4 24
4 25
4 26
3 27
3 28
3 29
3 30
3 31
3 31
3 32
3 33
3 34
2 35
2 36
2 37
2 38
2 39
2 39
2 40
2 41
2 42
1 43
1 44
1 45
1 46
1 47
1 47
1 48
1 49
1 50
1 51
0 52
0 53
0 54
0 55
0 56
0 56
0 57
0 58
0 59
0 60
0 61
0 62
0 62
0 63
0 64
0 65
0 66
0 67
0 68
0 68
0 69
0 70
0 71
0 72
0 72
0 73
1 74
1 75
1 76
1 76
1 77
2 78
2 79
2 80
2 80
2 81
3 82
3 83
3 83
4 84
4 85
5 86
5 86
6 87
7 87
8 88
8 88
9 89
9 90
10 91
10 91
11 92
12 92
12 92
13 93
14 94
14 94
15 95
15 95
16 96
16 96
16 95
16 95
16 94
16 94
16 93
16 92
16 91
16 90
16 89
16 89
16 88
16 87
16 86
17 85
17 84
17 83
17 82
17 82
17 81
17 80
17 79
17 78
17 77
17 76
17 75
17 74
17 73
17 72
17 71
17 70
17 69
17 68
17 67
17 66
17 65
17 64
17 64
17 63
17 62
17 61
17 60
17 59
17 58
17 57
17 56
17 55
18 54
18 53
18 52
18 51
18 50
18 49
18 48
18 47
18 46
18 45
18 44
18 44
18 43
18 42
18 41
19 40
19 39
19 38
19 37
19 37
19 36
19 35
19 34
19 33
19 33
18 33
18 33
17 34
17 34
17 35
16 36
16 37
16 37
16 38
16 39
15 40
15 41
15 42
15 42
15 43
14 44
14 45
14 46
14 47
13 48
13 49
13 49
13 50
12 51
12 52
12 53
12 54
11 55
11 56
11 57
11 57
11 58
10 59
10 60
10 61
10 62
9 63
9 64
9 64
9 65
8 66
8 67
8 68
8 69
7 70
7 71
7 72
7 72
7 73
7 74
7 75
6 76
6 77
6 78
6 79
6 79
6 80
5 81
5 82
4 83
4 84
4 84
4 85
3 86
3 87
3 88
3 88
2 89
2 89
1 88
1 88
0 87
0 86
0 86
0 85
0 84
0 83
0 82
0 82
0 81
0 80
0 79
0 78
0 77
0 76
0 75
0 75
0 74
0 73
0 72
1 71
1 70
1 69
1 68
1 68
1 67
1 66
2 65
2 64
2 63
2 62
3 61
3 60
3 59
3 59
3 58
3 57
4 56
4 55
4 54
4 53
5 52
5 51
5 50
5 50
6 49
6 48
7 47
7 46
8 45
8 44
9 43
9 42
9 42
10 41
10 40
11 39
11 38
12 37
12 36
13 35
13 35
14 34
15 33
15 32
16 31
17 30
17 30
18 29
19 28
20 27
21 26
21 26
22 25
23 24
24 23
24 23
25 23
26 22
27 22
27 22
28 22
29 22
29 22
29 23
30 24
30 25
30 25
30 26
31 27
31 28
31 29
31 29
31 30
31 31
30 32
30 33
30 34
30 35
30 35
30 36
30 37
30 38
30 39
30 40
30 41
30 42
30 42
30 43
30 44
30 45
29 46
29 47
29 48
29 49
29 49
29 50
29 51
28 52
28 53
28 54
28 55
28 55
28 56
27 57
27 58
27 59
27 59
27 60
27 61
27 62
27 62
27 63
28 64
28 65
28 65
29 66
29 67
29 67
30 68
30 69
30 69
31 70
32 71
32 71
33 72
33 73
34 74
34 74
34 75
35 76
35 77
35 78
35 78
35 79
36 80
36 81
36 82
36 82
36 83
36 84
36 85
36 86
36 86
36 87
36 88
36 89
36 89
36 90
36 91
36 91
36 92
35 93
35 94
35 94
34 95
34 96
33 97
33 97
32 98
31 99
31 99
30 100
30 100
29 100
28 100
28 100
27 100
26 100
26 100
26 99
26 99
26 98
26 97
26 96
26 96
26 95
26 94
26 93
26 92
26 92
26 91
27 90
27 89
27 88
28 87
28 86
28 86
28 85
29 84
29 83
29 82
30 81
30 80
30 80
30 79
31 78
31 77
32 76
32 75
32 74
33 73
33 72
33 72
33 71
34 70
34 69
35 68
35 67
36 66
36 65
36 65
36 64
37 63
37 62
38 61
38 60
38 59
39 58
39 57
39 57
40 56
40 55
41 54
41 53
42 52
42 51
42 51
42 50
43 49
43 48
44 47
44 46
45 45
45 44
46 43
46 42
47 41
47 40
48 39
48 38
49 37
49 36
50 35
50 34
51 33
51 32
52 31
52 30
53 29
53 28
53 27
54 26
54 25
55 24
55 23
56 22
56 21
57 20
57 19
58 18
58 17
59 16
59 15
60 14
60 13
61 12
61 11
62 10
62 9
63 8
63 7
63 7
63 6
64 5
64 4
64 3
64 3
64 2
64 1
64 1
64 1
64 1
63 2
63 3
63 3
63 4
62 5
62 6
62 7
62 7
61 8
61 9
60 10
60 11
60 11
60 12
59 13
59 14
59 15
58 16
58 17
58 17
58 18
57 19
57 20
56 21
56 22
56 22
56 23
56 24
55 25
55 26
55 27
55 27
55 28
54 29
54 30
54 31
54 31
53 32
53 33
53 33
53 34
53 35
53 35
54 36
54 37
54 37
54 38
54 39
54 40
54 41
54 42
54 42
54 43
54 44
54 45
54 46
54 47
54 48
54 49
54 49
54 50
54 51
54 52
54 53
54 54
54 55
54 56
54 57
54 58
54 59
54 59
54 60
54 61
54 62
54 63
54 64
54 65
54 66
54 67
54 68
54 68
54 69
54 70
54 71
54 72
54 73
54 74
54 75
54 76
54 77
54 78
54 78
54 79
54 80
54 81
54 82
54 83
54 84
54 85
54 85
54 86
54 87
54 88
54 89
54 90
54 90
54 91
55 92
55 93
55 94
55 94
55 95
55 95
55 94
55 94
55 93
55 93
55 92
55 91
55 90
55 90
55 89
55 88
56 87
56 86
56 85
56 84
56 84
56 83
56 82
56 81
56 80
56 79
56 78
56 78
56 77
56 76
56 75
57 74
57 73
57 72
57 71
57 71
57 70
57 69
57 68
58 67
58 66
58 65
58 64
58 64
58 63
58 62
58 61
59 60
59 59
59 58
59 57
59 56
59 56
59 55
59 54
59 53
60 52
60 51
60 50
60 49
60 49
60 48
61 47
61 46
62 45
62 44
62 44
62 43
63 42
63 41
63 41
64 40
64 40
65 40
65 40
66 41
66 42
66 42
66 43
66 44
66 45
66 46
66 46
66 47
67 48
67 49
67 50
67 50
67 51
67 52
67 53
67 54
67 54
67 55
67 56
68 57
68 58
68 59
68 59
68 60
68 61
68 62
68 63
68 64
68 64
68 65
68 66
68 67
68 68
68 69
68 69
68 70
68 71
68 72
68 73
68 74
68 74
68 75
68 76
67 77
67 78
67 79
67 79
67 80
67 81
67 82
67 83
67 83
67 84
66 85
66 86
66 86
66 87
66 87
65 87
65 87
64 86
64 86
64 85
64 84
64 84
64 83
63 82
63 81
63 81
63 80
63 79
63 78
63 77
63 77
63 76
63 75
63 74
63 73
63 73
63 72
63 71
63 70
63 70
63 69
63 68
63 68
63 67
64 66
64 65
64 65
64 64
65 63
65 62
65 61
65 61
65 60
66 59
66 58
67 57
67 56
67 56
67 55
68 54
68 53
68 52
69 51
69 50
69 50
69 49
70 48
70 47
70 46
70 45
71 44
71 43
71 43
71 42
72 41
72 40
72 39
72 38
73 37
73 36
73 35
73 35
73 34
74 33
74 32
74 31
74 30
75 29
75 28
75 28
76 27
76 26
77 25
77 24
78 23
78 22
78 22
79 21
79 20
80 19
80 18
80 18
81 17
82 16
82 16
83 16
83 16
84 17
85 17
85 17
85 18
86 19
86 20
86 20
86 21
86 22
86 23
86 24
86 25
86 25
86 26
86 27
86 28
86 29
86 30
86 31
86 31
86 32
86 33
86 34
86 35
86 36
86 36
86 37
86 38
86 39
86 40
86 41
86 41
86 42
86 43
86 44
86 45
86 45
86 46
86 47
86 48
86 48
86 49
86 50
86 50
87 51
87 52
87 52
88 53
89 54
89 54
90 54
91 55
92 55
92 55
93 56
94 57
94 57
95 58
96 59
97 60
97 60
97 61
98 62
98 63
98 63
98 64
99 65
99 66
99 67
99 67
99 68
100 69
100 70
100 71
100 71
100 72
99 73
99 74
99 75
99 75
99 76
98 77
98 78
97 79
97 80
97 80
96 81
96 82
95 83
95 84
95 84
94 85
93 86
93 87
92 88
92 88
91 89
90 90
90 91
89 92
89 92
88 93
87 94
86 95
86 95
85 96
84 96
83 97
82 97
82 97
81 97
80 98
79 98
79 98
78 97
77 97
77 97
76 96
76 95
76 95
75 94
75 93
75 93
75 92
75 91
75 90
75 89
75 89
75 88
76 87
76 86
77 85
77 84
77 84
77 83
78 82
78 81
78 80
79 79
79 78
79 78
79 77
80 76
80 75
81 74
81 73
82 72
82 71
