6 3
6 2
6 1
6 1
5 0
5 0
5 0
5 1
5 1
5 2
5 3
5 3
5 4
4 5
4 6
4 6
4 7
4 8
4 9
4 10
4 11
4 12
4 12
4 13
4 14
4 15
3 16
3 17
3 18
3 19
3 20
3 20
3 21
3 22
3 23
3 24
2 25
2 26
2 27
2 28
2 29
2 29
2 30
2 31
2 32
2 33
1 34
1 35
1 36
1 37
1 38
1 39
1 39
1 40
1 41
1 42
1 43
0 44
0 45
0 46
0 47
0 48
0 49
0 49
0 50
0 51
0 52
0 53
0 54
0 55
0 56
0 57
0 57
0 58
0 59
0 60
0 61
0 62
0 63
0 63
0 64
0 65
0 66
0 67
0 68
0 68
0 69
0 70
0 71
0 72
0 72
0 73
1 74
1 75
1 75
2 76
2 77
3 78
3 78
4 79
4 79
5 80
6 81
6 81
7 82
7 82
8 83
8 83
9 84
10 84
10 84
11 84
11 84
11 84
12 83
12 83
12 82
12 81
12 80
12 80
12 79
12 78
12 77
12 76
12 76
12 75
12 74
12 73
12 72
12 71
12 70
12 69
12 68
12 67
13 66
13 65
13 64
13 63
13 62
13 61
13 60
13 59
13 58
13 57
13 57
13 56
13 55
13 54
13 53
13 52
12 51
12 50
12 49
12 48
12 47
12 46
12 46
12 45
12 44
12 43
12 43
12 43
12 44
12 45
12 45
11 46
11 47
11 47
11 48
11 49
11 50
11 51
11 51
11 52
11 53
10 54
10 55
10 56
10 57
10 57
10 58
10 59
9 60
9 61
9 62
9 63
9 63
9 64
9 65
8 66
8 67
8 68
8 69
8 69
8 70
8 71
7 72
7 73
7 74
7 75
7 75
7 76
6 77
6 78
5 79
5 80
5 80
5 81
4 82
4 83
4 84
4 84
3 85
3 86
3 86
3 86
2 85
2 85
2 84
2 83
2 82
2 82
2 81
2 80
2 79
2 78
2 78
2 77
2 76
2 75
3 74
3 73
3 72
3 71
3 71
3 70
4 69
4 68
4 67
4 66
5 65
5 64
5 63
5 63
5 62
6 61
6 60
6 59
6 58
7 57
7 56
7 55
7 55
7 54
8 53
8 52
9 51
9 50
10 49
10 48
10 48
11 47
11 46
12 45
12 44
13 43
13 42
13 42
14 41
15 40
15 39
16 38
17 37
17 37
18 36
19 35
20 34
20 34
21 34
22 33
23 33
23 33
24 33
25 34
26 34
26 34
27 35
27 36
27 36
27 37
27 38
27 39
27 40
27 40
27 41
27 42
26 43
26 44
26 45
26 45
26 46
26 47
25 48
25 49
25 50
25 50
25 51
25 52
24 53
24 54
24 55
24 55
24 56
23 57
23 58
23 59
23 59
23 60
23 61
23 62
23 62
23 63
23 64
23 65
23 65
23 66
23 67
23 68
23 68
24 69
25 70
25 70
26 71
26 72
26 72
27 73
28 74
28 74
29 75
29 76
29 76
29 77
30 78
30 79
30 79
30 80
31 81
31 82
31 82
31 83
32 84
32 85
32 85
32 86
32 87
32 87
32 88
31 89
31 90
31 90
30 91
30 92
30 92
30 93
29 94
29 95
29 95
28 96
28 96
27 97
27 97
26 97
26 97
25 96
25 96
25 95
25 94
25 94
25 93
25 92
25 91
25 91
25 90
25 89
25 88
25 87
25 87
25 86
26 85
26 84
27 83
27 82
27 82
27 81
27 80
28 79
28 78
28 77
28 76
28 76
29 75
29 74
30 73
30 72
31 71
31 70
31 70
31 69
32 68
32 67
33 66
33 65
33 65
33 64
34 63
34 62
35 61
35 60
35 60
36 59
37 58
37 57
38 56
38 56
39 55
39 54
40 53
40 52
40 52
40 51
41 50
41 49
42 48
42 47
43 46
43 45
44 44
44 43
45 42
45 41
45 40
46 39
46 38
47 37
47 36
48 35
48 34
49 33
49 32
49 31
50 30
50 29
51 28
51 27
52 26
52 25
53 24
53 23
54 22
54 21
54 20
55 19
55 18
56 17
56 16
57 15
57 14
58 13
58 12
58 12
59 13
59 14
59 14
59 15
59 15
58 16
58 16
58 17
58 18
58 19
58 20
58 21
58 21
58 22
58 23
58 24
58 25
58 26
58 27
58 27
58 28
58 29
57 30
57 31
57 32
57 33
57 33
57 34
57 35
57 36
57 37
57 38
57 39
57 40
57 40
57 41
57 42
57 43
56 44
56 45
56 46
56 47
56 47
56 48
56 49
56 50
55 51
55 52
55 53
55 54
55 55
55 55
55 56
55 57
54 58
54 59
54 60
54 61
54 61
54 62
54 63
54 64
54 65
54 66
54 66
54 67
54 68
53 69
53 70
53 71
53 72
53 72
53 73
53 74
53 75
53 75
53 76
53 77
53 77
53 78
53 78
53 78
53 77
53 76
53 76
53 75
53 74
53 73
53 73
53 72
54 71
54 70
54 69
54 69
54 68
54 67
54 66
54 65
54 64
54 63
54 63
54 62
55 61
55 60
55 59
56 58
56 57
56 57
56 56
56 55
57 54
57 53
57 52
57 51
57 51
57 50
57 49
58 48
58 47
58 46
58 46
59 45
59 44
60 43
60 43
61 42
61 41
61 41
62 41
62 41
63 42
64 42
64 42
64 43
64 44
64 44
65 45
65 46
65 46
65 47
66 48
66 49
66 50
66 50
66 51
66 52
66 53
66 54
66 54
66 55
66 56
66 57
66 57
66 58
66 59
66 60
66 61
66 61
66 62
66 63
66 64
66 65
66 65
66 66
66 67
66 68
66 69
66 69
66 70
65 71
65 72
65 72
64 73
64 74
64 74
63 75
63 76
63 76
62 77
62 77
62 78
62 78
61 77
61 77
60 76
60 75
60 75
60 74
60 73
60 73
60 72
60 71
60 71
61 70
61 70
61 70
62 71
62 71
63 72
63 73
63 73
64 74
64 75
64 75
64 76
64 77
64 77
64 78
64 79
64 79
64 80
64 80
65 80
65 80
65 79
65 79
66 78
66 77
66 77
66 76
67 75
67 74
67 73
67 73
67 72
67 71
68 70
68 69
68 68
68 67
68 67
68 66
69 65
69 64
69 63
69 62
70 61
70 60
70 59
70 59
70 58
71 57
71 56
71 55
71 54
72 53
72 52
72 51
72 51
72 50
73 49
73 48
74 47
74 46
74 45
75 44
75 43
75 43
76 42
76 41
77 40
77 39
78 38
78 37
78 37
79 36
79 35
80 34
80 33
81 32
81 32
82 31
83 30
83 30
84 29
84 29
85 29
85 29
85 30
85 31
85 31
85 32
85 33
84 34
84 35
84 36
84 36
84 37
83 38
83 39
82 40
82 41
82 41
82 42
82 43
81 44
81 45
81 46
81 46
81 47
81 48
80 49
80 50
80 51
80 51
80 52
80 53
80 54
80 54
80 55
80 56
80 56
81 57
82 58
82 58
83 59
84 59
84 59
85 59
86 60
87 60
87 60
88 60
89 61
90 61
90 61
91 62
92 62
93 63
93 63
94 64
95 64
96 65
96 65
97 66
97 67
98 68
98 68
98 69
99 70
99 71
99 72
99 72
99 73
100 74
100 75
100 75
100 76
100 77
99 78
99 79
99 80
99 80
99 81
98 82
98 83
98 84
98 84
97 85
96 86
96 87
95 88
95 88
94 89
94 90
93 91
93 92
93 92
92 93
91 94
90 95
89 96
89 96
88 97
87 98
86 99
86 99
85 99
84 100
83 100
83 100
82 100
81 100
81 100
80 100
79 100
79 100
79 99
78 98
78 97
78 97
78 96
78 95
78 94
78 94
78 93
78 92
79 91
79 90
79 89
79 89
79 88
80 87
80 86
81 85
81 84
81 84
82 83
82 82
83 81
83 80
84 79
84 78
