7 10
6 9
6 8
6 8
6 8
6 9
6 9
6 10
6 11
6 11
6 12
6 13
5 14
5 15
5 16
5 16
5 17
5 18
5 19
5 20
5 21
5 22
5 22
5 23
5 24
5 25
5 26
5 27
5 28
5 29
5 29
5 30
5 31
5 32
5 33
5 34
5 35
5 36
5 37
5 37
5 38
5 39
5 40
4 41
4 42
4 43
4 44
4 45
4 45
4 46
4 47
4 48
4 49
4 50
4 51
4 52
4 53
4 53
4 54
4 55
4 56
4 57
4 58
4 59
4 60
4 61
4 61
4 62
4 63
5 64
5 65
5 66
5 66
5 67
5 68
5 69
5 70
5 71
5 71
6 72
6 73
7 74
7 75
7 75
7 76
8 77
8 78
8 78
9 79
9 80
10 81
10 81
11 82
12 83
12 83
13 84
14 84
14 84
15 85
16 85
16 85
17 86
18 86
18 86
19 86
19 86
20 85
21 85
21 85
21 84
21 83
21 82
21 81
21 80
21 79
21 78
21 77
21 76
21 75
21 74
21 73
21 72
21 71
21 70
21 69
21 68
21 67
21 66
21 65
21 64
20 63
20 62
20 61
20 60
20 59
20 58
20 57
20 56
20 55
20 54
20 53
20 52
20 51
20 50
20 49
20 48
20 47
20 46
20 45
20 44
20 43
20 42
20 41
20 41
20 40
20 39
20 38
20 37
20 36
20 35
20 34
20 33
20 32
20 32
19 32
18 32
18 32
18 33
17 34
17 35
17 35
17 36
16 37
16 38
16 39
16 39
16 40
16 41
15 42
15 43
15 44
15 44
15 45
14 46
14 47
14 48
13 49
13 50
13 50
13 51
12 52
12 53
12 54
11 55
11 56
11 56
11 57
11 58
10 59
10 60
10 61
10 61
10 62
9 63
9 64
8 65
8 66
8 66
7 67
7 68
6 69
6 69
5 70
5 71
4 72
4 72
3 72
2 72
2 72
1 71
1 71
0 70
0 69
0 69
0 68
0 67
0 66
0 65
0 65
0 64
0 63
0 62
0 61
0 60
0 60
0 59
1 58
1 57
1 56
2 55
2 54
2 54
2 53
3 52
3 51
3 50
3 49
4 48
4 47
4 47
5 46
5 45
6 44
6 43
7 42
7 42
8 41
8 40
9 39
10 38
10 37
11 36
11 36
12 35
13 34
13 33
14 32
15 31
15 31
16 30
17 29
18 28
19 27
19 27
20 26
21 25
22 24
23 23
23 23
24 22
25 22
26 21
27 21
27 21
28 21
29 20
30 20
30 20
31 21
32 21
32 21
32 22
33 23
33 24
33 24
33 25
33 26
33 27
33 28
33 29
33 29
33 30
33 31
33 32
32 33
32 34
32 35
32 36
32 36
32 37
32 38
32 39
32 40
31 41
31 42
31 43
31 44
31 45
31 45
31 46
30 47
30 48
30 49
30 50
29 51
29 52
29 52
29 53
29 54
29 55
29 56
29 57
29 58
29 58
29 59
28 60
28 61
28 61
29 62
29 62
30 63
31 63
31 63
32 63
33 64
34 64
34 64
35 64
36 65
37 65
37 65
38 66
39 66
39 66
40 67
40 68
41 69
41 69
41 70
42 71
42 72
42 73
42 73
42 74
42 75
41 76
41 77
41 78
41 78
41 79
41 80
40 81
40 82
40 83
40 84
40 84
40 85
39 86
39 87
38 88
38 89
38 89
38 90
37 91
37 92
36 93
36 94
36 94
35 95
34 96
33 97
33 97
32 98
31 98
30 99
30 99
29 100
28 100
28 100
27 100
27 100
26 99
26 98
26 98
26 97
25 96
25 95
25 95
25 94
25 93
26 92
26 91
26 90
26 89
26 89
26 88
26 87
26 86
27 85
27 84
27 83
27 82
27 82
27 81
28 80
28 79
28 78
28 77
29 76
29 75
29 74
29 74
29 73
30 72
30 71
30 70
31 69
31 68
31 67
32 66
32 65
32 65
33 64
33 63
34 62
34 61
35 60
35 59
36 58
36 57
36 57
37 56
37 55
38 54
38 53
39 52
39 51
40 50
40 50
41 49
41 48
42 47
43 46
44 45
44 44
45 43
45 43
46 42
46 41
47 40
47 39
48 38
48 38
49 37
49 36
50 35
50 34
51 33
51 33
52 32
52 31
53 30
53 29
54 28
55 27
55 26
56 25
57 24
57 23
58 22
58 21
59 20
60 19
60 18
61 17
62 16
62 15
63 14
63 13
64 12
65 11
65 10
66 9
67 8
67 7
68 6
68 5
69 4
69 4
70 3
71 2
71 2
71 1
71 1
71 0
71 0
70 1
70 1
70 1
69 2
69 3
69 3
69 4
68 5
68 6
68 6
68 7
67 8
67 9
67 10
67 10
67 11
67 12
66 13
66 14
66 15
66 15
66 16
66 17
65 18
65 19
65 20
65 21
65 21
65 22
65 23
64 24
64 25
64 26
64 27
64 27
64 28
63 29
63 30
63 31
63 32
62 33
62 34
62 34
62 35
62 36
62 37
61 38
61 39
61 40
61 41
61 41
61 42
61 43
61 44
60 45
60 46
60 47
60 48
60 49
60 49
60 50
60 51
60 52
59 53
59 54
59 55
59 56
59 56
59 57
59 58
59 59
58 60
58 61
58 62
58 63
58 63
58 64
58 65
58 66
58 67
58 68
58 69
58 69
58 70
58 71
58 72
58 73
58 74
58 75
58 76
58 76
58 77
58 78
58 79
58 80
58 81
58 82
58 82
58 83
58 84
58 85
58 86
58 86
58 87
58 88
58 89
58 90
58 90
59 91
59 91
59 91
59 90
59 90
59 89
59 88
59 87
59 87
59 86
59 85
60 84
60 83
60 82
60 82
60 81
60 80
60 79
60 78
60 77
60 76
60 76
60 75
60 74
61 73
61 72
61 71
61 70
61 70
61 69
61 68
61 67
61 66
61 65
61 64
61 64
61 63
61 62
61 61
62 60
62 59
62 58
62 57
62 57
62 56
62 55
63 54
63 53
63 52
63 51
63 51
63 50
64 49
64 48
64 47
64 46
65 45
65 44
65 44
65 43
65 42
66 41
66 40
66 39
66 39
67 38
68 37
68 37
69 37
69 37
70 38
70 39
70 39
70 40
71 41
71 42
71 42
71 43
72 44
72 45
72 46
72 46
72 47
73 48
73 49
73 50
73 50
73 51
73 52
74 53
74 54
74 55
74 55
74 56
74 57
74 58
74 59
74 59
74 60
74 61
74 62
74 63
74 63
74 64
73 65
73 66
73 66
73 67
72 68
72 69
72 69
72 70
71 71
71 72
71 72
70 73
70 74
70 74
69 74
69 74
68 74
68 74
67 73
67 72
67 72
67 71
67 70
67 69
67 69
67 68
67 67
67 66
67 65
67 65
67 64
67 63
67 62
67 61
67 61
68 60
68 59
68 59
69 58
69 58
70 57
70 57
71 57
71 57
71 58
71 59
71 59
71 60
72 61
72 62
72 62
72 63
71 64
71 65
71 65
71 66
71 67
71 68
71 68
71 69
70 70
70 71
70 72
70 72
69 73
69 74
69 74
69 75
69 75
69 75
69 74
69 74
69 73
69 72
69 72
69 71
70 70
70 69
71 68
71 67
71 67
71 66
71 65
71 64
72 63
72 62
72 61
72 60
72 59
72 59
72 58
73 57
73 56
74 55
74 54
74 53
75 52
75 51
75 51
75 50
76 49
76 48
76 47
77 46
77 45
77 44
78 43
78 42
78 42
78 41
79 40
79 39
80 38
80 37
81 36
81 35
82 34
82 33
82 33
82 32
83 31
83 30
83 29
84 28
84 27
84 26
85 25
85 24
85 24
85 23
86 22
86 21
87 20
87 19
87 19
88 18
89 17
89 17
90 17
90 17
91 18
91 18
91 19
90 20
90 21
90 21
90 22
90 23
90 24
90 25
90 26
90 26
90 27
89 28
89 29
89 30
89 30
89 31
89 32
89 33
89 34
89 35
89 35
89 36
89 37
89 38
89 39
89 40
89 40
89 41
90 42
90 43
90 44
90 44
90 45
91 46
91 47
91 48
91 48
91 49
92 50
92 51
92 51
93 52
93 53
94 54
94 55
94 55
95 56
95 57
96 58
96 59
96 59
97 60
97 61
98 62
98 62
98 63
99 64
99 65
99 65
100 66
100 67
100 67
100 68
99 69
99 70
99 70
99 71
98 72
98 73
98 73
97 74
97 75
96 76
96 76
95 77
95 78
94 79
94 79
93 80
92 80
91 81
91 81
90 81
89 81
89 81
88 81
87 81
87 81
86 80
86 80
86 79
86 78
86 77
86 77
86 76
86 75
86 74
86 74
86 73
86 72
87 71
87 70
87 69
87 69
88 68
89 67
89 66
90 65
90 65
91 64
91 63
92 62
92 61
