0 28
0 27
0 26
0 25
0 25
0 24
0 24
0 24
0 24
0 24
0 25
0 25
1 26
1 27
1 27
1 28
2 29
2 30
2 30
2 31
2 32
3 33
3 34
3 35
3 36
3 36
3 37
4 38
4 39
4 40
4 41
5 42
5 43
5 44
5 44
5 45
5 46
5 47
6 48
6 49
6 50
6 51
6 52
6 52
6 53
6 54
6 55
6 56
7 57
7 58
7 59
7 60
7 61
7 61
7 62
7 63
7 64
7 65
8 66
8 67
8 68
8 69
8 70
8 70
8 71
9 72
9 73
9 74
10 75
10 76
10 76
10 77
10 78
11 79
11 80
11 81
11 82
11 82
11 83
11 84
12 85
12 86
12 87
12 87
12 88
13 89
13 90
13 90
13 91
14 92
14 93
14 93
15 94
15 94
16 94
16 94
16 93
16 92
16 92
16 91
16 90
16 89
16 88
16 88
16 87
16 86
16 85
16 84
16 83
16 82
16 81
16 80
16 79
16 78
15 77
15 76
15 75
15 74
15 73
15 72
15 71
15 70
15 69
15 68
15 67
15 66
15 65
15 64
15 63
15 62
15 61
15 60
15 59
15 58
15 57
15 56
14 55
14 54
14 53
14 52
14 51
14 50
14 49
14 48
14 47
14 46
14 45
14 45
14 44
14 43
14 42
14 41
14 40
14 39
14 38
14 37
14 37
14 36
14 36
14 36
14 36
14 37
14 38
14 38
14 39
14 40
14 41
14 41
14 42
14 43
14 44
14 45
14 46
14 46
14 47
14 48
14 49
14 50
14 51
14 52
14 53
14 53
14 54
14 55
14 56
14 57
14 58
14 59
14 60
14 60
14 61
14 62
14 63
14 64
14 65
14 66
14 67
14 68
14 68
14 69
14 70
14 71
13 72
13 73
13 74
13 75
13 75
13 76
13 77
12 78
12 79
12 80
12 81
12 81
12 82
12 83
11 84
11 85
11 86
11 87
11 87
11 88
11 89
10 90
10 91
10 92
10 93
10 93
10 94
9 95
9 96
9 97
9 97
8 98
7 99
7 99
7 100
7 100
6 100
6 100
5 99
5 99
5 98
4 97
4 96
4 95
4 95
4 94
4 93
4 92
4 91
4 90
4 89
4 89
4 88
4 87
4 86
4 85
4 84
4 83
4 82
4 81
4 81
4 80
4 79
4 78
4 77
5 76
5 75
5 74
5 73
5 72
5 72
5 71
5 70
5 69
5 68
6 67
6 66
6 65
6 64
6 63
6 63
6 62
6 61
7 60
7 59
7 58
7 57
7 56
8 55
8 54
8 53
8 53
8 52
8 51
9 50
9 49
9 48
9 47
10 46
10 45
10 44
10 44
10 43
11 42
11 41
11 40
11 39
12 38
12 37
12 36
12 36
12 35
13 34
13 33
13 32
14 31
14 30
14 30
14 29
15 28
15 27
16 26
16 25
16 25
17 24
17 23
18 22
18 21
19 20
19 20
20 19
20 18
21 17
21 16
21 16
22 15
23 14
23 14
24 13
24 13
25 13
26 13
26 13
27 14
27 14
27 15
28 16
28 17
28 18
28 18
28 19
29 20
29 21
29 22
29 22
29 23
29 24
29 25
29 26
29 26
29 27
29 28
30 29
30 30
30 31
30 31
30 32
31 33
31 34
31 35
31 35
31 36
32 37
32 38
32 39
32 39
32 40
33 41
33 42
33 43
33 43
34 44
34 45
35 46
35 47
35 47
35 48
36 49
36 50
36 51
36 51
37 52
37 53
38 54
38 54
39 55
39 56
40 57
40 57
41 58
41 59
42 60
42 61
42 61
43 62
43 63
44 64
44 65
44 65
44 66
45 67
45 68
45 69
45 69
45 70
46 71
46 72
46 72
46 73
47 74
47 75
47 76
47 76
47 77
47 78
47 79
47 80
47 80
47 81
47 82
47 83
47 84
47 84
47 85
46 86
46 87
46 87
46 88
45 89
45 90
45 90
44 91
44 92
44 92
43 93
42 93
42 93
41 94
40 94
40 94
39 93
38 93
38 93
37 92
37 92
36 91
35 90
35 90
34 89
34 88
34 88
34 87
34 86
34 85
34 85
34 84
33 83
33 82
33 82
33 81
33 80
33 79
33 78
33 78
33 77
33 76
34 75
34 74
34 73
34 73
34 72
35 71
35 70
35 69
36 68
36 67
36 67
36 66
37 65
37 64
37 63
38 62
38 61
38 61
38 60
39 59
39 58
39 57
40 56
40 55
40 55
41 54
41 53
42 52
42 51
43 50
43 50
44 49
44 48
45 47
45 46
45 46
46 45
46 44
47 43
47 42
47 42
48 41
48 40
49 39
49 38
49 38
50 37
50 36
51 35
51 35
52 34
52 33
52 33
53 32
54 31
54 31
55 30
55 29
56 28
56 27
57 26
57 25
58 24
58 23
59 22
59 21
60 20
60 19
61 18
61 17
62 16
62 15
63 14
63 13
64 12
64 11
65 10
65 9
66 8
66 7
67 6
67 6
67 5
68 4
68 3
68 2
68 2
68 1
68 1
68 0
68 0
68 0
67 0
67 0
67 1
67 2
67 2
66 3
66 3
66 4
65 5
65 6
65 6
64 7
64 8
63 9
63 9
63 10
63 11
63 12
63 13
63 13
63 14
62 15
62 16
62 17
62 17
62 18
62 19
62 20
62 21
62 22
62 22
62 23
62 24
61 25
61 26
61 27
61 27
61 28
61 29
61 30
61 31
61 32
61 32
61 33
61 34
62 35
62 36
62 37
62 38
62 38
62 39
62 40
62 41
62 42
62 43
62 44
62 44
62 45
62 46
62 47
62 48
62 49
62 50
62 51
62 51
62 52
62 53
62 54
63 55
63 56
63 57
63 58
63 58
63 59
63 60
63 61
63 62
63 63
63 64
63 64
63 65
63 66
63 67
63 68
63 69
63 69
63 70
64 71
64 72
64 72
64 73
64 74
64 75
64 75
64 76
64 77
64 77
64 77
64 77
64 76
64 75
64 75
64 74
64 73
64 72
64 71
64 71
64 70
64 69
64 68
64 67
64 66
64 66
64 65
64 64
64 63
64 62
64 61
64 60
64 59
64 58
64 58
64 57
64 56
64 55
64 54
64 53
64 52
64 51
64 51
64 50
64 49
64 48
64 47
64 46
64 46
64 45
65 44
65 43
65 42
65 42
65 41
66 40
66 39
66 39
66 38
66 37
66 37
67 36
67 36
67 36
67 36
68 37
68 37
68 38
68 39
68 40
68 40
68 41
69 42
69 43
69 43
69 44
69 45
69 46
69 47
69 47
69 48
69 49
69 50
69 51
69 51
69 52
69 53
69 54
69 55
69 55
69 56
69 57
69 58
69 59
69 59
69 60
69 61
69 62
69 62
69 63
69 64
69 65
69 65
69 66
69 66
68 67
68 68
68 68
68 68
67 69
67 69
67 68
67 68
67 67
67 67
67 66
67 66
67 65
67 64
67 63
67 62
67 62
67 61
67 60
68 59
68 58
68 57
68 57
68 56
68 55
68 54
68 53
68 52
68 52
68 51
69 50
69 49
69 48
69 47
70 46
70 45
70 45
70 44
70 43
70 42
71 41
71 40
71 39
71 38
71 38
71 37
71 36
72 35
72 34
72 33
72 32
73 31
73 30
73 29
73 29
73 28
73 27
73 26
74 25
74 24
74 23
74 22
74 22
74 21
75 20
75 19
75 18
76 17
76 16
76 16
76 15
77 14
77 13
78 12
78 11
78 11
78 10
79 9
79 8
79 7
79 7
80 6
80 5
80 5
80 4
80 3
80 3
81 2
81 2
81 2
81 3
81 3
82 4
82 5
82 5
82 6
81 7
81 8
81 8
81 9
81 10
81 11
81 12
81 12
81 13
81 14
81 15
81 15
81 16
81 17
81 18
81 19
81 19
81 20
82 21
82 22
82 23
82 23
82 24
82 25
82 26
82 26
83 27
83 28
83 28
84 29
84 30
85 31
85 31
86 32
86 33
86 33
87 34
88 34
88 34
89 35
90 36
90 36
91 37
91 38
92 39
92 39
93 40
93 41
94 42
94 42
95 43
95 44
96 45
96 45
96 46
97 47
97 48
97 48
97 49
98 50
98 51
98 52
98 52
98 53
99 54
99 55
99 56
99 56
99 57
100 58
100 59
100 60
100 60
100 61
100 62
99 63
99 64
99 65
99 65
99 66
98 67
98 68
98 68
98 69
97 70
97 71
97 71
96 72
96 73
96 73
95 74
94 74
94 74
93 75
92 75
92 75
91 74
90 73
90 73
90 72
90 71
90 70
90 70
90 69
89 68
89 67
89 66
89 66
89 65
89 64
89 63
89 62
89 61
89 61
89 60
89 59
90 58
90 57
90 56
90 55
90 55
90 54
91 53
91 52
91 51
92 50
92 49
92 49
92 48
93 47
93 46
93 45
94 44
94 43
94 43
94 42
95 41
95 40
96 39
96 38
96 37
97 36
97 35
