8 4
8 3
9 2
9 1
9 1
9 0
9 0
10 1
10 1
10 1
10 2
10 2
10 3
10 4
10 4
10 5
10 6
10 7
10 7
10 8
10 9
10 10
10 11
10 11
10 12
9 13
9 14
9 15
9 15
9 16
9 17
9 18
9 19
9 20
9 20
9 21
9 22
9 23
9 24
9 25
9 26
9 26
9 27
9 28
9 29
9 30
9 31
9 32
9 32
9 33
9 34
9 35
9 36
9 37
9 38
9 39
9 39
9 40
9 41
9 42
9 43
9 44
9 45
9 46
9 47
9 48
9 48
9 49
9 50
9 51
9 52
9 53
9 54
9 55
9 55
9 56
9 57
9 58
10 59
10 60
10 61
10 62
10 63
10 63
10 64
10 65
10 66
10 67
10 68
10 69
10 70
10 70
10 71
10 72
10 73
11 74
11 75
11 76
11 77
11 77
11 78
12 79
12 80
13 81
13 82
13 82
13 83
13 84
14 85
14 86
14 87
14 87
14 88
15 89
15 90
15 91
15 91
16 92
16 93
17 94
17 95
17 95
17 96
18 97
18 98
18 98
19 99
19 100
19 100
20 100
20 100
21 100
21 100
22 99
22 99
23 98
23 97
23 97
23 96
23 95
23 95
23 94
24 93
24 92
24 91
24 91
24 90
24 89
24 88
23 87
23 86
23 85
23 84
23 83
23 82
22 81
22 80
22 79
22 78
22 77
22 76
21 75
21 74
21 73
21 72
21 71
21 70
21 69
20 68
20 67
20 66
20 65
20 64
20 63
19 62
19 61
19 60
19 59
19 59
19 58
19 57
19 56
19 55
19 54
19 53
19 53
19 52
19 51
19 51
19 51
19 51
19 51
19 51
19 52
19 53
19 53
20 54
20 55
20 55
20 56
20 57
20 58
20 58
20 59
20 60
20 61
20 62
20 62
20 63
20 64
19 65
19 66
19 67
19 67
19 68
19 69
19 70
19 71
19 72
19 72
19 73
18 74
18 75
18 76
18 76
18 77
18 78
17 79
17 80
17 81
17 81
16 82
16 83
15 84
15 85
15 85
15 86
14 87
14 88
14 88
13 89
13 90
12 91
12 92
12 92
11 93
11 94
11 94
10 95
10 96
9 97
9 97
8 98
7 98
7 98
6 98
5 98
5 98
4 97
3 97
3 97
2 96
2 95
2 95
2 94
1 93
1 92
1 92
1 91
0 90
0 89
0 89
0 88
0 87
0 86
0 85
0 85
0 84
0 83
0 82
0 81
0 81
0 80
0 79
0 78
0 77
0 76
0 76
0 75
0 74
0 73
0 72
0 71
0 71
0 70
1 69
1 68
1 67
1 67
1 66
2 65
2 64
3 63
3 62
3 62
3 61
4 60
4 59
5 58
5 57
5 57
5 56
6 55
6 54
7 53
7 52
7 52
8 51
8 50
9 49
9 48
10 47
10 46
10 46
11 45
11 44
12 43
12 42
13 41
13 41
14 40
15 39
15 38
16 37
17 36
17 36
18 35
18 34
19 33
19 32
20 31
20 31
21 30
22 29
22 28
23 27
23 27
24 26
25 26
26 25
26 25
27 25
28 24
29 24
29 24
30 24
31 24
31 24
32 25
32 25
33 26
34 27
34 27
34 28
35 29
35 30
35 30
35 31
35 32
35 33
35 34
35 34
35 35
35 36
35 37
35 38
35 38
35 39
35 40
35 41
35 42
35 43
35 43
35 44
34 45
34 46
34 47
34 47
34 48
34 49
34 50
34 51
34 52
34 52
34 53
34 54
34 55
34 55
34 56
34 57
34 57
34 58
35 59
35 60
35 60
36 61
36 62
36 62
37 63
37 64
37 64
38 65
38 66
38 66
39 67
39 68
39 68
40 69
40 69
41 70
41 71
41 71
42 72
42 73
42 73
42 74
42 75
42 76
42 76
42 77
42 78
42 78
42 79
41 80
41 81
41 81
40 82
40 83
40 83
39 84
39 85
38 86
38 86
37 87
37 88
37 88
36 89
35 89
35 89
34 89
34 89
33 88
33 88
32 87
32 86
32 86
32 85
32 84
32 84
32 83
33 82
33 81
33 80
33 80
33 79
34 78
34 77
34 77
35 76
35 75
36 74
36 73
36 73
37 72
37 71
38 70
38 69
38 69
39 68
39 67
40 66
40 65
40 65
41 64
42 63
42 62
43 61
43 61
44 60
44 59
45 58
45 57
45 57
46 56
47 55
48 54
48 54
49 53
50 52
50 51
51 50
51 50
52 49
52 48
53 47
53 46
54 45
54 44
55 43
55 42
56 41
56 40
57 39
57 38
58 37
58 36
59 35
59 34
60 33
60 32
61 31
61 30
62 29
62 28
63 27
63 26
64 25
64 24
65 23
65 22
65 22
65 21
65 20
65 19
65 18
65 18
65 17
65 16
65 16
64 15
64 15
63 15
63 15
63 14
63 14
63 14
62 14
62 14
62 14
62 14
62 14
62 14
62 14
63 14
63 14
63 14
63 14
64 15
64 15
64 15
65 16
65 16
65 17
65 17
66 18
66 18
67 19
67 20
67 20
67 21
67 22
67 23
67 23
68 24
68 25
68 25
68 26
68 27
68 28
68 28
68 29
68 30
68 31
68 32
68 33
68 33
68 34
68 35
68 36
68 37
68 38
68 39
68 39
68 40
68 41
68 42
68 43
68 44
68 44
68 45
68 46
68 47
68 48
68 49
68 50
68 50
68 51
68 52
68 53
68 54
68 55
68 56
68 56
68 57
68 58
67 59
67 60
67 61
67 61
67 62
67 63
67 64
67 65
67 66
67 67
67 67
67 68
67 69
67 70
67 71
67 72
67 72
67 73
67 74
67 75
67 76
67 77
67 77
67 78
67 79
67 80
67 81
67 81
67 82
67 83
67 83
67 84
67 85
67 85
67 86
67 86
68 86
68 86
68 86
68 85
68 84
68 84
68 83
68 82
68 81
68 81
68 80
69 79
69 78
69 77
69 77
69 76
69 75
69 74
69 73
69 73
69 72
69 71
70 70
70 69
70 68
70 68
70 67
71 66
71 65
71 64
71 64
71 63
71 62
71 61
71 60
71 60
71 59
72 58
72 57
72 57
73 56
73 55
73 55
73 54
73 53
73 53
74 52
74 52
74 52
75 52
75 52
75 53
75 53
76 54
76 55
76 55
76 56
76 57
76 57
76 58
77 59
77 60
77 60
77 61
77 62
77 63
77 63
77 64
76 65
76 66
76 66
76 67
76 68
76 68
76 69
75 70
75 71
75 71
75 72
75 73
75 73
74 74
74 74
73 75
73 75
73 76
73 76
72 77
72 77
72 76
72 76
72 76
72 75
72 74
72 74
72 73
72 72
72 72
73 71
73 70
73 70
74 69
74 68
75 67
75 67
75 66
76 65
76 64
76 63
76 63
77 62
77 61
78 60
78 59
78 59
78 58
79 57
79 56
79 55
79 55
79 54
80 53
80 52
81 51
81 50
81 50
81 49
82 48
82 47
83 46
83 45
83 45
84 44
84 43
85 42
85 41
85 41
85 40
86 39
86 38
87 37
87 36
87 36
87 35
87 34
88 33
88 32
88 31
88 31
88 30
89 29
89 28
89 27
89 27
89 26
90 25
90 24
90 24
91 23
91 22
91 22
91 21
91 20
91 20
92 20
92 20
92 20
92 21
92 21
92 22
92 22
91 23
91 24
91 24
91 25
91 26
91 27
91 27
91 28
91 29
91 30
91 30
91 31
90 32
90 33
90 34
90 34
90 35
90 36
90 37
90 37
90 38
90 39
90 40
90 41
90 41
91 42
91 43
91 43
92 44
92 45
92 45
92 46
92 47
92 47
93 48
93 49
93 49
94 50
94 51
94 51
95 52
95 53
95 53
96 54
96 55
96 55
97 56
97 57
97 57
98 58
98 59
98 59
98 60
99 61
99 62
99 62
99 63
99 64
99 65
99 65
99 66
100 67
100 68
100 68
100 69
99 70
99 71
99 72
99 72
99 73
99 74
99 75
99 76
99 76
99 77
98 78
98 79
98 80
98 80
98 81
97 82
97 83
97 83
97 84
96 85
96 86
96 86
95 87
95 88
95 88
94 89
93 90
93 90
92 91
91 91
91 91
90 92
89 92
89 92
88 91
87 91
87 91
86 90
86 89
86 89
86 88
85 87
85 86
85 86
85 85
85 84
85 83
85 83
85 82
86 81
86 80
86 80
86 79
87 78
87 77
87 76
87 76
88 75
88 74
89 73
89 72
89 72
90 71
90 70
91 69
91 69
92 68
92 67
93 66
93 65
