8 6
8 5
9 4
9 3
9 3
9 2
9 2
9 2
9 2
9 3
9 3
8 4
8 5
8 5
8 6
8 7
8 8
8 9
8 9
8 10
8 11
8 12
8 13
8 14
8 14
8 15
8 16
7 17
7 18
7 19
7 20
7 20
7 21
7 22
7 23
7 24
7 25
7 26
7 27
7 27
7 28
7 29
7 30
6 31
6 32
6 33
6 34
6 35
6 35
6 36
6 37
6 38
6 39
6 40
6 41
6 42
6 43
6 43
6 44
6 45
6 46
5 47
5 48
5 49
5 50
5 51
5 51
5 52
5 53
5 54
5 55
5 56
5 57
5 58
5 58
5 59
5 60
5 61
6 62
6 63
6 64
6 65
6 65
6 66
6 67
6 68
6 69
6 70
6 71
6 71
6 72
6 73
7 74
7 75
7 76
7 76
7 77
8 78
8 79
8 79
8 80
9 81
9 82
9 82
10 83
10 84
11 85
11 85
12 86
13 87
13 87
14 88
15 88
15 88
16 88
17 88
17 88
18 87
19 87
19 87
19 86
19 85
20 84
20 83
20 82
20 81
20 80
21 79
21 78
21 77
21 76
22 75
22 74
22 73
22 72
22 71
23 70
23 69
23 68
23 67
23 66
24 65
24 64
24 63
24 62
24 61
25 60
25 59
25 58
25 57
26 56
26 55
26 54
26 53
26 52
27 51
27 50
27 49
27 49
27 48
27 47
27 46
27 45
27 44
26 43
26 42
26 41
26 40
26 39
26 38
26 38
26 37
25 36
25 35
25 35
25 34
24 33
24 32
24 32
23 32
23 32
22 33
22 34
21 35
21 35
21 36
20 37
20 38
20 38
20 39
19 40
19 41
19 42
18 43
18 44
18 44
18 45
17 46
17 47
16 48
16 49
16 49
16 50
15 51
15 52
15 53
14 54
14 55
14 55
13 56
13 57
12 58
12 59
11 60
11 61
11 61
10 62
10 63
9 64
9 65
8 66
8 67
8 67
8 68
7 69
7 70
6 71
6 72
6 72
5 73
4 74
4 75
3 76
3 76
2 77
1 78
1 78
0 78
0 78
0 77
0 77
0 76
0 75
0 74
0 73
0 73
0 72
0 71
1 70
1 69
1 68
1 67
1 67
1 66
2 65
2 64
2 63
2 62
3 61
3 60
3 59
3 59
3 58
4 57
4 56
4 55
5 54
5 53
5 52
6 51
6 50
6 50
6 49
7 48
7 47
8 46
8 45
8 44
9 43
9 42
10 41
10 40
10 40
10 39
11 38
11 37
12 36
12 35
13 34
13 33
14 32
14 31
14 31
15 30
15 29
16 28
17 27
17 26
18 25
18 24
19 23
19 23
20 22
20 21
21 20
21 19
22 18
22 17
23 16
23 16
24 15
24 14
25 13
26 12
26 11
27 10
27 10
28 9
29 8
30 8
31 7
31 7
32 6
33 6
33 6
34 7
35 8
35 8
36 9
36 10
36 10
36 11
36 12
36 13
36 14
36 15
36 15
36 16
36 17
36 18
36 19
36 20
36 20
36 21
36 22
36 23
35 24
35 25
35 26
35 27
35 27
35 28
35 29
34 30
34 31
34 32
34 33
34 33
34 34
34 35
33 36
33 37
33 38
33 38
33 39
33 40
33 41
33 42
33 43
33 43
33 44
33 45
33 46
33 46
34 47
34 48
34 48
35 49
36 50
36 50
37 51
38 51
38 51
39 51
40 52
41 52
41 52
42 53
43 53
43 53
44 54
45 55
45 55
46 56
46 57
47 58
47 59
47 59
47 60
47 61
47 62
47 63
47 64
47 64
47 65
47 66
47 67
47 68
47 69
47 70
47 70
47 71
47 72
46 73
46 74
46 75
46 76
46 76
46 77
45 78
45 79
44 80
44 81
44 81
44 82
43 83
43 84
42 85
42 86
42 86
42 87
41 88
41 89
40 90
40 91
40 91
40 92
39 93
39 94
38 95
38 96
38 96
37 97
37 98
36 99
36 99
35 100
34 100
34 100
33 100
33 100
32 99
32 99
32 98
32 97
32 96
32 95
32 95
32 94
32 93
33 92
33 91
33 90
33 89
33 89
33 88
33 87
33 86
34 85
34 84
34 83
34 82
34 81
34 81
34 80
35 79
35 78
35 77
35 76
36 75
36 74
36 73
36 73
36 72
37 71
37 70
37 69
38 68
38 67
38 66
39 65
39 64
39 64
39 63
40 62
40 61
41 60
41 59
41 58
42 57
42 56
42 56
42 55
43 54
43 53
44 52
44 51
44 50
45 49
45 48
45 48
46 47
46 46
47 45
47 44
48 43
48 42
49 41
49 41
49 40
49 39
50 38
50 37
50 36
50 35
50 34
51 33
51 32
51 31
51 30
51 29
52 28
52 27
52 26
52 25
52 24
53 23
53 22
53 21
53 20
53 19
53 18
54 17
54 16
54 15
54 14
54 13
55 12
55 11
55 10
55 9
55 8
56 7
56 6
56 5
56 4
56 3
57 2
57 1
57 0
57 0
58 1
58 1
58 1
59 1
59 1
59 2
59 2
60 3
60 3
61 4
61 5
61 5
62 6
62 7
62 7
62 8
62 9
62 10
62 11
62 11
62 12
63 13
63 14
63 15
63 15
63 16
63 17
63 18
63 19
63 20
63 20
63 21
63 22
63 23
63 24
63 25
63 25
63 26
63 27
63 28
63 29
63 30
63 31
63 31
63 32
63 33
63 34
63 35
63 36
63 37
63 38
63 38
63 39
63 40
63 41
62 42
62 43
62 44
62 45
62 46
62 46
62 47
62 48
62 49
62 50
62 51
62 52
62 53
62 53
62 54
62 55
62 56
61 57
61 58
61 59
61 60
61 60
61 61
61 62
61 63
61 64
61 65
61 66
61 67
61 68
61 68
61 69
61 70
61 71
60 72
60 73
60 74
60 75
60 75
60 76
60 77
60 78
60 79
60 80
60 80
60 81
60 82
60 83
60 84
60 85
60 85
60 86
59 87
59 88
59 88
59 89
59 90
59 90
59 90
59 89
59 89
59 88
60 87
60 86
60 86
60 85
60 84
60 83
60 82
60 82
60 81
60 80
60 79
61 78
61 77
61 76
61 75
61 75
61 74
61 73
61 72
62 71
62 70
62 69
62 68
62 67
62 67
62 66
62 65
63 64
63 63
63 62
63 61
64 60
64 59
64 58
64 58
64 57
64 56
64 55
65 54
65 53
65 52
65 51
65 50
65 50
65 49
66 48
66 47
66 46
67 45
67 44
67 44
67 43
68 42
68 41
68 40
69 39
69 38
69 38
69 37
70 36
70 35
70 35
71 34
72 33
72 33
73 34
73 34
74 35
74 36
74 36
74 37
75 38
75 39
75 40
75 40
75 41
75 42
76 43
76 44
76 45
76 45
76 46
76 47
76 48
76 49
76 50
76 50
76 51
76 52
76 53
76 54
76 55
76 55
76 56
76 57
75 58
75 59
75 60
75 61
75 61
75 62
75 63
74 64
74 65
74 66
74 66
74 67
73 68
73 69
73 70
72 71
72 72
72 72
72 73
72 74
71 75
71 76
71 77
71 77
70 78
70 79
69 80
69 81
69 81
69 82
68 83
68 84
68 84
67 85
66 86
66 86
65 87
65 87
65 87
65 86
64 85
64 84
64 84
64 83
64 82
64 81
64 80
64 79
64 79
64 78
64 77
64 76
65 75
65 74
65 73
65 72
65 72
65 71
65 70
65 69
66 68
66 67
66 66
66 65
66 64
66 64
66 63
66 62
67 61
67 60
67 59
67 58
68 57
68 56
68 55
68 55
68 54
68 53
68 52
69 51
69 50
69 49
69 48
69 47
69 47
69 46
70 45
70 44
70 43
70 42
71 41
71 40
71 39
71 39
71 38
72 37
72 36
72 35
73 34
73 33
73 32
74 31
74 30
74 30
74 29
75 28
75 27
75 26
75 25
76 24
76 23
76 22
76 22
76 21
77 20
77 19
78 18
78 17
79 16
79 15
79 15
80 14
80 13
81 12
82 11
82 10
83 9
83 9
84 8
84 7
85 6
85 5
86 4
86 4
87 3
88 2
88 2
89 2
90 2
90 2
91 3
91 4
91 4
91 5
91 6
92 7
92 8
92 9
92 9
92 10
92 11
92 12
91 13
91 14
91 15
91 16
91 16
91 17
91 18
91 19
90 20
90 21
90 22
90 23
90 24
90 24
90 25
90 26
90 27
89 28
89 29
89 30
89 31
89 32
89 32
89 33
89 34
88 35
88 36
88 37
88 38
88 38
88 39
88 40
87 41
87 42
87 43
87 43
87 44
87 45
87 46
87 47
87 47
87 48
87 49
87 49
88 50
89 50
89 50
90 51
91 51
91 51
92 52
93 52
94 53
94 53
95 54
95 55
96 56
96 56
97 57
97 58
98 59
98 60
98 60
98 61
98 62
99 63
99 64
99 65
99 65
99 66
99 67
100 68
100 69
100 70
100 70
100 71
100 72
99 73
99 74
99 75
99 76
99 76
99 77
98 78
98 79
98 80
98 80
98 81
98 82
97 83
97 84
97 85
97 85
96 86
95 87
95 88
94 89
94 89
93 90
93 91
92 92
92 93
92 93
91 94
90 95
89 96
89 96
88 97
87 98
87 98
86 99
85 99
85 99
84 99
83 99
83 99
82 98
82 98
82 97
82 96
82 95
82 95
82 94
82 93
82 92
82 91
82 91
82 90
83 89
83 88
83 87
84 86
84 85
84 85
84 84
85 83
85 82
85 81
85 80
86 79
86 78
86 78
87 77
87 76
88 75
88 74
89 73
89 72
89 72
89 71
90 70
90 69
91 68
91 67
92 66
92 65
92 65
93 64
93 63
94 62
94 61
95 60
