0 73
0 72
0 71
0 70
0 69
0 68
0 68
0 67
0 67
0 67
0 68
0 69
0 70
0 70
0 71
1 72
1 73
1 74
1 74
1 75
1 76
2 77
2 78
2 79
2 79
2 80
2 81
2 82
2 83
2 84
2 85
2 85
2 86
2 87
3 88
3 89
3 90
3 91
3 91
3 92
3 93
3 94
3 95
3 96
3 96
3 97
4 98
4 99
4 99
4 100
4 100
4 100
5 99
5 99
5 98
5 97
5 96
5 95
5 95
5 94
5 93
5 92
6 91
6 90
6 89
6 88
6 88
6 87
6 86
6 85
7 84
7 83
7 82
7 81
7 80
7 80
7 79
7 78
7 77
8 76
8 75
8 74
8 73
8 73
8 72
8 71
8 70
9 69
9 68
9 67
9 66
9 66
9 65
10 64
10 63
10 62
10 62
10 62
11 63
11 63
11 64
11 65
11 66
11 67
11 67
11 68
11 69
12 70
12 71
12 72
12 73
12 73
12 74
12 75
12 76
12 77
12 78
12 79
12 80
12 81
12 81
12 82
12 83
12 84
13 85
13 86
13 87
13 88
13 89
13 89
13 90
13 91
13 92
13 93
13 94
13 94
13 95
13 96
13 97
13 97
14 98
14 99
14 99
14 99
15 98
15 97
15 97
15 96
16 95
16 94
16 93
16 93
16 92
16 91
17 90
17 89
17 88
17 87
17 87
17 86
18 85
18 84
18 83
18 82
19 81
19 80
19 80
19 79
19 78
20 77
20 76
20 75
20 74
20 74
20 73
21 72
21 71
21 70
21 70
21 69
22 68
22 67
22 67
22 66
23 65
23 64
23 64
24 63
24 62
25 61
25 61
26 60
26 60
26 59
26 59
27 59
27 59
27 60
27 61
27 61
27 62
27 63
27 64
27 64
27 65
27 66
27 67
27 68
27 68
27 69
27 70
27 71
27 72
27 73
27 73
27 74
27 75
28 76
28 77
28 78
28 78
28 79
28 80
28 81
28 82
28 83
28 84
28 84
28 85
28 86
28 87
28 88
28 88
28 89
28 90
28 91
28 92
28 92
28 93
28 94
28 95
28 95
28 96
28 96
28 95
28 94
28 93
28 92
28 91
28 90
28 89
28 88
28 87
28 86
28 85
28 84
28 83
28 82
28 81
28 80
28 79
28 78
28 77
28 76
28 75
28 74
28 73
27 72
27 71
27 70
27 69
27 68
27 67
27 66
27 65
27 64
27 63
27 62
27 61
27 60
27 59
27 58
27 57
27 56
27 55
27 54
27 53
27 52
27 51
27 50
27 49
27 49
27 48
27 47
27 46
27 45
27 44
27 43
27 42
27 41
27 40
27 39
27 38
27 37
27 36
27 35
27 34
27 34
27 33
27 32
26 31
26 30
26 29
26 28
26 28
26 27
26 27
26 27
26 28
26 28
26 29
27 30
27 31
27 32
27 32
27 33
27 34
27 35
27 36
27 36
27 37
27 38
28 39
28 40
28 41
28 41
28 42
28 43
28 44
28 45
28 46
28 46
29 46
30 46
31 46
32 46
33 46
34 47
35 47
36 47
37 47
38 47
39 47
40 47
40 47
40 48
41 49
41 50
41 50
41 51
40 52
40 53
40 54
40 54
40 55
40 56
40 57
40 58
40 58
40 59
39 60
39 61
39 62
39 62
39 63
39 64
39 65
39 66
39 66
39 67
39 68
39 69
39 69
39 70
39 71
39 71
39 72
40 73
40 74
40 74
41 75
42 76
42 76
42 77
43 78
43 79
43 79
44 80
44 81
44 81
45 82
45 83
45 83
45 84
46 85
46 86
46 86
46 87
46 88
46 89
46 89
45 90
45 91
45 91
44 92
44 93
44 93
43 94
42 95
42 95
41 96
41 96
40 95
39 95
39 95
38 94
37 94
37 94
37 93
37 92
37 91
37 90
37 90
37 89
37 88
37 87
36 86
36 85
36 84
36 83
36 83
36 82
36 81
36 80
36 79
37 78
37 77
37 76
37 75
37 74
37 74
37 73
37 72
37 71
38 70
38 69
38 68
38 67
38 66
38 65
39 64
39 63
39 62
39 61
39 60
39 59
39 58
40 57
40 56
40 55
40 54
40 53
40 52
40 51
41 50
41 49
41 48
41 47
41 46
41 45
42 44
42 43
42 42
42 41
42 40
42 39
42 38
43 37
43 36
43 35
43 34
43 33
43 32
44 31
44 30
44 29
44 28
44 27
44 26
44 25
45 24
45 23
45 22
45 21
45 20
45 19
45 18
46 17
46 16
46 15
46 14
46 13
46 12
47 11
47 10
47 9
47 8
47 8
48 7
48 6
49 5
49 4
50 3
50 2
51 1
51 1
52 1
53 1
53 1
53 2
54 3
54 4
54 4
54 5
54 6
54 7
55 8
55 9
55 10
55 11
55 12
55 12
55 13
55 14
55 15
55 16
55 17
55 18
55 19
55 20
55 21
55 21
55 22
55 23
55 24
55 25
55 26
55 27
55 28
55 29
55 30
55 31
55 31
55 32
55 33
55 34
55 35
55 36
55 37
55 38
55 39
55 40
55 41
55 42
55 42
55 43
55 44
55 45
55 46
55 47
55 48
55 49
55 50
55 51
55 52
55 53
55 53
55 54
55 55
55 56
55 57
55 58
55 59
55 60
55 61
55 62
55 62
55 63
55 64
54 65
54 66
54 67
54 68
54 68
54 69
54 70
54 71
54 72
54 72
54 73
54 73
55 73
55 73
55 72
55 72
55 71
56 70
56 69
56 68
56 68
56 67
57 66
57 65
57 64
58 63
58 62
58 62
58 61
58 60
58 59
59 58
59 57
59 56
59 55
59 55
59 54
60 53
60 52
61 51
61 50
61 50
62 49
62 48
62 48
63 48
63 48
63 49
63 50
63 51
63 51
63 52
63 53
64 54
64 55
64 56
64 56
64 57
64 58
64 59
64 60
64 61
64 62
64 63
64 63
64 64
64 65
64 66
63 67
63 68
63 69
63 70
63 70
63 71
63 72
63 73
63 74
63 75
63 76
63 76
63 77
63 78
63 79
64 80
64 81
64 82
64 83
64 83
64 84
64 85
64 86
64 87
64 87
64 88
65 89
65 90
65 90
66 91
66 91
67 90
67 89
67 89
68 88
68 87
69 86
69 86
69 85
70 84
70 83
71 82
71 81
71 81
71 80
71 79
72 78
72 77
72 76
72 75
72 75
72 74
73 73
73 72
73 71
73 70
74 69
74 68
74 68
74 67
74 66
74 65
75 64
75 63
75 62
75 61
75 61
75 60
75 59
75 58
76 57
76 56
76 55
76 54
76 54
76 53
76 52
76 51
76 50
76 49
76 48
76 47
76 47
76 46
76 45
76 44
76 44
76 43
76 43
75 44
75 44
75 45
74 46
74 47
74 47
74 48
74 49
73 50
73 51
73 52
73 52
73 53
73 54
73 55
72 56
72 57
72 58
72 59
72 59
72 60
72 61
72 62
72 63
72 64
72 64
72 65
72 66
72 67
72 68
72 69
72 69
72 70
72 71
72 72
72 72
73 73
73 74
73 74
74 75
74 76
74 76
75 76
75 76
76 75
77 75
77 75
78 74
79 73
80 72
80 72
80 71
81 70
81 69
82 68
82 67
82 67
82 66
83 65
83 64
84 63
84 62
85 61
85 60
85 60
85 59
86 58
86 57
87 56
87 55
87 54
88 53
88 52
88 52
88 51
89 50
89 49
89 48
90 47
90 46
90 46
90 45
91 44
91 43
91 42
91 41
92 40
92 39
92 39
93 38
93 37
94 36
94 35
94 35
94 34
94 33
94 33
94 33
94 34
94 35
94 35
94 36
93 37
93 38
93 38
93 39
93 40
93 41
93 42
93 43
93 43
93 44
93 45
93 46
93 47
93 48
93 48
93 49
93 50
93 51
93 52
93 53
93 54
93 54
93 55
93 56
93 57
93 58
93 59
93 59
93 60
94 61
94 62
95 63
95 64
95 64
95 65
96 66
96 67
96 67
96 68
97 69
97 70
97 71
97 71
98 72
98 73
99 74
99 74
99 75
99 76
99 77
99 77
99 78
100 79
100 80
100 80
100 81
99 82
99 83
99 83
99 84
99 85
99 85
99 86
98 87
98 88
98 88
97 89
97 90
