0 66
0 65
0 64
0 63
0 62
0 61
0 60
0 59
0 58
0 57
0 56
0 55
0 54
0 54
0 53
0 52
0 52
0 51
0 50
0 50
0 51
0 51
0 52
0 53
0 53
0 54
0 55
0 56
0 56
0 57
0 58
0 59
1 60
1 61
1 62
1 63
1 63
1 64
1 65
1 66
1 67
1 68
1 69
1 69
1 70
1 71
1 72
1 73
1 74
1 75
1 76
1 76
1 77
1 78
1 79
1 80
1 81
1 82
1 83
1 83
1 84
2 85
2 86
2 87
2 87
2 88
2 89
2 89
3 90
3 90
3 89
3 89
3 88
3 87
3 87
3 86
3 85
4 84
4 83
4 82
4 81
4 81
4 80
4 79
4 78
5 77
5 76
5 75
5 74
5 73
5 73
5 72
5 71
5 70
5 69
6 68
6 67
6 66
6 65
6 64
6 64
6 63
6 62
7 61
7 60
7 59
7 58
7 58
7 57
7 56
8 55
8 54
8 53
8 53
8 52
8 51
8 50
8 50
9 50
9 50
9 51
9 52
9 52
9 53
9 54
9 55
9 56
9 57
9 57
9 58
9 59
10 60
10 61
10 62
10 63
10 63
10 64
10 65
10 66
10 67
10 68
10 69
10 69
10 70
10 71
11 72
11 73
11 74
11 75
11 75
11 76
11 77
11 78
11 79
11 80
11 80
11 81
12 82
12 83
12 83
12 84
12 84
13 84
13 84
13 83
14 82
14 81
14 80
14 80
14 79
14 78
14 77
15 76
15 75
15 74
15 73
15 73
15 72
15 71
15 70
16 69
16 68
16 67
16 66
16 66
16 65
17 64
17 63
17 62
17 61
18 60
18 59
18 59
18 58
19 57
19 56
19 55
19 54
20 53
20 52
20 52
20 51
21 50
21 49
21 48
21 47
22 46
22 45
22 45
22 44
23 43
23 42
24 41
24 40
24 40
25 39
25 38
26 37
26 37
27 36
27 35
27 35
28 35
28 35
29 36
29 36
29 37
29 38
29 39
29 39
29 40
29 41
29 42
29 43
29 43
29 44
29 45
29 46
29 47
29 47
29 48
29 49
28 50
28 51
28 52
28 53
28 53
28 54
28 55
28 56
28 57
28 58
28 59
28 59
28 60
28 61
28 62
28 63
28 64
28 65
28 65
28 66
28 67
28 68
28 69
28 70
28 71
28 71
28 72
28 73
28 74
28 75
28 76
28 77
28 77
28 78
28 79
28 80
28 81
28 81
28 82
27 83
27 84
27 85
27 85
27 86
27 87
27 87
27 86
27 85
27 84
27 83
27 82
27 81
27 80
27 79
27 78
27 77
27 76
27 75
27 74
27 73
27 72
27 71
27 70
27 69
27 68
27 67
27 66
27 65
27 64
27 63
27 62
27 61
27 60
27 59
27 58
27 57
27 56
27 55
27 54
27 53
27 52
27 51
27 50
27 49
27 48
27 47
27 46
27 45
27 44
27 43
27 42
27 42
27 41
27 40
27 39
27 38
27 37
27 36
27 35
27 34
27 33
27 32
28 31
28 30
28 29
28 28
28 27
28 26
28 25
28 24
28 23
28 22
28 21
28 20
28 20
28 19
28 18
27 17
27 16
27 15
27 15
27 14
27 13
27 13
27 13
27 14
27 14
28 15
28 16
28 16
28 17
28 18
28 19
28 20
28 20
28 21
28 22
28 23
28 24
28 25
28 25
28 26
28 27
29 28
29 29
29 30
29 30
29 31
30 32
30 33
30 34
30 34
31 35
32 36
33 37
33 37
34 37
35 37
35 37
36 37
37 37
38 37
38 37
39 37
40 36
41 36
41 36
42 36
42 36
42 37
43 38
43 39
43 39
43 40
43 41
43 42
43 42
43 43
43 44
42 45
42 46
42 47
42 47
42 48
42 49
41 50
41 51
41 52
41 53
41 53
41 54
40 55
40 56
40 57
40 57
40 58
40 59
40 60
40 61
40 61
40 62
40 63
40 64
40 64
41 65
41 66
41 66
41 67
42 68
42 69
42 69
43 70
43 71
43 71
43 72
43 73
43 74
43 74
44 75
44 76
44 76
44 77
44 78
44 78
43 79
43 79
42 80
42 80
41 81
40 81
40 81
39 80
39 79
39 79
38 78
38 77
37 76
37 76
37 75
36 74
36 73
36 72
36 72
36 71
36 70
36 69
36 68
36 67
36 66
36 66
36 65
36 64
36 63
35 62
35 61
35 60
35 59
35 58
35 58
35 57
35 56
35 55
35 54
36 53
36 52
36 51
36 50
36 49
36 49
36 48
36 47
36 46
36 45
36 44
37 43
37 42
37 41
37 40
37 39
37 38
37 38
37 37
37 36
38 35
38 34
38 33
38 32
38 31
39 30
39 29
39 28
39 28
39 27
39 26
40 25
40 24
40 23
40 22
40 21
40 20
41 19
41 18
41 17
41 17
41 16
42 15
42 14
43 13
43 12
43 11
44 10
44 9
44 9
44 8
45 7
45 6
46 5
46 4
46 4
46 3
47 2
47 1
47 1
48 0
49 0
49 0
50 1
50 2
51 3
51 3
51 4
51 5
52 6
52 7
52 8
52 8
52 9
52 10
52 11
53 12
53 13
53 14
53 15
53 16
53 16
53 17
53 18
53 19
53 20
53 21
53 22
53 23
53 24
53 25
53 25
53 26
53 27
53 28
53 29
53 30
53 31
53 32
53 33
53 34
53 35
53 35
53 36
53 37
53 38
53 39
53 40
52 41
52 42
52 43
52 44
52 45
52 46
52 46
52 47
52 48
52 49
52 50
52 51
52 52
52 53
52 54
52 55
52 56
52 56
52 57
52 58
52 59
52 60
52 61
52 62
52 63
52 63
52 64
52 65
51 66
51 67
51 68
51 69
51 69
51 70
51 71
51 72
51 72
51 73
51 73
52 73
52 73
52 72
52 71
52 70
52 70
52 69
52 68
53 67
53 66
53 65
53 65
53 64
54 63
54 62
54 61
55 60
55 59
55 59
55 58
55 57
55 56
56 55
56 54
56 53
56 52
56 51
56 51
56 50
57 49
57 48
58 47
58 46
58 46
59 45
59 44
60 43
60 43
60 43
60 44
61 45
61 46
61 46
61 47
61 48
61 49
61 50
61 51
61 51
61 52
61 53
61 54
61 55
61 56
61 57
61 58
61 59
61 59
61 60
61 61
61 62
61 63
61 64
61 65
61 66
61 66
61 67
61 68
61 69
61 70
61 71
61 72
61 73
61 73
61 74
61 75
61 76
61 77
61 78
61 79
61 80
61 81
61 81
61 82
62 83
62 84
62 85
62 85
62 86
63 87
63 88
63 89
63 89
64 90
65 90
65 90
66 89
66 88
66 88
67 87
68 87
69 86
69 86
69 85
70 84
70 83
70 82
71 81
71 80
71 80
71 79
72 78
72 77
72 76
73 75
73 74
73 74
73 73
74 72
74 71
74 70
74 69
75 68
75 67
75 67
75 66
75 65
75 64
76 63
76 62
76 61
76 60
76 60
76 59
76 58
76 57
77 56
77 55
77 54
77 53
77 53
77 52
77 51
77 50
78 49
78 48
78 47
78 46
78 45
78 45
78 44
78 43
78 42
78 42
77 41
77 41
76 41
76 41
76 42
75 43
75 44
75 44
75 45
75 46
74 47
74 48
74 49
74 49
74 50
74 51
74 52
73 53
73 54
73 55
73 56
73 56
73 57
73 58
73 59
73 60
73 61
73 62
73 62
73 63
73 64
72 65
72 66
72 67
72 68
72 68
72 69
72 70
72 71
72 72
72 73
72 74
72 74
72 75
72 76
73 77
73 78
73 79
73 80
73 80
73 81
74 82
74 83
74 84
74 84
75 85
75 86
75 86
76 87
77 87
77 87
78 86
79 86
79 86
80 85
81 84
81 83
82 82
82 82
82 81
83 80
83 79
84 78
84 77
85 76
85 75
85 75
85 74
86 73
86 72
87 71
87 70
88 69
88 68
88 68
88 67
89 66
89 65
90 64
90 63
91 62
91 61
91 61
91 60
92 59
92 58
93 57
93 56
93 55
94 54
94 53
94 53
94 52
95 51
95 50
95 49
95 48
96 47
96 46
96 46
96 45
96 44
97 43
97 42
97 41
97 41
98 40
98 39
98 39
98 40
98 40
98 41
98 41
98 42
97 43
97 44
97 45
97 45
97 46
97 47
97 48
97 49
97 50
97 50
97 51
97 52
97 53
96 54
96 55
96 56
96 57
96 57
96 58
96 59
96 60
96 61
96 62
96 63
96 63
96 64
96 65
96 66
96 67
96 68
96 69
96 69
96 70
96 71
96 72
96 73
96 74
96 75
96 75
96 76
96 77
96 78
96 79
96 80
96 80
96 81
96 82
96 83
96 84
96 85
96 85
96 86
97 87
97 88
97 88
98 89
98 90
98 90
99 91
99 92
99 92
100 93
100 93
100 94
100 94
100 95
99 96
99 97
99 97
98 98
98 99
97 100
