0 58
0 57
0 56
0 55
0 54
0 53
0 52
0 51
0 50
0 50
0 49
0 49
0 49
0 50
1 51
1 52
1 52
1 53
1 54
1 55
1 56
1 57
1 58
1 58
1 59
1 60
1 61
2 62
2 63
2 64
2 65
2 66
2 66
2 67
2 68
2 69
2 70
2 71
2 72
2 73
2 74
2 74
2 75
2 76
2 77
2 78
2 79
2 80
2 81
2 82
2 83
2 83
2 84
2 85
2 86
3 87
3 88
3 89
3 90
3 90
3 91
3 92
3 93
3 94
3 95
3 96
3 96
4 97
4 97
4 97
4 97
4 96
4 95
5 94
5 93
5 92
5 92
5 91
5 90
6 89
6 88
6 87
6 86
6 86
6 85
6 84
6 83
6 82
7 81
7 80
7 79
7 78
7 77
7 77
7 76
7 75
7 74
7 73
7 72
7 71
7 70
7 69
7 69
7 68
7 67
7 66
8 65
8 64
8 63
8 62
8 61
8 61
8 60
8 59
9 58
9 57
9 56
9 56
9 55
9 54
9 54
10 55
10 56
10 56
10 57
10 58
10 59
10 60
10 61
10 61
10 62
10 63
10 64
11 65
11 66
11 67
11 68
11 68
11 69
11 70
11 71
11 72
11 73
11 74
11 75
11 76
11 76
11 77
11 78
11 79
11 80
11 81
11 82
11 83
11 83
11 84
11 85
12 86
12 87
12 88
12 89
12 89
12 90
12 91
13 92
13 93
13 94
13 94
13 95
13 95
14 94
14 94
15 93
15 92
16 91
16 91
16 90
16 89
17 88
17 87
17 86
17 85
17 85
17 84
18 83
18 82
18 81
18 80
19 79
19 78
19 78
19 77
20 76
20 75
20 74
20 73
21 72
21 71
21 71
21 70
22 69
22 68
23 67
23 66
23 66
23 65
23 64
24 63
24 62
24 61
24 61
25 60
25 59
26 58
26 58
27 57
28 56
28 56
29 56
29 56
30 57
30 57
30 58
31 59
31 60
31 61
31 61
31 62
31 63
31 64
31 65
31 66
31 66
31 67
31 68
31 69
32 70
32 71
32 72
32 73
32 73
32 74
32 75
32 76
32 77
32 78
32 79
32 80
32 80
32 81
32 82
32 83
32 84
32 85
32 86
32 87
32 87
32 88
32 89
32 90
32 91
32 92
32 93
32 94
32 94
32 95
32 96
32 97
32 98
32 98
32 99
32 100
32 100
31 100
31 100
31 100
31 99
31 98
31 97
31 96
31 95
31 95
31 94
31 93
31 92
31 91
31 90
31 89
31 88
31 87
31 86
31 85
31 84
31 83
31 82
31 81
31 80
31 79
31 78
31 77
31 76
31 75
31 74
31 73
31 72
31 71
30 70
30 69
30 68
30 67
30 66
30 65
30 64
30 63
30 62
30 61
30 60
30 59
30 58
30 57
30 56
30 55
30 54
30 53
30 52
30 51
30 50
30 49
30 48
30 47
30 46
30 45
30 45
30 44
30 43
30 42
30 41
30 40
30 39
30 38
30 37
30 36
29 35
29 34
29 33
29 32
29 31
29 30
29 29
29 28
29 27
29 26
29 26
29 25
29 24
29 23
29 22
29 22
29 21
29 21
29 21
29 22
29 22
29 23
29 24
29 24
29 25
30 26
30 27
30 28
30 28
30 29
30 30
30 31
30 32
30 33
30 33
30 34
30 35
31 36
31 37
31 38
31 38
32 38
33 39
34 39
35 40
36 40
37 41
38 41
39 42
40 42
40 42
41 41
42 40
43 39
44 38
44 38
45 39
45 39
45 40
45 41
45 42
45 42
45 43
44 44
44 45
44 46
44 46
44 47
44 48
43 49
43 50
43 51
43 51
43 52
43 53
42 54
42 55
42 56
42 57
42 57
42 58
42 59
42 60
42 61
42 62
42 63
42 63
42 64
42 65
42 66
42 67
42 67
42 68
42 69
42 70
42 70
43 71
43 72
43 72
43 73
44 74
44 75
44 75
45 76
45 77
45 77
46 78
46 79
46 79
47 80
47 81
47 81
47 82
47 83
47 83
47 84
47 84
47 85
47 85
46 86
46 87
46 87
45 87
44 87
44 87
43 87
43 87
42 86
41 86
41 86
41 85
40 84
40 83
40 82
40 82
40 81
40 80
39 79
39 78
39 77
39 77
39 76
39 75
39 74
39 73
39 72
39 71
39 70
39 69
39 69
39 68
39 67
39 66
39 65
39 64
40 63
40 62
40 61
40 60
40 59
40 58
40 58
40 57
40 56
40 55
40 54
40 53
40 52
41 51
41 50
41 49
41 48
41 47
41 46
41 45
41 45
41 44
41 43
41 42
42 41
42 40
42 39
42 38
42 37
42 36
42 35
43 34
43 33
43 32
43 31
43 31
43 30
44 29
44 28
44 27
44 26
45 25
45 24
45 23
45 22
46 21
46 20
46 20
46 19
46 18
47 17
47 16
47 15
47 14
48 13
48 12
48 11
48 11
48 10
49 9
49 8
50 7
50 6
51 5
51 4
51 4
52 3
53 2
54 1
54 1
55 0
56 0
56 0
56 1
57 2
57 3
57 4
57 4
57 5
57 6
57 7
58 8
58 9
58 10
58 11
58 11
58 12
58 13
58 14
58 15
59 16
59 17
59 18
59 19
59 20
59 20
59 21
59 22
59 23
59 24
59 25
59 26
59 27
59 28
59 29
59 30
59 31
59 31
59 32
59 33
59 34
59 35
59 36
58 37
58 38
58 39
58 40
58 41
58 42
58 43
58 43
58 44
58 45
58 46
58 47
58 48
57 49
57 50
57 51
57 52
57 53
57 54
57 55
57 55
57 56
57 57
57 58
57 59
57 60
57 61
57 62
57 63
57 64
57 65
57 66
57 66
57 67
57 68
57 69
56 70
56 71
56 72
56 73
56 74
56 74
56 75
56 76
56 77
56 78
56 79
56 80
56 80
55 81
55 82
55 82
55 82
56 81
56 81
56 80
56 79
56 78
56 77
56 77
56 76
56 75
56 74
57 73
57 72
57 71
57 70
57 70
57 69
58 68
58 67
58 66
58 65
59 64
59 63
59 62
59 62
59 61
59 60
59 59
60 58
60 57
60 56
60 55
60 54
60 54
61 53
61 52
62 51
62 50
62 50
63 49
63 49
64 50
64 51
64 51
64 52
64 53
64 54
64 55
64 56
64 57
64 57
64 58
64 59
64 60
65 61
65 62
65 63
65 64
65 64
65 65
65 66
65 67
65 68
65 69
65 70
65 71
65 72
65 72
65 73
65 74
65 75
65 76
65 77
65 78
65 79
65 79
65 80
65 81
66 82
66 83
66 84
66 85
66 85
66 86
67 87
67 88
67 89
67 89
68 90
68 90
69 90
70 90
70 90
71 89
71 88
72 87
72 87
73 86
73 85
74 84
74 83
75 82
75 82
75 81
76 80
76 79
76 78
77 77
77 76
77 76
77 75
77 74
77 73
78 72
78 71
78 70
78 69
78 69
78 68
79 67
79 66
79 65
79 64
80 63
80 62
80 61
80 61
80 60
80 59
80 58
81 57
81 56
81 55
81 54
81 53
81 53
81 52
81 51
81 50
81 49
81 48
81 48
81 47
81 46
81 45
81 45
80 44
80 44
79 45
79 46
79 46
79 47
78 48
78 49
78 49
78 50
77 51
77 52
77 53
76 54
76 55
76 55
76 56
76 57
76 58
76 59
76 60
76 61
76 62
76 62
76 63
76 64
75 65
75 66
75 67
75 68
75 68
75 69
75 70
75 71
75 72
75 73
75 74
75 74
75 75
75 76
75 77
75 78
75 78
75 79
76 80
76 81
76 82
76 82
76 83
77 84
77 85
77 85
78 85
78 85
79 84
80 83
81 82
81 82
82 81
83 80
83 79
84 78
84 78
84 77
85 76
85 75
86 74
86 73
87 72
87 71
87 71
87 70
88 69
88 68
89 67
89 66
89 65
90 64
90 63
90 63
90 62
91 61
91 60
91 59
92 58
92 57
92 56
93 55
93 54
93 54
93 53
94 52
94 51
95 50
95 49
95 48
96 47
96 46
96 46
96 45
97 44
97 43
97 42
98 41
98 40
98 40
98 39
99 38
99 37
99 36
99 36
99 35
99 35
99 36
99 37
99 37
99 38
98 39
98 40
98 40
98 41
98 42
97 43
97 44
97 45
97 46
97 46
97 47
97 48
96 49
96 50
96 51
96 52
96 52
96 53
96 54
95 55
95 56
95 57
95 58
95 58
95 59
95 60
94 61
94 62
94 63
94 64
94 64
94 65
94 66
95 67
95 68
95 69
95 70
95 70
95 71
95 72
95 73
95 74
95 74
95 75
95 76
96 77
96 78
96 79
96 79
96 80
97 81
97 82
97 82
97 83
98 84
98 85
98 85
98 86
99 87
99 88
99 88
100 89
100 89
100 90
100 91
100 91
99 92
99 93
99 93
98 94
98 95
98 95
97 96
97 97
96 98
96 98
95 99
94 100
