0 67
0 66
0 65
0 64
0 63
0 63
0 62
0 61
0 61
0 61
0 62
0 63
0 63
0 64
0 65
0 66
0 66
0 67
0 68
0 69
1 70
1 71
1 72
1 73
1 73
1 74
1 75
1 76
2 77
2 78
2 79
2 80
2 80
2 81
2 82
2 83
2 84
2 85
2 86
2 87
2 87
2 88
2 89
2 90
3 91
3 92
3 93
3 94
3 94
3 95
3 96
3 97
3 98
3 98
4 99
4 100
4 100
4 100
4 99
4 99
4 98
5 97
5 96
5 96
5 95
5 94
5 93
6 92
6 91
6 90
6 89
6 89
6 88
6 87
6 86
7 85
7 84
7 83
7 82
7 81
7 81
7 80
7 79
7 78
8 77
8 76
8 75
8 74
8 73
8 73
8 72
8 71
8 70
9 69
9 68
9 67
9 66
9 65
9 65
9 64
9 63
10 62
10 61
10 60
10 60
10 59
10 58
10 58
11 58
11 58
11 59
11 60
11 60
11 61
12 62
12 63
12 64
12 64
12 65
12 66
12 67
12 68
12 69
12 70
12 71
12 71
12 72
12 73
12 74
12 75
12 76
12 77
12 78
12 78
12 79
12 80
12 81
12 82
12 83
12 83
12 84
12 85
13 86
13 87
13 88
13 88
13 89
13 90
13 91
13 91
14 92
14 93
14 93
14 93
15 92
15 92
15 91
16 90
16 89
16 88
16 88
16 87
16 86
17 85
17 84
17 83
17 83
17 82
17 81
18 80
18 79
18 78
18 78
18 77
18 76
19 75
19 74
19 73
19 73
19 72
20 71
20 70
20 69
21 68
21 67
21 67
21 66
22 65
22 64
22 63
22 63
23 62
24 61
25 60
25 59
26 58
27 57
27 57
27 58
27 59
28 60
28 61
28 62
28 63
28 63
28 64
28 65
28 66
28 67
28 67
28 68
28 69
27 70
27 71
27 72
27 72
27 73
27 74
27 75
27 76
27 76
27 77
27 78
27 79
27 80
27 81
27 81
27 82
27 83
27 84
27 85
27 85
27 86
27 87
27 88
27 88
27 89
27 90
27 91
27 91
27 92
27 92
27 92
27 91
27 90
27 89
27 88
27 87
27 86
27 85
28 84
28 83
28 82
28 81
28 80
28 79
28 78
28 77
28 76
28 75
28 74
28 73
28 72
28 71
29 70
29 69
29 68
29 67
29 66
29 65
29 64
29 63
29 63
29 62
29 61
29 60
29 59
29 58
29 57
29 56
29 55
28 54
28 53
28 52
28 51
28 50
28 49
28 48
28 47
28 46
28 46
28 45
28 44
28 43
27 42
27 41
27 40
27 39
27 39
27 38
27 37
27 36
27 36
26 35
26 35
26 35
26 36
26 36
26 37
26 37
26 38
26 39
26 40
26 40
26 41
27 42
27 43
27 44
27 44
28 44
29 45
30 45
31 46
32 46
33 47
34 47
35 48
36 48
37 49
38 49
39 50
40 50
40 50
40 51
40 52
40 53
40 53
40 54
40 55
40 56
40 56
40 57
39 58
39 59
39 59
39 60
39 61
39 62
39 63
39 63
39 64
38 65
38 66
38 66
38 67
38 68
38 69
38 70
38 70
38 71
38 72
38 73
38 73
38 74
38 75
38 76
38 76
38 77
39 78
39 79
39 79
39 80
40 81
40 82
40 82
41 83
41 84
41 84
41 85
41 86
41 86
42 87
42 87
42 87
41 88
41 88
40 89
40 89
39 89
39 89
38 89
37 89
37 89
36 88
35 88
35 88
35 87
34 86
34 85
34 85
34 84
34 83
34 82
34 81
34 80
34 80
34 79
34 78
34 77
34 76
34 75
34 74
34 73
34 73
34 72
34 71
35 70
35 69
35 68
35 67
35 66
36 65
36 64
36 63
36 62
36 61
36 60
37 59
37 58
37 57
37 56
37 55
38 54
38 53
38 52
38 51
38 50
39 49
39 48
39 47
39 46
39 45
39 44
40 43
40 42
40 41
40 40
40 39
41 38
41 37
41 36
41 35
41 34
42 33
42 32
42 31
42 30
42 29
42 28
43 27
43 26
43 25
43 24
43 23
44 22
44 21
44 20
44 19
44 18
45 17
45 16
45 15
45 14
45 13
45 12
46 11
46 10
46 9
46 9
46 8
47 7
47 6
48 5
48 4
49 3
49 2
50 1
50 0
50 0
51 0
51 0
51 1
52 2
52 3
52 4
52 4
52 5
52 6
52 7
52 8
52 9
52 10
52 10
52 11
52 12
52 13
52 14
52 15
52 16
52 17
52 18
52 18
52 19
52 20
52 21
52 22
52 23
52 24
52 25
52 26
52 27
52 28
52 28
52 29
52 30
52 31
52 32
52 33
51 34
51 35
51 36
51 37
51 38
51 39
51 40
51 40
51 41
51 42
51 43
51 44
51 45
50 46
50 47
50 48
50 49
50 50
50 51
50 52
50 52
50 53
50 54
50 55
50 56
50 57
50 58
50 59
50 60
50 61
50 61
50 62
50 63
50 64
49 65
49 66
49 67
49 68
49 68
49 69
49 70
49 71
49 72
49 73
49 74
49 74
49 75
49 76
49 77
49 77
50 77
50 77
50 77
50 76
50 75
51 74
51 73
51 72
51 72
51 71
52 70
52 69
52 68
53 67
53 66
53 66
53 65
54 64
54 63
54 62
54 61
55 60
55 59
55 59
55 58
55 57
55 56
56 55
56 54
56 53
56 52
56 51
56 51
57 50
57 49
58 48
58 47
58 47
58 46
59 45
59 44
59 44
60 45
60 45
60 46
60 47
60 48
60 49
60 49
60 50
60 51
60 52
60 53
60 54
60 54
60 55
60 56
60 57
60 58
60 59
60 60
60 60
60 61
60 62
60 63
60 64
60 65
60 66
60 67
60 68
60 68
60 69
60 70
60 71
60 72
60 73
60 74
60 75
60 75
60 76
60 77
60 78
60 79
60 80
60 81
60 82
60 82
60 83
60 84
60 85
60 86
60 87
60 87
60 88
61 89
61 90
61 91
61 91
62 92
62 93
63 94
63 94
64 94
64 94
65 93
66 93
67 92
67 92
68 91
68 90
69 89
69 88
69 88
70 87
70 86
71 85
71 84
72 83
72 83
72 82
73 81
73 80
73 79
74 78
74 77
74 77
74 76
75 75
75 74
75 73
75 72
76 71
76 70
76 70
76 69
77 68
77 67
77 66
77 65
78 64
78 63
78 63
78 62
78 61
79 60
79 59
79 58
79 57
79 57
79 56
79 55
79 54
79 53
79 52
79 51
79 51
79 50
79 49
79 48
79 47
79 47
78 46
78 45
78 45
77 45
77 45
76 46
75 47
75 47
75 48
74 49
74 50
74 51
74 51
74 52
73 53
73 54
73 55
73 55
73 56
73 57
72 58
72 59
72 60
72 60
72 61
72 62
72 63
72 64
72 64
72 65
72 66
72 67
72 68
72 69
72 69
72 70
72 71
73 72
73 73
73 74
73 74
73 75
73 76
73 77
73 78
73 79
73 79
73 80
74 81
74 82
74 82
75 83
76 84
76 84
77 85
78 85
78 85
79 84
80 84
80 84
81 83
81 82
82 81
82 81
83 80
83 79
84 78
84 77
85 76
85 76
85 75
86 74
86 73
87 72
87 71
88 70
88 69
88 69
88 68
89 67
89 66
90 65
90 64
91 63
91 62
91 62
91 61
92 60
92 59
92 58
92 57
93 56
93 55
93 55
93 54
94 53
94 52
95 51
95 50
95 49
96 48
96 47
96 47
96 46
96 45
96 44
97 43
97 42
97 41
97 40
97 40
97 39
98 38
98 37
98 37
98 36
98 36
98 36
97 37
97 38
97 38
97 39
97 40
97 41
97 42
97 42
97 43
97 44
96 45
96 46
96 47
96 48
96 48
96 49
96 50
95 51
95 52
95 53
95 53
95 54
96 55
96 56
96 57
96 57
96 58
96 59
96 60
96 61
96 61
96 62
97 63
97 64
97 65
97 65
98 66
98 67
99 68
99 69
99 69
99 70
99 71
99 72
99 72
99 73
100 74
100 75
100 76
100 76
100 77
100 78
100 79
100 79
100 80
99 81
99 82
99 82
99 83
99 84
99 85
99 85
99 86
98 87
98 88
98 88
97 89
97 90
96 91
