3 42
2 41
1 40
1 40
0 39
0 39
0 38
0 38
0 39
0 40
0 40
0 41
0 42
0 43
0 44
0 44
0 45
0 46
0 47
1 48
1 49
1 50
1 51
1 51
1 52
1 53
1 54
1 55
2 56
2 57
2 58
2 59
2 60
2 61
2 61
2 62
2 63
2 64
2 65
2 66
3 67
3 68
3 69
3 70
3 71
3 72
3 72
3 73
3 74
3 75
3 76
3 77
4 78
4 79
4 80
4 81
4 82
4 83
4 84
4 84
4 85
5 86
5 87
5 88
5 89
6 90
6 91
6 92
6 92
6 93
7 94
7 95
7 96
7 96
7 97
8 98
8 99
8 99
9 100
9 100
9 100
10 100
10 100
10 99
10 98
10 97
10 97
10 96
11 95
11 94
11 93
11 93
11 92
11 91
11 90
11 89
11 88
11 88
11 87
11 86
11 85
12 84
12 83
12 82
12 81
12 81
12 80
12 79
12 78
12 77
12 76
12 76
12 75
12 74
12 73
12 72
12 72
13 72
13 72
13 73
13 74
13 74
13 75
13 76
13 77
13 78
13 79
13 79
13 80
13 81
14 82
14 83
14 84
14 85
14 85
14 86
15 87
15 88
15 89
15 89
15 90
16 91
16 92
16 93
16 93
17 94
17 94
18 94
18 94
19 93
20 93
20 93
20 92
21 91
21 90
21 90
21 89
21 88
22 87
22 86
22 85
22 84
22 84
22 83
22 82
22 81
23 80
23 79
23 78
23 77
23 77
23 76
23 75
23 74
23 73
23 72
23 71
23 70
23 70
23 69
23 68
23 67
24 66
24 65
24 64
24 63
24 62
24 62
24 61
24 60
24 59
24 58
24 57
24 56
24 55
24 55
24 54
25 53
25 52
25 51
25 51
25 50
25 49
25 49
25 48
25 48
26 49
27 50
28 51
29 52
30 53
31 54
32 55
33 56
33 56
33 57
34 58
34 59
34 60
34 60
33 59
33 58
33 58
33 59
33 60
33 61
33 61
33 62
34 63
34 64
34 65
34 65
34 66
35 67
35 68
35 69
35 69
35 70
35 71
35 72
35 73
35 73
35 74
36 75
36 76
36 76
36 77
36 78
36 78
36 79
36 80
36 80
37 81
37 81
37 81
37 81
37 80
37 79
37 78
37 77
36 76
36 75
36 74
36 73
36 72
36 71
36 70
36 69
36 68
36 67
35 66
35 65
35 64
35 63
35 62
35 61
35 60
35 59
35 58
34 57
34 56
34 55
34 54
34 53
34 52
34 51
34 50
34 49
34 48
33 47
33 46
33 45
33 44
33 43
33 42
33 41
33 40
33 39
33 38
32 37
32 36
32 35
32 34
32 33
32 33
32 33
32 33
32 32
32 31
32 31
32 31
32 32
32 32
33 33
33 34
33 34
33 35
33 35
34 36
34 37
34 37
34 38
34 38
34 38
35 39
36 40
37 40
38 41
39 42
40 43
41 44
42 44
43 45
44 46
44 46
45 45
45 44
46 43
46 42
46 42
46 41
46 40
46 39
46 39
47 38
47 37
47 37
47 37
46 37
46 37
46 38
46 38
46 39
45 40
45 41
45 41
45 42
44 43
44 44
44 45
44 45
44 46
43 47
43 48
43 49
43 49
43 50
43 51
43 52
43 53
43 53
43 54
44 55
44 56
44 57
44 57
44 58
45 59
45 60
45 60
45 61
46 62
46 63
46 64
46 64
47 65
48 65
49 66
49 66
50 67
50 68
50 68
51 69
52 70
52 70
52 71
53 72
53 73
53 73
54 74
54 75
54 75
54 76
55 77
55 78
55 78
55 79
55 80
55 81
55 81
55 82
54 83
54 84
54 85
54 85
53 86
53 87
53 87
53 88
52 89
52 90
52 90
51 91
51 92
51 92
51 93
51 94
51 94
51 95
51 95
51 95
52 94
52 94
52 93
53 92
53 91
53 91
53 90
54 89
54 88
55 87
55 86
55 86
56 85
56 84
57 83
57 82
58 81
58 80
58 80
58 79
58 78
59 77
59 76
59 75
59 74
60 73
60 72
60 71
60 71
60 70
60 69
61 68
61 67
61 66
61 65
62 64
62 63
62 62
62 62
62 61
62 60
63 59
63 58
63 57
63 56
63 55
64 54
64 53
64 52
64 52
64 51
64 50
64 49
64 48
64 47
65 46
65 45
65 44
65 43
65 42
65 41
65 41
65 40
65 39
66 38
66 37
66 36
66 35
66 34
66 33
67 32
67 31
67 30
67 30
67 29
67 28
67 27
67 26
68 25
68 24
68 23
68 22
68 21
68 21
68 20
68 19
68 18
68 17
69 16
69 15
69 14
69 13
69 12
69 12
69 11
69 10
70 9
70 8
70 7
70 6
70 6
70 5
70 4
70 3
70 3
70 2
70 1
70 0
70 0
70 0
70 1
69 2
69 3
69 3
69 4
68 5
68 6
68 7
68 7
68 8
68 9
68 10
67 11
67 12
67 13
67 14
67 15
67 15
67 16
67 17
66 18
66 19
66 20
66 21
66 22
66 23
65 24
65 25
65 26
65 26
65 27
65 28
65 29
65 30
65 31
65 32
65 33
64 34
64 35
64 36
64 37
64 38
64 39
64 40
64 41
64 41
64 42
64 43
64 44
64 45
64 46
63 47
63 48
63 49
63 50
63 51
63 52
63 53
63 53
63 54
63 55
63 56
63 57
62 58
62 59
62 60
62 61
62 62
62 62
62 63
62 64
63 65
63 66
63 67
63 68
63 68
63 69
63 70
63 71
63 71
63 72
63 72
63 72
64 71
64 71
64 70
64 69
64 68
64 68
64 67
65 66
65 65
66 64
66 63
66 63
66 62
66 61
66 60
67 59
67 58
67 57
67 56
67 55
67 55
67 54
68 53
68 52
68 51
68 51
68 50
69 49
69 48
69 48
69 48
69 49
69 50
69 50
69 51
69 52
69 52
69 53
69 54
69 55
69 56
69 57
69 57
69 58
69 59
70 60
70 61
70 62
70 63
70 63
70 64
71 65
71 66
71 67
71 67
71 68
72 69
72 70
72 70
73 71
73 71
74 72
75 72
75 72
76 71
76 71
77 70
78 69
78 69
79 68
79 67
80 66
80 66
80 65
80 64
81 63
81 62
81 61
81 61
81 60
82 59
82 58
82 57
83 56
83 55
83 55
83 54
83 53
84 52
84 51
84 50
84 50
84 49
84 48
84 48
84 47
84 47
84 48
84 48
84 49
84 49
83 50
83 51
82 52
82 53
82 53
82 54
81 55
81 56
81 57
81 57
81 58
81 59
81 60
81 61
81 62
81 62
81 63
81 64
81 65
81 66
81 66
81 67
81 68
81 68
82 69
82 69
83 69
83 69
84 68
84 67
84 67
85 66
85 65
86 64
86 64
86 63
86 62
87 61
87 60
87 59
87 59
87 58
88 57
88 56
89 55
89 54
89 54
89 53
89 52
90 51
90 50
90 49
90 49
91 48
91 47
92 46
92 45
92 45
93 44
93 43
93 43
94 42
94 42
95 43
95 43
95 44
95 44
96 45
96 46
96 46
96 47
96 48
96 49
96 49
96 50
97 51
97 52
97 52
97 53
98 54
98 55
98 55
98 56
99 57
99 58
99 59
99 59
99 60
99 61
99 62
99 63
99 63
99 64
100 65
100 66
100 67
100 67
100 68
99 69
99 70
99 71
99 71
99 72
98 73
98 74
98 75
98 75
97 76
97 77
96 78
96 79
96 79
96 80
95 81
95 82
95 82
94 83
93 84
92 85
92 85
91 85
90 85
