1 64
1 63
0 62
0 61
0 60
0 60
0 59
0 59
0 58
0 57
0 56
0 56
0 56
0 57
0 57
0 58
0 59
0 59
0 60
0 61
0 62
0 63
0 63
0 64
0 65
0 66
0 67
0 67
0 68
0 69
0 70
0 71
0 72
0 73
0 73
0 74
0 75
0 76
1 77
1 78
1 79
1 80
1 80
1 81
1 82
1 83
1 84
1 85
1 86
1 87
1 88
1 88
1 89
1 90
1 91
1 92
1 93
1 93
1 94
2 95
2 96
2 97
2 97
2 98
2 99
2 99
3 100
3 100
3 100
4 100
4 100
4 99
4 98
4 97
4 97
4 96
5 95
5 94
5 93
5 93
5 92
5 91
6 90
6 89
6 88
6 87
6 87
6 86
6 85
6 84
6 83
6 82
6 82
6 81
6 80
7 79
7 78
7 77
7 76
7 76
7 75
7 74
7 73
7 72
7 72
7 71
7 70
7 69
7 69
7 68
7 68
7 67
7 67
8 67
8 67
8 68
8 68
8 69
8 69
8 70
9 71
9 72
9 73
9 73
9 74
9 75
9 76
9 77
9 78
9 78
9 79
9 80
10 81
10 82
10 83
10 84
10 84
10 85
10 86
11 87
11 88
11 89
11 89
11 90
11 91
11 92
11 93
11 93
11 94
12 95
12 96
12 96
12 97
12 98
12 98
13 99
13 99
13 100
13 100
14 99
14 99
14 98
14 98
14 97
15 96
15 95
15 95
15 94
15 93
15 92
15 91
15 91
15 90
15 89
16 88
16 87
16 86
16 86
16 85
16 84
16 83
16 82
16 81
16 81
16 80
16 79
17 78
17 77
17 76
17 76
17 75
17 74
17 73
17 72
17 72
17 71
18 70
18 69
18 69
18 68
18 67
19 66
19 65
19 64
19 63
20 62
20 61
20 60
20 59
21 58
21 57
21 56
21 55
22 54
22 53
22 52
22 52
22 51
23 50
23 49
23 49
23 48
23 47
23 47
23 46
23 46
23 47
23 47
24 48
24 48
24 49
24 50
24 51
24 52
24 52
24 53
24 54
24 55
24 56
24 57
24 58
24 58
24 59
24 60
24 61
24 62
24 63
24 64
24 64
24 65
24 66
24 67
25 68
25 69
25 70
25 71
25 71
25 72
25 73
25 74
25 75
25 76
25 77
25 78
25 79
25 79
25 80
25 81
25 82
25 83
25 84
25 85
25 86
25 86
25 87
25 88
25 89
25 90
25 91
25 91
25 92
25 93
25 94
25 95
25 96
25 96
25 97
25 98
25 98
26 99
26 100
26 100
27 100
27 100
27 99
28 98
28 97
28 96
29 95
29 94
29 93
29 92
30 91
30 90
30 89
31 88
31 87
31 86
32 85
32 84
32 83
32 82
33 81
33 80
33 79
34 78
34 77
34 76
35 75
35 74
35 73
35 72
36 71
36 70
36 69
37 68
37 67
37 66
38 65
38 64
38 63
38 62
39 61
39 60
39 59
40 58
40 57
40 56
41 55
41 54
41 53
41 52
42 51
42 50
42 50
42 49
42 48
43 47
43 46
43 45
43 44
43 44
44 43
44 42
44 42
44 41
44 41
44 41
44 41
43 41
43 41
43 42
43 43
43 43
43 44
42 45
42 46
42 47
42 47
42 48
41 49
41 50
41 51
41 51
41 52
41 53
40 54
40 55
40 56
40 56
40 57
40 58
40 59
40 59
40 60
40 61
40 61
41 62
41 63
41 63
41 64
41 65
41 65
42 66
42 66
43 67
43 68
43 68
44 69
45 70
45 70
46 71
46 71
46 72
46 73
46 73
47 74
47 74
47 75
47 76
47 76
47 77
47 78
47 79
47 79
46 80
46 81
46 81
45 81
45 81
44 82
44 83
44 83
43 84
43 84
42 84
42 84
41 84
41 84
41 83
41 82
41 82
41 81
41 80
41 80
41 79
41 78
42 77
42 76
42 75
42 74
42 73
43 72
43 71
43 70
43 69
43 68
44 67
44 66
44 65
44 64
44 63
45 62
45 61
45 60
45 59
45 58
46 57
46 56
46 55
46 54
46 53
47 52
47 51
47 50
47 49
47 48
48 47
48 46
48 45
48 44
48 43
49 42
49 41
49 40
49 39
49 38
49 37
50 36
50 35
50 34
50 33
50 32
51 31
51 30
51 29
51 28
51 27
52 26
52 25
52 24
52 23
52 22
53 21
53 20
53 19
53 18
53 17
54 16
54 15
54 14
54 13
54 12
55 11
55 10
55 9
55 8
55 7
56 6
56 5
56 4
56 4
57 3
57 2
58 1
58 1
58 0
58 0
58 1
58 2
58 2
58 3
59 4
59 5
59 5
59 6
59 7
59 8
59 9
59 10
59 11
59 11
59 12
59 13
59 14
59 15
59 16
59 17
59 18
59 19
59 19
59 20
59 21
59 22
59 23
59 24
59 25
59 26
59 27
59 28
59 29
59 30
59 30
59 31
59 32
59 33
59 34
59 35
58 36
58 37
58 38
58 39
58 40
58 41
58 41
58 42
58 43
58 44
58 45
58 46
58 47
58 48
58 49
58 50
58 51
58 52
58 52
58 53
58 54
58 55
58 56
57 57
57 58
57 59
57 60
57 61
57 62
57 62
57 63
57 64
57 65
56 66
56 67
56 68
56 69
56 70
56 70
56 71
56 72
56 73
55 74
55 75
55 76
55 77
55 77
55 78
55 79
55 80
55 81
55 81
55 82
54 83
54 84
54 85
54 85
54 86
54 87
54 87
54 87
54 87
54 86
54 86
54 85
54 84
55 83
55 82
55 81
55 80
55 80
55 79
55 78
55 77
55 76
55 75
55 74
55 73
55 73
55 72
56 71
56 70
56 69
56 68
57 67
57 66
57 66
57 65
57 64
57 63
58 62
58 61
58 60
58 59
58 59
58 58
58 57
59 56
59 55
59 54
59 54
59 53
60 52
60 51
61 50
61 49
61 49
62 48
62 47
62 47
63 47
63 47
64 47
64 47
64 48
64 49
64 50
64 51
64 51
64 52
64 53
65 54
65 55
65 56
65 56
65 57
65 58
65 59
65 60
65 61
65 62
65 62
65 63
65 64
65 65
65 66
65 67
65 68
65 68
65 69
65 70
64 71
64 72
64 73
64 74
64 74
64 75
64 76
64 77
64 78
64 79
64 80
64 80
64 81
64 82
64 83
64 84
64 85
64 85
64 86
64 87
64 88
64 89
64 89
64 90
64 91
64 91
65 92
65 92
65 92
66 91
66 91
67 90
68 89
68 89
68 88
69 87
69 86
69 85
69 85
69 84
70 83
70 82
71 81
71 80
71 80
71 79
72 78
72 77
73 76
73 75
73 75
73 74
74 73
74 72
74 71
75 70
75 69
75 69
75 68
75 67
76 66
76 65
76 64
76 63
76 63
76 62
77 61
77 60
78 59
78 58
78 58
78 57
78 56
79 55
79 54
79 53
79 53
79 52
79 51
79 50
79 50
79 49
79 48
79 47
79 47
79 46
79 46
79 46
78 47
78 47
78 48
77 49
77 50
77 50
77 51
77 52
76 53
76 54
76 55
76 55
76 56
75 57
75 58
75 59
75 59
75 60
75 61
75 62
75 63
75 64
75 64
75 65
75 66
75 67
75 68
75 68
75 69
75 70
75 71
75 72
75 72
75 73
75 74
75 74
76 75
76 76
76 76
77 77
77 78
77 78
78 78
78 78
79 77
79 77
80 76
81 76
81 76
81 75
82 74
82 73
82 73
83 72
83 71
84 70
84 70
84 69
85 68
85 67
86 66
86 65
86 65
86 64
86 63
87 62
87 61
87 60
87 59
87 59
87 58
88 57
88 56
88 55
88 54
89 53
89 52
89 52
89 51
90 50
90 49
90 48
90 47
91 46
91 45
91 45
92 44
92 43
93 42
93 41
93 41
93 40
94 39
94 38
94 38
95 38
95 38
95 38
95 38
95 39
95 39
94 40
94 41
94 41
94 42
94 43
94 44
94 44
94 45
94 46
94 46
94 47
94 48
94 48
95 49
95 50
95 50
96 51
96 52
97 53
97 53
97 54
98 55
98 56
98 56
98 57
99 58
99 59
99 60
99 60
99 61
100 62
100 63
100 63
100 64
99 65
99 66
99 67
99 67
99 68
99 69
99 70
99 70
98 71
98 72
97 73
97 74
97 74
97 75
96 76
96 77
96 78
