0 53
1 52
1 51
1 51
0 50
0 49
0 49
0 48
0 48
0 48
0 48
0 49
0 50
0 51
0 51
0 52
0 53
0 54
0 55
0 55
0 56
0 57
0 58
0 59
1 60
1 61
1 62
1 63
1 64
1 64
1 65
1 66
1 67
1 68
2 69
2 70
2 71
2 72
2 73
2 73
2 74
2 75
2 76
2 77
3 78
3 79
3 80
3 81
3 82
3 83
3 83
3 84
3 85
3 86
3 87
4 88
4 89
4 90
4 91
4 92
4 92
4 93
4 94
4 95
4 96
4 97
4 97
4 98
5 99
5 100
5 100
6 100
6 100
7 100
7 100
8 99
8 98
8 98
8 97
9 96
9 95
9 95
9 94
9 93
10 92
10 91
10 90
10 90
10 89
10 88
11 87
11 86
11 85
11 85
11 84
11 83
11 82
11 81
11 80
11 80
11 79
11 78
11 77
11 76
11 75
11 74
11 74
11 73
11 72
12 71
12 70
12 69
12 69
12 68
12 67
12 66
12 65
12 64
12 64
12 63
12 62
12 62
12 61
12 61
12 62
12 62
12 63
12 64
12 65
12 65
12 66
12 67
12 68
12 69
12 70
12 71
12 72
12 72
12 73
12 74
12 75
12 76
12 77
12 78
12 79
12 80
12 81
12 81
12 82
12 83
12 84
13 85
13 86
13 87
13 88
13 89
13 89
13 90
13 91
13 92
13 93
13 94
13 95
13 95
13 96
14 97
14 98
14 99
14 99
15 100
15 100
16 99
16 99
17 98
17 97
18 96
18 96
18 95
18 94
19 93
19 92
19 91
19 90
19 90
19 89
20 88
20 87
20 86
21 85
21 84
21 84
21 83
22 82
22 81
22 80
22 79
23 78
23 77
23 76
23 76
23 75
23 74
23 73
24 72
24 71
24 70
24 69
24 69
24 68
24 67
24 66
24 65
24 64
24 63
24 62
24 62
24 61
24 60
25 59
25 58
25 57
25 57
25 56
24 55
24 54
24 54
24 54
24 55
24 56
25 57
25 58
25 59
25 60
25 61
26 62
26 63
26 64
26 65
27 66
27 67
27 68
27 69
27 70
28 71
28 72
28 73
28 73
28 74
28 75
28 76
28 77
28 78
28 79
28 80
28 80
28 79
28 79
28 78
28 77
28 77
28 76
29 75
29 74
29 74
30 73
30 72
31 71
31 71
31 70
31 69
32 68
32 67
32 66
32 66
32 65
33 64
33 63
33 63
34 62
34 61
34 61
35 60
35 59
35 59
35 59
35 60
35 60
35 61
35 61
35 62
35 63
35 64
35 65
35 66
35 66
35 67
35 68
34 69
34 70
34 71
34 72
34 72
34 73
34 74
34 75
33 76
33 77
33 78
33 79
33 79
33 80
33 81
33 82
33 83
33 84
33 85
33 85
33 86
34 87
34 88
34 89
34 89
35 90
35 91
35 91
36 92
36 92
37 91
38 90
38 90
39 89
39 88
40 87
40 86
40 86
41 85
41 84
42 83
42 82
42 82
42 81
42 80
43 79
43 78
43 77
43 77
43 76
42 75
42 74
42 73
42 72
41 71
41 70
41 69
41 68
40 67
40 66
40 65
40 64
39 63
39 62
39 61
39 60
38 59
38 58
38 57
38 56
37 55
37 54
37 53
37 52
36 51
36 50
36 49
36 48
35 47
35 46
35 45
35 44
34 43
34 42
34 41
34 40
33 39
33 38
33 37
33 36
32 35
32 34
32 33
32 32
31 31
31 30
31 29
31 28
30 27
30 26
30 25
30 24
29 23
29 22
29 22
29 23
30 24
30 25
31 26
31 27
31 27
30 27
30 27
31 28
32 29
32 29
33 30
34 31
34 32
35 33
36 34
37 35
38 36
39 37
39 38
40 39
41 40
42 41
43 42
44 43
44 44
45 45
46 46
47 47
48 48
49 49
49 50
50 51
51 52
51 52
52 51
53 50
53 50
53 49
53 48
53 48
53 47
53 46
53 46
53 45
53 45
53 45
53 44
53 44
52 45
51 46
51 46
51 47
50 48
50 49
50 49
49 50
48 51
48 52
47 53
47 53
46 54
46 55
45 56
45 57
45 57
45 58
44 59
44 60
44 60
44 61
43 62
43 63
43 63
44 64
44 64
45 65
45 65
46 66
47 66
47 66
48 66
49 66
50 66
50 66
51 66
52 67
53 67
53 67
54 68
54 68
55 69
56 70
56 70
56 71
57 72
57 73
57 73
57 74
57 75
57 76
57 76
57 77
56 78
56 79
56 80
56 80
56 81
55 82
55 83
54 84
54 85
54 85
53 86
53 87
52 88
52 88
52 89
51 90
51 91
51 91
50 92
50 92
49 91
49 91
49 90
49 89
49 88
49 87
50 86
50 85
50 84
50 83
50 82
50 81
50 80
50 79
50 78
51 77
51 76
51 75
51 74
51 73
51 72
51 71
51 70
52 69
52 68
52 67
52 66
52 65
52 64
52 63
52 62
52 61
53 60
53 59
53 58
53 57
53 56
53 55
53 54
53 53
53 52
54 51
54 50
54 49
54 48
54 47
54 46
54 45
54 44
54 43
55 42
55 41
55 40
55 39
55 38
55 37
55 36
55 35
55 34
56 33
56 32
56 31
56 30
56 29
56 28
56 27
56 26
57 25
57 24
57 23
57 22
57 21
57 20
57 19
57 18
57 17
58 16
58 15
58 14
58 13
58 12
58 12
58 11
59 10
59 9
60 8
60 7
61 6
61 5
61 5
61 4
61 3
61 2
61 2
60 1
60 1
61 0
61 0
61 0
61 0
61 1
61 2
61 2
61 3
61 3
61 4
61 5
61 6
61 7
61 8
61 8
61 9
61 10
61 11
61 12
61 13
61 14
61 15
61 16
61 16
61 17
61 18
61 19
61 20
61 21
61 22
61 23
61 24
61 24
61 25
61 26
61 27
61 28
61 29
60 30
60 31
60 32
60 33
60 34
60 35
60 35
60 36
60 37
60 38
60 39
60 40
60 41
60 42
60 43
60 44
60 45
60 46
60 47
60 47
60 48
60 49
60 50
60 51
60 52
59 53
59 54
59 55
59 56
59 57
59 58
59 59
59 59
59 60
59 61
59 62
59 63
59 64
59 65
59 66
59 67
59 68
59 68
59 69
59 70
59 71
58 72
58 73
58 74
58 75
58 75
58 76
58 77
58 78
58 79
58 80
58 81
58 81
58 82
58 83
58 83
58 84
58 84
58 84
58 83
58 83
58 82
58 81
58 80
58 79
58 79
58 78
58 77
59 76
59 75
59 74
59 74
59 73
59 72
59 71
60 70
60 69
60 68
60 67
60 66
60 66
60 65
60 64
60 63
61 62
61 61
61 60
61 59
61 59
61 58
61 57
61 56
62 55
62 54
62 53
62 52
62 52
62 51
62 50
63 49
63 48
63 47
63 47
64 46
64 45
64 45
64 45
65 45
65 45
65 46
65 47
65 48
65 48
65 49
66 50
66 51
66 52
66 52
66 53
66 54
66 55
66 56
66 57
66 57
66 58
66 59
66 60
66 61
66 62
66 62
66 63
66 64
66 65
66 66
66 66
66 67
66 68
66 69
66 70
66 70
66 71
66 72
66 73
66 74
66 74
66 75
67 76
67 77
67 77
67 78
67 79
67 79
68 80
68 81
68 81
69 82
69 82
70 83
70 83
71 83
71 83
72 82
72 81
72 81
73 80
73 79
74 78
74 78
74 77
74 76
75 75
75 74
75 73
75 73
75 72
76 71
76 70
76 69
77 68
77 67
77 67
77 66
77 65
78 64
78 63
78 62
78 61
78 61
78 60
78 59
79 58
79 57
79 56
79 55
79 55
79 54
79 53
79 52
79 52
79 51
79 50
79 50
79 49
79 49
78 49
78 49
77 50
77 50
76 51
75 52
75 52
75 53
74 54
74 55
74 56
74 56
74 57
73 58
73 59
73 59
73 60
73 61
72 62
72 63
72 64
72 64
72 65
72 66
72 67
72 68
72 68
72 69
72 70
72 71
72 72
72 72
72 73
73 74
73 75
73 75
74 76
74 77
74 77
75 77
76 78
77 78
77 78
78 77
79 77
79 77
80 76
81 75
82 74
82 74
83 73
84 72
85 71
85 71
86 70
86 69
87 68
87 67
87 67
88 66
88 65
89 64
89 64
89 63
90 62
90 61
90 61
91 60
91 59
91 59
91 58
91 57
92 56
92 55
92 54
92 53
92 52
92 51
93 50
93 49
93 48
93 47
93 46
94 45
94 44
94 43
94 42
94 41
94 40
95 39
95 38
95 37
95 37
96 36
96 35
96 35
96 34
96 34
96 34
96 34
96 34
96 35
96 35
95 36
95 37
95 37
94 38
94 39
93 40
93 41
93 41
93 42
92 43
92 44
92 45
92 45
92 46
91 47
91 48
91 49
91 49
91 50
91 51
90 52
90 53
90 54
90 54
90 55
90 56
90 57
90 57
90 58
90 58
91 59
92 59
92 59
93 60
94 60
94 60
95 61
96 61
96 61
97 62
97 62
98 63
99 64
99 64
99 65
100 66
100 67
100 67
100 68
100 69
99 70
99 71
99 72
99 72
99 73
99 74
98 75
98 76
98 77
98 77
98 78
97 79
97 80
96 81
96 82
96 82
95 83
95 84
94 85
94 86
94 86
93 87
93 88
92 89
