2 51
2 50
3 49
3 48
3 48
3 47
2 46
2 45
2 45
1 44
1 44
0 44
0 44
0 44
0 45
0 45
0 46
0 47
0 47
0 48
0 49
0 50
0 51
0 51
0 52
0 53
0 54
0 55
0 56
0 56
0 57
0 58
0 59
0 60
0 61
0 62
0 63
0 63
0 64
0 65
0 66
0 67
0 68
0 69
0 70
0 71
0 71
0 72
0 73
0 74
1 75
1 76
1 77
1 78
1 79
1 79
1 80
1 81
1 82
1 83
1 84
1 85
1 86
1 86
1 87
1 88
1 89
1 90
1 91
1 92
1 92
1 93
1 94
1 95
1 95
1 96
1 97
1 97
2 97
2 97
2 97
2 97
2 96
2 96
2 95
2 94
2 94
2 93
2 92
3 91
3 90
3 89
3 89
3 88
3 87
4 86
4 85
4 84
4 83
4 83
4 82
5 81
5 80
5 79
6 78
6 77
6 77
6 76
6 75
7 74
7 73
7 72
7 72
7 71
7 70
7 69
7 69
7 69
7 69
7 70
7 71
7 72
7 72
7 73
8 74
8 75
8 75
8 76
8 77
8 78
8 79
8 80
8 80
8 81
8 82
8 83
8 84
8 85
8 86
8 86
8 87
8 88
8 89
8 90
8 90
8 91
9 92
9 93
9 94
9 94
9 95
9 96
9 96
9 97
9 97
9 97
10 96
10 96
10 95
10 94
10 93
10 93
10 92
11 91
11 90
11 89
11 89
11 88
11 87
12 86
12 85
12 84
12 83
12 83
12 82
12 81
12 80
13 79
13 78
13 77
13 76
13 76
13 75
13 74
13 73
14 72
14 71
14 70
14 69
14 69
14 68
15 67
15 66
16 65
16 64
16 64
16 63
16 62
16 62
17 61
17 61
17 61
17 62
17 62
18 63
19 63
20 64
21 64
22 65
23 65
24 66
24 66
25 66
25 66
26 66
26 66
26 66
26 67
26 67
26 68
26 69
26 70
26 70
26 71
27 72
27 73
27 73
27 74
27 75
27 76
27 77
27 77
27 78
28 79
28 80
28 81
28 81
28 82
28 83
28 84
28 85
28 85
28 86
29 87
29 88
29 88
29 89
29 90
29 91
29 91
30 92
30 93
30 93
30 94
30 94
30 94
30 94
30 93
30 92
30 91
30 90
30 89
30 88
30 87
29 86
29 85
29 84
29 83
29 82
29 81
29 80
29 79
29 78
29 77
29 76
29 75
29 74
29 73
29 72
28 71
28 70
28 69
28 68
28 67
28 66
28 65
28 64
28 63
28 62
28 61
28 60
28 59
28 58
28 57
27 56
27 55
27 54
27 53
27 52
27 51
27 50
27 49
27 49
27 48
27 47
27 46
27 45
27 44
27 44
27 44
27 44
27 45
27 45
28 46
28 46
28 47
28 48
28 49
28 49
29 50
29 51
29 51
30 51
31 52
32 52
33 52
34 52
35 53
36 53
37 53
38 54
39 54
40 54
41 54
42 55
43 55
43 55
44 54
45 54
45 54
46 53
46 53
46 52
45 51
45 50
45 50
45 51
45 51
44 52
44 52
43 53
43 53
43 54
42 55
42 56
42 56
42 57
41 58
41 59
41 59
41 60
41 61
41 62
41 62
41 63
40 64
40 65
40 65
40 66
41 67
41 68
41 68
41 69
41 70
41 70
41 71
42 72
42 73
42 73
42 74
43 75
43 76
43 77
43 77
44 78
45 79
45 79
45 80
46 81
46 82
46 82
46 83
46 84
46 85
46 85
47 86
47 87
47 87
47 88
47 89
47 90
47 90
47 91
47 92
47 92
47 93
46 94
46 95
46 95
45 96
45 97
45 97
44 98
43 99
43 99
42 100
41 100
41 100
40 100
39 100
38 100
38 100
37 100
36 100
36 100
36 99
35 98
35 97
35 97
35 96
34 95
34 94
34 94
34 93
34 92
33 91
33 90
33 89
33 88
33 88
33 87
33 86
34 85
34 84
34 83
34 82
34 81
35 80
35 79
35 78
35 77
35 76
35 75
36 74
36 73
36 72
36 71
36 70
37 69
37 68
37 67
37 66
37 65
38 64
38 63
38 62
38 61
38 60
38 59
39 58
39 57
39 56
39 55
39 54
40 53
40 52
40 51
40 50
40 49
41 48
41 47
41 46
41 45
41 44
42 43
42 42
42 41
42 40
42 39
42 38
43 37
43 36
43 35
43 34
43 33
44 32
44 31
44 30
44 29
44 28
45 27
45 26
45 25
45 24
45 23
45 22
46 21
46 20
46 19
46 18
46 17
47 16
47 15
47 14
47 14
48 13
48 12
49 11
50 10
50 9
51 8
52 7
52 6
53 5
53 5
54 4
54 3
55 2
55 2
56 1
57 0
57 0
58 1
58 1
59 2
59 2
59 3
59 4
59 4
59 5
59 6
59 7
59 8
59 8
59 9
59 10
59 11
59 12
59 13
59 14
59 14
59 15
59 16
59 17
59 18
59 19
59 20
59 21
59 21
59 22
59 23
59 24
59 25
59 26
59 27
59 28
59 29
59 30
59 30
59 31
59 32
59 33
58 34
58 35
58 36
58 37
58 38
58 38
58 39
58 40
58 41
58 42
58 43
58 44
58 45
58 46
58 46
58 47
58 48
58 49
58 50
58 51
58 52
58 53
58 54
58 55
58 55
58 56
58 57
58 58
57 59
57 60
57 61
57 62
57 62
57 63
57 64
57 65
56 66
56 67
56 68
56 69
56 69
56 70
56 71
55 72
55 73
55 74
55 74
55 75
55 76
55 77
55 78
55 79
55 80
55 81
55 81
55 82
55 83
54 84
54 85
54 86
54 87
54 87
54 88
54 89
53 90
53 91
53 92
53 92
53 93
52 94
52 95
52 95
52 96
52 96
52 96
52 96
52 95
53 94
53 93
53 93
53 92
53 91
54 90
54 89
54 88
54 88
54 87
54 86
55 85
55 84
55 83
55 82
55 82
55 81
56 80
56 79
57 78
57 77
57 77
57 76
58 75
58 74
58 74
59 73
59 73
60 72
60 72
61 72
61 72
62 73
62 73
62 74
62 75
62 76
62 76
62 77
63 78
63 79
63 79
63 80
63 81
63 82
63 83
63 83
63 84
63 85
63 86
63 87
63 87
63 88
64 89
64 90
64 90
64 91
65 92
65 93
65 93
66 94
66 94
67 95
67 95
68 95
68 95
69 94
70 94
70 94
71 93
71 92
72 91
72 91
73 90
73 89
74 88
74 87
74 87
74 86
75 85
75 84
76 83
76 82
76 82
76 81
76 80
77 79
77 78
77 77
77 77
77 76
78 75
78 74
78 73
79 72
79 71
79 71
79 70
80 69
80 68
80 67
80 67
80 66
80 66
80 65
80 65
80 65
80 65
79 66
79 66
78 67
78 68
78 68
77 69
77 70
76 71
76 72
76 72
76 73
75 74
75 75
75 76
75 76
75 77
75 78
74 79
74 80
74 81
74 81
74 82
74 83
74 84
74 85
74 85
75 86
75 87
75 87
75 88
75 89
75 90
75 90
76 91
77 91
77 91
78 90
78 90
79 89
79 89
80 88
80 87
81 86
81 86
81 85
82 84
82 83
83 82
83 81
83 81
83 80
84 79
84 78
85 77
85 76
85 76
85 75
86 74
86 73
86 72
86 71
87 70
87 69
87 69
88 68
88 67
89 66
89 65
89 65
89 64
90 63
90 62
90 61
90 61
90 60
90 59
90 59
90 59
90 59
90 59
90 60
90 60
90 61
90 61
89 62
89 63
89 63
89 64
89 65
89 66
89 66
89 67
90 68
90 69
90 69
90 70
90 71
90 72
90 72
90 73
91 74
91 75
91 76
91 76
92 77
93 78
93 78
94 79
94 80
94 80
95 81
95 82
95 82
96 83
97 84
97 84
98 85
98 85
99 86
99 87
99 87
100 88
100 88
99 89
99 89
98 90
98 91
98 91
97 92
97 93
97 93
96 93
95 94
94 94
94 94
93 95
92 95
92 95
91 95
90 95
89 95
89 95
88 95
88 95
87 94
87 93
