0 5
1 4
1 3
1 3
1 2
1 2
2 1
2 1
3 1
3 1
4 0
5 0
5 0
6 1
6 1
7 1
8 1
8 1
9 1
10 1
10 1
11 2
12 2
12 2
13 3
14 3
14 3
15 4
16 4
16 4
17 5
17 5
18 6
18 6
19 7
19 7
20 8
20 9
20 9
20 10
20 10
19 11
19 12
19 12
18 13
18 14
18 14
17 15
17 16
17 16
16 17
16 18
15 19
15 19
14 20
13 21
13 21
12 22
12 23
11 24
11 24
10 25
9 26
9 26
8 27
8 27
7 28
7 28
7 28
7 28
7 28
7 27
7 27
7 26
7 26
8 25
8 25
9 24
9 23
9 23
10 22
10 22
11 21
12 20
12 20
13 19
14 19
14 19
15 18
16 18
16 18
17 17
17 17
18 18
19 18
19 18
20 18
20 18
21 19
21 19
22 20
22 21
22 21
22 22
23 23
23 24
23 24
23 25
24 26
24 27
24 27
24 28
25 29
25 30
25 31
25 31
25 32
25 33
26 34
26 35
26 36
26 36
26 37
26 38
27 39
27 40
27 41
27 41
27 42
27 43
28 44
28 45
28 46
28 47
28 47
28 48
28 49
28 50
28 51
28 52
28 52
28 53
28 54
28 55
28 56
28 57
28 58
28 58
28 59
28 60
29 61
29 62
29 63
29 63
29 64
29 65
29 66
29 67
29 67
29 68
29 69
29 70
29 71
29 71
29 72
29 73
29 74
29 75
29 75
29 76
29 77
29 78
29 78
28 79
28 80
28 80
27 81
27 82
27 82
26 83
26 83
25 84
24 84
24 84
23 84
22 84
22 84
21 83
20 83
20 83
19 83
18 82
17 82
17 82
16 81
15 80
15 80
14 79
13 79
12 78
12 78
11 77
10 76
10 76
9 75
9 74
8 73
8 73
7 72
7 71
6 70
6 70
5 69
4 68
4 68
4 67
3 66
3 65
3 65
2 64
2 63
2 63
2 62
2 61
2 61
2 60
2 59
2 58
2 58
2 57
2 56
2 56
2 55
3 54
3 53
3 53
4 52
4 51
4 51
5 50
6 49
6 49
7 48
7 47
7 47
8 46
9 45
9 45
10 45
11 44
12 44
12 44
13 43
14 43
14 43
15 42
16 42
16 42
17 41
18 41
18 41
19 42
19 42
20 42
20 42
21 43
21 44
21 44
21 45
21 46
21 46
20 47
20 48
20 48
20 49
20 50
20 50
20 51
19 52
19 53
19 54
19 54
18 55
17 56
17 56
17 57
16 58
16 59
16 60
16 60
16 61
15 62
15 63
15 63
14 64
13 65
13 65
12 66
12 67
12 67
11 68
11 69
11 69
11 70
11 70
11 70
11 70
11 69
11 68
11 68
11 67
12 66
12 65
12 65
12 64
13 63
13 62
13 62
14 61
14 60
15 59
15 58
15 58
16 57
17 56
17 55
18 54
18 54
19 53
19 52
20 51
20 50
21 49
21 49
22 48
23 47
23 46
24 45
24 45
25 44
26 43
27 42
28 41
28 41
29 40
30 39
31 38
31 38
32 37
33 36
34 35
34 35
35 34
36 34
37 33
37 33
38 32
39 31
39 31
40 30
41 30
41 30
42 29
42 29
42 29
42 29
41 30
41 30
40 31
40 32
40 32
39 33
39 33
38 34
37 35
37 35
36 36
36 37
36 37
35 38
34 39
34 39
33 40
32 41
32 41
32 42
31 43
31 44
31 44
30 45
29 46
29 46
29 47
29 47
29 48
29 49
29 49
29 50
29 50
30 51
30 51
31 52
32 52
32 52
33 52
34 52
34 52
35 52
36 52
36 52
37 52
38 52
39 52
39 52
40 51
41 51
41 51
42 50
43 50
43 50
44 49
45 49
45 49
46 48
47 47
47 47
48 46
49 46
49 46
49 45
49 44
50 43
50 42
50 41
50 40
50 39
50 38
51 37
51 36
51 35
51 34
51 33
52 32
52 31
52 30
52 29
52 28
52 27
53 26
53 25
53 24
53 23
53 22
54 21
54 20
54 19
54 18
54 17
54 16
55 15
55 14
55 13
55 13
55 12
55 11
56 10
56 9
56 8
56 8
57 7
57 6
57 6
57 5
57 4
57 4
58 3
58 3
58 3
59 3
59 3
59 3
60 3
60 3
61 3
61 3
61 3
62 4
62 4
62 4
63 5
63 5
63 6
63 6
63 7
63 8
63 8
62 9
62 10
62 10
61 11
61 12
60 13
60 13
59 14
59 15
58 16
58 16
57 17
57 18
56 19
56 19
55 20
55 21
54 22
54 22
53 23
53 24
53 24
52 25
52 26
52 26
51 27
51 27
51 27
52 27
52 27
52 27
53 26
53 26
54 25
55 25
55 25
56 24
57 23
57 23
58 22
59 22
59 22
60 21
60 21
61 20
61 20
62 20
62 20
62 20
63 21
63 21
63 22
63 23
63 23
62 24
62 25
62 25
62 26
62 27
62 28
62 28
62 29
62 30
62 31
62 31
62 32
62 33
62 33
62 34
62 35
62 35
62 36
62 37
62 37
63 38
63 38
63 38
64 38
64 38
65 37
65 37
66 36
66 36
66 35
67 34
67 33
67 33
68 32
68 31
68 31
69 30
69 29
69 29
70 28
70 28
71 28
71 28
71 28
72 29
72 29
73 30
73 30
74 31
74 32
74 32
74 33
75 34
75 35
75 35
75 36
75 37
75 38
75 38
75 39
75 40
75 41
75 41
75 42
75 43
75 44
75 45
75 45
75 46
74 47
74 48
74 48
74 49
73 50
73 51
73 51
73 52
72 53
72 54
72 55
72 55
72 56
71 57
71 58
71 58
70 59
70 60
70 60
69 61
68 61
68 61
67 61
67 61
66 61
66 61
66 60
66 60
65 59
65 59
66 58
66 57
66 57
67 56
67 55
67 55
67 54
68 53
68 52
68 52
69 51
69 50
70 49
70 49
71 48
72 47
72 46
73 45
73 45
74 44
75 43
76 42
77 41
77 41
78 40
79 39
80 38
81 37
81 37
82 36
83 35
83 34
84 33
84 33
85 32
86 31
87 30
88 29
88 29
89 28
90 27
91 26
91 26
92 25
93 24
94 23
94 23
95 22
95 21
96 20
96 20
97 19
98 18
98 18
99 17
99 16
99 16
100 15
100 15
100 14
100 14
99 13
99 13
98 13
98 13
97 12
96 12
96 12
95 12
94 12
94 12
93 11
92 11
92 11
91 10
90 10
90 10
89 9
89 9
88 9
88 9
87 8
87 8
87 9
87 9
87 9
87 10
87 10
87 11
87 12
87 12
88 13
88 14
88 14
88 15
88 16
88 17
88 17
88 18
88 19
88 20
88 21
88 21
88 22
88 23
87 24
87 25
87 26
87 26
87 27
87 28
86 29
86 30
86 31
86 31
86 32
86 33
86 34
86 35
86 36
86 36
86 37
86 38
85 39
85 40
85 41
85 41
85 42
85 43
85 44
85 45
85 45
85 46
84 47
84 48
84 49
84 49
84 50
85 51
85 52
85 53
85 53
85 54
86 55
86 56
86 56
86 57
87 58
87 59
87 59
88 60
88 61
89 62
89 63
89 63
90 64
90 65
91 66
91 66
91 67
92 68
92 69
92 70
92 70
92 71
92 72
92 73
92 74
92 74
92 75
92 76
92 77
92 78
92 79
92 79
92 80
91 81
91 82
91 83
91 83
91 84
91 85
90 86
90 87
90 88
90 88
89 89
89 90
88 91
88 92
87 93
87 94
87 94
86 95
86 96
85 97
85 97
84 98
84 99
83 100
