0 6
0 5
0 4
0 4
0 3
0 3
0 2
0 2
1 1
1 1
1 1
2 0
2 0
3 0
3 0
4 0
5 0
5 0
6 1
7 1
7 1
8 1
9 1
9 1
10 2
11 2
11 2
12 3
13 3
13 3
14 4
14 4
15 5
16 5
16 5
17 6
17 6
18 7
18 8
18 8
18 9
18 9
17 10
17 11
17 11
17 12
17 13
17 13
16 14
15 15
15 15
15 16
14 17
14 18
14 18
13 19
12 20
12 20
11 21
10 22
10 22
9 23
9 23
8 24
8 24
7 25
7 25
7 25
7 25
7 24
7 24
8 23
8 23
9 22
9 21
9 21
10 20
11 20
11 20
12 19
13 18
13 18
14 17
14 17
15 17
16 17
16 17
17 17
17 17
18 17
18 17
19 18
19 18
20 19
20 19
20 20
21 21
21 22
21 22
21 23
22 24
22 25
22 25
22 26
22 27
22 28
22 29
22 29
22 30
22 31
22 32
22 33
22 34
22 34
22 35
22 36
22 37
22 38
22 39
22 39
22 40
22 41
22 42
22 43
22 44
22 44
22 45
22 46
22 47
22 48
22 49
22 50
22 50
22 51
22 52
22 53
22 54
22 54
22 55
22 56
22 57
22 57
22 58
22 59
22 60
22 61
22 61
22 62
22 63
22 64
22 64
22 65
22 66
22 66
21 67
21 67
20 67
20 67
19 66
19 66
18 65
18 64
18 64
17 63
17 62
16 61
16 61
15 60
15 59
14 58
14 58
13 57
13 56
12 55
12 54
12 54
11 53
10 52
10 52
9 51
9 50
9 50
8 49
8 48
8 48
7 47
7 47
6 46
6 46
5 45
5 45
5 44
5 44
6 43
6 43
7 42
7 42
8 41
8 41
9 40
10 39
10 39
11 39
12 39
12 39
13 38
14 38
14 38
15 39
15 39
16 40
17 40
17 40
17 41
17 41
17 42
17 43
17 43
17 44
17 45
17 45
17 46
16 47
16 48
16 48
16 49
15 50
15 51
15 51
14 52
14 53
14 53
13 54
13 55
12 56
12 56
11 57
11 58
11 58
10 59
10 60
10 60
9 60
9 60
9 60
9 59
9 59
9 58
9 57
9 57
10 56
10 55
11 54
12 53
13 52
13 51
14 50
15 49
16 48
16 47
17 46
18 45
18 44
19 43
20 42
21 41
21 40
22 39
22 39
23 38
24 37
25 36
26 35
27 34
28 33
29 32
29 32
30 31
31 30
32 29
32 29
33 28
34 28
34 28
35 27
36 27
36 27
37 26
37 26
38 26
38 26
37 27
37 27
36 28
36 29
36 29
35 30
35 31
35 31
34 32
33 33
33 33
32 34
32 35
31 36
31 36
30 37
29 38
29 38
28 39
28 40
27 41
27 41
27 42
27 42
26 43
26 44
26 44
27 45
27 45
28 45
28 45
29 46
29 46
30 46
31 46
31 46
32 45
33 45
33 45
34 45
35 45
35 45
36 44
37 44
37 44
38 43
39 43
40 42
40 42
41 41
42 40
42 40
42 39
43 38
43 37
43 36
44 35
44 34
44 33
45 32
45 31
45 30
46 29
46 28
46 27
47 26
47 25
47 24
48 23
48 22
48 21
49 20
49 19
49 18
50 17
50 16
50 16
50 15
51 14
51 13
51 12
52 11
52 10
52 10
52 9
52 8
52 8
52 7
52 7
53 6
53 6
54 5
54 5
54 4
54 4
55 4
55 4
56 4
56 4
57 4
57 4
58 4
58 4
59 4
59 4
59 5
59 5
60 6
60 6
60 7
60 8
60 8
59 9
59 10
59 10
59 11
58 12
58 13
58 13
57 14
57 15
57 15
57 16
56 17
56 18
56 18
55 19
55 20
55 20
54 21
54 21
54 22
54 22
55 23
55 23
55 23
56 23
56 23
57 22
57 22
58 21
58 20
58 20
59 19
60 18
60 18
61 17
61 16
61 16
62 16
62 16
63 15
63 15
64 16
64 16
64 17
64 17
65 18
65 18
65 19
65 20
65 21
65 21
65 22
65 23
65 23
65 24
65 25
65 25
65 26
65 27
65 27
65 28
65 29
65 29
65 30
65 31
65 31
66 32
66 32
66 32
67 32
67 32
68 32
68 32
69 31
70 30
70 30
71 29
71 28
71 28
72 27
72 26
72 26
73 25
73 24
73 24
74 23
74 22
74 22
75 21
75 21
75 21
75 21
75 22
75 22
75 23
75 24
75 24
75 25
75 26
75 26
75 27
74 28
74 29
74 29
74 30
74 31
74 32
74 32
74 33
73 34
73 35
73 36
73 36
73 37
73 38
73 39
73 39
73 40
72 41
72 42
72 43
72 43
72 44
72 45
72 46
72 46
72 47
72 48
72 49
72 49
71 50
71 51
71 51
71 52
71 52
70 53
70 53
69 53
69 53
69 53
68 53
68 53
67 52
67 52
67 51
67 51
67 50
67 50
67 49
67 48
67 48
68 47
68 46
68 46
69 45
70 44
70 44
71 43
71 42
72 41
72 41
73 40
73 39
74 38
74 38
75 37
76 36
77 35
77 35
78 34
79 33
80 33
81 32
81 32
82 31
83 30
83 29
84 28
84 28
85 27
86 26
87 25
87 25
88 24
89 23
90 22
90 22
91 21
92 20
93 19
93 19
94 18
95 17
95 17
96 16
97 15
97 15
98 14
98 14
99 13
99 12
99 12
100 11
100 11
99 10
99 10
99 9
99 9
98 8
98 8
97 7
96 6
96 6
95 5
95 5
94 4
93 4
93 4
92 3
92 2
92 2
92 1
92 1
91 1
91 1
91 1
91 1
91 1
91 2
91 2
92 3
92 3
92 4
92 5
92 5
92 6
92 7
92 8
92 8
92 9
92 10
92 11
92 11
92 12
91 13
91 14
91 15
91 15
91 16
91 17
91 18
91 19
91 20
91 20
91 21
91 22
90 23
90 24
90 25
90 25
90 26
90 27
90 28
90 29
90 30
90 30
90 31
90 32
89 33
89 34
89 35
89 35
89 36
89 37
89 38
89 39
89 40
89 40
89 41
89 42
89 43
89 44
89 44
89 45
89 46
89 47
89 48
89 49
89 49
89 50
90 51
90 52
90 53
90 53
90 54
90 55
90 56
90 57
90 57
90 58
91 59
91 60
91 61
91 61
91 62
91 63
92 64
92 65
92 66
92 66
92 67
92 68
92 69
92 70
92 70
92 71
93 72
93 73
93 74
93 74
93 75
94 76
94 77
94 78
94 78
94 79
94 80
94 81
94 82
94 83
94 83
94 84
94 85
94 86
94 87
94 87
94 88
93 89
93 90
93 91
93 91
93 92
92 93
92 94
92 95
92 95
92 96
91 97
91 98
91 98
90 99
90 100
