0 8
0 7
0 6
0 6
0 5
0 4
0 4
0 3
0 3
0 3
1 2
1 2
2 2
2 2
3 1
3 1
4 1
5 1
5 1
6 1
7 1
7 1
8 0
9 0
9 0
10 1
11 1
11 1
12 1
13 1
13 1
14 2
15 2
15 2
16 3
16 3
17 4
18 4
18 4
19 5
19 5
19 6
19 6
19 7
19 8
19 8
19 9
19 9
18 10
18 11
18 11
17 12
16 13
16 13
15 14
15 15
15 15
14 16
13 17
12 18
12 18
11 19
11 20
11 20
10 21
9 22
9 22
8 23
8 23
7 24
7 24
6 24
6 24
6 24
6 24
6 24
7 23
7 23
8 22
8 22
9 21
10 20
10 20
11 19
11 19
12 18
13 18
13 18
14 17
15 17
15 17
16 17
16 17
17 17
17 17
18 18
18 18
19 19
19 19
20 20
20 21
20 21
20 22
21 23
21 24
21 24
21 25
22 26
22 27
22 28
22 28
22 29
22 30
22 31
22 32
22 33
22 33
22 34
22 35
23 36
23 37
23 38
23 38
23 39
23 40
23 41
23 42
23 43
23 43
23 44
23 45
23 46
24 47
24 48
24 49
24 50
24 50
24 51
24 52
24 53
24 54
24 55
24 56
24 57
24 57
24 58
24 59
25 60
25 61
25 62
25 62
25 63
25 64
25 65
25 66
25 66
25 67
25 68
25 69
25 70
25 71
25 71
25 72
25 73
25 74
25 75
25 75
24 76
24 77
24 77
24 78
24 79
24 79
23 79
23 79
23 79
22 78
21 78
21 78
20 77
20 76
20 76
19 75
19 74
18 73
18 73
17 72
17 71
16 70
16 69
16 69
15 68
15 67
14 66
14 66
13 65
13 64
12 63
12 63
11 62
11 61
11 61
11 60
10 59
10 58
10 58
9 57
9 57
9 56
9 55
9 55
8 54
8 53
8 53
8 52
8 51
8 51
9 50
9 50
10 49
10 48
10 48
10 47
11 46
11 45
11 45
12 44
13 44
14 43
14 43
15 42
16 41
16 41
17 40
18 39
18 39
19 39
20 39
20 39
21 39
21 39
22 40
23 40
23 40
23 41
23 41
23 42
23 43
23 43
23 44
23 45
23 46
23 46
23 47
22 48
22 49
22 50
22 50
21 51
21 52
20 53
20 53
19 54
19 55
18 56
18 57
18 57
18 58
17 59
17 60
17 60
16 61
16 62
15 63
15 63
14 64
14 64
14 65
14 65
13 64
13 64
14 63
14 63
14 62
14 61
14 60
14 60
15 59
15 58
16 57
16 57
17 56
17 55
18 54
18 54
19 53
20 52
21 51
21 50
22 49
23 48
24 47
25 46
26 45
26 44
27 43
28 42
29 41
29 41
30 40
31 39
32 38
33 37
34 36
35 35
35 35
36 34
37 34
38 33
38 33
39 32
39 32
40 31
41 31
41 31
42 30
42 30
42 30
42 31
42 31
41 32
41 32
40 33
40 34
40 34
39 35
38 36
38 36
37 37
37 38
37 38
36 39
35 40
35 40
34 41
33 42
33 42
32 43
32 44
32 44
31 45
31 46
31 46
31 47
31 47
31 48
31 48
31 49
31 49
32 49
32 49
33 49
34 49
34 49
35 49
36 49
36 49
37 49
38 49
38 49
39 48
40 48
40 48
41 48
41 48
42 47
43 47
43 47
44 46
45 46
46 45
46 45
47 44
47 44
48 43
49 43
49 43
50 42
50 41
50 41
51 40
51 40
52 39
52 38
52 38
52 37
52 36
52 35
52 34
52 33
53 32
53 31
53 30
53 29
53 28
53 27
53 26
53 26
53 25
53 24
53 23
53 22
53 21
53 20
53 20
52 19
52 18
52 18
52 17
52 16
52 16
52 15
52 15
53 14
53 14
53 13
53 13
54 12
54 12
55 11
55 11
56 10
57 10
57 10
58 9
59 9
59 9
60 8
61 8
61 8
62 8
63 8
63 8
64 7
65 7
65 7
66 7
67 7
67 7
68 7
69 7
69 7
70 8
70 8
71 8
71 8
71 9
71 9
71 10
71 11
71 11
71 12
71 12
71 13
70 14
70 15
70 15
69 16
69 17
68 18
68 18
67 19
66 20
66 20
66 21
65 22
65 23
65 23
64 24
64 25
64 25
63 26
63 27
63 27
62 28
62 28
62 28
62 29
62 29
62 28
62 28
63 28
63 28
64 27
64 27
65 26
65 25
65 25
66 24
67 24
67 24
68 24
68 24
69 23
69 23
70 23
70 23
70 23
71 24
71 24
71 25
71 25
71 26
71 26
71 27
70 28
70 29
70 29
70 30
69 31
69 32
69 32
69 33
68 34
68 35
68 35
68 36
68 37
68 38
68 38
68 39
68 40
68 41
68 41
68 42
68 43
68 43
68 44
68 44
69 45
69 45
70 45
70 45
71 44
72 44
72 44
73 43
73 43
74 42
74 41
74 41
75 40
75 39
76 38
76 38
77 37
77 36
77 36
77 35
78 34
78 33
78 33
78 32
78 32
78 31
78 31
78 31
78 32
78 32
78 33
78 33
78 34
78 35
78 35
78 36
78 37
78 37
78 38
78 39
78 40
78 40
78 41
78 42
78 43
78 43
78 44
77 45
77 46
77 46
77 47
77 48
77 49
77 50
77 50
77 51
76 52
76 53
76 54
76 54
76 55
75 56
75 57
75 57
75 58
75 59
75 59
74 60
74 61
74 61
73 62
73 62
73 62
72 62
72 62
72 61
72 61
72 60
72 59
72 59
72 58
72 58
73 57
73 56
73 56
73 55
74 54
74 53
74 53
75 52
76 51
76 51
77 50
78 49
79 48
79 48
80 47
81 46
81 45
82 44
82 44
83 43
84 42
85 41
85 41
86 40
86 39
87 38
87 37
87 37
88 36
89 35
90 34
90 34
91 33
92 32
93 31
93 31
94 30
94 29
95 28
95 28
96 27
96 26
97 25
97 25
98 24
98 23
98 23
99 22
99 21
99 21
99 20
99 20
100 19
100 18
100 18
99 17
99 17
98 16
98 16
97 15
97 15
96 14
95 14
95 14
94 13
94 13
93 12
92 12
92 12
92 12
91 12
91 12
91 12
91 13
91 13
91 14
91 15
91 15
91 16
90 17
90 18
90 18
90 19
90 20
90 21
90 22
90 22
90 23
90 24
90 25
90 25
90 26
90 27
90 28
90 29
90 30
90 30
90 31
90 32
90 33
90 34
90 34
90 35
90 36
90 37
90 38
90 38
90 39
91 40
91 41
91 42
91 42
91 43
91 44
91 45
91 46
91 46
91 47
91 48
91 49
91 50
91 50
91 51
92 52
92 53
92 54
92 54
92 55
92 56
92 57
92 57
92 58
93 59
93 60
93 60
93 61
94 62
94 63
94 63
94 64
94 65
94 66
94 66
94 67
95 68
95 69
95 70
95 70
95 71
94 72
94 73
94 74
94 74
94 75
94 76
93 77
93 78
93 79
93 79
93 80
93 81
92 82
92 83
92 84
92 84
92 85
91 86
91 87
91 88
90 89
90 90
90 90
90 91
90 92
89 93
89 94
89 95
89 96
89 96
88 97
88 98
87 99
87 100
