4 2
4 2
4 2
5 1
5 1
5 1
6 1
6 1
7 0
7 0
8 1
8 1
9 1
9 1
9 2
9 2
10 3
10 3
10 4
10 4
10 5
10 6
10 6
10 7
10 7
10 8
9 9
9 10
9 10
9 11
8 12
8 13
8 13
7 14
7 15
7 15
6 16
6 17
5 18
5 18
4 19
4 20
4 20
3 21
3 22
3 22
3 23
3 23
2 23
2 23
2 24
2 24
2 24
3 23
3 23
3 22
3 22
4 21
4 21
5 20
6 20
6 20
7 19
7 18
7 18
8 17
8 17
9 17
10 17
10 17
11 16
11 16
12 16
12 16
13 16
13 16
14 17
14 17
15 18
15 18
16 19
16 20
16 20
16 21
16 22
16 22
17 23
17 24
17 24
17 25
17 26
17 27
17 27
17 28
18 29
18 30
18 30
18 31
18 32
18 33
18 33
18 34
18 35
18 36
18 37
18 37
18 38
18 39
18 40
18 40
18 41
17 42
17 43
17 43
17 44
17 45
17 46
17 47
17 47
16 48
16 49
16 49
16 50
16 51
16 52
16 52
15 53
15 54
15 54
14 55
14 56
14 56
14 57
14 57
14 58
14 58
13 58
13 58
13 58
12 57
12 56
11 55
11 54
10 53
10 52
9 51
8 50
8 49
7 48
7 47
6 46
6 45
5 44
5 43
4 42
4 42
3 41
2 40
2 40
1 39
0 39
0 39
0 38
0 38
0 37
0 37
0 36
0 35
0 35
1 34
1 34
2 33
3 33
3 33
4 32
4 32
5 32
5 32
6 33
6 33
7 34
7 34
7 35
7 36
7 36
7 37
7 38
7 39
7 39
7 40
7 41
7 41
7 42
6 43
6 44
6 44
6 45
6 46
6 47
6 47
6 48
5 49
5 50
5 50
4 51
4 52
4 52
4 53
4 53
4 54
4 54
4 54
5 53
5 53
6 52
6 52
6 51
7 50
7 49
7 49
8 48
9 47
9 46
10 45
10 45
11 44
11 43
12 42
12 41
13 40
13 40
14 39
15 38
15 37
16 36
16 36
17 35
17 34
18 33
18 32
19 31
19 31
20 30
21 29
21 28
22 27
22 27
23 26
24 25
24 24
25 23
25 23
26 22
27 21
27 21
28 20
28 19
29 18
29 18
30 17
31 16
31 16
32 15
32 15
33 14
33 14
33 14
33 14
33 15
33 15
33 16
33 16
32 17
32 17
32 18
32 19
32 19
31 20
31 21
31 21
31 22
31 23
31 23
32 24
32 25
32 25
33 26
33 26
34 27
34 27
35 28
36 28
36 28
37 29
38 29
38 29
39 29
40 29
40 29
41 30
41 30
42 31
43 32
43 32
43 33
43 33
43 34
42 35
42 36
42 36
41 37
41 38
41 38
40 39
40 40
39 41
39 41
38 42
37 43
37 43
38 42
38 41
39 40
39 39
40 38
41 37
41 36
42 35
42 34
43 33
44 32
44 31
45 30
45 29
46 28
47 27
47 26
48 25
49 24
49 23
50 22
50 21
51 20
52 19
52 18
53 17
53 16
54 15
55 14
55 13
56 12
56 11
57 10
58 9
58 8
59 7
59 6
60 5
60 5
60 5
61 4
61 4
61 4
62 3
63 3
63 3
64 3
64 3
65 3
65 3
66 3
66 3
67 3
67 3
68 4
68 4
69 5
69 5
68 6
68 6
68 7
68 8
68 9
68 9
67 10
66 11
66 11
66 12
65 13
65 14
65 14
64 15
64 16
63 17
63 17
62 18
61 19
61 19
60 20
60 21
60 21
59 21
59 21
59 21
59 21
60 21
60 21
61 20
61 20
62 19
63 18
63 18
64 17
64 17
65 16
66 16
66 16
67 16
67 16
68 16
68 16
69 17
69 17
69 18
69 18
68 19
68 19
68 20
68 21
68 21
67 22
67 23
67 23
66 24
66 25
66 25
65 26
65 27
64 28
64 28
63 29
63 30
63 30
63 31
63 32
63 32
63 33
63 33
63 33
63 34
63 34
64 33
64 33
65 33
66 33
66 33
67 32
67 31
67 31
68 30
69 30
69 30
70 29
70 28
70 28
71 27
71 26
72 25
72 25
73 24
73 23
73 23
74 22
75 22
75 22
76 21
76 20
76 20
77 19
77 19
77 19
77 19
77 20
77 20
76 21
76 21
75 22
75 23
75 23
74 24
74 25
73 26
73 26
73 27
73 28
73 28
73 29
72 30
72 31
72 31
72 32
72 33
72 33
72 34
71 35
71 36
71 36
71 37
71 38
71 39
71 39
71 40
70 41
70 42
70 42
69 43
69 44
69 44
69 45
68 46
68 47
68 48
68 48
67 49
67 50
66 51
66 51
65 52
65 53
65 53
64 54
63 55
63 55
62 56
62 56
61 56
61 56
61 55
61 55
61 54
61 54
61 53
62 52
62 51
62 51
63 50
63 49
63 49
63 48
64 47
64 46
64 46
65 45
66 44
66 43
67 42
67 42
68 41
68 40
69 39
69 39
70 38
71 37
72 36
72 36
73 35
74 34
75 33
75 33
76 32
77 31
78 31
79 30
79 30
80 29
81 28
82 27
83 26
83 26
84 25
85 24
86 24
87 23
87 23
88 22
89 21
89 20
90 19
90 19
91 18
91 17
92 16
92 16
93 15
94 14
95 13
95 13
96 12
96 11
97 10
97 9
97 9
97 8
98 7
98 6
98 6
99 5
99 4
99 4
100 3
100 2
100 2
99 1
99 1
99 1
98 1
98 1
97 2
97 2
96 3
96 3
95 4
94 5
94 5
93 6
92 6
92 6
91 7
91 8
91 8
91 9
91 10
91 11
91 11
90 12
90 13
90 13
90 14
90 15
90 15
90 16
90 17
90 18
90 18
90 19
90 20
90 21
90 21
90 22
91 23
91 24
91 24
91 25
92 26
92 27
92 27
92 28
92 29
92 30
92 30
92 31
93 32
93 33
93 34
93 34
93 35
94 36
94 37
94 37
94 38
95 39
95 40
95 41
95 41
95 42
96 43
96 44
96 45
96 45
96 46
96 47
96 48
96 49
96 50
96 51
96 51
96 52
96 53
96 54
96 55
96 56
96 57
96 57
96 58
96 59
95 60
95 61
95 62
95 62
95 63
95 64
95 65
94 66
94 67
94 68
94 69
94 69
94 70
93 71
93 72
93 73
92 74
92 75
92 75
92 76
91 77
91 78
91 79
90 80
90 81
90 81
90 82
89 83
89 84
88 85
88 86
87 87
87 88
87 88
86 89
86 90
85 91
85 92
84 93
84 94
84 94
83 95
83 96
82 97
81 98
81 99
80 100
