5 5
5 4
5 4
4 4
4 4
4 3
4 3
4 3
5 2
5 2
6 2
6 2
7 1
8 1
8 1
9 1
9 1
10 0
11 0
11 0
12 1
12 1
13 2
13 2
14 3
14 3
14 4
14 5
14 5
14 6
14 7
14 7
14 8
13 9
13 10
13 11
13 11
13 12
12 13
12 14
12 15
12 15
11 16
11 17
10 18
10 19
10 19
9 20
9 21
8 22
8 23
8 23
8 24
7 25
7 26
7 26
6 27
6 28
5 29
5 29
4 30
4 31
4 31
4 32
4 33
4 33
3 34
3 34
4 34
4 34
4 33
4 33
5 32
5 32
6 31
7 31
7 31
8 30
8 29
9 28
9 28
10 27
11 27
11 27
12 26
13 25
13 25
14 24
15 24
15 24
16 23
17 23
17 23
18 22
19 22
19 22
20 22
21 22
21 22
22 23
22 23
23 24
23 24
24 25
24 26
24 26
25 27
25 28
25 28
25 29
26 30
26 31
26 32
26 32
26 33
26 34
26 35
26 36
26 36
26 37
26 38
26 39
26 40
26 40
26 41
26 42
27 43
27 44
27 45
27 46
27 46
27 47
27 48
27 49
27 50
27 51
27 51
27 52
27 53
27 54
27 55
27 56
27 56
27 57
27 58
26 59
26 60
26 61
26 61
26 62
26 63
26 64
26 65
26 65
26 66
26 67
25 68
25 69
25 70
25 70
25 71
25 72
24 73
24 74
24 75
24 75
24 76
23 77
23 78
23 78
23 79
22 80
22 81
22 82
22 82
22 83
22 84
22 84
21 85
21 86
21 86
20 86
20 86
19 85
19 84
18 83
17 82
17 81
16 80
16 79
15 78
14 77
14 76
13 75
12 74
12 73
11 72
10 71
10 70
9 69
9 68
8 67
7 66
7 65
6 64
5 63
5 62
4 61
4 60
3 59
2 58
2 57
1 56
1 56
0 55
0 55
0 54
0 54
0 53
0 53
0 53
1 52
1 52
2 51
2 50
2 50
3 49
3 49
4 48
5 48
5 48
6 47
7 46
7 46
8 46
9 46
9 46
10 46
11 46
11 46
12 47
12 47
13 48
13 49
13 49
13 50
13 51
13 51
13 52
13 53
13 54
13 54
13 55
13 56
13 57
13 57
13 58
12 59
12 60
12 61
12 61
12 62
11 63
11 64
11 65
11 65
11 66
10 67
10 68
10 68
10 69
10 70
10 71
10 71
10 72
9 73
9 74
9 74
8 75
8 75
8 75
8 75
8 74
8 74
9 73
9 72
9 72
10 71
10 70
11 69
11 69
12 68
12 67
13 66
13 66
14 65
14 64
15 63
15 62
15 62
16 61
16 60
17 59
17 58
18 57
18 57
19 56
20 55
20 54
21 53
22 52
22 52
23 51
23 50
24 49
24 48
25 47
25 47
26 46
26 45
27 44
28 43
28 42
29 41
29 41
30 40
31 39
31 38
32 37
33 36
33 36
34 35
34 34
35 33
35 32
36 31
36 31
37 30
37 29
38 28
38 27
38 27
39 26
39 25
40 24
40 24
41 23
41 23
41 22
41 22
41 22
41 23
41 23
41 24
41 24
40 25
40 26
40 26
39 27
39 28
38 29
38 29
38 30
37 31
37 32
37 33
37 33
36 34
36 35
35 36
35 37
35 37
35 38
34 39
34 40
34 41
34 41
34 42
33 43
33 44
33 45
33 45
33 46
32 47
32 48
32 48
32 49
32 50
32 51
32 51
32 52
32 53
32 54
32 54
33 55
33 55
34 56
35 56
35 56
36 56
37 56
37 56
38 55
39 54
39 54
40 53
41 53
42 52
42 52
43 51
44 50
45 49
45 49
46 48
47 47
48 46
48 46
48 45
49 44
49 43
49 42
49 41
50 40
50 39
50 38
50 37
51 36
51 35
51 34
52 33
52 32
52 31
52 30
53 29
53 28
53 27
53 26
54 25
54 24
54 23
54 22
55 21
55 20
55 19
56 18
56 17
56 16
56 15
57 14
57 13
57 12
57 11
58 10
58 9
58 9
57 8
57 8
56 8
56 8
56 8
57 7
57 7
58 6
59 6
59 6
60 5
61 5
61 5
62 5
63 4
64 4
64 4
65 3
66 3
67 2
67 2
68 2
69 2
69 2
70 2
70 2
71 3
71 3
71 4
72 5
72 6
72 6
71 7
71 8
71 8
71 9
70 10
70 11
70 12
70 12
69 13
69 14
68 15
68 16
68 16
67 17
67 18
66 19
66 20
66 20
66 21
65 22
65 23
65 24
65 24
64 25
64 26
63 27
63 27
62 28
61 29
61 29
60 30
60 31
60 31
60 32
60 32
60 32
61 32
61 32
62 31
62 31
63 30
63 29
63 29
64 28
65 28
66 27
66 27
67 26
68 25
68 25
69 24
70 24
71 23
71 23
72 22
73 21
73 21
74 20
75 19
75 19
76 18
76 18
76 18
77 19
77 19
77 20
77 20
77 21
76 22
76 23
76 23
76 24
75 25
75 26
75 26
74 27
74 28
74 28
73 29
73 30
72 31
72 31
72 32
71 33
71 34
71 34
70 35
70 36
70 36
69 37
69 37
69 38
69 38
70 37
70 37
71 37
72 37
72 37
73 36
73 35
73 35
74 35
75 34
76 34
76 34
77 33
78 32
78 32
79 32
80 32
80 32
81 32
81 32
82 33
82 33
82 34
82 35
82 35
82 36
82 37
82 38
82 38
82 39
81 40
81 41
81 41
80 42
80 43
79 44
79 45
79 45
79 46
78 47
78 48
78 49
78 49
77 50
77 51
76 52
76 53
76 53
75 54
75 55
74 56
74 57
74 57
74 58
73 59
73 60
73 61
73 61
72 62
72 63
71 64
71 64
70 65
70 66
70 66
69 67
69 67
68 67
68 67
68 66
68 66
68 65
68 64
68 64
68 63
68 62
68 61
68 61
68 60
69 59
69 58
69 57
69 57
69 56
70 55
70 54
70 54
71 53
71 52
72 51
72 51
73 50
73 49
74 48
74 48
75 47
75 46
76 45
76 45
77 44
77 43
78 42
78 41
78 41
79 40
80 39
81 38
82 37
82 37
83 36
83 35
84 34
84 33
85 32
85 32
86 31
87 30
87 29
88 28
88 28
89 27
89 26
90 25
90 24
91 23
91 23
92 22
92 21
93 20
93 19
94 18
94 17
94 17
95 16
95 15
96 14
96 13
96 13
96 12
96 11
97 10
97 9
97 8
97 8
98 7
98 6
98 6
98 5
98 4
98 4
98 3
98 3
97 3
97 3
96 3
96 3
96 3
95 3
95 3
94 4
94 4
93 5
93 6
93 6
93 7
92 8
92 9
92 9
92 10
91 11
91 12
91 12
91 13
91 14
91 15
91 16
91 16
91 17
90 18
90 19
90 20
90 20
90 21
90 22
90 23
90 24
90 25
90 25
90 26
90 27
90 28
90 28
90 29
90 30
91 31
91 32
91 33
91 33
91 34
92 35
92 36
92 37
92 37
92 38
93 39
93 40
93 41
93 41
93 42
93 43
94 44
94 45
94 46
94 46
94 47
95 48
95 49
95 50
95 50
95 51
95 52
96 53
96 54
96 55
96 55
96 56
97 57
97 58
97 59
98 60
98 61
98 61
98 62
98 63
99 64
99 65
99 66
99 67
99 67
99 68
99 69
99 70
99 71
99 72
99 72
99 73
99 74
100 75
100 76
100 77
100 77
100 78
100 79
100 80
100 81
100 82
100 83
100 83
100 84
100 85
99 86
99 87
99 88
99 89
99 89
99 90
99 91
98 92
98 93
98 94
98 94
98 95
98 96
97 97
97 98
97 99
97 100
