9 17
9 18
9 18
8 17
8 17
9 16
9 16
10 16
10 16
11 16
12 15
13 15
13 15
14 15
15 15
15 15
16 14
17 14
17 14
18 15
18 15
19 16
19 16
20 17
20 18
20 18
20 19
20 20
20 20
20 21
20 22
20 23
20 23
19 24
19 25
18 26
18 27
18 27
17 28
17 29
16 30
16 31
16 31
15 32
15 33
14 34
14 34
13 35
12 36
12 36
11 37
10 37
10 37
9 38
9 38
8 37
8 37
9 37
9 37
10 36
10 35
10 35
11 34
12 33
12 33
13 32
14 31
14 31
15 30
16 30
16 30
17 29
18 29
18 29
19 30
19 30
20 31
20 32
20 32
20 33
21 34
21 35
21 35
21 36
22 37
22 38
22 39
22 39
22 40
23 41
23 42
23 43
23 43
23 44
24 45
24 46
24 47
24 47
24 48
25 49
25 50
25 51
25 51
25 52
25 53
26 54
26 55
26 56
26 57
26 57
26 58
26 59
27 60
27 61
27 62
27 62
27 63
27 64
27 65
27 66
27 67
27 68
27 68
27 69
27 70
27 71
27 72
27 73
27 73
27 74
27 75
27 76
27 77
27 78
27 78
27 79
26 80
26 81
26 82
26 82
26 83
25 84
25 85
25 85
24 86
24 87
24 87
23 88
22 88
22 88
21 89
20 89
20 89
19 89
18 88
17 88
17 88
16 87
15 87
14 86
14 86
13 85
12 85
11 84
10 84
10 84
9 83
8 82
8 81
7 80
6 79
6 79
5 78
4 77
4 76
3 75
2 74
2 74
2 73
1 72
1 71
1 70
0 69
0 68
0 68
0 67
0 66
0 65
0 64
0 63
0 63
0 62
0 61
0 60
0 59
0 59
1 58
1 57
2 56
2 55
2 55
3 54
4 53
4 53
5 52
5 51
5 51
6 50
7 50
7 50
8 51
8 51
9 52
10 53
10 53
10 54
11 55
11 56
11 56
11 57
11 58
11 59
11 60
11 60
11 61
11 62
11 63
11 64
11 64
11 65
11 66
10 67
10 68
10 69
10 69
10 70
10 71
9 72
9 73
9 74
9 74
9 75
8 76
8 77
8 77
8 78
8 79
8 79
8 79
9 79
9 79
10 78
10 77
10 77
11 76
12 75
13 74
13 74
13 73
14 72
14 71
15 70
15 69
16 68
16 67
16 67
17 66
17 65
18 64
19 63
20 62
20 61
21 60
21 60
22 59
23 58
23 57
24 56
25 55
26 54
26 53
27 52
27 52
28 51
29 50
30 49
30 48
31 47
32 46
32 46
33 45
33 44
34 43
34 42
35 41
35 41
36 40
37 40
38 39
38 39
39 38
40 38
40 38
40 38
41 39
41 39
41 40
41 41
41 42
41 42
41 43
40 44
40 45
40 45
40 46
40 47
39 48
39 49
39 50
39 50
39 51
39 52
39 53
39 54
39 54
39 55
39 56
39 57
39 58
39 58
39 59
40 60
40 61
40 61
41 62
41 63
42 64
42 64
43 65
44 65
44 65
45 65
46 66
47 66
47 66
48 67
48 67
49 67
49 67
49 68
49 68
49 68
49 69
49 69
49 69
49 68
49 67
49 66
50 65
50 64
50 63
50 62
50 61
50 60
51 59
51 58
51 57
51 56
51 55
51 54
52 53
52 52
52 51
52 50
52 49
52 48
53 47
53 46
53 45
53 44
53 43
53 42
54 41
54 40
54 39
54 38
54 37
54 36
55 35
55 34
55 33
55 32
55 31
55 30
56 29
56 28
56 27
56 26
56 25
56 24
57 23
57 22
57 21
57 20
57 19
57 18
58 17
58 16
58 15
58 14
58 14
59 13
60 13
60 13
60 12
61 11
61 10
61 10
62 10
62 10
63 11
64 11
64 11
65 12
65 13
65 13
65 14
65 15
65 15
64 16
64 17
63 18
63 18
63 19
62 20
62 21
62 22
62 22
61 23
61 24
60 25
60 25
60 26
59 27
59 28
59 28
60 29
60 30
60 30
61 31
61 32
61 32
62 33
63 34
63 34
64 35
65 36
65 36
66 37
67 37
68 38
68 38
69 39
69 40
69 40
69 41
70 42
70 43
70 43
70 44
69 45
69 46
69 46
69 47
68 48
68 49
68 49
68 50
68 51
68 52
68 52
68 53
67 54
67 55
67 55
67 56
67 57
67 57
67 58
67 59
67 59
68 60
68 61
68 61
69 62
69 63
70 64
70 64
71 65
71 66
71 66
71 67
71 68
71 68
71 69
71 70
71 70
70 71
70 72
70 72
69 73
69 74
68 75
68 75
67 76
66 77
66 77
65 78
64 78
64 78
63 78
62 79
61 79
61 79
60 80
59 80
59 80
58 80
57 80
57 80
56 79
56 79
55 78
55 77
55 77
55 76
54 75
54 74
54 74
54 73
54 72
54 71
54 70
54 70
54 69
55 68
55 67
55 66
55 66
55 65
56 64
56 63
57 62
57 61
57 61
58 60
58 59
59 58
59 57
60 56
60 56
61 55
61 54
62 53
62 52
63 51
63 51
64 50
65 49
66 48
67 47
67 47
68 46
69 45
69 44
70 43
71 42
71 42
72 41
73 40
73 39
74 38
75 37
75 37
76 36
77 35
77 34
78 33
79 32
79 32
80 31
80 30
81 29
82 28
82 27
83 26
83 26
84 25
85 24
85 23
86 22
87 21
87 21
88 20
88 19
89 18
89 17
90 16
90 15
90 15
91 14
92 13
92 12
93 11
93 11
94 10
94 9
95 8
95 7
95 7
96 6
96 5
97 4
97 4
98 3
98 2
98 2
97 1
97 1
96 0
96 0
95 0
94 0
94 0
93 0
92 1
91 1
91 1
90 2
89 3
89 3
88 4
88 5
87 6
87 6
87 7
86 8
86 9
86 9
86 10
86 11
86 12
86 12
86 13
86 14
86 15
86 16
86 16
86 17
86 18
87 19
87 20
87 21
87 21
87 22
88 23
88 24
88 25
88 25
88 26
88 27
89 28
89 29
89 30
89 30
90 31
90 32
91 33
91 34
91 34
91 35
91 36
92 37
92 38
92 39
92 39
92 40
93 41
93 42
94 43
94 44
94 44
95 45
95 46
96 47
96 48
96 48
96 49
97 50
97 51
98 52
98 53
98 53
98 54
98 55
99 56
99 57
99 58
99 59
99 59
99 60
99 61
100 62
100 63
100 64
100 64
100 65
100 66
99 67
99 68
99 69
99 70
99 70
99 71
99 72
99 73
98 74
98 75
98 76
98 77
98 77
98 78
98 79
98 80
97 81
97 82
97 83
97 84
97 84
97 85
96 86
96 87
96 88
95 89
95 90
95 90
94 91
94 92
93 93
93 94
93 94
93 95
92 96
92 97
92 98
92 98
91 99
90 100
