3 8
3 9
3 9
2 9
2 9
2 9
2 9
2 9
2 9
2 8
2 8
2 8
2 8
2 8
2 8
2 8
2 8
2 8
3 7
3 7
4 6
5 6
5 6
6 5
6 5
7 5
8 5
8 5
9 5
10 5
10 5
11 6
11 6
12 7
12 8
12 8
13 9
13 9
13 10
13 11
13 11
13 12
13 13
13 13
13 14
13 14
12 15
12 16
12 16
11 17
10 18
10 18
10 19
9 20
9 21
9 21
8 22
7 23
7 23
6 24
5 25
5 25
4 26
4 27
4 27
3 28
3 28
3 28
3 28
4 27
4 27
5 26
5 26
6 25
7 25
7 25
8 24
8 23
8 23
9 22
10 21
10 21
11 20
12 20
12 20
13 19
14 19
14 19
15 19
15 19
16 18
16 18
17 18
17 18
17 18
17 18
17 18
17 18
17 18
17 18
17 18
17 18
17 18
17 18
17 18
17 18
17 19
17 19
18 19
18 19
18 19
19 20
19 20
19 21
19 22
19 22
19 23
20 24
20 25
20 25
20 26
20 27
20 28
20 29
20 30
20 30
20 31
20 32
21 33
21 34
21 35
21 36
21 36
21 37
21 38
22 39
22 40
22 41
22 41
22 42
22 43
22 44
22 45
22 45
22 46
23 47
23 48
23 49
23 49
23 50
23 51
23 52
23 52
23 53
23 54
23 55
23 55
23 56
23 57
23 58
23 58
23 59
23 60
23 60
23 61
22 62
22 63
22 63
21 64
21 65
21 65
20 66
20 67
20 67
19 68
19 68
18 69
18 69
17 70
17 70
16 69
15 69
15 69
14 69
14 69
13 68
13 68
12 67
11 66
11 66
10 65
9 64
9 64
8 63
8 62
8 62
8 61
7 60
7 59
7 59
6 58
6 57
5 56
5 56
5 55
4 54
4 53
4 52
4 52
4 51
3 50
3 49
3 48
3 48
3 47
2 46
2 45
2 44
2 44
2 43
1 42
1 41
1 40
1 40
0 39
0 38
0 38
0 37
0 36
0 36
0 35
0 34
0 34
0 33
0 33
0 32
0 31
0 31
0 30
0 30
0 30
0 29
0 29
1 29
1 29
1 29
2 29
2 29
3 28
3 28
4 28
4 28
5 28
5 28
6 28
6 28
7 28
7 28
8 28
8 28
9 28
9 28
9 29
9 29
10 30
10 30
10 31
10 32
10 32
10 33
10 33
9 34
9 35
9 35
9 36
9 37
9 37
8 38
8 39
8 39
7 40
7 41
7 41
6 42
6 43
6 43
5 44
5 44
4 45
4 46
4 46
3 47
3 47
2 48
2 48
2 49
2 49
1 49
1 49
1 49
2 48
2 48
3 47
3 47
4 46
4 45
4 45
5 44
6 43
6 43
7 42
8 42
9 41
9 41
10 40
10 39
11 38
11 38
12 37
13 37
14 36
14 36
15 35
16 34
17 33
17 33
18 32
19 31
20 30
20 30
21 29
21 28
22 27
22 27
23 26
24 25
24 25
25 24
26 23
26 23
26 22
26 22
27 21
27 21
27 21
27 21
27 21
27 21
27 21
27 21
27 21
27 21
27 21
27 21
27 21
26 22
26 22
26 23
26 23
25 24
25 25
25 25
24 26
24 27
24 27
24 28
24 29
24 29
24 30
24 31
24 31
24 32
24 33
24 33
24 34
24 35
24 35
25 36
25 37
25 37
26 38
27 38
27 38
28 38
29 38
29 38
30 38
31 37
32 37
33 37
33 37
34 37
35 36
36 36
37 36
37 36
38 35
39 35
40 34
40 34
41 33
42 32
42 32
43 32
44 31
45 31
45 31
45 31
46 31
46 31
45 31
45 31
45 30
45 29
45 28
45 27
46 26
46 25
46 24
46 23
46 22
46 21
46 20
46 19
46 18
47 17
47 16
47 15
47 14
47 13
47 12
47 11
47 10
47 9
48 8
48 7
48 6
48 5
48 4
48 4
49 4
49 4
49 4
49 4
49 3
49 3
50 2
50 2
51 1
51 1
52 1
52 1
52 1
53 0
53 0
54 1
54 1
54 1
55 1
55 1
56 1
56 1
57 1
57 1
58 2
58 2
59 3
59 3
59 4
59 4
60 5
60 5
60 6
60 7
60 7
59 8
59 9
59 9
58 10
58 11
58 11
57 12
57 12
56 13
56 14
56 14
55 15
54 16
54 16
53 17
53 18
52 19
52 19
51 20
50 20
50 20
50 21
50 22
50 22
50 22
50 22
50 22
51 22
51 22
52 21
52 21
53 20
54 19
54 19
55 18
55 18
56 17
56 17
57 17
57 17
58 16
58 16
58 16
58 16
58 16
58 16
58 16
58 16
58 16
58 16
58 16
58 17
58 17
58 17
58 17
58 17
58 18
58 18
57 19
57 19
57 20
57 21
57 21
57 22
57 23
57 24
57 24
56 25
56 26
56 26
56 27
56 28
56 28
56 29
56 29
56 30
56 31
56 31
56 31
57 31
57 31
58 32
58 32
59 31
60 31
60 31
61 31
62 31
62 31
63 30
64 29
64 29
65 29
66 28
67 28
67 28
68 27
69 26
69 26
70 25
71 24
71 24
72 23
73 22
73 22
74 21
74 20
74 20
74 19
74 19
74 19
73 18
73 18
73 18
72 18
72 18
72 17
72 17
71 17
71 17
71 17
71 17
71 17
70 17
70 17
70 17
70 17
70 18
70 18
70 18
70 18
70 18
70 19
70 19
70 20
70 20
70 21
70 22
70 22
70 23
70 24
70 25
70 25
70 26
70 27
70 28
70 29
70 29
70 30
70 31
70 32
70 32
70 33
70 34
70 35
70 35
70 36
70 37
70 38
70 38
70 39
70 40
70 40
70 41
70 42
70 42
70 43
70 43
70 44
70 44
70 44
69 44
69 44
69 44
68 44
68 44
67 44
67 44
66 44
66 44
65 44
64 44
64 44
63 44
62 44
62 44
61 45
61 45
60 45
59 45
59 45
58 45
58 45
57 45
57 45
57 45
56 44
56 44
56 44
57 43
57 43
58 42
58 41
58 41
59 40
60 39
60 39
61 38
62 37
63 36
63 36
64 35
65 34
66 34
67 33
67 33
68 32
69 31
70 31
71 30
71 30
72 29
73 29
74 28
75 28
76 27
76 27
77 26
78 26
79 25
80 25
81 24
81 24
82 23
83 22
84 22
85 21
86 20
86 20
87 19
88 18
89 18
90 17
90 17
91 16
92 15
93 15
94 14
94 14
95 13
96 13
97 12
97 12
98 11
99 10
99 10
100 9
100 9
99 9
99 9
98 8
98 8
97 8
97 8
96 7
96 7
95 6
94 6
94 6
93 6
92 6
92 6
91 5
90 5
90 5
89 5
89 5
88 4
87 4
87 4
86 4
86 4
85 4
85 4
85 4
85 4
85 4
85 4
85 4
85 4
85 4
85 4
85 4
85 4
85 4
85 4
85 4
84 5
84 5
84 6
84 6
84 7
84 7
83 8
83 9
83 9
83 10
83 11
83 12
83 13
83 13
83 14
82 15
82 16
82 17
82 17
82 18
82 19
82 20
82 21
82 22
82 23
82 24
82 24
82 25
82 26
81 27
81 28
81 29
81 29
81 30
81 31
80 32
80 33
80 34
80 35
80 35
80 36
80 37
81 38
81 39
81 40
81 40
81 41
82 42
82 43
82 44
82 44
83 45
84 46
85 47
85 47
86 48
87 49
87 50
88 51
88 51
88 52
89 53
89 54
90 55
90 56
90 56
90 57
90 58
90 59
90 60
90 61
90 61
90 62
90 63
90 64
89 65
89 66
89 67
89 68
89 68
88 69
88 70
87 71
86 72
86 73
85 74
84 75
84 76
83 77
83 77
82 78
82 79
81 80
80 81
80 82
79 83
78 84
78 85
77 86
76 87
76 88
75 89
75 89
74 90
73 91
72 92
71 93
70 94
70 95
69 96
68 97
67 98
66 99
65 100
