2 15
2 14
2 13
1 12
1 11
1 10
1 10
0 9
0 8
0 8
0 7
0 6
0 6
0 5
0 5
1 4
1 4
2 3
2 3
3 2
4 2
4 2
5 2
6 2
6 2
7 2
8 2
9 2
9 2
10 2
11 3
12 3
12 3
13 3
14 3
15 3
15 3
16 4
17 4
17 4
18 5
19 5
19 5
20 5
20 5
21 6
21 6
22 7
22 7
22 8
22 9
22 9
21 10
21 11
20 12
20 12
19 13
18 14
18 14
17 15
17 16
16 17
16 18
16 18
15 19
14 20
14 21
13 22
13 22
12 23
11 24
10 25
9 26
9 26
8 27
7 28
7 29
6 30
6 30
5 31
5 32
4 33
4 34
4 34
3 35
2 35
2 35
2 35
2 35
2 34
2 34
3 33
3 32
3 32
4 31
4 30
4 30
5 29
5 28
6 27
6 27
7 26
8 26
9 25
9 25
10 24
11 23
11 23
12 22
13 22
14 21
14 21
15 20
16 20
16 20
17 20
18 20
19 20
19 20
20 21
21 21
21 21
22 22
22 23
23 24
23 24
23 25
24 26
24 27
24 28
24 28
24 29
25 30
25 31
25 32
26 33
26 34
26 34
26 35
26 36
27 37
27 38
27 39
27 40
27 40
27 41
27 42
27 43
27 44
27 45
27 46
27 47
27 48
27 48
27 49
27 50
27 51
27 52
28 53
28 54
28 55
28 56
28 57
28 57
28 58
28 59
28 60
27 61
27 62
27 63
27 64
27 64
27 65
27 66
27 67
27 68
27 69
27 70
27 71
27 71
27 72
27 73
27 74
27 75
27 76
27 77
27 77
27 78
27 79
27 80
27 81
27 81
27 82
27 83
27 84
27 84
27 85
27 85
26 86
26 86
25 86
25 86
24 85
23 85
23 85
22 84
21 83
20 82
19 81
18 80
17 79
16 78
15 77
14 76
13 75
12 74
11 73
10 72
10 72
9 71
9 70
8 69
8 68
7 67
7 67
7 66
6 65
6 64
6 64
5 63
5 62
5 62
5 61
5 60
5 60
5 59
5 58
5 58
5 57
6 56
6 55
6 54
6 54
7 53
7 52
8 51
8 51
9 50
10 49
10 49
11 48
12 47
12 47
13 46
14 46
15 45
15 45
16 45
17 45
18 45
18 45
19 46
19 46
20 47
20 48
20 48
20 49
20 50
20 51
20 51
20 52
19 53
19 54
19 55
19 55
19 56
19 57
18 58
18 59
18 60
18 60
18 61
17 62
17 63
16 64
16 65
16 65
15 66
15 67
14 68
14 69
14 69
14 70
13 71
13 72
13 72
13 72
13 72
13 71
13 71
13 70
13 69
13 68
13 67
13 67
13 66
14 65
14 64
15 63
15 62
15 62
15 61
16 60
16 59
17 58
17 57
17 57
18 56
18 55
19 54
19 53
20 52
20 51
20 51
21 50
21 49
22 48
23 47
23 46
24 45
24 45
25 44
26 43
26 42
27 41
27 41
28 40
29 39
29 38
30 37
30 37
31 36
32 35
33 34
33 34
34 33
35 33
35 33
36 32
36 32
36 33
36 33
36 34
36 35
36 35
36 36
35 37
35 38
35 39
35 39
35 40
35 41
34 42
34 43
34 44
34 44
34 45
33 46
33 47
33 48
32 49
32 50
32 50
32 51
31 52
31 53
31 53
31 54
31 55
31 55
32 56
32 56
33 56
33 56
34 55
35 55
35 55
36 54
37 53
37 53
38 52
39 52
40 51
40 51
41 50
41 49
42 48
42 48
43 47
44 46
44 46
45 45
45 44
46 43
46 43
46 42
46 41
46 40
46 39
46 38
46 37
46 36
45 35
45 34
45 33
45 32
45 31
45 30
45 29
45 28
45 27
45 26
45 25
45 24
45 23
45 22
45 21
44 20
44 19
44 18
44 17
44 16
44 15
44 14
44 13
44 13
44 12
44 11
44 10
44 9
44 8
44 8
44 7
44 7
44 6
44 6
44 5
44 5
45 5
45 5
45 5
46 4
46 4
47 4
47 4
48 4
48 4
49 4
50 4
50 4
51 5
52 5
52 5
53 5
53 5
54 6
54 7
54 7
55 8
55 9
55 9
55 10
55 11
55 12
55 12
55 13
54 14
54 15
54 15
54 16
53 17
53 18
53 19
53 19
53 20
52 21
52 22
52 23
52 23
52 24
51 25
51 26
51 26
51 27
51 27
52 28
52 28
53 28
53 28
54 27
54 27
55 26
55 26
55 25
56 24
56 23
56 23
57 22
57 21
58 20
58 20
58 19
59 18
59 17
59 17
59 16
60 15
60 14
60 14
61 14
62 14
62 14
63 14
63 14
64 14
64 14
65 15
65 16
65 16
65 17
66 18
66 19
66 19
66 20
67 21
67 22
67 23
67 23
67 24
67 25
67 26
67 26
67 27
68 28
68 29
68 30
68 30
68 31
68 32
68 33
68 33
69 34
69 35
69 35
69 36
69 36
70 37
70 37
70 37
71 36
71 35
71 35
72 34
72 33
72 33
72 32
72 31
72 30
72 29
72 29
72 28
73 27
73 26
73 25
73 25
74 24
75 23
75 23
75 22
75 22
76 22
76 22
76 23
76 23
76 24
76 24
77 25
77 26
77 26
77 27
77 28
77 29
77 29
77 30
77 31
77 32
77 32
77 33
77 34
77 35
77 35
77 36
77 37
77 38
77 39
77 39
77 40
77 41
77 42
77 42
77 43
76 44
76 45
76 46
76 46
76 47
75 48
75 49
75 49
74 50
74 51
73 52
73 52
72 53
72 54
72 54
71 54
71 54
70 54
70 54
69 53
69 52
69 52
69 51
69 50
69 50
69 49
69 48
69 47
69 47
69 46
70 45
70 44
70 44
71 43
71 42
72 41
72 40
72 40
73 39
74 38
75 37
75 37
76 36
77 35
78 34
78 34
79 33
80 32
80 31
81 30
81 30
82 29
83 28
84 28
85 27
85 27
86 26
87 25
87 24
88 23
88 23
89 22
90 21
91 20
91 20
92 19
92 18
93 17
93 16
93 16
94 15
94 14
95 13
95 13
95 12
96 11
96 10
96 10
96 9
97 8
97 7
97 7
97 6
97 5
97 5
96 4
96 4
95 3
94 2
94 2
93 1
93 1
92 1
91 1
91 1
90 0
89 0
89 0
88 1
88 1
87 2
87 2
86 3
86 3
86 4
86 5
86 6
86 6
86 7
86 8
86 9
86 9
86 10
86 11
86 12
86 12
86 13
87 14
87 15
87 16
87 16
87 17
88 18
88 19
88 19
88 20
88 21
89 22
89 23
89 24
89 24
89 25
90 26
90 27
90 28
90 28
91 29
91 30
92 31
92 32
92 32
92 33
93 34
93 35
93 36
93 36
94 37
94 38
95 39
95 40
95 40
95 41
95 42
96 43
96 44
96 45
96 45
96 46
97 47
97 48
97 49
97 50
98 51
98 52
98 52
98 53
98 54
98 55
99 56
99 57
99 58
99 59
99 60
99 60
99 61
99 62
99 63
99 64
100 65
100 66
100 67
100 68
100 69
100 69
100 70
100 71
100 72
99 73
99 74
99 75
99 76
99 76
99 77
99 78
98 79
98 80
98 81
98 82
98 82
98 83
97 84
97 85
96 86
96 87
96 87
96 88
95 89
95 90
94 91
94 92
93 93
93 94
93 94
92 95
92 96
91 97
91 98
90 99
90 100
