0 27
0 26
0 25
0 25
0 24
0 24
1 24
1 24
2 23
2 23
3 22
3 22
4 22
5 22
5 22
6 22
7 21
8 21
8 21
9 21
10 21
11 21
11 21
12 21
13 21
14 21
14 21
15 21
16 22
17 22
17 22
18 22
19 22
19 22
20 23
20 23
21 24
21 24
21 25
21 25
20 26
20 27
20 27
20 28
19 29
19 30
19 30
18 31
18 32
17 33
17 33
16 34
16 35
15 36
15 37
15 37
14 38
14 39
13 40
13 40
12 41
11 42
11 42
10 43
9 44
9 44
9 45
9 45
8 45
8 45
8 45
9 44
9 44
9 43
9 43
10 42
10 42
11 41
12 40
12 40
13 39
13 39
14 38
15 38
15 38
16 38
17 38
17 38
18 39
19 39
19 39
20 40
20 41
21 42
21 42
22 43
22 44
23 45
23 46
23 46
23 47
24 48
24 49
24 50
24 51
25 52
25 53
25 53
25 54
25 55
25 56
26 57
26 58
26 59
26 60
26 60
26 61
26 62
26 63
27 64
27 65
27 66
27 67
27 68
27 68
27 69
27 70
27 71
28 72
28 73
28 74
28 75
28 76
28 76
28 77
28 78
28 79
28 80
28 81
28 82
28 82
28 83
28 84
28 85
28 86
28 87
28 88
28 88
28 89
28 90
28 91
28 92
28 92
28 93
28 94
28 94
27 95
27 95
26 94
25 93
24 92
23 91
23 90
22 89
21 88
20 87
19 86
18 85
17 84
16 83
16 82
15 81
14 80
13 79
13 79
13 78
12 77
12 76
11 75
11 74
11 74
10 73
10 72
10 72
10 71
10 70
10 70
11 69
11 68
11 68
12 67
12 66
13 65
13 65
14 64
14 63
15 62
15 61
15 61
16 60
17 59
17 59
18 59
18 59
19 59
20 59
20 59
21 60
21 61
21 61
21 62
21 63
21 64
21 64
21 65
21 66
21 67
21 67
21 68
20 69
20 70
20 71
20 71
20 72
19 73
19 74
19 75
19 75
19 76
18 77
18 78
17 79
17 80
17 80
17 81
16 82
16 83
16 84
16 84
15 85
15 86
15 86
14 87
14 87
14 87
15 86
15 85
15 85
15 84
15 83
16 82
16 81
16 80
16 80
16 79
16 78
17 77
17 76
17 75
17 75
18 74
18 73
19 72
19 71
20 70
20 70
20 69
21 68
21 67
21 66
22 65
22 64
22 64
23 63
23 62
24 61
24 60
25 59
25 59
26 58
26 57
27 56
27 55
28 54
28 54
29 53
30 52
31 51
31 51
32 50
32 49
33 48
33 48
34 47
35 46
35 46
36 46
36 46
37 47
37 47
37 48
37 49
37 49
37 50
37 51
37 52
37 52
37 53
37 54
37 55
37 56
37 56
37 57
36 58
36 59
36 60
36 60
36 61
36 62
36 63
36 63
37 64
37 64
38 64
39 64
39 64
40 63
40 62
40 62
41 61
42 60
42 60
43 59
44 58
44 57
45 56
45 56
45 55
46 54
46 53
46 52
46 52
47 51
47 50
48 49
48 48
48 48
48 47
48 46
49 45
49 44
49 43
49 43
49 42
49 41
49 40
49 39
49 39
49 38
49 37
50 36
50 35
50 34
50 33
50 33
50 32
50 31
51 30
51 29
51 28
51 28
51 27
51 26
51 25
51 24
51 23
51 22
51 22
51 21
51 20
51 19
51 18
51 17
51 17
51 16
51 15
51 14
51 14
51 13
51 12
51 11
51 11
51 10
51 10
50 10
50 10
50 10
50 10
50 10
51 10
51 10
52 11
53 11
53 11
54 11
55 11
55 11
56 11
56 11
57 12
58 12
58 12
59 13
59 13
59 14
59 14
59 15
59 16
59 17
59 17
59 18
58 19
58 20
58 21
58 21
57 22
57 23
56 24
56 25
56 25
56 26
55 27
55 28
54 29
54 30
54 30
54 31
53 32
53 33
53 34
53 34
53 35
52 36
52 37
52 37
52 38
52 38
53 39
53 40
53 40
54 40
54 40
55 39
56 39
56 39
57 38
58 37
58 37
59 36
59 35
60 34
60 34
61 33
61 32
62 31
62 31
63 30
63 29
63 29
64 29
64 29
65 30
66 30
66 30
67 31
67 32
67 32
67 33
68 34
68 35
68 35
69 36
69 37
70 38
70 38
71 39
71 40
71 40
72 41
72 42
72 42
73 43
73 43
74 43
74 43
75 42
75 42
76 41
76 41
77 40
77 40
77 39
77 38
77 37
77 37
78 36
78 35
78 35
78 34
78 33
78 33
78 34
78 34
79 35
79 35
79 36
79 37
79 38
79 38
79 39
79 40
79 41
79 41
79 42
80 43
80 44
80 45
80 45
80 46
80 47
80 48
80 49
80 50
80 50
80 51
79 52
79 53
79 54
79 54
79 55
79 56
78 57
78 58
78 59
78 59
78 60
77 61
77 62
77 63
77 63
76 64
76 65
76 65
75 66
74 67
74 67
73 67
72 67
72 67
71 67
70 67
70 67
69 66
68 65
68 65
68 64
67 63
67 62
67 62
67 61
68 60
68 59
68 58
68 58
68 57
69 56
69 55
69 54
69 54
70 53
71 52
71 51
72 50
72 50
73 49
73 48
74 47
74 46
75 45
75 45
76 44
76 43
77 42
77 41
78 40
78 40
79 39
80 38
81 37
82 36
82 36
83 35
83 34
84 33
84 32
85 31
85 31
86 30
87 29
87 28
88 27
89 26
89 26
90 25
90 24
91 23
91 22
91 22
92 21
93 20
93 19
94 18
94 18
95 17
95 16
96 15
96 14
96 14
97 13
97 12
98 11
98 10
98 10
98 9
99 8
99 7
99 6
99 6
99 5
99 4
99 4
99 3
99 2
99 2
98 1
98 1
97 0
97 0
96 0
95 0
95 0
94 0
93 1
92 1
92 1
91 2
90 3
90 3
89 4
89 5
88 6
88 6
88 7
87 8
87 9
87 9
87 10
86 11
86 12
86 12
86 13
86 14
85 15
85 16
85 17
85 17
85 18
86 19
86 20
86 21
86 21
86 22
86 23
86 24
86 25
86 26
86 26
86 27
86 28
87 29
87 30
87 31
87 32
87 32
87 33
88 34
88 35
89 36
89 37
89 37
90 38
90 39
91 40
91 41
91 41
92 42
93 43
93 44
94 45
94 45
94 46
95 47
95 48
95 49
96 50
96 51
96 51
96 52
97 53
97 54
97 55
98 56
98 57
98 57
98 58
98 59
98 60
99 61
99 62
99 63
99 64
99 64
99 65
99 66
99 67
100 68
100 69
100 70
100 71
100 71
100 72
100 73
100 74
99 75
99 76
99 77
99 78
99 79
99 79
99 80
99 81
99 82
98 83
98 84
98 85
98 86
98 86
97 87
97 88
96 89
96 90
95 91
95 92
95 92
95 93
94 94
94 95
93 96
93 97
93 97
92 98
91 98
90 99
90 99
89 99
88 100
87 100
86 100
86 100
85 99
84 99
83 98
