0 24
0 23
0 22
1 21
1 20
1 19
1 18
1 18
2 17
2 16
2 16
3 15
3 14
3 14
4 13
5 12
5 12
6 11
7 11
7 11
8 10
9 10
9 10
10 10
11 9
12 9
12 9
13 8
14 8
14 8
15 8
16 8
16 8
17 8
18 8
18 8
19 8
20 8
20 8
21 8
21 8
22 9
22 9
22 10
22 10
22 11
22 12
22 12
21 13
21 14
21 14
20 15
20 16
19 17
19 18
19 18
18 19
18 20
17 21
17 22
17 22
16 23
16 24
15 25
15 26
14 27
14 27
13 28
13 29
12 30
12 31
12 31
11 32
10 33
10 33
9 34
9 35
9 35
9 36
9 36
9 36
9 36
9 35
9 35
10 34
10 34
10 33
11 32
11 31
11 31
12 30
12 29
13 28
13 28
14 27
14 26
15 25
15 25
16 24
17 23
17 23
18 22
19 21
19 21
20 20
21 20
21 20
22 20
22 20
23 21
24 21
24 21
25 22
26 23
26 23
26 24
27 25
27 26
27 27
27 27
27 28
28 29
28 30
29 31
29 32
29 32
29 33
30 34
30 35
30 36
30 37
31 38
31 39
31 40
31 40
31 41
31 42
31 43
31 44
32 45
32 46
32 47
32 48
32 49
32 49
32 50
32 51
32 52
32 53
33 54
33 55
33 56
33 57
33 58
33 58
33 59
33 60
33 61
33 62
33 63
33 64
33 65
33 66
33 67
33 67
33 68
33 69
33 70
33 71
33 72
33 73
33 74
33 74
33 75
33 76
33 77
33 78
33 79
33 80
33 81
33 81
33 82
33 83
32 84
32 85
32 86
32 87
32 87
32 88
31 89
31 90
31 91
31 91
30 92
30 93
30 93
29 94
29 94
28 93
28 93
27 92
26 91
26 91
25 90
24 89
24 88
23 87
23 87
22 86
22 85
21 84
20 83
20 82
19 81
18 80
17 79
17 78
16 77
15 76
15 75
14 74
14 74
13 73
12 72
12 71
11 70
10 69
10 69
9 68
8 67
8 67
8 66
8 65
8 65
7 64
7 64
8 63
8 62
8 62
8 61
9 60
9 59
9 58
9 58
10 57
10 56
11 55
11 54
11 54
12 53
13 52
13 52
14 51
15 50
15 50
16 50
17 49
18 49
18 49
19 49
20 49
20 49
21 50
21 51
21 51
22 52
22 53
22 53
22 54
22 55
22 56
22 57
22 57
22 58
22 59
21 60
21 61
21 62
21 62
21 63
21 64
20 65
20 66
20 67
20 68
20 68
20 69
19 70
19 71
19 72
19 73
18 74
18 75
18 75
18 76
17 77
17 78
17 79
16 80
16 81
16 81
16 82
15 83
15 84
15 85
14 86
14 87
14 87
14 88
13 89
13 90
13 91
13 91
12 92
12 92
12 92
13 91
13 90
13 90
13 89
14 88
14 87
15 86
15 85
15 85
15 84
16 83
16 82
16 81
17 80
17 79
17 78
18 77
18 76
18 75
19 74
19 73
19 72
20 71
20 70
20 69
20 68
21 67
21 66
21 65
22 64
22 63
22 62
23 61
23 60
23 59
24 58
24 57
24 56
25 55
25 54
25 54
26 53
26 52
27 51
27 50
28 49
28 48
29 47
29 46
30 45
30 44
31 43
31 42
32 41
32 41
33 40
33 39
34 38
34 37
35 36
35 36
36 35
37 34
37 33
38 32
38 32
39 31
40 30
40 30
41 29
42 28
42 28
43 28
43 28
44 28
44 28
43 29
43 30
43 30
43 31
43 32
43 33
43 34
43 34
43 35
42 36
42 37
41 38
41 39
41 39
41 40
40 41
40 42
39 43
39 44
39 44
39 45
38 46
38 47
37 48
37 49
37 49
37 50
37 51
36 52
36 53
36 54
36 54
36 55
36 56
36 56
37 57
37 57
38 57
39 57
39 57
40 56
41 56
41 56
42 55
43 54
43 54
44 53
45 53
46 52
46 52
47 51
47 50
48 49
48 49
49 48
50 47
50 47
51 46
51 45
52 44
52 44
52 43
53 42
53 41
53 41
53 40
53 39
53 38
53 37
53 36
53 35
53 34
53 33
53 32
53 31
53 30
53 29
53 28
52 27
52 26
52 25
52 24
52 23
52 22
52 21
52 20
52 19
52 18
52 17
52 16
52 15
52 14
52 14
51 13
51 12
50 11
50 10
50 10
50 9
50 8
50 8
50 7
50 7
50 6
50 6
51 6
51 6
52 6
52 6
53 6
53 6
54 6
55 6
55 6
56 7
57 7
57 7
58 8
58 8
58 9
58 10
58 11
58 11
58 12
58 13
58 14
58 15
58 15
58 16
58 17
58 18
58 19
58 19
58 20
58 21
57 22
57 23
57 24
57 24
57 25
57 26
57 27
57 28
57 28
57 29
57 30
57 31
57 31
57 32
57 32
58 32
58 32
59 32
60 32
60 32
61 31
61 30
61 30
62 29
62 28
63 27
63 27
64 26
64 25
65 24
65 24
65 23
65 22
66 21
66 20
66 19
66 19
67 18
68 17
68 17
69 16
69 15
69 15
70 16
70 16
71 17
71 18
71 18
71 19
72 20
72 21
72 22
72 22
72 23
73 24
73 25
73 26
73 26
73 27
73 28
74 29
74 30
74 31
74 31
74 32
74 33
75 34
75 35
75 36
75 36
75 37
75 38
75 39
75 40
75 40
75 41
75 42
75 43
75 44
75 44
75 45
75 46
75 47
75 47
75 48
75 49
75 50
75 51
75 51
74 52
74 53
74 53
74 54
74 55
74 55
73 56
73 56
72 57
72 57
71 57
71 57
70 56
70 56
69 55
69 54
69 54
68 53
68 52
68 52
68 51
67 50
67 49
67 49
67 48
67 47
67 47
67 46
67 45
67 44
67 44
68 43
68 42
68 42
69 41
69 40
70 39
70 39
71 38
71 37
72 36
72 36
73 35
73 34
74 33
74 33
75 32
76 31
77 30
77 30
78 29
79 28
79 28
80 27
81 26
82 26
83 25
83 25
84 24
85 23
85 22
86 21
86 21
87 20
88 19
89 18
89 18
90 17
91 16
92 15
92 15
93 14
94 13
95 12
95 12
96 11
96 10
97 9
97 9
98 8
98 7
98 7
99 6
99 5
99 5
99 4
99 4
98 3
98 3
97 2
97 2
96 1
95 1
95 1
94 0
93 0
93 0
92 0
91 0
90 0
90 0
89 1
88 1
88 1
87 2
87 2
86 3
86 4
86 4
86 5
85 6
85 7
85 7
85 8
84 9
84 10
84 10
84 11
84 12
84 13
84 14
84 14
84 15
84 16
84 17
84 18
84 18
84 19
84 20
84 21
84 22
84 23
84 23
84 24
84 25
85 26
85 27
85 28
85 28
85 29
85 30
86 31
86 32
86 33
86 33
87 34
87 35
88 36
88 37
88 37
89 38
89 39
90 40
90 40
91 41
92 42
93 43
93 43
94 44
95 45
96 46
96 46
96 47
97 48
97 49
98 50
98 51
98 51
98 52
98 53
99 54
99 55
99 56
99 56
99 57
99 58
100 59
100 60
100 61
100 62
100 62
100 63
100 64
99 65
99 66
99 67
99 68
99 68
99 69
98 70
98 71
98 72
98 73
97 74
97 75
97 75
97 76
96 77
96 78
95 79
95 80
94 81
94 82
94 82
93 83
93 84
92 85
92 86
91 87
91 88
90 89
90 90
90 90
89 91
88 92
88 93
87 94
86 95
86 95
85 96
84 97
83 98
82 99
82 99
81 99
80 100
79 100
78 100
