0 3
0 2
0 1
0 1
0 1
0 0
0 0
0 1
0 2
0 2
0 3
0 4
0 4
0 5
0 6
0 7
0 7
0 8
0 9
0 10
0 11
0 11
0 12
0 13
1 14
1 15
1 16
1 17
1 17
1 18
1 19
1 20
1 21
1 22
1 22
1 23
1 24
1 25
1 26
1 27
1 28
1 29
1 29
1 30
1 31
1 32
2 33
2 34
2 35
2 36
2 36
2 37
2 38
2 39
2 40
3 41
3 42
3 43
3 44
3 45
3 45
3 46
3 47
3 48
3 49
3 50
3 51
3 52
3 53
3 54
3 54
3 55
3 56
3 57
3 58
4 59
4 60
4 61
4 62
4 63
4 63
4 64
4 65
4 66
5 67
5 68
5 69
5 70
5 71
5 71
5 72
5 73
5 74
6 75
6 76
6 77
6 78
6 79
6 79
6 80
6 81
6 82
7 83
7 84
7 85
7 86
7 86
7 87
7 88
8 89
8 90
8 91
8 91
8 92
9 93
9 94
9 95
9 95
10 96
10 97
10 97
10 98
10 99
10 99
11 100
11 100
12 100
12 100
12 100
12 99
13 98
13 97
13 97
13 96
14 95
14 94
14 93
14 93
14 92
14 91
14 90
14 89
14 88
14 88
14 87
14 86
15 85
15 84
15 83
15 82
15 82
15 81
15 80
15 79
16 78
16 77
16 76
16 75
16 74
16 74
16 73
17 72
17 71
17 70
17 69
18 68
18 67
18 66
18 66
18 65
18 64
18 63
18 62
19 61
19 60
19 59
19 58
19 57
19 57
19 56
19 55
20 54
20 53
20 52
20 51
21 50
21 49
21 48
21 48
21 47
22 46
22 45
22 44
22 43
23 42
23 41
23 40
23 40
23 39
23 38
23 37
24 36
24 35
24 34
24 33
24 32
24 32
24 31
25 30
25 29
25 28
25 27
26 26
26 25
26 24
26 24
26 23
27 22
27 21
27 20
28 19
28 18
28 18
28 17
28 16
29 15
29 14
29 13
29 13
29 12
30 11
30 10
30 10
30 9
30 8
30 8
30 7
30 6
30 6
30 5
30 5
30 5
30 5
30 6
30 7
30 8
30 9
30 10
30 11
30 12
30 13
30 14
30 15
30 16
30 17
30 18
30 19
30 20
30 21
30 22
30 23
30 24
30 25
30 26
30 27
30 28
30 29
30 30
30 31
30 32
30 33
30 34
30 35
30 36
30 37
30 38
30 39
30 40
30 41
30 42
30 43
30 44
30 45
30 46
30 47
30 48
30 49
30 50
30 51
30 52
30 53
30 54
30 55
30 56
30 57
30 58
30 59
30 60
30 61
30 62
30 63
30 64
30 65
30 66
30 67
30 67
30 68
30 69
30 70
30 71
30 72
30 73
30 74
30 75
30 76
30 77
30 77
30 78
31 79
31 80
31 81
31 81
31 82
31 83
31 83
31 84
31 85
31 86
31 86
31 87
32 88
32 89
32 89
32 90
32 91
32 92
32 92
33 93
33 94
33 94
33 95
33 95
34 96
34 97
34 97
35 98
35 98
35 98
36 98
36 98
37 97
37 96
37 96
38 95
38 94
38 94
38 93
38 92
38 92
38 91
39 90
39 89
39 89
39 88
40 87
40 86
40 86
40 85
40 84
40 83
40 82
40 81
40 81
40 80
40 79
40 78
40 78
40 77
41 76
41 75
41 75
40 74
40 73
40 73
40 72
40 72
39 71
39 71
39 71
38 71
38 71
37 72
37 73
37 73
36 74
36 74
36 75
36 76
36 76
36 77
35 78
35 79
35 79
35 80
35 81
35 81
35 82
35 83
35 84
35 84
35 85
36 86
36 87
36 87
36 88
36 89
36 90
36 90
36 91
37 92
37 93
37 93
38 94
38 95
38 95
39 96
40 96
40 96
41 97
42 97
42 97
43 96
43 96
44 95
45 95
45 95
46 94
47 94
47 94
48 93
48 92
49 91
49 91
50 90
51 89
51 89
51 88
52 87
52 86
52 86
52 85
53 84
53 83
53 83
54 82
54 81
54 81
54 80
54 79
54 78
54 78
54 77
55 76
55 75
55 75
55 74
55 73
55 73
54 72
54 71
54 71
54 71
53 72
53 72
53 73
53 73
52 74
52 75
52 75
52 76
52 77
52 78
52 78
52 79
52 80
52 81
52 81
52 82
52 83
52 84
52 84
52 85
52 86
52 87
52 88
52 88
52 89
52 90
52 91
52 91
52 92
52 93
52 94
52 94
52 95
52 96
52 97
52 97
53 98
53 98
53 99
53 99
53 99
54 98
54 98
54 97
54 96
54 96
54 95
55 94
55 93
55 93
55 92
55 91
55 90
55 90
55 89
56 88
56 87
56 86
56 86
57 85
57 84
58 83
58 83
59 82
59 81
59 81
60 80
60 80
61 79
62 79
62 79
63 79
63 79
64 78
64 78
65 78
66 78
66 78
67 78
67 78
68 78
68 78
69 78
69 78
69 77
69 77
70 77
70 77
69 78
69 78
69 78
69 78
69 78
69 78
68 79
68 80
68 80
68 81
68 81
68 82
68 82
68 83
68 84
68 84
68 85
68 86
68 87
68 87
68 88
68 89
68 89
68 90
68 90
69 91
69 92
69 92
69 92
70 92
70 92
71 91
71 91
72 90
72 90
73 89
73 88
73 88
74 87
74 86
74 86
75 85
75 84
75 84
76 83
76 83
77 83
77 83
77 84
77 84
78 85
78 86
78 86
78 87
78 87
78 88
78 88
79 89
79 89
79 89
80 89
80 89
81 88
81 88
81 87
81 86
81 86
82 85
82 85
83 85
83 85
83 85
84 86
84 86
85 87
85 87
86 88
86 88
87 88
87 88
88 88
88 88
89 87
89 87
90 86
90 86
91 85
92 84
92 84
93 83
93 83
93 82
93 81
93 81
94 80
94 80
94 79
94 79
93 78
93 78
93 78
92 78
92 78
92 78
91 79
91 79
90 80
90 80
90 81
90 82
90 82
90 83
90 84
90 84
89 85
89 86
89 86
89 87
89 88
89 88
89 89
89 90
89 90
89 91
89 91
90 91
90 91
90 91
90 90
90 90
91 89
91 89
92 88
92 88
92 87
93 86
93 85
93 85
94 84
94 84
95 84
95 84
96 85
96 85
97 86
97 87
97 87
98 88
98 89
99 90
99 90
100 91
100 92
