1 11
1 10
1 9
1 8
1 7
1 6
1 6
0 5
0 5
0 5
0 6
0 6
0 6
0 7
0 7
0 8
0 8
0 9
0 10
0 10
0 11
1 12
1 13
1 13
1 14
1 15
1 16
1 17
1 17
1 18
1 19
2 20
2 21
2 22
2 22
2 23
2 24
2 25
2 26
2 27
2 28
2 29
2 29
2 30
2 31
2 32
3 33
3 34
3 35
3 36
3 37
3 37
3 38
3 39
3 40
3 41
3 42
3 43
3 44
3 44
3 45
3 46
3 47
3 48
4 49
4 50
4 51
4 52
4 53
4 53
4 54
4 55
4 56
4 57
4 58
4 59
4 60
4 61
4 62
4 62
4 63
4 64
4 65
4 66
5 67
5 68
5 69
5 70
5 71
5 72
5 72
5 73
5 74
5 75
6 76
6 77
6 78
6 79
6 79
6 80
6 81
7 82
7 83
7 84
7 84
7 85
8 86
8 87
8 88
8 88
8 89
9 90
9 91
9 92
9 92
9 93
10 94
10 95
10 95
11 96
11 97
11 97
12 97
12 97
12 97
13 96
13 95
13 95
13 94
14 93
14 92
14 91
14 91
14 90
14 89
14 88
14 87
14 86
14 86
14 85
14 84
15 83
15 82
15 81
15 80
15 80
15 79
15 78
15 77
15 76
15 75
15 74
15 73
15 73
15 72
15 71
15 70
15 69
16 68
16 67
16 66
16 65
16 64
16 64
16 63
16 62
16 61
16 60
16 59
17 58
17 57
17 56
17 55
17 54
17 53
17 53
17 52
17 51
18 50
18 49
18 48
18 47
18 46
19 45
19 44
19 43
19 43
19 42
19 41
20 40
20 39
20 38
20 37
21 36
21 35
21 34
21 34
21 33
21 32
21 31
21 30
22 29
22 28
22 27
22 26
22 25
22 25
22 24
23 23
23 22
23 21
23 20
24 19
24 18
24 18
24 17
24 16
25 15
25 14
25 13
25 12
25 12
25 11
25 10
25 9
25 8
25 8
25 7
26 6
26 5
26 5
26 4
26 3
26 2
26 2
26 1
26 1
26 0
26 0
26 0
26 1
26 1
26 2
26 3
26 4
26 5
26 6
26 7
26 8
26 9
26 10
26 11
26 12
26 13
26 14
26 15
26 16
27 17
27 18
27 19
27 20
27 21
27 22
27 23
27 24
27 25
27 26
27 27
27 28
27 29
27 30
27 31
27 32
27 33
27 34
27 35
27 36
27 37
27 38
27 39
27 40
27 41
27 42
27 43
27 44
27 45
27 46
28 47
28 48
28 49
28 50
28 51
28 52
28 53
28 54
28 55
28 56
28 57
28 58
28 59
28 60
28 61
28 62
28 62
28 63
28 64
28 65
28 66
29 67
29 68
29 69
29 70
29 71
29 71
29 72
30 73
30 74
30 75
30 75
30 76
30 77
30 78
30 78
30 79
30 80
30 81
30 81
30 82
30 83
30 83
31 84
31 85
31 85
31 86
31 87
31 87
32 88
32 89
32 89
33 90
33 90
33 90
34 90
34 90
35 89
35 88
35 88
36 87
36 87
36 86
37 85
37 84
37 84
37 83
38 82
38 81
38 81
38 80
38 79
38 78
38 78
38 77
38 76
38 75
38 75
38 74
38 73
38 72
38 72
38 71
38 70
38 69
38 69
37 68
37 68
36 67
36 67
35 67
35 67
34 68
34 68
33 69
33 69
33 70
33 71
33 72
33 72
33 73
32 74
32 75
32 75
32 76
32 77
32 78
32 78
32 79
32 80
32 81
32 81
32 82
32 83
32 84
32 85
32 85
32 86
33 87
33 88
33 88
33 89
34 90
34 91
34 91
35 92
35 93
35 93
36 94
37 94
37 94
38 93
38 93
39 92
40 92
40 92
41 91
42 90
42 90
42 89
43 88
43 87
43 87
44 86
44 85
45 84
45 84
45 83
46 82
46 81
46 81
46 80
47 79
47 78
47 78
47 77
47 76
47 75
47 74
47 74
48 73
48 72
48 72
48 71
48 71
48 70
48 70
48 71
48 71
48 72
48 72
48 73
48 74
48 74
48 75
48 76
48 77
48 78
48 78
48 79
48 80
48 81
48 82
48 82
48 83
48 84
48 85
48 86
48 86
48 87
48 88
48 89
48 90
48 91
48 91
48 92
48 93
48 94
48 95
48 95
48 96
48 97
48 98
48 98
48 99
48 100
48 100
49 100
49 100
49 100
50 99
50 99
50 98
50 97
50 96
50 96
50 95
51 94
51 93
51 92
51 92
51 91
51 90
52 89
52 88
52 87
52 87
52 86
52 85
53 84
53 83
53 82
53 82
54 81
54 80
55 79
55 79
56 78
56 77
56 77
57 76
57 75
57 75
58 74
58 74
59 73
60 73
60 73
61 72
61 72
62 72
63 72
63 72
64 71
65 71
65 71
66 71
66 71
67 71
68 71
68 71
69 71
69 71
70 71
70 71
70 72
70 72
71 72
71 72
71 72
70 72
70 72
70 71
70 71
69 71
69 71
68 71
68 71
68 71
67 72
67 72
67 73
67 73
67 74
67 74
66 75
66 76
66 76
66 77
66 78
66 79
66 79
66 80
66 81
66 81
66 82
66 83
66 83
66 84
66 85
66 85
67 86
67 87
67 87
67 87
68 87
68 87
68 86
68 86
69 85
69 84
69 84
69 83
70 82
70 81
70 81
71 80
71 80
71 79
71 79
71 79
72 80
72 80
72 81
72 81
72 82
72 82
72 83
72 84
72 84
72 84
73 84
73 84
73 84
73 83
73 82
73 82
74 81
74 81
75 80
75 80
76 79
76 79
76 79
77 80
77 80
78 81
79 82
79 82
80 83
80 83
81 84
81 84
82 84
83 84
83 84
84 83
85 83
85 83
86 82
87 81
87 81
88 80
88 80
89 79
89 78
89 78
90 77
90 77
90 76
90 76
90 75
90 74
90 74
89 74
89 74
89 74
88 74
88 74
87 75
87 75
86 76
86 76
85 77
85 77
85 78
85 79
85 79
84 80
84 81
84 81
84 82
84 83
84 83
83 84
83 85
83 85
83 86
83 87
83 87
84 88
84 88
84 88
85 87
85 87
86 86
86 85
86 85
87 84
87 83
87 83
88 82
88 82
89 81
89 81
90 81
90 81
91 82
91 82
92 83
93 84
93 84
93 85
94 86
94 87
94 88
94 88
95 89
95 90
96 91
96 91
97 92
98 93
98 93
99 94
100 94
