0 10
0 9
0 9
0 8
0 8
0 8
0 9
0 10
0 10
0 11
0 12
0 12
0 13
0 14
0 15
0 16
0 16
0 17
1 18
1 19
1 20
1 20
1 21
1 22
1 23
1 24
1 25
1 26
1 26
1 27
1 28
1 29
2 30
2 31
2 32
2 33
2 33
2 34
2 35
2 36
2 37
2 38
2 39
2 40
2 41
2 41
2 42
2 43
2 44
2 45
3 46
3 47
3 48
3 49
3 50
3 51
3 51
3 52
3 53
3 54
3 55
4 56
4 57
4 58
4 59
4 60
4 60
4 61
4 62
4 63
4 64
4 65
4 66
4 67
4 68
4 69
4 70
4 70
4 71
4 72
4 73
4 74
5 75
5 76
5 77
5 78
5 79
5 80
5 80
5 81
5 82
6 83
6 84
6 85
6 86
6 86
6 87
6 88
7 89
7 90
7 91
7 91
7 92
7 93
7 94
7 95
7 95
7 96
8 97
8 98
8 98
9 99
9 100
9 100
9 100
10 100
10 100
10 99
10 98
10 98
10 97
11 96
11 95
11 94
11 94
11 93
11 92
12 91
12 90
12 89
12 88
12 88
12 87
12 86
12 85
13 84
13 83
13 82
13 81
13 80
13 80
13 79
13 78
13 77
13 76
14 75
14 74
14 73
14 72
14 71
14 71
14 70
14 69
15 68
15 67
15 66
15 65
15 64
15 63
16 62
16 61
16 60
16 59
16 59
16 58
16 57
16 56
16 55
16 54
17 53
17 52
17 51
17 50
17 49
17 48
17 47
17 47
17 46
17 45
18 44
18 43
18 42
18 41
18 40
18 39
19 38
19 37
19 36
19 35
19 35
19 34
19 33
20 32
20 31
20 30
20 29
20 28
21 27
21 26
21 25
21 25
21 24
21 23
21 22
22 21
22 20
22 19
22 18
22 18
22 17
22 16
23 15
23 14
23 13
23 12
23 12
23 11
24 10
24 9
24 8
24 8
24 7
24 6
24 5
24 5
25 4
25 3
25 3
25 2
25 1
25 1
25 1
25 0
25 0
24 1
24 1
24 2
24 3
24 3
24 4
24 5
24 6
24 7
24 8
24 9
24 10
24 11
24 12
24 13
24 14
24 15
24 16
24 17
25 18
25 19
25 20
25 21
25 22
25 23
25 24
25 25
25 26
25 27
25 28
25 29
25 30
25 31
25 32
25 33
25 34
25 35
25 36
25 37
25 38
25 39
25 40
25 41
25 42
25 43
25 44
25 45
25 46
25 47
26 48
26 49
26 50
26 51
26 52
26 53
26 54
26 55
26 56
26 57
26 58
26 59
26 60
26 61
26 62
26 63
26 63
26 64
26 65
26 66
26 67
26 68
26 69
26 70
26 71
26 72
26 73
26 74
26 74
26 75
26 76
26 77
26 78
26 78
26 79
27 80
27 81
27 82
27 82
27 83
28 84
28 85
28 85
28 86
28 87
28 88
28 88
29 89
29 90
29 90
30 91
30 91
31 92
31 92
32 92
32 92
32 92
33 91
33 91
34 90
34 89
34 89
34 88
34 87
34 87
35 86
35 85
35 85
35 84
35 83
35 82
35 82
35 81
36 80
36 79
36 78
36 78
36 77
36 76
36 75
36 74
36 74
36 73
35 72
35 71
35 71
35 70
35 69
35 69
34 68
34 67
34 67
34 67
33 67
33 67
32 68
32 68
31 69
31 70
31 70
31 71
30 72
30 73
30 73
30 74
29 75
29 76
29 76
29 77
28 78
28 79
28 80
28 80
28 81
28 82
28 83
28 83
28 84
28 85
28 86
28 86
28 87
29 88
29 89
29 89
30 90
31 91
31 91
32 92
33 93
33 93
34 94
35 94
35 94
36 94
37 93
38 93
38 93
39 92
40 91
40 91
41 90
42 90
43 89
43 89
44 88
45 87
45 87
46 86
46 85
47 84
47 84
48 83
49 82
49 82
49 81
50 80
50 79
50 79
50 78
51 77
51 76
51 76
51 75
52 74
52 73
52 73
52 72
52 71
52 71
52 70
52 69
52 69
52 68
52 68
52 68
51 69
51 69
51 70
51 70
51 71
51 72
51 72
51 73
51 74
51 75
51 76
51 76
51 77
52 78
52 79
52 79
52 80
52 81
52 82
52 83
52 83
52 84
52 85
52 86
52 86
52 87
53 88
53 89
53 89
53 90
53 91
53 91
54 92
54 92
54 92
54 92
55 91
55 90
55 90
55 89
55 88
55 87
55 87
55 86
55 85
55 84
55 84
55 83
56 82
56 81
56 81
57 80
57 79
57 79
58 78
58 77
58 77
59 76
59 76
60 76
61 76
61 76
62 75
62 75
63 75
63 75
64 75
65 75
65 75
66 74
66 74
67 73
67 73
68 72
68 72
69 71
69 71
69 71
69 71
68 70
68 70
68 71
68 71
68 72
68 72
67 73
67 74
67 74
67 75
67 76
67 77
67 77
67 78
67 79
67 80
67 80
67 81
67 82
67 82
67 83
67 84
67 84
67 85
67 85
68 85
68 85
69 84
69 84
70 83
70 82
70 82
71 81
71 80
71 80
72 79
72 78
72 78
73 77
73 76
73 76
74 76
74 76
75 76
75 76
76 77
76 77
76 78
76 78
77 79
77 79
78 79
78 79
78 79
79 78
79 78
80 77
80 77
81 76
81 75
81 75
82 74
82 74
82 74
83 75
83 75
84 76
84 76
84 77
84 77
85 78
85 78
86 79
86 79
87 79
87 79
88 78
88 78
89 77
90 76
90 76
91 75
91 74
91 74
92 73
92 73
92 72
92 71
92 71
92 70
92 70
92 69
92 69
92 68
92 68
92 68
91 67
91 67
90 68
90 68
89 68
89 68
89 69
89 69
89 70
89 71
89 71
88 72
88 73
88 73
88 74
88 75
88 75
88 76
88 77
88 77
88 78
88 79
88 79
89 80
89 80
89 80
89 80
90 79
90 79
91 78
91 77
91 77
92 76
92 75
92 75
93 74
93 74
94 74
95 74
95 74
96 74
96 74
97 75
98 76
98 76
99 77
99 78
100 79
