0 15
0 14
0 13
0 12
0 11
0 11
0 11
0 11
0 11
0 12
0 13
0 13
0 14
0 15
0 15
0 16
0 17
0 18
0 19
0 20
0 20
0 21
1 22
1 23
1 24
1 24
1 25
1 26
2 27
2 28
2 29
2 30
2 30
2 31
2 32
2 33
2 34
2 35
2 36
2 37
2 37
2 38
2 39
2 40
3 41
3 42
3 43
3 44
3 45
3 45
3 46
3 47
3 48
3 49
3 50
3 51
3 52
3 53
3 53
3 54
3 55
3 56
3 57
4 58
4 59
4 60
4 61
4 62
4 62
4 63
4 64
4 65
4 66
4 67
4 68
4 69
4 70
4 71
4 72
4 72
4 73
4 74
4 75
5 76
5 77
5 78
5 79
5 79
5 80
6 81
6 82
6 83
6 84
7 85
7 86
7 86
7 87
7 88
8 89
8 90
8 91
8 92
8 92
8 93
9 94
9 95
9 96
9 96
10 97
10 98
11 99
11 99
12 100
12 100
13 100
13 100
14 99
14 99
15 98
15 97
16 96
16 96
16 95
16 94
17 93
17 92
17 91
17 91
17 90
17 89
17 88
17 87
17 86
17 85
17 85
17 84
17 83
17 82
18 81
18 80
18 79
18 78
18 77
18 77
18 76
18 75
19 74
19 73
19 72
19 71
19 70
20 69
20 68
20 67
20 67
20 66
20 65
20 64
20 63
20 62
21 61
21 60
21 59
21 58
21 57
21 56
21 56
21 55
21 54
22 53
22 52
22 51
22 50
22 49
22 48
23 47
23 46
23 45
23 44
23 44
23 43
23 42
23 41
23 40
24 39
24 38
24 37
24 36
24 35
24 34
24 34
24 33
24 32
24 31
24 30
25 29
25 28
25 27
25 26
25 25
25 25
25 24
26 23
26 22
26 21
26 20
27 19
27 18
27 18
27 17
27 16
27 15
28 14
28 13
28 12
28 11
28 11
28 10
28 9
29 8
29 7
29 6
29 6
29 5
29 4
29 3
29 3
29 2
29 1
29 1
29 1
29 0
29 0
29 0
29 1
29 2
29 2
28 3
28 4
28 4
28 5
28 6
28 7
28 8
28 9
28 10
28 11
28 12
28 13
28 14
28 15
28 16
28 17
28 18
28 19
28 20
28 21
28 22
28 23
28 24
28 25
28 26
28 27
28 28
28 29
28 30
28 31
28 32
28 33
28 34
28 35
28 36
28 37
28 38
28 39
28 40
28 41
28 42
28 43
28 44
28 45
28 46
28 47
28 48
28 49
28 50
28 51
28 52
28 53
28 53
28 54
28 55
28 56
28 57
28 58
28 59
28 60
28 61
28 62
28 63
28 64
28 65
28 66
28 67
28 67
28 68
28 69
28 70
28 71
28 72
28 72
28 73
28 74
28 75
28 76
28 76
28 77
28 78
28 79
28 80
28 80
28 81
29 82
29 83
29 84
29 84
29 85
30 86
30 87
30 88
30 88
31 89
31 90
31 90
31 91
31 92
31 92
32 93
32 93
33 92
33 92
34 91
34 91
35 90
36 90
36 90
36 89
36 88
36 88
36 87
37 86
37 85
37 85
37 84
38 83
38 82
38 82
38 81
38 80
38 79
38 79
38 78
38 77
38 76
38 75
38 75
38 74
38 73
38 72
38 71
38 71
37 70
37 69
37 69
37 68
37 67
37 67
36 66
36 66
35 66
35 66
34 66
34 66
34 67
34 67
33 68
33 69
33 69
32 70
32 71
32 71
32 72
32 73
32 74
32 74
32 75
32 76
32 77
32 78
32 78
32 79
32 80
32 81
32 81
32 82
33 83
33 84
33 85
33 85
33 86
34 87
34 88
34 89
34 89
35 90
35 91
35 91
36 92
37 93
37 93
38 94
38 95
38 95
39 95
40 95
40 95
41 94
42 94
42 94
43 93
44 92
44 92
45 91
45 90
46 89
46 89
46 88
47 87
47 86
47 86
48 85
48 84
49 83
49 83
49 82
50 81
50 80
50 80
50 79
51 78
51 77
51 76
51 76
51 75
51 74
51 73
51 73
52 72
52 71
52 71
52 70
52 70
52 70
52 71
52 71
52 72
52 73
52 73
52 74
52 75
52 76
52 76
52 77
52 78
52 79
52 80
52 80
52 81
52 82
52 83
52 84
52 84
52 85
52 86
52 87
52 88
52 88
52 89
52 90
52 91
52 91
52 92
52 93
52 94
52 94
53 95
53 95
53 95
53 95
53 94
53 94
53 93
54 92
54 91
54 91
54 90
54 89
54 88
54 87
54 87
54 86
55 85
55 84
55 84
55 83
56 82
56 81
56 80
56 80
57 79
58 78
58 78
59 77
59 76
59 76
60 75
60 74
60 74
61 73
62 73
62 73
63 73
64 73
64 73
65 72
65 72
66 71
67 71
67 71
68 70
68 70
69 69
69 69
70 69
70 69
70 68
70 68
70 69
70 69
70 69
70 69
69 70
68 71
68 71
67 72
67 73
67 73
66 74
66 74
66 75
66 76
66 76
65 77
65 78
65 78
65 79
65 80
65 81
65 81
65 82
65 83
65 83
65 84
65 85
65 86
65 86
65 87
65 87
65 88
65 89
65 89
66 89
66 89
66 89
67 88
67 88
68 87
68 86
68 86
69 85
69 84
69 84
70 83
70 82
70 82
71 81
71 80
71 80
72 80
72 80
73 79
73 79
74 80
74 80
75 81
75 81
75 82
75 82
76 83
76 83
76 84
76 84
77 84
77 84
78 83
78 83
78 82
78 82
79 81
80 80
80 80
81 79
81 79
82 79
82 79
83 79
83 79
84 80
84 80
85 81
85 81
86 81
86 81
87 82
88 82
88 82
89 81
89 80
89 80
90 79
91 79
91 79
92 78
93 77
93 77
94 76
94 75
94 75
95 74
95 73
95 73
96 72
96 72
96 71
96 71
95 71
95 71
95 70
95 70
94 70
94 70
93 70
93 70
92 70
92 70
91 71
91 71
90 72
90 72
90 73
90 73
90 74
89 75
89 76
89 76
89 77
89 78
89 78
89 79
89 79
89 80
89 80
89 81
89 81
90 81
90 81
90 80
90 80
91 79
91 79
92 78
92 78
93 77
93 76
93 76
93 75
93 75
94 76
94 76
95 77
95 77
96 78
96 79
96 79
96 80
97 81
97 82
97 82
98 83
98 84
98 84
99 85
99 86
99 86
100 86
