2 5
2 4
1 3
1 2
1 2
0 1
0 1
0 0
0 0
0 1
0 1
0 2
0 2
0 3
0 3
0 4
0 5
0 6
0 6
0 7
0 8
0 9
0 10
0 10
0 11
0 12
1 13
1 14
1 15
1 15
1 16
1 17
1 18
1 19
1 20
1 21
1 22
1 22
1 23
1 24
1 25
2 26
2 27
2 28
2 29
2 30
2 30
2 31
2 32
2 33
3 34
3 35
3 36
3 37
3 38
3 38
3 39
3 40
3 41
3 42
3 43
3 44
3 45
3 46
3 46
3 47
3 48
3 49
3 50
4 51
4 52
4 53
4 54
4 55
4 56
4 56
4 57
4 58
4 59
5 60
5 61
5 62
5 63
5 64
5 64
5 65
5 66
5 67
5 68
5 69
5 70
5 71
5 72
5 72
5 73
5 74
5 75
6 76
6 77
6 78
6 79
6 80
6 80
6 81
6 82
7 83
7 84
7 85
7 85
7 86
7 87
7 88
7 89
7 89
7 90
8 91
8 92
8 93
8 93
8 94
9 95
9 96
9 96
9 97
9 97
10 97
10 97
10 96
10 96
10 95
11 94
11 93
11 92
11 92
11 91
11 90
11 89
11 88
11 88
11 87
11 86
12 85
12 84
12 83
12 82
12 82
12 81
12 80
12 79
13 78
13 77
13 76
13 75
13 75
13 74
14 73
14 72
14 71
14 70
15 69
15 68
15 67
15 67
15 66
15 65
16 64
16 63
16 62
16 61
16 60
17 59
17 58
17 57
17 57
17 56
17 55
18 54
18 53
18 52
18 51
19 50
19 49
19 48
19 48
19 47
19 46
19 45
19 44
20 43
20 42
20 41
20 40
20 39
20 38
20 38
20 37
20 36
21 35
21 34
21 33
21 32
22 31
22 30
22 29
22 29
22 28
23 27
23 26
23 25
23 24
24 23
24 22
24 21
24 21
24 20
24 19
25 18
25 17
25 16
25 15
25 15
25 14
25 13
26 12
26 11
26 10
26 10
26 9
27 8
27 7
27 6
27 6
27 5
27 4
27 4
27 3
27 3
27 2
27 2
27 2
27 3
27 4
27 5
27 6
27 7
27 8
27 9
27 10
27 11
27 12
27 13
27 14
27 15
27 16
27 17
27 18
27 19
27 20
27 21
27 22
27 23
27 24
27 25
27 26
27 27
27 28
27 29
27 30
27 31
27 32
27 33
27 34
27 35
27 36
27 37
26 38
26 39
26 40
26 41
26 42
26 43
26 44
26 45
26 46
26 47
26 48
26 49
26 50
26 51
26 52
26 53
26 54
26 55
26 56
26 57
26 58
26 59
26 60
26 61
26 62
26 63
26 64
26 65
26 66
26 67
26 68
26 69
26 70
26 71
26 72
26 73
26 73
26 74
26 75
26 76
26 77
27 78
27 79
27 80
27 81
27 82
27 82
27 83
28 84
28 85
28 85
28 86
29 87
29 88
29 89
29 89
29 90
29 91
29 91
29 92
30 93
30 94
30 94
31 95
31 95
32 96
32 96
33 97
33 97
34 96
34 96
35 95
35 95
35 94
35 94
36 93
36 92
36 92
36 91
36 90
36 90
36 89
37 88
37 87
37 87
37 86
37 85
37 84
37 83
37 83
37 82
36 81
36 80
36 80
36 79
36 78
36 77
36 77
36 76
36 75
36 75
35 74
35 74
34 74
34 74
33 74
33 74
32 75
32 76
32 76
31 77
31 78
31 78
31 79
31 80
31 81
31 81
31 82
30 83
30 84
30 84
30 85
30 86
30 87
30 87
30 88
31 89
31 90
31 90
31 91
31 92
31 93
31 93
32 94
32 95
33 96
33 96
34 97
34 98
34 98
35 99
36 99
36 99
37 99
38 99
38 99
39 98
40 98
40 98
41 97
42 96
42 96
43 95
44 94
44 94
45 93
45 92
45 92
46 91
46 90
47 89
47 89
47 88
48 87
48 86
48 86
49 85
49 84
49 84
49 83
50 82
50 81
50 81
50 80
51 79
51 78
51 78
51 77
51 76
51 76
51 76
51 76
51 77
51 78
51 78
51 79
51 80
51 80
51 81
51 82
51 83
51 83
51 84
51 85
51 86
51 86
51 87
50 88
50 89
50 90
50 90
50 91
50 92
50 93
50 93
50 94
51 95
51 96
51 96
51 97
51 98
51 99
51 99
51 100
51 100
51 100
52 100
52 100
52 99
52 99
53 98
53 97
53 97
53 96
53 95
53 94
53 94
53 93
54 92
54 91
54 90
54 90
55 89
56 88
56 88
57 87
57 86
57 86
58 85
58 85
59 84
60 84
60 84
61 83
61 83
62 83
63 83
63 83
64 83
65 83
65 83
66 82
67 82
67 82
68 82
68 82
69 81
69 81
69 81
69 81
69 80
69 80
69 80
68 80
68 80
67 80
67 80
67 81
67 81
66 82
66 82
66 83
66 83
66 84
66 84
66 85
66 86
66 86
66 87
66 88
66 88
66 89
66 90
66 90
66 91
66 92
66 92
67 93
67 93
67 93
68 93
68 93
69 92
69 92
69 91
69 91
70 90
70 89
70 89
71 88
71 88
71 88
72 88
72 88
72 89
72 89
73 90
73 90
73 91
73 91
73 91
74 91
74 91
75 91
75 91
75 90
75 90
76 89
76 89
77 88
77 87
77 87
78 86
78 86
79 86
79 86
80 86
80 86
81 87
81 87
82 88
82 88
83 88
84 88
84 88
85 88
85 88
86 87
87 87
87 87
88 86
89 86
89 86
90 85
91 84
91 84
92 83
92 83
93 82
93 82
94 81
94 81
94 80
94 80
94 80
93 79
93 79
93 79
92 79
92 79
91 80
91 80
90 80
90 80
90 81
90 81
89 82
89 82
89 83
89 84
89 84
89 85
89 85
89 86
89 87
89 87
89 88
89 88
89 89
89 89
90 90
90 90
90 90
91 89
91 89
92 88
92 87
92 87
92 86
92 85
92 85
93 84
93 84
93 83
93 83
93 83
94 83
94 83
95 84
95 84
96 85
97 86
97 86
98 87
98 88
98 88
99 89
100 90
