0 4
0 3
0 3
0 2
0 1
0 1
0 1
0 2
0 2
0 3
0 4
0 5
0 6
0 6
0 7
0 8
1 9
1 10
1 11
1 12
1 12
1 13
1 14
1 15
1 16
2 17
2 18
2 19
2 20
2 21
2 21
2 22
2 23
2 24
2 25
3 26
3 27
3 28
3 29
3 30
3 31
3 31
3 32
3 33
3 34
3 35
3 36
3 37
3 38
4 39
4 40
4 41
4 42
4 43
4 44
4 45
4 46
4 46
4 47
4 48
4 49
4 50
4 51
4 52
5 53
5 54
5 55
5 56
5 57
5 58
5 59
5 59
5 60
5 61
5 62
6 63
6 64
6 65
6 66
6 67
6 68
6 69
7 70
7 71
7 72
7 73
7 73
7 74
7 75
7 76
7 77
7 78
8 79
8 80
8 81
8 82
8 83
8 84
8 84
8 85
8 86
8 87
9 88
9 89
9 90
9 91
9 92
9 92
9 93
9 94
10 95
10 96
10 97
10 98
10 98
11 99
11 100
11 100
11 100
12 100
12 100
12 99
12 98
12 97
12 97
12 96
12 95
12 94
13 93
13 92
13 91
13 90
13 90
13 89
13 88
14 87
14 86
14 85
14 84
14 83
15 82
15 81
15 80
15 80
15 79
15 78
15 77
15 76
15 75
16 74
16 73
16 72
16 71
16 70
16 69
16 69
16 68
16 67
16 66
16 65
16 64
16 63
17 62
17 61
17 60
17 59
17 58
17 57
17 56
17 56
17 55
17 54
17 53
17 52
17 51
17 50
18 49
18 48
18 47
18 46
18 45
18 44
18 43
18 43
18 42
18 41
18 40
18 39
18 38
19 37
19 36
19 35
19 34
19 33
19 32
19 31
19 31
19 30
19 29
19 28
19 27
19 26
19 25
20 24
20 23
20 22
20 21
20 20
20 19
20 18
20 18
20 17
20 16
20 15
20 14
20 13
20 12
20 11
20 10
20 10
20 9
20 8
20 7
20 6
20 5
20 4
20 3
20 3
20 2
20 1
20 1
20 1
20 1
20 2
20 3
20 4
20 5
20 6
21 7
21 8
21 9
21 10
21 11
21 12
21 13
21 14
21 15
21 16
21 17
21 18
22 19
22 20
22 21
22 22
22 23
22 24
22 25
22 26
22 27
22 28
22 29
22 30
23 31
23 32
23 33
23 34
23 35
23 36
23 37
23 38
23 39
23 40
23 41
23 42
24 43
24 44
24 45
24 46
24 47
24 48
24 48
24 49
24 50
24 51
24 52
24 52
23 51
23 51
23 52
23 53
23 53
23 54
23 55
23 56
23 57
23 57
23 58
23 59
24 60
24 61
24 62
24 62
24 63
24 64
24 65
24 66
24 66
24 67
25 68
25 69
25 70
25 70
25 71
26 72
26 73
26 74
26 74
27 75
28 76
28 76
29 77
29 77
30 78
31 78
31 78
32 77
32 77
33 76
33 75
33 75
33 74
34 73
34 72
34 72
34 71
35 70
35 69
35 68
35 68
35 67
35 66
36 65
36 64
36 63
36 63
36 62
36 61
37 60
37 59
37 58
37 57
37 57
37 56
37 55
37 54
37 53
37 52
37 51
37 51
37 50
37 49
38 48
38 47
38 46
38 45
38 45
38 44
38 43
38 43
37 42
37 41
37 41
37 41
36 41
36 41
35 41
35 41
34 42
34 43
34 43
33 44
32 45
32 45
31 46
31 47
31 47
30 48
30 49
30 49
30 50
30 51
30 52
30 52
30 53
29 54
29 55
29 55
29 56
29 57
29 58
29 58
29 59
28 60
28 61
28 62
28 62
28 63
28 64
28 64
28 65
28 66
28 67
28 67
28 68
29 69
29 70
29 70
29 71
29 72
29 72
30 73
30 74
30 74
30 75
30 76
30 77
30 77
31 78
31 79
31 79
32 80
32 81
32 81
33 82
33 83
33 83
34 84
34 84
35 85
36 85
36 85
37 85
37 85
38 86
38 86
39 86
39 86
40 86
40 86
41 86
41 86
42 85
42 85
43 84
43 84
44 83
44 83
45 82
45 81
45 81
45 80
46 79
46 78
46 78
46 77
47 76
47 75
47 75
47 74
47 73
47 72
47 72
47 71
48 70
48 69
48 69
48 68
48 67
48 66
48 65
48 65
48 64
49 63
49 62
49 62
49 61
49 60
49 59
49 59
49 58
49 57
49 56
49 56
49 55
49 54
49 54
50 54
50 54
50 53
50 53
50 53
50 53
50 53
51 53
51 53
51 54
51 54
52 55
52 55
52 56
52 57
52 57
53 58
53 59
53 59
53 60
53 61
53 62
53 62
53 63
53 64
53 65
53 65
53 66
53 67
53 68
53 69
53 69
53 70
53 71
53 72
53 73
53 73
53 74
53 75
53 76
53 77
53 77
53 78
53 79
53 79
53 80
53 80
53 81
53 81
53 81
53 81
53 81
53 80
53 80
53 79
53 78
53 78
53 77
53 76
53 75
53 74
53 74
53 73
54 72
54 71
54 71
54 70
55 69
55 68
55 67
55 67
55 66
56 65
56 64
56 64
57 63
57 63
57 62
57 61
57 61
58 60
58 60
59 59
59 59
60 58
60 57
60 57
61 57
61 57
62 56
62 56
62 56
63 57
63 57
64 57
64 57
64 58
64 58
64 59
64 59
65 59
65 59
65 59
65 59
66 58
66 58
67 57
67 57
67 56
67 55
67 55
68 54
68 54
68 53
68 53
68 53
68 53
68 53
69 53
69 53
69 54
69 54
69 54
69 55
69 56
69 56
69 57
69 58
69 58
69 59
69 60
69 60
69 61
69 62
69 63
69 63
69 64
69 65
69 66
69 67
69 67
69 68
68 69
68 70
68 70
68 71
68 72
68 72
68 73
68 74
68 74
68 75
68 75
68 75
68 75
68 75
68 74
68 74
68 73
68 73
68 72
68 71
68 71
68 70
68 69
68 68
68 68
68 67
69 66
69 65
69 64
69 64
69 63
70 62
70 61
70 61
70 60
71 59
71 58
71 57
71 57
71 56
72 55
72 54
72 54
72 53
72 53
73 53
73 53
73 54
73 54
73 55
73 55
73 56
74 57
74 58
74 58
74 59
74 60
74 61
74 62
74 62
74 63
74 64
74 65
74 66
74 66
74 67
74 68
74 69
74 69
74 70
74 71
74 71
74 72
74 72
74 72
74 72
74 72
75 72
75 72
75 71
75 70
75 69
75 68
75 68
75 67
76 66
76 65
76 64
76 64
76 63
76 62
77 61
77 60
77 59
77 59
77 58
77 57
77 57
78 56
78 55
78 55
78 54
78 54
78 55
78 55
78 56
78 56
78 57
79 58
79 59
79 59
79 60
79 61
79 62
79 62
80 63
80 64
80 64
81 65
81 66
81 66
82 67
82 67
83 68
83 68
84 69
84 69
84 68
84 68
85 67
85 67
86 66
87 66
87 66
88 65
88 64
88 64
88 63
89 62
89 61
89 61
89 60
90 59
90 58
90 58
90 57
90 56
90 56
90 55
90 54
90 54
90 53
90 53
89 52
89 52
89 51
89 51
88 51
88 51
88 51
87 51
87 51
87 52
87 52
86 53
86 53
86 54
86 55
86 55
85 56
85 57
85 57
85 58
85 58
85 59
85 60
85 60
85 61
85 61
85 61
86 61
86 61
86 61
87 60
87 59
87 59
88 58
88 58
89 57
89 57
90 57
90 57
90 57
90 58
90 59
90 59
91 60
91 61
91 61
91 62
92 63
92 64
92 64
93 65
93 66
93 66
94 67
95 67
95 67
96 67
96 67
97 67
98 67
98 67
99 67
99 67
99 66
99 66
100 66
