0 7
0 6
0 5
0 5
0 4
0 3
0 3
0 2
0 2
0 2
0 1
0 1
0 0
0 0
0 0
0 0
0 1
0 1
0 2
0 3
0 3
0 4
0 5
0 5
0 6
0 7
1 8
1 9
1 10
1 10
1 11
1 12
1 13
1 14
1 15
1 16
1 16
1 17
1 18
1 19
2 20
2 21
2 22
2 23
2 24
2 24
2 25
2 26
2 27
2 28
3 29
3 30
3 31
3 32
3 33
3 33
3 34
3 35
4 36
4 37
4 38
4 39
4 40
5 41
5 42
5 43
5 43
5 44
5 45
5 46
5 47
6 48
6 49
6 50
6 51
6 52
6 52
6 53
6 54
7 55
7 56
7 57
7 58
8 59
8 60
8 61
8 61
8 62
8 63
8 64
8 65
9 66
9 67
9 68
9 69
9 70
9 71
9 71
9 72
10 73
10 74
10 75
10 76
11 77
11 78
11 78
11 79
11 80
11 81
12 82
12 83
12 84
12 85
12 86
12 86
12 87
12 88
13 89
13 90
13 91
13 91
13 92
13 93
14 94
14 95
14 96
14 96
14 97
14 98
14 99
14 99
15 100
15 100
15 100
15 100
16 100
16 100
16 99
16 98
16 98
16 97
17 96
17 95
17 94
17 94
17 93
17 92
17 91
18 90
18 89
18 88
18 87
18 86
18 86
18 85
18 84
18 83
18 82
19 81
19 80
19 79
19 78
19 77
19 76
19 76
19 75
19 74
20 73
20 72
20 71
20 70
20 69
20 68
21 67
21 66
21 65
21 65
21 64
21 63
21 62
21 61
21 60
22 59
22 58
22 57
22 56
22 55
22 54
22 54
22 53
22 52
22 51
22 50
22 49
23 48
23 47
23 46
23 45
23 44
23 43
23 42
23 42
23 41
23 40
23 39
23 38
24 37
24 36
24 35
24 34
24 33
24 33
24 32
24 31
24 30
25 29
25 28
25 27
25 26
25 26
25 25
25 24
26 23
26 22
26 21
26 20
26 20
26 19
26 18
26 17
26 16
26 16
26 15
27 14
27 13
27 13
27 12
27 12
27 12
27 12
28 13
28 13
28 14
28 15
28 16
28 17
28 18
28 19
28 20
28 21
28 22
29 23
29 24
29 25
29 26
29 27
29 28
29 29
29 30
29 31
29 32
29 33
29 34
29 35
29 36
29 37
29 38
29 39
29 40
29 41
29 42
30 43
30 44
30 45
30 46
30 47
30 48
30 49
30 50
30 51
30 52
30 53
30 53
30 54
30 55
30 56
30 56
30 57
30 57
30 57
31 58
31 58
31 59
31 59
32 60
32 61
32 61
32 62
32 63
32 64
32 64
32 65
33 66
33 67
33 67
34 68
34 69
34 69
34 70
34 71
34 72
34 72
35 73
35 73
36 74
37 75
37 75
38 75
38 75
39 76
39 76
40 76
40 76
41 75
41 75
42 74
42 74
42 73
42 73
42 72
43 71
43 70
43 70
43 69
44 68
44 67
44 67
44 66
44 65
44 64
44 63
44 63
44 62
45 61
45 60
45 60
45 59
45 58
45 58
45 57
45 56
45 56
45 55
45 54
45 54
44 53
44 53
43 52
43 52
42 51
42 51
41 51
41 51
40 52
40 52
39 53
38 53
38 53
37 54
37 55
37 55
36 56
36 57
36 57
36 58
36 59
36 60
36 60
36 61
36 62
36 63
36 63
36 64
36 65
36 66
36 66
36 67
36 68
36 69
36 69
36 70
36 71
36 72
36 72
36 73
37 74
37 75
37 75
38 76
38 77
38 77
38 78
39 79
39 80
39 80
39 81
40 82
40 83
40 83
41 84
41 85
41 85
42 86
42 87
42 87
43 88
44 89
44 89
45 89
45 89
46 90
46 90
47 89
47 89
48 88
48 88
49 87
49 86
49 86
50 85
50 84
50 84
50 83
51 82
51 81
51 80
51 80
51 79
52 78
52 77
52 76
52 76
52 75
53 74
53 73
53 73
53 72
54 71
54 70
54 69
54 69
55 68
55 67
55 67
55 66
55 66
56 65
56 65
56 64
56 64
56 63
56 63
56 63
56 63
57 63
57 63
57 64
57 64
57 65
57 65
57 66
57 67
57 67
57 68
57 69
57 69
57 70
57 71
57 71
57 72
58 73
58 74
58 74
58 75
58 76
58 76
58 77
58 78
58 78
58 79
58 80
58 80
58 81
58 81
58 82
58 82
58 83
58 83
58 83
58 83
58 83
58 83
58 82
58 82
59 81
59 80
59 80
59 79
59 78
59 78
59 77
59 76
59 75
59 75
59 74
60 73
60 72
60 72
60 71
60 70
60 70
60 69
61 68
61 67
61 67
62 66
62 65
62 65
62 64
62 64
62 63
62 63
63 63
63 63
63 63
63 63
63 63
64 64
64 64
65 64
65 64
65 63
65 63
66 63
66 63
66 62
66 62
67 62
67 62
68 61
68 61
68 61
69 61
69 61
69 62
69 62
70 62
70 62
70 62
70 62
70 62
70 63
70 63
70 64
70 64
70 65
70 66
70 66
70 67
70 68
70 68
70 69
69 70
69 71
69 71
69 72
69 73
69 73
69 74
69 74
69 74
69 75
69 75
69 75
69 75
69 75
68 74
68 74
68 74
68 73
68 73
69 72
69 71
69 71
69 70
69 69
69 68
69 68
70 67
70 66
70 66
71 65
71 64
71 64
72 63
72 63
72 62
72 62
73 62
73 62
73 62
73 62
73 63
73 63
74 64
74 64
74 65
74 66
74 66
74 67
74 68
74 68
74 69
74 70
74 71
74 71
75 72
75 73
75 73
75 74
75 74
75 75
75 76
75 76
75 77
75 77
75 78
75 78
75 79
75 79
75 79
75 79
75 79
75 78
75 78
75 77
75 76
75 76
76 75
76 74
76 74
76 73
76 72
76 71
76 71
77 70
77 69
77 69
78 68
78 67
78 67
78 66
78 66
78 65
78 65
79 64
79 64
79 63
79 63
80 63
80 63
80 63
80 63
80 64
80 64
81 64
81 64
81 65
81 66
81 66
81 67
81 67
82 68
82 69
82 69
82 70
82 71
82 71
82 72
82 73
82 73
83 74
83 74
83 75
83 76
83 76
84 77
84 77
84 78
84 78
85 78
85 78
86 78
86 78
87 78
87 78
88 77
88 77
89 76
89 76
90 75
90 74
90 74
91 73
91 72
91 72
92 71
92 70
92 70
92 69
92 68
92 68
93 67
93 67
93 66
93 66
93 65
93 65
93 64
93 64
92 64
92 64
92 63
92 63
91 63
91 63
91 63
90 63
90 63
89 64
89 64
89 65
89 65
89 66
88 67
88 68
88 68
88 69
88 70
88 71
88 71
87 72
87 73
87 73
87 74
87 74
87 75
87 75
88 76
88 76
88 76
89 75
89 75
90 74
90 73
90 73
91 72
91 71
91 71
92 70
92 69
92 69
93 68
93 68
93 68
93 68
93 69
93 70
93 70
93 71
93 72
93 72
93 73
94 74
94 75
94 75
95 76
95 77
95 77
96 78
96 79
96 79
97 79
97 79
98 80
98 80
99 80
99 80
100 80
100 80
