3 14
2 13
1 12
0 11
0 11
0 10
0 9
0 9
0 8
0 7
0 7
0 7
0 7
0 7
0 8
0 9
0 9
0 10
0 11
0 12
0 13
0 13
0 14
0 15
0 16
0 17
0 17
0 18
0 19
0 20
1 21
1 22
1 23
1 24
1 24
1 25
1 26
1 27
1 28
1 29
1 30
1 30
1 31
1 32
2 33
2 34
2 35
2 36
2 37
3 38
3 39
3 40
3 40
3 41
3 42
3 43
3 44
3 45
4 46
4 47
4 48
4 49
4 50
4 51
4 51
4 52
4 53
4 54
4 55
4 56
5 57
5 58
5 59
5 60
5 61
5 62
5 62
5 63
5 64
6 65
6 66
6 67
6 68
6 69
7 70
7 71
7 72
7 72
7 73
7 74
7 75
7 76
8 77
8 78
8 79
8 80
8 81
8 81
8 82
8 83
8 84
9 85
9 86
9 87
9 88
9 89
9 89
9 90
9 91
10 92
10 93
10 94
10 94
11 95
11 96
12 97
12 98
12 98
13 99
13 100
13 100
13 100
14 100
14 100
14 99
15 98
15 97
15 97
15 96
15 95
16 94
16 93
16 92
16 91
16 91
16 90
16 89
16 88
16 87
16 86
16 85
16 84
16 83
16 83
16 82
16 81
16 80
16 79
16 78
17 77
17 76
17 75
17 74
17 73
17 72
17 72
17 71
17 70
17 69
17 68
17 67
18 66
18 65
18 64
18 63
18 62
18 61
18 60
18 60
18 59
18 58
18 57
18 56
18 55
18 54
18 53
18 52
18 51
18 50
18 49
18 48
18 47
18 47
18 46
18 45
18 44
18 43
18 42
19 41
19 40
19 39
19 38
19 37
19 36
19 36
19 35
19 34
19 33
19 32
20 31
20 30
20 29
20 28
20 27
20 27
20 26
20 25
20 24
20 23
20 22
20 21
20 20
20 19
20 19
20 18
20 17
21 16
21 15
21 14
21 13
21 13
21 12
21 11
21 10
21 9
21 8
21 8
21 7
21 6
21 5
21 4
21 4
21 3
21 2
21 2
21 1
21 1
21 0
21 0
21 1
21 2
21 3
21 4
21 5
22 6
22 7
22 8
22 9
22 10
22 11
22 12
22 13
22 14
22 15
23 16
23 17
23 18
23 19
23 20
23 21
23 22
23 23
23 24
23 25
24 26
24 27
24 28
24 29
24 30
24 31
24 32
24 33
24 34
24 35
24 36
25 37
25 38
25 39
25 40
25 41
25 42
25 43
25 44
25 45
25 46
26 47
26 48
26 49
26 50
26 51
26 52
26 53
26 54
26 55
26 56
27 57
27 58
27 59
27 60
27 61
27 62
27 62
27 63
27 64
28 65
28 66
28 67
28 68
28 69
28 70
29 71
29 72
29 73
29 74
29 74
29 75
30 76
30 77
30 77
31 78
31 79
31 79
32 80
32 80
33 80
34 80
34 80
35 80
35 80
35 79
35 79
36 78
36 77
36 77
36 76
36 75
36 74
36 74
36 73
36 72
36 71
36 71
36 70
36 69
36 68
36 67
36 66
36 66
36 65
36 64
36 63
36 62
36 61
36 61
36 60
35 59
35 58
35 57
35 57
35 56
34 55
34 54
34 54
33 53
33 52
33 52
32 53
32 53
32 54
31 55
31 56
31 56
31 57
30 58
30 59
30 59
30 60
30 61
29 62
29 63
29 64
29 64
29 65
29 66
28 67
28 68
28 69
28 69
28 70
28 71
29 72
29 73
29 74
29 74
29 75
30 76
30 77
30 78
30 78
30 79
31 80
31 81
31 82
31 82
32 83
32 84
33 85
33 86
33 86
34 87
35 87
35 87
36 87
37 87
37 87
38 86
39 86
39 86
40 85
41 84
41 84
42 83
42 82
43 81
43 80
43 80
44 79
44 78
45 77
45 76
45 76
45 75
46 74
46 73
46 72
47 71
47 70
47 70
47 69
47 68
48 67
48 66
48 65
48 64
48 64
48 63
48 62
48 61
49 60
49 59
49 58
49 57
49 57
49 56
49 55
50 54
50 53
50 52
50 52
50 51
50 50
50 49
50 49
50 48
50 48
51 49
51 49
51 50
51 51
51 52
51 53
51 53
51 54
51 55
51 56
51 57
51 58
51 58
51 59
51 60
52 61
52 62
52 63
52 63
52 64
52 65
52 66
52 67
52 68
52 68
52 69
52 70
53 71
53 72
53 73
53 74
53 74
53 75
53 76
53 77
53 78
53 79
53 79
53 80
54 81
54 82
54 82
54 83
54 83
54 84
54 84
54 83
54 83
54 82
54 81
54 81
54 80
54 79
55 78
55 77
55 76
55 76
55 75
55 74
55 73
55 72
55 71
55 71
55 70
55 69
55 68
56 67
56 66
56 65
56 64
56 64
56 63
57 62
57 61
57 60
57 60
58 59
58 58
59 57
59 57
60 56
60 55
60 55
61 54
62 53
62 53
63 52
64 52
64 52
65 51
66 51
66 51
67 50
67 50
68 49
69 49
69 49
70 49
70 49
71 50
71 50
71 51
71 52
71 53
71 54
71 54
71 55
71 56
71 56
71 57
71 58
71 59
71 59
71 60
71 61
71 62
71 62
71 63
71 64
71 65
71 66
71 66
71 67
71 68
71 68
71 69
71 70
71 70
72 71
72 71
72 71
72 71
73 70
73 69
73 69
73 68
73 67
73 66
73 66
73 65
74 64
74 63
74 63
75 62
75 62
76 61
76 61
76 61
77 61
77 61
77 61
78 62
78 62
79 62
79 62
79 61
79 61
80 60
80 60
81 59
81 59
82 59
82 59
83 60
83 60
84 61
84 61
85 62
85 63
85 63
86 64
86 64
87 65
87 65
88 65
89 65
89 65
90 64
91 63
91 63
92 62
92 61
92 61
93 60
93 59
94 58
94 58
94 57
94 56
94 56
95 55
95 54
95 54
95 53
95 53
94 52
94 51
94 51
94 50
94 50
93 49
93 49
92 48
92 48
91 47
91 47
90 46
90 46
89 46
89 46
88 47
88 47
88 48
88 49
88 50
88 50
88 51
88 52
88 53
88 53
88 54
88 55
88 56
88 57
88 57
88 58
89 59
89 60
89 60
89 61
89 62
89 62
90 63
90 63
91 64
91 64
91 63
91 63
92 62
92 61
92 61
92 60
93 59
93 58
93 58
93 57
93 56
93 56
94 55
94 54
94 54
95 54
95 54
95 55
95 56
95 56
95 57
96 58
96 59
96 59
96 60
97 61
97 62
97 62
98 63
98 64
98 64
98 65
99 66
99 67
99 67
100 68
