1 5
1 4
0 3
0 2
0 2
0 2
0 2
0 2
0 3
0 4
0 4
0 5
0 6
0 7
0 7
0 8
0 9
0 10
0 11
0 11
0 12
0 13
1 14
1 15
1 16
1 16
1 17
1 18
1 19
1 20
1 21
1 22
1 23
1 23
1 24
1 25
1 26
2 27
2 28
2 29
2 30
2 31
2 31
2 32
2 33
2 34
2 35
3 36
3 37
3 38
3 39
3 40
3 41
3 41
3 42
3 43
3 44
3 45
3 46
3 47
3 48
3 49
3 50
3 51
3 52
3 52
3 53
3 54
3 55
3 56
4 57
4 58
4 59
4 60
4 61
4 62
4 62
4 63
4 64
4 65
4 66
4 67
5 68
5 69
5 70
5 71
5 72
5 73
5 73
5 74
5 75
5 76
6 77
6 78
6 79
6 80
6 81
6 81
6 82
6 83
6 84
7 85
7 86
7 87
7 88
7 88
7 89
7 90
8 91
8 92
8 93
8 93
8 94
9 95
9 96
9 97
9 97
9 98
9 99
9 99
10 100
10 100
10 100
11 99
11 99
11 98
11 97
11 96
11 95
11 94
11 94
11 93
11 92
12 91
12 90
12 89
12 88
12 88
12 87
13 86
13 85
13 84
13 83
14 82
14 81
14 81
14 80
14 79
15 78
15 77
15 76
15 75
16 74
16 73
16 72
16 72
16 71
16 70
16 69
16 68
16 67
17 66
17 65
17 64
17 63
17 62
17 61
17 61
17 60
17 59
18 58
18 57
18 56
18 55
18 54
18 53
19 52
19 51
19 50
19 50
19 49
19 48
20 47
20 46
20 45
20 44
20 43
20 42
21 41
21 40
21 39
21 39
21 38
21 37
22 36
22 35
22 34
22 33
22 32
22 31
23 30
23 29
23 28
23 28
23 27
23 26
23 25
23 24
24 23
24 22
24 21
24 20
24 19
24 18
24 18
24 17
24 16
24 15
25 14
25 13
25 12
25 11
25 10
25 10
25 9
25 8
26 7
26 6
26 5
26 4
26 4
26 3
26 2
26 1
26 0
26 0
26 1
26 2
26 3
26 4
26 5
26 6
26 7
26 8
26 9
26 10
26 11
26 12
26 13
26 14
25 15
25 16
25 17
25 18
25 19
25 20
25 21
25 22
25 23
25 24
25 25
25 26
25 27
25 28
25 29
25 30
25 31
25 32
25 33
25 34
25 35
25 36
25 37
25 38
25 39
25 40
25 41
25 42
25 43
25 44
24 45
24 46
24 47
24 48
24 49
24 50
24 51
24 52
24 53
24 54
24 55
24 56
24 57
24 58
24 59
24 60
24 61
24 62
24 63
24 64
24 65
24 66
24 67
24 68
24 69
24 70
24 71
24 72
24 73
24 74
23 75
23 76
23 77
23 78
23 79
23 80
23 81
23 82
23 83
23 84
23 85
23 86
23 87
23 88
23 89
23 90
23 90
23 89
23 89
23 89
23 89
24 89
24 89
25 89
25 89
26 88
26 88
27 87
28 87
28 87
29 86
30 85
30 85
31 84
31 83
32 82
32 82
33 81
33 80
34 79
34 79
34 78
35 77
35 76
35 76
35 75
36 74
36 73
36 73
36 72
36 71
36 71
36 70
36 69
36 69
35 68
35 68
34 68
34 68
33 68
33 68
32 69
31 69
31 69
30 70
30 70
29 71
29 71
28 72
28 72
28 73
28 74
28 74
28 75
29 76
29 77
29 77
29 78
30 79
30 80
30 81
30 81
30 82
31 83
31 84
31 84
32 85
32 86
33 87
33 87
34 88
34 89
34 89
35 90
36 90
36 90
37 90
38 90
38 90
39 89
40 89
41 88
41 88
42 87
43 86
43 86
44 85
44 84
45 83
45 83
46 82
46 81
47 80
47 80
47 79
48 78
48 77
48 77
49 76
49 75
49 75
49 74
49 73
49 73
50 72
50 71
50 71
50 70
50 69
50 69
50 68
50 67
50 67
50 67
50 67
50 67
51 68
51 69
51 69
51 70
52 71
52 72
52 72
52 73
52 74
52 75
52 75
52 76
52 77
52 78
52 79
52 79
52 80
52 81
52 82
52 82
52 83
53 84
53 85
53 85
53 86
53 86
53 87
53 87
53 87
53 87
53 86
53 85
53 85
53 84
53 83
53 82
53 82
53 81
53 80
53 79
53 79
53 78
54 77
54 76
54 76
54 75
54 74
54 74
54 73
55 72
55 71
55 71
55 70
56 69
56 68
56 68
57 67
57 66
57 66
58 65
58 64
58 64
58 64
59 64
59 64
60 65
61 66
62 67
63 67
64 68
65 69
66 70
66 70
66 69
66 69
66 68
66 68
66 67
66 67
66 66
66 66
66 65
66 65
66 64
66 64
66 65
66 65
67 66
67 66
67 67
67 68
67 68
67 69
67 70
67 70
68 71
68 72
68 72
68 73
68 74
68 74
69 75
69 76
69 76
69 77
69 77
69 78
69 78
70 78
70 78
70 78
70 78
70 77
70 77
70 76
70 75
70 75
70 74
71 73
71 72
71 72
71 71
71 70
71 70
71 69
72 68
72 67
72 67
73 66
73 66
73 65
73 65
73 66
73 66
74 67
74 67
74 68
74 69
74 69
75 70
75 71
75 71
75 72
75 73
75 73
76 74
76 74
76 75
76 75
76 75
77 74
77 74
77 73
77 72
77 72
78 71
78 70
78 70
78 69
79 68
79 67
79 67
80 66
80 66
81 66
81 66
81 66
82 67
82 67
83 68
83 68
84 69
84 70
84 70
84 71
84 71
85 72
86 72
86 72
87 71
87 71
88 70
89 70
89 70
90 69
90 68
90 68
91 67
91 66
91 66
91 65
92 64
92 63
92 63
93 62
93 61
93 61
92 60
92 59
92 59
92 58
92 58
91 57
91 57
90 57
90 57
89 58
89 58
88 59
88 59
87 60
87 60
87 61
87 62
87 63
87 63
87 64
87 65
87 65
87 66
87 67
87 67
87 68
87 69
87 69
88 70
88 70
89 70
89 70
90 69
90 69
91 68
91 68
91 67
92 66
92 65
92 65
93 64
93 63
94 62
94 62
95 61
95 60
95 60
96 59
96 59
96 59
97 59
97 59
97 60
97 61
97 61
98 62
98 63
98 63
98 64
98 65
98 65
99 66
99 67
100 68
