0 14
0 13
0 12
0 11
0 10
0 9
0 8
0 8
0 7
0 6
0 5
0 5
0 4
0 3
0 2
0 1
0 0
0 0
0 1
0 1
0 2
0 3
0 4
0 5
0 5
0 6
0 7
0 8
1 9
1 10
1 11
1 12
1 12
1 13
1 14
1 15
1 16
1 17
1 18
1 19
1 20
1 21
1 22
1 23
1 23
1 24
1 25
1 26
2 27
2 28
2 29
2 30
2 31
2 32
3 33
3 34
3 35
3 36
3 36
3 37
3 38
3 39
3 40
3 41
3 42
3 43
4 44
4 45
4 46
4 47
4 48
4 49
4 50
4 51
4 52
4 52
4 53
4 54
4 55
5 56
5 57
5 58
5 59
5 60
5 61
5 62
5 63
6 64
6 65
6 66
6 67
6 68
6 68
6 69
6 70
7 71
7 72
7 73
7 74
7 75
7 76
8 77
8 78
8 79
8 80
8 80
8 81
8 82
9 83
9 84
9 85
9 86
10 87
10 88
10 89
10 89
10 90
10 91
11 92
11 93
11 94
11 95
11 95
11 96
12 97
12 98
12 99
12 99
12 100
12 100
12 100
12 99
13 98
13 97
13 97
13 96
13 95
14 94
14 93
14 92
14 92
14 91
14 90
15 89
15 88
15 87
15 86
16 85
16 84
16 83
16 83
16 82
16 81
16 80
17 79
17 78
17 77
17 76
17 75
17 74
18 73
18 72
18 71
18 70
18 70
18 69
18 68
18 67
19 66
19 65
19 64
19 63
19 62
19 61
19 60
19 59
20 58
20 57
20 56
20 55
20 55
20 54
20 53
20 52
20 51
20 50
20 49
20 48
21 47
21 46
21 45
21 44
21 43
21 42
21 41
21 40
21 40
21 39
21 38
21 37
21 36
21 35
22 34
22 33
22 32
22 31
22 30
22 29
22 29
22 28
22 27
22 26
22 25
23 24
23 23
23 22
23 21
23 20
23 20
23 19
23 18
23 17
23 17
23 17
22 18
22 18
22 19
22 20
22 21
22 22
23 23
23 24
23 25
23 26
23 27
23 28
23 29
23 30
23 31
24 32
24 33
24 34
24 35
24 36
24 37
24 38
24 39
25 40
25 41
25 42
25 43
25 44
25 45
25 46
25 47
25 48
26 49
26 50
26 51
26 52
26 53
26 54
26 55
26 56
26 57
27 58
27 59
27 60
27 61
27 62
27 62
28 63
28 64
28 64
27 64
27 64
27 63
27 63
27 64
28 65
28 66
28 66
28 67
28 68
28 68
28 69
29 70
29 71
29 71
30 72
30 72
31 73
31 73
32 72
33 72
33 72
34 71
34 71
34 70
35 69
35 68
35 68
35 67
36 66
36 65
36 64
36 64
36 63
37 62
37 61
37 60
37 60
37 59
37 58
37 57
37 56
37 56
37 55
38 54
38 53
38 52
38 52
38 51
38 50
38 49
38 49
37 48
37 47
37 47
37 47
37 48
37 48
36 49
36 50
36 50
36 51
35 52
35 53
35 53
35 54
34 55
34 56
34 57
34 57
34 58
34 59
33 60
33 61
33 62
33 63
33 63
33 64
33 65
32 66
32 67
32 68
32 68
32 69
32 70
32 71
32 72
32 73
32 74
32 74
32 75
32 76
32 77
32 78
32 79
32 80
32 80
32 81
32 82
32 83
32 84
32 84
32 85
33 86
33 87
33 87
33 88
34 89
34 90
34 90
35 91
35 91
36 92
37 93
37 93
38 93
38 93
39 92
40 92
40 92
41 91
41 90
41 90
42 89
43 88
43 88
43 87
44 86
44 85
44 84
44 84
44 83
45 82
45 81
45 81
45 80
45 79
46 78
46 77
46 76
46 76
47 75
47 74
48 73
48 72
48 72
48 71
48 70
48 69
48 69
49 68
49 68
49 67
49 67
50 67
50 67
50 67
50 67
51 68
51 68
51 69
51 69
52 70
52 71
52 71
52 72
52 73
52 73
52 74
52 75
52 76
52 76
52 77
53 78
53 79
53 79
53 80
53 81
53 82
53 83
53 83
53 84
53 85
53 86
53 86
53 87
52 88
52 89
52 89
52 90
52 91
52 91
52 92
52 93
52 93
52 93
52 93
52 93
52 92
52 92
52 91
52 90
52 90
52 89
52 88
52 87
52 86
52 86
52 85
52 84
53 83
53 82
53 81
53 80
53 80
53 79
53 78
53 77
53 76
53 75
53 74
53 73
53 73
53 72
54 71
54 70
55 69
55 68
55 68
55 67
56 66
56 65
56 65
56 64
56 63
56 63
57 62
57 61
57 61
58 60
58 59
58 59
59 58
59 57
59 57
59 57
60 56
60 56
61 56
61 56
61 57
61 57
62 57
62 57
62 57
62 57
63 57
63 57
63 56
63 56
63 55
63 55
64 55
64 55
64 55
64 55
64 55
64 55
64 55
64 55
65 55
65 55
65 56
65 56
65 57
65 58
65 58
65 59
65 60
65 60
65 61
65 62
65 63
65 64
65 64
65 65
65 66
65 67
65 67
65 68
65 69
65 70
65 71
65 71
65 72
65 73
65 74
65 75
65 75
65 76
65 77
65 78
65 78
65 79
65 80
65 80
65 81
65 81
65 82
65 82
65 82
65 82
65 81
65 81
65 80
65 79
65 79
65 78
65 77
65 76
65 76
65 75
66 74
66 73
66 72
66 72
66 71
66 70
66 69
66 69
66 68
67 67
67 66
67 66
68 65
68 64
68 64
69 63
69 62
69 62
70 61
70 61
70 61
71 62
71 63
71 63
71 64
71 64
71 65
72 66
72 67
72 67
72 68
72 69
72 70
72 70
72 71
72 72
72 73
72 73
72 74
72 75
72 76
72 76
72 77
72 77
72 78
72 78
72 78
72 78
72 77
72 77
72 76
72 76
72 75
73 74
73 73
73 72
73 72
73 71
73 70
73 69
73 68
73 68
73 67
74 66
74 65
74 64
74 64
75 63
75 62
75 62
75 61
75 61
75 60
75 60
76 60
76 60
76 61
76 61
76 61
77 62
77 63
77 63
77 64
77 65
77 65
77 66
77 67
77 67
78 68
78 69
78 69
78 70
78 71
78 72
78 72
79 73
79 73
79 74
79 75
79 75
80 76
80 76
80 76
81 76
81 76
81 75
81 75
82 74
82 74
82 73
82 72
82 72
83 71
83 71
84 71
84 71
84 70
84 70
85 70
85 70
86 69
86 69
86 68
86 68
87 67
87 66
87 66
87 65
87 65
88 64
88 63
88 63
88 62
88 61
88 61
88 60
88 59
88 59
88 58
88 58
87 57
87 57
87 56
87 56
87 55
87 55
86 54
86 54
86 53
86 53
85 52
85 52
85 52
84 53
84 53
84 54
84 54
84 55
84 56
84 56
84 57
84 58
84 59
84 59
84 60
84 61
84 62
84 63
84 63
84 64
84 65
84 65
84 66
84 67
84 67
85 68
85 68
85 68
86 68
86 68
86 67
86 67
87 66
87 65
87 65
87 64
87 63
87 63
88 62
88 61
88 61
88 61
88 61
88 61
89 62
89 63
89 63
89 64
89 65
89 65
89 66
89 67
89 67
90 68
90 68
91 69
91 69
92 69
92 69
93 69
93 69
94 68
94 67
94 67
95 66
95 66
96 65
96 64
96 64
97 64
97 64
98 63
98 63
99 64
99 64
99 64
100 64
