1 18
1 17
0 16
0 15
0 14
0 14
0 13
0 13
0 12
0 12
0 13
0 13
0 14
0 15
0 15
0 16
0 17
0 18
0 19
0 20
0 21
0 21
0 22
0 23
0 24
0 25
1 26
1 27
1 28
1 29
1 30
1 30
1 31
1 32
1 33
1 34
1 35
1 36
1 37
1 38
1 39
1 40
1 40
1 41
1 42
1 43
1 44
1 45
1 46
2 47
2 48
2 49
2 50
2 51
2 52
2 53
2 53
2 54
2 55
3 56
3 57
3 58
3 59
3 60
3 61
4 62
4 63
4 64
4 65
4 65
4 66
4 67
4 68
4 69
4 70
5 71
5 72
5 73
5 74
5 75
5 76
5 77
5 77
5 78
5 79
5 80
5 81
6 82
6 83
6 84
6 85
6 86
6 86
6 87
6 88
7 89
7 90
7 91
7 92
7 92
7 93
8 94
8 95
9 96
9 97
9 97
9 98
10 99
10 100
10 100
11 100
11 100
12 100
12 100
13 99
13 99
13 98
14 97
14 96
14 96
14 95
14 94
15 93
15 92
15 91
15 91
15 90
15 89
16 88
16 87
16 86
16 85
17 84
17 83
17 82
17 82
17 81
17 80
18 79
18 78
18 77
18 76
18 75
18 74
19 73
19 72
19 71
19 70
19 70
19 69
19 68
19 67
20 66
20 65
20 64
20 63
20 62
20 61
21 60
21 59
21 58
21 57
21 57
21 56
21 55
22 54
22 53
22 52
22 51
22 50
23 49
23 48
23 47
23 46
23 45
24 44
24 43
24 42
24 42
24 41
24 40
24 39
25 38
25 37
25 36
25 35
25 34
25 33
26 32
26 31
26 30
26 29
26 29
26 28
26 27
26 26
27 25
27 24
27 23
27 22
27 21
27 20
28 19
28 18
28 17
28 16
28 16
28 15
29 14
29 13
29 12
29 11
30 10
30 9
30 8
30 8
30 7
30 6
31 5
31 4
31 3
31 3
31 2
31 1
31 0
31 0
31 0
31 1
31 1
31 2
31 2
31 3
31 4
31 5
31 6
30 7
30 8
30 9
30 10
30 11
30 12
30 13
30 14
29 15
29 16
29 17
29 18
29 19
29 20
29 21
29 22
28 23
28 24
28 25
28 26
28 27
28 28
28 29
28 30
28 31
27 32
27 33
27 34
27 35
27 36
27 37
27 38
27 39
26 40
26 41
26 42
26 43
26 44
26 45
26 46
26 47
26 48
25 49
25 50
25 51
25 52
25 53
25 54
25 55
25 56
24 57
24 58
24 59
24 60
24 61
24 62
24 63
24 64
23 65
23 66
23 67
23 68
23 69
23 69
23 70
23 71
24 72
24 73
24 74
24 75
24 75
24 75
25 74
25 74
26 74
26 74
27 74
27 74
28 73
29 72
29 72
30 71
31 70
31 70
32 69
33 68
34 67
34 67
34 66
35 65
35 64
36 63
36 62
36 62
36 61
37 60
37 59
38 58
38 57
38 57
38 56
38 55
39 54
39 53
39 52
39 52
40 51
40 50
40 50
40 49
40 48
40 48
40 48
39 48
39 48
38 49
38 49
38 50
37 51
37 52
37 53
37 53
37 54
37 55
36 56
36 57
36 58
36 58
36 59
36 60
36 61
36 62
36 63
36 63
36 64
36 65
36 66
35 67
35 68
35 69
35 70
35 70
35 71
35 72
35 73
35 74
35 75
35 75
35 76
35 77
35 78
35 79
35 79
36 80
36 81
36 81
37 82
37 83
37 83
38 84
38 84
39 85
39 85
40 85
40 85
41 85
42 85
42 85
43 84
43 84
43 83
44 82
44 81
44 81
45 80
45 79
46 78
46 78
46 77
47 76
47 75
47 74
47 74
47 73
47 72
48 71
48 70
48 69
48 68
48 68
48 67
49 66
49 65
50 64
50 63
50 63
50 62
50 61
50 60
50 59
50 59
50 58
51 57
51 56
51 56
52 56
52 56
52 56
53 57
53 57
54 58
54 58
54 59
55 60
55 61
55 61
55 62
56 63
56 64
56 65
56 65
56 66
56 67
56 68
56 69
56 69
56 70
57 71
57 72
57 73
57 73
57 74
57 75
57 76
57 76
57 77
57 78
57 79
57 79
57 80
57 81
57 81
57 81
57 81
58 80
58 79
58 79
58 78
59 77
59 76
59 76
59 75
60 74
60 73
60 72
60 72
60 71
60 70
60 69
60 68
60 68
60 67
60 66
61 65
61 64
61 63
61 63
61 62
62 61
62 60
62 59
62 59
62 58
63 57
63 56
63 55
63 55
64 54
64 53
65 52
65 52
66 51
66 50
66 50
67 49
67 48
67 48
68 48
69 48
69 48
70 48
70 48
71 49
71 49
72 49
72 49
73 50
73 50
74 50
74 50
74 50
75 51
75 51
75 51
75 52
75 53
75 54
75 55
75 56
75 57
75 58
75 59
75 60
75 60
75 61
75 62
75 63
75 64
75 64
74 65
74 66
74 66
74 66
74 67
74 68
74 69
74 70
74 70
74 71
74 72
74 73
74 74
74 74
74 75
74 76
74 77
74 77
74 78
74 78
74 79
74 79
75 80
75 80
75 80
75 79
75 79
75 79
76 78
76 77
76 77
76 76
76 75
76 74
76 74
76 73
77 72
77 71
77 71
77 70
78 69
78 68
78 68
79 67
79 66
79 66
79 65
79 65
80 65
80 65
81 65
81 65
81 66
81 67
81 67
81 68
81 69
81 69
81 70
81 70
81 71
81 72
81 72
81 73
81 74
81 74
81 75
81 75
81 75
82 75
82 75
82 74
82 74
83 73
83 73
83 72
83 71
83 70
83 70
84 69
84 68
84 68
85 67
85 66
85 66
85 66
85 66
85 67
85 67
86 68
86 69
86 69
86 70
86 71
86 72
86 72
86 73
86 74
86 74
86 75
86 76
86 76
87 77
87 77
87 78
87 78
88 78
88 78
89 77
89 76
90 75
91 74
91 73
92 72
92 71
93 70
93 70
93 69
94 68
94 67
95 66
95 65
95 65
95 64
95 63
95 63
95 62
95 62
95 61
95 61
95 61
94 61
94 61
94 61
93 62
93 63
93 63
93 64
92 65
92 66
92 66
92 67
91 68
91 69
91 69
91 70
91 71
91 72
91 72
91 73
90 74
90 75
90 75
90 76
90 77
90 77
91 77
91 77
91 78
91 78
91 78
92 78
92 78
93 77
93 76
93 76
94 75
94 75
95 74
95 73
95 73
95 72
95 71
95 71
95 70
96 69
96 68
96 68
96 67
96 67
97 66
97 66
97 67
97 67
97 68
97 68
97 69
97 70
97 71
97 71
97 72
97 73
97 74
97 74
97 75
97 76
97 76
97 77
97 78
97 79
97 79
97 80
97 81
97 81
98 82
98 82
98 83
98 83
99 84
99 84
100 84
