2 42
2 41
2 40
2 39
1 38
1 37
1 36
1 35
1 35
1 34
1 33
1 32
1 31
1 31
1 30
0 29
0 28
0 28
0 27
0 26
0 25
0 25
0 24
0 23
0 23
0 23
0 23
0 23
0 24
0 25
0 25
0 26
0 27
0 28
0 28
0 29
0 30
0 31
0 32
0 32
0 33
0 34
0 35
0 36
0 36
0 37
0 38
1 39
1 40
1 41
1 42
1 42
1 43
1 44
1 45
1 46
1 47
1 48
1 48
1 49
1 50
1 51
1 52
2 53
2 54
2 55
2 56
2 57
2 57
2 58
2 59
2 60
2 61
3 62
3 63
3 64
3 65
3 66
3 66
3 67
3 68
3 69
3 70
4 71
4 72
4 73
4 74
4 75
4 75
4 76
4 77
4 78
5 79
5 80
5 81
5 82
5 83
5 83
5 84
6 85
6 86
6 87
7 88
7 89
7 89
7 90
7 91
8 92
8 93
8 94
8 94
8 95
9 96
9 97
9 97
10 98
11 99
11 99
12 100
13 100
13 100
14 100
14 100
15 99
15 98
16 97
16 97
16 96
16 95
17 94
17 93
17 92
17 92
17 91
18 90
18 89
18 88
18 87
19 86
19 85
19 85
19 84
19 83
19 82
19 81
20 80
20 79
20 78
20 77
20 76
20 76
20 75
20 74
20 73
20 72
21 71
21 70
21 69
21 68
21 67
21 66
21 66
21 65
21 64
21 63
21 62
21 61
21 60
21 59
21 58
21 57
21 56
21 56
21 55
21 54
21 53
21 52
21 51
22 50
22 49
22 48
22 47
22 46
22 45
22 45
22 44
22 43
22 42
22 41
22 40
22 39
22 38
22 37
22 36
22 35
22 34
22 34
22 33
22 32
22 31
22 30
22 29
22 28
22 27
22 26
22 25
22 24
22 23
22 23
22 22
22 21
22 20
22 19
22 18
22 17
22 16
22 15
22 15
22 14
22 13
22 12
22 11
22 10
22 9
22 8
22 7
22 7
22 6
22 5
22 4
22 3
22 3
21 2
21 1
21 1
21 0
21 0
20 0
20 0
20 1
20 1
20 2
20 3
20 4
20 5
21 6
21 7
21 8
21 9
21 10
21 11
21 12
21 13
21 14
21 15
22 16
22 17
22 18
22 19
22 20
22 21
22 22
22 23
22 24
22 25
23 26
23 27
23 28
23 29
23 30
23 31
23 32
23 33
23 34
24 35
24 36
24 37
24 38
24 39
24 40
24 41
24 42
24 43
24 44
25 45
25 46
25 47
25 48
25 49
25 50
25 51
25 52
25 53
25 54
26 55
26 56
26 57
26 58
26 59
26 59
26 60
26 61
27 62
27 63
27 64
27 65
27 66
28 67
28 68
28 69
28 69
28 70
28 71
29 72
29 73
29 74
29 74
29 75
30 76
30 77
30 78
30 78
30 79
31 80
31 81
31 82
31 82
31 83
32 84
32 85
32 85
32 86
33 87
33 88
33 88
34 89
35 89
35 89
36 90
36 90
37 90
37 90
37 89
37 89
38 88
38 87
38 87
38 86
38 85
38 84
38 84
38 83
38 82
38 81
38 81
38 80
38 79
38 78
38 77
38 77
38 76
38 75
38 74
38 73
38 72
38 72
38 71
37 70
37 69
37 68
37 68
37 67
37 66
37 65
37 65
36 64
36 63
36 63
35 63
35 63
34 63
34 63
33 64
33 64
33 65
32 66
32 67
32 67
32 68
31 69
31 70
31 71
31 71
31 72
31 73
31 74
31 75
31 75
31 76
30 77
30 78
30 79
30 79
30 80
31 81
31 82
31 83
31 83
31 84
31 85
32 86
32 87
32 88
32 88
32 89
33 90
33 91
33 91
34 92
34 93
34 93
35 94
36 94
36 94
37 93
38 93
38 93
39 92
39 92
40 91
40 90
41 89
41 89
41 88
42 87
42 86
42 86
43 85
43 84
44 83
44 82
44 82
44 81
44 80
45 79
45 78
45 77
45 77
45 76
45 75
46 74
46 73
46 72
46 71
46 71
46 70
46 69
47 68
47 67
47 66
47 65
47 65
47 64
47 63
48 62
48 61
48 60
48 60
48 59
49 58
49 57
49 57
50 56
50 55
50 55
50 55
51 56
51 57
51 57
51 58
52 59
52 60
52 60
52 61
52 62
52 63
52 64
52 65
52 65
52 66
52 67
53 68
53 69
53 70
53 70
53 71
53 72
54 73
54 74
54 75
54 75
54 76
55 77
55 78
55 79
55 79
55 80
55 81
55 82
55 82
55 83
56 84
56 85
56 85
57 86
57 86
57 86
57 85
57 85
57 84
58 83
58 82
58 82
58 81
58 80
58 79
58 78
58 77
58 77
58 76
58 75
58 74
58 73
58 72
58 72
58 71
58 70
59 69
59 68
59 67
59 66
59 66
59 65
60 64
60 63
60 62
60 62
61 61
62 60
62 60
63 59
63 58
63 58
64 57
65 57
65 57
66 56
66 56
67 55
68 55
68 55
69 55
69 55
70 54
71 54
71 54
72 54
72 54
73 53
73 53
72 54
72 55
72 55
72 56
72 56
72 57
72 58
72 58
72 59
72 60
72 61
72 61
72 62
72 63
72 63
72 64
72 65
72 65
72 66
72 67
72 67
72 68
72 69
72 69
72 70
72 71
72 71
73 72
73 73
73 73
73 73
74 73
74 73
74 72
74 72
74 71
75 70
75 69
75 69
75 68
76 67
76 66
76 66
76 65
77 64
77 63
77 63
78 62
78 62
79 62
79 62
80 63
80 63
80 64
80 65
80 65
80 66
81 67
81 68
81 68
82 69
82 70
82 70
82 71
82 71
83 72
83 72
83 71
83 71
84 70
84 70
84 69
85 68
85 67
85 67
86 66
86 65
86 65
86 64
86 63
86 63
87 63
87 63
88 64
88 64
88 65
88 66
88 66
89 67
89 67
90 68
90 69
90 69
91 68
91 68
92 67
93 67
93 67
94 66
94 65
94 65
95 64
95 63
95 63
95 62
95 62
95 61
95 60
95 60
95 59
95 59
94 58
94 57
94 57
93 56
93 55
93 55
93 54
93 54
92 54
92 54
91 54
91 54
90 55
90 55
90 56
90 56
90 57
89 58
89 59
89 59
89 60
89 61
89 62
89 62
89 63
89 64
89 65
89 65
89 66
90 67
90 68
90 68
90 69
90 70
90 70
91 71
91 71
91 71
92 70
92 70
92 69
92 68
92 68
93 67
93 66
93 66
93 65
93 64
93 64
94 63
94 63
94 63
95 64
95 64
96 65
96 66
96 66
97 67
97 68
97 68
98 69
98 69
99 70
99 70
100 70
