2 26
2 25
1 24
1 23
1 23
0 22
0 22
0 21
0 21
0 21
0 21
0 22
0 23
0 23
0 24
0 25
0 25
0 26
0 27
0 28
0 29
0 30
0 30
0 31
0 32
0 33
0 34
0 35
0 35
0 36
0 37
0 38
0 39
0 40
0 41
0 41
0 42
0 43
0 44
1 45
1 46
1 47
1 48
1 49
1 49
1 50
1 51
1 52
1 53
1 54
1 55
1 56
1 56
1 57
1 58
1 59
1 60
2 61
2 62
2 63
2 64
2 65
2 66
2 66
2 67
2 68
2 69
2 70
3 71
3 72
3 73
3 74
3 75
3 75
3 76
4 77
4 78
4 79
4 80
5 81
5 82
5 83
5 83
5 84
5 85
5 86
6 87
6 88
6 89
6 90
6 91
6 91
7 92
7 93
8 94
8 95
9 96
9 97
9 97
9 98
10 99
10 100
10 100
11 100
12 100
12 100
13 99
14 99
14 99
15 98
16 97
16 97
16 96
17 95
17 94
18 93
18 92
18 92
18 91
19 90
19 89
19 88
19 87
20 86
20 85
20 85
20 84
21 83
21 82
21 81
21 80
22 79
22 78
22 77
22 77
22 76
22 75
22 74
22 73
22 72
23 71
23 70
23 69
23 68
23 67
23 66
23 66
23 65
23 64
24 63
24 62
24 61
24 60
24 59
24 58
25 57
25 56
25 55
25 54
25 54
25 53
25 52
25 51
25 50
25 49
26 48
26 47
26 46
26 45
26 44
26 43
26 42
26 42
26 41
26 40
26 39
26 38
26 37
26 36
27 35
27 34
27 33
27 32
27 31
27 30
27 29
27 29
27 28
27 27
27 26
27 25
28 24
28 23
28 22
28 21
28 20
28 19
28 19
28 18
28 17
28 16
29 15
29 14
29 13
29 12
29 11
29 11
29 10
29 9
29 8
29 7
29 6
29 5
29 5
29 4
29 3
29 2
29 2
29 1
29 1
29 0
29 0
29 1
29 2
29 3
29 4
29 5
29 6
29 7
29 8
29 9
29 10
29 11
29 12
29 13
29 14
29 15
29 16
29 17
29 18
29 19
29 20
29 21
29 22
29 23
29 24
29 25
29 26
29 27
30 28
30 29
30 30
30 31
30 32
30 33
30 34
30 35
30 36
30 37
30 38
30 39
30 40
30 41
30 42
30 43
30 44
30 45
30 46
30 47
30 48
30 49
30 50
30 51
30 52
30 53
30 54
30 55
30 55
30 56
30 57
31 58
31 59
31 60
31 61
31 62
32 63
32 64
32 65
32 65
32 66
33 67
33 68
33 68
33 69
34 70
34 71
34 72
34 72
35 73
35 74
36 75
36 76
36 76
37 77
37 78
37 78
38 79
39 80
39 80
40 81
40 81
41 81
41 81
42 80
42 80
43 79
43 78
43 78
43 77
44 76
44 75
44 75
44 74
45 73
45 72
45 72
45 71
45 70
45 69
45 68
45 68
45 67
45 66
45 65
45 64
45 64
45 63
45 62
45 61
45 60
45 59
45 59
45 58
45 57
45 56
45 55
45 54
45 54
45 53
45 52
45 51
45 51
44 50
44 50
43 50
43 50
42 51
42 51
41 52
41 53
41 53
41 54
40 55
40 56
40 56
40 57
40 58
40 59
40 60
40 60
40 61
40 62
39 63
39 64
39 65
39 65
39 66
39 67
40 68
40 69
40 70
40 70
40 71
40 72
40 73
40 74
40 75
40 75
41 76
41 77
42 78
42 79
42 79
42 80
43 81
43 82
43 82
44 83
45 84
45 84
46 85
46 85
47 85
48 85
48 85
49 84
50 83
50 83
51 82
52 81
52 81
53 80
53 79
54 78
54 77
54 77
54 76
55 75
55 74
56 73
56 72
56 72
56 71
57 70
57 69
58 68
58 67
58 67
58 66
59 65
59 64
59 63
60 62
60 61
60 61
60 60
60 59
61 58
61 57
61 56
61 56
61 55
61 54
62 53
62 52
62 51
62 51
62 50
62 49
62 49
63 48
63 48
63 48
64 49
64 49
64 50
64 51
64 52
64 52
64 53
65 54
65 55
65 56
65 56
65 57
66 58
66 59
66 60
66 60
66 61
66 62
66 63
66 64
66 64
66 65
66 66
66 67
66 68
66 68
66 69
66 70
66 71
66 71
66 72
66 73
66 73
67 74
67 74
67 74
67 73
67 72
67 72
67 71
67 70
67 69
67 69
67 68
67 67
67 66
67 66
67 65
67 64
67 63
67 62
67 61
67 61
67 60
67 59
68 58
68 57
68 56
68 56
68 55
69 54
69 53
69 53
70 52
70 51
70 51
71 50
71 50
72 50
72 50
73 50
74 50
74 50
75 51
75 51
76 52
76 52
77 52
77 52
78 53
78 53
77 52
77 52
76 52
76 52
76 53
76 53
76 54
76 54
76 55
76 56
76 57
76 57
76 58
76 59
76 59
77 60
77 61
77 61
77 62
77 63
77 63
77 64
77 64
78 65
78 65
79 65
79 65
80 64
80 63
80 63
81 62
81 61
81 61
81 60
81 59
81 59
82 58
82 57
82 57
82 57
83 57
83 57
83 58
83 58
83 59
83 60
83 60
84 61
84 61
84 62
84 62
85 62
85 62
86 62
86 62
86 61
86 60
86 60
87 59
87 59
88 58
88 57
88 57
88 56
88 56
89 57
89 57
89 57
90 58
90 58
91 59
91 59
92 59
92 59
93 58
93 57
93 57
94 56
94 56
95 55
95 54
95 54
96 53
96 52
96 52
96 51
96 51
96 50
96 50
96 49
96 49
95 48
95 48
95 47
95 46
95 46
94 45
94 45
93 44
93 44
92 44
92 44
92 45
92 45
91 46
91 46
91 47
91 48
91 49
91 49
91 50
91 51
91 52
91 52
91 53
91 54
91 55
91 55
91 56
91 57
91 57
91 58
91 59
91 60
91 60
92 61
92 61
92 61
93 61
93 61
93 60
93 60
94 59
94 58
94 58
94 57
94 56
94 56
94 55
94 55
95 54
95 54
95 54
96 54
96 54
96 55
96 56
96 56
97 57
97 57
98 58
98 59
98 59
98 59
99 59
99 59
100 59
