24 2
24 1
24 1
24 0
24 0
24 1
24 1
23 2
23 3
23 3
23 4
23 5
22 6
22 7
22 8
22 8
22 9
22 10
22 11
21 12
21 13
21 14
21 15
21 15
21 16
20 17
20 18
20 19
20 20
19 21
19 22
19 23
19 23
19 24
19 25
18 26
18 27
18 28
18 29
18 30
17 31
17 32
17 33
17 33
17 34
16 35
16 36
16 37
15 38
15 39
15 40
15 41
14 42
14 43
14 43
14 44
13 45
13 46
13 47
12 48
12 49
12 50
11 51
11 52
11 52
11 53
10 54
10 55
9 56
9 57
8 58
8 59
7 60
7 61
7 61
7 62
6 63
6 64
5 65
5 66
4 67
4 68
3 69
3 70
3 70
2 71
1 72
1 73
0 74
0 74
0 75
0 76
0 76
1 75
2 74
3 73
4 72
4 72
5 71
5 70
6 69
6 68
6 68
6 67
7 66
7 65
7 65
7 64
8 63
8 62
8 62
9 61
9 60
10 59
10 59
11 58
12 57
13 56
13 56
14 55
15 54
15 53
16 52
16 52
17 51
18 50
18 50
19 49
20 49
21 48
21 48
22 48
22 48
23 48
23 48
22 49
22 49
21 50
21 51
21 51
21 52
20 53
20 54
20 54
19 55
19 56
18 57
18 57
17 58
17 59
16 60
16 61
16 61
16 62
15 63
15 64
15 64
14 65
14 66
13 67
13 67
12 68
12 69
12 69
12 69
12 68
12 68
13 68
13 68
14 67
15 66
15 66
16 65
16 64
17 63
17 63
18 62
19 61
20 60
20 60
21 59
21 58
22 57
22 57
23 56
24 56
24 56
24 57
23 58
23 59
23 60
23 61
22 62
22 63
22 64
22 65
21 66
21 67
21 67
21 68
20 69
20 70
19 71
19 72
18 73
18 74
17 75
17 76
17 76
16 77
16 78
15 79
15 80
15 80
15 81
14 82
14 83
14 83
14 84
14 84
15 85
15 85
16 84
16 84
17 83
17 82
18 81
18 81
19 80
19 79
20 78
20 77
20 77
21 76
21 75
22 74
22 73
22 73
22 72
23 71
23 70
23 69
23 68
24 67
24 66
24 65
24 64
25 63
25 62
25 61
25 60
26 59
26 58
26 58
25 59
25 59
24 60
24 61
24 61
23 62
23 63
23 63
23 64
23 65
22 66
22 67
22 68
22 68
22 69
22 70
22 71
22 72
22 73
22 74
22 74
22 75
22 76
21 77
21 78
21 79
21 80
21 80
21 81
21 82
21 83
21 84
21 85
21 86
21 87
21 87
21 88
21 89
21 90
22 91
22 92
22 93
22 94
22 94
22 95
22 96
22 97
22 98
22 98
23 99
23 99
24 100
24 100
25 99
25 99
25 98
26 97
26 96
26 96
27 95
27 94
28 93
28 93
28 92
28 91
28 90
29 89
29 88
29 87
29 86
29 85
29 84
29 83
30 82
30 81
30 80
30 79
30 78
30 77
30 76
31 75
31 74
31 73
31 72
31 71
31 70
31 69
32 68
32 67
32 66
32 65
32 64
32 63
33 62
33 61
33 60
33 59
33 58
33 57
33 56
34 55
34 54
34 53
34 52
34 51
34 50
34 49
35 48
35 47
35 46
35 45
35 44
35 43
35 42
36 41
36 40
36 39
36 38
36 38
36 38
36 37
36 36
36 36
36 36
36 37
36 37
36 38
36 39
36 39
36 40
35 41
35 42
35 42
35 43
35 44
35 45
35 45
35 46
34 47
34 48
34 49
34 49
34 50
34 51
33 52
33 53
33 54
33 54
33 55
33 56
32 57
32 58
32 59
32 59
32 60
31 61
31 62
31 63
31 63
31 64
31 64
31 65
31 65
31 65
32 64
32 64
33 63
33 62
33 62
34 61
34 60
35 59
35 59
36 58
37 57
37 57
38 56
39 55
39 55
40 56
40 56
41 57
41 58
41 58
41 59
40 60
40 61
40 61
40 62
40 63
39 64
39 65
39 66
39 66
38 67
37 68
37 69
36 70
36 70
35 71
35 72
34 73
34 74
34 74
33 75
33 76
32 77
32 78
32 78
31 79
30 80
30 80
30 81
30 81
30 80
30 80
31 79
31 78
31 78
32 77
33 76
34 75
34 75
35 74
35 73
36 72
36 71
36 71
37 70
38 69
39 68
40 67
40 67
41 66
42 65
43 64
43 64
44 63
44 62
45 61
45 61
44 60
43 59
43 58
42 57
41 56
40 55
40 54
39 53
38 52
37 51
37 50
36 49
36 49
37 50
37 51
38 52
38 53
38 53
38 52
38 52
38 53
39 54
39 55
39 55
39 56
39 57
39 58
39 59
39 60
39 61
39 61
39 62
39 63
38 64
38 65
38 66
38 67
38 67
38 68
38 69
37 70
37 71
37 72
37 72
37 73
36 74
36 75
35 76
35 77
35 77
35 78
34 79
34 80
34 81
34 81
34 82
33 83
33 84
33 85
33 85
34 84
34 83
35 82
35 81
36 80
36 80
37 81
38 81
39 82
39 82
38 81
38 81
39 82
40 82
40 82
41 83
42 83
42 83
43 84
44 85
44 85
45 85
46 86
47 86
47 86
48 87
49 87
50 88
51 88
51 88
52 88
53 89
54 89
55 89
55 89
55 88
55 87
56 86
56 85
56 84
56 83
56 82
57 81
57 80
57 79
57 78
58 77
58 76
58 75
58 74
58 73
59 72
59 71
59 70
59 69
59 68
60 67
60 66
60 65
60 64
60 63
61 62
61 61
61 60
61 59
61 58
62 57
62 56
62 55
62 54
63 53
63 52
63 51
63 50
63 49
64 48
64 47
64 46
64 45
64 44
65 43
65 42
65 41
65 41
66 41
66 41
67 40
67 39
67 39
68 38
68 37
68 37
69 36
70 36
71 35
71 35
72 34
73 33
74 32
74 32
75 31
75 30
76 29
76 29
77 28
78 28
79 27
79 27
80 26
81 26
81 26
82 25
82 25
83 25
83 25
83 26
83 27
83 27
82 28
82 28
82 29
81 30
81 31
81 32
81 32
80 33
80 34
79 35
79 35
79 36
78 37
78 38
78 39
78 39
78 40
77 41
77 42
77 42
77 43
76 44
76 45
76 45
75 44
74 44
74 44
75 44
75 44
75 44
75 45
75 45
76 46
76 47
76 47
76 48
75 49
75 50
75 50
75 51
75 52
75 53
75 53
75 54
74 55
74 56
74 57
73 58
73 59
73 59
73 58
73 57
73 57
74 56
74 55
74 55
75 54
75 53
76 52
76 52
77 51
77 50
77 50
78 49
79 48
79 48
80 47
81 46
81 46
80 46
79 46
78 46
77 46
76 45
75 45
74 45
73 45
72 45
72 45
71 46
70 47
69 48
69 48
69 49
69 50
69 50
68 51
68 52
68 52
68 53
68 54
68 55
68 56
68 56
68 57
67 58
67 59
67 59
66 60
65 61
65 61
65 62
64 63
64 64
64 64
63 65
63 66
62 67
62 67
61 68
61 69
61 69
60 68
60 67
60 67
60 67
60 67
61 67
61 67
62 66
62 66
63 65
63 65
64 64
65 64
65 64
66 64
67 64
67 64
68 63
69 63
69 63
70 63
71 62
72 62
73 62
73 62
74 62
75 61
76 61
77 61
77 61
78 61
79 60
80 60
81 60
81 60
82 60
83 59
84 59
85 58
86 58
86 58
87 58
88 57
89 57
89 57
90 57
91 57
92 57
92 57
93 57
93 57
94 57
94 57
93 57
92 58
91 58
90 59
89 59
88 60
87 60
86 60
85 61
84 61
83 62
82 62
81 62
80 63
79 63
78 64
77 64
76 65
75 65
75 65
75 66
75 67
75 68
75 69
75 69
75 69
74 70
74 70
75 71
75 72
75 72
75 73
75 74
75 75
75 75
76 76
76 77
76 77
76 78
76 79
76 80
76 80
77 81
77 82
77 82
77 83
77 83
77 84
77 84
77 84
77 84
76 84
76 84
76 83
76 83
76 82
76 82
76 81
76 80
76 80
76 79
76 78
76 78
77 77
78 76
78 76
78 75
79 74
79 73
79 73
80 72
81 71
82 70
82 70
83 69
83 68
83 68
84 67
85 67
85 67
86 67
86 67
87 68
87 69
87 69
87 70
87 71
87 71
87 72
86 73
86 74
86 74
85 75
85 76
84 77
84 77
83 78
83 79
82 80
82 81
82 81
81 82
80 83
80 83
79 84
79 85
78 86
78 86
78 86
78 86
79 85
79 85
80 84
80 83
80 83
81 82
82 81
83 80
83 80
84 79
84 78
85 77
85 76
85 76
86 75
86 74
86 74
87 73
87 72
87 72
86 71
85 70
84 69
83 68
82 67
81 66
81 66
80 65
80 65
80 65
80 65
80 66
80 66
81 67
81 67
81 68
81 69
81 69
81 70
81 71
81 72
81 72
81 73
81 74
81 75
81 76
81 76
81 77
81 78
81 79
81 79
81 80
81 81
81 82
81 83
81 83
81 84
80 85
80 86
80 87
80 87
80 88
80 89
80 90
80 91
80 91
80 92
80 93
80 94
80 94
80 95
80 95
80 96
80 97
80 97
79 98
79 98
78 99
78 99
77 100
77 100
76 100
76 100
76 100
77 100
77 100
78 99
78 99
79 98
79 97
79 97
80 96
81 95
81 94
82 93
82 93
83 92
84 91
84 90
85 89
85 89
86 88
87 87
87 86
88 85
88 85
89 84
89 83
90 82
90 82
90 81
91 80
91 79
92 78
92 77
93 76
93 75
94 74
94 73
94 73
94 74
95 75
95 76
95 76
95 75
95 75
94 75
94 75
94 75
95 76
95 76
96 77
96 77
97 78
97 79
97 79
98 80
98 81
98 81
99 82
99 83
99 83
100 84
100 85
