16 0
16 1
16 2
16 2
15 1
15 1
15 2
15 3
15 4
15 5
15 5
15 6
15 7
14 8
14 9
14 10
14 10
14 11
13 12
13 13
13 14
13 15
12 16
12 17
12 17
12 18
11 19
11 20
11 21
10 22
10 23
10 23
10 24
9 25
9 26
9 27
9 28
8 29
8 30
8 30
8 31
7 32
7 33
7 34
7 35
6 36
6 37
6 38
6 38
5 39
5 40
4 41
4 42
3 43
3 44
3 44
3 45
2 46
2 47
1 48
1 49
1 49
1 50
0 51
0 52
0 52
1 52
2 51
3 51
4 51
4 51
5 50
5 49
6 48
6 47
7 46
7 46
8 45
8 44
9 43
9 43
10 42
10 41
11 40
11 39
11 39
12 38
12 37
13 36
13 36
13 35
14 34
14 33
14 33
15 33
16 33
16 33
16 34
16 34
16 35
16 36
16 37
16 37
16 38
16 39
15 40
15 41
15 42
15 42
15 43
15 44
14 45
14 46
14 47
14 47
13 48
13 49
12 50
12 51
12 51
12 52
11 53
11 54
10 55
10 56
10 56
9 57
9 58
9 58
8 59
8 59
9 59
9 59
9 58
9 58
10 57
11 56
11 56
12 55
12 54
13 53
13 53
14 52
14 51
14 51
15 50
16 49
16 49
17 49
17 49
17 50
17 51
16 52
16 53
16 54
16 55
15 56
15 57
15 58
15 59
14 60
14 61
14 62
14 63
13 64
13 65
13 66
13 67
12 68
12 69
12 70
12 71
11 72
11 73
11 74
11 75
10 76
10 77
10 78
10 79
9 80
9 81
9 82
9 82
9 83
8 84
8 85
8 86
7 87
7 88
7 89
6 90
6 91
6 91
5 92
5 93
5 93
6 93
6 93
6 92
6 92
7 91
8 90
8 90
9 89
9 88
10 87
10 86
10 86
10 85
11 84
11 83
12 82
12 81
12 81
12 80
13 79
13 78
13 77
14 76
14 75
14 74
14 73
15 72
15 71
15 70
16 69
16 68
16 67
17 66
17 65
17 64
18 63
18 62
18 61
18 60
19 59
19 58
19 57
20 56
20 55
20 55
19 56
19 57
19 57
18 58
18 59
18 59
18 60
17 61
17 62
17 62
17 63
16 64
16 65
16 66
16 66
16 67
16 68
15 69
15 70
15 71
15 72
15 72
15 73
15 74
14 75
14 76
14 77
14 77
14 78
14 79
14 80
14 81
14 82
14 83
14 84
14 84
14 85
14 86
14 87
14 88
14 89
14 90
14 91
14 91
14 92
14 93
14 94
14 95
14 96
14 97
14 97
14 98
14 99
14 100
14 100
15 100
15 100
16 100
16 100
17 99
17 98
18 97
18 97
18 96
19 95
19 94
20 93
20 92
20 92
20 91
20 90
21 89
21 88
21 87
21 86
21 85
22 84
22 83
22 82
22 81
22 80
22 79
23 78
23 77
23 76
23 75
23 74
24 73
24 72
24 71
24 70
24 69
25 68
25 67
25 66
25 65
25 64
25 63
26 62
26 61
26 60
26 59
26 58
27 57
27 56
27 55
27 54
27 53
28 52
28 51
28 50
28 49
28 48
28 47
29 46
29 45
29 44
29 43
29 42
30 41
30 40
30 39
30 39
30 38
31 37
31 36
31 35
31 34
32 33
32 32
32 32
33 31
33 31
33 31
33 31
33 32
33 33
33 34
33 34
33 35
32 36
32 37
32 37
32 38
31 39
31 40
31 41
31 41
31 42
31 43
30 44
30 45
30 46
30 46
30 47
29 48
29 49
29 50
29 50
28 51
28 52
27 53
27 54
27 54
27 55
27 56
27 57
27 57
26 58
26 58
27 59
27 59
28 58
28 58
29 57
30 57
30 57
31 56
32 55
32 55
33 54
34 54
34 54
35 53
36 52
36 52
37 52
37 52
37 53
37 54
37 54
37 55
36 56
36 57
36 57
36 58
35 59
35 60
34 61
34 62
34 62
34 63
33 64
33 65
32 66
32 67
32 67
32 68
31 69
31 70
30 71
30 72
30 72
29 73
29 74
28 75
28 76
28 76
28 77
27 78
27 79
27 79
26 80
26 80
27 79
27 79
28 78
28 77
28 77
29 76
30 75
30 74
31 73
31 73
32 72
32 71
33 70
34 69
34 68
35 67
35 67
36 66
36 65
37 64
37 63
38 62
38 61
38 61
39 60
40 59
40 58
41 57
42 56
42 56
43 55
44 54
44 53
45 52
45 52
46 51
46 50
47 49
47 49
46 48
46 47
45 46
45 45
44 44
44 43
43 42
43 41
42 40
42 39
41 38
41 37
40 36
40 35
39 34
39 34
40 35
40 35
41 35
41 35
41 36
41 37
41 37
41 38
41 39
41 40
41 40
41 41
41 42
41 43
41 44
41 45
41 45
41 46
41 47
40 48
40 49
40 50
40 50
40 51
40 52
40 53
39 54
39 55
39 56
39 57
39 57
39 58
38 59
38 60
38 61
38 62
37 63
37 64
37 64
37 65
36 66
36 67
36 68
36 69
35 70
35 71
35 71
35 72
34 73
34 74
34 75
33 76
33 77
33 77
33 78
33 79
33 80
33 80
33 79
34 78
34 77
35 76
35 75
36 74
36 73
37 72
37 71
38 70
38 69
38 69
38 70
39 71
39 72
39 72
40 73
40 73
41 74
42 74
42 74
43 75
44 76
44 76
45 77
46 78
47 79
47 79
48 80
49 81
50 81
51 82
51 82
52 83
53 84
54 85
54 85
54 84
55 83
55 82
55 81
55 80
56 79
56 78
56 77
56 76
57 75
57 74
57 73
58 72
58 71
58 70
58 69
59 68
59 67
59 66
59 65
60 64
60 63
60 62
61 61
61 60
61 59
61 58
62 57
62 56
62 55
62 54
63 53
63 52
63 51
64 50
64 49
64 48
64 47
65 46
65 45
65 44
65 43
66 42
66 41
66 40
67 39
67 38
67 37
67 36
68 35
68 34
68 33
68 32
69 31
69 30
69 29
70 28
70 27
70 26
70 25
71 24
71 23
71 22
71 21
72 20
72 19
72 19
72 20
72 21
73 22
73 23
73 24
73 25
73 25
73 24
73 23
73 22
73 22
74 21
74 20
74 20
75 20
76 20
76 20
77 19
78 18
79 17
79 17
80 16
81 15
81 15
82 14
82 13
82 13
83 12
84 11
84 11
85 11
85 11
86 11
86 11
87 12
87 13
87 13
87 14
86 15
86 16
86 16
86 17
86 18
86 19
86 20
86 21
86 21
86 22
86 23
85 24
85 25
85 26
85 26
85 27
84 28
84 29
84 30
84 30
83 31
83 32
83 32
82 33
82 34
82 34
81 33
81 32
80 31
80 30
80 30
81 31
81 32
81 32
81 33
81 34
81 34
81 35
81 36
81 36
81 37
81 38
81 38
81 39
81 39
81 40
81 40
81 39
81 39
80 38
80 38
81 37
81 36
81 36
81 35
81 34
81 34
82 33
82 32
82 32
82 31
82 30
82 30
83 29
83 28
83 28
82 27
82 26
81 25
81 24
80 23
80 22
79 21
79 20
78 19
78 19
78 20
78 21
77 22
77 23
77 24
77 25
76 26
76 27
76 28
76 28
76 29
75 30
75 31
75 31
75 32
75 33
74 34
74 35
74 36
74 36
74 37
73 38
73 39
73 40
73 40
73 41
72 42
72 43
72 44
72 44
71 45
71 46
70 47
70 47
69 48
69 49
68 50
68 50
67 51
67 52
66 53
66 54
66 54
65 55
64 56
64 56
63 57
63 58
63 58
63 57
63 56
64 55
64 54
64 53
64 52
65 51
65 50
65 49
65 49
66 49
66 49
66 48
66 48
66 48
66 48
66 48
66 48
66 48
67 49
67 49
68 49
68 49
69 50
69 50
70 50
71 50
71 50
72 50
73 50
74 50
74 50
75 50
76 49
77 49
78 49
78 49
79 49
80 49
81 48
82 48
83 48
83 48
84 47
85 47
86 46
87 46
87 46
88 46
89 46
90 45
91 45
92 45
92 45
93 45
94 44
95 44
95 44
96 43
97 43
97 43
98 44
99 44
99 44
100 45
100 45
99 46
98 46
97 47
96 48
95 48
94 49
93 50
92 51
91 51
90 52
89 53
88 53
87 54
86 55
85 55
84 56
83 57
82 57
81 58
80 59
79 60
78 60
77 61
76 62
75 62
74 63
74 63
74 64
74 65
75 66
75 67
75 68
75 69
75 69
74 69
74 69
75 70
75 71
75 71
75 72
76 73
76 74
76 75
76 75
76 76
77 77
77 78
77 78
77 79
77 80
77 80
78 81
78 81
78 81
78 82
78 82
77 81
77 80
77 80
77 79
77 78
77 78
77 77
77 76
77 76
78 75
78 74
78 74
79 73
79 72
79 72
79 71
80 70
80 69
80 69
81 68
81 67
82 66
82 66
83 65
84 65
84 65
85 65
86 65
86 65
87 66
87 66
88 67
88 68
88 68
88 69
88 70
88 71
88 71
87 72
87 73
87 73
86 74
86 75
85 76
85 77
85 77
84 78
84 79
83 80
83 80
82 81
82 82
81 83
81 83
81 84
81 84
80 84
80 84
80 84
81 83
81 82
81 82
82 81
82 80
82 80
83 79
83 78
84 77
84 77
85 76
85 75
85 75
85 74
86 73
86 72
86 72
86 71
85 70
85 69
85 68
84 67
84 66
83 65
83 64
83 63
82 62
82 61
82 61
81 62
81 62
81 62
81 63
81 63
81 64
81 64
81 65
81 65
81 66
81 67
81 67
81 68
81 69
81 70
81 70
81 71
82 72
82 73
82 73
82 74
82 75
82 76
82 76
82 77
82 78
82 79
82 80
82 80
82 81
82 82
82 83
82 84
82 84
82 85
82 86
82 87
82 87
82 88
81 89
81 90
81 90
81 91
80 92
80 93
80 93
79 94
79 95
78 96
78 96
77 97
77 97
77 98
77 99
77 99
77 99
77 99
78 99
78 99
79 98
79 97
79 97
79 96
80 95
80 94
80 94
81 93
81 92
82 91
82 90
82 90
83 89
83 88
84 87
84 86
84 86
85 85
86 84
86 84
86 83
87 82
87 81
87 80
88 79
88 78
89 77
89 76
89 75
90 74
90 73
90 73
91 74
91 74
91 74
91 74
91 74
91 74
92 75
92 75
92 76
93 77
93 78
93 78
93 79
94 80
94 81
94 81
94 82
95 83
95 84
95 84
95 85
96 86
96 87
