15 6
15 5
16 4
16 3
16 3
17 2
17 1
17 1
17 0
17 0
17 1
17 1
17 2
17 2
17 3
16 4
16 5
16 6
16 6
16 7
16 8
16 9
16 10
16 11
16 12
16 12
16 13
15 14
15 15
15 16
14 17
14 18
14 18
14 19
14 20
14 21
13 22
13 23
13 24
13 25
13 25
13 26
13 27
12 28
12 29
12 30
12 31
11 32
11 33
11 34
11 34
11 35
10 36
10 37
10 38
10 39
9 40
9 41
9 41
9 42
8 43
8 44
7 45
7 46
6 47
6 48
6 48
6 49
5 50
5 51
5 52
4 53
4 54
4 54
3 55
3 56
2 57
2 58
1 59
1 59
1 60
0 61
0 62
0 63
0 63
0 64
0 65
0 65
1 64
2 64
3 63
4 63
4 63
4 62
5 61
5 60
6 59
6 58
6 58
6 57
7 56
7 55
7 54
7 54
8 53
8 52
9 51
9 50
9 50
10 49
10 48
11 47
11 46
11 46
12 45
12 44
13 43
13 43
14 42
14 41
15 40
15 40
16 39
17 39
17 39
18 39
19 39
19 39
20 39
20 39
20 40
20 41
20 41
20 42
19 43
19 44
19 45
19 45
19 46
18 47
18 48
18 48
17 49
17 50
16 51
16 52
16 52
16 53
15 54
15 55
15 55
14 56
14 57
13 58
13 58
13 59
13 59
13 59
13 59
14 58
14 58
15 57
16 56
16 56
17 55
17 55
18 54
18 54
19 54
19 54
19 55
19 56
19 56
19 57
18 58
18 59
18 59
18 60
18 61
17 62
17 63
17 64
17 64
16 65
16 66
15 67
15 68
15 68
15 69
15 70
14 71
14 72
14 73
14 73
14 74
13 75
13 76
12 77
12 78
11 79
11 80
10 81
10 82
9 83
9 84
8 85
8 86
8 86
7 87
7 88
6 89
6 90
5 91
5 92
4 93
4 94
4 94
3 95
3 95
3 95
4 95
4 95
5 94
5 94
6 93
7 92
7 91
8 90
8 90
9 89
9 88
10 87
10 86
11 85
11 85
12 84
12 83
13 82
14 81
14 80
15 79
15 79
16 78
16 77
17 76
17 75
18 74
18 73
18 73
19 72
19 71
20 70
20 69
21 68
21 68
22 67
22 66
23 65
23 65
24 64
24 63
25 62
25 62
25 61
25 60
25 59
25 59
25 58
25 58
24 57
24 57
23 56
23 56
22 57
22 57
21 58
21 58
20 59
20 59
20 60
19 61
19 62
19 62
19 63
19 64
19 65
19 66
19 66
19 67
19 68
18 69
18 70
18 71
18 71
18 72
18 73
18 74
18 75
18 76
18 77
18 77
18 78
18 79
18 80
17 81
17 82
17 83
17 84
17 84
17 85
17 86
17 87
17 88
17 89
17 90
17 90
17 91
18 92
18 93
18 93
19 94
19 95
19 95
20 95
20 95
21 94
21 93
21 93
21 92
21 91
22 90
22 89
22 88
22 87
23 86
23 85
23 84
23 83
24 82
24 81
24 80
24 79
25 78
25 77
25 76
25 75
26 74
26 73
26 72
26 71
27 70
27 69
27 68
27 67
28 66
28 65
28 64
28 63
29 62
29 61
29 60
29 59
30 58
30 57
30 56
30 55
31 54
31 53
31 52
31 51
32 50
32 49
32 48
32 47
33 46
33 45
33 44
33 43
34 42
34 41
34 40
34 39
35 38
35 37
35 36
35 35
36 34
36 33
36 32
36 32
37 32
38 32
38 32
38 32
37 33
37 34
37 34
37 35
37 36
37 37
37 37
37 38
36 39
36 40
36 41
36 41
36 42
35 43
35 44
35 45
35 45
34 46
34 47
33 48
33 49
33 49
33 50
32 51
32 52
31 53
31 54
31 54
31 55
30 56
30 57
30 58
30 58
30 59
30 60
30 60
30 61
30 61
31 61
31 61
32 60
32 60
33 59
33 58
34 57
34 57
35 56
36 55
36 54
37 53
37 53
38 52
39 51
39 51
40 50
41 49
41 49
42 50
42 50
43 51
43 52
43 52
43 53
42 54
42 55
42 56
42 56
42 57
42 58
41 59
41 60
41 61
41 61
40 62
40 63
39 64
39 65
38 66
38 67
38 67
38 68
37 69
37 70
37 71
36 72
36 73
36 73
35 74
35 75
34 76
34 77
33 78
33 78
32 79
31 80
30 81
30 81
29 82
29 83
29 83
30 83
30 83
30 82
30 81
30 81
31 80
32 79
32 78
33 77
33 77
34 76
34 75
35 74
35 73
36 72
36 71
36 71
37 70
37 69
38 68
38 67
39 66
39 65
40 64
40 64
41 63
41 62
42 61
43 60
44 59
44 58
45 57
45 57
46 56
47 55
47 54
48 53
49 52
49 52
50 51
51 50
51 49
52 48
52 48
51 47
50 46
49 45
48 44
47 43
46 42
45 42
44 41
43 40
42 39
41 38
40 37
40 37
41 38
41 38
41 38
41 39
41 39
41 40
41 41
41 42
41 42
41 43
41 44
41 45
41 46
41 47
41 48
41 48
41 49
41 50
41 51
41 52
41 53
41 54
41 55
41 55
41 56
40 57
40 58
40 59
40 60
39 61
39 62
39 63
39 63
39 64
39 65
39 66
38 67
38 68
38 69
38 70
38 70
38 71
38 72
37 73
37 74
37 75
37 75
37 76
37 77
37 78
37 79
37 79
37 80
36 81
36 82
36 82
36 81
36 80
37 79
37 78
37 77
37 76
37 75
37 74
38 73
38 72
38 71
38 70
38 70
38 71
39 72
39 73
39 74
39 74
39 73
39 73
40 74
40 74
41 75
41 75
42 76
43 77
43 77
44 78
45 79
45 79
46 80
47 80
48 81
48 81
49 82
50 83
51 84
51 84
52 85
53 86
54 86
55 87
55 87
55 86
55 85
56 84
56 83
56 82
56 81
57 80
57 79
57 78
57 77
58 76
58 75
58 74
58 73
58 72
59 71
59 70
59 69
59 68
60 67
60 66
60 65
60 64
61 63
61 62
61 61
61 60
62 59
62 58
62 57
62 56
62 55
63 54
63 53
63 52
63 51
64 50
64 49
64 48
64 47
65 46
65 45
65 44
65 43
65 42
66 41
66 40
66 39
66 38
67 37
67 36
67 35
67 34
68 33
68 32
68 31
68 31
68 32
67 33
67 34
67 35
67 35
67 35
67 35
68 35
68 35
69 35
69 35
70 35
70 35
71 34
72 34
72 34
73 33
74 32
74 32
75 31
76 30
76 30
77 29
78 29
79 28
79 28
80 27
80 26
80 26
81 25
82 24
82 24
83 23
83 23
84 22
84 22
85 21
85 21
85 21
85 21
85 21
85 21
85 22
85 22
84 23
84 23
84 24
83 25
83 26
83 26
83 27
82 28
82 29
82 29
82 30
81 31
81 32
81 33
81 33
81 34
80 35
80 36
80 37
80 37
80 38
79 39
79 40
79 41
79 41
79 42
78 43
78 44
78 44
78 43
78 42
78 41
78 41
78 42
78 43
78 43
77 44
77 44
77 45
77 45
77 46
77 47
77 48
77 48
77 48
78 47
78 46
79 45
79 44
80 43
80 43
80 42
80 41
80 40
80 40
80 39
80 39
80 38
80 38
80 38
79 37
78 36
77 35
77 35
77 36
76 37
76 38
76 38
75 39
75 39
75 40
74 41
74 42
74 42
73 43
73 44
72 45
72 46
72 46
72 47
71 48
71 49
71 49
70 50
70 51
69 52
69 53
69 53
68 54
67 54
66 55
66 55
65 56
65 57
65 57
64 58
64 58
64 57
64 56
65 55
65 54
65 53
65 53
66 52
66 52
66 51
66 51
65 52
64 53
64 53
63 54
63 54
63 54
63 54
63 54
64 54
64 54
64 54
65 54
65 54
66 55
66 55
66 55
67 56
68 56
68 56
69 56
70 56
70 56
71 56
72 56
73 56
73 56
74 56
75 56
76 55
77 55
78 55
78 55
79 55
80 55
81 54
82 54
83 54
83 54
84 54
85 53
86 53
87 52
88 52
88 52
89 52
90 52
91 51
92 51
93 51
93 51
94 51
95 50
96 50
96 50
97 49
98 49
98 49
99 48
100 48
100 48
99 48
98 49
97 49
96 50
95 50
94 51
93 51
92 52
91 52
90 53
89 53
88 54
87 54
86 55
85 55
84 56
83 56
82 57
81 57
80 58
79 58
78 59
77 59
76 60
75 60
74 61
73 61
73 61
73 62
73 63
74 64
74 65
74 66
74 67
74 67
74 67
74 68
74 69
74 70
74 71
74 71
74 72
75 73
75 74
75 75
75 75
75 76
76 77
76 78
76 78
77 79
77 80
77 80
77 81
77 81
78 82
78 82
77 81
77 80
76 79
76 79
76 78
76 77
76 76
76 76
76 75
76 74
76 74
77 73
77 72
77 72
78 71
78 70
78 70
79 69
79 68
79 68
80 67
80 67
81 67
81 67
82 67
82 67
83 68
83 69
83 69
83 70
83 71
83 71
83 72
83 73
83 74
83 74
82 75
82 76
81 77
81 77
81 78
80 79
80 80
80 80
79 81
79 82
79 82
78 82
78 82
78 82
79 82
79 82
80 81
80 80
80 80
81 79
81 78
81 78
82 77
82 76
83 75
83 75
84 74
84 73
84 73
84 72
83 71
83 70
82 69
82 68
81 67
81 66
80 65
80 64
79 63
79 62
79 62
79 62
79 62
79 63
79 64
79 64
80 65
80 65
80 66
80 67
80 67
80 68
80 69
80 70
80 70
80 71
80 72
80 73
80 74
80 74
80 75
81 76
81 77
81 78
81 78
81 79
81 80
81 81
81 81
81 82
81 83
81 84
81 84
81 85
81 86
81 87
81 87
81 88
81 89
81 90
81 90
81 91
80 92
80 93
80 93
80 94
80 95
80 96
80 96
79 97
79 98
79 98
78 99
78 99
78 100
78 100
78 100
78 100
79 100
79 100
80 99
80 98
80 98
81 97
81 96
82 95
82 95
83 94
83 93
84 92
84 91
84 91
85 90
85 89
86 88
86 87
86 87
86 86
87 85
87 84
87 83
88 82
88 81
88 80
88 79
89 78
89 77
89 76
90 75
90 74
90 74
90 75
90 75
90 76
90 76
91 76
91 76
91 77
91 77
92 78
93 79
93 79
93 80
94 81
94 82
94 82
94 83
95 84
95 85
95 85
95 86
96 87
96 88
96 89
96 89
96 90
97 91
97 92
97 92
97 93
