11 5
11 6
11 7
11 7
11 8
11 9
11 9
11 10
10 11
10 12
10 13
10 13
10 14
10 15
9 16
9 17
9 18
9 19
9 19
9 20
8 21
8 22
8 23
8 24
7 25
7 26
7 26
7 27
7 28
7 29
6 30
6 31
6 32
6 33
6 33
6 34
5 35
5 36
5 37
5 38
4 39
4 40
4 41
4 41
4 42
4 43
3 44
3 45
3 46
3 47
3 47
3 48
3 49
2 50
2 51
2 52
2 53
2 53
2 54
2 55
1 56
1 57
1 58
1 59
1 59
1 60
0 61
0 62
0 63
0 63
0 64
0 65
0 66
0 66
0 67
0 67
0 66
0 65
0 64
1 63
1 62
1 61
1 60
1 59
1 58
2 57
2 56
2 55
2 54
2 53
2 52
3 51
3 50
3 49
3 48
3 47
3 46
4 45
4 44
4 43
4 42
4 41
4 40
5 39
5 38
5 37
5 36
5 36
6 35
6 34
7 33
7 33
7 32
7 32
8 32
8 32
9 32
9 32
10 33
10 33
11 33
11 33
12 34
12 34
13 34
13 34
14 35
15 35
15 35
16 36
16 36
17 37
17 38
17 38
18 39
18 39
19 40
19 40
20 41
20 41
21 42
21 42
20 43
20 44
19 45
18 46
18 47
17 48
17 49
16 50
15 51
15 52
14 53
13 54
13 55
12 56
12 57
11 58
11 58
11 57
12 56
12 55
12 55
11 54
11 53
11 53
11 53
11 52
11 52
12 51
12 50
12 50
13 49
13 48
13 48
14 47
14 46
15 45
15 45
16 44
16 43
17 42
17 42
18 41
19 40
19 40
20 39
20 38
20 38
21 38
21 38
22 39
22 39
22 40
22 41
22 41
21 42
21 43
21 43
21 44
20 45
20 46
20 47
20 47
19 48
19 49
18 50
18 51
18 51
18 52
17 53
17 54
17 55
17 55
17 56
16 57
16 58
15 59
15 60
15 60
14 61
14 62
14 62
13 63
13 64
13 64
13 65
13 65
13 64
13 64
14 63
14 63
15 62
15 61
15 61
16 60
16 59
17 58
17 58
17 57
18 56
18 55
18 55
19 54
20 53
20 53
21 52
21 52
22 52
22 52
22 53
22 54
22 54
22 55
21 56
21 57
21 57
21 58
20 59
20 60
20 61
20 61
19 62
19 63
18 64
18 65
18 65
18 66
18 67
17 68
17 69
17 70
17 70
17 71
16 72
16 73
15 74
15 75
15 75
15 76
14 77
14 78
13 79
13 80
13 80
13 81
13 82
12 83
12 84
12 85
12 85
12 86
11 87
11 88
11 89
10 90
10 91
10 91
10 92
9 93
9 94
9 95
9 95
9 96
9 97
9 98
9 98
9 99
9 99
8 99
8 99
9 98
9 98
10 97
11 97
11 97
11 96
12 95
12 94
12 94
12 93
13 92
13 91
14 90
14 89
14 89
15 88
15 87
16 86
16 85
16 85
17 84
17 83
18 82
18 81
18 81
19 80
19 79
20 78
20 77
20 77
21 76
21 75
21 75
22 74
22 73
22 73
22 72
22 71
22 71
23 70
23 69
23 69
22 68
22 67
22 67
22 66
22 65
22 65
21 64
21 63
21 63
21 62
21 61
21 60
21 60
20 59
20 58
20 58
20 57
20 57
20 57
19 58
19 59
19 59
19 60
19 61
19 62
19 62
19 63
19 64
19 65
19 66
19 66
19 67
19 68
19 69
19 70
19 71
19 71
19 72
19 73
19 74
19 75
19 76
19 77
19 77
19 78
19 79
18 80
18 81
18 82
18 83
18 83
18 84
18 85
18 86
18 87
18 88
18 89
18 89
18 90
18 91
18 92
18 93
18 94
18 94
18 95
18 96
18 97
18 97
18 98
18 99
18 99
19 100
19 100
19 100
20 100
20 100
20 99
21 98
21 97
21 97
22 96
22 95
23 94
23 94
23 93
23 92
24 91
24 90
24 89
24 88
24 88
24 87
25 86
25 85
25 84
25 83
26 82
26 81
26 81
26 80
27 79
27 78
27 77
27 76
28 75
28 74
28 74
28 73
28 72
28 71
29 70
29 69
29 68
29 67
29 66
29 65
29 64
29 63
30 62
30 61
30 60
30 59
30 58
30 57
30 56
30 55
31 54
31 53
31 52
31 51
31 50
31 49
31 48
32 47
32 46
32 45
32 44
32 43
32 42
32 41
32 40
33 39
33 38
33 37
33 36
33 35
33 34
33 33
33 32
34 31
34 30
34 29
34 28
34 27
34 26
34 25
34 24
35 23
35 22
35 21
35 20
35 20
36 21
36 21
36 20
36 20
36 20
37 21
37 22
37 22
36 23
36 24
36 24
36 25
36 26
36 27
36 28
36 29
36 29
36 30
36 31
35 32
35 33
35 34
35 34
35 35
35 36
34 37
34 38
34 39
34 40
34 40
34 41
34 42
33 43
33 44
33 45
33 46
33 46
33 47
32 48
32 49
32 50
32 50
32 51
32 52
32 53
32 54
32 54
32 55
31 56
31 57
31 57
32 58
32 58
32 58
33 57
33 56
33 56
34 55
35 54
35 54
35 53
36 52
36 51
36 50
36 50
37 49
37 48
38 47
38 47
39 46
39 45
40 44
40 44
40 43
40 43
41 42
41 42
41 43
41 43
41 44
41 44
41 45
40 46
40 47
40 47
40 48
39 49
39 50
39 51
39 51
39 52
38 53
38 54
37 55
37 56
37 56
37 57
36 58
36 59
35 60
35 61
35 61
35 62
35 63
34 64
34 65
34 66
34 66
33 67
33 68
32 69
32 70
32 70
32 71
31 72
31 73
31 73
31 74
31 74
31 75
31 75
31 74
31 74
32 73
32 73
33 72
33 71
33 71
34 70
34 69
35 68
35 67
35 67
36 66
36 65
37 64
37 64
37 63
38 62
38 61
38 60
38 60
39 59
39 58
40 57
40 56
40 56
40 55
41 54
41 53
41 52
41 52
41 51
42 50
42 49
42 49
42 48
43 47
43 46
43 46
43 45
43 44
43 43
43 43
43 42
43 41
42 40
42 39
42 38
42 37
42 36
41 35
41 34
41 33
41 33
41 32
41 31
40 30
40 29
40 28
40 28
40 27
40 27
39 27
39 27
39 27
39 28
39 29
39 29
39 30
39 31
39 32
39 32
39 33
39 34
38 35
38 36
38 37
38 37
38 38
38 39
38 40
38 41
38 42
38 43
38 43
38 44
38 45
37 46
37 47
37 48
37 49
37 49
37 50
37 51
37 52
37 53
37 54
37 55
37 55
37 56
37 57
37 58
36 59
36 60
36 61
36 62
36 62
36 63
36 64
36 65
36 66
36 67
36 68
36 68
36 69
36 70
35 71
35 72
35 73
35 74
35 74
35 75
35 76
35 77
35 78
35 78
35 79
34 80
34 81
34 82
34 82
34 83
34 84
34 85
34 86
34 86
33 87
33 88
33 88
33 87
34 86
34 85
34 84
34 83
35 82
35 81
35 80
36 79
36 78
36 77
36 76
37 75
37 74
37 74
37 73
38 72
38 71
38 70
38 70
38 70
38 70
39 70
39 70
40 71
40 71
40 72
40 73
40 73
41 74
41 75
41 75
42 76
42 76
43 77
43 78
43 78
44 79
44 80
44 80
45 81
45 82
45 82
46 83
46 84
46 84
47 85
48 85
48 85
49 86
49 86
50 87
51 87
51 87
51 86
52 85
52 84
52 83
52 82
53 81
53 80
53 79
54 78
54 77
54 76
55 75
55 74
55 73
55 72
56 71
56 70
56 69
57 68
57 67
57 66
57 65
58 64
58 63
58 62
59 61
59 60
59 59
59 58
60 57
60 56
60 55
61 54
61 53
61 52
62 51
62 50
62 49
62 48
63 47
63 46
63 45
64 44
64 43
64 42
64 41
65 40
65 39
65 38
66 37
66 36
66 35
66 34
67 33
67 32
67 31
68 30
68 29
68 28
69 27
69 26
69 25
69 24
70 23
70 22
70 21
71 20
71 19
71 18
71 17
72 16
72 15
72 15
72 16
71 17
71 18
71 18
71 17
71 16
71 16
71 16
71 15
71 15
71 14
71 14
72 13
72 13
73 12
74 11
74 11
75 10
75 9
76 8
76 8
77 7
78 6
78 6
79 5
80 4
80 4
81 3
81 2
82 1
82 1
83 0
83 0
84 1
84 1
84 2
84 3
84 3
84 4
84 5
84 5
84 6
84 7
84 8
84 9
84 9
84 10
83 11
83 12
83 13
83 13
83 14
82 15
82 16
82 16
82 17
81 18
81 19
81 19
81 20
80 21
80 22
80 22
79 23
79 24
79 24
78 25
78 25
78 25
78 24
78 23
78 23
78 22
78 21
78 21
78 20
78 19
78 18
78 18
78 17
78 16
78 15
78 15
78 14
78 13
78 12
78 12
78 11
78 11
78 12
78 12
78 13
78 13
78 14
78 15
78 15
78 16
78 17
78 17
78 18
78 19
78 20
78 21
78 21
78 22
77 23
77 24
77 24
77 25
77 26
77 27
77 28
77 28
77 29
76 30
76 31
76 31
76 32
76 33
76 34
76 34
76 35
76 36
76 36
76 37
76 37
77 37
77 37
77 36
77 36
78 35
78 34
79 33
79 33
80 32
80 31
80 31
81 30
81 29
82 28
82 28
82 27
83 26
83 25
83 25
82 24
82 23
81 22
81 21
80 20
79 19
79 18
78 17
78 16
77 15
77 14
76 13
76 13
75 14
75 15
74 16
74 17
74 17
73 17
73 17
73 17
72 18
72 19
72 19
72 20
72 21
72 22
72 23
72 24
72 24
72 25
72 26
71 27
71 28
71 29
71 29
70 30
70 31
70 31
70 32
69 33
69 34
69 35
69 35
69 36
69 37
68 38
68 39
68 40
68 41
68 41
68 42
68 43
67 44
67 45
67 46
67 46
66 47
66 48
65 49
65 50
65 50
65 51
64 52
64 53
64 54
64 54
64 53
64 52
64 51
64 50
64 49
64 48
64 48
65 47
65 46
66 45
66 44
66 44
67 43
67 43
68 42
69 42
69 42
70 43
70 43
71 44
72 44
72 44
73 45
73 45
74 45
75 46
76 46
76 46
77 47
78 47
78 47
79 47
80 48
81 48
81 48
82 48
83 48
84 48
84 48
85 48
86 48
87 48
87 48
88 48
89 47
90 47
91 47
91 47
92 47
93 47
94 47
94 47
95 47
96 46
97 46
97 46
98 46
99 46
100 46
100 46
99 46
98 47
97 47
96 47
95 48
94 48
93 49
92 49
91 49
90 50
89 50
88 50
87 51
86 51
85 51
84 52
83 52
82 52
81 53
80 53
79 54
78 54
77 54
76 55
75 55
74 55
73 56
72 56
72 56
71 55
71 54
71 54
71 53
71 53
71 53
71 54
71 55
71 55
71 56
72 57
72 58
72 58
72 59
72 60
72 61
72 61
73 62
73 63
73 63
73 64
74 65
74 66
74 66
74 67
74 68
74 69
74 69
75 70
75 71
75 71
75 72
75 73
75 73
75 74
75 75
75 75
76 75
76 75
76 75
76 75
76 74
76 74
76 73
76 72
76 72
77 71
77 70
77 70
77 69
78 68
78 67
78 67
78 66
79 65
79 64
79 64
80 63
80 62
80 62
81 61
81 60
82 59
82 59
83 58
83 57
83 57
84 56
84 56
85 55
85 54
85 54
86 54
86 54
87 55
87 55
87 56
87 57
87 57
87 58
87 59
87 59
87 60
86 61
86 62
86 62
86 63
85 64
85 65
85 65
85 66
84 67
84 68
84 69
84 69
84 70
83 71
83 72
83 73
83 73
82 74
82 75
81 76
81 76
80 77
80 78
80 78
80 79
80 79
80 79
80 79
80 78
80 78
81 77
82 76
82 76
82 75
83 74
83 73
83 73
83 72
84 71
84 70
84 70
85 69
85 68
86 67
86 66
86 66
87 65
87 64
87 64
88 63
88 62
88 62
89 61
89 60
89 60
89 59
89 59
88 58
87 57
86 56
86 55
85 54
84 53
84 53
84 52
83 51
83 50
83 50
82 49
82 49
82 48
82 48
82 48
82 49
82 49
82 50
82 51
82 51
82 52
81 53
81 54
81 54
81 55
81 56
81 57
81 58
81 58
81 59
81 60
81 61
81 62
81 62
81 63
80 64
80 65
80 66
80 66
80 67
80 68
80 69
80 70
80 71
80 71
80 72
80 73
79 74
79 75
79 76
79 76
79 77
78 78
78 79
78 80
78 80
78 81
78 82
78 83
78 84
78 84
78 85
78 86
77 87
77 88
77 89
77 89
77 90
77 91
77 92
77 92
77 93
76 94
76 95
76 95
76 96
76 96
76 97
76 97
77 97
77 97
77 96
77 96
78 95
78 94
78 94
78 93
79 92
79 91
79 91
80 90
81 89
81 89
82 88
82 87
83 86
83 86
83 85
84 84
84 83
84 82
84 82
85 81
86 80
86 80
86 79
87 78
87 77
87 77
88 76
88 75
89 74
89 74
90 73
90 72
91 71
91 71
91 70
92 69
92 68
92 68
92 67
92 66
92 66
93 65
93 64
93 64
93 63
93 63
93 62
93 62
92 62
92 62
91 61
91 60
90 59
90 58
90 58
91 59
91 59
91 58
91 57
91 56
91 56
91 56
92 57
92 57
92 58
92 59
92 59
93 60
93 61
93 61
93 62
93 63
93 63
93 64
94 65
94 66
94 66
94 67
95 68
95 69
95 69
95 70
95 71
95 72
95 72
95 73
96 74
96 75
96 76
96 76
96 77
97 78
97 79
97 79
97 80
97 81
97 81
97 82
98 83
98 84
