15 11
15 12
15 12
15 13
15 14
15 15
15 15
15 16
15 17
14 18
14 19
14 20
14 20
14 21
14 22
13 23
13 24
13 25
13 25
13 26
12 27
12 28
12 29
12 30
11 31
11 32
11 32
11 33
10 34
10 35
10 36
10 37
9 38
9 39
9 40
9 40
9 41
8 42
8 43
8 44
8 45
7 46
7 47
7 48
7 48
7 49
6 50
6 51
6 52
6 53
5 54
5 55
5 56
5 56
5 57
5 58
4 59
4 60
4 61
4 62
4 62
4 63
3 64
3 65
3 66
2 67
2 68
2 68
2 69
1 70
1 71
1 72
1 72
1 73
0 74
0 75
0 75
0 76
0 77
0 78
0 78
0 79
0 80
0 80
0 79
0 78
1 77
1 76
1 75
1 74
1 73
2 72
2 71
2 70
2 69
2 68
3 67
3 66
3 65
3 64
4 63
4 62
4 61
4 60
4 59
5 58
5 57
5 56
5 55
5 54
6 53
6 52
6 51
6 50
6 49
7 48
7 47
7 46
7 46
7 45
8 44
8 43
8 42
8 42
9 42
9 42
10 43
10 43
11 43
11 43
12 44
13 44
13 44
14 44
14 44
15 44
15 44
16 45
17 45
17 45
18 45
19 45
19 45
20 45
20 45
21 45
21 45
22 46
23 46
23 46
24 46
24 46
24 46
25 47
25 47
24 48
23 49
22 50
22 51
21 52
20 53
19 54
18 55
17 56
16 57
15 58
15 59
14 60
13 61
12 62
12 62
12 63
12 64
11 65
11 66
11 67
11 67
10 66
10 66
10 66
10 66
11 66
11 66
12 65
12 64
12 64
13 63
13 62
13 62
14 61
15 60
15 60
15 59
16 58
16 57
16 57
17 56
18 55
18 55
19 54
19 54
19 55
19 55
20 56
20 56
19 57
19 58
19 58
19 59
18 60
18 61
18 62
18 62
18 63
18 64
17 65
17 66
17 67
17 67
17 68
16 69
16 70
16 71
16 71
16 72
15 73
15 74
14 75
14 76
14 76
14 77
13 78
13 79
13 79
13 80
12 81
12 82
12 82
12 83
12 83
12 83
13 82
13 82
14 81
14 80
14 80
14 79
15 78
15 77
15 77
16 76
16 75
17 74
17 73
17 73
18 72
19 71
19 71
20 70
20 70
21 70
21 70
21 71
21 71
21 72
21 73
21 74
21 74
21 75
20 76
20 77
20 78
20 78
20 79
19 80
19 81
18 82
18 83
18 83
18 84
17 85
17 86
17 87
17 87
17 88
16 89
16 90
15 91
15 92
15 92
15 93
14 94
14 95
14 95
14 96
14 97
14 98
14 98
13 99
13 99
13 99
13 99
14 98
14 98
15 97
15 96
15 96
15 95
16 94
16 93
16 92
16 92
17 91
17 90
18 89
18 89
18 88
19 87
19 86
19 86
19 85
20 84
20 83
20 83
21 82
21 81
21 81
22 80
22 79
22 79
22 78
22 77
22 77
22 76
22 75
22 75
22 74
22 74
21 73
21 73
21 72
21 71
21 71
21 70
21 70
20 70
20 70
20 70
20 70
20 71
20 72
20 73
20 73
20 74
20 75
20 76
20 77
20 77
20 78
20 79
19 80
19 81
19 82
19 82
19 83
19 84
19 85
19 86
19 87
19 87
19 88
19 89
19 90
19 91
19 91
19 92
19 93
19 94
19 95
19 95
19 96
19 97
19 98
19 98
19 99
19 99
19 100
19 100
20 100
20 100
20 100
21 99
21 99
21 98
22 97
22 96
22 96
22 95
23 94
23 93
23 93
23 92
24 91
24 90
24 89
25 88
25 87
25 87
25 86
25 85
25 84
25 83
26 82
26 81
26 80
26 79
26 78
26 77
26 76
26 75
27 74
27 73
27 72
27 71
27 70
27 69
27 68
27 67
27 66
28 65
28 64
28 63
28 62
28 61
28 60
28 59
28 58
29 57
29 56
29 55
29 54
29 53
29 52
29 51
29 50
29 49
30 48
30 47
30 46
30 45
30 44
30 43
30 42
30 41
31 40
31 39
31 38
31 37
31 36
31 36
31 35
32 34
32 33
32 32
32 32
32 31
32 30
32 30
32 29
32 28
32 27
32 27
32 27
32 27
32 28
32 28
32 29
32 30
32 31
32 31
32 32
32 33
32 34
32 35
32 35
32 36
32 37
31 38
31 39
31 40
31 40
31 41
31 42
30 43
30 44
30 45
30 45
30 46
30 47
29 48
29 49
29 50
29 51
29 51
29 52
28 53
28 54
28 55
28 55
28 56
28 57
28 58
28 58
28 59
28 60
28 60
28 61
28 61
28 62
28 62
29 61
29 61
30 60
31 59
31 59
31 58
32 57
32 56
32 56
33 55
33 54
34 53
34 53
35 52
35 51
36 50
36 50
37 49
38 48
38 48
39 47
39 46
39 46
40 46
40 46
40 46
40 47
39 48
39 49
38 50
38 51
38 52
37 53
37 54
37 55
36 56
36 57
35 58
35 59
35 60
34 61
34 62
34 63
33 64
33 65
32 66
32 67
32 68
31 69
31 70
31 71
30 72
30 73
29 74
29 75
29 75
29 76
28 77
28 78
27 79
27 80
27 81
26 82
26 83
26 83
25 84
25 85
25 85
25 85
26 85
26 85
26 84
26 83
26 83
27 82
28 81
28 81
29 80
29 79
30 78
30 77
30 77
31 76
31 75
32 74
32 73
32 73
33 72
33 71
34 70
34 69
34 69
35 68
35 67
36 66
36 66
37 65
37 64
38 63
38 62
38 62
38 61
39 60
39 59
39 59
40 58
40 57
40 57
40 56
40 55
40 54
39 53
39 52
39 51
39 50
39 49
39 48
39 47
38 46
38 45
38 44
38 43
38 42
38 41
38 40
38 39
37 38
37 37
37 36
37 35
37 35
36 35
36 35
36 36
36 36
36 36
36 37
36 38
36 38
36 39
36 40
36 41
36 41
36 42
36 43
36 44
36 44
36 45
36 46
36 47
36 48
36 49
36 49
36 50
36 51
36 52
36 53
36 54
36 54
36 55
36 56
35 57
35 58
35 59
35 59
35 60
35 61
35 62
35 63
35 64
35 65
35 65
35 66
35 67
34 68
34 69
34 70
34 70
34 71
34 72
33 73
33 74
33 75
33 76
33 76
33 77
33 78
32 79
32 80
32 81
32 81
32 82
31 83
31 84
31 84
31 85
31 86
31 86
31 87
31 87
31 86
31 85
32 84
32 83
32 82
32 81
33 80
33 79
33 78
33 77
33 76
34 75
34 74
34 73
34 73
35 72
35 71
36 70
36 70
37 69
37 69
37 69
37 70
37 70
38 71
38 71
39 72
39 72
40 73
40 73
41 74
41 75
41 75
42 76
42 77
42 77
43 78
43 79
43 79
44 80
45 80
45 80
46 81
46 82
46 82
47 83
48 83
48 83
49 84
50 84
50 84
51 84
51 84
52 84
53 84
53 84
53 83
53 82
54 81
54 80
54 79
54 78
54 77
54 76
55 75
55 74
55 73
55 72
55 71
56 70
56 69
56 68
56 67
56 66
56 65
57 64
57 63
57 62
57 61
57 60
57 59
58 58
58 57
58 56
58 55
58 54
59 53
59 52
59 51
59 50
59 49
59 48
60 47
60 46
60 45
60 44
60 43
61 42
61 41
61 40
61 39
61 38
61 37
62 36
62 35
62 34
62 33
62 32
62 31
63 30
63 29
63 28
63 27
63 26
64 25
64 24
64 23
64 22
64 21
64 20
65 19
65 18
65 17
65 17
64 18
64 19
64 19
64 18
64 18
64 17
64 17
64 16
64 16
65 15
65 14
65 14
66 13
67 12
67 12
68 11
68 10
69 9
69 8
69 8
70 7
70 6
71 5
71 5
72 4
73 4
74 3
74 3
75 2
76 1
76 1
77 0
78 0
78 0
79 0
80 0
80 0
81 1
81 2
81 2
82 3
82 3
82 4
82 5
82 5
82 6
82 7
82 8
82 8
82 9
81 10
81 11
81 11
81 12
80 13
80 14
80 14
80 15
79 16
79 17
79 17
79 18
78 19
78 20
78 20
77 21
77 22
77 22
76 22
76 22
75 21
75 21
75 20
75 20
75 19
75 18
75 17
75 17
75 16
75 15
75 14
75 14
75 13
75 12
75 11
75 11
75 10
75 9
75 9
75 8
75 8
75 9
75 9
75 9
75 10
75 11
75 11
75 12
75 13
75 14
75 14
75 15
75 16
75 17
75 18
75 18
75 19
74 20
74 21
74 21
74 22
74 23
74 24
74 24
74 25
74 26
74 27
74 27
73 28
73 29
73 29
73 30
73 31
73 31
73 31
74 31
74 31
74 31
75 30
75 29
75 29
76 28
76 27
76 27
76 26
77 25
77 24
77 24
77 23
78 22
78 21
78 21
78 20
78 19
78 19
78 18
78 17
78 17
78 16
78 15
78 15
77 14
77 14
76 14
76 14
75 14
75 14
74 14
74 14
73 15
73 15
72 16
72 17
72 17
71 18
71 19
71 19
71 20
70 21
70 22
70 22
70 23
69 24
69 25
69 26
69 26
69 27
69 28
68 29
68 30
68 31
68 31
68 32
68 33
68 34
67 35
67 36
67 37
67 38
67 38
67 39
67 40
66 41
66 42
66 43
66 43
66 44
65 45
65 46
65 47
64 48
64 49
64 49
64 50
63 51
63 52
63 53
63 53
63 52
64 51
64 50
64 49
65 48
65 47
65 46
66 45
66 44
66 44
67 43
68 43
68 43
69 44
70 44
70 44
71 44
71 44
72 45
73 45
73 45
74 46
75 46
75 46
76 47
77 47
77 47
78 47
79 47
79 47
80 47
81 47
81 47
82 47
83 47
84 47
84 47
85 46
86 46
87 45
87 45
88 45
89 44
90 44
90 44
91 44
92 43
93 43
93 43
94 42
95 42
96 41
96 41
97 41
98 41
99 41
100 41
100 41
99 42
98 42
97 43
96 43
95 44
94 44
93 45
92 45
91 46
90 46
89 47
88 47
87 48
86 48
85 49
84 50
83 50
82 51
81 51
80 52
79 52
78 53
77 53
76 54
75 54
74 55
73 55
72 56
71 56
70 57
70 57
71 57
72 57
72 57
71 58
71 58
71 58
71 59
71 59
72 60
72 61
72 61
72 62
73 63
73 64
73 64
73 65
73 66
73 66
74 67
74 68
74 68
74 69
74 70
74 70
75 71
75 71
75 72
75 72
75 72
75 72
75 71
75 71
75 70
75 70
75 69
75 68
75 68
75 67
75 66
75 65
75 65
75 64
75 63
75 62
75 62
75 61
76 60
76 59
76 59
77 58
77 57
77 57
78 56
78 55
78 55
79 54
80 53
80 53
81 52
81 52
82 51
83 51
83 51
84 50
84 50
85 50
85 50
86 51
86 51
86 52
86 52
86 53
86 54
86 54
86 55
85 56
85 57
85 57
85 58
84 59
84 60
84 60
83 61
83 62
82 63
82 64
82 64
81 65
81 66
80 67
80 67
80 68
79 69
79 70
79 70
78 71
78 72
78 72
77 72
77 72
77 73
77 73
77 72
77 72
78 71
78 71
79 70
79 70
79 69
80 68
80 67
80 67
81 66
82 65
82 65
82 64
83 63
83 62
83 62
84 61
84 60
85 59
85 59
85 58
85 57
85 57
86 56
86 55
86 55
86 54
86 54
85 53
84 52
84 51
83 50
82 49
81 48
81 47
80 46
80 46
80 47
80 47
80 48
80 49
80 49
80 50
80 51
80 52
80 52
80 53
80 54
80 55
80 55
80 56
79 57
79 58
79 59
79 59
79 60
79 61
79 62
79 63
79 64
79 64
79 65
78 66
78 67
78 68
78 68
78 69
78 70
78 71
78 72
78 73
78 73
78 74
78 75
78 76
78 77
78 77
78 78
77 79
77 80
77 81
77 81
77 82
77 83
77 84
77 84
77 85
77 86
77 87
77 87
77 88
77 89
77 90
77 90
77 91
77 92
77 92
76 93
76 93
76 94
76 94
75 95
75 95
74 95
74 95
74 95
74 96
74 96
74 96
74 95
74 95
74 94
74 94
74 93
75 92
75 91
75 91
76 90
77 89
77 89
77 88
78 87
78 86
78 85
78 85
79 84
79 83
80 82
80 82
81 81
82 80
82 80
83 79
83 78
84 77
84 77
85 76
86 76
87 75
87 75
88 74
88 73
88 73
89 72
90 71
90 71
91 70
91 69
91 69
91 68
91 68
91 67
91 67
91 66
91 65
91 65
91 64
91 64
91 63
91 63
91 62
91 62
91 61
91 61
91 60
91 60
91 60
91 60
92 60
92 60
92 61
92 61
93 62
93 63
93 63
93 64
93 65
93 65
93 66
93 67
93 67
93 68
94 69
94 70
94 70
94 71
94 72
94 73
94 74
94 74
94 75
95 76
95 77
95 77
95 78
95 79
95 80
95 81
95 81
95 82
96 83
96 84
96 85
