7 7
7 6
8 5
8 4
8 4
8 3
8 2
8 2
7 1
7 1
7 0
7 0
8 0
8 0
8 1
8 1
8 2
8 2
8 3
9 4
9 5
9 5
9 6
9 7
9 8
9 8
9 9
9 10
9 11
9 12
9 12
9 13
9 14
9 15
9 16
9 16
9 17
9 18
9 19
9 20
9 21
9 22
9 23
9 23
9 24
9 25
9 26
8 27
8 28
8 29
8 30
8 30
8 31
8 32
8 33
8 34
8 35
8 36
8 37
8 38
8 39
8 39
8 40
8 41
8 42
7 43
7 44
7 45
7 46
7 47
7 47
7 48
7 49
7 50
6 51
6 52
6 53
6 54
6 54
6 55
6 56
6 57
5 58
5 59
5 60
5 61
5 61
5 62
5 63
5 64
4 65
4 66
4 67
4 68
4 69
4 69
4 70
4 71
4 72
3 73
3 74
3 75
3 76
3 76
3 77
3 78
2 79
2 80
2 81
2 82
2 82
2 83
2 84
1 85
1 86
1 87
1 88
1 88
1 89
1 90
0 91
0 92
0 93
0 93
0 94
0 95
0 96
0 97
0 98
0 98
0 99
0 100
0 100
0 100
0 100
0 100
0 99
0 98
0 97
0 96
0 96
0 95
0 94
0 93
0 92
0 91
0 91
0 90
0 89
0 88
1 87
1 86
1 85
1 84
1 84
1 83
2 82
2 81
2 80
3 79
3 78
3 78
3 77
3 76
3 75
4 74
4 73
4 72
4 71
4 71
4 70
5 69
5 68
5 67
5 66
6 65
6 64
6 64
6 63
7 62
7 61
8 60
8 59
9 58
9 57
9 57
9 56
10 55
10 54
10 53
11 52
11 51
11 51
11 50
12 49
12 48
12 47
13 46
13 45
13 45
13 44
14 43
14 42
15 41
15 40
15 40
16 39
16 38
17 37
17 36
17 36
18 35
18 34
19 33
19 32
19 32
20 31
20 30
20 30
21 29
21 28
21 28
22 27
22 27
22 27
22 28
21 29
21 30
21 31
21 32
20 33
20 34
20 35
20 36
19 37
19 38
19 39
19 40
18 41
18 42
18 43
18 44
17 45
17 46
17 47
17 48
16 49
16 50
16 51
16 52
15 53
15 54
15 55
15 56
14 57
14 58
14 58
14 59
13 60
13 61
13 62
13 63
12 64
12 65
12 65
12 66
12 67
12 67
12 68
12 68
12 68
12 67
12 67
13 66
13 65
13 65
13 64
14 63
14 62
14 62
15 61
15 61
16 60
16 59
17 58
17 58
17 57
18 56
18 55
18 55
19 54
19 53
19 53
20 52
20 52
20 52
21 52
21 52
21 53
21 53
20 54
20 55
20 55
20 56
19 57
19 58
19 59
19 59
18 60
18 61
17 62
17 63
17 63
17 64
17 65
16 66
16 67
16 68
16 68
16 69
15 70
15 71
14 72
14 73
14 73
14 74
13 75
13 76
12 77
12 78
12 78
12 79
11 80
11 81
11 82
11 82
11 83
11 83
11 84
11 84
11 84
12 83
12 83
12 82
13 81
13 80
13 80
13 79
14 78
14 77
14 77
15 76
15 75
15 75
16 74
16 73
17 72
17 72
17 71
18 70
18 69
18 69
19 68
19 67
19 67
19 66
20 65
20 64
20 64
20 63
20 63
20 62
20 61
20 61
20 60
20 60
19 59
19 59
18 59
18 59
18 59
17 59
17 59
17 60
17 61
17 61
17 62
16 63
16 64
16 64
16 65
16 66
16 67
16 68
16 69
16 69
16 70
16 71
15 72
15 73
15 74
15 74
15 75
15 76
15 77
15 78
15 79
15 79
15 80
15 81
14 82
14 83
14 84
14 85
14 85
14 86
14 87
14 88
14 89
14 90
14 90
14 91
15 92
15 93
15 94
15 94
15 95
15 96
15 97
15 98
15 98
16 99
16 100
16 100
16 100
17 100
17 100
17 99
17 99
17 98
18 97
18 96
18 96
18 95
18 94
18 93
18 92
18 91
18 90
18 90
18 89
18 88
18 87
18 86
18 85
18 84
19 83
19 82
19 81
19 80
19 79
19 78
19 77
19 76
19 75
19 74
19 73
19 72
19 71
20 70
20 69
20 68
20 67
20 66
20 65
20 64
20 63
20 62
20 61
20 60
20 59
20 58
20 57
21 56
21 55
21 54
21 53
21 52
21 51
21 50
21 50
21 49
21 48
22 47
22 46
22 45
22 44
22 43
22 42
23 41
23 40
23 39
23 39
23 38
23 37
23 36
23 35
23 34
23 34
23 33
24 32
24 31
24 31
24 30
24 29
24 29
24 28
24 28
24 28
24 29
24 29
24 30
24 31
24 31
24 32
24 33
24 34
24 34
24 35
24 36
24 37
24 38
24 38
24 39
24 40
24 41
24 42
24 43
24 43
24 44
24 45
24 46
24 47
24 47
24 48
24 49
24 50
24 51
24 52
24 52
24 53
24 54
24 55
24 56
24 56
24 57
24 58
24 59
24 59
24 60
24 61
24 61
24 62
24 62
25 62
25 62
26 62
26 62
27 61
27 60
27 60
27 59
28 58
28 57
28 57
29 56
29 55
30 54
30 54
31 53
31 52
32 51
32 50
32 50
32 49
33 48
33 47
33 46
33 46
34 45
35 44
35 44
36 43
36 42
36 42
37 41
38 40
38 40
38 39
38 39
39 39
39 39
39 39
39 40
39 41
39 41
39 42
38 43
38 44
38 44
37 45
37 46
36 47
36 48
36 48
36 49
35 50
35 51
35 52
34 53
34 54
34 55
33 56
33 57
33 58
32 59
32 60
32 60
32 61
31 62
31 63
31 64
30 65
30 66
30 67
30 68
29 69
29 70
29 71
28 72
28 73
28 73
27 74
27 75
26 76
26 77
26 77
25 78
25 79
24 80
24 81
24 81
24 82
24 83
24 83
23 84
23 84
24 83
24 83
25 82
25 81
25 81
25 80
26 79
26 78
26 78
26 77
27 76
27 75
28 74
28 73
28 73
29 72
30 71
30 70
31 69
31 69
31 68
32 67
32 66
33 65
33 64
33 64
33 63
34 62
34 61
34 60
35 59
35 58
35 58
36 57
37 56
37 55
38 54
38 54
38 53
38 52
39 51
39 50
39 49
39 49
40 48
40 47
41 46
41 45
41 45
41 44
42 43
42 42
42 41
42 41
43 40
43 39
43 39
42 38
42 37
41 36
41 35
40 34
39 33
39 32
38 31
38 30
37 29
37 28
36 27
36 27
35 28
35 28
35 29
35 30
35 30
35 31
35 32
35 32
35 33
35 34
35 35
35 36
35 37
35 37
35 38
35 39
35 40
35 41
35 42
35 42
35 43
35 44
35 45
35 46
35 47
35 48
35 48
35 49
35 50
35 51
35 52
35 53
35 54
35 55
35 55
35 56
35 57
35 58
34 59
34 60
34 61
34 62
34 62
34 63
34 64
34 65
33 66
33 67
33 68
33 69
33 70
33 70
33 71
33 72
32 73
32 74
32 75
32 75
32 76
32 77
31 78
31 79
31 80
31 80
31 81
31 82
30 83
30 84
30 85
30 85
30 86
29 87
29 88
29 89
29 89
29 90
28 91
28 92
28 92
27 93
27 93
26 93
25 93
25 93
24 93
24 93
24 92
24 91
24 91
24 90
24 89
24 88
25 87
25 86
25 85
25 84
25 83
25 82
25 81
26 80
26 79
26 78
26 77
26 76
26 75
26 74
27 73
27 72
27 71
27 70
27 69
27 68
27 67
28 66
28 65
28 64
28 63
28 63
29 62
29 61
30 60
30 60
31 60
31 60
32 60
32 60
33 59
34 59
34 59
35 59
35 59
36 59
37 59
37 59
38 59
38 59
39 59
40 59
40 59
41 60
42 60
42 60
43 61
43 61
44 62
45 63
45 63
46 64
47 64
47 64
48 65
49 66
49 66
50 66
51 67
52 67
52 67
53 68
54 68
54 68
55 68
56 68
57 68
57 68
58 69
59 69
59 69
60 69
61 70
62 70
62 70
63 71
64 71
64 71
65 71
66 71
66 71
67 72
68 72
68 72
69 72
70 72
70 72
71 72
71 72
72 71
72 71
72 70
72 69
71 68
71 67
71 66
71 65
71 64
70 63
70 62
70 61
70 60
70 59
70 58
69 57
69 56
69 55
69 54
69 53
68 52
68 51
68 50
68 49
68 48
67 47
67 46
67 45
67 44
67 43
66 42
66 41
66 40
66 39
66 38
66 37
65 36
65 35
65 34
65 33
65 32
64 31
64 30
64 29
64 29
64 29
63 29
63 29
63 30
63 30
63 30
63 30
63 30
64 30
64 30
64 30
65 29
65 29
66 28
66 27
66 27
67 26
68 26
68 26
69 25
69 24
70 23
70 23
71 22
72 21
72 21
73 20
74 19
74 19
75 18
76 17
76 17
77 16
78 16
78 16
79 15
80 15
80 15
81 15
82 15
82 15
83 16
83 16
84 17
84 17
85 18
85 18
85 19
85 20
85 20
85 21
85 22
85 22
85 23
85 24
85 24
85 25
85 26
85 26
84 27
84 28
84 28
83 29
83 29
82 30
82 30
81 31
81 31
80 31
80 31
79 31
79 31
78 31
78 31
78 30
78 30
77 29
77 29
77 29
77 29
77 30
77 30
77 31
77 32
77 33
77 33
77 34
77 35
77 35
77 36
77 37
77 38
77 38
77 39
77 40
77 41
77 41
77 42
76 43
76 44
76 44
76 45
76 46
76 46
76 47
76 48
76 48
76 48
76 48
76 48
77 47
77 46
77 46
77 45
78 44
78 43
78 43
79 42
80 41
80 41
80 40
81 39
81 38
81 38
82 37
82 36
83 35
83 35
84 34
84 33
84 33
85 32
85 31
85 31
85 30
85 30
86 30
86 30
86 30
86 30
85 30
85 30
84 31
84 31
83 32
83 32
82 33
81 34
81 34
80 35
79 35
78 36
77 36
76 37
76 37
75 37
74 38
73 38
73 38
73 38
72 38
72 38
72 39
72 39
71 40
71 41
71 41
71 42
71 43
71 43
71 44
70 45
70 46
70 47
70 47
70 48
69 49
69 50
69 51
69 51
69 52
68 53
68 54
68 55
68 55
68 56
67 57
67 58
66 59
66 60
66 60
66 61
65 62
65 63
65 64
65 64
65 65
64 66
64 67
64 68
64 68
64 69
63 70
63 71
63 71
62 72
62 72
61 73
61 73
60 74
60 74
60 74
60 73
60 72
60 72
60 71
60 71
60 70
61 69
61 68
61 67
61 66
62 65
62 64
62 63
62 63
63 62
63 61
64 60
64 59
64 59
65 58
65 57
66 56
66 56
67 55
68 54
68 54
69 53
70 52
70 52
71 52
72 51
73 51
73 51
74 50
75 50
76 49
76 49
77 49
78 48
79 48
79 48
80 48
81 47
82 47
82 47
83 47
84 46
85 46
85 46
86 46
87 46
88 46
88 46
89 46
90 45
91 45
91 45
92 45
93 45
93 45
94 44
95 44
95 44
96 44
97 44
97 44
98 43
98 43
99 43
99 43
100 43
100 43
100 43
99 43
99 43
98 43
97 43
97 43
96 44
95 44
94 45
93 45
92 46
91 46
90 47
89 47
88 48
87 48
86 49
85 49
84 50
83 50
82 51
81 51
80 52
79 52
78 53
77 53
76 54
75 54
75 54
74 55
74 56
74 56
73 56
73 56
73 56
73 57
73 57
73 58
73 58
73 59
73 60
73 61
73 61
73 62
73 63
73 64
73 64
73 65
73 66
73 67
73 67
73 68
73 69
73 70
73 71
73 71
73 72
73 73
73 74
73 74
73 75
73 76
73 76
73 77
73 78
73 78
73 79
73 79
73 80
73 80
73 80
74 79
74 79
74 78
74 77
74 77
74 76
74 75
74 75
74 74
74 73
74 72
74 72
74 71
74 70
74 70
74 69
74 68
74 67
74 67
75 66
75 66
75 65
75 64
75 64
76 63
76 63
77 62
77 62
78 61
79 60
79 60
80 59
81 59
81 59
82 58
83 58
83 58
84 57
84 56
84 56
85 56
86 56
86 56
87 55
87 55
88 56
88 56
88 56
88 57
88 57
87 58
87 59
87 59
86 60
86 61
86 61
85 62
85 63
85 63
84 64
84 65
83 66
83 67
83 67
82 68
82 69
81 70
81 70
80 71
79 72
79 72
78 73
78 74
78 74
77 75
77 75
77 75
77 75
77 74
77 74
78 73
79 73
79 73
80 72
80 72
81 71
81 70
81 70
82 69
83 68
83 68
84 67
84 66
84 66
85 65
85 64
85 64
86 63
86 62
86 62
86 61
86 61
87 60
87 59
87 59
86 58
86 58
86 57
86 57
85 56
85 56
85 55
85 54
85 54
84 53
84 53
83 52
83 52
83 51
83 51
83 50
83 50
82 50
82 50
82 50
82 51
82 51
82 52
82 52
82 53
82 54
82 55
82 55
82 56
82 57
82 58
82 58
82 59
82 60
82 61
82 61
82 62
82 63
82 64
82 65
82 65
82 66
82 67
82 68
82 68
82 69
82 70
82 71
82 72
82 72
82 73
82 74
82 75
82 75
82 76
82 77
82 78
82 78
82 79
82 80
82 80
83 81
83 82
83 82
83 83
83 83
84 84
84 84
85 84
85 84
86 84
86 84
87 84
88 84
88 84
89 83
89 82
89 82
90 81
90 80
90 80
91 79
91 78
91 78
91 77
91 76
91 75
91 75
92 74
92 73
92 73
92 72
92 72
92 71
92 70
92 70
92 70
91 70
91 70
91 70
91 70
91 71
91 71
91 71
91 71
91 71
91 72
91 72
91 72
91 72
91 72
91 72
91 72
91 72
91 71
91 71
91 71
91 71
90 71
90 71
90 71
90 71
90 72
90 72
90 72
90 72
90 72
90 72
91 72
91 72
91 72
91 73
91 73
92 73
92 73
92 74
92 74
93 75
93 75
94 76
94 76
94 76
94 77
94 77
95 77
95 77
95 78
