20 9
21 8
21 8
21 7
21 7
21 6
21 6
21 6
22 7
22 8
22 8
22 9
22 9
22 10
22 11
22 12
22 12
22 13
22 14
22 15
22 16
22 17
22 17
22 18
22 19
21 20
21 21
21 22
21 23
21 23
21 24
20 25
20 26
20 27
20 28
19 29
19 30
19 30
19 31
18 32
18 33
18 34
18 35
17 36
17 37
17 38
17 38
17 39
16 40
16 41
16 42
16 43
15 44
15 45
15 46
15 46
15 47
14 48
14 49
14 50
13 51
13 52
13 53
12 54
12 55
12 55
12 56
11 57
11 58
10 59
10 60
10 61
9 62
9 63
9 63
9 64
8 65
8 66
7 67
7 68
7 69
6 70
6 71
6 71
6 72
5 73
5 74
5 75
4 76
4 77
4 77
3 78
3 79
2 80
2 81
2 81
2 82
1 83
1 84
1 85
1 85
0 86
0 86
0 86
0 86
0 85
0 84
0 83
0 83
0 82
1 81
1 80
2 79
2 78
2 78
2 77
3 76
3 75
3 74
3 73
4 72
4 71
4 71
4 70
5 69
5 68
6 67
6 66
7 65
7 64
7 64
7 63
8 62
8 61
9 60
9 59
9 58
10 57
10 56
10 56
10 55
11 54
11 53
12 52
12 51
13 50
13 49
14 48
14 47
14 47
15 46
15 45
16 44
16 43
17 42
17 41
18 40
18 39
18 39
18 38
19 37
19 36
20 35
20 34
21 33
21 32
22 31
22 30
22 30
23 29
23 28
24 27
25 26
25 25
26 24
26 24
27 23
28 22
29 21
30 20
30 20
31 19
31 18
32 17
32 17
33 16
33 15
33 15
34 15
34 15
34 16
34 16
33 17
33 18
33 18
33 19
32 20
32 21
31 22
31 23
31 23
30 24
30 25
29 26
29 27
28 28
28 28
28 29
27 30
27 31
26 32
26 33
26 33
25 34
25 35
24 36
24 37
23 38
23 38
22 39
22 40
21 41
21 41
21 42
20 43
20 44
20 44
19 45
19 46
19 46
19 46
19 46
20 46
20 46
21 45
22 45
22 45
23 44
23 44
24 44
25 44
25 44
26 44
26 44
26 45
26 46
26 46
26 47
26 48
26 49
26 49
26 50
25 51
25 52
25 53
25 53
25 54
24 55
24 56
23 57
23 58
23 58
23 59
22 60
22 61
21 62
21 63
21 63
21 64
21 65
20 66
20 67
20 68
20 68
19 69
19 70
19 70
18 71
18 72
18 72
18 73
18 73
19 73
19 73
20 73
20 73
21 72
21 71
21 71
22 70
22 70
23 69
24 68
24 68
25 68
25 68
26 67
26 67
27 67
27 67
27 68
27 69
27 69
27 70
26 71
26 72
26 72
26 73
25 74
25 75
25 76
25 76
25 77
24 78
24 79
24 80
24 80
24 81
23 82
23 83
23 83
23 84
22 85
22 86
22 86
22 87
22 87
22 88
22 88
23 89
23 89
23 88
23 88
24 87
25 87
25 87
26 86
26 85
26 85
27 84
27 83
27 83
27 82
28 81
28 80
28 80
29 79
29 78
30 77
30 77
30 76
31 75
31 74
31 74
31 73
31 72
31 72
31 71
32 70
32 69
32 69
32 68
32 68
32 67
32 66
32 66
31 65
31 64
31 64
31 63
31 62
31 62
30 61
30 61
30 60
30 60
29 61
29 61
29 62
29 63
29 63
29 64
28 65
28 66
28 66
28 67
28 68
28 69
28 70
28 70
28 71
28 72
28 73
28 74
28 75
28 75
28 76
28 77
28 78
28 79
28 80
28 80
28 81
28 82
28 83
28 84
28 85
28 85
28 86
28 87
28 88
28 89
28 89
28 90
28 91
28 92
28 92
28 93
28 94
28 94
28 95
28 95
28 96
28 96
28 96
29 96
29 96
29 96
29 95
30 94
30 93
30 93
30 92
31 91
31 90
31 89
31 89
31 88
31 87
32 86
32 85
32 84
32 84
32 83
32 82
33 81
33 80
33 79
33 78
33 78
33 77
33 76
33 75
34 74
34 73
34 72
34 71
34 71
34 70
34 69
34 68
35 67
35 66
35 65
35 64
35 63
35 63
35 62
35 61
35 60
36 59
36 58
36 57
36 56
36 55
36 55
36 54
37 53
37 52
37 51
37 50
38 49
38 48
38 48
38 47
38 46
39 45
39 44
39 43
39 42
39 42
39 41
40 40
40 39
40 38
41 37
41 36
41 36
41 35
42 34
42 33
42 32
43 31
43 30
43 30
43 29
44 28
44 27
44 26
44 26
45 25
45 24
46 23
46 22
46 22
47 21
47 20
47 20
47 19
47 19
47 19
47 20
47 21
47 21
47 22
46 23
46 24
46 25
46 25
46 26
45 27
45 28
44 29
44 30
44 30
44 31
44 32
43 33
43 34
43 35
43 35
43 36
42 37
42 38
42 39
42 39
42 40
41 41
41 42
41 42
40 43
40 44
40 44
39 45
39 46
39 46
39 46
40 46
40 46
41 46
41 46
42 45
42 44
42 44
43 43
44 42
44 42
45 41
46 40
46 40
47 39
48 38
48 38
49 37
49 37
50 37
50 37
50 38
50 39
50 39
50 40
50 41
50 42
50 42
50 43
50 44
49 45
49 46
49 47
49 47
49 48
48 49
48 50
47 51
47 52
47 52
47 53
46 54
46 55
45 56
45 57
45 57
44 58
44 59
43 60
43 61
43 61
42 62
42 63
41 64
41 65
41 65
41 66
40 67
40 68
40 68
40 69
40 69
40 69
41 69
41 69
42 68
42 67
42 67
43 66
43 65
44 64
44 63
44 63
45 62
45 61
46 60
46 59
46 59
47 58
47 57
48 56
48 55
49 54
49 54
50 53
51 52
51 51
52 50
52 50
53 49
53 48
54 47
54 46
54 46
55 45
56 44
56 44
57 43
57 43
57 43
57 44
57 44
56 45
55 45
55 45
54 46
53 46
53 46
52 47
51 47
51 47
50 47
49 47
48 47
48 47
47 47
46 47
46 47
45 46
44 45
44 45
43 44
43 43
43 43
43 42
43 41
43 41
42 40
42 39
42 39
42 38
43 37
43 36
43 36
43 35
43 34
43 34
43 34
44 35
44 35
44 36
44 37
44 37
44 38
44 39
44 40
44 41
44 42
44 43
44 43
44 44
44 45
44 46
44 47
44 48
44 49
44 50
44 50
44 51
44 52
44 53
44 54
44 55
44 56
44 57
44 58
44 58
44 59
44 60
44 61
43 62
43 63
43 64
43 65
43 66
43 66
43 67
43 68
43 69
42 70
42 71
42 72
42 73
42 73
42 74
41 75
41 76
41 77
41 78
40 79
40 80
40 80
40 81
39 82
39 83
38 84
38 85
38 85
38 86
37 87
37 88
37 89
36 90
36 91
36 91
36 92
35 93
35 94
34 95
34 96
34 96
33 97
33 98
32 99
32 100
32 100
32 99
32 98
32 97
32 96
33 95
33 94
33 93
33 92
33 91
33 90
33 89
33 88
34 87
34 86
34 85
34 84
34 83
34 82
34 81
34 80
34 79
35 78
35 77
35 76
35 75
35 74
35 74
36 74
37 75
38 75
39 75
40 76
41 76
41 76
41 77
41 77
42 78
42 79
43 80
43 80
44 81
45 82
45 82
46 83
47 84
48 85
48 85
49 86
50 87
50 87
51 88
51 89
51 89
52 90
53 90
53 90
53 91
53 91
54 91
54 91
54 92
54 92
54 91
54 90
55 89
55 88
55 87
55 86
55 85
55 84
56 83
56 82
56 81
56 80
56 79
57 78
57 77
57 76
57 75
57 74
58 73
58 72
58 71
58 70
58 69
58 68
59 67
59 66
59 65
59 64
59 63
60 62
60 61
60 60
60 59
60 58
60 57
61 56
61 55
61 54
61 53
61 52
62 51
62 50
62 49
62 48
62 47
62 46
63 45
63 44
63 43
63 42
63 41
64 40
64 39
64 38
64 37
64 36
65 35
65 34
65 33
65 32
65 31
65 30
66 29
66 28
66 27
66 26
66 25
67 24
67 23
67 22
67 21
67 20
67 19
68 18
68 17
68 16
68 16
68 17
68 18
68 18
67 17
67 17
67 17
68 16
68 16
69 15
69 14
69 14
70 13
70 12
70 12
71 11
71 10
72 9
72 9
73 8
74 7
74 7
75 6
75 5
75 5
76 4
77 3
77 3
78 2
79 1
79 1
80 1
80 1
81 0
81 0
82 1
82 1
82 2
82 2
82 3
82 4
82 5
82 5
82 6
81 7
81 8
81 8
80 9
80 10
79 11
79 12
79 12
79 13
79 14
78 15
78 16
78 17
78 17
77 18
77 19
76 20
76 20
75 21
75 22
75 22
74 22
73 22
72 22
72 22
73 21
73 21
73 20
73 20
73 21
73 21
73 22
73 23
73 23
74 24
74 25
74 25
74 26
74 27
74 28
74 28
74 29
74 30
74 30
74 31
74 31
74 32
74 32
74 32
74 32
74 32
74 31
74 31
75 30
75 29
75 29
76 28
76 27
76 27
76 26
77 25
77 24
77 24
77 23
78 22
78 21
78 20
78 20
78 19
79 18
79 17
79 17
80 16
80 16
81 15
81 15
82 14
82 14
82 15
82 15
82 15
81 16
81 16
80 17
80 17
79 18
79 18
78 18
77 19
76 19
75 20
74 20
73 21
72 21
72 21
71 22
71 22
71 22
71 21
71 21
71 21
71 21
71 22
71 22
71 23
71 24
71 25
71 25
71 26
71 27
70 28
70 29
70 30
70 30
70 31
69 32
69 33
68 34
68 35
68 35
68 36
68 37
67 38
67 39
67 40
67 40
67 41
66 42
66 43
66 44
65 45
65 46
65 46
65 47
64 48
64 49
64 50
63 51
63 52
63 52
62 53
62 54
61 55
61 56
60 57
60 58
60 58
59 59
59 60
58 61
58 62
57 63
57 64
57 64
57 65
56 66
56 67
56 68
55 69
55 70
55 70
55 71
54 72
54 73
54 74
53 75
53 76
53 76
52 77
52 78
51 79
51 79
50 80
50 81
49 82
49 82
49 83
49 84
49 84
49 83
50 82
50 81
50 80
51 79
51 78
52 77
52 76
52 75
53 74
53 73
53 72
54 71
54 70
54 69
55 68
55 67
56 66
56 65
56 64
57 63
57 62
57 61
58 60
58 59
58 58
59 57
59 56
60 55
60 54
60 53
61 52
61 51
61 50
62 49
62 48
62 47
63 46
63 45
64 44
64 43
64 42
65 41
65 40
65 40
65 39
65 39
65 38
65 37
65 36
65 36
66 36
66 36
66 35
66 35
67 34
68 33
68 33
69 33
70 32
71 32
71 32
72 32
73 32
74 31
75 31
76 31
76 31
77 31
78 30
79 30
80 30
80 30
81 30
82 30
83 30
84 30
85 30
85 30
86 30
87 30
88 30
89 30
89 30
90 30
91 31
92 31
93 31
93 31
94 31
95 31
96 31
96 31
97 31
98 31
98 31
99 32
99 32
99 33
99 33
100 33
100 33
99 33
99 33
99 33
98 33
97 33
97 33
96 34
95 34
94 35
93 36
92 36
91 37
90 37
89 38
88 39
87 39
86 40
85 41
84 41
83 42
82 42
81 43
80 44
79 44
78 45
77 46
76 46
75 47
74 47
73 48
72 49
71 49
70 50
70 50
71 51
71 51
71 51
71 51
72 52
72 52
73 53
73 53
74 54
74 54
75 55
75 55
76 56
76 56
77 56
78 56
78 56
78 56
79 56
79 56
79 57
79 57
79 57
79 57
79 56
79 56
79 56
78 55
77 55
76 54
75 54
75 54
75 54
75 53
75 53
76 52
76 52
76 51
76 51
77 50
77 50
78 49
78 49
79 48
79 47
79 47
80 46
80 46
81 45
81 45
82 45
82 45
82 45
82 46
82 46
81 47
81 48
81 48
81 49
80 50
80 51
80 52
80 52
80 53
79 54
79 55
79 55
78 56
78 57
77 58
77 58
77 59
76 60
76 61
76 61
76 62
75 63
75 64
75 64
74 65
74 65
74 66
74 66
74 66
74 66
75 65
75 65
76 64
76 63
76 63
77 62
78 61
78 61
79 60
80 59
80 59
81 58
81 57
81 57
82 56
83 55
83 55
84 54
84 54
84 53
84 53
84 53
83 52
83 52
82 52
82 52
81 52
81 52
80 51
80 51
79 50
78 50
78 50
78 49
78 49
77 48
77 48
76 48
76 48
76 48
76 48
76 49
76 49
76 50
76 51
76 51
76 52
77 53
77 54
77 54
77 55
77 56
77 57
77 58
77 58
77 59
77 60
77 61
77 62
77 62
77 63
77 64
77 65
77 66
77 66
77 67
76 68
76 69
76 69
76 70
75 71
75 72
75 72
74 73
74 74
74 74
73 75
73 76
73 76
72 77
72 77
71 78
71 79
71 79
70 80
70 80
70 81
70 81
69 81
69 81
70 81
70 81
70 81
71 81
71 81
72 80
73 80
73 80
74 79
75 79
75 79
76 78
77 77
77 77
78 76
79 75
80 74
80 74
81 73
82 72
82 72
83 71
84 71
84 71
84 70
84 69
84 69
85 68
85 68
85 67
85 67
85 66
85 66
84 65
84 65
83 64
83 63
83 63
83 62
83 62
82 61
82 61
82 61
82 62
82 63
82 63
83 64
83 65
83 65
83 66
84 67
84 68
84 68
85 69
85 70
85 70
86 71
87 71
88 72
88 72
89 72
90 72
90 72
91 73
92 73
