13 8
14 7
14 6
14 6
14 5
14 5
14 5
13 6
13 7
13 7
13 8
13 9
13 10
13 10
13 11
12 12
12 13
12 14
12 14
12 15
12 16
11 17
11 18
11 19
11 19
11 20
11 21
10 22
10 23
10 24
10 24
10 25
10 26
10 27
9 28
9 29
9 30
9 31
9 31
9 32
8 33
8 34
8 35
8 36
7 37
7 38
7 38
7 39
7 40
6 41
6 42
6 43
6 44
6 44
6 45
5 46
5 47
5 48
5 49
4 50
4 51
4 51
4 52
3 53
3 54
3 55
2 56
2 57
2 57
2 58
2 59
1 60
1 61
1 62
1 62
1 63
0 64
0 65
0 65
0 66
0 66
0 65
0 65
0 64
0 63
1 62
1 61
1 60
1 59
1 58
2 57
2 56
2 55
2 54
2 53
3 52
3 51
3 50
3 49
3 48
3 47
4 46
4 45
4 44
4 43
4 42
5 41
5 40
5 39
5 39
6 38
7 37
7 36
8 35
8 35
8 34
8 33
8 33
9 33
9 33
10 33
10 33
11 34
11 34
12 35
12 35
13 36
14 36
14 36
15 37
16 37
16 37
17 38
18 39
18 39
19 40
20 40
20 40
21 41
22 41
22 41
23 42
24 42
24 42
25 42
26 42
26 42
27 43
27 43
28 43
28 43
27 44
26 45
26 46
25 47
24 48
23 49
22 50
22 51
21 52
20 53
19 54
18 55
18 56
17 57
16 58
15 59
14 60
14 61
13 62
12 63
12 63
12 62
12 62
12 61
12 61
11 61
11 61
12 61
12 61
12 60
12 60
13 59
13 59
14 58
14 57
14 57
15 56
15 55
15 55
16 54
16 53
16 53
17 52
18 52
18 52
19 51
19 51
20 50
20 50
20 51
20 51
20 52
20 52
20 53
20 54
20 54
20 55
19 56
19 57
19 57
19 58
18 59
18 60
18 60
18 61
17 62
17 63
17 64
17 64
16 65
16 66
15 67
15 68
15 68
15 69
14 70
14 71
14 72
14 72
14 73
13 74
13 75
13 75
12 76
12 77
12 77
11 78
11 78
11 78
12 78
12 78
12 77
12 77
13 76
13 75
13 75
14 74
15 73
15 73
16 72
16 71
17 70
17 70
18 69
18 68
18 68
19 67
20 66
20 66
21 65
21 65
21 66
21 66
21 67
21 68
21 68
20 69
20 70
20 70
20 71
19 72
19 73
19 74
19 74
19 75
18 76
18 77
17 78
17 79
17 79
17 80
16 81
16 82
15 83
15 84
15 84
15 85
14 86
14 87
13 88
13 89
13 89
13 90
12 91
12 92
12 93
12 93
11 94
11 95
10 96
10 97
10 97
10 98
9 99
9 100
9 100
9 100
9 100
10 99
10 99
10 98
11 97
11 96
11 96
12 95
12 94
13 93
13 92
13 92
13 91
14 90
14 89
15 88
15 87
15 87
16 86
16 85
17 84
17 83
18 82
18 82
19 81
19 80
20 79
20 78
20 78
20 77
21 76
21 75
21 75
22 74
22 73
23 72
23 72
23 71
24 70
24 69
24 69
24 68
24 67
24 67
25 66
25 65
25 65
25 64
25 63
25 63
24 62
24 62
23 61
23 60
23 60
22 59
22 58
22 58
21 57
21 57
20 56
20 56
20 56
19 57
19 57
19 58
19 59
19 60
19 60
19 61
19 62
19 63
19 64
19 64
19 65
19 66
19 67
19 68
19 69
19 70
19 70
19 71
19 72
18 73
18 74
18 75
18 76
18 76
18 77
18 78
18 79
18 80
18 81
18 81
18 82
18 83
18 84
18 85
18 86
18 86
18 87
18 88
18 89
18 90
18 90
18 91
18 92
18 93
18 94
18 94
18 95
19 96
19 97
19 97
19 98
19 99
19 99
20 100
20 100
21 99
22 99
22 99
23 98
23 97
23 97
24 96
24 95
25 94
25 94
25 93
25 92
26 91
26 90
26 89
26 89
26 88
27 87
27 86
27 85
28 84
28 83
28 83
28 82
29 81
29 80
29 79
29 78
30 77
30 76
30 76
30 75
30 74
30 73
30 72
31 71
31 70
31 69
31 68
31 67
31 66
31 65
31 64
31 63
31 62
32 61
32 60
32 59
32 58
32 57
32 56
32 55
32 54
32 53
33 52
33 51
33 50
33 49
33 48
33 47
33 46
33 45
33 44
34 43
34 42
34 41
34 40
34 39
34 38
34 37
34 36
34 35
34 34
35 33
35 32
35 31
35 30
35 29
35 29
34 29
34 29
34 28
34 28
35 27
35 27
35 27
35 27
36 28
36 28
36 29
36 29
36 30
36 31
36 32
36 32
36 33
36 34
35 35
35 36
35 37
35 37
35 38
35 39
35 40
35 41
35 42
35 43
35 44
35 44
35 45
34 46
34 47
34 48
34 49
33 50
33 51
33 51
33 52
33 53
32 54
32 55
32 56
32 57
32 57
32 58
32 59
31 60
31 61
31 62
31 62
31 63
30 64
30 65
30 65
30 66
30 67
30 67
30 67
30 67
31 66
31 65
31 65
32 64
32 63
33 62
33 61
33 61
33 60
34 59
34 58
34 58
35 57
35 56
36 55
36 54
36 54
37 53
37 52
38 51
38 50
38 50
39 49
39 48
40 47
40 47
41 46
41 45
41 45
42 44
42 43
42 43
43 42
43 42
44 42
44 42
44 43
44 43
44 44
43 45
43 46
43 46
43 47
42 48
42 49
42 49
42 50
42 51
41 52
41 53
41 54
41 54
41 55
40 56
40 57
40 58
39 59
39 60
39 60
38 61
38 62
37 63
37 64
37 64
37 65
36 66
36 67
35 68
35 69
35 69
35 70
34 71
34 72
34 73
34 73
34 74
33 75
33 76
33 76
33 77
33 77
33 78
33 78
33 77
33 77
34 76
34 76
35 75
35 74
36 73
36 73
36 72
37 71
37 70
37 69
37 69
38 68
38 67
39 66
39 65
39 65
40 64
40 63
41 62
41 61
41 61
42 60
42 59
43 58
43 57
43 57
44 56
44 55
45 54
45 54
45 53
46 52
46 51
46 51
46 50
46 49
45 48
45 47
45 46
45 45
45 44
45 43
44 42
44 41
44 40
44 39
44 38
44 37
43 36
43 35
43 34
43 33
43 32
43 31
42 30
42 29
42 28
42 27
42 27
41 28
41 28
41 29
41 29
41 30
41 30
41 31
41 32
41 32
41 33
40 34
40 35
40 35
40 36
40 37
40 38
40 39
40 39
40 40
40 41
40 42
40 43
40 44
40 44
40 45
40 46
40 47
40 48
40 49
40 50
40 50
40 51
40 52
40 53
40 54
40 55
40 56
40 57
40 58
40 58
40 59
40 60
39 61
39 62
39 63
39 64
39 64
39 65
39 66
39 67
39 68
39 69
39 70
39 71
39 71
39 72
39 73
38 74
38 75
38 76
38 77
38 77
38 78
38 79
37 80
37 81
37 82
37 82
37 83
37 84
36 85
36 86
36 87
36 87
36 88
36 89
36 89
36 90
36 91
36 91
36 90
36 89
36 88
37 87
37 86
37 85
37 84
37 83
37 82
38 81
38 80
38 79
38 78
38 77
38 76
39 75
39 74
39 73
39 72
39 72
39 71
40 70
40 69
40 68
40 68
41 67
41 67
41 67
42 68
42 68
43 69
43 69
44 70
44 71
44 71
45 72
45 72
46 73
47 74
47 74
48 75
48 76
48 76
49 77
50 78
50 78
51 79
52 79
52 79
53 80
54 80
54 80
55 81
55 81
56 82
57 82
57 82
58 83
59 83
59 83
59 82
59 81
59 80
59 79
59 78
59 77
60 76
60 75
60 74
60 73
60 72
60 71
60 70
60 69
60 68
60 67
60 66
60 65
60 64
60 63
61 62
61 61
61 60
61 59
61 58
61 57
61 56
61 55
61 54
61 53
61 52
61 51
61 50
61 49
62 48
62 47
62 46
62 45
62 44
62 43
62 42
62 41
62 40
62 39
62 38
62 37
62 36
62 35
63 34
63 33
63 32
63 31
63 30
63 29
63 28
63 27
63 26
63 25
63 24
63 23
63 22
63 21
64 20
64 19
64 18
64 17
64 16
64 15
64 14
64 13
64 13
64 14
64 15
64 15
65 14
65 13
65 13
65 12
65 12
66 11
66 10
66 10
67 9
68 8
68 8
69 7
70 6
70 6
71 5
72 4
72 4
73 3
74 3
75 2
75 2
76 1
77 1
77 1
78 0
78 0
79 1
80 1
80 1
80 2
80 2
81 3
81 3
81 4
81 5
81 5
81 6
80 7
80 8
80 8
80 9
79 10
79 11
79 12
79 12
79 13
78 14
78 15
78 15
77 16
77 17
76 18
76 18
76 19
76 20
76 20
75 21
75 21
74 20
74 20
74 20
74 19
74 18
74 18
74 17
74 16
74 15
74 15
74 14
74 13
74 12
74 12
74 11
74 10
74 9
74 9
74 8
74 7
74 7
74 6
74 6
74 7
74 7
74 8
74 8
74 9
74 10
74 10
74 11
74 12
74 12
74 13
74 14
74 15
74 15
74 16
74 17
74 18
74 18
74 19
74 20
74 21
74 21
74 22
73 23
73 24
73 24
73 25
73 26
73 26
73 27
73 28
73 28
73 28
74 27
74 27
75 26
75 26
76 25
76 24
76 24
77 23
77 22
77 22
77 21
78 20
78 19
78 19
79 18
79 18
80 17
80 16
80 16
79 15
78 14
77 13
76 12
75 12
74 11
73 10
72 9
72 9
71 10
71 11
71 11
70 12
70 12
70 13
70 13
70 14
70 15
70 16
70 17
70 17
70 18
69 19
69 20
69 21
69 21
69 22
69 23
68 24
68 25
68 26
68 26
68 27
68 28
67 29
67 30
67 31
67 31
67 32
66 33
66 34
65 35
65 36
65 36
65 37
64 38
64 39
64 40
63 41
63 42
63 42
63 41
62 40
62 39
61 38
61 37
61 37
62 36
62 35
63 34
63 34
63 33
63 33
64 33
64 33
65 33
65 33
66 33
66 33
67 34
67 34
68 35
69 35
69 35
70 35
71 35
71 35
72 36
73 36
73 36
74 37
75 37
75 37
76 38
77 38
78 39
78 39
79 39
80 40
81 40
81 40
82 41
83 42
83 42
84 42
85 43
86 43
86 43
87 43
88 43
89 43
89 43
90 43
91 43
92 43
92 43
93 43
94 42
95 42
95 42
96 41
97 41
97 41
98 40
99 40
100 39
100 39
99 39
98 40
97 40
96 40
95 41
94 41
93 41
92 42
91 42
90 42
89 43
88 43
87 43
86 44
85 44
84 44
83 44
82 45
81 45
80 45
79 46
78 46
77 46
76 47
75 47
74 47
73 48
72 48
72 48
72 47
72 46
72 46
71 46
71 46
71 46
71 47
71 47
71 48
71 49
71 49
71 50
71 51
71 51
71 52
71 53
71 53
71 54
71 55
71 56
71 56
71 57
71 58
71 58
71 59
71 59
71 60
71 60
71 61
71 61
71 61
71 61
71 60
71 60
71 59
71 58
71 58
72 57
72 56
72 56
72 55
72 54
72 54
73 53
73 52
73 52
74 51
74 50
75 49
75 49
76 48
77 47
77 47
78 46
79 45
79 45
80 44
81 44
82 43
82 43
83 42
83 41
83 41
84 40
85 40
85 40
86 40
87 40
87 40
88 40
88 40
88 41
88 42
88 42
87 43
87 44
87 44
87 45
86 46
86 47
86 47
85 48
85 49
84 50
84 51
84 51
84 52
83 53
83 54
82 55
82 56
82 56
81 57
80 58
79 59
79 59
78 60
78 61
77 62
77 62
76 63
76 63
75 64
75 64
74 63
74 63
75 63
75 63
75 62
76 61
76 60
76 60
77 59
77 58
77 58
78 57
78 56
79 55
79 55
80 54
80 53
81 52
81 52
82 51
82 50
82 50
83 49
83 48
83 48
84 47
84 46
84 46
84 45
84 44
84 44
84 43
84 43
84 42
84 41
84 41
83 40
83 39
83 39
83 38
83 37
83 37
82 36
82 36
81 35
81 35
81 35
81 35
80 36
80 37
80 37
80 38
79 39
79 40
79 40
79 41
79 42
79 43
79 44
79 45
79 45
79 46
79 47
78 48
78 49
78 50
78 51
78 51
78 52
78 53
77 54
77 55
77 56
77 57
77 57
77 58
77 59
76 60
76 61
76 62
76 63
76 63
76 64
76 65
76 66
76 67
76 68
76 68
76 69
76 70
76 71
76 72
76 73
76 73
76 74
76 75
76 76
76 77
76 77
76 78
76 79
76 79
77 80
77 81
77 81
78 81
78 81
79 80
79 80
80 79
81 78
81 78
82 77
83 76
83 76
83 75
84 74
84 73
84 73
85 72
86 71
86 71
87 70
87 69
88 68
88 68
89 67
89 66
89 66
90 65
90 64
90 64
91 63
91 62
91 62
91 61
91 61
92 60
92 60
91 59
91 58
91 58
91 57
91 57
91 56
91 55
91 55
91 55
90 55
90 55
90 55
91 56
91 57
91 57
91 58
91 59
91 59
91 60
91 61
91 62
91 62
91 63
92 64
92 65
92 65
92 66
92 67
92 67
92 68
93 69
93 70
93 70
93 71
93 72
93 72
94 73
94 74
94 74
95 75
95 76
95 76
95 77
96 78
96 79
