10 0
10 0
10 0
10 0
10 0
10 1
10 1
10 2
10 2
11 2
11 2
11 3
11 4
11 4
11 5
11 6
11 6
11 7
11 8
11 9
11 9
11 10
11 11
11 12
11 12
11 13
10 14
10 15
10 16
10 16
10 17
10 18
10 19
10 20
10 21
10 21
10 22
10 23
9 24
9 25
9 26
9 26
9 27
9 28
8 29
8 30
8 31
8 32
8 32
8 33
8 34
7 35
7 36
7 37
7 38
7 38
7 39
7 40
7 41
6 42
6 43
6 44
6 45
6 45
6 46
6 47
6 48
5 49
5 50
5 51
5 52
5 52
5 53
5 54
4 55
4 56
4 57
4 58
4 58
4 59
3 60
3 61
3 62
3 62
3 63
2 64
2 65
2 66
2 66
2 67
1 68
1 69
1 70
1 70
0 71
0 72
0 72
0 73
0 73
0 74
0 74
0 73
0 73
0 72
0 71
0 71
0 70
0 69
0 68
0 67
0 67
0 66
0 65
0 64
0 63
0 63
0 62
0 61
0 60
0 59
0 59
0 58
1 57
1 56
1 55
1 55
1 54
2 53
2 52
2 51
2 51
3 50
3 49
4 48
4 47
4 47
4 46
5 45
5 44
5 43
5 43
6 42
6 41
7 40
7 39
7 39
8 38
8 37
9 36
9 35
9 35
10 34
10 33
11 32
11 31
12 30
12 30
13 29
13 28
14 27
14 26
14 26
15 25
15 24
16 23
16 22
16 22
17 21
17 20
17 20
18 19
19 19
19 19
20 18
20 18
20 18
20 19
20 19
20 20
19 21
19 22
19 23
18 24
18 25
17 26
17 27
17 28
16 29
16 30
16 31
15 32
15 33
15 34
14 35
14 36
14 37
13 38
13 39
12 40
12 41
12 42
11 43
11 44
11 45
10 46
10 47
10 47
10 48
9 49
9 50
9 51
8 52
8 53
8 53
8 54
7 55
7 56
7 56
7 57
7 57
6 58
6 58
6 58
6 58
7 58
7 58
7 57
7 57
8 56
8 55
8 55
9 54
10 53
10 53
10 52
11 51
11 50
11 50
12 49
12 49
13 48
13 48
14 47
14 47
15 47
15 47
15 47
15 48
15 48
15 49
15 50
15 50
15 51
14 52
14 53
14 53
14 54
14 55
14 56
14 56
14 57
13 58
13 59
13 59
12 60
12 61
11 62
11 63
11 63
11 64
10 65
10 66
10 67
10 67
10 68
9 69
9 70
8 71
8 72
8 72
8 73
7 74
7 75
7 75
7 76
7 77
7 77
6 78
6 79
6 79
6 79
6 79
6 78
6 78
7 77
7 77
7 76
8 75
8 74
8 74
8 73
9 72
9 71
9 71
9 70
10 69
10 68
10 68
10 67
11 66
11 65
11 65
11 64
12 63
12 62
12 62
13 61
13 60
13 60
14 59
14 59
14 58
14 58
14 58
14 57
14 57
14 57
13 57
13 57
13 57
12 56
12 56
12 56
11 55
11 55
11 55
11 55
11 54
11 54
11 54
11 55
11 55
11 56
11 56
11 57
11 58
11 58
11 59
11 60
11 61
11 62
11 62
11 63
11 64
11 65
11 66
11 66
11 67
11 68
10 69
10 70
10 71
10 72
10 72
10 73
10 74
10 75
10 76
10 77
10 78
10 78
10 79
10 80
9 81
9 82
9 83
9 83
9 84
9 85
9 86
9 87
9 88
9 88
9 89
9 90
9 91
9 92
9 92
9 93
9 94
9 95
9 96
9 96
9 97
9 98
9 98
9 99
9 100
9 100
9 100
10 100
10 100
10 100
10 99
11 98
11 97
11 97
11 96
11 95
11 94
11 93
11 92
11 92
11 91
11 90
12 89
12 88
12 87
12 86
12 86
12 85
12 84
13 83
13 82
13 81
13 80
13 80
13 79
14 78
14 77
14 76
14 75
15 74
15 73
15 73
15 72
15 71
16 70
16 69
16 68
16 67
16 67
16 66
17 65
17 64
17 63
17 62
18 61
18 60
18 60
18 59
19 58
19 57
19 56
20 55
20 54
20 54
20 53
20 52
20 51
21 50
21 49
21 48
21 47
21 46
21 45
22 44
22 43
22 42
22 41
22 40
22 39
23 38
23 37
23 36
23 35
23 35
23 34
23 33
24 32
24 31
24 30
24 29
24 29
24 29
24 28
24 28
24 29
24 29
24 29
24 30
24 30
24 31
24 31
24 32
24 33
24 33
24 34
24 35
24 35
24 36
24 37
24 38
24 38
24 39
25 40
25 41
25 41
25 42
25 43
25 44
25 45
25 45
25 46
25 47
25 48
25 49
25 49
25 50
24 51
24 52
24 53
24 53
24 54
24 55
24 56
24 56
24 57
24 58
24 59
24 59
24 60
24 60
24 61
24 61
24 62
24 62
24 61
24 61
25 60
25 60
26 59
26 58
26 58
26 57
27 56
27 55
27 55
27 54
28 53
28 52
28 52
29 51
29 50
30 49
30 49
30 48
31 47
31 46
31 46
31 45
32 44
32 43
32 43
33 42
34 41
34 41
35 40
35 40
35 39
35 39
35 39
35 39
35 40
35 40
35 41
34 42
34 43
34 44
33 45
33 46
33 47
32 48
32 49
32 50
31 51
31 52
31 53
30 54
30 55
30 56
29 57
29 58
29 58
29 59
28 60
28 61
27 62
27 63
27 64
26 65
26 66
26 66
26 67
25 68
25 69
25 70
25 70
24 71
24 72
24 72
24 73
23 74
23 75
23 75
23 75
23 75
24 74
24 74
25 73
25 72
25 72
26 71
26 70
27 69
27 68
27 68
28 67
28 66
29 65
29 65
30 64
31 63
31 62
32 61
32 61
33 60
33 59
34 58
34 57
34 57
35 56
35 55
36 54
36 54
37 53
37 52
38 51
38 50
38 50
39 49
39 48
40 47
40 47
41 46
42 45
42 45
42 44
43 43
43 42
43 42
43 41
43 40
43 40
43 39
42 38
42 37
41 36
41 35
40 34
40 33
39 32
39 31
38 30
38 29
37 28
37 27
36 26
36 25
36 25
36 25
36 25
36 26
36 26
36 27
36 27
36 28
36 29
36 29
36 30
36 31
36 32
36 32
36 33
35 34
35 35
35 36
35 36
35 37
35 38
35 39
35 40
35 40
35 41
35 42
35 43
35 44
35 45
35 46
35 46
35 47
35 48
34 49
34 50
34 51
34 52
34 52
34 53
34 54
34 55
34 56
34 57
34 58
34 58
34 59
34 60
33 61
33 62
33 63
33 63
33 64
33 65
32 66
32 67
32 68
32 68
32 69
32 70
31 71
31 72
31 73
31 74
31 74
31 75
31 76
30 77
30 78
30 79
30 79
30 80
29 81
29 82
29 83
29 83
29 84
28 85
28 86
28 87
28 87
28 88
27 89
27 90
27 90
26 91
25 92
25 92
25 93
25 93
24 92
24 92
24 91
24 90
24 89
25 88
25 87
25 86
25 85
25 84
25 83
26 82
26 81
26 80
26 79
26 78
26 77
26 76
27 75
27 74
27 73
27 72
27 71
27 70
28 69
28 68
28 67
28 66
28 66
29 65
29 64
30 63
30 62
30 62
31 62
31 62
31 61
31 61
32 62
32 62
32 62
33 63
33 63
34 64
34 64
34 65
34 66
34 66
35 67
35 67
36 68
37 69
37 69
38 70
38 70
39 71
39 71
40 72
41 73
41 73
42 74
42 74
43 75
43 75
44 76
45 76
45 76
46 77
46 77
47 78
47 78
48 79
49 79
49 79
50 80
50 80
51 81
51 81
52 82
52 82
53 82
53 82
54 82
54 82
54 81
54 80
55 79
55 78
55 77
55 76
56 75
56 74
56 73
56 72
56 71
57 70
57 69
57 68
57 67
57 66
58 65
58 64
58 63
58 62
59 61
59 60
59 59
59 58
59 57
60 56
60 55
60 54
60 53
61 52
61 51
61 50
61 49
61 48
62 47
62 46
62 45
62 44
63 43
63 42
63 41
63 40
63 39
64 38
64 37
64 36
64 35
64 34
65 33
65 32
65 31
65 30
66 29
66 28
66 27
66 27
65 28
64 29
64 29
63 30
63 30
63 30
63 29
63 29
63 29
63 28
63 28
64 27
64 27
65 26
66 25
66 25
67 24
67 23
68 22
68 22
69 21
70 20
70 20
71 19
72 18
72 18
73 17
74 17
75 16
75 16
76 15
77 15
77 15
78 15
78 15
79 16
79 16
80 17
80 17
80 18
80 19
80 19
80 20
79 21
79 22
79 22
79 23
78 24
78 25
78 25
78 26
77 27
77 28
77 28
77 29
76 30
76 31
76 31
75 32
74 33
74 33
74 34
74 34
73 34
73 34
73 34
72 33
72 33
72 32
72 31
72 31
72 30
72 29
72 29
72 28
72 27
72 26
72 26
72 25
72 24
72 24
72 24
72 24
72 25
72 26
72 26
72 27
72 28
72 28
72 29
72 30
72 31
72 31
71 32
71 33
71 33
71 34
71 35
71 36
71 36
71 37
70 38
70 39
70 40
70 40
70 41
69 42
69 43
69 43
69 44
69 45
69 46
69 46
68 47
68 47
68 48
68 48
68 48
69 48
69 48
69 47
69 46
69 46
70 45
71 44
71 44
71 43
72 42
72 41
72 41
73 40
73 39
73 39
74 38
74 37
75 36
75 36
76 35
76 34
76 34
77 33
77 33
78 32
78 32
79 31
79 31
79 31
80 30
80 30
79 30
79 30
79 30
78 30
77 30
76 30
75 30
74 29
73 29
72 29
71 29
70 29
70 29
69 29
69 29
68 29
68 29
68 30
68 30
67 31
67 31
67 32
67 33
67 33
67 34
66 35
66 36
66 36
66 37
65 38
65 39
65 39
65 40
64 41
64 42
63 43
63 44
63 44
63 45
63 46
62 47
62 48
62 49
62 49
61 50
61 51
60 52
60 53
60 53
60 54
59 55
59 56
58 57
58 58
58 58
57 59
57 60
56 61
56 62
56 62
55 63
55 64
54 65
54 65
54 66
53 67
53 68
53 68
52 69
51 70
51 70
50 71
50 71
50 71
49 70
49 70
49 69
49 68
49 67
49 67
49 66
50 65
50 64
50 63
50 62
51 61
51 60
51 59
51 58
52 57
52 56
52 56
53 55
54 54
54 54
55 53
55 52
55 52
56 52
56 52
57 51
58 51
58 51
59 50
59 50
60 49
61 49
61 49
62 49
63 48
64 48
64 48
65 47
66 47
66 47
67 47
68 47
69 47
69 47
70 46
71 46
71 46
72 46
73 46
74 46
74 46
75 46
76 45
77 45
77 45
78 45
79 45
80 45
80 45
81 45
82 44
83 44
83 44
84 44
85 43
86 43
87 43
87 43
88 43
89 43
90 43
90 43
91 42
92 42
92 42
93 42
94 42
95 42
95 42
96 41
97 41
97 41
98 40
98 40
99 40
100 40
100 40
100 40
99 40
98 41
97 41
96 42
95 42
94 43
93 43
92 43
91 44
90 44
89 45
88 45
87 46
86 46
85 47
84 47
83 47
82 48
81 48
80 49
79 49
78 50
77 50
76 50
75 51
74 51
73 52
72 52
71 53
70 53
70 53
71 52
71 52
71 52
71 52
71 53
71 53
71 54
71 54
71 55
71 56
71 56
70 57
70 58
70 58
70 59
70 60
70 61
70 62
70 62
70 63
70 64
70 65
70 66
70 66
70 67
69 68
69 69
69 70
69 70
69 71
69 72
69 73
69 73
69 74
69 75
69 76
69 76
69 77
69 78
69 79
69 79
69 80
69 80
69 81
69 81
70 81
70 81
70 80
70 80
70 79
70 79
70 78
70 77
70 77
70 76
70 75
70 75
70 74
70 73
70 73
70 72
70 71
70 71
70 70
70 69
70 69
70 68
70 67
70 67
71 66
71 66
71 65
71 65
71 64
71 64
72 63
72 63
73 62
73 61
73 61
74 60
75 59
75 59
76 58
77 58
77 58
78 57
79 57
79 57
80 56
80 56
81 56
82 56
82 56
83 56
83 56
84 56
84 56
84 56
84 57
84 57
84 58
84 58
83 59
83 60
83 60
82 61
82 62
82 62
81 63
81 64
80 65
80 65
79 66
79 67
78 68
78 68
77 69
77 70
76 71
76 71
75 72
74 73
74 73
73 74
73 74
73 74
73 74
73 74
74 73
74 72
74 72
75 71
75 71
76 70
77 69
77 69
78 68
78 67
78 67
79 66
80 65
80 65
81 64
81 64
81 63
81 63
82 63
82 63
81 62
81 62
81 62
81 61
80 60
80 59
80 58
79 57
79 56
79 56
79 55
79 54
79 54
78 53
78 53
78 53
78 54
78 54
79 54
79 54
79 55
79 56
79 56
79 57
79 58
79 58
79 59
79 60
79 61
79 61
78 62
78 63
78 63
78 64
78 65
78 66
78 67
78 67
78 68
78 69
78 70
78 70
78 71
77 72
77 73
77 73
77 74
76 75
76 76
76 76
76 77
76 78
76 78
75 79
75 80
75 80
75 81
75 81
75 82
75 82
75 82
76 82
76 82
76 82
77 81
77 81
78 80
79 79
79 79
80 78
80 78
81 77
81 77
82 76
82 75
82 75
83 74
83 74
84 73
84 73
84 72
84 72
84 72
84 72
84 72
84 71
84 71
84 71
84 71
84 70
84 70
84 70
84 70
84 70
85 71
85 71
85 72
85 72
86 73
86 73
87 74
87 75
87 75
88 76
88 77
88 77
89 78
89 78
89 79
89 79
90 80
90 80
