29 0
28 1
27 1
27 1
27 0
27 0
26 1
26 1
26 1
26 2
26 2
27 2
27 2
27 3
27 3
27 4
26 5
26 6
26 6
26 7
25 8
25 9
25 9
25 10
24 11
24 12
24 13
23 14
23 15
23 15
23 16
22 17
22 18
22 19
22 20
21 21
21 22
21 23
21 23
21 24
20 25
20 26
19 27
19 28
19 29
18 30
18 31
17 32
17 33
17 33
17 34
16 35
16 36
16 37
15 38
15 39
15 40
15 41
14 42
14 43
14 43
14 44
13 45
13 46
13 47
12 48
12 49
12 50
12 51
11 52
11 53
11 53
10 54
10 55
9 56
9 57
8 58
8 59
7 60
7 61
6 62
6 62
6 63
5 64
5 65
5 66
4 67
4 68
4 68
3 69
3 70
2 71
2 72
2 72
1 71
1 70
0 69
0 68
0 68
0 67
1 66
1 65
1 65
2 64
2 63
2 63
3 62
3 61
4 60
4 60
5 59
5 58
6 57
6 57
7 56
8 55
9 55
10 54
10 54
11 53
12 52
13 52
14 51
14 51
15 50
16 49
16 49
17 49
18 48
19 48
19 48
20 47
21 47
21 47
22 48
22 48
22 49
22 49
21 50
21 51
21 51
20 52
20 53
20 53
19 54
19 55
18 56
18 56
17 57
17 58
16 59
16 59
15 60
15 61
14 62
14 62
13 63
12 63
12 63
11 64
10 65
10 65
10 65
11 66
11 66
12 66
12 66
13 66
14 65
15 65
15 65
16 64
17 63
17 63
18 62
19 62
20 61
20 61
21 60
22 60
22 60
23 59
23 59
24 59
24 59
23 60
23 60
22 61
22 62
21 63
21 64
20 65
20 66
19 67
19 68
18 69
18 70
17 71
17 72
16 73
16 73
15 74
15 75
14 76
14 77
13 78
13 79
12 80
12 81
11 82
11 83
11 83
10 84
10 85
9 86
9 87
9 87
8 88
8 89
8 89
9 89
9 89
9 89
10 88
11 88
12 87
12 87
13 86
14 85
14 84
15 83
15 83
16 82
16 81
17 80
17 79
17 79
18 78
19 77
19 76
20 75
20 75
21 74
21 73
22 72
22 72
22 71
23 70
23 69
23 69
24 68
24 67
24 67
25 66
25 66
25 66
25 66
24 67
24 67
23 68
23 69
23 69
23 70
23 70
22 71
22 72
22 72
21 73
21 74
21 74
21 75
20 76
20 77
20 78
20 78
20 79
20 80
20 81
20 82
20 82
20 83
20 84
19 85
19 86
19 87
19 87
19 88
19 89
19 90
19 91
19 92
19 93
19 93
19 94
19 95
19 96
19 97
19 98
19 98
20 99
20 100
20 100
21 100
21 100
22 99
22 99
23 98
23 97
24 96
24 96
25 95
25 94
26 93
26 92
27 91
27 91
27 90
28 89
28 88
28 87
28 86
29 85
29 84
29 84
29 83
29 82
30 81
30 80
30 79
30 78
30 77
30 76
31 75
31 74
31 73
31 72
31 71
32 70
32 69
32 68
32 67
32 66
33 65
33 64
33 63
33 62
33 61
33 60
34 59
34 58
34 57
34 56
34 55
35 54
35 53
35 52
35 51
35 50
35 49
36 48
36 47
36 46
36 46
37 46
37 46
37 46
37 45
37 45
37 45
37 45
37 45
37 45
37 45
37 45
37 45
37 45
37 46
37 46
36 47
36 48
36 48
36 49
35 50
35 51
35 51
35 52
34 53
34 54
34 54
34 55
33 56
33 57
33 57
33 58
32 59
32 60
32 60
32 61
31 62
31 63
31 63
30 64
30 65
30 65
29 66
29 67
29 67
29 67
30 66
30 66
30 65
30 65
31 64
32 63
32 63
33 62
34 61
34 61
35 60
35 59
36 58
36 58
37 57
38 57
39 56
39 56
40 55
41 54
41 54
42 54
42 54
43 55
43 55
43 56
43 57
43 57
43 58
42 59
42 60
42 61
42 61
41 62
41 63
40 64
40 65
40 65
39 66
38 67
38 68
37 69
37 69
36 70
36 71
35 72
35 73
34 74
34 74
33 75
32 76
31 77
31 77
30 78
30 79
29 80
29 81
29 81
28 82
28 82
28 82
29 81
29 81
30 80
31 79
31 79
32 78
33 77
33 76
34 75
34 75
35 74
36 73
36 72
37 71
37 71
38 70
39 69
39 68
40 67
41 66
41 66
42 65
43 64
43 63
44 62
44 62
45 61
46 60
47 59
47 59
47 58
48 57
48 56
48 56
49 55
49 54
49 54
48 53
48 52
48 52
47 51
47 51
46 50
46 50
45 49
44 49
44 49
43 49
42 49
42 49
41 50
41 51
41 51
40 52
40 53
40 53
40 54
40 55
40 56
40 57
40 57
40 58
39 59
39 60
39 61
39 61
39 62
39 63
38 64
38 65
38 66
38 66
38 67
38 68
37 69
37 70
37 71
37 71
36 72
36 73
35 74
35 75
35 75
35 76
34 77
34 78
33 79
33 80
33 80
32 81
32 82
31 83
31 83
31 84
31 85
31 86
31 86
30 87
30 87
31 86
31 85
32 84
32 83
33 82
33 81
34 80
34 79
35 78
35 77
36 76
36 75
36 75
36 76
36 76
36 76
37 76
37 76
38 77
38 77
39 78
39 79
39 79
40 80
41 80
41 80
42 81
43 81
44 82
44 82
45 83
46 83
47 84
47 84
48 85
49 86
50 86
51 87
51 87
52 87
53 87
54 88
55 88
56 88
56 88
57 88
58 88
59 89
60 89
61 89
61 89
61 88
61 87
61 86
61 85
61 84
61 83
61 82
61 81
61 80
61 79
61 78
62 77
62 76
62 75
62 74
62 73
62 72
62 71
62 70
62 69
62 68
62 67
62 66
62 65
62 64
62 63
62 62
62 61
62 60
62 59
62 58
62 57
62 56
62 55
63 54
63 53
63 52
63 51
63 50
63 49
63 48
63 47
63 46
63 45
63 44
63 43
63 43
62 43
61 43
61 43
60 43
59 43
59 43
58 42
58 42
57 42
57 42
57 42
58 42
58 42
59 41
59 41
60 41
61 40
62 40
62 40
63 39
64 38
64 38
65 37
66 37
67 36
68 36
68 36
69 35
70 35
71 34
72 34
72 34
73 34
74 33
75 33
75 33
76 32
77 32
78 31
78 31
79 30
79 30
80 30
80 30
81 30
81 30
80 31
80 32
80 32
79 33
79 33
79 34
78 35
78 36
78 36
77 37
77 38
76 39
76 39
76 40
75 41
75 42
75 42
75 43
74 44
74 45
74 45
73 46
73 47
73 47
72 48
71 49
71 49
71 50
71 50
70 51
70 51
69 51
69 51
69 51
69 50
69 50
70 49
70 49
71 48
71 48
72 47
73 47
73 47
74 46
75 45
75 45
76 44
76 44
77 43
77 43
77 42
77 42
76 42
76 42
75 42
74 42
74 42
73 42
72 42
72 42
71 42
70 42
70 42
69 42
68 42
68 42
67 41
66 41
66 41
65 42
65 42
65 42
65 43
65 44
65 44
65 45
65 46
65 47
65 47
65 48
65 49
65 50
65 51
65 51
64 52
64 53
63 54
63 55
63 55
62 56
62 57
61 58
61 58
60 59
60 60
59 61
59 61
58 62
57 63
56 64
56 64
55 65
54 65
53 66
53 66
52 67
51 67
51 67
51 66
50 65
50 64
50 63
49 62
49 61
49 61
49 62
49 62
49 62
48 62
48 62
48 62
49 62
49 62
49 62
50 62
50 62
51 61
51 61
52 61
53 61
53 61
54 61
55 61
55 61
56 61
57 61
57 61
58 61
59 61
60 61
60 61
61 61
62 61
63 61
64 61
64 61
65 61
66 60
67 60
68 60
68 60
69 60
70 60
71 60
72 60
73 60
73 60
74 60
75 59
76 59
77 59
78 59
79 58
80 58
80 58
81 58
82 58
83 57
84 57
85 57
86 57
86 57
87 57
88 57
89 56
90 56
91 56
92 56
92 56
93 56
94 55
95 55
96 55
96 55
97 55
98 55
99 55
99 55
99 55
100 55
100 55
99 55
99 55
98 55
97 56
96 56
95 57
94 57
93 58
92 58
91 59
90 59
89 59
88 60
87 60
86 61
85 61
84 62
83 62
82 62
81 63
80 63
79 64
78 64
77 65
76 65
75 66
74 66
73 66
72 67
71 67
70 68
69 68
68 69
67 69
67 69
67 70
67 71
67 71
67 71
67 72
67 73
67 73
67 74
67 75
67 76
67 76
67 77
67 78
67 78
68 79
68 79
68 80
68 81
68 81
69 81
69 81
69 81
69 80
69 80
68 79
68 79
68 78
68 78
68 78
68 77
68 77
68 76
68 75
68 75
69 74
69 74
70 73
71 72
71 72
72 71
73 71
73 71
74 70
74 70
75 70
76 70
77 70
77 70
78 70
78 70
79 71
80 72
80 72
80 73
80 73
79 74
79 75
78 76
78 76
77 77
77 78
76 79
76 79
75 80
74 80
73 81
73 81
72 82
71 83
71 83
70 83
70 83
70 83
70 82
70 82
71 81
72 80
72 80
73 79
73 78
73 78
74 77
75 76
76 75
76 75
77 74
78 73
78 73
78 72
79 71
79 70
79 70
80 69
80 68
80 68
80 67
80 66
80 66
79 65
79 64
79 64
78 63
78 63
77 63
76 63
76 63
75 63
75 63
74 63
73 63
73 63
73 64
73 64
72 65
72 65
72 66
72 66
72 67
72 68
72 68
73 69
73 70
73 70
73 71
73 72
73 72
73 73
73 74
73 75
73 75
73 76
73 77
73 78
73 78
73 79
73 80
73 81
73 82
73 82
73 83
73 84
73 85
73 85
73 86
72 87
72 88
72 88
72 89
72 90
72 90
71 91
71 92
71 92
71 93
71 93
70 94
70 94
69 95
69 95
69 95
70 95
70 95
71 95
71 95
72 94
72 93
73 92
73 92
74 91
75 90
76 89
76 89
77 88
78 87
78 86
79 85
79 85
80 84
80 83
81 82
81 82
81 81
81 80
82 79
82 78
82 77
82 77
82 77
82 77
82 76
82 76
83 75
83 75
83 75
83 75
83 75
83 75
84 75
84 75
84 75
84 76
84 76
85 77
85 78
85 78
85 79
85 79
86 80
86 81
86 81
87 82
87 82
87 83
87 83
88 84
88 84
88 85
