15 6
16 5
16 4
16 4
16 3
16 3
16 2
16 2
16 1
16 1
16 1
17 0
17 0
17 0
17 1
17 1
17 2
17 2
16 3
16 4
16 4
16 5
15 6
15 7
15 8
15 8
15 9
15 10
14 11
14 12
14 13
14 14
14 14
14 15
14 16
14 17
13 18
13 19
13 20
13 21
13 22
13 22
13 23
13 24
12 25
12 26
12 27
12 28
12 29
11 30
11 31
11 32
11 32
11 33
10 34
10 35
10 36
9 37
9 38
9 39
8 40
8 41
8 41
8 42
8 43
7 44
7 45
7 46
7 47
6 48
6 49
6 50
6 50
6 51
5 52
5 53
4 54
4 55
4 56
3 57
3 58
3 58
3 59
2 60
2 61
2 62
1 63
1 64
1 64
1 65
0 66
0 67
0 67
0 68
0 69
0 70
0 70
0 71
0 71
0 71
0 71
0 70
0 70
0 69
0 68
0 68
1 67
1 66
1 66
1 65
2 64
2 63
2 62
2 62
3 61
3 60
4 59
4 58
4 58
5 57
5 56
6 55
6 54
7 53
7 52
7 52
8 51
9 50
9 49
10 48
10 48
11 47
12 46
12 45
13 44
13 44
14 43
15 42
16 42
17 41
17 41
18 40
19 40
19 40
20 41
20 41
20 42
20 42
20 43
20 44
20 45
20 45
20 46
19 47
19 48
19 48
18 49
18 50
17 51
17 51
16 52
16 53
15 54
15 55
15 55
14 56
14 57
14 57
13 58
12 59
12 59
11 60
11 60
11 60
12 60
12 60
13 59
13 59
14 58
15 57
15 57
16 56
16 55
17 54
17 54
18 53
19 52
19 52
20 52
20 52
21 52
21 52
21 53
21 54
21 54
21 55
20 56
20 57
20 57
20 58
20 59
19 60
19 61
19 62
19 62
18 63
18 64
17 65
17 66
17 66
16 67
15 68
15 69
14 70
14 70
14 71
13 72
13 73
12 74
12 75
12 75
11 76
11 77
10 78
10 79
10 79
9 80
9 81
8 82
8 83
8 83
7 84
7 85
7 85
7 86
7 86
8 85
8 85
9 84
10 83
10 83
11 82
11 81
12 80
12 79
13 78
13 78
14 77
14 76
15 75
15 74
16 73
16 72
16 72
17 71
17 70
18 69
19 68
19 67
20 66
20 66
21 65
21 64
22 63
22 62
22 62
22 61
23 60
23 59
23 59
24 58
24 58
24 57
24 57
23 58
23 58
22 59
22 60
22 60
22 61
21 62
21 63
21 63
21 64
21 65
20 66
20 67
20 68
20 68
20 69
20 70
19 71
19 72
19 73
19 74
19 74
19 75
19 76
18 77
18 78
18 79
18 80
18 80
18 81
18 82
18 83
18 84
18 85
18 86
18 86
18 87
18 88
18 89
18 90
18 91
18 92
18 92
18 93
18 94
18 95
18 96
18 97
18 97
18 98
18 98
19 98
19 98
20 97
20 96
20 96
21 95
21 94
22 93
22 92
23 91
23 91
23 90
24 89
24 88
24 87
25 86
25 85
25 85
25 84
26 83
26 82
27 81
27 80
28 79
28 78
28 78
28 77
29 76
29 75
29 74
29 73
30 72
30 71
30 71
30 70
30 69
31 68
31 67
31 66
31 65
32 64
32 63
32 62
32 61
32 60
33 59
33 58
33 57
33 57
33 56
33 55
33 54
33 53
33 52
33 51
34 50
34 49
34 48
34 47
34 46
34 45
34 44
34 43
34 43
34 42
34 41
34 40
34 39
34 38
34 37
34 37
34 36
34 35
34 34
34 34
34 33
34 32
34 32
35 31
35 31
35 31
34 31
34 31
34 32
34 32
34 33
34 34
34 34
34 35
34 36
34 36
34 37
33 38
33 39
33 40
33 40
33 41
33 42
32 43
32 44
32 45
32 45
32 46
32 47
31 48
31 49
31 50
31 50
31 51
31 52
30 53
30 54
30 55
30 55
29 56
29 57
29 57
29 58
29 58
29 58
30 57
30 57
31 56
32 55
32 55
33 54
33 53
34 52
34 52
35 51
36 50
37 49
37 49
38 48
39 47
39 47
40 47
41 47
41 47
41 48
41 49
41 49
41 50
41 51
41 51
41 52
41 53
40 54
40 55
40 56
40 57
40 57
40 58
39 59
39 60
38 61
38 62
38 62
37 63
37 64
36 65
36 66
36 66
35 67
34 68
34 69
33 70
33 70
32 71
32 72
32 72
32 73
32 73
33 72
33 72
34 71
34 70
34 70
35 69
36 68
36 67
37 66
37 66
38 65
39 64
40 63
41 62
41 62
42 61
42 60
43 59
43 58
44 57
44 57
45 56
45 55
46 54
46 53
46 53
47 52
47 51
48 50
48 50
49 49
49 48
49 48
49 47
49 47
48 46
48 45
48 45
47 44
46 44
46 44
45 43
44 43
44 43
43 42
42 42
41 41
41 41
40 40
40 39
40 39
39 39
39 39
39 39
39 40
39 40
39 41
39 42
39 43
39 44
39 44
39 45
39 46
40 47
40 48
40 49
40 49
40 50
40 51
40 52
40 53
40 54
40 54
40 55
40 56
40 57
39 58
39 59
39 60
39 61
39 61
39 62
39 63
38 64
38 65
38 66
38 67
38 67
38 68
38 69
37 70
37 71
37 72
37 73
37 73
37 74
36 75
36 76
35 77
35 78
35 78
34 79
34 80
34 80
34 81
34 81
34 82
34 82
34 81
34 80
34 79
34 78
34 77
34 76
34 75
34 74
34 73
34 72
34 72
35 71
36 70
36 70
36 70
36 70
37 70
37 70
37 71
37 71
38 72
38 72
39 73
39 74
39 74
40 75
40 76
41 77
41 77
42 78
43 79
44 80
44 80
45 81
46 81
47 82
47 82
48 82
49 82
50 83
51 83
52 83
52 83
52 82
53 81
53 80
53 79
53 78
54 77
54 76
54 75
54 74
55 73
55 72
55 71
55 70
56 69
56 68
56 67
56 66
57 65
57 64
57 63
58 62
58 61
58 60
58 59
59 58
59 57
59 56
59 55
60 54
60 53
60 52
60 51
61 50
61 49
61 48
62 47
62 46
62 45
62 44
63 43
63 42
63 41
63 40
64 39
64 38
64 37
64 36
65 35
65 34
65 33
65 32
66 31
66 30
66 30
65 31
64 31
64 31
64 30
64 30
64 30
65 29
65 29
66 28
67 28
67 28
68 27
68 26
69 25
69 25
70 24
71 23
72 22
72 22
73 21
74 21
75 20
75 20
76 19
77 19
78 18
78 18
79 17
80 17
80 17
81 17
81 17
82 18
82 18
83 19
83 19
83 20
83 21
83 22
83 22
83 23
82 24
82 25
82 25
82 26
81 27
81 28
81 29
81 29
80 30
80 31
80 31
80 32
80 33
80 33
80 34
79 35
79 36
79 36
79 37
78 38
78 39
78 39
77 40
77 41
77 41
76 42
76 43
76 43
75 43
75 43
75 43
75 42
75 41
75 40
75 40
76 39
76 39
76 38
76 38
77 37
77 37
77 38
77 38
77 38
77 39
77 40
77 40
77 41
77 41
77 42
77 42
77 42
77 42
78 41
78 41
78 40
79 39
79 38
79 38
80 37
80 36
81 35
81 35
82 34
82 33
82 33
82 32
82 31
82 30
82 30
83 29
83 29
82 28
82 28
81 28
80 28
80 28
79 29
78 30
78 30
77 31
76 32
76 32
75 33
74 34
74 34
74 35
73 36
73 37
73 37
72 38
72 39
71 40
71 40
70 41
70 42
70 42
69 43
69 43
69 44
69 44
68 45
68 46
68 46
68 47
68 48
68 49
68 49
68 50
67 51
67 52
67 52
66 53
66 54
65 55
65 55
64 56
64 57
63 58
63 59
63 59
62 60
62 61
61 62
61 62
60 63
60 63
60 63
60 62
60 61
60 60
60 59
60 58
60 58
61 57
61 56
61 56
61 56
61 56
61 56
61 56
61 56
61 56
61 56
62 56
62 56
63 55
63 55
64 55
64 55
65 55
65 55
66 55
67 55
67 55
68 55
69 55
70 55
70 55
71 55
72 55
73 55
73 55
74 55
75 55
76 54
77 54
78 54
78 54
79 54
80 53
81 53
82 53
82 53
83 53
84 52
85 52
86 51
87 51
87 51
88 51
89 50
90 50
91 50
91 50
92 50
93 49
94 49
95 49
95 49
96 49
97 48
98 48
98 48
99 47
100 47
100 47
99 48
98 49
97 50
96 50
95 51
94 52
93 53
92 54
91 55
90 55
89 56
88 57
87 58
86 59
85 60
84 60
83 61
82 62
81 63
80 64
79 65
78 65
77 66
76 67
75 68
75 68
75 69
74 70
74 71
73 72
73 73
73 73
72 73
72 73
72 74
73 75
73 76
73 76
73 77
73 78
73 79
73 79
73 80
74 81
74 82
74 82
74 83
74 84
74 84
75 85
75 85
75 85
75 85
75 84
75 83
75 83
75 82
74 81
74 80
74 80
73 79
73 79
73 78
73 77
73 77
73 76
73 76
73 75
73 75
74 74
74 74
75 73
76 72
76 72
77 71
77 70
78 69
78 69
79 68
80 67
80 67
81 66
82 65
82 65
83 65
84 65
84 65
85 66
86 66
86 66
86 67
86 68
86 68
86 69
86 70
86 70
86 71
85 72
85 73
85 74
85 74
84 75
84 76
83 77
83 78
83 78
82 79
82 80
81 81
81 81
80 82
80 83
79 84
79 84
78 85
78 86
78 86
77 86
77 86
77 86
78 85
78 84
78 84
78 83
79 82
79 81
79 81
79 80
80 79
80 78
80 78
81 77
81 76
81 76
81 75
82 74
82 73
82 73
82 72
82 71
82 70
82 70
82 69
82 68
82 68
81 67
81 66
81 66
80 65
80 64
80 64
79 64
79 64
78 64
78 64
77 64
77 64
77 65
77 65
77 66
77 66
77 67
77 68
77 68
77 69
77 70
77 71
77 71
77 72
77 73
77 74
77 74
77 75
78 76
78 77
78 77
78 78
78 79
78 80
78 80
78 81
78 82
78 83
78 84
78 84
78 85
78 86
78 87
78 87
78 88
78 89
78 90
78 90
78 91
77 92
77 93
77 93
77 94
77 95
77 95
77 96
77 97
77 97
76 98
76 99
76 99
76 100
76 100
76 100
76 100
77 99
77 99
77 98
78 97
78 96
78 95
78 95
79 94
80 93
80 92
81 91
81 91
82 90
82 89
83 88
83 87
83 87
84 86
85 85
85 84
86 83
86 83
87 82
87 81
88 80
88 80
89 79
90 79
90 79
91 78
91 78
91 77
91 76
90 75
90 74
90 73
90 73
91 73
91 73
91 73
91 73
91 73
91 73
91 73
91 73
91 73
91 74
91 74
92 75
92 75
93 76
93 77
93 77
94 78
94 79
94 79
94 80
95 81
95 82
95 82
95 83
96 84
96 85
96 85
97 86
97 87
97 87
98 87
98 87
99 88
