17 2
17 1
17 1
17 0
17 0
17 0
17 0
17 1
17 1
17 2
16 3
16 4
16 4
16 5
16 6
16 7
16 8
16 8
16 9
16 10
15 11
15 12
15 13
15 14
15 14
15 15
15 16
15 17
14 18
14 19
14 20
14 21
14 22
14 22
14 23
14 24
14 25
14 26
13 27
13 28
13 29
13 30
13 31
13 32
13 32
13 33
13 34
12 35
12 36
12 37
12 38
12 39
11 40
11 41
11 42
11 42
11 43
10 44
10 45
10 46
9 47
9 48
9 49
9 50
8 51
8 52
8 52
8 53
7 54
7 55
6 56
6 57
6 58
5 59
5 60
5 60
5 61
4 62
4 63
4 64
4 65
3 66
3 67
3 67
2 68
2 69
1 70
1 70
1 71
0 72
0 73
0 73
0 74
0 74
0 75
0 75
0 74
1 73
1 72
1 72
1 71
1 70
2 69
2 68
2 67
2 67
2 66
2 65
2 65
2 64
3 63
3 62
3 62
3 61
4 60
4 59
4 59
5 58
5 57
6 56
6 55
6 55
7 54
8 53
8 52
9 51
9 51
10 50
10 49
11 48
11 47
12 46
12 46
13 45
14 44
14 43
15 42
15 42
16 41
17 40
18 39
19 38
19 38
20 37
21 37
22 36
23 36
23 36
23 37
23 38
22 39
22 40
22 41
22 41
22 42
21 43
21 44
21 45
21 45
21 46
20 47
20 48
19 49
19 50
19 50
19 51
18 52
18 53
17 54
17 55
17 55
16 56
16 57
15 58
15 59
14 60
14 61
14 61
13 62
13 63
12 64
12 65
12 65
11 66
11 67
11 67
11 67
12 66
12 66
13 65
13 65
14 64
15 63
15 62
16 61
16 61
17 60
17 59
18 58
18 58
19 57
19 56
20 55
20 54
20 54
21 53
21 53
22 53
22 53
22 54
22 54
22 55
21 56
21 57
21 57
21 58
21 59
20 60
20 61
20 62
20 62
20 63
19 64
19 65
18 66
18 67
18 67
18 68
17 69
17 70
16 71
16 72
16 72
15 73
15 74
14 75
14 75
14 76
14 77
14 77
14 77
15 76
15 76
16 75
16 74
17 73
17 73
18 72
18 71
19 70
19 69
19 69
19 68
20 67
20 66
20 65
20 65
20 64
21 63
21 62
21 62
21 61
22 60
22 59
22 59
22 58
22 57
22 57
22 57
21 58
21 59
21 59
21 60
21 61
21 62
21 62
21 63
20 64
20 65
20 65
20 66
20 67
19 68
19 69
19 70
19 70
19 71
19 72
19 73
19 74
19 75
19 76
19 76
19 77
19 78
18 79
18 80
18 81
18 82
18 82
18 83
18 84
18 85
18 86
18 87
18 88
18 89
18 89
18 90
18 91
18 92
18 93
18 94
18 95
18 95
18 96
17 97
17 98
17 98
17 99
17 100
17 100
18 100
18 100
19 99
19 98
19 98
20 97
20 96
21 95
21 94
21 94
21 93
22 92
22 91
23 90
23 89
24 88
24 87
24 87
24 86
25 85
25 84
26 83
26 82
26 81
27 80
27 79
27 79
27 78
27 77
27 76
28 75
28 74
28 73
28 72
28 71
28 70
28 69
29 68
29 67
29 66
29 65
29 64
29 63
29 62
30 61
30 60
30 59
30 58
30 57
30 56
30 55
31 54
31 53
31 52
31 51
31 50
31 49
31 48
32 47
32 46
32 45
32 44
32 43
32 42
32 41
33 40
33 39
33 38
33 37
33 37
33 36
33 35
33 34
33 34
32 33
32 32
32 32
32 32
32 32
32 32
32 33
32 34
32 34
32 35
32 36
32 36
32 37
32 38
32 39
32 40
32 40
32 41
32 42
32 43
32 44
32 44
32 45
32 46
32 47
32 48
32 49
32 50
32 50
32 51
32 52
31 53
31 54
31 55
31 55
31 56
30 57
30 58
30 59
30 59
30 60
29 61
29 62
29 63
29 63
28 64
27 65
27 65
26 66
26 66
26 66
26 66
27 65
27 65
28 64
28 63
29 62
29 62
30 61
30 60
31 59
31 59
32 58
33 57
33 57
34 56
35 56
36 55
36 55
37 54
37 54
38 55
38 55
38 56
38 57
38 57
38 58
37 59
37 60
37 61
37 61
36 62
35 63
35 64
34 65
34 65
33 66
33 67
32 68
32 69
32 69
31 70
30 71
30 72
29 73
29 73
28 74
28 75
27 76
27 77
27 77
27 78
27 79
27 79
27 79
28 78
28 78
29 77
30 76
31 75
31 75
32 74
33 73
34 72
35 71
35 71
36 70
36 69
37 68
38 67
38 66
39 65
39 65
40 64
40 63
41 62
41 61
42 60
42 60
43 59
43 58
44 57
44 57
45 56
45 55
46 54
46 54
45 53
44 53
43 52
42 51
41 51
40 50
40 50
39 49
38 49
37 48
36 48
36 48
35 49
34 49
34 49
34 49
34 50
34 50
35 51
35 52
35 52
35 53
36 54
36 55
36 55
36 56
37 57
37 58
37 58
37 59
37 60
37 61
37 62
37 62
37 63
37 64
37 65
37 66
37 66
37 67
37 68
37 69
37 70
37 71
37 71
37 72
37 73
36 74
36 75
36 76
36 76
36 77
35 78
35 79
34 80
34 81
34 81
34 82
33 83
33 84
33 85
33 85
32 86
32 87
32 87
32 86
32 85
32 84
31 83
31 82
31 81
31 80
31 79
31 79
32 79
32 79
33 79
33 79
33 80
33 80
34 80
34 80
35 81
36 81
36 81
37 82
38 82
38 82
39 83
40 84
40 84
41 85
42 85
43 86
44 86
44 86
45 87
46 87
47 88
48 88
48 88
49 88
50 89
51 89
52 90
53 90
53 90
53 89
53 88
53 87
53 86
53 85
53 84
53 83
54 82
54 81
54 80
54 79
54 78
54 77
54 76
54 75
54 74
54 73
54 72
54 71
54 70
54 69
55 68
55 67
55 66
55 65
55 64
55 63
55 62
55 61
55 60
55 59
55 58
55 57
55 56
55 55
55 54
56 53
56 52
56 51
56 50
56 49
56 48
56 47
56 46
56 45
56 44
56 43
56 42
56 41
56 40
57 39
57 38
57 37
57 36
57 35
57 34
57 33
57 32
57 32
56 33
56 34
56 34
56 33
56 33
57 32
57 31
57 31
58 30
59 29
59 29
60 28
61 27
62 26
63 25
63 25
64 24
65 23
66 23
67 22
67 22
68 21
69 20
70 19
70 19
71 18
72 17
73 16
73 16
74 16
75 15
76 15
76 15
77 15
77 15
78 16
78 16
79 17
79 17
79 18
79 19
79 19
79 20
78 21
78 22
78 22
78 23
78 24
78 24
78 25
77 26
77 27
77 27
76 28
76 29
76 29
76 30
75 31
75 32
75 33
75 33
75 34
74 35
74 36
74 36
74 37
73 38
73 39
73 39
72 40
72 41
71 42
71 42
70 41
70 40
70 40
70 39
70 38
70 37
70 37
70 37
69 38
69 39
69 39
69 40
69 41
69 41
68 42
68 43
68 43
68 44
68 45
68 46
68 46
68 47
68 47
68 47
69 47
69 47
69 46
69 46
70 45
70 44
71 43
71 43
72 42
73 41
73 41
74 40
74 39
75 38
75 38
76 37
76 36
76 36
77 35
77 34
77 34
76 33
75 32
75 32
74 32
73 33
72 33
71 33
71 33
70 34
69 34
68 35
68 35
67 36
66 36
65 37
65 37
65 38
64 39
64 40
64 40
63 41
63 42
63 42
62 43
62 44
62 44
62 45
62 46
62 46
62 47
61 48
61 49
61 49
61 50
61 51
61 52
61 52
60 53
60 54
60 54
59 55
59 56
58 57
58 57
57 58
57 59
56 60
56 61
56 61
55 62
55 63
54 64
54 64
53 65
52 65
52 65
52 64
52 63
51 62
51 61
51 60
51 59
51 59
51 59
51 59
51 59
51 59
52 59
52 59
52 59
53 59
53 59
54 59
54 59
55 59
55 59
56 59
57 59
57 59
58 60
59 60
59 60
60 60
61 60
61 60
62 60
63 59
64 59
65 59
65 59
66 59
67 59
68 59
69 59
69 59
70 59
71 58
72 58
73 57
74 57
74 57
75 57
76 56
77 56
78 55
79 55
79 55
80 55
81 54
82 54
83 54
84 53
85 53
85 53
86 52
87 52
88 51
89 51
90 50
90 50
91 49
92 49
93 48
94 48
94 48
95 48
96 47
97 47
97 47
98 46
99 46
99 46
100 47
100 47
99 48
98 48
97 49
96 49
95 50
94 50
93 51
92 51
91 52
90 52
89 53
88 53
87 54
86 54
85 55
84 56
83 56
82 57
81 57
80 58
79 58
78 59
77 59
76 60
75 60
74 61
73 61
72 62
71 62
70 63
70 63
70 64
69 65
69 66
69 67
68 68
68 69
68 69
67 70
67 71
67 71
67 72
67 73
67 73
67 74
67 75
67 76
67 76
67 77
68 78
68 79
68 79
68 80
68 81
68 82
68 82
69 83
69 83
69 84
69 84
69 84
69 84
69 84
69 83
69 83
68 82
68 82
68 81
68 80
68 80
69 79
69 78
69 78
69 77
69 76
69 76
70 75
71 74
71 74
71 73
72 72
72 71
72 71
73 70
74 70
75 69
75 69
76 68
77 68
77 68
78 68
78 68
79 68
79 68
80 69
80 70
80 70
80 71
80 72
80 72
80 73
79 74
79 75
79 75
78 76
78 77
77 78
77 79
77 79
76 80
76 81
76 81
75 82
75 83
74 84
74 84
73 85
73 85
73 85
73 85
73 84
73 83
73 83
74 82
74 81
75 80
75 80
75 79
76 78
76 77
76 77
76 76
77 75
77 74
77 74
78 73
78 72
78 72
79 71
79 70
79 70
78 69
78 68
78 68
77 67
77 66
77 66
76 65
76 64
76 64
75 63
75 62
75 62
74 62
73 62
73 62
73 61
73 61
73 62
73 62
73 62
73 63
73 64
73 64
73 65
73 66
73 66
73 67
73 68
73 69
73 69
73 70
74 71
74 72
74 72
74 73
74 74
74 75
74 76
74 76
74 77
74 78
74 79
74 79
74 80
74 81
74 81
74 82
74 83
74 84
74 84
75 85
75 86
75 86
75 87
75 88
75 88
75 89
75 90
75 90
74 91
74 92
74 92
73 93
73 94
73 94
73 95
72 96
72 97
72 97
71 98
71 98
70 99
70 99
70 100
70 100
70 100
70 99
70 98
70 98
71 97
72 96
72 96
73 95
74 94
75 93
75 93
76 92
76 91
77 90
77 90
78 89
79 88
80 87
80 87
81 86
82 85
83 84
83 84
84 83
84 82
84 82
85 81
86 81
86 81
86 80
86 79
86 78
85 77
85 76
85 75
85 74
85 73
85 73
86 74
86 74
86 74
86 73
86 73
87 74
87 74
88 75
88 75
89 76
89 77
89 77
89 78
89 79
89 79
89 80
90 81
90 82
90 83
90 83
91 84
91 85
91 85
92 86
92 87
